1403637139.088319 1.9263698 0.3631775 -0.9296786 -0.8198420 0.0056602 0.0096257 0.5724810
1403637139.138319 1.9233645 0.3628961 -0.9671679 -0.8222401 0.0051649 0.0145270 0.5689319
1403637139.388319 1.9123763 0.3651710 -1.0822481 -0.8277498 -0.0054669 0.0233761 0.5605835
1403637142.138319 1.9161443 0.3655185 -1.1241540 -0.7962497 0.0053261 0.0348139 0.6039422
1403637143.638319 1.9161850 0.3654857 -1.1241856 -0.7961891 0.0055451 0.0351235 0.6040022
1403637146.238319 1.9164908 0.3654753 -1.1242136 -0.7962474 0.0053417 0.0346339 0.6039553
1403637147.738319 1.9163877 0.3654276 -1.1240141 -0.7963153 0.0056756 0.0354264 0.6038169
1403637149.738319 1.9183726 0.3590562 -1.1252722 -0.8045405 -0.0182272 0.0445052 0.5919474
1403637149.838319 1.9202682 0.3577712 -1.1252812 -0.8098419 -0.0213047 0.0470879 0.5843672
1403637149.888319 1.9230030 0.3573921 -1.1253221 -0.8148354 -0.0213879 0.0478913 0.5773147
1403637149.938319 1.9273219 0.3570873 -1.1253920 -0.8199011 -0.0236815 0.0449932 0.5702429
1403637149.988319 1.9326246 0.3568859 -1.1240574 -0.8259412 -0.0272779 0.0404302 0.5616428
1403637150.038319 1.9394718 0.3569980 -1.1209451 -0.8312337 -0.0319070 0.0332061 0.5540125
1403637150.088319 1.9474608 0.3581885 -1.1157980 -0.8358602 -0.0347460 0.0265689 0.5471969
1403637150.138319 1.9559455 0.3614488 -1.1084815 -0.8387374 -0.0370249 0.0205533 0.5428870
1403637150.188319 1.9645915 0.3670704 -1.0988359 -0.8394041 -0.0373456 0.0158148 0.5419926
1403637150.238319 1.9730891 0.3747810 -1.0875355 -0.8388715 -0.0367761 0.0122589 0.5429472
1403637150.288319 1.9810108 0.3848604 -1.0741297 -0.8366942 -0.0351048 0.0103167 0.5464467
1403637150.338319 1.9885985 0.3966655 -1.0598824 -0.8344263 -0.0331993 0.0085956 0.5500515
1403637150.388319 1.9955989 0.4104079 -1.0443497 -0.8298234 -0.0297866 0.0095161 0.5571494
1403637152.288319 2.2193143 0.8792893 -0.6246369 -0.8202122 -0.0239422 0.0130737 0.5714085
1403637154.238319 2.5403769 1.3263032 -0.5261701 -0.8252088 -0.0143471 0.0267704 0.5640107
1403637154.538319 2.6035361 1.4137069 -0.5760792 -0.8209235 -0.0157771 0.0206592 0.5704463
1403637154.588319 2.6177855 1.4308887 -0.5848362 -0.8202868 -0.0176666 0.0161066 0.5714526
1403637154.688319 2.6470692 1.4659412 -0.6017056 -0.8230696 -0.0225044 0.0045527 0.5674763
1403637157.238319 3.7109475 2.3915489 -0.9266300 -0.7574355 0.3305867 -0.2140783 0.5207441
1403637159.438319 5.9934101 1.8255111 -0.9804645 -0.7058749 0.4189565 -0.2621667 0.5074295
1403637161.038319 7.8726110 0.8042942 -1.2452230 -0.5936354 0.5800592 -0.3919815 0.3968362
1403637163.138319 9.5501528 -1.1127200 -1.0285215 0.4581093 -0.6378807 0.4925572 -0.3750088
1403637163.288319 9.5281239 -1.2991812 -1.0569420 0.4241050 -0.6604725 0.5161463 -0.3427888
1403637163.388319 9.4996119 -1.4165885 -1.0789690 0.3991062 -0.6766495 0.5253112 -0.3269677
1403637163.438319 9.4808245 -1.4728777 -1.0911551 0.3868107 -0.6855197 0.5271916 -0.3201709
1403637163.738319 9.3169355 -1.7902981 -1.1505947 0.3433355 -0.7369155 0.5032167 -0.2930005
1403637163.788319 9.2836800 -1.8448044 -1.1525860 0.3401506 -0.7414301 0.5000125 -0.2908035
1403637163.838319 9.2486658 -1.9002466 -1.1514254 0.3366950 -0.7455052 0.4961601 -0.2910047
1403637164.838319 8.2401266 -3.3292942 -0.9691229 0.3599314 -0.7275781 0.5093420 -0.2857450
1403637167.288319 6.2793555 -5.5837469 -1.2038660 0.3928312 -0.6870065 0.5949392 -0.1405451
1403637169.488319 7.7414532 -2.8458185 -1.7044058 0.4386812 -0.6796802 0.5210178 -0.2722758
1403637171.338319 8.2443218 0.6773915 -2.0695100 -0.7106607 0.3275604 -0.2708005 0.5606539
1403637171.588319 8.0654354 1.0313106 -2.0429702 -0.7209558 0.3021581 -0.2776166 0.5584373
1403637171.688319 7.9766788 1.1597590 -2.0315204 -0.7222326 0.2985227 -0.2827820 0.5561463
1403637172.138319 7.4301019 1.6709614 -2.0517254 -0.7120872 0.3064807 -0.3013124 0.5551687
1403637172.238319 7.2762551 1.7729545 -2.0619068 -0.7133045 0.3212700 -0.2857352 0.5534779
1403637172.288319 7.1955938 1.8217185 -2.0647178 -0.7148901 0.3306290 -0.2748157 0.5514462
1403637172.338319 7.1137700 1.8686895 -2.0652013 -0.7158449 0.3390078 -0.2655964 0.5496348
1403637172.988319 6.0917692 2.2233386 -1.9453416 -0.7279045 0.4136263 -0.2191740 0.5010301
1403637173.138319 5.9055657 2.2546730 -1.9482632 -0.7302289 0.4367794 -0.2171160 0.4783829
1403637173.238319 5.8039641 2.2723804 -1.9640727 -0.7213046 0.4548287 -0.2241611 0.4718077
1403637173.388319 5.6913900 2.2924128 -1.9898295 -0.6963673 0.4794820 -0.2491597 0.4723232
1403637173.588319 5.5967398 2.2968004 -2.0289574 -0.6627333 0.5145585 -0.2766351 0.4684945
1403637173.738319 5.5558062 2.2787149 -2.0720396 -0.6383686 0.5480770 -0.2793280 0.4626803
1403637173.838319 5.5440407 2.2524934 -2.1090045 -0.6275961 0.5705820 -0.2772900 0.4512977
1403637173.938319 5.5499868 2.2127800 -2.1457605 -0.6257163 0.5857359 -0.2799302 0.4324716
1403637173.988319 5.5599928 2.1870389 -2.1600304 -0.6267357 0.5860465 -0.2895647 0.4241512
1403637174.088319 5.5959053 2.1273661 -2.1738319 -0.6258196 0.5735083 -0.3234707 0.4180967
1403637174.188319 5.6464100 2.0635374 -2.1682701 -0.6147363 0.5569575 -0.3566525 0.4297635
1403637174.788319 5.9278908 1.5662732 -2.0089831 0.5541605 -0.5740695 0.4027621 -0.4484785
1403637174.888319 5.9608221 1.4538913 -1.9901438 0.5425761 -0.5912417 0.4132622 -0.4304172
1403637176.238319 5.7284913 -0.4326379 -1.8904028 0.4833059 -0.6218306 0.4691744 -0.3995216
1403637177.838319 4.5638356 -3.1175208 -2.0620799 0.4960271 -0.6836494 0.4617836 -0.2708072
1403637179.438319 5.8746195 -4.1587844 -2.2080712 0.4068288 -0.7029094 0.5252219 -0.2540683
1403637179.488319 5.9262204 -4.1467600 -2.1955824 0.4070087 -0.7034905 0.5241113 -0.2544650
1403637179.638319 6.0804639 -4.1036773 -2.1677747 0.4060644 -0.7027846 0.5250557 -0.2559726
1403637180.338319 6.7824993 -3.6735907 -2.4587727 0.4000855 -0.7051004 0.5233305 -0.2624696
1403637180.388319 6.8302927 -3.6256478 -2.4752340 0.4001062 -0.7096744 0.5167017 -0.2632427
1403637180.588319 7.0218124 -3.4337354 -2.5233145 0.4074031 -0.7261652 0.4932026 -0.2519087
1403637180.838319 7.2900581 -3.2023416 -2.5256624 0.4081132 -0.7072037 0.5231164 -0.2442454
1403637180.888319 7.3458734 -3.1543584 -2.5210896 0.4098713 -0.7031314 0.5296829 -0.2388473
1403637180.988319 7.4595981 -3.0525155 -2.5078583 0.4124244 -0.6989369 0.5376076 -0.2288478
1403637181.088319 7.5766182 -2.9410110 -2.4867363 0.4127786 -0.6977605 0.5416912 -0.2220694
1403637182.488319 9.0353565 -0.8562815 -1.8346262 0.3520520 -0.7006891 0.5483579 -0.2905131
1403637182.588319 9.0953560 -0.6980946 -1.7938108 0.3563275 -0.6949108 0.5547650 -0.2869937
1403637182.688319 9.1424170 -0.5359352 -1.7464485 0.3587148 -0.6944443 0.5546182 -0.2854285
1403637183.088319 9.2083035 0.1384685 -1.6005974 0.3383767 -0.7042256 0.5413449 -0.3106659
1403637183.988319 8.5340519 1.4326584 -1.7623596 0.3151089 -0.7348838 0.4955799 -0.3391944
1403637184.088319 8.3834677 1.5254433 -1.7707367 0.3133030 -0.7393017 0.4895973 -0.3399541
1403637184.188319 8.2178364 1.6011484 -1.7709332 0.3163190 -0.7406766 0.4894152 -0.3343849
1403637184.288319 8.0418043 1.6602423 -1.7720079 0.3265540 -0.7378766 0.4969286 -0.3193160
1403637184.488319 7.6773834 1.7488751 -1.8094602 0.3525931 -0.7379069 0.5007439 -0.2835969
1403637184.588319 7.4907789 1.7864270 -1.8411131 0.3611377 -0.7426753 0.4935245 -0.2728492
1403637184.688319 7.3063326 1.8184695 -1.8747382 0.3671042 -0.7473497 0.4858843 -0.2657431
1403637184.788319 7.1254711 1.8434694 -1.9060826 0.3709254 -0.7518688 0.4783330 -0.2613527
1403637184.888319 6.9520984 1.8596129 -1.9280405 0.3732097 -0.7543600 0.4741996 -0.2584381
1403637184.988319 6.7878876 1.8658850 -1.9394774 0.3751160 -0.7559776 0.4712183 -0.2563968
1403637185.088319 6.6327934 1.8624020 -1.9427719 0.3778688 -0.7571817 0.4691234 -0.2526152
1403637185.188319 6.4874649 1.8491243 -1.9347405 0.3776401 -0.7584363 0.4677178 -0.2517985
1403637185.288319 6.3525991 1.8258517 -1.9213972 0.3799590 -0.7605291 0.4645784 -0.2477774
1403637185.388319 6.2287569 1.7923865 -1.8994379 0.3859785 -0.7619810 0.4620048 -0.2386570
1403637185.488319 6.1144972 1.7522933 -1.8685813 0.3908449 -0.7627040 0.4606632 -0.2308947
1403637185.738319 5.8850365 1.6222373 -1.7662349 0.3811005 -0.7475988 0.4871628 -0.2419317
1403637185.988319 5.7060184 1.4690485 -1.6924610 0.3782556 -0.7341102 0.5081826 -0.2444495
1403637186.588319 5.3709741 1.1312952 -1.4603190 0.3646431 -0.7293139 0.5163561 -0.2617502
1403637186.838319 5.2393136 1.0037376 -1.3488355 0.3556134 -0.7414889 0.5005992 -0.2704326
1403637187.138319 5.0666413 0.8210083 -1.2823977 0.3392043 -0.7474412 0.4915740 -0.2909074
1403637187.288319 4.9671841 0.7031801 -1.2782545 0.3437602 -0.7498829 0.4947295 -0.2733997
1403637187.388319 4.8991518 0.6167676 -1.2826133 0.3497389 -0.7545015 0.4929777 -0.2557013
1403637187.638319 4.7449656 0.3793887 -1.3002982 0.3521753 -0.7630088 0.4881781 -0.2355255
1403637187.738319 4.6922040 0.2769632 -1.3119760 0.3494464 -0.7658657 0.4857421 -0.2353543
1403637187.838319 4.6446295 0.1689563 -1.3268628 0.3482932 -0.7685125 0.4827398 -0.2346120
1403637188.088319 4.5544286 -0.1284058 -1.3717165 0.3530407 -0.7635621 0.4912380 -0.2258769
1403637189.088319 4.4191322 -1.3361430 -1.6581664 0.2780675 -0.7741204 0.5277156 -0.2119724
1403637189.388319 4.3510532 -1.7056855 -1.7626948 0.2707614 -0.7849340 0.5182639 -0.2048644
1403637190.288319 4.1103368 -2.8412275 -1.8183527 0.2794115 -0.7606342 0.5508344 -0.1998657
1403637190.688319 3.9764400 -3.2660689 -1.7037129 0.2864332 -0.7569622 0.5548756 -0.1925549
1403637190.938319 3.8901179 -3.4893682 -1.6696563 0.3028078 -0.7507688 0.5455563 -0.2168453
1403637191.538319 3.6405821 -3.9463010 -1.7187333 0.3187802 -0.7395930 0.5487142 -0.2242636
1403637191.938319 3.4630325 -4.1688638 -1.6806288 0.3345382 -0.7489799 0.5396534 -0.1894401
1403637192.288319 3.3880816 -4.2996068 -1.5527463 0.3417096 -0.7586684 0.5276810 -0.1709083
1403637192.388319 3.3894472 -4.3294439 -1.5067406 0.3447044 -0.7549614 0.5326443 -0.1658386
1403637192.538319 3.4108329 -4.3639088 -1.4481597 0.3357292 -0.7636593 0.5223919 -0.1766838
1403637192.688319 3.4506054 -4.3942704 -1.4051266 0.3282219 -0.7726706 0.5103356 -0.1865694
1403637192.938319 3.5520844 -4.4579654 -1.3507700 0.3254611 -0.7671925 0.5178597 -0.1931628
1403637193.188319 3.6872435 -4.5283198 -1.2624607 0.3102574 -0.7771863 0.5028616 -0.2164537
1403637193.638319 3.9540701 -4.7424650 -1.1572766 0.3251160 -0.7628472 0.5234355 -0.1959056
1403637193.688319 3.9877837 -4.7701640 -1.1442866 0.3267711 -0.7622032 0.5241056 -0.1938566
1403637193.788319 4.0592165 -4.8257546 -1.1136889 0.3295238 -0.7607559 0.5256647 -0.1906340
1403637193.988319 4.2172947 -4.9314327 -1.0489407 0.3287568 -0.7572073 0.5305988 -0.1924083
1403637194.188319 4.3868475 -5.0274181 -1.0337811 0.3248805 -0.7527835 0.5376418 -0.1967514
1403637194.338319 4.5183134 -5.0909233 -1.0368099 0.3242992 -0.7566117 0.5326549 -0.1965894
1403637194.488319 4.6556492 -5.1486235 -1.0272784 0.3245296 -0.7585035 0.5300069 -0.1960751
1403637194.888319 5.0624166 -5.2924757 -0.9453816 0.3247958 -0.7680190 0.5181581 -0.1901757
1403637195.088319 5.2884626 -5.3647175 -0.9221592 0.3181460 -0.7594783 0.5318350 -0.1978064
1403637195.388319 5.6316133 -5.4586344 -0.9302387 0.3137721 -0.7486695 0.5473672 -0.2035442
1403637195.488319 5.7440434 -5.4818196 -0.9366970 0.3162885 -0.7473024 0.5459494 -0.2084229
1403637195.888319 6.1743093 -5.5359025 -0.8917694 0.3419617 -0.7349204 0.5459282 -0.2119356
1403637196.188319 6.4910383 -5.5214334 -0.8590841 0.3624049 -0.7089933 0.5750802 -0.1878138
1403637196.488319 6.8240643 -5.3842669 -0.8654995 0.3614707 -0.6886200 0.6011285 -0.1838099
1403637196.588319 6.9357133 -5.2993097 -0.8769169 0.3579649 -0.6908116 0.5996316 -0.1873027
1403637196.838319 7.2074080 -5.0112710 -0.9264402 0.3483355 -0.7008524 0.5905840 -0.1966697
1403637197.138319 7.5099883 -4.5427999 -1.0010834 0.3417101 -0.7078783 0.5761262 -0.2241011
1403637197.188319 7.5560341 -4.4529257 -1.0102005 0.3459677 -0.7091394 0.5693253 -0.2308601
1403637197.338319 7.6857038 -4.1711135 -1.0246754 0.3705112 -0.7065776 0.5470503 -0.2533880
1403637197.388319 7.7264457 -4.0741901 -1.0248852 0.3810360 -0.7031143 0.5395479 -0.2633058
1403637197.438319 7.7656231 -3.9762809 -1.0233622 0.3939105 -0.6987627 0.5311251 -0.2728944
1403637197.688319 7.9414024 -3.4774251 -0.9932356 0.4797059 -0.6537015 0.4934526 -0.3147397
1403637198.488319 8.3133163 -1.7327058 -0.6307511 -0.6420527 0.4750255 -0.4283212 0.4226821
1403637198.738319 8.3531046 -1.1184275 -0.5661659 -0.6501698 0.4536144 -0.4323846 0.4296008
1403637198.838319 8.3527393 -0.8618789 -0.5710912 -0.6460316 0.4513601 -0.4335283 0.4370018
1403637199.038319 8.3173275 -0.3272603 -0.6016245 -0.6275117 0.4558538 -0.4238289 0.4677557
1403637199.138319 8.2771645 -0.0553837 -0.6126347 -0.6291984 0.4579748 -0.4088956 0.4766266
1403637199.438319 8.0731258 0.7465625 -0.6038427 -0.6578997 0.4217757 -0.3738250 0.4995279
1403637199.538319 7.9808092 1.0054524 -0.5928445 -0.6697950 0.4017525 -0.3611105 0.5094790
1403637199.588319 7.9305782 1.1331189 -0.5897603 -0.6749190 0.3915717 -0.3544331 0.5152992
1403637199.788319 7.7011433 1.6310720 -0.5999823 -0.6865514 0.3590037 -0.3091799 0.5515174
1403637199.888319 7.5739551 1.8701656 -0.6320877 -0.6889507 0.3410296 -0.2778504 0.5760599
1403637200.038319 7.3713808 2.2027347 -0.7071075 -0.6871948 0.3060878 -0.2300760 0.6173644
1403637200.138319 7.2280254 2.3958020 -0.7637982 -0.6893159 0.2735345 -0.2058243 0.6384818
1403637200.188319 7.1541443 2.4817846 -0.7953038 -0.6960428 0.2573002 -0.1956957 0.6411119
1403637200.238319 7.0787907 2.5609393 -0.8276963 -0.7038173 0.2419206 -0.1856579 0.6415970
1403637200.338319 6.9265180 2.6991408 -0.8966465 -0.7283008 0.2107895 -0.1810890 0.6263805
1403637200.388319 6.8483558 2.7592955 -0.9292817 -0.7408335 0.2002865 -0.1772977 0.6161304
1403637202.188319 4.7783785 3.2670546 -1.1053419 -0.7579012 0.3304611 -0.1311216 0.5469812
1403637204.688319 5.2642765 2.1098046 -1.1388555 -0.7616661 0.2808660 -0.2165814 0.5422836
1403637207.188319 4.8669763 1.8800621 -1.0487733 -0.7657593 0.2658414 -0.1980649 0.5511001
1403637208.688319 4.5851059 1.6149912 -0.9363561 -0.7656136 0.2772431 -0.2035054 0.5436522
1403637209.188319 4.5151663 1.5161973 -0.9944654 -0.7723122 0.2541630 -0.2234044 0.5376110
1403637211.838319 5.3618040 4.1500859 -1.5566421 -0.7930341 0.2515176 -0.1424065 0.5362427
1403637211.988319 5.5074568 4.3825316 -1.5897903 -0.7951393 0.2511877 -0.1438355 0.5328879
1403637212.038319 5.5600715 4.4602132 -1.5958505 -0.7933234 0.2480336 -0.1493578 0.5355461
1403637212.288319 5.8281446 4.8390183 -1.6004543 -0.7762423 0.2379803 -0.1677046 0.5591855
1403637212.388319 5.9334774 4.9824052 -1.5924730 -0.7733439 0.2378116 -0.1702474 0.5624952
1403637212.438319 5.9850593 5.0515542 -1.5863724 -0.7727976 0.2377796 -0.1716748 0.5628255
1403637212.688319 6.2319641 5.3787718 -1.5435991 -0.7842824 0.2429483 -0.1697700 0.5450277
1403637212.738319 6.2808485 5.4428430 -1.5331383 -0.7863360 0.2426814 -0.1707194 0.5418822
1403637212.788319 6.3298388 5.5069418 -1.5216370 -0.7873505 0.2420234 -0.1717567 0.5403735
1403637213.088319 6.6213093 5.8961554 -1.4422293 -0.7911505 0.2365900 -0.1748930 0.5362075
1403637213.188319 6.7161674 6.0283308 -1.4185028 -0.7917569 0.2374847 -0.1701609 0.5364394
1403637213.238319 6.7637539 6.0946488 -1.4090357 -0.7914844 0.2374938 -0.1689873 0.5372081
1403637213.288319 6.8112402 6.1610975 -1.4008551 -0.7916311 0.2375931 -0.1677153 0.5373465
1403637213.388319 6.9066582 6.2947884 -1.3892145 -0.7901428 0.2365751 -0.1685396 0.5397230
1403637213.638319 7.1412830 6.6260905 -1.3854418 -0.7871105 0.2261019 -0.1832113 0.5438462
1403637213.888319 7.3508854 6.9525394 -1.4170876 -0.7926980 0.2150210 -0.1957123 0.5358101
1403637213.938319 7.3883095 7.0190659 -1.4265261 -0.7935551 0.2145012 -0.1958721 0.5346904
1403637214.038319 7.4584026 7.1564927 -1.4405708 -0.7905030 0.2113066 -0.1955932 0.5405535
1403637214.138319 7.5197730 7.2972212 -1.4471703 -0.7869784 0.2088013 -0.1850097 0.5503075
1403637214.288319 7.5999870 7.5075679 -1.4435844 -0.7848588 0.1944744 -0.1693543 0.5634674
1403637214.338319 7.6236563 7.5763526 -1.4387884 -0.7844734 0.1860467 -0.1647753 0.5681876
1403637214.738319 7.7277703 8.0790882 -1.3599920 -0.7881867 0.0794641 -0.1564885 0.5898800
1403637214.888319 7.7110338 8.2490339 -1.3108940 -0.7876602 0.0629257 -0.1519594 0.5937510
1403637215.088319 7.6330962 8.4562836 -1.2587023 -0.7843024 0.0586335 -0.1465949 0.5999515
1403637215.288319 7.4957085 8.6368332 -1.2291946 -0.7793127 0.0624061 -0.1381444 0.6080241
1403637215.388319 7.4047689 8.7151537 -1.2219610 -0.7757766 0.0614822 -0.1255173 0.6153342
1403637215.488319 7.3004880 8.7821922 -1.2153721 -0.7690396 0.0565166 -0.1063367 0.6277550
1403637215.638319 7.1252289 8.8525438 -1.2010775 -0.7672073 0.0359250 -0.0787850 0.6355277
1403637216.038319 6.5909228 8.8820992 -1.1024513 -0.7959837 -0.0370459 -0.0024612 0.6041784
1403637216.088319 6.5217772 8.8754759 -1.0834589 -0.7972633 -0.0439388 0.0066680 0.6019934
1403637216.138319 6.4527750 8.8670568 -1.0651197 -0.7978668 -0.0500756 0.0153666 0.6005538
1403637216.288319 6.2500038 8.8343468 -1.0180912 -0.7964168 -0.0612219 0.0355251 0.6005916
1403637216.638319 5.8153176 8.7118855 -0.9618082 -0.7814577 -0.0626722 0.0500092 0.6187853
1403637216.738319 5.7024713 8.6586723 -0.9555788 -0.7757259 -0.0576120 0.0536549 0.6261400
1403637217.088319 5.3614902 8.3748169 -0.9109964 -0.7750013 -0.0468677 0.0505621 0.6281878
1403637217.188319 5.2788849 8.2631912 -0.8948965 -0.7809074 -0.0370610 0.0602170 0.6206321
1403637217.288319 5.2055359 8.1434946 -0.8856192 -0.7834742 -0.0281646 0.0680185 0.6170482
1403637217.438319 5.1158242 7.9522858 -0.8874292 -0.7860088 -0.0187116 0.0735614 0.6135380
1403637217.638319 5.0362329 7.6754780 -0.9115229 -0.7819659 -0.0300301 0.0704360 0.6186003
1403637217.788319 5.0021057 7.4478216 -0.9339075 -0.7710917 -0.0723829 0.0570466 0.6300191
1403637217.838319 4.9928055 7.3657246 -0.9390254 -0.7704639 -0.0870848 0.0589459 0.6287503
1403637217.938319 4.9752831 7.1933489 -0.9432716 -0.7690747 -0.1130597 0.0655455 0.6256558
1403637218.138319 4.9449892 6.8187070 -0.9347982 -0.7726507 -0.1424565 0.0857787 0.6126654
1403637218.338319 4.9218807 6.4198198 -0.9368100 -0.7738738 -0.1565889 0.0929287 0.6066000
1403637218.388319 4.9168143 6.3170643 -0.9406309 -0.7738150 -0.1573530 0.0945784 0.6062223
1403637218.488319 4.9081392 6.1066446 -0.9502659 -0.7731602 -0.1585239 0.0954898 0.6066095
1403637218.638319 4.8963699 5.7857466 -0.9618464 -0.7749944 -0.1584503 0.0942811 0.6044735
1403637218.738319 4.8884869 5.5678692 -0.9627323 -0.7794538 -0.1574534 0.0925097 0.5992513
1403637218.788319 4.8847208 5.4567857 -0.9631000 -0.7807368 -0.1560733 0.0924105 0.5979561
1403637218.838319 4.8813477 5.3449645 -0.9678354 -0.7818986 -0.1577412 0.0879105 0.5966776
1403637218.938319 4.8737488 5.1205983 -0.9905438 -0.7824556 -0.1615927 0.0787857 0.5961913
1403637218.988319 4.8692355 5.0072169 -1.0075078 -0.7825894 -0.1639004 0.0740024 0.5959984
1403637219.088319 4.8572550 4.7790437 -1.0466554 -0.7825879 -0.1661277 0.0688206 0.5960045
1403637219.138319 4.8493686 4.6635413 -1.0659690 -0.7822096 -0.1663194 0.0681715 0.5965222
1403637219.188319 4.8403459 4.5472078 -1.0844183 -0.7827488 -0.1660068 0.0679652 0.5959253
1403637219.238319 4.8300066 4.4298105 -1.1008530 -0.7831572 -0.1648610 0.0687728 0.5956140
1403637219.338319 4.8070250 4.1895185 -1.1288195 -0.7847995 -0.1621239 0.0711298 0.5939244
1403637219.388319 4.7941904 4.0682483 -1.1409471 -0.7864142 -0.1615686 0.0710156 0.5919502
1403637219.488319 4.7649407 3.8239539 -1.1604564 -0.7930819 -0.1595607 0.0731538 0.5832751
1403637219.588319 4.7324729 3.5782349 -1.1726043 -0.8024494 -0.1581703 0.0735918 0.5706500
1403637219.688319 4.6968594 3.3358655 -1.1790974 -0.8094593 -0.1566460 0.0738466 0.5610565
1403637219.938319 4.5899057 2.7605298 -1.1632299 -0.8159201 -0.1547714 0.0744318 0.5520690
1403637220.938319 4.0304084 0.9527795 -0.8114955 -0.8140234 -0.1318961 0.0982903 0.5570534
1403637221.038319 3.9861791 0.8069990 -0.7960499 -0.8168607 -0.1298306 0.0946101 0.5540140
1403637221.288319 3.8870833 0.4785370 -0.7819361 -0.8251002 -0.1070019 0.0717260 0.5501052
1403637221.388319 3.8506300 0.3613340 -0.7866140 -0.8269812 -0.0950581 0.0638546 0.5504441
1403637221.488319 3.8145790 0.2514294 -0.7964829 -0.8277264 -0.0857317 0.0581236 0.5514896
1403637221.638319 3.7632015 0.1004386 -0.8199633 -0.8297136 -0.0752244 0.0529603 0.5505560
1403637221.738319 3.7305887 0.0096806 -0.8415357 -0.8310259 -0.0699557 0.0505640 0.5494956
1403637221.838319 3.6997979 -0.0726624 -0.8674241 -0.8320832 -0.0646880 0.0485352 0.5487233
1403637222.238319 3.6091938 -0.3095371 -1.0035049 -0.8352166 -0.0014278 0.0067831 0.5498774
1403637222.988319 3.5378823 -0.5592816 -1.1816469 -0.8306999 0.0392684 -0.0269449 0.5546796
1403637223.288319 3.5355961 -0.6025341 -1.1259593 -0.8311841 0.0323723 -0.0252796 0.5544781
1403637225.238319 3.5006545 -0.5120394 -1.0523096 -0.8100048 0.0172909 -0.0315277 0.5853198
1403637225.688319 3.4453626 -0.5572909 -1.1127938 -0.8121111 0.0135091 -0.0300586 0.5825716
1403637225.788319 3.4280844 -0.5740596 -1.1063865 -0.8155488 0.0125898 -0.0306435 0.5777394
1403637226.238319 3.3283432 -0.6318157 -0.9962984 -0.8078609 0.0123974 -0.0287017 0.5885434
1403637226.538319 3.2447572 -0.6883161 -0.9616613 -0.8232502 0.0104688 -0.0312690 0.5667202
1403637226.738319 3.1794460 -0.7182730 -0.9566056 -0.8273854 0.0103919 -0.0309013 0.5606877
1403637226.838319 3.1442981 -0.7278266 -0.9605985 -0.8273829 0.0105951 -0.0300817 0.5607319
1403637228.088319 2.8877778 -0.6083584 -1.0209094 -0.8096794 0.0257569 -0.0267316 0.5856972
1403637228.188319 2.8831561 -0.5944774 -1.0378466 -0.8068303 0.0241517 -0.0268599 0.5896780
1403637228.638319 2.8524225 -0.5805658 -1.0374345 -0.8026537 0.0141094 -0.0340147 0.5953076
1403637229.238319 2.7650030 -0.6459419 -1.0138936 -0.8081866 0.0151999 -0.0361510 0.5876194
1403637229.438319 2.7264292 -0.6782138 -1.0401480 -0.8142459 0.0334468 -0.0393355 0.5782194
1403637229.538319 2.7067831 -0.6978794 -1.0579587 -0.8206610 0.0605579 -0.0354271 0.5670919
1403637229.738319 2.6844165 -0.7284780 -1.0993987 -0.8238588 0.1216104 -0.0481900 0.5514938
1403637229.838319 2.6871192 -0.7375128 -1.1228881 -0.8171098 0.1401814 -0.0791855 0.5535435
1403637229.938319 2.6952927 -0.7432457 -1.1468349 -0.8074589 0.1572623 -0.1123743 0.5573605
1403637230.238319 2.7187676 -0.7528473 -1.2094883 -0.7944564 0.2263364 -0.1631853 0.5394270
1403637230.288319 2.7218256 -0.7530659 -1.2136023 -0.7935977 0.2331189 -0.1691882 0.5359417
1403637230.388319 2.7278512 -0.7498281 -1.2157011 -0.7890830 0.2423469 -0.1781154 0.5356219
1403637230.788319 2.7441444 -0.7206690 -1.1513926 -0.7585901 0.2797681 -0.2054493 0.5514177
1403637230.988319 2.7511489 -0.7197785 -1.1105052 -0.7553847 0.3355289 -0.2163500 0.5196220
1403637231.088319 2.7613916 -0.7214237 -1.0994754 -0.7465066 0.3650787 -0.2308380 0.5061219
1403637231.188319 2.7774744 -0.7237246 -1.1012987 -0.7323578 0.3966070 -0.2478014 0.4949238
1403637231.388319 2.8284073 -0.7319463 -1.1512550 -0.6906554 0.4622469 -0.2886790 0.4753814
1403637231.588319 2.8967938 -0.7527488 -1.2638390 -0.6396329 0.5335143 -0.3239183 0.4486749
1403637232.088319 3.1519470 -0.9086775 -1.5349443 0.5176016 -0.6459213 0.4108725 -0.3821756
1403637232.188319 3.2175622 -0.9599140 -1.5593047 0.4893868 -0.6576347 0.4283701 -0.3801531
1403637232.288319 3.2796454 -1.0197089 -1.5773172 0.4693495 -0.6682380 0.4435612 -0.3693542
1403637232.738319 3.4962621 -1.3663821 -1.5881696 0.3760535 -0.7392468 0.4641635 -0.3108865
1403637233.238319 3.6762631 -1.9799776 -1.4898934 0.3580000 -0.7825375 0.4508407 -0.2370946
1403637233.638319 3.9342604 -2.6571143 -1.4903274 0.4039677 -0.7515464 0.4835145 -0.1954528
1403637234.138319 4.5491219 -3.4003129 -1.6703501 0.4409608 -0.6769402 0.5691072 -0.1530441
1403637234.638319 5.4575562 -3.5250590 -1.9187026 0.4185677 -0.6732004 0.5667206 -0.2245666
1403637235.538319 6.9200802 -2.7998052 -2.3325934 0.5186388 -0.6350119 0.4633219 -0.3363132
1403637235.838319 7.3131552 -2.4716010 -2.3503442 0.5523844 -0.5939379 0.4662313 -0.3531820
1403637235.938319 7.4412570 -2.3513956 -2.3404918 0.5676057 -0.5686042 0.4772851 -0.3559662
1403637236.038319 7.5640879 -2.2187529 -2.3248634 -0.5839597 0.5488659 -0.4784856 0.3588717
1403637236.138319 7.6795034 -2.0709951 -2.3015604 -0.5991805 0.5324780 -0.4744136 0.3638429
1403637236.238319 7.7872639 -1.9074402 -2.2703815 -0.6137051 0.5171535 -0.4680353 0.3699476
1403637236.338319 7.8862171 -1.7272317 -2.2314639 -0.6254084 0.5039485 -0.4578857 0.3811049
1403637236.438319 7.9755926 -1.5314803 -2.1861286 -0.6345192 0.4933915 -0.4449884 0.3948868
1403637236.538319 8.0584402 -1.3233275 -2.1369247 -0.6392927 0.4861231 -0.4330596 0.4092049
1403637236.738319 8.2041788 -0.8830976 -2.0510435 -0.6395285 0.4704557 -0.4268948 0.4329383
1403637236.938319 8.3028116 -0.4124026 -1.9640889 -0.6341059 0.4450465 -0.4195258 0.4731188
1403637237.138319 8.3335037 0.0675082 -1.8539672 -0.6179094 0.4168130 -0.4162128 0.5207897
1403637237.338319 8.2669764 0.5301723 -1.7210898 -0.6241082 0.4004926 -0.3896062 0.5461699
1403637237.438319 8.1973248 0.7469177 -1.6449318 -0.6298963 0.3956911 -0.3764170 0.5522405
1403637237.638319 7.9915485 1.1429305 -1.4727349 -0.6361795 0.3919336 -0.3563326 0.5609731
1403637238.288319 6.9414520 1.9960760 -0.9751239 -0.6055657 0.5164716 -0.2987347 0.5265976
1403637238.388319 6.7682457 2.0565624 -0.9201283 -0.5833936 0.5504427 -0.2987726 0.5171071
1403637238.738319 6.1737356 2.0642350 -0.7737408 0.5181815 -0.6540613 0.3022433 -0.4608045
1403637238.838319 6.0131202 2.0049901 -0.7421322 0.5175539 -0.6791679 0.2862175 -0.4346823
1403637238.938319 5.8669186 1.9155731 -0.7117448 0.5212402 -0.6993305 0.2690323 -0.4084937
1403637239.138319 5.6496978 1.6394293 -0.6454959 0.5360066 -0.7058774 0.2806481 -0.3683352
1403637239.288319 5.5632157 1.3614842 -0.5885310 0.5336788 -0.6912854 0.3286608 -0.3595740
1403637239.388319 5.5303583 1.1561264 -0.5552554 0.5224196 -0.6919647 0.3489323 -0.3556809
1403637239.538319 5.5071487 0.8257225 -0.5290866 0.4960218 -0.7039936 0.3727669 -0.3455435
1403637239.638319 5.5044613 0.5918305 -0.5350671 0.4757428 -0.7135730 0.3901934 -0.3350097
1403637239.738319 5.5107703 0.3476821 -0.5575271 0.4530143 -0.7195275 0.4140851 -0.3249491
1403637239.838319 5.5237427 0.0954099 -0.5937839 0.4295245 -0.7181550 0.4483724 -0.3142042
1403637239.938319 5.5383749 -0.1601793 -0.6416664 0.4052201 -0.7182135 0.4782853 -0.3020087
1403637240.038319 5.5522494 -0.4169669 -0.6961651 0.3813137 -0.7212019 0.5027032 -0.2859321
1403637240.138319 5.5626969 -0.6706201 -0.7566824 0.3564793 -0.7298992 0.5173340 -0.2693239
1403637240.238319 5.5673513 -0.9201726 -0.8206015 0.3335527 -0.7415203 0.5251881 -0.2511329
1403637240.388319 5.5688725 -1.2862902 -0.9219837 0.3145682 -0.7645418 0.5182768 -0.2188880
1403637240.538319 5.5729303 -1.6474067 -1.0113187 0.3118390 -0.7794327 0.5094639 -0.1889118
1403637240.638319 5.5842524 -1.8867719 -1.0594754 0.3097441 -0.7818199 0.5097411 -0.1816045
1403637240.788319 5.6153426 -2.2444193 -1.1136169 0.3094155 -0.7779444 0.5169765 -0.1783254
1403637240.888319 5.6465092 -2.4819794 -1.1377792 0.3103283 -0.7646163 0.5352643 -0.1804178
1403637240.988319 5.6833200 -2.7138314 -1.1560535 0.3114887 -0.7543722 0.5480067 -0.1832650
1403637241.088319 5.7225628 -2.9357162 -1.1788502 0.3123404 -0.7544155 0.5461431 -0.1871590
1403637241.288319 5.8103790 -3.3595531 -1.2456026 0.3226827 -0.7522368 0.5440504 -0.1844582
1403637241.388319 5.8597684 -3.5607221 -1.2855444 0.3294674 -0.7476678 0.5477365 -0.1800804
1403637241.488319 5.9129596 -3.7518520 -1.3256741 0.3364501 -0.7427282 0.5520312 -0.1744072
1403637241.888319 6.1954989 -4.3797302 -1.4197941 0.3364233 -0.7163554 0.5818049 -0.1875031
1403637242.088319 6.3475337 -4.5860281 -1.4280920 0.3201605 -0.7126554 0.5873197 -0.2113650
1403637242.388319 6.5458045 -4.7830143 -1.4161587 0.3345535 -0.7098824 0.5925379 -0.1817681
1403637242.688319 6.7395864 -4.8151426 -1.4237957 0.3469852 -0.6969606 0.5991756 -0.1866436
1403637242.788319 6.8047199 -4.7798309 -1.4180374 0.3536102 -0.6950448 0.5908604 -0.2067769
1403637243.188319 7.0207043 -4.4850764 -1.3614635 0.3796205 -0.6830909 0.5783439 -0.2340803
1403637243.388319 7.1042910 -4.2595363 -1.3599148 0.3821484 -0.6954690 0.5598741 -0.2383829
1403637243.488319 7.1414914 -4.1320777 -1.3647022 0.3806774 -0.6980752 0.5566115 -0.2407475
1403637243.588319 7.1761379 -3.9953270 -1.3658991 0.3785645 -0.7041516 0.5491815 -0.2434318
1403637243.988319 7.3019261 -3.4143872 -1.2927275 0.3592925 -0.7387415 0.5068243 -0.2613410
1403637244.288319 7.3767385 -3.0301256 -1.1437426 0.3547799 -0.7402582 0.5098986 -0.2572013
1403637244.388319 7.3968134 -2.9134059 -1.0832958 0.3549222 -0.7432382 0.5060216 -0.2560651
1403637244.488319 7.4150062 -2.8015540 -1.0187864 0.3618055 -0.7429481 0.5023879 -0.2544233
1403637244.938319 7.5301247 -2.3458822 -0.7688589 0.4223313 -0.7181221 0.4909752 -0.2547161
1403637245.038319 7.5681481 -2.2510376 -0.7298403 0.4246866 -0.7209815 0.4813555 -0.2610058
1403637245.388319 7.7509785 -1.9724715 -0.6344595 0.4293917 -0.7235373 0.4721150 -0.2631044
1403637245.488319 7.8188825 -1.9079874 -0.6169453 0.4349302 -0.7173394 0.4773378 -0.2615503
1403637245.588319 7.8933182 -1.8443710 -0.6041365 0.4429956 -0.7116040 0.4770205 -0.2642463
1403637245.738319 8.0153942 -1.7497592 -0.5951023 0.4593731 -0.7008386 0.4707220 -0.2760843
1403637245.938319 8.1966028 -1.6228732 -0.5975790 0.4865378 -0.6627423 0.4729365 -0.3168353
1403637246.038319 8.2870321 -1.5564393 -0.6079321 0.5079979 -0.6400393 0.4672307 -0.3376140
1403637246.138319 8.3760538 -1.4871777 -0.6231098 0.5330202 -0.6150638 0.4560259 -0.3600368
1403637246.338319 8.5434341 -1.3419411 -0.6683321 -0.5886665 0.5574082 -0.4230376 0.4047310
1403637246.438319 8.6217022 -1.2669300 -0.6972704 -0.6185937 0.5216175 -0.4086416 0.4222192
1403637246.738319 8.8189859 -1.0250463 -0.8027978 -0.6769179 0.4146197 -0.3703037 0.4824394
1403637247.038319 8.9099789 -0.7548046 -0.8814192 -0.7261416 0.3447897 -0.3106369 0.5072901
1403637247.138319 8.9206629 -0.6599612 -0.8987465 -0.7388511 0.3393915 -0.2911438 0.5041307
1403637247.238319 8.9258823 -0.5636110 -0.9199538 -0.7458463 0.3380452 -0.2778178 0.5022510
1403637247.538319 8.9166918 -0.2645640 -1.0011835 -0.7224846 0.3260145 -0.2854533 0.5387458
1403637247.738319 8.8697329 -0.0727844 -1.0741658 -0.7290948 0.3064288 -0.2887734 0.5395665
1403637247.838319 8.8293619 0.0208931 -1.1065674 -0.7350193 0.2898435 -0.2903617 0.5398403
1403637247.938319 8.7735472 0.1156030 -1.1278071 -0.7369092 0.2790419 -0.2793383 0.5486989
1403637248.138319 8.6204910 0.2962081 -1.1546259 -0.7526148 0.2632123 -0.2434205 0.5523013
1403637248.338319 8.4381847 0.4674039 -1.1825151 -0.7700046 0.2507462 -0.2188425 0.5443595
1403637248.538319 8.2444038 0.6373708 -1.2276649 -0.7667647 0.2448766 -0.2123849 0.5540758
1403637248.738319 8.0354099 0.7985358 -1.2618036 -0.7685116 0.2448273 -0.2149505 0.5506776
1403637249.088319 7.6309562 1.0688975 -1.2455025 -0.7727932 0.2587627 -0.2166748 0.5374799
1403637249.188319 7.5106411 1.1469586 -1.2244716 -0.7719584 0.2606343 -0.2183705 0.5370889
1403637249.288319 7.3885837 1.2266750 -1.1971383 -0.7701818 0.2628774 -0.2189673 0.5383019
1403637249.438319 7.2026339 1.3488854 -1.1625805 -0.7684917 0.2647699 -0.2203571 0.5392218
1403637249.538319 7.0770741 1.4316483 -1.1599321 -0.7680706 0.2656122 -0.2202871 0.5394362
1403637249.688319 6.8856087 1.5561248 -1.1853461 -0.7665144 0.2649257 -0.2202688 0.5419885
1403637249.938319 6.5543685 1.7621109 -1.2248898 -0.7614921 0.2514974 -0.2159522 0.5569949
1403637250.038319 6.4130855 1.8401330 -1.2304578 -0.7667519 0.2474188 -0.2009786 0.5572100
1403637250.138319 6.2709031 1.9147844 -1.2286758 -0.7726569 0.2440136 -0.1856590 0.5558680
1403637252.188319 4.5942626 2.7308719 -0.8582242 -0.7881193 0.1248222 -0.1017922 0.5940756
1403637252.738319 4.4040360 2.7001507 -0.8977489 -0.8064477 0.1403638 -0.0807170 0.5687046
1403637253.238319 4.3224072 2.6299570 -0.9062881 -0.8003464 0.1335681 -0.0965214 0.5764450
1403637254.238319 4.2138309 2.3793623 -0.8748090 -0.7995782 0.1178165 -0.1043764 0.5795684
1403637254.738319 4.0945392 2.1969631 -0.7689509 -0.8094992 0.0891604 -0.0857122 0.5739468
1403637255.238319 3.9389877 2.0166910 -0.7721817 -0.8039773 0.0759902 -0.0698911 0.5856289
1403637256.188319 3.5694008 1.5600479 -0.7119380 -0.8140433 -0.0481408 0.0070794 0.5787625
1403637256.738319 3.3035495 1.2897642 -0.6935510 -0.8157575 -0.0434466 0.0178212 0.5764848
1403637256.888319 3.2260892 1.2140293 -0.7118772 -0.8202679 -0.0329244 0.0281406 0.5703374
1403637257.288319 3.0399435 1.0200270 -0.7245243 -0.8119263 -0.0657411 0.0309057 0.5792225
1403637257.488319 2.9480510 0.9258677 -0.6980184 -0.8131236 -0.0776223 0.0325248 0.5759748
1403637257.688319 2.8516126 0.8354144 -0.6894301 -0.8183276 -0.0817407 0.0352849 0.5678145
1403637257.888319 2.7478707 0.7519386 -0.7023482 -0.8240932 -0.0896264 0.0451879 0.5574905
1403637258.088319 2.6391675 0.6827960 -0.7277085 -0.8234434 -0.1093349 0.0655113 0.5528972
1403637258.188319 2.5835295 0.6553596 -0.7332138 -0.8171511 -0.1266642 0.0765800 0.5570958
1403637258.388319 2.4715869 0.6135321 -0.7358083 -0.8029888 -0.1548600 0.0916761 0.5681753
1403637258.488319 2.4149570 0.5939980 -0.7447668 -0.8025078 -0.1588445 0.1032736 0.5657598
1403637258.588319 2.3591692 0.5761748 -0.7589557 -0.8043365 -0.1595259 0.1127497 0.5611435
1403637258.788319 2.2546055 0.5483684 -0.7953093 -0.7989184 -0.1618476 0.1163249 0.5674534
1403637258.988319 2.1614563 0.5230571 -0.8283404 -0.7974277 -0.1586970 0.1194180 0.5697928
1403637259.088319 2.1199706 0.5107466 -0.8318568 -0.7980986 -0.1568565 0.1192091 0.5694067
1403637259.188319 2.0812356 0.4998155 -0.8228246 -0.7979898 -0.1554671 0.1196537 0.5698466
1403637259.288319 2.0462146 0.4890822 -0.8059645 -0.7975584 -0.1536297 0.1198088 0.5709155
1403637259.438319 1.9995979 0.4732343 -0.7838533 -0.7982141 -0.1484443 0.1232139 0.5706462
1403637259.688319 1.9476205 0.4486024 -0.7660009 -0.7983077 -0.1428048 0.1277709 0.5709521
1403637259.988319 1.9267268 0.4267126 -0.7761054 -0.7993139 -0.1451346 0.1232932 0.5699404
1403637260.138319 1.9291250 0.4185727 -0.7953035 -0.7974389 -0.1501494 0.1167222 0.5726451
1403637260.738319 1.9465505 0.3656451 -0.9231535 -0.8070106 -0.1678558 0.0956805 0.5580354
1403637260.838319 1.9389255 0.3587222 -0.9453229 -0.8022784 -0.1668916 0.0982075 0.5646698
1403637260.938319 1.9290773 0.3520384 -0.9674034 -0.7977630 -0.1654161 0.1014658 0.5708910
1403637261.038319 1.9185234 0.3445306 -0.9902337 -0.7953662 -0.1654117 0.1021889 0.5740986
1403637261.138319 1.9075799 0.3350481 -1.0137243 -0.8006827 -0.1656784 0.1021305 0.5665928
1403637261.238319 1.8956635 0.3252654 -1.0357361 -0.8076745 -0.1675112 0.0997959 0.5564554
1403637261.338319 1.8817935 0.3181456 -1.0517530 -0.8087290 -0.1681580 0.0985855 0.5549425
1403637261.438319 1.8651042 0.3140428 -1.0603064 -0.8036631 -0.1640950 0.1038464 0.5625072
1403637261.488319 1.8566289 0.3124251 -1.0631118 -0.8019818 -0.1619716 0.1070215 0.5649220
1403637261.588319 1.8411404 0.3092285 -1.0696641 -0.8069605 -0.1620054 0.1064703 0.5578827
1403637261.688319 1.8258691 0.3085537 -1.0727096 -0.8126813 -0.1644076 0.1026772 0.5495241
1403637261.738319 1.8177761 0.3102392 -1.0716684 -0.8129354 -0.1652714 0.1009412 0.5492107
1403637261.988319 1.7719772 0.3311977 -1.0598837 -0.7985287 -0.1613268 0.1036070 0.5706060
1403637262.038319 1.7628593 0.3353707 -1.0627723 -0.7972116 -0.1592424 0.1055650 0.5726703
1403637262.088319 1.7542250 0.3392639 -1.0678492 -0.7958166 -0.1576394 0.1068681 0.5748087
1403637262.138319 1.7459981 0.3424035 -1.0749464 -0.7961434 -0.1555824 0.1087500 0.5745636
1403637262.188319 1.7380013 0.3453976 -1.0836991 -0.7959139 -0.1537819 0.1105216 0.5750280
1403637262.238319 1.7307079 0.3480152 -1.0939168 -0.7958713 -0.1522400 0.1117414 0.5752616
1403637262.488319 1.7373664 0.3459392 -1.1107526 -0.7986563 -0.1181208 0.1041209 0.5808222
1403637262.888319 1.7401750 0.3432705 -1.1111021 -0.7908701 -0.1082564 0.1118274 0.5918612
1403637263.388319 1.7406862 0.3431230 -1.1108570 -0.7905791 -0.1082499 0.1110310 0.5924007
1403637263.688319 1.7407342 0.3429232 -1.1107917 -0.7906511 -0.1081980 0.1110341 0.5923137
1403637264.188319 1.7408450 0.3428453 -1.1107818 -0.7906854 -0.1079734 0.1110924 0.5922980
1403637264.688319 1.7406893 0.3430009 -1.1109064 -0.7908441 -0.1077916 0.1113845 0.5920643
1403637265.188319 1.7408781 0.3427408 -1.1106668 -0.7910137 -0.1077071 0.1113881 0.5918522
