1403637162488318976.000000 2.199794531 -3.124649525 -1.200855851 -0.582465470 -0.553569376 -0.386736363 0.452471048
1403637162538319104.000000 2.249222755 -3.097144842 -1.207342267 -0.584320962 -0.559231222 -0.383622557 0.445716530
1403637162788319232.000000 2.519598007 -2.974117041 -1.205554605 -0.575215220 -0.544112265 -0.405877203 0.456434995
1403637164538319104.000000 4.812486649 -3.689901829 -1.194421291 -0.717124879 -0.388605952 -0.476852417 0.327611238
1403637164588318976.000000 4.895052433 -3.738072872 -1.187261105 -0.718007982 -0.388716727 -0.473151952 0.330894381
1403637164988318976.000000 5.597352505 -4.151981831 -1.179414392 -0.706837654 -0.395001650 -0.499329329 0.308260411
1403637165338319104.000000 6.210836887 -4.539538383 -1.216189265 -0.730158329 -0.345382422 -0.526331246 0.265622288
1403637166038319104.000000 7.261119843 -5.264729023 -1.155787945 -0.743406534 -0.350262463 -0.540505171 0.180324972
1403637168688318976.000000 6.030210972 -5.080163956 -1.691768885 -0.697847188 -0.420860469 -0.503310800 0.287339658
1403637169888318976.000000 4.200949669 -4.272965908 -1.902974725 -0.572896123 -0.564005136 -0.463839799 0.372210920
1403637170088318976.000000 3.814791441 -4.165287018 -1.930706739 -0.535132229 -0.598719001 -0.447357208 0.393751860
1403637170888318976.000000 2.071306467 -4.079762459 -2.210684299 -0.375205666 -0.675148129 -0.312725425 0.552809715
1403637171088318976.000000 1.689704776 -4.185879230 -2.267944574 -0.330263317 -0.710677147 -0.261651605 0.563384950
1403637171188318976.000000 1.515055537 -4.252460480 -2.284606934 -0.310881883 -0.723825693 -0.241881981 0.566499770
1403637171638319104.000000 0.872219741 -4.634002686 -2.253643513 -0.259799749 -0.739705741 -0.235588461 0.574314952
1403637171938318848.000000 0.542185962 -4.996990204 -2.240959644 -0.260201305 -0.735818565 -0.251729637 0.572274923
1403637172038319104.000000 0.446329176 -5.141967297 -2.247540474 -0.262430459 -0.733209431 -0.256143093 0.572647274
1403637172138319104.000000 0.356298149 -5.298875809 -2.259246588 -0.267425448 -0.731218636 -0.255774796 0.573046505
1403637172738318848.000000 -0.010271713 -6.340309143 -2.221897364 -0.338284224 -0.733907282 -0.184560329 0.559358120
1403637173488318976.000000 -0.067345612 -7.199935913 -2.217325926 -0.459047258 -0.707081378 -0.225131422 0.488494992
1403637173638319104.000000 -0.052851632 -7.263188362 -2.253830194 -0.489844143 -0.683103383 -0.238477528 0.486365199
1403637173738318848.000000 -0.033725336 -7.289319515 -2.286133289 -0.512996256 -0.668651640 -0.239939451 0.481839240
1403637173938318848.000000 0.035014190 -7.292015553 -2.360276699 -0.551558018 -0.657577217 -0.242566228 0.452258497
1403637174038319104.000000 0.087116621 -7.261977673 -2.380332947 -0.546373844 -0.660169125 -0.269543558 0.439316183
1403637174138319104.000000 0.144916773 -7.212449074 -2.380423307 -0.530666411 -0.653060555 -0.305271417 0.445774019
1403637174388318976.000000 0.299300790 -7.063424110 -2.337722301 -0.514881313 -0.625621259 -0.335163206 0.480791956
1403637174638319104.000000 0.496477962 -6.927374363 -2.263409138 -0.534736454 -0.602643073 -0.330246478 0.491747439
1403637174738318848.000000 0.596540570 -6.876463890 -2.231534958 -0.539873183 -0.592947304 -0.352669358 0.482260197
1403637174838319104.000000 0.704343915 -6.830384254 -2.206577301 -0.550017953 -0.581959724 -0.373957276 0.467930764
1403637175038319104.000000 0.932565629 -6.755247593 -2.178310871 -0.591009974 -0.557309866 -0.388041705 0.435358107
1403637175138319104.000000 1.051231146 -6.721545219 -2.168265104 -0.600040495 -0.541615903 -0.400635451 0.431387246
1403637175588318976.000000 1.633989334 -6.661332130 -2.175082207 -0.617140174 -0.501588225 -0.417040855 0.440027446
1403637176088318976.000000 2.432744026 -6.784794331 -2.130742073 -0.605231404 -0.520236433 -0.425267965 0.426844537
1403637176288319232.000000 2.781470060 -6.873718262 -2.081604242 -0.594132960 -0.518480659 -0.437534511 0.432142884
1403637176438318848.000000 3.045952559 -6.964320183 -2.062138319 -0.597540855 -0.517208397 -0.438571930 0.427896231
1403637176988318976.000000 4.016727924 -7.400649071 -2.065919876 -0.646604240 -0.508162260 -0.427334905 0.375578046
1403637177438318848.000000 4.817596912 -7.694563389 -2.166498423 -0.675486982 -0.529984713 -0.391577989 0.330908149
1403637177638319104.000000 5.181923866 -7.738397598 -2.225471497 -0.665574193 -0.540357649 -0.412814289 0.307585746
1403637180188318976.000000 5.987224579 -5.574133873 -2.600550890 -0.676428199 -0.445666343 -0.510886073 0.287787944
1403637180388318976.000000 5.782767773 -5.396902561 -2.680911541 -0.688191712 -0.440292418 -0.492863864 0.299365848
1403637180588318976.000000 5.570389271 -5.222264767 -2.730429173 -0.704516888 -0.447974563 -0.469785988 0.286837727
1403637180888318976.000000 5.254793644 -4.922171116 -2.722163200 -0.681645751 -0.450205743 -0.506592453 0.275749773
1403637181338319104.000000 4.655841827 -4.443582535 -2.602654696 -0.686561227 -0.426890701 -0.512941837 0.288597792
1403637181838319104.000000 3.851934195 -3.962587595 -2.326214552 -0.697194636 -0.414326221 -0.510161281 0.286337078
1403637182288319232.000000 3.090111256 -3.590895653 -2.120303154 -0.690648258 -0.397565007 -0.515579104 0.314841628
1403637182438318848.000000 2.836604595 -3.497759581 -2.068787098 -0.685516715 -0.391511679 -0.517602026 0.329960048
1403637182588318976.000000 2.585947990 -3.430032730 -2.009529591 -0.674586236 -0.396643877 -0.529974878 0.326701134
1403637182888318976.000000 2.071753025 -3.381705523 -1.875556111 -0.678330302 -0.392332762 -0.523491800 0.334513575
1403637183038319104.000000 1.813470244 -3.399512053 -1.830679059 -0.683036566 -0.382323891 -0.517166257 0.346162826
1403637183788319232.000000 0.699096143 -3.958689690 -1.946485519 -0.701648057 -0.361286551 -0.488905430 0.371663332
1403637183988318976.000000 0.494984806 -4.241838932 -1.989064932 -0.715858161 -0.357042611 -0.467614889 0.376037121
1403637184288319232.000000 0.318559945 -4.755875587 -1.985291481 -0.718882859 -0.368716896 -0.469703972 0.355855972
1403637184438318848.000000 0.275909424 -5.041669369 -2.010017157 -0.716425359 -0.389367074 -0.477581531 0.327175677
1403637184588318976.000000 0.247912064 -5.329710007 -2.053426743 -0.722299039 -0.403254479 -0.469097942 0.309220016
1403637184738318848.000000 0.232830226 -5.612110615 -2.101838112 -0.729341149 -0.411280751 -0.457451582 0.299412191
1403637184888318976.000000 0.234720483 -5.880101681 -2.137753487 -0.733498454 -0.415668994 -0.450532794 0.293631822
1403637185038319104.000000 0.256120026 -6.125752926 -2.150352478 -0.735320032 -0.420163125 -0.446955204 0.288094550
1403637185338319104.000000 0.357952893 -6.543375492 -2.115802288 -0.740036547 -0.425256193 -0.440460384 0.278384298
1403637185838319104.000000 0.659602165 -7.004583836 -1.929946423 -0.719602406 -0.422775179 -0.475543171 0.278014809
1403637186238318848.000000 0.928101897 -7.238038063 -1.822402239 -0.708562613 -0.416778445 -0.491893947 0.286836505
1403637186688318976.000000 1.198930621 -7.449772358 -1.598602414 -0.710989058 -0.404330611 -0.490676522 0.300412804
1403637187188318976.000000 1.533470988 -7.705958843 -1.466474175 -0.726635516 -0.382553130 -0.469520509 0.324352443
1403637187488318976.000000 1.815605402 -7.879444599 -1.469900727 -0.738397479 -0.395963401 -0.468941182 0.279421568
1403637187888318976.000000 2.256219149 -8.046542168 -1.511284709 -0.749607742 -0.392439365 -0.460476249 0.268404782
1403637188388318976.000000 2.891670227 -8.099066734 -1.602300763 -0.724029899 -0.397377849 -0.500393152 0.259766072
1403637188888318976.000000 3.490367651 -8.080476761 -1.780010343 -0.746668935 -0.327950686 -0.508546233 0.276251167
1403637189188318976.000000 3.857879639 -8.108226776 -1.877001882 -0.765925050 -0.324166030 -0.501563489 0.238136992
1403637189638319104.000000 4.454435825 -8.139130592 -2.048079491 -0.753028154 -0.317705423 -0.521679103 0.244668663
1403637189988318976.000000 4.917001247 -8.183676720 -2.070492029 -0.748941898 -0.326516926 -0.524777114 0.238918170
1403637190638319104.000000 5.670422554 -8.310031891 -1.909856439 -0.743035495 -0.324090540 -0.536599815 0.234359279
1403637191088318976.000000 6.087881088 -8.420797348 -1.866262674 -0.729221463 -0.350728542 -0.523528039 0.266728073
1403637191338319104.000000 6.293371201 -8.502167702 -1.890337825 -0.724649131 -0.357053638 -0.524093688 0.269670516
1403637191888318976.000000 6.657784462 -8.713924408 -1.882045388 -0.732277393 -0.373586655 -0.518971324 0.234247074
1403637192088318976.000000 6.751737595 -8.767865181 -1.822898030 -0.735403717 -0.379267871 -0.516642451 0.220040545
1403637192288319232.000000 6.822676182 -8.790602684 -1.738767028 -0.740411818 -0.383788466 -0.510546148 0.209378719
1403637192688318976.000000 6.911575317 -8.720224380 -1.591524482 -0.754816830 -0.370813131 -0.492385834 0.224288374
1403637192988318976.000000 6.976831436 -8.585582733 -1.522029757 -0.747154474 -0.367853433 -0.502286732 0.232706174
1403637193238318848.000000 7.037677288 -8.438769341 -1.432145953 -0.763444483 -0.349767298 -0.477568984 0.258347034
1403637193438318848.000000 7.114444256 -8.313879967 -1.383155584 -0.755145848 -0.356509864 -0.491093576 0.247956693
1403637193688318976.000000 7.232316017 -8.139768600 -1.328914046 -0.744212687 -0.369180501 -0.505808830 0.232402176
1403637193938318848.000000 7.347751141 -7.934787750 -1.246723413 -0.741476357 -0.372069001 -0.509024560 0.229502678
1403637194238318848.000000 7.465229988 -7.663407803 -1.220741272 -0.736607075 -0.366575986 -0.516864002 0.236397460
1403637194388318976.000000 7.512639523 -7.522929192 -1.220971584 -0.739578784 -0.367025316 -0.512946129 0.234950826
1403637194588318976.000000 7.569657326 -7.322481155 -1.197556973 -0.741885960 -0.366728872 -0.510081649 0.234375477
1403637194738318848.000000 7.607450008 -7.164569855 -1.163199425 -0.746318102 -0.367816508 -0.504631519 0.230363607
1403637194888318976.000000 7.643892765 -6.998063564 -1.132477403 -0.750211656 -0.367251068 -0.500123382 0.228442192
1403637195338319104.000000 7.741583347 -6.465396881 -1.110914826 -0.732269466 -0.355118603 -0.527473390 0.243811786
1403637195488318976.000000 7.761105537 -6.290923119 -1.122477174 -0.729765534 -0.358275414 -0.526829302 0.248056144
1403637195938318848.000000 7.768172264 -5.793956280 -1.065949082 -0.713961780 -0.387364835 -0.528127611 0.247564957
1403637196088318976.000000 7.746471405 -5.635806561 -1.046349168 -0.702059388 -0.398931950 -0.541539073 0.233883262
1403637196238318848.000000 7.700884342 -5.475051403 -1.036109567 -0.683914721 -0.402881056 -0.563810766 0.228177592
1403637196538319104.000000 7.496527672 -5.157797813 -1.051450610 -0.670588374 -0.400126755 -0.582165062 0.226481184
1403637196688318976.000000 7.330762863 -5.006438732 -1.075760603 -0.676869750 -0.393870264 -0.576516926 0.233113363
1403637196838319104.000000 7.128373623 -4.864510536 -1.111717820 -0.682187736 -0.388482809 -0.571714818 0.238418132
1403637197438318848.000000 6.035296440 -4.406546593 -1.219553351 -0.677177668 -0.433182210 -0.507214308 0.310672253
1403637197588318976.000000 5.726272106 -4.321653843 -1.206091523 -0.651208997 -0.483802289 -0.482139021 0.330762953
1403637198338319104.000000 4.070963860 -4.061308384 -0.903793514 -0.472168148 -0.654919207 -0.394522935 0.438736588
1403637198538319104.000000 3.584523678 -4.052346230 -0.794700503 -0.433432311 -0.672531486 -0.393656731 0.452628106
1403637198688318976.000000 3.207679272 -4.067926407 -0.752955973 -0.420145333 -0.676771939 -0.396805674 0.456073463
1403637198888318976.000000 2.688692331 -4.125989914 -0.761204779 -0.416549772 -0.668473423 -0.397353500 0.470892638
1403637199038319104.000000 2.285647154 -4.203293324 -0.786506593 -0.421771675 -0.654390752 -0.385308236 0.495397776
1403637199238318848.000000 1.747691989 -4.357272625 -0.803969920 -0.419088304 -0.663524270 -0.354329139 0.508479595
1403637199438318848.000000 1.224792719 -4.562204361 -0.789227426 -0.385678440 -0.682672322 -0.333032846 0.523736358
1403637199638319104.000000 0.724261820 -4.812502384 -0.774335325 -0.345951021 -0.700927436 -0.302491218 0.545451820
1403637199788319232.000000 0.365512729 -5.027305603 -0.788291514 -0.320793301 -0.707799733 -0.264658093 0.571023107
1403637199938318848.000000 0.025194757 -5.256871223 -0.847959161 -0.292409390 -0.708666563 -0.214727864 0.605128407
1403637200088318976.000000 -0.277175725 -5.498036385 -0.930144668 -0.251633048 -0.705066919 -0.168257341 0.641288579
1403637200238318848.000000 -0.521230936 -5.748027802 -1.021476507 -0.202428818 -0.718067050 -0.135903969 0.651868463
1403637200388318976.000000 -0.704210877 -6.002833843 -1.118623257 -0.159372687 -0.753002465 -0.128650755 0.625329316
1403637200538319104.000000 -0.842814147 -6.263352394 -1.198692799 -0.144940108 -0.780653775 -0.112985037 0.597332776
1403637202088318976.000000 -1.051758051 -8.147005081 -1.313638330 -0.289375246 -0.765420556 -0.089250527 0.567827165
1403637204588318976.000000 0.116435677 -7.548835278 -1.350373030 -0.237722352 -0.776466966 -0.169620484 0.558404922
1403637207088318976.000000 0.402587652 -7.902334213 -1.246669412 -0.222551048 -0.782180488 -0.151791364 0.561804414
1403637208088318976.000000 0.599978089 -8.114014626 -1.228304505 -0.231022909 -0.786515772 -0.155401736 0.551245630
1403637209088318976.000000 0.805908442 -8.226467133 -1.153580904 -0.218500718 -0.785226107 -0.182833269 0.549772143
1403637209988318976.000000 0.786021113 -8.441695213 -1.104562998 -0.186909378 -0.839559555 -0.114004970 0.497199714
1403637211738318848.000000 -1.789185762 -7.742432594 -1.726646066 -0.201364323 -0.802533090 -0.108401328 0.551037431
1403637211938318848.000000 -2.127747536 -7.588142872 -1.785920382 -0.209922358 -0.809584260 -0.096353643 0.539649904
1403637212188318976.000000 -2.547188282 -7.362376213 -1.806331158 -0.197424769 -0.794846177 -0.117537111 0.561629832
1403637212438318848.000000 -2.942379951 -7.133723259 -1.790113211 -0.195223600 -0.786622107 -0.125704497 0.572111785
1403637212688318976.000000 -3.302662611 -6.917695045 -1.747269630 -0.200052157 -0.798294187 -0.124804728 0.554192603
1403637212938318848.000000 -3.656462908 -6.704329967 -1.686927438 -0.195516825 -0.804179430 -0.131512284 0.545686007
1403637213138319104.000000 -3.943497658 -6.537421227 -1.632367373 -0.193723664 -0.805516362 -0.127992406 0.545190394
1403637213338319104.000000 -4.233946323 -6.373330593 -1.599080086 -0.193912834 -0.804641128 -0.123308092 0.547490299
1403637213488318976.000000 -4.452418804 -6.250611305 -1.589224458 -0.191909552 -0.801532447 -0.125602886 0.552214205
1403637213738318848.000000 -4.810035229 -6.056038857 -1.597527981 -0.176119640 -0.802781582 -0.146979332 0.550382376
1403637213888318976.000000 -5.022809982 -5.954730034 -1.620029449 -0.171440706 -0.805870533 -0.151380971 0.546136081
1403637214138319104.000000 -5.391214371 -5.821180344 -1.652062654 -0.165476114 -0.799771249 -0.139851704 0.559843957
1403637214388318976.000000 -5.760491848 -5.730802059 -1.639015675 -0.131178543 -0.795295179 -0.115786500 0.580423295
1403637214688318976.000000 -6.158044338 -5.691776276 -1.575245976 -0.046920404 -0.795428991 -0.107707739 0.594550550
1403637215038319104.000000 -6.545211792 -5.801973343 -1.468025208 -0.015443614 -0.791181028 -0.099265419 0.603274703
1403637215338319104.000000 -6.794718742 -6.039896488 -1.423261642 -0.019320805 -0.783127606 -0.083564095 0.615918040
1403637215588318976.000000 -6.926474571 -6.323689461 -1.406778932 -0.000921790 -0.770310342 -0.039124150 0.636467218
1403637215788319232.000000 -6.958984375 -6.585057259 -1.375378013 0.039538879 -0.781197250 -0.002533886 0.623025835
1403637215988318976.000000 -6.938087940 -6.860820293 -1.319975376 0.074844658 -0.794215858 0.035357103 0.601971269
1403637216188318976.000000 -6.882737160 -7.137351990 -1.246758580 0.099076964 -0.795127392 0.070495382 0.594126701
1403637216338319104.000000 -6.825582504 -7.335856915 -1.204696536 0.106885538 -0.792301476 0.086698472 0.594405055
1403637216488318976.000000 -6.756957054 -7.523394585 -1.176080227 0.109671466 -0.784134686 0.092727408 0.603743851
1403637216738318848.000000 -6.604865074 -7.806896210 -1.152465463 0.100636959 -0.772960603 0.102364175 0.618001401
1403637216988318976.000000 -6.388344765 -8.041485786 -1.124412417 0.096792608 -0.765038192 0.093997002 0.629692316
1403637217138319104.000000 -6.216807365 -8.157366753 -1.099368691 0.085610807 -0.776393294 0.103434220 0.615780592
1403637217338319104.000000 -5.958611488 -8.279812813 -1.082914233 0.068019599 -0.783256173 0.118610367 0.606477380
1403637217638319104.000000 -5.533679485 -8.378018379 -1.105777740 0.073318392 -0.780310571 0.118608907 0.609648943
1403637217838319104.000000 -5.218526363 -8.392714500 -1.126051068 0.129821599 -0.766374469 0.107520059 0.619883895
1403637218088318976.000000 -4.765876770 -8.390284538 -1.122485757 0.179521292 -0.765182018 0.129423290 0.604581058
1403637218188318976.000000 -4.569279671 -8.383440971 -1.117568731 0.189421073 -0.766185343 0.136397406 0.598728120
1403637218438318848.000000 -4.054571152 -8.357495308 -1.129563332 0.200222015 -0.765871167 0.142686874 0.594132185
1403637218638319104.000000 -3.621601105 -8.328301430 -1.145356178 0.200794727 -0.767008781 0.141224280 0.592819333
1403637218938318848.000000 -2.944902897 -8.276522636 -1.177113414 0.204315290 -0.774281025 0.125469238 0.585663438
1403637219188318976.000000 -2.361166000 -8.248285294 -1.270396352 0.208726913 -0.774498105 0.114680417 0.586032689
1403637219388318976.000000 -1.872227669 -8.242938995 -1.327089071 0.204378113 -0.778392196 0.117469616 0.581838429
1403637219588318976.000000 -1.370930791 -8.252587318 -1.358314991 0.201365337 -0.794534028 0.119012348 0.560360312
1403637219738318848.000000 -0.999148905 -8.269305229 -1.364127278 0.199412659 -0.803212106 0.118948229 0.548576593
1403637221638319104.000000 2.279115677 -8.855307579 -0.995225430 0.119460925 -0.825767756 0.097857691 0.542457879
1403637222138319104.000000 2.676499367 -8.950664520 -1.141088009 0.066361286 -0.835325360 0.066144250 0.541712821
1403637222988318976.000000 3.001944542 -9.009050369 -1.359037876 0.005393043 -0.833092630 0.018640693 0.552793026
1403637223488318976.000000 3.043827534 -9.001917839 -1.229299664 0.018964818 -0.823765039 0.021242719 0.566215754
1403637223988318976.000000 3.002966166 -8.995003700 -1.088512778 0.024402941 -0.816613019 0.019898383 0.576326191
1403637225488318976.000000 2.979474783 -9.076605797 -1.282977343 0.028817028 -0.809131503 0.016522944 0.586688042
1403637225888318976.000000 3.045820713 -9.137284279 -1.263978243 0.031713154 -0.820397973 0.016514765 0.570674002
1403637226138319104.000000 3.084785223 -9.191040039 -1.191169143 0.031701028 -0.810750067 0.018301429 0.584246874
1403637226538319104.000000 3.166075468 -9.294532776 -1.132396817 0.034125183 -0.824480474 0.014614741 0.564671516
1403637227188318976.000000 3.229839802 -9.517886162 -1.160601497 0.009756275 -0.823214114 0.045022167 0.565858901
1403637227688318976.000000 3.195329428 -9.619380951 -1.139741421 0.012185363 -0.825130224 0.030875683 0.563966691
1403637228188318976.000000 3.123309135 -9.658040047 -1.204201341 0.020631649 -0.808765829 0.020640630 0.587406337
1403637229188318976.000000 3.185941935 -9.759821892 -1.170039892 0.029349988 -0.810547531 0.012658032 0.584800065
1403637229488318976.000000 3.244249582 -9.811318398 -1.210818887 -0.001057546 -0.820949674 0.009735081 0.570916653
1403637229738318848.000000 3.295547247 -9.838996887 -1.266109586 -0.076699972 -0.830684841 -0.002087724 0.551430345
1403637230088318976.000000 3.325192690 -9.818613052 -1.349278331 -0.147711486 -0.808667243 -0.099775642 0.560609937
1403637230588318976.000000 3.310322046 -9.793601036 -1.362202048 -0.205939427 -0.785663426 -0.150088578 0.563733459
1403637231088318976.000000 3.304639339 -9.773742676 -1.275613904 -0.323951304 -0.767230749 -0.187782377 0.520721018
1403637231438318848.000000 3.321119547 -9.699231148 -1.355360627 -0.441072792 -0.705165625 -0.259433806 0.490805894
1403637231688318976.000000 3.353725433 -9.612659454 -1.520711303 -0.529181719 -0.647196531 -0.308440059 0.453837216
1403637232188318976.000000 3.509841919 -9.327224731 -1.751069307 -0.629924834 -0.526695371 -0.395828068 0.411226034
1403637232688318976.000000 3.839171648 -9.038980484 -1.786979318 -0.706789613 -0.427696973 -0.439296275 0.352905959
1403637233188318976.000000 4.404469013 -8.795617104 -1.692657948 -0.760976315 -0.399261355 -0.431112647 0.275040507
1403637233638319104.000000 5.127259254 -8.420682907 -1.673996687 -0.729972601 -0.445733279 -0.463735849 0.231108099
1403637234138319104.000000 5.798727036 -7.718484879 -1.847220898 -0.654242218 -0.480273783 -0.551419854 0.192977667
1403637234538319104.000000 5.876616955 -6.984332561 -2.052744150 -0.652053118 -0.460148454 -0.552935243 0.239484563
1403637235138319104.000000 5.406860828 -5.908787727 -2.413645029 -0.619967937 -0.496807545 -0.486587346 0.363393575
1403637235388318976.000000 5.132328510 -5.558403969 -2.506627083 -0.603059053 -0.534709692 -0.460002244 0.372563154
1403637235588318976.000000 4.894599915 -5.308499813 -2.554991961 -0.604344726 -0.561507940 -0.429012537 0.368000686
1403637235888318976.000000 4.512412071 -4.942856312 -2.559737921 -0.551381588 -0.592760265 -0.440532029 0.388001472
1403637236138319104.000000 4.131090641 -4.669525623 -2.513989210 -0.500280797 -0.630415022 -0.442477852 0.395612717
1403637236338319104.000000 3.759440899 -4.493021011 -2.443807125 -0.470439047 -0.655103922 -0.424630880 0.411357015
1403637236588318976.000000 3.218658686 -4.329383373 -2.327392101 -0.448890448 -0.668693841 -0.393492579 0.443294078
1403637237838319104.000000 0.528669238 -5.007256031 -1.488037467 -0.366394639 -0.659769356 -0.288419366 0.589299321
1403637238588318976.000000 0.052254736 -6.396590710 -1.026736498 -0.579616487 -0.568227530 -0.273957491 0.515858114
1403637239088318976.000000 0.514707148 -7.106788158 -0.856499255 -0.680134177 -0.569696665 -0.235660061 0.396645486
1403637239488318976.000000 1.321081042 -7.211643219 -0.720478296 -0.671618938 -0.543843985 -0.333924741 0.376372367
1403637239788319232.000000 2.042763472 -7.137520313 -0.761125982 -0.694976687 -0.480636239 -0.402335048 0.352310628
1403637240138319104.000000 2.934702635 -7.006396294 -0.941954553 -0.709619164 -0.398043424 -0.493787616 0.306880891
1403637240638319104.000000 4.157647133 -6.853283405 -1.243936896 -0.764918149 -0.353290379 -0.491946697 0.219259441
1403637240938318848.000000 4.867386341 -6.692569256 -1.332482934 -0.741526484 -0.353618830 -0.525511920 0.221200138
1403637241388318976.000000 5.819729805 -6.382715702 -1.473885536 -0.729870737 -0.371704519 -0.529960573 0.219695911
1403637241638319104.000000 6.262152672 -6.183278084 -1.561435223 -0.713824987 -0.385075092 -0.545647383 0.210808098
1403637241888318976.000000 6.604766369 -5.955763817 -1.609380364 -0.698049366 -0.377535969 -0.563764513 0.228830263
1403637242138319104.000000 6.837312698 -5.740693569 -1.621737003 -0.695230305 -0.362828821 -0.568092823 0.249561071
1403637242588318976.000000 7.005588531 -5.422619343 -1.612739444 -0.681027651 -0.381157726 -0.585979640 0.218055248
1403637242788319232.000000 6.946490288 -5.294722557 -1.610513806 -0.675751388 -0.393695980 -0.571453869 0.248604491
1403637243188318976.000000 6.629461765 -5.106604099 -1.554893613 -0.662384510 -0.419061035 -0.556863070 0.274842203
1403637243388318976.000000 6.393970966 -5.047106266 -1.555013537 -0.674681425 -0.421930194 -0.537978709 0.278134465
1403637243588318976.000000 6.119800568 -5.004894257 -1.563176990 -0.683565855 -0.418627143 -0.526884794 0.282633066
1403637243838319104.000000 5.745738029 -4.962419987 -1.536583066 -0.708379924 -0.407784194 -0.495954335 0.293153942
1403637244038319104.000000 5.455316067 -4.935091496 -1.470576048 -0.719789863 -0.399472445 -0.483139843 0.298161507
1403637244238318848.000000 5.191134453 -4.914310932 -1.369019032 -0.719712913 -0.396500111 -0.487612516 0.295017242
1403637244488318976.000000 4.893220425 -4.894169331 -1.214617968 -0.723148346 -0.403074443 -0.479210168 0.291453630
1403637244688318976.000000 4.679382801 -4.871833324 -1.085744619 -0.708285570 -0.435734421 -0.477538019 0.283592343
1403637244988318976.000000 4.374120235 -4.806506157 -0.939586461 -0.695464551 -0.464493811 -0.463254064 0.293206722
1403637245238318848.000000 4.140594959 -4.714138508 -0.863585949 -0.711041987 -0.463371336 -0.432332903 0.304621875
1403637245588318976.000000 3.877675056 -4.503903389 -0.793825746 -0.687734008 -0.482387632 -0.452436537 0.299374819
1403637245838319104.000000 3.697499275 -4.301857948 -0.783815801 -0.657839835 -0.509012818 -0.446693599 0.329571784
1403637246088318976.000000 3.508399248 -4.081289768 -0.805670440 -0.599875689 -0.555334628 -0.431194007 0.381869733
1403637246388318976.000000 3.261249065 -3.833459854 -0.872642756 -0.507302701 -0.634294212 -0.379866779 0.442737132
1403637246688318976.000000 2.993658066 -3.633282900 -0.973515868 -0.394780546 -0.694106340 -0.337680012 0.498334169
1403637246888318976.000000 2.801729679 -3.556137562 -1.038941503 -0.332586408 -0.721965015 -0.301773489 0.526389241
1403637247288319232.000000 2.411260366 -3.539453506 -1.127185702 -0.297033399 -0.765808702 -0.231965303 0.521057010
1403637247488318976.000000 2.209482193 -3.567312002 -1.178452969 -0.287511438 -0.743069768 -0.240189120 0.554521084
1403637247788319232.000000 1.924705625 -3.670694351 -1.285222054 -0.257989049 -0.750623286 -0.245832279 0.556392848
1403637248138319104.000000 1.619209409 -3.933219194 -1.355611205 -0.221824780 -0.768281221 -0.198119119 0.566821575
1403637248488318976.000000 1.346180916 -4.292786598 -1.418342948 -0.204262376 -0.784325004 -0.166864589 0.561486900
1403637248688318976.000000 1.200919747 -4.518370152 -1.455821276 -0.201433957 -0.780584931 -0.169345975 0.566951036
1403637249188318976.000000 0.869157791 -5.149003029 -1.420388699 -0.218660757 -0.787435353 -0.173619330 0.549535632
1403637249488318976.000000 0.663500547 -5.554685116 -1.352010131 -0.223329917 -0.783737600 -0.175731063 0.552266002
1403637249988318976.000000 0.317173064 -6.267613888 -1.419710994 -0.206766069 -0.778763831 -0.163166493 0.569342911
1403637250488318976.000000 0.035450585 -7.004787922 -1.433960080 -0.188906327 -0.794295788 -0.096416175 0.569308937
1403637252838319104.000000 -0.376107305 -8.503161430 -1.103165269 -0.099967331 -0.819154918 -0.030183341 0.563986540
1403637253338319104.000000 -0.294587433 -8.568697929 -1.090839267 -0.091282673 -0.808118463 -0.049350206 0.579807520
1403637253838319104.000000 -0.177661896 -8.599627495 -1.122444868 -0.085228950 -0.806368470 -0.060195297 0.582136095
1403637254338319104.000000 -0.013394758 -8.658391953 -1.026671290 -0.065325826 -0.811003804 -0.052754164 0.578984022
1403637254838319104.000000 0.175733477 -8.768229485 -0.939813435 -0.045218036 -0.812108815 -0.035629436 0.580659270
1403637255338319104.000000 0.378613889 -8.913257599 -0.941219330 -0.025995702 -0.807925701 -0.015641911 0.588502824
1403637255838319104.000000 0.630645037 -9.080080986 -0.939781666 0.045690678 -0.814136922 0.024836311 0.578339636
1403637256788319232.000000 1.155029178 -9.476572990 -0.873425007 0.082405567 -0.816865027 0.068538442 0.566783488
1403637257088318976.000000 1.318827629 -9.610036850 -0.905275106 0.092926145 -0.810790181 0.074224845 0.573127151
1403637257388318976.000000 1.478668809 -9.736014366 -0.883756757 0.116393924 -0.809219718 0.077864856 0.570572615
1403637257738318848.000000 1.655638099 -9.892266273 -0.864458323 0.126036569 -0.815565228 0.082797907 0.558670580
1403637257938318848.000000 1.745376348 -9.991644859 -0.883440673 0.136367351 -0.819647074 0.094893977 0.548249722
1403637258138319104.000000 1.817746997 -10.098973274 -0.907968819 0.160196543 -0.814641774 0.116550803 0.545079648
1403637258338319104.000000 1.871059418 -10.210977554 -0.909557402 0.192440927 -0.796965480 0.132986441 0.556890726
1403637258538319104.000000 1.918878555 -10.323009491 -0.929712832 0.201219872 -0.795049429 0.154491499 0.550944030
1403637258738318848.000000 1.959586024 -10.428650856 -0.963969707 0.203616515 -0.790972590 0.162048534 0.553753614
1403637258888318976.000000 1.988265395 -10.499687195 -0.993023396 0.202982351 -0.787966371 0.163561270 0.557812691
1403637259138319104.000000 2.031306744 -10.603413582 -1.006732941 0.198734209 -0.788755774 0.164832458 0.557852387
1403637259438318848.000000 2.073690891 -10.701589584 -0.963462770 0.190552026 -0.789446771 0.169201210 0.558421671
1403637259688318976.000000 2.103260040 -10.751555443 -0.947424948 0.184947416 -0.789693117 0.173764393 0.558556437
1403637260188318976.000000 2.136912584 -10.764824867 -0.983692229 0.194670320 -0.789004326 0.159676477 0.560427487
1403637260438318848.000000 2.155819654 -10.747418404 -1.031707168 0.210798576 -0.785880506 0.139212579 0.564425170
1403637260638319104.000000 2.175715208 -10.742651939 -1.078435540 0.212495044 -0.796926796 0.138015911 0.548366010
1403637260838319104.000000 2.193364143 -10.753332138 -1.123868465 0.209175423 -0.793102145 0.143935964 0.553639889
1403637260988318976.000000 2.205969334 -10.767042160 -1.157662988 0.207748160 -0.786510587 0.147707090 0.562516272
1403637261188318976.000000 2.226408720 -10.787504196 -1.204479456 0.209158614 -0.795017838 0.146138594 0.550311565
1403637261338319104.000000 2.240412951 -10.806635857 -1.231085896 0.210640684 -0.799502373 0.143773720 0.543834209
1403637261488318976.000000 2.249424458 -10.830692291 -1.243503690 0.204268530 -0.792934239 0.152708590 0.553362310
1403637261638319104.000000 2.255540371 -10.853619576 -1.252424836 0.206050172 -0.801306784 0.149359971 0.541426241
1403637261788319232.000000 2.253225803 -10.878999710 -1.248222470 0.207501188 -0.801250398 0.146393105 0.541765749
1403637261938318848.000000 2.243382454 -10.908110619 -1.238716722 0.204388633 -0.791515052 0.149332672 0.556263566
1403637262088318976.000000 2.234488726 -10.935774803 -1.247678995 0.199717790 -0.787038207 0.152990654 0.563274026
1403637262188318976.000000 2.230177402 -10.952588081 -1.263975024 0.195866674 -0.787245095 0.156672552 0.563325167
1403637262488318976.000000 2.233800650 -10.951287270 -1.293388367 0.160437480 -0.791694403 0.150754333 0.569871068
1403637262888318976.000000 2.236985683 -10.947108269 -1.295892835 0.150421694 -0.784235120 0.158993244 0.580577195
1403637263388318976.000000 2.237020731 -10.946508408 -1.295361519 0.150451913 -0.783947170 0.158198670 0.581174970
1403637263888318976.000000 2.237290144 -10.946566582 -1.295036435 0.150118038 -0.784031928 0.158562794 0.581047595
1403637264388318976.000000 2.237490654 -10.946259499 -1.295088410 0.150234520 -0.784147203 0.158443794 0.580894470
1403637264888318976.000000 2.237224102 -10.946333885 -1.295140624 0.150035694 -0.784263134 0.158599764 0.580746770
1403637265388318976.000000 2.237419128 -10.946373940 -1.295091629 0.150040776 -0.784416080 0.158523306 0.580559611
