1403637152.188319 3.7091899 2.1038733 -2.4335299 -0.8170360 -0.0613851 0.0368964 0.5721213
1403637152.438319 3.7375901 2.1650791 -2.4035044 -0.8187462 -0.0604675 0.0389887 0.5696298
1403637152.688319 3.7686934 2.2372227 -2.4123530 -0.8179008 -0.0612098 0.0382752 0.5708123
1403637152.938319 3.8041728 2.3117290 -2.4094639 -0.8116265 -0.0595291 0.0421561 0.5796049
1403637154.438319 4.0317903 2.6677871 -2.3414464 -0.8243384 -0.0491155 0.0525612 0.5615078
1403637154.588319 4.0675178 2.7217784 -2.3682752 -0.8186292 -0.0546239 0.0409423 0.5702509
1403637154.788319 4.1192474 2.7987385 -2.3999355 -0.8253219 -0.0573388 0.0187260 0.5614316
1403637154.888319 4.1430030 2.8419142 -2.4103363 -0.8285933 -0.0470232 0.0120429 0.5577427
1403637155.438319 4.2414937 3.1494718 -2.3531451 -0.8145180 0.0097293 -0.0155749 0.5798475
1403637155.588319 4.2666225 3.2367516 -2.3414402 -0.8115672 0.0319093 -0.0234922 0.5829139
1403637157.638319 5.3921924 3.8245749 -2.7551899 -0.7694983 0.3000772 -0.1664263 0.5386356
1403637160.438319 8.6567135 2.8860826 -2.8850756 -0.6692753 0.4655823 -0.3234809 0.4802748
1403637160.488319 8.7191372 2.8568876 -2.8977308 -0.6626804 0.4761457 -0.3331602 0.4723815
1403637160.538319 8.7808895 2.8273268 -2.9111910 -0.6566414 0.4868946 -0.3424522 0.4631224
1403637162.988319 11.2028084 0.9904604 -2.7617073 0.5119612 -0.5948352 0.4502478 -0.4258447
1403637163.088319 11.2188444 0.8642464 -2.7744942 0.4961338 -0.6088961 0.4663095 -0.4070040
1403637163.188319 11.2241716 0.7369723 -2.7910337 0.4764347 -0.6247032 0.4839700 -0.3853946
1403637163.738319 11.0526094 0.1005254 -2.9021215 0.3766956 -0.7203664 0.4900755 -0.3146406
1403637163.788319 11.0243902 0.0428915 -2.9039364 0.3737288 -0.7250252 0.4869688 -0.3122928
1403637163.838319 10.9945011 -0.0158348 -2.9025955 0.3704759 -0.7292569 0.4831064 -0.3123145
1403637164.788319 10.1705418 -1.4502351 -2.7140503 0.3921089 -0.7135353 0.4902238 -0.3111246
1403637165.188319 9.7364101 -2.1619778 -2.7447214 0.3619811 -0.7156168 0.5303955 -0.2748508
1403637165.588319 9.2766142 -2.8185277 -2.7442713 0.3162928 -0.7560525 0.5307888 -0.2158860
1403637166.688319 8.4816198 -4.0204110 -2.8554049 0.3734496 -0.7091457 0.5585173 -0.2137904
1403637169.438319 9.5367088 -1.1853287 -3.4581909 0.4607435 -0.6661059 0.5117877 -0.2865168
1403637171.188319 9.8560305 2.2311506 -3.8264475 -0.7184757 0.3171247 -0.2616792 0.5610248
1403637171.288319 9.7850285 2.3911586 -3.8326454 -0.7231037 0.3022959 -0.2482472 0.5693079
1403637171.438319 9.6706696 2.6096821 -3.8266463 -0.7287434 0.2796863 -0.2496193 0.5730609
1403637171.588319 9.5370617 2.8051386 -3.8067646 -0.7338188 0.2692294 -0.2526486 0.5702580
1403637171.788319 9.3267841 3.0397325 -3.7885733 -0.7337916 0.2650659 -0.2635516 0.5673012
1403637172.138319 8.8452406 3.3845854 -3.8160176 -0.7252343 0.2738988 -0.2763525 0.5680176
1403637172.288319 8.5979757 3.5144095 -3.8297305 -0.7291648 0.2977685 -0.2500672 0.5631332
1403637172.338319 8.5122595 3.5541968 -3.8302269 -0.7305155 0.3061354 -0.2409199 0.5608797
1403637172.988319 7.4614501 3.8202510 -3.7110758 -0.7459308 0.3801429 -0.1970167 0.5101599
1403637173.038319 7.3941154 3.8249407 -3.7086811 -0.7490711 0.3876453 -0.1950081 0.5005952
1403637173.538319 6.9858685 3.8551822 -3.7799778 -0.6935526 0.4738506 -0.2512282 0.4809729
1403637173.688319 6.9365807 3.8391755 -3.8186045 -0.6695802 0.5069956 -0.2586231 0.4772127
1403637173.788319 6.9189672 3.8169291 -3.8522224 -0.6573506 0.5297597 -0.2589266 0.4692568
1403637173.938319 6.9257040 3.7626958 -3.9069929 -0.6517573 0.5568314 -0.2608442 0.4439723
1403637174.038319 6.9556856 3.7101984 -3.9304008 -0.6540263 0.5514424 -0.2876308 0.4306152
1403637174.088319 6.9786315 3.6814213 -3.9343691 -0.6512805 0.5445527 -0.3049748 0.4316093
1403637174.188319 7.0343652 3.6222174 -3.9284782 -0.6394519 0.5284796 -0.3375801 0.4448036
1403637174.238319 7.0644855 3.5922945 -3.9206963 -0.6322466 0.5225694 -0.3482891 0.4537404
1403637174.338319 7.1234846 3.5301983 -3.9010744 -0.6221925 0.5190971 -0.3547916 0.4664092
1403637174.438319 7.1785250 3.4641862 -3.8757610 -0.6143036 0.5239047 -0.3481549 0.4763854
1403637174.638319 7.2829485 3.3029516 -3.8111067 -0.5957786 0.5401540 -0.3479597 0.4818772
1403637175.488319 7.5540638 2.3122373 -3.7131348 0.4920963 -0.6124361 0.4445891 -0.4302369
1403637175.788319 7.5044703 1.8853517 -3.7347765 0.5038530 -0.6313536 0.4166464 -0.4170500
1403637175.888319 7.4761639 1.7253013 -3.7275934 0.5106984 -0.6263566 0.4226133 -0.4101983
1403637176.088319 7.4067960 1.3897729 -3.6830826 0.5121387 -0.6096433 0.4408063 -0.4144138
1403637176.188319 7.3631349 1.2184172 -3.6560907 0.5118054 -0.6016236 0.4480670 -0.4187366
1403637176.288319 7.3113103 1.0453997 -3.6353841 0.5104009 -0.5984013 0.4530748 -0.4196786
1403637176.838319 6.8945994 0.0884418 -3.6069388 0.4975328 -0.6387084 0.4490358 -0.3779943
1403637177.438319 6.4507227 -0.9597347 -3.7195306 0.5230101 -0.6786634 0.4054745 -0.3185388
1403637177.538319 6.4170704 -1.1411581 -3.7530885 0.5279512 -0.6758976 0.4127157 -0.3067504
1403637177.788319 6.4091930 -1.5822258 -3.8045626 0.5321768 -0.6571683 0.4483892 -0.2895943
1403637179.038319 7.4072342 -2.6561627 -3.9205294 0.4250542 -0.6775024 0.5272472 -0.2869321
1403637179.488319 7.8762469 -2.5703983 -3.9432764 0.4392470 -0.6837574 0.5126239 -0.2770465
1403637180.238319 8.5984573 -2.1199794 -4.1683846 0.4352736 -0.6812053 0.5187290 -0.2782383
1403637180.338319 8.6875343 -2.0187631 -4.2062187 0.4321885 -0.6857882 0.5116239 -0.2848659
1403637180.638319 8.9531717 -1.7081575 -4.2776003 0.4432686 -0.7020003 0.4885454 -0.2683876
1403637180.738319 9.0516291 -1.6063011 -4.2808161 0.4415767 -0.6935738 0.5015985 -0.2690062
1403637180.838319 9.1530809 -1.5020542 -4.2761841 0.4402858 -0.6874545 0.5122679 -0.2667139
1403637180.938319 9.2567921 -1.3938532 -4.2659769 0.4430180 -0.6812819 0.5229962 -0.2570310
1403637181.438319 9.7975817 -0.7163320 -4.1038733 0.4152269 -0.6853383 0.5311401 -0.2752965
1403637181.538319 9.8988142 -0.5638900 -4.0531359 0.4164758 -0.6877404 0.5298627 -0.2698272
1403637182.038319 10.3627071 0.2536297 -3.7689638 0.4010162 -0.6999680 0.5226985 -0.2757122
1403637182.138319 10.4482374 0.4199743 -3.7227345 0.3977918 -0.6961430 0.5272262 -0.2813880
1403637182.438319 10.6622753 0.9221253 -3.6077642 0.3828340 -0.6885185 0.5294650 -0.3147178
1403637182.638319 10.7519789 1.2511673 -3.5272255 0.3894250 -0.6765432 0.5429214 -0.3096350
1403637183.038319 10.7794399 1.9324551 -3.3702269 0.3731447 -0.6863009 0.5295190 -0.3307020
1403637183.638319 10.4243975 2.8541255 -3.4423094 0.3556182 -0.6985192 0.5118257 -0.3516264
1403637183.888319 10.1232662 3.1530557 -3.5069056 0.3503470 -0.7127423 0.4904489 -0.3587692
1403637183.988319 9.9780598 3.2493522 -3.5251665 0.3480916 -0.7193949 0.4807088 -0.3608634
1403637184.138319 9.7337265 3.3618100 -3.5348635 0.3475240 -0.7246152 0.4746082 -0.3590361
1403637184.238319 9.5561743 3.4134059 -3.5329018 0.3532108 -0.7236983 0.4785347 -0.3500106
1403637184.788319 8.5301991 3.5364556 -3.6721735 0.4043550 -0.7339771 0.4669737 -0.2823299
1403637184.888319 8.3558388 3.5370390 -3.6938848 0.4067866 -0.7363884 0.4629205 -0.2792161
1403637185.038319 8.1130238 3.5207224 -3.7069950 0.4113029 -0.7381817 0.4593326 -0.2737358
1403637185.188319 7.8934436 3.4844651 -3.6983261 0.4115953 -0.7401932 0.4567599 -0.2721646
1403637185.338319 7.6993775 3.4277089 -3.6743603 0.4165943 -0.7428487 0.4526416 -0.2640844
1403637185.438319 7.5832753 3.3801444 -3.6474390 0.4228602 -0.7440944 0.4504137 -0.2542444
1403637186.188319 7.0339313 2.9052734 -3.4030986 0.4072896 -0.7109762 0.5043991 -0.2724145
1403637186.338319 6.9586124 2.8109159 -3.3506513 0.4075590 -0.7095234 0.5062190 -0.2724236
1403637186.538319 6.8655014 2.6945651 -3.2449450 0.3988726 -0.7113956 0.5048530 -0.2827374
1403637186.988319 6.6446209 2.4342570 -3.0602264 0.3781789 -0.7332304 0.4751607 -0.3059023
1403637187.188319 6.5352106 2.2863081 -3.0317802 0.3737296 -0.7296082 0.4818418 -0.3095585
1403637187.338319 6.4445314 2.1537671 -3.0320487 0.3802994 -0.7357727 0.4816641 -0.2863748
1403637187.538319 6.3304911 1.9579399 -3.0424595 0.3880427 -0.7427586 0.4795115 -0.2603869
1403637187.688319 6.2588453 1.8011862 -3.0558839 0.3851851 -0.7471364 0.4768358 -0.2569965
1403637187.888319 6.1829977 1.5754648 -3.0842853 0.3840491 -0.7518209 0.4721141 -0.2537316
1403637188.088319 6.1356874 1.3284296 -3.1217222 0.3878388 -0.7462040 0.4812555 -0.2472933
1403637189.838319 6.0198207 -0.8747928 -3.6298528 0.3173561 -0.7535233 0.5308802 -0.2228318
1403637189.988319 5.9943771 -1.0669963 -3.6203237 0.3180349 -0.7507854 0.5342965 -0.2229402
1403637190.988319 5.7626886 -2.1417305 -3.4175310 0.3387407 -0.7341558 0.5349485 -0.2451534
1403637191.238319 5.6821575 -2.3505337 -3.4281020 0.3467655 -0.7282303 0.5336645 -0.2542374
1403637191.388319 5.6274261 -2.4685798 -3.4497685 0.3502598 -0.7253376 0.5360743 -0.2526418
1403637191.938319 5.4090767 -2.8184147 -3.4258256 0.3685330 -0.7322849 0.5314813 -0.2132367
1403637192.138319 5.3605256 -2.9049489 -3.3606319 0.3716260 -0.7398295 0.5226681 -0.2033825
1403637192.338319 5.3461552 -2.9723301 -3.2724166 0.3785461 -0.7396775 0.5228338 -0.1903284
1403637192.438319 5.3557043 -2.9990573 -3.2279849 0.3774221 -0.7389707 0.5243641 -0.1910947
1403637192.588319 5.3865108 -3.0282226 -3.1740608 0.3670856 -0.7508715 0.5095817 -0.2043686
1403637192.838319 5.4748421 -3.0781024 -3.1152506 0.3619269 -0.7552398 0.5034231 -0.2125724
1403637192.988319 5.5495977 -3.1130891 -3.0777202 0.3603322 -0.7486714 0.5121667 -0.2175710
1403637193.138319 5.6351643 -3.1473668 -3.0248427 0.3512166 -0.7556738 0.5020576 -0.2313920
1403637193.688319 5.9906383 -3.3769403 -2.8859339 0.3616330 -0.7456754 0.5157009 -0.2173531
1403637193.788319 6.0676045 -3.4261832 -2.8550334 0.3643591 -0.7440950 0.5173928 -0.2141724
1403637193.938319 6.1920233 -3.4953640 -2.8034101 0.3645114 -0.7428662 0.5189078 -0.2145131
1403637194.038319 6.2798319 -3.5389185 -2.7803020 0.3618810 -0.7384974 0.5253268 -0.2183934
1403637194.338319 6.5531802 -3.6499095 -2.7773142 0.3590320 -0.7401050 0.5241495 -0.2204719
1403637194.638319 6.8494463 -3.7379570 -2.7413664 0.3595172 -0.7435918 0.5197753 -0.2182937
1403637194.738319 6.9538364 -3.7642252 -2.7178450 0.3604554 -0.7475777 0.5146351 -0.2152912
1403637194.938319 7.1751890 -3.8158746 -2.6786556 0.3581226 -0.7507614 0.5114233 -0.2157583
1403637195.038319 7.2917929 -3.8422937 -2.6672039 0.3546201 -0.7457963 0.5193881 -0.2197009
1403637195.438319 7.7600846 -3.9255886 -2.6762381 0.3483355 -0.7318187 0.5385095 -0.2304590
1403637195.538319 7.8738575 -3.9361610 -2.6792707 0.3537149 -0.7309136 0.5341736 -0.2351801
1403637195.938319 8.3056927 -3.9446895 -2.6204815 0.3798240 -0.7155494 0.5382980 -0.2322886
1403637196.138319 8.5148106 -3.9156160 -2.5992765 0.3933789 -0.6975689 0.5587457 -0.2155322
1403637196.438319 8.8360634 -3.7719061 -2.5997295 0.3942395 -0.6702868 0.5928237 -0.2094064
1403637196.638319 9.0431261 -3.5812910 -2.6239014 0.3878828 -0.6757419 0.5888366 -0.2149219
1403637196.738319 9.1426821 -3.4590678 -2.6422348 0.3831186 -0.6800843 0.5848661 -0.2205384
1403637196.838319 9.2378712 -3.3220100 -2.6667452 0.3802969 -0.6835576 0.5817778 -0.2228407
1403637196.938319 9.3285980 -3.1708584 -2.6942463 0.3778110 -0.6827673 0.5838400 -0.2240950
1403637197.238319 9.5717316 -2.6336436 -2.7599840 0.3847062 -0.6906731 0.5531413 -0.2626910
1403637197.338319 9.6390972 -2.4352384 -2.7684231 0.4025936 -0.6884097 0.5357584 -0.2774410
1403637197.438319 9.7011070 -2.2322609 -2.7681351 0.4255494 -0.6795835 0.5189859 -0.2961887
1403637197.688319 9.8310852 -1.7151425 -2.7406034 0.5091265 -0.6307884 0.4793964 -0.3362667
1403637197.788319 9.8771200 -1.5072002 -2.7172890 0.5395173 -0.6038464 0.4681978 -0.3536688
1403637198.638319 10.0384407 0.4377561 -2.3297777 -0.6694213 0.4267960 -0.4143684 0.4449933
1403637198.738319 10.0247173 0.6894321 -2.3181801 -0.6700786 0.4236704 -0.4130493 0.4482057
1403637198.888319 9.9853191 1.0768762 -2.3315725 -0.6615524 0.4212429 -0.4147165 0.4614251
1403637199.088319 9.8861380 1.6117468 -2.3619671 -0.6473845 0.4284543 -0.3954999 0.4908157
1403637199.288319 9.7270679 2.1419187 -2.3723469 -0.6615018 0.4185294 -0.3673052 0.5023299
1403637199.388319 9.6284866 2.4002180 -2.3656721 -0.6711655 0.4013219 -0.3575340 0.5105360
1403637199.588319 9.3968124 2.9005194 -2.3479300 -0.6919700 0.3603535 -0.3314224 0.5305489
1403637199.688319 9.2642441 3.1419950 -2.3484917 -0.6972412 0.3430022 -0.3113397 0.5470574
1403637199.788319 9.1224489 3.3767636 -2.3603020 -0.7021387 0.3272485 -0.2844755 0.5647861
1403637199.888319 8.9738255 3.6037068 -2.3933644 -0.7037472 0.3092480 -0.2521258 0.5878251
1403637199.988319 8.8203650 3.8177900 -2.4426985 -0.7014834 0.2873485 -0.2186874 0.6144329
1403637200.088319 8.6616173 4.0101604 -2.4980159 -0.7007150 0.2589662 -0.1892666 0.6372702
1403637200.188319 8.4993315 4.1759205 -2.5587573 -0.7070817 0.2255172 -0.1672004 0.6490159
1403637200.288319 8.3349352 4.3136082 -2.6259289 -0.7243751 0.1923723 -0.1548978 0.6436460
1403637200.888319 7.3340521 4.8015842 -2.8718257 -0.7783521 0.1739090 -0.1090820 0.5933169
1403637202.788319 6.1995173 4.3526630 -2.8344216 -0.7823401 0.2472488 -0.1646506 0.5474506
1403637204.788319 6.6396790 3.6094480 -2.8921199 -0.7742649 0.2481250 -0.1936083 0.5490571
1403637207.288319 6.2426715 3.3511667 -2.8193054 -0.7756636 0.2320716 -0.1745172 0.5603860
1403637208.288319 6.0521231 3.1530240 -2.7595143 -0.7814208 0.2399115 -0.1763798 0.5483741
1403637210.188319 5.7398829 3.1070118 -2.7294006 -0.8481791 0.1961162 -0.1307265 0.4743852
1403637211.688319 6.4461598 5.4259729 -3.2776461 -0.7959819 0.2054503 -0.1338928 0.5534219
1403637211.888319 6.5968618 5.7560587 -3.3423109 -0.8053199 0.2168595 -0.1168524 0.5392377
1403637212.038319 6.7274256 6.0007839 -3.3683128 -0.8036429 0.2116823 -0.1261910 0.5416868
1403637212.138319 6.8206711 6.1645803 -3.3744612 -0.7949902 0.2064397 -0.1349408 0.5542240
1403637212.238319 6.9145174 6.3247409 -3.3746777 -0.7878481 0.2033932 -0.1412650 0.5638889
1403637212.338319 7.0075655 6.4802523 -3.3700981 -0.7841893 0.2021480 -0.1445743 0.5685786
1403637212.438319 7.0987492 6.6297112 -3.3591404 -0.7826196 0.2022620 -0.1470978 0.5700517
1403637212.738319 7.3588800 7.0473456 -3.3059053 -0.7963213 0.2066189 -0.1472113 0.5490990
1403637212.838319 7.4451828 7.1843891 -3.2829447 -0.7990969 0.2054216 -0.1491896 0.5449666
1403637213.088319 7.6583986 7.5311813 -3.2148256 -0.8009505 0.2002365 -0.1515555 0.5435206
1403637213.188319 7.7412839 7.6713581 -3.1909657 -0.8016239 0.2010612 -0.1468047 0.5435274
1403637213.288319 7.8242784 7.8118005 -3.1732941 -0.8015679 0.2010129 -0.1443997 0.5442716
1403637213.388319 7.9076414 7.9529305 -3.1615105 -0.8001014 0.1998988 -0.1451425 0.5466369
1403637213.588319 8.0725374 8.2329206 -3.1550293 -0.7963915 0.1930297 -0.1545512 0.5519185
1403637213.788319 8.2259359 8.5070629 -3.1723785 -0.8003873 0.1810135 -0.1700225 0.5456250
1403637213.888319 8.2937841 8.6444283 -3.1884804 -0.8016862 0.1779871 -0.1723844 0.5439702
1403637213.988319 8.3554850 8.7848320 -3.2058983 -0.8011125 0.1759628 -0.1734826 0.5451236
1403637214.088319 8.4087772 8.9290943 -3.2160263 -0.7972388 0.1727048 -0.1679669 0.5535076
1403637214.288319 8.4934540 9.2183485 -3.2144871 -0.7929747 0.1579046 -0.1446887 0.5703704
1403637214.338319 8.5108805 9.2889042 -3.2095947 -0.7922255 0.1495065 -0.1398786 0.5748571
1403637214.538319 8.5609646 9.5555363 -3.1804380 -0.7930766 0.0942593 -0.1302333 0.5875238
1403637214.638319 8.5711660 9.6791458 -3.1581163 -0.7926514 0.0662209 -0.1287150 0.5922424
1403637215.038319 8.4687977 10.1184092 -3.0404100 -0.7877426 0.0228570 -0.1205659 0.6036581
1403637215.138319 8.4064369 10.2096157 -3.0200434 -0.7846599 0.0226167 -0.1198004 0.6078202
1403637215.238319 8.3294830 10.2935143 -3.0054426 -0.7820176 0.0256093 -0.1154536 0.6119338
1403637215.338319 8.2383060 10.3686047 -2.9962978 -0.7798077 0.0269239 -0.1048836 0.6165830
1403637215.438319 8.1342850 10.4327164 -2.9907227 -0.7745456 0.0245020 -0.0882987 0.6258452
1403637215.638319 7.8972554 10.5138569 -2.9734335 -0.7680975 0.0006548 -0.0507625 0.6383173
1403637215.738319 7.7687325 10.5277367 -2.9588623 -0.7739648 -0.0209524 -0.0337369 0.6319822
1403637216.138319 7.2259245 10.4669285 -2.8384638 -0.7949873 -0.0863794 0.0416856 0.5989960
1403637216.238319 7.0921454 10.4341240 -2.8059855 -0.7942178 -0.0949440 0.0558849 0.5975622
1403637216.338319 6.9628105 10.3969498 -2.7798433 -0.7917460 -0.0991909 0.0654961 0.5991742
1403637216.538319 6.7185841 10.3089399 -2.7460451 -0.7809628 -0.1013529 0.0723866 0.6120333
1403637216.638319 6.6044531 10.2547722 -2.7369528 -0.7780313 -0.0977072 0.0772102 0.6157590
1403637216.738319 6.4965816 10.1913614 -2.7309275 -0.7725180 -0.0924114 0.0810833 0.6229780
1403637216.988319 6.2629075 9.9853592 -2.7057161 -0.7644780 -0.0884065 0.0725810 0.6344209
1403637217.188319 6.1099424 9.7588081 -2.6718264 -0.7785339 -0.0719521 0.0873806 0.6173108
1403637217.388319 5.9953337 9.5022297 -2.6619644 -0.7837124 -0.0565205 0.0992710 0.6105288
1403637217.588319 5.9283018 9.2249441 -2.6811848 -0.7823164 -0.0577864 0.1000870 0.6120657
1403637217.788319 5.9050217 8.9228239 -2.7111344 -0.7672117 -0.1069354 0.0846664 0.6267238
1403637217.988319 5.9004192 8.5777578 -2.7199607 -0.7632431 -0.1576914 0.0979108 0.6188754
1403637218.088319 5.9020281 8.3902540 -2.7154903 -0.7650957 -0.1716450 0.1088271 0.6110019
1403637218.188319 5.9066753 8.1957769 -2.7110429 -0.7662163 -0.1816309 0.1158652 0.6053908
1403637218.288319 5.9128475 7.9965782 -2.7120676 -0.7668508 -0.1881082 0.1199808 0.6017971
1403637218.388319 5.9207544 7.7930560 -2.7186117 -0.7661056 -0.1920987 0.1211258 0.6012562
1403637218.488319 5.9308543 7.5830512 -2.7280426 -0.7654015 -0.1932904 0.1220463 0.6015847
1403637218.638319 5.9478536 7.2629418 -2.7392893 -0.7672668 -0.1933214 0.1206881 0.5994688
1403637218.738319 5.9594555 7.0455995 -2.7400022 -0.7717381 -0.1925159 0.1186892 0.5943659
1403637218.838319 5.9723468 6.8233728 -2.7452507 -0.7741280 -0.1929435 0.1140123 0.5920304
1403637218.938319 5.9848757 6.5995235 -2.7679346 -0.7745132 -0.1968626 0.1048953 0.5919218
1403637219.038319 5.9954462 6.3727236 -2.8039689 -0.7744070 -0.2008023 0.0965340 0.5921599
1403637219.138319 6.0017657 6.1425409 -2.8436501 -0.7739958 -0.2016231 0.0942984 0.5927786
1403637219.238319 6.0036345 5.9080238 -2.8788135 -0.7749777 -0.2002280 0.0948261 0.5918838
1403637219.338319 6.0023465 5.6666002 -2.9069371 -0.7767038 -0.1975623 0.0971246 0.5901417
1403637219.438319 5.9973512 5.4219379 -2.9294977 -0.7795962 -0.1962451 0.0978780 0.5866324
1403637219.538319 5.9884682 5.1745553 -2.9455187 -0.7892850 -0.1949685 0.0985069 0.5738580
1403637219.638319 5.9765639 4.9275885 -2.9550819 -0.7984328 -0.1935254 0.0988412 0.5615010
1403637219.738319 5.9608908 4.6847506 -2.9585426 -0.8031827 -0.1926221 0.0984635 0.5550669
1403637220.038319 5.8834705 4.0042162 -2.9208107 -0.8087758 -0.1915195 0.0988657 0.5471998
1403637220.138319 5.8470731 3.7957900 -2.8911746 -0.8091761 -0.1920852 0.0972828 0.5466933
1403637220.238319 5.8060174 3.5939844 -2.8546081 -0.8098224 -0.1895468 0.1012950 0.5458928
1403637220.488319 5.6929550 3.1205902 -2.7345541 -0.8067185 -0.1729399 0.1213438 0.5518811
1403637220.988319 5.5037169 2.2939990 -2.5818987 -0.8081906 -0.1678894 0.1216291 0.5512236
1403637221.088319 5.4738545 2.1484919 -2.5694637 -0.8117604 -0.1637537 0.1160797 0.5484115
1403637221.188319 5.4459124 2.0117469 -2.5629437 -0.8161617 -0.1557406 0.1070570 0.5460438
1403637221.288319 5.4200840 1.8836589 -2.5619016 -0.8194570 -0.1443540 0.0957084 0.5463443
1403637221.788319 5.2930236 1.3597846 -2.6312101 -0.8275625 -0.1051918 0.0739400 0.5464503
1403637221.888319 5.2705178 1.2796242 -2.6588421 -0.8293720 -0.0981945 0.0710474 0.5453917
1403637222.188319 5.2188568 1.0964200 -2.7622862 -0.8353148 -0.0491129 0.0375100 0.5462876
1403637222.838319 5.1654062 0.8634596 -2.9544947 -0.8224218 0.0030407 -0.0032591 0.5688608
1403637222.938319 5.1628170 0.8327851 -2.9572215 -0.8290974 0.0023782 -0.0027313 0.5590923
1403637223.288319 5.1641073 0.7753062 -2.9012666 -0.8318956 -0.0052769 -0.0010334 0.5549060
1403637225.138319 5.1300678 0.8668530 -2.8089588 -0.8107035 -0.0185545 -0.0055679 0.5851365
1403637225.438319 5.1030993 0.8499584 -2.8794596 -0.8079340 -0.0210262 -0.0048705 0.5888777
1403637225.638319 5.0784688 0.8201818 -2.8959217 -0.8094640 -0.0234494 -0.0051283 0.5866787
1403637226.588319 4.8676910 0.6531553 -2.7365634 -0.8249286 -0.0278877 -0.0077624 0.5644953
1403637226.688319 4.8364568 0.6350586 -2.7334623 -0.8265011 -0.0277463 -0.0076349 0.5621991
1403637226.788319 4.8025384 0.6201854 -2.7352409 -0.8273681 -0.0269941 -0.0056622 0.5609824
1403637227.238319 4.6409755 0.6069164 -2.7623742 -0.8214127 -0.0012797 0.0240706 0.5698246
1403637227.638319 4.5609345 0.6384077 -2.7420073 -0.8230478 -0.0062245 0.0081279 0.5678799
1403637228.488319 4.4944949 0.7373018 -2.8273227 -0.8036438 -0.0183131 -0.0037977 0.5948167
1403637228.788319 4.4632282 0.7164845 -2.7916818 -0.8102893 -0.0192996 -0.0033666 0.5857026
1403637229.238319 4.4002199 0.6554368 -2.7860420 -0.8081418 -0.0215830 -0.0101774 0.5885045
1403637229.338319 4.3835640 0.6384761 -2.7965152 -0.8087648 -0.0187216 -0.0139533 0.5876686
1403637229.538319 4.3479247 0.5971682 -2.8287611 -0.8227713 0.0231159 -0.0103773 0.5678074
1403637229.638319 4.3345823 0.5779617 -2.8478706 -0.8277287 0.0542866 -0.0122189 0.5583626
1403637229.738319 4.3287849 0.5627847 -2.8691790 -0.8288003 0.0839419 -0.0238617 0.5526975
1403637230.288319 4.3678923 0.5387554 -2.9805865 -0.8035458 0.1966532 -0.1454392 0.5426685
1403637230.388319 4.3736243 0.5420868 -2.9821131 -0.7994708 0.2060543 -0.1543282 0.5427440
1403637230.688319 4.3869472 0.5675647 -2.9394159 -0.7730957 0.2249443 -0.1772543 0.5659541
1403637230.838319 4.3874946 0.5722992 -2.9020169 -0.7716848 0.2582038 -0.1812576 0.5522490
1403637230.938319 4.3898444 0.5724337 -2.8803864 -0.7717230 0.2864303 -0.1875361 0.5359398
1403637231.288319 4.4395318 0.5671234 -2.8779449 -0.7327963 0.3965983 -0.2448936 0.4957283
1403637231.388319 4.4673691 0.5639894 -2.9096105 -0.7112106 0.4301511 -0.2673528 0.4875163
1403637231.538319 4.5174260 0.5541377 -2.9871113 -0.6751994 0.4849702 -0.2955973 0.4706718
1403637231.688319 4.5771027 0.5317178 -3.0911803 -0.6408774 0.5344781 -0.3261730 0.4440951
1403637231.938319 4.7060018 0.4688962 -3.2356286 0.5852268 -0.5968795 0.3684047 -0.4068447
1403637232.038319 4.7695169 0.4347925 -3.2751942 0.5615326 -0.6145314 0.3837744 -0.3996867
1403637232.288319 4.9388485 0.3144743 -3.3309112 0.4997986 -0.6458028 0.4267842 -0.3885814
1403637232.488319 5.0616722 0.1827390 -3.3466597 0.4633564 -0.6655121 0.4588105 -0.3631629
1403637232.988319 5.2923288 -0.2776310 -3.2994270 0.3861937 -0.7547906 0.4453485 -0.2877675
1403637233.488319 5.6015229 -1.0051585 -3.2172117 0.4113882 -0.7654780 0.4329074 -0.2395715
1403637233.988319 6.1912804 -1.8023956 -3.3584251 0.4655253 -0.6706152 0.5460678 -0.1880731
1403637234.988319 7.9801807 -1.7234731 -3.8817263 0.4654045 -0.6408693 0.5117220 -0.3329052
1403637235.338319 8.4959917 -1.3639622 -4.0331011 0.5194338 -0.6052806 0.4827072 -0.3616873
1403637235.488319 8.6844139 -1.1931663 -4.0754843 0.5408191 -0.6099014 0.4564023 -0.3566957
1403637235.688319 8.9267588 -0.9548559 -4.1053219 0.5641004 -0.6002318 0.4371331 -0.3611470
1403637235.838319 9.1094723 -0.7685680 -4.1039963 -0.5788372 0.5681406 -0.4502552 0.3734089
1403637235.988319 9.2821522 -0.5655866 -4.0880747 -0.6003839 0.5327268 -0.4611554 0.3782554
1403637236.138319 9.4382248 -0.3327827 -4.0568609 -0.6226006 0.5047179 -0.4580359 0.3844887
1403637236.288319 9.5733814 -0.0657659 -4.0079460 -0.6421458 0.4819750 -0.4461690 0.3953252
1403637236.438319 9.6839752 0.2354083 -3.9431076 -0.6561726 0.4640789 -0.4272903 0.4141153
1403637236.738319 9.8521166 0.9061131 -3.8095798 -0.6600788 0.4410731 -0.4075460 0.4512836
1403637236.888319 9.8989763 1.2648888 -3.7476187 -0.6564299 0.4231438 -0.4007657 0.4789947
1403637238.088319 8.6959124 3.5222189 -2.8575974 -0.6521696 0.4233819 -0.2873431 0.5593359
1403637238.238319 8.4201174 3.6440611 -2.7626801 -0.6372383 0.4709550 -0.2773918 0.5433070
1403637238.488319 7.9778242 3.7395740 -2.6287746 -0.5837681 0.5559751 -0.2826316 0.5198326
1403637238.738319 7.5584655 3.6737509 -2.5314569 0.5476842 -0.6297022 0.2819763 -0.4732934
1403637238.988319 7.2066064 3.4343476 -2.4534788 0.5558679 -0.6819425 0.2455885 -0.4070032
1403637239.138319 7.0747423 3.2008348 -2.4022064 0.5677673 -0.6806741 0.2645534 -0.3799139
1403637239.288319 7.0139470 2.9148424 -2.3449411 0.5648599 -0.6660911 0.3128608 -0.3733284
1403637239.438319 6.9992342 2.5976291 -2.2986984 0.5458648 -0.6711246 0.3408007 -0.3680739
1403637239.588319 7.0149655 2.2566860 -2.2850494 0.5180604 -0.6854864 0.3664675 -0.3569641
1403637239.738319 7.0536413 1.8938253 -2.3123407 0.4857008 -0.6977511 0.3998222 -0.3426082
1403637239.888319 7.1083183 1.5146750 -2.3707361 0.4502851 -0.6972126 0.4511505 -0.3280261
1403637240.038319 7.1636486 1.1306498 -2.4488516 0.4142132 -0.7025130 0.4900290 -0.3078549
1403637240.188319 7.2110667 0.7515521 -2.5398407 0.3779901 -0.7181420 0.5108632 -0.2835741
1403637240.388319 7.2583103 0.2598464 -2.6723328 0.3494759 -0.7488832 0.5086466 -0.2414938
1403637240.588319 7.3105888 -0.2215915 -2.7853594 0.3457767 -0.7659441 0.5007564 -0.2073911
1403637240.788319 7.3910875 -0.6964896 -2.8610024 0.3449344 -0.7625449 0.5090801 -0.2009552
1403637240.938319 7.4723730 -1.0472665 -2.8936663 0.3454864 -0.7429762 0.5351329 -0.2055680
1403637241.088319 7.5611205 -1.3793542 -2.9247236 0.3468331 -0.7388443 0.5378156 -0.2111170
1403637241.288319 7.6871567 -1.7957752 -2.9906464 0.3571407 -0.7361885 0.5358319 -0.2082336
1403637241.588319 7.9035258 -2.3555787 -3.1039085 0.3760939 -0.7182716 0.5520552 -0.1946132
1403637241.888319 8.1649237 -2.7818034 -3.1627922 0.3691498 -0.6996018 0.5734624 -0.2131352
1403637242.338319 8.5206594 -3.1370802 -3.1604233 0.3645099 -0.6957880 0.5809621 -0.2132949
1403637242.788319 8.8140707 -3.1309979 -3.1622486 0.3852993 -0.6775995 0.5815015 -0.2329361
1403637242.938319 8.8964586 -3.0356891 -3.1405849 0.3916663 -0.6695799 0.5755132 -0.2589301
1403637243.388319 9.0630484 -2.5781643 -3.1060715 0.4137265 -0.6768513 0.5490831 -0.2630790
1403637243.538319 9.1002007 -2.3781412 -3.1119785 0.4114284 -0.6816472 0.5432475 -0.2663942
1403637243.688319 9.1308393 -2.1604640 -3.1075115 0.4088497 -0.6949583 0.5267422 -0.2691052
1403637243.838319 9.1610794 -1.9366069 -3.0810776 0.4000727 -0.7107797 0.5071691 -0.2784126
1403637243.988319 9.1862946 -1.7181914 -3.0345325 0.3928903 -0.7214188 0.4946765 -0.2837029
1403637244.288319 9.2252026 -1.3247895 -2.8879566 0.3882360 -0.7231487 0.4980531 -0.2797713
1403637244.438319 9.2383661 -1.1474338 -2.7965727 0.3910025 -0.7265568 0.4919304 -0.2779152
1403637244.738319 9.2712908 -0.8259819 -2.6129379 0.4357699 -0.7069061 0.4875437 -0.2696101
1403637244.888319 9.3010330 -0.6740985 -2.5400209 0.4515848 -0.6987060 0.4824262 -0.2741280
1403637245.038319 9.3440104 -0.5251861 -2.4797096 0.4570204 -0.7005845 0.4696148 -0.2824459
1403637245.188319 9.3995562 -0.3842343 -2.4342041 0.4542706 -0.7147399 0.4445064 -0.2918888
1403637245.488319 9.5646009 -0.1565069 -2.3699865 0.4668493 -0.6966378 0.4655797 -0.2828129
1403637245.638319 9.6698284 -0.0497874 -2.3533297 0.4793420 -0.6878440 0.4624618 -0.2884979
1403637245.788319 9.7883282 0.0567594 -2.3480034 0.4955006 -0.6714550 0.4583759 -0.3058088
1403637245.938319 9.9163275 0.1654167 -2.3522358 0.5159178 -0.6397287 0.4587808 -0.3377812
1403637246.088319 10.0419016 0.2788408 -2.3696747 0.5477321 -0.6036271 0.4462513 -0.3694369
1403637246.238319 10.1612196 0.3973911 -2.3986588 -0.5858690 0.5617206 -0.4231297 0.4027268
1403637246.538319 10.3724451 0.6438804 -2.4846840 -0.6641828 0.4545751 -0.3761923 0.4590230
1403637246.788319 10.4995594 0.8656478 -2.5756969 -0.7015300 0.3675633 -0.3398703 0.5071895
1403637247.188319 10.5432186 1.2397718 -2.6674457 -0.7576293 0.3036039 -0.2620218 0.5149438
1403637247.338319 10.5321865 1.3863502 -2.7042818 -0.7579255 0.3014778 -0.2512059 0.5211101
1403637247.688319 10.4590931 1.7269869 -2.8172035 -0.7398459 0.2802932 -0.2631730 0.5520904
1403637247.788319 10.4164228 1.8179412 -2.8533621 -0.7450797 0.2644013 -0.2662311 0.5514247
1403637247.938319 10.3260498 1.9531364 -2.8903465 -0.7485635 0.2450426 -0.2549283 0.5609087
1403637248.088319 10.2032337 2.0807910 -2.9122806 -0.7575717 0.2329482 -0.2281671 0.5654732
1403637248.238319 10.0603361 2.1991906 -2.9288001 -0.7747399 0.2205868 -0.2053553 0.5558317
1403637248.488319 9.8034353 2.3911037 -2.9808874 -0.7800410 0.2110570 -0.1880039 0.5582522
1403637248.588319 9.6967058 2.4667406 -3.0026660 -0.7746686 0.2081340 -0.1891826 0.5663732
1403637248.938319 9.2867718 2.7065032 -3.0301871 -0.7840415 0.2185439 -0.1908249 0.5487289
1403637249.188319 8.9723806 2.8749516 -2.9910398 -0.7828026 0.2252404 -0.1947934 0.5463904
1403637249.288319 8.8432703 2.9438553 -2.9639602 -0.7811619 0.2274901 -0.1952692 0.5476353
1403637249.388319 8.7126694 3.0137563 -2.9378934 -0.7797664 0.2285273 -0.1971373 0.5485222
1403637249.488319 8.5803394 3.0847483 -2.9262052 -0.7790661 0.2298269 -0.1968950 0.5490611
1403637249.588319 8.4468260 3.1563406 -2.9329705 -0.7789721 0.2304982 -0.1959589 0.5492477
1403637249.738319 8.2434177 3.2633049 -2.9636154 -0.7748207 0.2288488 -0.1963772 0.5556232
1403637249.888319 8.0348501 3.3691256 -2.9882545 -0.7703714 0.2209549 -0.1944466 0.5655947
1403637250.438319 7.2335577 3.6937270 -3.0012698 -0.7897387 0.1957723 -0.1235267 0.5680907
1403637250.938319 6.6400776 3.9042840 -3.0103350 -0.7986346 0.1839977 -0.1042250 0.5634402
1403637251.938319 6.0097675 4.1632748 -2.6762290 -0.8028964 0.1005192 -0.0694160 0.5834678
1403637252.838319 5.7104115 4.1268272 -2.6917839 -0.8169891 0.1066590 -0.0517274 0.5643376
1403637254.338319 5.5560694 3.7666397 -2.6235175 -0.8084092 0.0722819 -0.0743095 0.5794205
1403637255.338319 5.3009996 3.3827040 -2.5430408 -0.8057818 0.0331872 -0.0370355 0.5901210
1403637255.738319 5.1698303 3.1823351 -2.5443459 -0.8104531 -0.0197759 -0.0067656 0.5854304
1403637256.038319 5.0602899 3.0221167 -2.5245471 -0.8135776 -0.0711677 0.0251094 0.5765381
1403637257.688319 4.3541136 2.1459723 -2.4757838 -0.8135777 -0.1184607 0.0602873 0.5660601
1403637257.838319 4.2823739 2.0763195 -2.4839313 -0.8178850 -0.1235634 0.0665531 0.5580027
1403637257.988319 4.2075963 2.0130475 -2.5025275 -0.8190996 -0.1346828 0.0780440 0.5521281
1403637258.138319 4.1291785 1.9592975 -2.5196679 -0.8147756 -0.1539453 0.0956789 0.5507152
1403637258.288319 4.0488830 1.9172165 -2.5213249 -0.8013314 -0.1795254 0.1085608 0.5602260
1403637258.438319 3.9672942 1.8806903 -2.5277703 -0.7937884 -0.1932632 0.1223049 0.5635521
1403637258.538319 3.9128611 1.8565581 -2.5397613 -0.7957681 -0.1949179 0.1338137 0.5575429
1403637258.688319 3.8342607 1.8261113 -2.5642915 -0.7929860 -0.1969164 0.1401679 0.5592408
1403637258.788319 3.7858026 1.8076277 -2.5827870 -0.7906719 -0.1977102 0.1412631 0.5619550
1403637258.938319 3.7177885 1.7807842 -2.6094861 -0.7889544 -0.1951660 0.1441261 0.5645253
1403637259.038319 3.6761038 1.7639259 -2.6173682 -0.7898522 -0.1925021 0.1459413 0.5637176
1403637259.438319 3.5384080 1.7106153 -2.5712411 -0.7904884 -0.1842369 0.1483615 0.5649546
1403637259.638319 3.4955893 1.6864183 -2.5553997 -0.7905694 -0.1770517 0.1556895 0.5651667
1403637259.988319 3.4697416 1.6586596 -2.5644808 -0.7917067 -0.1810194 0.1483150 0.5643005
1403637260.188319 3.4757166 1.6486080 -2.5924618 -0.7897952 -0.1882721 0.1387880 0.5670229
1403637260.388319 3.4902713 1.6354315 -2.6324692 -0.7876967 -0.2011862 0.1223462 0.5692887
1403637260.488319 3.4962156 1.6266704 -2.6543736 -0.7876513 -0.2056611 0.1172507 0.5688243
1403637260.588319 3.4989204 1.6161494 -2.6775236 -0.7942243 -0.2067648 0.1163578 0.5593898
1403637260.688319 3.4972005 1.6062047 -2.7004268 -0.7988112 -0.2057552 0.1176420 0.5529247
1403637260.788319 3.4915793 1.5978045 -2.7222695 -0.7964432 -0.2038333 0.1209701 0.5563241
1403637260.888319 3.4833798 1.5901582 -2.7440429 -0.7916907 -0.2021318 0.1249342 0.5628144
1403637261.088319 3.4642725 1.5729039 -2.7891135 -0.7888094 -0.2011805 0.1277107 0.5665653
1403637261.188319 3.4542069 1.5620999 -2.8121586 -0.7956255 -0.2028778 0.1253495 0.5568736
1403637261.288319 3.4424553 1.5520754 -2.8317728 -0.8010191 -0.2045436 0.1229740 0.5490062
1403637261.388319 3.4277742 1.5454776 -2.8435347 -0.7975321 -0.2029271 0.1249175 0.5542189
1403637261.588319 3.3962386 1.5358222 -2.8566010 -0.7986174 -0.1981882 0.1309815 0.5529698
1403637261.688319 3.3812795 1.5336814 -2.8596594 -0.8042433 -0.2008297 0.1267870 0.5447800
1403637261.788319 3.3642251 1.5368164 -2.8553045 -0.8018993 -0.2012910 0.1255902 0.5483309
1403637261.888319 3.3448451 1.5441041 -2.8475623 -0.7948413 -0.1991805 0.1275436 0.5588266
1403637261.988319 3.3260143 1.5510428 -2.8461583 -0.7902582 -0.1971018 0.1286185 0.5657739
1403637262.088319 3.3076706 1.5574183 -2.8536236 -0.7877144 -0.1932890 0.1320562 0.5698303
1403637262.188319 3.2909431 1.5620537 -2.8688922 -0.7879667 -0.1894274 0.1357288 0.5699154
1403637262.538319 3.2913322 1.5593266 -2.8944623 -0.7824067 -0.1436583 0.1429487 0.5888699
1403637262.738319 3.2932503 1.5610850 -2.8984022 -0.7880208 -0.1448907 0.1334926 0.5832750
1403637263.088319 3.2938609 1.5605507 -2.8981171 -0.7845405 -0.1438817 0.1369863 0.5873917
1403637263.588319 3.2938886 1.5601549 -2.8975868 -0.7847111 -0.1437844 0.1368296 0.5872242
1403637263.788319 3.2938161 1.5600669 -2.8973527 -0.7847696 -0.1434599 0.1372610 0.5871248
1403637264.288319 3.2940502 1.5597756 -2.8973536 -0.7848576 -0.1434486 0.1371669 0.5870318
1403637264.638319 3.2938645 1.5601344 -2.8975804 -0.7849422 -0.1433951 0.1371993 0.5869241
1403637265.138319 3.2940495 1.5602775 -2.8975425 -0.7851607 -0.1432965 0.1373086 0.5866304
