1403637162.488319 2.1330521 -3.1231041 -1.2179065 -0.8027866 0.0221698 0.0316680 0.5950121
1403637162.538319 2.1826081 -3.0960424 -1.2249186 -0.8080622 0.0193440 0.0290829 0.5880608
1403637162.788319 2.4531600 -2.9707282 -1.2235036 -0.7908154 0.0240074 0.0209647 0.6112244
1403637164.538319 4.7551794 -3.6556969 -1.2115548 -0.7810327 0.2335548 -0.1202849 0.5665436
1403637164.588319 4.8374286 -3.7041373 -1.2038597 -0.7818037 0.2341015 -0.1153553 0.5662797
1403637164.988319 5.5417657 -4.1170559 -1.2003422 -0.7778082 0.2217501 -0.1498160 0.5686796
1403637165.338319 6.1613846 -4.4969101 -1.2382103 -0.7589870 0.2732197 -0.1988334 0.5565564
1403637166.038319 7.2177887 -5.2208343 -1.1865013 -0.7710421 0.2782542 -0.2689639 0.5056947
1403637168.688319 5.9750214 -5.0474401 -1.7168868 -0.7893477 0.1968327 -0.1674381 0.5569125
1403637169.888319 4.1393547 -4.2645526 -1.9326892 -0.8018656 0.0077727 -0.0795556 0.5921335
1403637170.088319 3.7531693 -4.1638870 -1.9615030 -0.7996660 -0.0433558 -0.0525697 0.5965660
1403637170.888319 2.0134759 -4.1088476 -2.2342925 -0.7420238 -0.2093930 0.1560381 0.6174199
1403637171.088319 1.6372974 -4.2240701 -2.2912378 -0.7355617 -0.2665214 0.2000373 0.5898309
1403637171.188319 1.4652202 -4.2939854 -2.3078403 -0.7312149 -0.2896078 0.2164072 0.5784637
1403637171.638319 0.8271680 -4.6788840 -2.2801704 -0.7060992 -0.3367326 0.2267884 0.5801743
1403637171.938319 0.4963436 -5.0402079 -2.2688589 -0.7034721 -0.3335790 0.2138851 0.5900044
1403637172.038319 0.4000130 -5.1845946 -2.2755651 -0.7031856 -0.3301182 0.2109994 0.5933222
1403637172.138319 0.3094966 -5.3412824 -2.2867956 -0.7053534 -0.3251936 0.2115049 0.5932887
1403637172.738319 -0.0594244 -6.3856840 -2.2384143 -0.7583551 -0.2780760 0.2518604 0.5330456
1403637173.488319 -0.1261151 -7.2325635 -2.2324667 -0.8245776 -0.1746534 0.1721721 0.5098283
1403637173.638319 -0.1143484 -7.2910619 -2.2675734 -0.8295311 -0.1358815 0.1610324 0.5171877
1403637173.738319 -0.0967553 -7.3143520 -2.2983093 -0.8358306 -0.1093767 0.1566833 0.5146596
1403637173.938319 -0.0296810 -7.3126550 -2.3719473 -0.8552710 -0.0747179 0.1337344 0.4950191
1403637174.038319 0.0227072 -7.2809262 -2.3958263 -0.8530143 -0.0801301 0.1054706 0.5047988
1403637174.138319 0.0808036 -7.2292004 -2.3993058 -0.8365121 -0.0857462 0.0847730 0.5345173
1403637174.388319 0.2344344 -7.0772734 -2.3563824 -0.8059688 -0.0766804 0.0884322 0.5802709
1403637174.638319 0.4302350 -6.9388099 -2.2785339 -0.8041226 -0.0463024 0.0995911 0.5842298
1403637174.738319 0.5302166 -6.8846326 -2.2483296 -0.8006690 -0.0357182 0.0769823 0.5930660
1403637174.838319 0.6380670 -6.8347998 -2.2248950 -0.7998506 -0.0207589 0.0517414 0.5976044
1403637175.038319 0.8661655 -6.7529163 -2.1965661 -0.8113522 0.0253319 0.0186106 0.5837119
1403637175.138319 0.9849715 -6.7161350 -2.1863770 -0.8066086 0.0429034 0.0068797 0.5894868
1403637175.588319 1.5677056 -6.6502676 -2.1903043 -0.7905936 0.0836321 0.0013863 0.6066018
1403637176.088319 2.3671284 -6.7750554 -2.1493807 -0.7950093 0.0619169 -0.0137437 0.6032725
1403637176.288319 2.7161493 -6.8636312 -2.1010752 -0.7857838 0.0555293 -0.0186330 0.6157216
1403637176.438319 2.9807622 -6.9537163 -2.0817709 -0.7872748 0.0587905 -0.0223780 0.6133851
1403637176.988319 3.9525802 -7.3858700 -2.0862751 -0.8155894 0.0990285 -0.0515337 0.5677602
1403637177.438319 4.7534289 -7.6818123 -2.1881213 -0.8515077 0.1030083 -0.0578827 0.5108557
1403637177.638319 5.1194797 -7.7254047 -2.2515402 -0.8513233 0.0885821 -0.0893517 0.5093310
1403637180.188319 5.9317274 -5.5442591 -2.6283939 -0.7914224 0.1641957 -0.1724858 0.5629733
1403637180.388319 5.7258196 -5.3673224 -2.7060030 -0.7963089 0.1762613 -0.1516058 0.5584261
1403637180.588319 5.5127039 -5.1939220 -2.7552638 -0.8134741 0.1819361 -0.1441896 0.5332622
1403637180.888319 5.1996069 -4.8926210 -2.7509527 -0.7982768 0.1644643 -0.1779650 0.5513929
1403637181.338319 4.6009083 -4.4113460 -2.6289370 -0.7854490 0.1847048 -0.1733434 0.5647176
1403637181.838319 3.7973776 -3.9288373 -2.3513570 -0.7842178 0.2010714 -0.1729641 0.5609422
1403637182.288319 3.0348325 -3.5560560 -2.1421690 -0.7679554 0.2087575 -0.1566222 0.5849225
1403637182.438319 2.7808120 -3.4628031 -2.0891070 -0.7601476 0.2096426 -0.1473532 0.5970869
1403637182.588319 2.5307374 -3.3951509 -2.0315003 -0.7558083 0.1983776 -0.1583781 0.6035864
1403637182.888319 2.0159509 -3.3468709 -1.8960583 -0.7555781 0.2041078 -0.1482839 0.6045276
1403637183.038319 1.7571294 -3.3642783 -1.8488989 -0.7520628 0.2146133 -0.1355755 0.6082450
1403637183.788319 0.6412513 -3.9232895 -1.9586701 -0.7510501 0.2427089 -0.0975836 0.6062126
1403637183.988319 0.4364522 -4.2068367 -1.9988854 -0.7584510 0.2555857 -0.0794655 0.5942334
1403637184.288319 0.2604951 -4.7209854 -1.9978929 -0.7686205 0.2491969 -0.0952374 0.5814235
1403637184.438319 0.2186208 -5.0075126 -2.0273080 -0.7810576 0.2325228 -0.1211085 0.5667583
1403637184.588319 0.1905951 -5.2966704 -2.0726833 -0.7949377 0.2264987 -0.1278347 0.5481157
1403637184.738319 0.1751795 -5.5799885 -2.1216426 -0.8056329 0.2255307 -0.1265575 0.5329867
1403637184.888319 0.1768813 -5.8484969 -2.1578393 -0.8117017 0.2252083 -0.1257631 0.5240281
1403637185.038319 0.1982193 -6.0946050 -2.1709676 -0.8161478 0.2231997 -0.1271543 0.5176064
1403637185.338319 0.3000398 -6.5127120 -2.1370974 -0.8230748 0.2227297 -0.1294310 0.5061491
1403637185.838319 0.6034386 -6.9726005 -1.9538288 -0.8064073 0.2104237 -0.1544461 0.5306368
1403637186.238319 0.8724940 -7.2051373 -1.8463387 -0.7942317 0.2071667 -0.1597401 0.5484169
1403637186.688319 1.1429949 -7.4158950 -1.6203089 -0.7873423 0.2178692 -0.1492752 0.5570836
1403637187.188319 1.4763088 -7.6711121 -1.4827785 -0.7836115 0.2444496 -0.1174025 0.5589403
1403637187.488319 1.7601221 -7.8444395 -1.4909697 -0.8010600 0.2426752 -0.1487470 0.5265796
1403637187.888319 2.2010875 -8.0109949 -1.5323691 -0.8065761 0.2528713 -0.1505391 0.5126687
1403637188.388319 2.8387539 -8.0627794 -1.6274152 -0.7913368 0.2316212 -0.1848037 0.5347760
1403637188.888319 3.4404011 -8.0367813 -1.7984962 -0.7587834 0.2971972 -0.1787452 0.5513364
1403637189.188319 3.8101315 -8.0632858 -1.8981695 -0.7696232 0.3129521 -0.2006912 0.5190993
1403637189.638319 4.4076686 -8.0932169 -2.0693488 -0.7557421 0.3087271 -0.2102507 0.5378996
1403637189.988319 4.8702245 -8.1384583 -2.0931845 -0.7589381 0.2995466 -0.2165179 0.5361015
1403637190.638319 5.6247063 -8.2641964 -1.9334536 -0.7528690 0.2971734 -0.2280577 0.5411709
1403637191.088319 6.0379362 -8.3788414 -1.8884630 -0.7621093 0.2687442 -0.1960920 0.5554402
1403637191.338319 6.2429485 -8.4609642 -1.9128647 -0.7633078 0.2610654 -0.1944308 0.5580347
1403637191.888319 6.6084685 -8.6738071 -1.9086208 -0.7801242 0.2542307 -0.2158482 0.5293227
1403637192.088319 6.7029090 -8.7281895 -1.8509917 -0.7862529 0.2522107 -0.2242354 0.5176046
1403637192.288319 6.7739477 -8.7514353 -1.7677341 -0.7929743 0.2523462 -0.2274624 0.5057409
1403637192.688319 6.8615489 -8.6802711 -1.6169949 -0.7944353 0.2717139 -0.2041152 0.5033699
1403637192.988319 6.9269795 -8.5452137 -1.5471849 -0.7868612 0.2686097 -0.2051571 0.5163418
1403637193.238319 6.9860830 -8.3976202 -1.4519567 -0.7862298 0.2930028 -0.1695887 0.5169446
1403637193.438319 7.0637093 -8.2728691 -1.4053307 -0.7848282 0.2823716 -0.1864785 0.5191693
1403637193.688319 7.1826048 -8.0994539 -1.3544326 -0.7856577 0.2656240 -0.2078585 0.5186335
1403637193.938319 7.2982492 -7.8946600 -1.2729340 -0.7856795 0.2616406 -0.2121774 0.5188763
1403637194.238319 7.4160047 -7.6226058 -1.2464261 -0.7783272 0.2622690 -0.2128295 0.5292686
1403637194.388319 7.4632673 -7.4822464 -1.2465632 -0.7807893 0.2639891 -0.2110887 0.5254706
1403637194.588319 7.5201797 -7.2818255 -1.2229881 -0.7822503 0.2657911 -0.2094740 0.5230298
1403637194.738319 7.5578680 -7.1240916 -1.1887100 -0.7861969 0.2680426 -0.2084621 0.5163248
1403637194.888319 7.5942135 -6.9575963 -1.1578159 -0.7886060 0.2711227 -0.2066358 0.5117566
1403637195.338319 7.6930499 -6.4232321 -1.1357000 -0.7671430 0.2675458 -0.2150497 0.5419082
1403637195.488319 7.7121081 -6.2492142 -1.1471202 -0.7676143 0.2635798 -0.2116105 0.5445319
1403637195.938319 7.7179279 -5.7554460 -1.0931537 -0.7767534 0.2317738 -0.2129382 0.5455203
1403637196.088319 7.6974287 -5.5979710 -1.0765307 -0.7761463 0.2151417 -0.2320566 0.5453996
1403637196.238319 7.6535063 -5.4369435 -1.0685253 -0.7657153 0.1997074 -0.2517646 0.5571459
1403637196.538319 7.4506035 -5.1188216 -1.0849092 -0.7540843 0.1924412 -0.2658677 0.5688915
1403637196.688319 7.2842073 -4.9670286 -1.1078087 -0.7542784 0.2013317 -0.2572081 0.5695379
1403637196.838319 7.0813341 -4.8247299 -1.1425793 -0.7543771 0.2089199 -0.2500793 0.5698491
1403637197.438319 5.9786830 -4.3760643 -1.2443202 -0.7834104 0.1738261 -0.1537228 0.5765603
1403637197.588319 5.6664615 -4.2993364 -1.2320199 -0.8008538 0.1195634 -0.1218805 0.5740060
1403637198.338319 4.0102506 -4.0737710 -0.9338975 -0.7951566 -0.1275074 0.0168604 0.5926074
1403637198.538319 3.5257864 -4.0685372 -0.8268790 -0.7800407 -0.1670965 0.0274967 0.6023780
1403637198.688319 3.1497016 -4.0848470 -0.7861214 -0.7735456 -0.1793807 0.0277783 0.6071888
1403637198.888319 2.6300745 -4.1426911 -0.7933402 -0.7652694 -0.1758331 0.0378892 0.6180695
1403637199.038319 2.2254007 -4.2203922 -0.8152409 -0.7594218 -0.1619730 0.0637194 0.6268837
1403637199.238319 1.6875583 -4.3784332 -0.8301201 -0.7643459 -0.1704633 0.0949238 0.6145788
1403637199.438319 1.1670080 -4.5887156 -0.8157935 -0.7543264 -0.2075519 0.1210028 0.6109599
1403637199.638319 0.6696877 -4.8453531 -0.8006063 -0.7393271 -0.2484413 0.1582730 0.6054931
1403637199.788319 0.3134027 -5.0656271 -0.8120332 -0.7268242 -0.2710140 0.2033775 0.5974241
1403637199.938319 -0.0235093 -5.3014107 -0.8677530 -0.7080018 -0.2915767 0.2631677 0.5869066
1403637200.088319 -0.3210235 -5.5483751 -0.9472041 -0.6771972 -0.3176061 0.3221001 0.5803292
1403637200.238319 -0.5586624 -5.8029680 -1.0395908 -0.6516931 -0.3615336 0.3529863 0.5656769
1403637200.388319 -0.7353611 -6.0599403 -1.1413431 -0.6454117 -0.4169674 0.3397116 0.5423816
1403637200.538319 -0.8697205 -6.3222075 -1.2223530 -0.6544845 -0.4472063 0.3311621 0.5118478
1403637202.088319 -1.0909247 -8.2026482 -1.3244767 -0.7466978 -0.3354906 0.3259636 0.4729020
1403637204.588319 0.0782895 -7.6011810 -1.3738770 -0.7167407 -0.3790860 0.2625610 0.5231045
1403637207.088319 0.3669162 -7.9566841 -1.2695007 -0.7101570 -0.3939040 0.2777616 0.5131912
1403637208.088319 0.5637689 -8.1679239 -1.2513347 -0.7191145 -0.3911299 0.2676579 0.5081840
1403637209.088319 0.7695184 -8.2785454 -1.1802502 -0.7089906 -0.3988028 0.2472258 0.5264676
1403637209.988319 0.7600470 -8.5008087 -1.1286168 -0.7249341 -0.4607563 0.2592723 0.4415336
1403637211.738319 -1.8193216 -7.8008695 -1.7472529 -0.7097208 -0.4237165 0.3011782 0.4754498
1403637211.938319 -2.1575041 -7.6472702 -1.8050556 -0.7208036 -0.4229458 0.3016243 0.4588920
1403637212.188319 -2.5780282 -7.4201503 -1.8277488 -0.7015060 -0.4208241 0.3022046 0.4893555
1403637212.438319 -2.9740715 -7.1908283 -1.8120747 -0.6941619 -0.4163377 0.3038292 0.5024839
1403637212.688319 -3.3338428 -6.9749684 -1.7695231 -0.7056635 -0.4214584 0.2917546 0.4891739
1403637212.938319 -3.6870923 -6.7613554 -1.7105411 -0.7064270 -0.4288707 0.2810096 0.4879185
1403637213.138319 -3.9736881 -6.5947628 -1.6557791 -0.7061211 -0.4311137 0.2831775 0.4851232
1403637213.338319 -4.2639971 -6.4309778 -1.6219138 -0.7057086 -0.4303695 0.2881329 0.4834636
1403637213.488319 -4.4826517 -6.3080845 -1.6122565 -0.7021123 -0.4294937 0.2898583 0.4884216
1403637213.738319 -4.8397627 -6.1123099 -1.6239383 -0.6915032 -0.4413186 0.2735025 0.5022526
1403637213.888319 -5.0520430 -6.0108113 -1.6473787 -0.6902592 -0.4468129 0.2674127 0.5023853
1403637214.138319 -5.4199028 -5.8781123 -1.6782047 -0.6819571 -0.4465990 0.2853541 0.5040407
1403637214.388319 -5.7851248 -5.7898250 -1.6646515 -0.6547971 -0.4674486 0.3173321 0.5020289
1403637214.688319 -6.1740904 -5.7512832 -1.6060537 -0.5950674 -0.5265862 0.3338840 0.5070733
1403637215.038319 -6.5579953 -5.8615580 -1.5001795 -0.5698214 -0.5456228 0.3463829 0.5075611
1403637215.338319 -6.8075609 -6.1005316 -1.4533634 -0.5671939 -0.5371537 0.3664608 0.5054340
1403637215.588319 -6.9352989 -6.3865185 -1.4336545 -0.5457186 -0.5410622 0.4128278 0.4888926
1403637215.788319 -6.9599724 -6.6485705 -1.4020753 -0.5248189 -0.5776335 0.4297995 0.4540671
1403637215.988319 -6.9312606 -6.9243946 -1.3456535 -0.5090420 -0.6121957 0.4422846 0.4128886
1403637216.188319 -6.8703232 -7.2007742 -1.2706575 -0.4927295 -0.6302034 0.4620562 0.3828389
1403637216.338319 -6.8111668 -7.3992434 -1.2275438 -0.4853566 -0.6337920 0.4738967 0.3716971
1403637216.488319 -6.7423372 -7.5868306 -1.1986594 -0.4777763 -0.6298783 0.4848368 0.3740540
1403637216.738319 -6.5911188 -7.8710518 -1.1735072 -0.4765812 -0.6155035 0.5016977 0.3772601
1403637216.988319 -6.3763103 -8.1057720 -1.1460953 -0.4737622 -0.6069754 0.5039625 0.3913465
1403637217.138319 -6.2042661 -8.2222013 -1.1190357 -0.4896874 -0.6074356 0.5007172 0.3748476
1403637217.338319 -5.9460564 -8.3455114 -1.0994592 -0.5071213 -0.6001940 0.5047610 0.3575075
1403637217.638319 -5.5207677 -8.4435272 -1.1227951 -0.5013043 -0.6017810 0.5070639 0.3597775
1403637217.838319 -5.2018027 -8.4554901 -1.1490111 -0.4512398 -0.6313126 0.5070484 0.3751387
1403637218.088319 -4.7421823 -8.4501400 -1.1470528 -0.4151139 -0.6656696 0.5124423 0.3492383
1403637218.188319 -4.5438643 -8.4425993 -1.1421051 -0.4087944 -0.6734467 0.5133989 0.3402620
1403637218.438319 -4.0275097 -8.4158640 -1.1542306 -0.4009110 -0.6808992 0.5147695 0.3326546
1403637218.638319 -3.5945301 -8.3866024 -1.1701727 -0.4012759 -0.6821139 0.5128036 0.3327622
1403637218.938319 -2.9183407 -8.3343506 -1.2035327 -0.4036509 -0.6897182 0.4965405 0.3388246
1403637219.188319 -2.3351068 -8.3056803 -1.2982240 -0.4005505 -0.6928817 0.4891594 0.3466950
1403637219.388319 -1.8460431 -8.3006277 -1.3541815 -0.4063779 -0.6926693 0.4881272 0.3417575
1403637219.588319 -1.3435793 -8.3102188 -1.3843576 -0.4197021 -0.7022904 0.4739977 0.3255222
1403637219.738319 -0.9712753 -8.3269215 -1.3896444 -0.4270913 -0.7072246 0.4655954 0.3172497
1403637221.638319 2.2984695 -8.9177847 -1.0168972 -0.4996009 -0.6670864 0.4452654 0.3273123
1403637222.138319 2.6882610 -9.0151472 -1.1623325 -0.5437922 -0.6363949 0.4215219 0.3487277
1403637222.988319 3.0032377 -9.0742931 -1.3811588 -0.5852398 -0.5915374 0.3948377 0.3894626
1403637223.488319 3.0460091 -9.0668888 -1.2521410 -0.5691577 -0.5942965 0.4063250 0.3972043
1403637223.988319 3.0050411 -9.0597811 -1.1119061 -0.5603290 -0.5929018 0.4125746 0.4053162
1403637225.488319 2.9811468 -9.1411448 -1.3070526 -0.5519791 -0.5905355 0.4175458 0.4150212
1403637225.888319 3.0487309 -9.2016983 -1.2882676 -0.5576990 -0.6007610 0.4062456 0.4037606
1403637226.138319 3.0870333 -9.2555485 -1.2152781 -0.5510605 -0.5937515 0.4171173 0.4120735
1403637226.538319 3.1694469 -9.3587856 -1.1570520 -0.5587795 -0.6054100 0.4006738 0.4008799
1403637227.188319 3.2328205 -9.5838795 -1.1801896 -0.5755773 -0.5876290 0.4229202 0.3801861
1403637227.688319 3.1976271 -9.6848688 -1.1610427 -0.5750286 -0.5906093 0.4115265 0.3888044
1403637228.188319 3.1244106 -9.7229748 -1.2272215 -0.5576017 -0.5845551 0.4208997 0.4125762
1403637229.188319 3.1874847 -9.8241959 -1.1945615 -0.5525380 -0.5919082 0.4134626 0.4164075
1403637229.488319 3.2431927 -9.8764057 -1.2334051 -0.5813594 -0.5781022 0.4012384 0.4084444
1403637229.738319 3.2863970 -9.9047565 -1.2845392 -0.6417970 -0.5320678 0.3782732 0.4023802
1403637230.088319 3.3009934 -9.8787212 -1.3727112 -0.6759728 -0.4657028 0.3145559 0.4766932
1403637230.588319 3.2764144 -9.8486271 -1.3860779 -0.7008014 -0.4080350 0.2804758 0.5135350
1403637231.088319 3.2585578 -9.8206720 -1.2961521 -0.7711990 -0.3122513 0.2223453 0.5082458
1403637231.438319 3.2626646 -9.7301502 -1.3747177 -0.8100876 -0.1856138 0.1495636 0.5356645
1403637231.688319 3.2893617 -9.6289425 -1.5391464 -0.8313683 -0.0825020 0.0882351 0.5424342
1403637232.188319 3.4436593 -9.3184471 -1.7681131 -0.8173198 0.0742540 -0.0040430 0.5713654
1403637232.688319 3.7777750 -9.0118685 -1.8025694 -0.8016924 0.1984335 -0.0759758 0.5586960
1403637233.188319 4.3474154 -8.7618790 -1.7114806 -0.8198207 0.2558333 -0.1251386 0.4967733
1403637233.638319 5.0721946 -8.3906927 -1.7025647 -0.8296674 0.2007645 -0.1792385 0.4891004
1403637234.138319 5.7510805 -7.6897821 -1.8878856 -0.7987489 0.1232926 -0.2679252 0.5244189
1403637234.538319 5.8263450 -6.9536619 -2.0885167 -0.7834092 0.1365917 -0.2361901 0.5584148
1403637235.138319 5.3458128 -5.8896332 -2.4392166 -0.7879320 0.0887531 -0.1019226 0.6007477
1403637235.388319 5.0698748 -5.5459700 -2.5329447 -0.8028356 0.0497809 -0.0766658 0.5891513
1403637235.588319 4.8312869 -5.3008881 -2.5810909 -0.8228474 0.0313079 -0.0580136 0.5644259
1403637235.888319 4.4502439 -4.9405298 -2.5893583 -0.8070862 -0.0278214 -0.0518681 0.5874926
1403637236.138319 4.0711350 -4.6732192 -2.5477433 -0.7971495 -0.0904081 -0.0476666 0.5950688
1403637236.338319 3.7003510 -4.5022693 -2.4780197 -0.7935275 -0.1289078 -0.0237825 0.5942486
1403637236.588319 3.1593304 -4.3443413 -2.3590794 -0.7882882 -0.1536144 0.0209308 0.5954547
1403637237.838319 0.4706585 -5.0389433 -1.5074883 -0.7254921 -0.2044261 0.1991691 0.6262611
1403637238.588319 -0.0156825 -6.4073191 -1.0308719 -0.8127164 0.0095258 0.1563996 0.5611957
1403637239.088319 0.4460166 -7.1092410 -0.8613205 -0.8848295 0.0774711 0.0989544 0.4486458
1403637239.488319 1.2539475 -7.2053943 -0.7346802 -0.8594339 0.0904549 0.0150222 0.5029569
1403637239.788319 1.9787475 -7.1185050 -0.7780976 -0.8308118 0.1521439 -0.0503500 0.5329812
1403637240.138319 2.8788126 -6.9719329 -0.9628406 -0.7819716 0.2214781 -0.1468894 0.5638186
1403637240.638319 4.1088381 -6.8112969 -1.2684817 -0.7892995 0.2912278 -0.2073024 0.4992177
1403637240.938319 4.8202667 -6.6498499 -1.3589864 -0.7725306 0.2748578 -0.2296060 0.5243383
1403637241.388319 5.7720585 -6.3418455 -1.5022531 -0.7768617 0.2538143 -0.2338474 0.5266685
1403637241.638319 6.2154303 -6.1433735 -1.5926170 -0.7745819 0.2330579 -0.2511927 0.5316100
1403637241.888319 6.5583000 -5.9148097 -1.6395683 -0.7580029 0.2276863 -0.2512268 0.5572033
1403637242.138319 6.7903423 -5.6984344 -1.6492252 -0.7457885 0.2364350 -0.2396190 0.5748746
1403637242.588319 6.9611912 -5.3812938 -1.6454307 -0.7481037 0.2132196 -0.2744613 0.5652871
1403637242.788319 6.8985586 -5.2557445 -1.6410246 -0.7535321 0.2007947 -0.2427177 0.5770261
1403637243.188319 6.5781174 -5.0716534 -1.5847237 -0.7621663 0.1735100 -0.2139674 0.5858454
1403637243.388319 6.3412032 -5.0131726 -1.5835042 -0.7731625 0.1799847 -0.1983569 0.5748737
1403637243.588319 6.0662270 -4.9710407 -1.5902224 -0.7773241 0.1885338 -0.1873657 0.5701898
1403637243.838319 5.6903157 -4.9285364 -1.5595591 -0.7877960 0.2135427 -0.1581277 0.5556732
1403637244.038319 5.3993440 -4.9007683 -1.4914727 -0.7902636 0.2274239 -0.1455417 0.5500723
1403637244.238319 5.1356583 -4.8793931 -1.3902519 -0.7880517 0.2294886 -0.1509103 0.5509407
1403637244.488319 4.8372746 -4.8601413 -1.2360613 -0.7951730 0.2271143 -0.1475128 0.5425485
1403637244.688319 4.6226020 -4.8415914 -1.1104231 -0.8074626 0.1933251 -0.1519341 0.5362329
1403637244.988319 4.3153992 -4.7807379 -0.9647949 -0.8187363 0.1638335 -0.1350998 0.5334583
1403637245.238319 4.0799446 -4.6896181 -0.8852179 -0.8294570 0.1754460 -0.1052188 0.5197585
1403637245.588319 3.8178027 -4.4810944 -0.8191774 -0.8259479 0.1456441 -0.1231226 0.5305080
1403637245.838319 3.6358256 -4.2841511 -0.8089256 -0.8236315 0.1059734 -0.0977325 0.5484971
1403637246.088319 3.4446766 -4.0734663 -0.8306880 -0.8154159 0.0327315 -0.0497403 0.5758052
1403637246.388319 3.1981599 -3.8436942 -0.8983850 -0.8058941 -0.0882314 0.0298974 0.5846847
1403637246.688319 2.9364207 -3.6591673 -1.0018272 -0.7685892 -0.2095398 0.0996829 0.5961770
1403637246.888319 2.7494948 -3.5905335 -1.0678568 -0.7444313 -0.2730107 0.1453852 0.5917350
1403637247.288319 2.3657949 -3.5838490 -1.1538239 -0.7505661 -0.3297841 0.1914032 0.5396832
1403637247.488319 2.1626422 -3.6106853 -1.2043843 -0.7279981 -0.3198544 0.2093040 0.5691254
1403637247.788319 1.8803737 -3.7149687 -1.3138947 -0.7122251 -0.3458890 0.2068497 0.5747256
1403637248.138319 1.5805609 -3.9835157 -1.3825221 -0.6994380 -0.3841034 0.2483978 0.5491352
1403637248.488319 1.3115551 -4.3465252 -1.4440503 -0.6984742 -0.4081528 0.2669775 0.5237061
1403637248.688319 1.1661193 -4.5719042 -1.4817190 -0.6938509 -0.4073971 0.2691031 0.5293222
1403637249.188319 0.8332987 -5.2018785 -1.4461951 -0.7107499 -0.4003377 0.2536042 0.5198551
1403637249.488319 0.6268640 -5.6071682 -1.3775234 -0.7114797 -0.3943822 0.2539955 0.5232071
1403637249.988319 0.2820501 -6.3214622 -1.4444981 -0.6964545 -0.4023807 0.2751413 0.5266293
1403637250.488319 0.0064936 -7.0641518 -1.4535832 -0.6953330 -0.4264920 0.3227316 0.4800635
1403637252.838319 -0.3904667 -8.5676441 -1.1227479 -0.6500810 -0.5071787 0.3669165 0.4307397
1403637253.338319 -0.3102064 -8.6321154 -1.1127925 -0.6360707 -0.5050981 0.3645426 0.4554105
1403637253.838319 -0.1935358 -8.6624279 -1.1459346 -0.6304348 -0.5079919 0.3585288 0.4647081
1403637254.338319 -0.0263977 -8.7215462 -1.0509634 -0.6195643 -0.5253510 0.3617904 0.4574430
1403637254.838319 0.1660452 -8.8320885 -0.9638090 -0.6062097 -0.5403633 0.3753666 0.4467856
1403637255.338319 0.3720064 -8.9777784 -0.9644814 -0.5898525 -0.5509447 0.3953420 0.4384505
1403637255.838319 0.6351719 -9.1443348 -0.9642475 -0.5434955 -0.6060937 0.4177474 0.4034232
1403637256.788319 1.1672306 -9.5405464 -0.8959224 -0.5196276 -0.6342598 0.4411314 0.3648353
1403637257.088319 1.3321438 -9.6736898 -0.9280474 -0.5079794 -0.6372928 0.4497908 0.3653807
1403637257.388319 1.4946814 -9.7985401 -0.9078763 -0.4901797 -0.6526976 0.4508494 0.3611711
1403637257.738319 1.6736269 -9.9542618 -0.8885553 -0.4877243 -0.6641473 0.4460633 0.3493724
1403637257.938319 1.7658272 -10.0531588 -0.9067957 -0.4832768 -0.6745071 0.4474435 0.3335837
1403637258.138319 1.8421698 -10.1592512 -0.9307231 -0.4629937 -0.6878642 0.4609338 0.3162590
1403637258.338319 1.8988867 -10.2693262 -0.9334054 -0.4278851 -0.6979036 0.4814042 0.3132012
1403637258.538319 1.9493484 -10.3807068 -0.9518547 -0.4204673 -0.7029276 0.4926561 0.2939217
1403637258.738319 1.9906540 -10.4862089 -0.9856384 -0.4160002 -0.7017342 0.5000672 0.2905955
1403637258.888319 2.0191736 -10.5573511 -1.0146391 -0.4143895 -0.6991169 0.5040097 0.2923887
1403637259.138319 2.0619488 -10.6613894 -1.0278890 -0.4179831 -0.6967075 0.5048924 0.2915005
1403637259.438319 2.1039267 -10.7601538 -0.9835542 -0.4243464 -0.6914855 0.5083125 0.2887844
1403637259.688319 2.1333399 -10.8105011 -0.9666157 -0.4285604 -0.6877617 0.5115967 0.2856376
1403637260.188319 2.1666965 -10.8231401 -1.0051386 -0.4210179 -0.6939660 0.5029823 0.2969243
1403637260.438319 2.1852140 -10.8045530 -1.0565933 -0.4071535 -0.7028592 0.4914046 0.3142239
1403637260.638319 2.2060823 -10.7994146 -1.1030009 -0.4135605 -0.7120773 0.4792153 0.3037538
1403637260.838319 2.2235870 -10.8104506 -1.1477792 -0.4133440 -0.7070137 0.4871278 0.3032902
1403637260.988319 2.2358513 -10.8244104 -1.1814023 -0.4098429 -0.7012528 0.4960788 0.3068863
1403637261.188319 2.2569761 -10.8445816 -1.2280475 -0.4146978 -0.7084184 0.4863461 0.2993937
1403637261.338319 2.2712936 -10.8634977 -1.2547657 -0.4167143 -0.7127026 0.4800971 0.2964979
1403637261.488319 2.2798910 -10.8881960 -1.2661474 -0.4168113 -0.7035213 0.4931315 0.2968967
1403637261.638319 2.2865648 -10.9108105 -1.2751044 -0.4212906 -0.7108348 0.4823243 0.2908461
1403637261.788319 2.2841434 -10.9360790 -1.2713245 -0.4201889 -0.7117865 0.4804649 0.2931806
1403637261.938319 2.2734537 -10.9656429 -1.2618126 -0.4157167 -0.7025381 0.4927750 0.3013183
1403637262.088319 2.2640514 -10.9937611 -1.2702907 -0.4159946 -0.6960261 0.5002856 0.3036619
1403637262.188319 2.2596855 -11.0108585 -1.2859174 -0.4189219 -0.6934987 0.5029021 0.3010870
1403637262.488319 2.2594366 -11.0120516 -1.3133425 -0.4472688 -0.6716911 0.5028739 0.3096765
1403637262.888319 2.2617931 -11.0086384 -1.3145025 -0.4493375 -0.6593003 0.5162078 0.3113652
1403637263.388319 2.2617397 -11.0080433 -1.3140709 -0.4491102 -0.6591040 0.5160639 0.3123459
1403637263.888319 2.2620134 -11.0081205 -1.3136783 -0.4494104 -0.6589344 0.5162298 0.3119980
1403637264.388319 2.2622232 -11.0078049 -1.3137476 -0.4494059 -0.6590988 0.5160379 0.3119745
1403637264.888319 2.2619581 -11.0078888 -1.3137637 -0.4496293 -0.6590446 0.5160424 0.3117595
1403637265.388319 2.2621574 -11.0079269 -1.3137180 -0.4497309 -0.6591586 0.5158555 0.3116815
