1403637139.088319 -4.5767012 8.2404375 2.5119896 -0.8182911 0.0464508 -0.0184362 0.5726275
1403637139.138319 -4.5794511 8.2399511 2.4750185 -0.8207165 0.0460655 -0.0133586 0.5693189
1403637141.688319 -4.5873299 8.2435741 2.3162718 -0.7945369 0.0449734 0.0051709 0.6055260
1403637144.488319 -4.5873394 8.2434826 2.3163614 -0.7944390 0.0453206 0.0057026 0.6056240
1403637146.988319 -4.5871119 8.2435102 2.3164158 -0.7946314 0.0451740 0.0055158 0.6053842
1403637149.638319 -4.5865283 8.2397137 2.3155651 -0.8007972 0.0308651 0.0118961 0.5980215
1403637149.738319 -4.5859184 8.2367401 2.3151627 -0.8040212 0.0217930 0.0153344 0.5940032
1403637149.838319 -4.5839639 8.2354364 2.3150396 -0.8094758 0.0189753 0.0182870 0.5865615
1403637149.938319 -4.5768847 8.2341919 2.3148794 -0.8196552 0.0170932 0.0168933 0.5723529
1403637149.988319 -4.5715837 8.2335176 2.3162241 -0.8258746 0.0138006 0.0127597 0.5635406
1403637150.038319 -4.5647235 8.2329779 2.3193626 -0.8314006 0.0094403 0.0059206 0.5555618
1403637150.088319 -4.5566263 8.2333813 2.3245535 -0.8361713 0.0068359 -0.0003709 0.5484257
1403637150.138319 -4.5478292 8.2357864 2.3319330 -0.8391661 0.0047033 -0.0061687 0.5438201
1403637150.188319 -4.5386324 8.2405128 2.3416643 -0.8398528 0.0044191 -0.0108618 0.5426878
1403637150.238319 -4.5293770 8.2473249 2.3530664 -0.8392962 0.0049619 -0.0144640 0.5434594
1403637150.288319 -4.5204639 8.2565527 2.3665829 -0.8370393 0.0065246 -0.0165805 0.5468527
1403637150.338319 -4.5117154 8.2675219 2.3809528 -0.8346797 0.0083166 -0.0184816 0.5503625
1403637150.388319 -4.5033593 8.2804823 2.3966141 -0.8299101 0.0115007 -0.0179191 0.5574906
1403637150.438319 -4.4948945 8.2942190 2.4119434 -0.8261791 0.0138708 -0.0181449 0.5629445
1403637150.488319 -4.4862542 8.3083363 2.4266243 -0.8235669 0.0155293 -0.0194575 0.5666726
1403637150.588319 -4.4690242 8.3374443 2.4544725 -0.8211198 0.0186946 -0.0214374 0.5700467
1403637151.688319 -4.3233581 8.6114302 2.7062702 -0.8166584 0.0184759 -0.0169193 0.5765773
1403637151.738319 -4.3160677 8.6202087 2.7182474 -0.8170976 0.0177254 -0.0175638 0.5759591
1403637153.788319 -3.9348643 9.0397358 2.9043102 -0.8173834 0.0116690 -0.0212867 0.5755824
1403637153.988319 -3.9030447 9.0834637 2.9301023 -0.8145356 0.0128262 -0.0202528 0.5796180
1403637154.388319 -3.8375680 9.1709223 2.8969622 -0.8273637 0.0308911 0.0039758 0.5608023
1403637156.988319 -2.7749910 10.0816479 2.6182718 -0.7396849 0.3590442 -0.2425185 0.5149158
1403637159.888319 0.1117368 8.9464417 2.4015961 -0.6953177 0.4373880 -0.3033862 0.4828891
1403637161.088319 1.4477997 8.0515690 2.2040827 0.5610361 -0.6118265 0.4087231 -0.3792786
1403637163.338319 2.8150196 5.7608938 2.3753781 0.3777891 -0.6878366 0.5377262 -0.3082319
1403637163.438319 2.7692008 5.6502247 2.3519943 0.3521868 -0.7038157 0.5424179 -0.2939232
1403637163.488319 2.7423763 5.5976572 2.3392396 0.3403011 -0.7121983 0.5419504 -0.2885456
1403637164.538319 1.7399569 4.3552451 2.4564350 0.3111359 -0.7528582 0.5149938 -0.2667968
1403637164.588319 1.6761475 4.2852697 2.4638410 0.3112175 -0.7537937 0.5116588 -0.2704518
1403637167.038319 -0.8594624 1.7503605 2.2456017 0.3459112 -0.7286507 0.5784173 -0.1218485
1403637168.388319 -0.1133332 3.1055975 2.0965400 0.3476135 -0.7408578 0.5332070 -0.2144411
1403637171.088319 1.8428793 7.4891782 1.3918595 -0.6697057 0.4015206 -0.3323008 0.5290103
1403637171.188319 1.8108864 7.6690497 1.3755798 -0.6848711 0.3835616 -0.3132860 0.5344942
1403637171.988319 1.2299571 8.8127279 1.4027882 -0.6993124 0.3351538 -0.3268938 0.5401616
1403637172.188319 0.9693251 9.0516996 1.3848457 -0.6949498 0.3471223 -0.3226908 0.5407602
1403637172.238319 0.8961778 9.1095705 1.3802328 -0.6962290 0.3558733 -0.3128172 0.5392262
1403637172.288319 0.8205547 9.1661110 1.3775702 -0.6972840 0.3653421 -0.3018601 0.5377738
1403637173.188319 -0.4781842 9.7371788 1.4867816 -0.7036077 0.4812925 -0.2420723 0.4633518
1403637173.238319 -0.5256124 9.7503605 1.4778714 -0.6977121 0.4896822 -0.2473107 0.4607022
1403637173.488319 -0.6854973 9.7941904 1.4366603 -0.6538385 0.5290829 -0.2884380 0.4575699
1403637173.788319 -0.7784643 9.7730083 1.3553739 -0.6039183 0.5896613 -0.3014749 0.4435032
1403637173.838319 -0.7838812 9.7590027 1.3361416 0.5984013 -0.6010334 0.2993082 -0.4371377
1403637173.988319 -0.7750826 9.6925259 1.2848597 0.5966925 -0.6165115 0.3102365 -0.4094205
1403637174.038319 -0.7627773 9.6622543 1.2750077 0.5984439 -0.6110725 0.3264047 -0.4023870
1403637174.088319 -0.7456379 9.6298561 1.2707901 0.5963357 -0.6040198 0.3437386 -0.4017309
1403637174.138319 -0.7250385 9.5959463 1.2714210 0.5924113 -0.5948225 0.3623656 -0.4048781
1403637174.338319 -0.6319637 9.4543848 1.3027601 0.5695559 -0.5759901 0.3967157 -0.4318081
1403637175.638319 -0.4952679 7.9844584 1.4731450 0.4344499 -0.6709619 0.4635842 -0.3822997
1403637175.788319 -0.5703907 7.7728691 1.4674181 0.4410774 -0.6767641 0.4535188 -0.3765126
1403637176.188319 -0.8373852 7.1466160 1.5452017 0.4516892 -0.6480234 0.4850261 -0.3752229
1403637176.238319 -0.8784022 7.0668750 1.5561595 0.4515581 -0.6453568 0.4881652 -0.3759051
1403637176.338319 -0.9671378 6.9076176 1.5732321 0.4488131 -0.6455120 0.4906375 -0.3757072
1403637177.188319 -1.9207568 5.5862608 1.5402966 0.4463779 -0.7174905 0.4446150 -0.2971054
1403637177.588319 -2.2454581 4.9192281 1.4221449 0.4643819 -0.7204149 0.4448278 -0.2597693
1403637177.788319 -2.3086348 4.5746775 1.3848937 0.4669357 -0.7051354 0.4730897 -0.2468629
1403637180.338319 -0.1516714 3.7172136 0.9819189 0.3645425 -0.7242979 0.5355089 -0.2360755
1403637180.388319 -0.0992532 3.7604697 0.9654058 0.3643462 -0.7288637 0.5289079 -0.2372049
1403637180.538319 0.0569572 3.8915722 0.9249717 0.3691688 -0.7441118 0.5070110 -0.2301130
1403637180.588319 0.1108022 3.9339504 0.9168097 0.3707930 -0.7456666 0.5049136 -0.2270598
1403637180.738319 0.2827168 4.0558057 0.9095010 0.3730737 -0.7329320 0.5241092 -0.2212154
1403637180.838319 0.4019113 4.1393814 0.9146612 0.3723462 -0.7267869 0.5344495 -0.2179515
1403637180.888319 0.4625182 4.1819887 0.9193599 0.3743046 -0.7228095 0.5407425 -0.2122265
1403637181.488319 1.2484946 4.8552318 1.1151122 0.3479584 -0.7230589 0.5538729 -0.2221164
1403637181.588319 1.3754640 4.9892759 1.1691587 0.3479853 -0.7273265 0.5499561 -0.2178319
1403637181.788319 1.6236191 5.2732306 1.2930046 0.3400408 -0.7347912 0.5444559 -0.2191391
1403637182.388319 2.2997589 6.1592464 1.5724850 0.3175627 -0.7243724 0.5546217 -0.2585216
1403637182.988319 2.6395378 7.1190586 1.8173177 0.3099644 -0.7174714 0.5597122 -0.2754619
1403637183.188319 2.6573877 7.4567099 1.8411844 0.2978197 -0.7225174 0.5522411 -0.2903474
1403637183.988319 2.1127958 8.6431561 1.6812408 0.2780218 -0.7497175 0.5114782 -0.3146707
1403637184.088319 1.9713879 8.7510939 1.6729181 0.2760095 -0.7540255 0.5055574 -0.3157152
1403637184.188319 1.8132906 8.8434725 1.6727319 0.2789575 -0.7555898 0.5050502 -0.3101467
1403637184.238319 1.7294683 8.8833551 1.6738933 0.2826856 -0.7545139 0.5082796 -0.3040552
1403637184.438319 1.3786077 9.0158358 1.6491652 0.3101117 -0.7528776 0.5163000 -0.2654059
1403637184.538319 1.1963949 9.0747910 1.6198089 0.3195237 -0.7568772 0.5106975 -0.2534352
1403637184.638319 1.0145950 9.1283903 1.5865614 0.3267001 -0.7624198 0.5021459 -0.2446074
1403637184.738319 0.8346996 9.1758032 1.5536072 0.3309112 -0.7676597 0.4935615 -0.2399864
1403637184.888319 0.5750198 9.2298908 1.5162282 0.3349254 -0.7721890 0.4861230 -0.2350185
1403637184.988319 0.4118710 9.2527266 1.5047948 0.3367845 -0.7739323 0.4829793 -0.2331009
1403637185.088319 0.2567501 9.2649298 1.5016055 0.3395235 -0.7752542 0.4807099 -0.2293964
1403637185.188319 0.1103210 9.2663393 1.5098054 0.3392550 -0.7765059 0.4792497 -0.2286139
1403637185.288319 -0.0267029 9.2567320 1.5233963 0.3414269 -0.7787148 0.4759192 -0.2247933
1403637185.388319 -0.1538124 9.2358456 1.5456080 0.3473630 -0.7804753 0.4728928 -0.2158001
1403637185.488319 -0.2720366 9.2073679 1.5768318 0.3521585 -0.7814649 0.4711617 -0.2080951
1403637185.588319 -0.3775568 9.1699638 1.6165953 0.3513357 -0.7788104 0.4762839 -0.2077769
1403637185.688319 -0.4703436 9.1244507 1.6612849 0.3457486 -0.7703121 0.4908453 -0.2148211
1403637186.538319 -1.0524616 8.6846275 1.9634862 0.3293506 -0.7467241 0.5281071 -0.2345936
1403637187.138319 -1.4196887 8.3813572 2.1709566 0.3015751 -0.7636989 0.5048156 -0.2664163
1403637187.388319 -1.6082573 8.1941605 2.1699810 0.3117865 -0.7712471 0.5044984 -0.2311891
1403637187.488319 -1.6828012 8.1088514 2.1639600 0.3148506 -0.7749274 0.5024962 -0.2187561
1403637187.638319 -1.7866349 7.9725285 2.1510849 0.3138225 -0.7798280 0.4987205 -0.2113333
1403637187.788319 -1.8796811 7.8244376 2.1320500 0.3103693 -0.7832273 0.4957886 -0.2107600
1403637188.288319 -2.0951917 7.2333398 2.0467844 0.3206878 -0.7649289 0.5242785 -0.1928090
1403637188.488319 -2.1383345 6.9878550 2.0012102 0.3125403 -0.7569899 0.5373700 -0.2012918
1403637189.238319 -2.3400278 6.1093616 1.7398615 0.2400939 -0.7983483 0.5248827 -0.1717355
1403637190.138319 -2.6818712 4.9813414 1.5829005 0.2435951 -0.7750269 0.5570917 -0.1721730
1403637190.288319 -2.7446473 4.8115082 1.6196566 0.2412315 -0.7735907 0.5599260 -0.1727650
1403637190.938319 -3.0290542 4.1849833 1.7691731 0.2648958 -0.7649218 0.5555363 -0.1900117
1403637191.588319 -3.3492093 3.7244737 1.7171206 0.2829119 -0.7544826 0.5597326 -0.1934331
1403637191.738319 -3.4283996 3.6449623 1.7233105 0.2863196 -0.7635775 0.5488977 -0.1835259
1403637191.888319 -3.5004034 3.5732331 1.7456965 0.2934735 -0.7659962 0.5464539 -0.1688535
1403637192.188319 -3.5976381 3.4595158 1.8407068 0.2994897 -0.7746533 0.5358387 -0.1519705
1403637192.288319 -3.6109827 3.4276490 1.8849430 0.3032481 -0.7747242 0.5355564 -0.1449914
1403637192.538319 -3.5956974 3.3613756 1.9902439 0.2970910 -0.7793528 0.5305943 -0.1510489
1403637192.788319 -3.5265508 3.2998409 2.0543771 0.2877256 -0.7884338 0.5183747 -0.1639324
1403637193.138319 -3.3635154 3.1857817 2.1556058 0.2770673 -0.7862990 0.5208377 -0.1835639
1403637193.488319 -3.1763012 3.0176628 2.2507205 0.2781353 -0.7838580 0.5249166 -0.1807485
1403637193.688319 -3.0595675 2.8960595 2.2944212 0.2883046 -0.7774376 0.5330643 -0.1682670
1403637193.888319 -2.9217758 2.7716408 2.3593845 0.2922886 -0.7758570 0.5346304 -0.1636566
1403637193.938319 -2.8839574 2.7414117 2.3763213 0.2914405 -0.7749155 0.5359972 -0.1651531
1403637194.538319 -2.3793306 2.4252996 2.4194369 0.2862389 -0.7742811 0.5382621 -0.1697941
1403637194.588319 -2.3319263 2.4014030 2.4278460 0.2860002 -0.7747536 0.5377125 -0.1697826
1403637194.938319 -1.9775718 2.2396233 2.5025916 0.2842116 -0.7822011 0.5286303 -0.1671389
1403637195.088319 -1.8120723 2.1677380 2.5170324 0.2798553 -0.7742786 0.5409907 -0.1717639
1403637195.188319 -1.7001332 2.1217957 2.5185165 0.2775993 -0.7688993 0.5489808 -0.1742203
1403637195.288319 -1.5883838 2.0786705 2.5145876 0.2762301 -0.7652497 0.5542409 -0.1758037
1403637195.688319 -1.1475619 1.9456604 2.5180171 0.2905251 -0.7583181 0.5514320 -0.1909751
1403637195.938319 -0.8879558 1.8973472 2.5596535 0.3092428 -0.7492064 0.5570391 -0.1810144
1403637195.988319 -0.8363804 1.8914356 2.5667849 0.3141268 -0.7463183 0.5599701 -0.1754047
1403637196.638319 -0.0970720 2.1124761 2.5608387 0.3212763 -0.7103629 0.6057185 -0.1589693
1403637196.738319 0.0233912 2.2138281 2.5432448 0.3161688 -0.7142269 0.6022633 -0.1649127
1403637196.938319 0.2596102 2.4619889 2.4926748 0.3106423 -0.7163513 0.6015963 -0.1685946
1403637197.038319 0.3761647 2.6095829 2.4666107 0.3039174 -0.7209336 0.5955167 -0.1823429
1403637197.288319 0.6515841 3.0335350 2.4243212 0.3250771 -0.7252054 0.5665829 -0.2176830
1403637197.338319 0.7028794 3.1253884 2.4217515 0.3348083 -0.7242144 0.5588170 -0.2261426
1403637197.388319 0.7533021 3.2185059 2.4216313 0.3454776 -0.7212616 0.5518314 -0.2364509
1403637197.538319 0.8951778 3.5038576 2.4307294 0.3922412 -0.7050717 0.5293911 -0.2622324
1403637197.588319 0.9401760 3.6005180 2.4364502 0.4116873 -0.6967955 0.5218726 -0.2695156
1403637197.688319 1.0282531 3.7954021 2.4536581 0.4464266 -0.6768243 0.5083153 -0.2902202
1403637197.888319 1.1927409 4.1896076 2.5086517 0.5101747 -0.6257253 0.4929271 -0.3243647
1403637198.188319 1.4061294 4.8209333 2.6432471 -0.5738786 0.5646533 -0.4629073 0.3708730
1403637198.488319 1.5756326 5.5050836 2.8166173 -0.6174949 0.5061732 -0.4487331 0.4014069
1403637198.688319 1.6608601 5.9893446 2.8776240 -0.6263852 0.4861644 -0.4538212 0.4066106
1403637198.888319 1.7113280 6.5022454 2.8688905 -0.6184222 0.4820124 -0.4559027 0.4211541
1403637199.038319 1.7198234 6.9082508 2.8457625 -0.6039103 0.4862547 -0.4464286 0.4467104
1403637199.138319 1.7068915 7.1835423 2.8347025 -0.6054642 0.4884880 -0.4319542 0.4562983
1403637199.338319 1.6378536 7.7329865 2.8334408 -0.6237106 0.4717852 -0.4078759 0.4712125
1403637199.788319 1.3000674 8.9227924 2.8467956 -0.6677663 0.3923448 -0.3360129 0.5359563
1403637199.888319 1.1970859 9.1738052 2.8145962 -0.6710315 0.3745783 -0.3059706 0.5619519
1403637199.938319 1.1430063 9.2954569 2.7909298 -0.6718593 0.3645786 -0.2901868 0.5757423
1403637200.038319 1.0282493 9.5256939 2.7395287 -0.6709785 0.3394573 -0.2603134 0.6056349
1403637200.088319 0.9674320 9.6322308 2.7113943 -0.6726719 0.3239407 -0.2480519 0.6172886
1403637200.138319 0.9046192 9.7325687 2.6826630 -0.6746446 0.3071557 -0.2371660 0.6279032
1403637200.188319 0.8395367 9.8257675 2.6511917 -0.6821262 0.2912938 -0.2271977 0.6310571
1403637200.238319 0.7723136 9.9123039 2.6188326 -0.6906608 0.2762903 -0.2171958 0.6320423
1403637202.188319 -1.4511456 10.8457384 2.3410749 -0.7404060 0.3675469 -0.1579614 0.5401449
1403637204.688319 -1.0829239 9.6442709 2.3063021 -0.7465613 0.3181850 -0.2432940 0.5312368
1403637206.688319 -1.3888397 9.4865599 2.3521795 -0.7559387 0.3014132 -0.2197215 0.5379863
1403637208.688319 -1.8104711 9.2159777 2.5108852 -0.7507087 0.3148774 -0.2301474 0.5332174
1403637209.588319 -2.0172606 9.1007118 2.4507217 -0.7922641 0.2730051 -0.1983228 0.5083838
1403637211.838319 -0.7862191 11.6718664 1.8882055 -0.7792734 0.2906916 -0.1687641 0.5289140
1403637211.988319 -0.6181297 11.8891850 1.8552084 -0.7814170 0.2903429 -0.1701621 0.5254839
1403637212.038319 -0.5581260 11.9613924 1.8492146 -0.7797410 0.2871628 -0.1757630 0.5278721
1403637212.288319 -0.2541165 12.3123798 1.8451681 -0.7631533 0.2763911 -0.1952156 0.5505415
1403637212.388319 -0.1353588 12.4449663 1.8534002 -0.7602448 0.2760707 -0.1978621 0.5537719
1403637212.538319 0.0355515 12.6322460 1.8747244 -0.7631341 0.2777786 -0.1992693 0.5484134
1403637212.688319 0.2000828 12.8103104 1.9028063 -0.7708809 0.2816981 -0.1967084 0.5363716
1403637212.738319 0.2549667 12.8693256 1.9132128 -0.7729028 0.2815390 -0.1975365 0.5332322
1403637212.838319 0.3649693 12.9874725 1.9360571 -0.7757735 0.2805602 -0.1991279 0.5289702
1403637213.038319 0.5845809 13.2263556 1.9904547 -0.7782856 0.2753522 -0.2032151 0.5264564
1403637213.088319 0.6386037 13.2871904 2.0047979 -0.7781757 0.2755499 -0.2012780 0.5272591
1403637213.188319 0.7460794 13.4091692 2.0284719 -0.7787810 0.2764276 -0.1965722 0.5276811
1403637213.388319 0.9617748 13.6547375 2.0568390 -0.7772911 0.2753158 -0.1951028 0.5309942
1403637213.438319 1.0157814 13.7164202 2.0604649 -0.7759319 0.2747136 -0.1957863 0.5330384
1403637213.738319 1.3294826 14.0801210 2.0521650 -0.7774087 0.2584367 -0.2181170 0.5303501
1403637213.888319 1.4698477 14.2627897 2.0294123 -0.7808803 0.2539437 -0.2219908 0.5257934
1403637213.938319 1.5137830 14.3251076 2.0200043 -0.7817718 0.2534671 -0.2220856 0.5246572
1403637214.038319 1.5973740 14.4546337 2.0060730 -0.7788928 0.2501346 -0.2221231 0.5304905
1403637214.138319 1.6725736 14.5883598 1.9995461 -0.7754892 0.2474573 -0.2120320 0.5407623
1403637214.388319 1.8327246 14.9201736 2.0139790 -0.7746236 0.2129928 -0.1902160 0.5642787
1403637214.488319 1.8826952 15.0459452 2.0284462 -0.7784970 0.1846783 -0.1862471 0.5702179
1403637214.638319 1.9372077 15.2264585 2.0602322 -0.7826191 0.1415836 -0.1832620 0.5778205
1403637214.788319 1.9623487 15.4011536 2.1041908 -0.7827790 0.1102006 -0.1851360 0.5838130
1403637214.888319 1.9580946 15.5141888 2.1374664 -0.7834159 0.1017839 -0.1812632 0.5856989
1403637215.138319 1.8771777 15.7778511 2.1991329 -0.7786655 0.0972098 -0.1760293 0.5943433
1403637215.288319 1.7820501 15.9212551 2.2192707 -0.7750227 0.1007699 -0.1681189 0.6007674
1403637215.438319 1.6525428 16.0484562 2.2295723 -0.7684503 0.0982749 -0.1464640 0.6151216
1403637215.638319 1.4353594 16.1732674 2.2471542 -0.7641950 0.0739752 -0.1102556 0.6311715
1403637215.788319 1.2470057 16.2255497 2.2711143 -0.7781250 0.0428201 -0.0824350 0.6212025
1403637215.988319 0.9758874 16.2540359 2.3260899 -0.7950969 0.0086696 -0.0426660 0.6049176
1403637216.088319 0.8369111 16.2562847 2.3633442 -0.7981534 -0.0041876 -0.0232318 0.6019917
1403637216.138319 0.7673440 16.2548199 2.3816376 -0.7990531 -0.0102960 -0.0144708 0.6009981
1403637216.338319 0.4960345 16.2361584 2.4407444 -0.7970468 -0.0236616 0.0090990 0.6033852
1403637216.538319 0.2398064 16.1965179 2.4747543 -0.7865032 -0.0269804 0.0147666 0.6168199
1403637216.988319 -0.2685091 15.9645853 2.5184441 -0.7690100 -0.0156790 0.0128020 0.6389161
1403637217.088319 -0.3674220 15.8734722 2.5359631 -0.7760788 -0.0081549 0.0191762 0.6302916
1403637217.188319 -0.4608343 15.7706680 2.5518036 -0.7814559 0.0019885 0.0291954 0.6232740
1403637217.388319 -0.6213354 15.5400324 2.5616035 -0.7851675 0.0178192 0.0416786 0.6176225
1403637217.438319 -0.6547064 15.4776611 2.5588036 -0.7856957 0.0205449 0.0428161 0.6167877
1403637217.588319 -0.7388710 15.2796402 2.5419655 -0.7838721 0.0165209 0.0422402 0.6192637
1403637217.838319 -0.8365007 14.9062805 2.5076046 -0.7735582 -0.0484800 0.0275547 0.6312672
1403637218.038319 -0.9052719 14.5562859 2.5053997 -0.7751412 -0.0923463 0.0451610 0.6233688
1403637218.138319 -0.9381579 14.3673916 2.5106525 -0.7783325 -0.1038450 0.0551795 0.6167413
1403637218.238319 -0.9694275 14.1720867 2.5121384 -0.7803453 -0.1119215 0.0607895 0.6122413
1403637218.338319 -1.0000864 13.9726486 2.5079346 -0.7803766 -0.1178892 0.0626387 0.6108935
1403637218.388319 -1.0152096 13.8708000 2.5040379 -0.7803497 -0.1186548 0.0643048 0.6106066
1403637218.488319 -1.0445274 13.6620617 2.4942989 -0.7797259 -0.1199012 0.0652019 0.6110646
1403637218.538319 -1.0590056 13.5553474 2.4898424 -0.7797108 -0.1204662 0.0651486 0.6109784
1403637218.638319 -1.0880346 13.3436623 2.4832964 -0.7816427 -0.1197031 0.0640341 0.6087739
1403637218.738319 -1.1174186 13.1273785 2.4824715 -0.7860319 -0.1185294 0.0625454 0.6034840
1403637218.788319 -1.1321503 13.0171528 2.4820671 -0.7872411 -0.1170353 0.0625165 0.6022009
1403637218.838319 -1.1465857 12.9061689 2.4772520 -0.7884753 -0.1186434 0.0580851 0.6007136
1403637218.938319 -1.1763809 12.6835489 2.4543762 -0.7892008 -0.1224433 0.0490148 0.5998062
1403637218.988319 -1.1920826 12.5711222 2.4372835 -0.7894618 -0.1247568 0.0442199 0.5993584
1403637219.088319 -1.2265557 12.3452168 2.3978624 -0.7895549 -0.1269687 0.0390606 0.5991296
1403637219.188319 -1.2661550 12.1161137 2.3596439 -0.7897233 -0.1268506 0.0381832 0.5989892
1403637219.238319 -1.2880453 12.0003033 2.3430700 -0.7900797 -0.1256912 0.0390115 0.5987101
1403637219.338319 -1.3346728 11.7634430 2.3148413 -0.7915567 -0.1228805 0.0414824 0.5971748
1403637219.388319 -1.3594332 11.6440125 2.3025627 -0.7931458 -0.1222487 0.0414531 0.5951948
1403637219.488319 -1.4126620 11.4036913 2.2827444 -0.7997075 -0.1199726 0.0440737 0.5866275
1403637219.588319 -1.4691945 11.1622400 2.2703438 -0.8090089 -0.1181335 0.0451823 0.5740275
1403637219.838319 -1.6233972 10.5797729 2.2671700 -0.8206103 -0.1149570 0.0457749 0.5579322
1403637220.838319 -2.3621855 8.7650261 2.6067162 -0.8181490 -0.0914087 0.0716798 0.5631508
1403637221.038319 -2.4825447 8.4777641 2.6452084 -0.8219943 -0.0892025 0.0670503 0.5584555
1403637221.088319 -2.5104966 8.4101028 2.6510963 -0.8232285 -0.0859366 0.0645013 0.5574490
1403637221.188319 -2.5634270 8.2809076 2.6579914 -0.8268852 -0.0775547 0.0557805 0.5541975
1403637221.238319 -2.5884161 8.2193108 2.6593380 -0.8282181 -0.0718514 0.0503061 0.5534993
1403637221.438319 -2.6839290 7.9927778 2.6521807 -0.8299707 -0.0485506 0.0338925 0.5546557
1403637221.538319 -2.7298715 7.8900294 2.6400366 -0.8313936 -0.0398630 0.0301971 0.5534291
1403637221.638319 -2.7732060 7.7946081 2.6231337 -0.8321993 -0.0340455 0.0257179 0.5528325
1403637221.738319 -2.8147559 7.7071414 2.6016750 -0.8332577 -0.0287054 0.0234002 0.5516430
1403637222.238319 -2.9666264 7.3978114 2.4408917 -0.8339974 0.0399502 -0.0203047 0.5499457
1403637222.838319 -3.0507786 7.1972303 2.2666430 -0.8182069 0.0810422 -0.0559302 0.5664286
1403637223.188319 -3.0689812 7.1162000 2.2938452 -0.8315771 0.0768984 -0.0519964 0.5475971
1403637224.538319 -3.0526958 7.1916285 2.4941750 -0.8103980 0.0575414 -0.0607078 0.5798782
1403637224.888319 -3.0745401 7.2105308 2.4483709 -0.8099949 0.0644227 -0.0511938 0.5806352
1403637225.438319 -3.1153717 7.1973186 2.3453498 -0.8060958 0.0556671 -0.0596254 0.5861360
1403637225.638319 -3.1450572 7.1730170 2.3290782 -0.8078365 0.0534074 -0.0596508 0.5839433
1403637225.988319 -3.2169685 7.1288366 2.3821082 -0.8137248 0.0529701 -0.0578144 0.5759373
1403637226.438319 -3.3402505 7.0728111 2.4769363 -0.8160419 0.0515412 -0.0595075 0.5726061
1403637226.738319 -3.4403052 7.0337763 2.4886703 -0.8257356 0.0515168 -0.0587939 0.5586143
1403637227.138319 -3.5911348 7.0387845 2.4611335 -0.8190419 0.0741004 -0.0308595 0.5680909
1403637227.238319 -3.6206207 7.0481052 2.4608407 -0.8176216 0.0766407 -0.0290857 0.5698903
1403637227.888319 -3.7187715 7.1374111 2.4578576 -0.8173391 0.0754981 -0.0431393 0.5695577
1403637228.638319 -3.7586446 7.2064567 2.4081836 -0.8007139 0.0541476 -0.0637139 0.5931830
1403637229.038319 -3.8197956 7.1706672 2.4389663 -0.8117363 0.0594820 -0.0585686 0.5780274
1403637229.438319 -3.8964663 7.1191649 2.4042082 -0.8113179 0.0739375 -0.0682862 0.5758764
1403637229.538319 -3.9178681 7.1013975 2.3862553 -0.8164065 0.1012951 -0.0638257 0.5649301
1403637229.638319 -3.9346161 7.0857925 2.3667092 -0.8183045 0.1328780 -0.0647267 0.5554563
1403637229.738319 -3.9430952 7.0728068 2.3450174 -0.8165155 0.1624886 -0.0757638 0.5487803
1403637229.838319 -3.9412880 7.0634522 2.3214722 -0.8089011 0.1806970 -0.1068040 0.5492001
1403637229.938319 -3.9337411 7.0567694 2.2973948 -0.7984319 0.1972741 -0.1401267 0.5513203
1403637230.138319 -3.9183981 7.0475721 2.2506232 -0.7850890 0.2444055 -0.1787355 0.5403283
1403637230.338319 -3.9058402 7.0441251 2.2283373 -0.7789364 0.2770150 -0.2010266 0.5254608
1403637230.588319 -3.8889625 7.0621839 2.2492266 -0.7572549 0.2863972 -0.2233865 0.5428076
1403637230.938319 -3.8785000 7.0743151 2.3257565 -0.7404416 0.3586296 -0.2371265 0.5166258
1403637231.038319 -3.8713679 7.0719843 2.3399875 -0.7332866 0.3869734 -0.2486778 0.5007011
1403637231.338319 -3.8168182 7.0567570 2.3108191 -0.6794014 0.4807281 -0.3003491 0.4659449
1403637231.538319 -3.7557359 7.0331850 2.2145076 -0.6254709 0.5472918 -0.3382874 0.4413837
1403637231.638319 -3.7206364 7.0132399 2.1448174 -0.5992171 0.5798361 -0.3552201 0.4225490
1403637232.138319 -3.4765043 6.8137403 1.8984439 0.4701058 -0.6759534 0.4383293 -0.3604927
1403637232.238319 -3.4195013 6.7518206 1.8773801 0.4451260 -0.6863178 0.4535060 -0.3537839
1403637232.338319 -3.3664756 6.6815882 1.8630996 0.4262547 -0.6943492 0.4693893 -0.3403820
1403637232.838319 -3.1907799 6.2469001 1.8706908 0.3210793 -0.7736383 0.4735859 -0.2722285
1403637233.338319 -3.0598068 5.5567098 1.9729552 0.3238779 -0.8023687 0.4557591 -0.2087850
1403637233.638319 -2.9032958 5.0136795 1.9544587 0.3661271 -0.7707923 0.4923142 -0.1716302
1403637234.138319 -2.3612008 4.2091713 1.7714052 0.4067363 -0.6981558 0.5757580 -0.1250868
1403637234.888319 -0.9777057 4.0850368 1.3679299 0.3933531 -0.6874785 0.5520247 -0.2606060
1403637235.138319 -0.5325994 4.2429309 1.2334398 0.4264516 -0.6675585 0.5304630 -0.3018503
1403637235.538319 0.0715518 4.5758953 1.1060699 0.4861265 -0.6600105 0.4793450 -0.3135212
1403637235.838319 0.4994869 4.8663359 1.0886964 0.5218067 -0.6208109 0.4830627 -0.3300941
1403637235.938319 0.6398425 4.9741192 1.0984567 0.5382442 -0.5962631 0.4942623 -0.3323676
1403637236.038319 0.7761326 5.0948067 1.1140723 0.5556002 -0.5773416 0.4956303 -0.3351655
1403637236.138319 0.9065437 5.2313390 1.1374626 -0.5715677 0.5617455 -0.4918450 0.3403542
1403637236.238319 1.0308475 5.3843331 1.1687785 -0.5869037 0.5470986 -0.4857947 0.3467430
1403637236.338319 1.1479945 5.5547633 1.2078958 -0.5992526 0.5344677 -0.4762248 0.3584001
1403637236.438319 1.2571034 5.7416453 1.2534263 -0.6088685 0.5243621 -0.4640014 0.3728623
1403637236.538319 1.3608804 5.9414620 1.3028443 -0.6139809 0.5172705 -0.4528510 0.3877947
1403637236.638319 1.4598699 6.1499581 1.3489511 -0.6151998 0.5104632 -0.4485268 0.3997251
1403637236.888319 1.6652369 6.7094064 1.4521761 -0.6129909 0.4834255 -0.4437355 0.4400466
1403637237.088319 1.7631817 7.1834240 1.5570102 -0.5998657 0.4535547 -0.4433967 0.4876974
1403637237.188319 1.7796631 7.4221601 1.6190996 -0.5943654 0.4421793 -0.4368317 0.5102796
1403637237.288319 1.7689290 7.6566653 1.6857386 -0.5987442 0.4345271 -0.4223121 0.5237787
1403637237.588319 1.5898137 8.3102112 1.9246197 -0.6156163 0.4226114 -0.3890184 0.5395191
1403637237.688319 1.4855156 8.5064869 2.0180831 -0.6150784 0.4233642 -0.3786873 0.5468429
1403637237.888319 1.2239118 8.8581581 2.1981902 -0.6147182 0.4398486 -0.3566593 0.5490437
1403637238.388319 0.4114466 9.4421444 2.5242815 -0.5550061 0.5787224 -0.3239978 0.5020700
1403637238.588319 0.0754318 9.5199814 2.6164777 0.5033332 -0.6361598 0.3377196 -0.4773906
1403637238.688319 -0.0956974 9.5195379 2.6534452 0.4879277 -0.6651132 0.3317807 -0.4576819
1403637238.788319 -0.2648478 9.4912319 2.6861434 0.4833265 -0.6918750 0.3165572 -0.4330082
1403637238.888319 -0.4263506 9.4327621 2.7167816 0.4837769 -0.7147954 0.2980832 -0.4076443
1403637238.988319 -0.5724478 9.3413668 2.7471972 0.4880745 -0.7316678 0.2821626 -0.3831840
1403637239.138319 -0.7464123 9.1379499 2.7978768 0.5000572 -0.7315775 0.2984898 -0.3544587
1403637239.388319 -0.9146080 8.6696129 2.8880472 0.4871813 -0.7169859 0.3661722 -0.3383838
1403637239.488319 -0.9544296 8.4536858 2.9090071 0.4704155 -0.7238613 0.3808338 -0.3312095
1403637239.588319 -0.9848337 8.2255516 2.9129629 0.4501204 -0.7317858 0.3978114 -0.3219119
1403637239.688319 -1.0072765 7.9861579 2.8975005 0.4280945 -0.7399219 0.4159105 -0.3102729
1403637239.788319 -1.0223365 7.7360201 2.8683181 0.4046139 -0.7405716 0.4452836 -0.2992722
1403637239.888319 -1.0336494 7.4797869 2.8248594 0.3816231 -0.7371486 0.4793708 -0.2849201
1403637239.988319 -1.0459080 7.2216859 2.7738111 0.3572506 -0.7375414 0.5056009 -0.2697637
1403637240.188319 -1.0777068 6.7120409 2.6543670 0.3075570 -0.7512420 0.5346342 -0.2349686
1403637240.538319 -1.1575596 5.8588123 2.4333911 0.2728812 -0.7940122 0.5179684 -0.1636747
1403637240.788319 -1.1754386 5.2571735 2.3313670 0.2705243 -0.7924756 0.5248518 -0.1527403
1403637240.888319 -1.1683156 5.0165033 2.3068728 0.2720857 -0.7791769 0.5432876 -0.1539201
1403637241.088319 -1.1374146 4.5544844 2.2651949 0.2745314 -0.7690922 0.5545108 -0.1601478
1403637241.238319 -1.1049685 4.2281032 2.2165051 0.2811826 -0.7687019 0.5517943 -0.1598654
1403637241.338319 -1.0780802 4.0182509 2.1782081 0.2879768 -0.7655814 0.5536947 -0.1561303
1403637241.438319 -1.0464897 3.8165874 2.1368761 0.2957016 -0.7612994 0.5572037 -0.1500262
1403637241.538319 -1.0085088 3.6249974 2.0994611 0.3026909 -0.7543427 0.5644141 -0.1441602
1403637241.738319 -0.9051583 3.2798066 2.0454071 0.3073021 -0.7403210 0.5798899 -0.1456639
1403637241.838319 -0.8430086 3.1323035 2.0280445 0.3047561 -0.7334650 0.5884448 -0.1512801
1403637242.138319 -0.6455708 2.7929571 2.0146701 0.2859573 -0.7282078 0.5966416 -0.1787756
1403637242.338319 -0.5267277 2.6487794 2.0256338 0.2960847 -0.7279978 0.5978041 -0.1580607
1403637242.788319 -0.2374032 2.5986748 2.0262904 0.3186659 -0.7117603 0.6002675 -0.1775621
1403637242.888319 -0.1705439 2.6470084 2.0401154 0.3227884 -0.7078226 0.5964090 -0.1977146
1403637243.188319 0.0070434 2.8758121 2.0842524 0.3452009 -0.7012757 0.5889677 -0.2053435
1403637243.288319 0.0606260 2.9797008 2.0884628 0.3472925 -0.7085493 0.5781391 -0.2076084
1403637243.488319 0.1619768 3.2187536 2.0813007 0.3454081 -0.7163212 0.5676104 -0.2130628
1403637243.588319 0.2101150 3.3525081 2.0803566 0.3430151 -0.7223218 0.5602427 -0.2161481
1403637243.788319 0.3052754 3.6358242 2.1010551 0.3348178 -0.7402389 0.5381224 -0.2244278
1403637243.888319 0.3520379 3.7782059 2.1256313 0.3273390 -0.7504833 0.5251027 -0.2321444
1403637244.288319 0.5093079 4.2998347 2.3041406 0.3172852 -0.7570695 0.5219511 -0.2318254
1403637244.488319 0.5705152 4.5256424 2.4289942 0.3243329 -0.7600667 0.5142746 -0.2294091
1403637244.688319 0.6314964 4.7303410 2.5540423 0.3583209 -0.7482867 0.5122346 -0.2220113
1403637245.088319 0.8024602 5.1078906 2.7364972 0.3863064 -0.7462001 0.4847655 -0.2428070
1403637245.188319 0.8573799 5.1908789 2.7653236 0.3842351 -0.7549234 0.4695631 -0.2489267
1403637245.488319 1.0614133 5.3828192 2.8305457 0.3985274 -0.7380889 0.4897182 -0.2378588
1403637245.638319 1.1846848 5.4671330 2.8476310 0.4118292 -0.7305455 0.4871351 -0.2437202
1403637245.738319 1.2738175 5.5218863 2.8522298 0.4238045 -0.7227826 0.4838960 -0.2526258
1403637245.938319 1.4677753 5.6306806 2.8496771 0.4528875 -0.6860073 0.4881761 -0.2932080
1403637246.138319 1.6606832 5.7483811 2.8246591 0.5016124 -0.6407468 0.4733681 -0.3372701
1403637246.338319 1.8428202 5.8767891 2.7792826 0.5601360 -0.5858311 0.4426467 -0.3835537
1403637246.438319 1.9286723 5.9439201 2.7502325 -0.5917942 0.5515495 -0.4291177 0.4017847
1403637246.638319 2.0851188 6.0875406 2.6808209 -0.6387339 0.4807180 -0.4062482 0.4425966
1403637246.938319 2.2413726 6.3367391 2.5847435 -0.6899990 0.3945655 -0.3566900 0.4909090
1403637247.138319 2.2890501 6.5208006 2.5473175 -0.7209715 0.3754195 -0.3157843 0.4894288
1403637247.238319 2.3039453 6.6164184 2.5260186 -0.7280192 0.3743658 -0.3023970 0.4882564
1403637247.338319 2.3144779 6.7140384 2.5009313 -0.7259154 0.3720656 -0.2986863 0.4953791
1403637247.638319 2.3166003 7.0137401 2.4097896 -0.7078675 0.3558578 -0.3112542 0.5247949
1403637247.838319 2.2665324 7.2077394 2.3394399 -0.7196504 0.3255804 -0.3167276 0.5251518
1403637247.938319 2.2204890 7.3076673 2.3180828 -0.7220511 0.3148801 -0.3061586 0.5345650
1403637248.138319 2.0862527 7.5029759 2.2910929 -0.7384236 0.2999609 -0.2706119 0.5399289
1403637248.438319 1.8348978 7.7857790 2.2390213 -0.7572517 0.2857170 -0.2396980 0.5361720
1403637248.538319 1.7456434 7.8800402 2.2160330 -0.7534952 0.2823114 -0.2396126 0.5432597
1403637248.938319 1.3424630 8.2383022 2.1786175 -0.7597953 0.2918144 -0.2409418 0.5286800
1403637249.088319 1.1767731 8.3703594 2.1982069 -0.7588488 0.2964877 -0.2430376 0.5264752
1403637249.188319 1.0642514 8.4602394 2.2195082 -0.7579334 0.2983505 -0.2446590 0.5259904
1403637249.338319 0.8929043 8.5986576 2.2617960 -0.7550269 0.3002592 -0.2473297 0.5278322
1403637249.588319 0.6007690 8.8370771 2.2806664 -0.7537517 0.3033092 -0.2460995 0.5284854
1403637249.688319 0.4808636 8.9317589 2.2608051 -0.7523999 0.3024151 -0.2467681 0.5306081
1403637249.888319 0.2345834 9.1219740 2.2274485 -0.7460955 0.2930698 -0.2461620 0.5448449
1403637249.988319 0.1035018 9.2143421 2.2185459 -0.7505401 0.2861951 -0.2363232 0.5467479
1403637250.188319 -0.1658258 9.3900595 2.2221622 -0.7617971 0.2785507 -0.2067549 0.5471080
1403637250.288319 -0.2992167 9.4730434 2.2228661 -0.7650201 0.2731359 -0.1930299 0.5503458
1403637250.488319 -0.5541716 9.6292048 2.2070103 -0.7684796 0.2702032 -0.1702186 0.5544863
1403637252.188319 -1.6936727 10.3290148 2.5859308 -0.7807845 0.1636436 -0.1312133 0.5885400
1403637252.688319 -1.8687162 10.3249493 2.5566111 -0.7955204 0.1771864 -0.1128950 0.5683370
1403637253.588319 -2.0125036 10.1941509 2.5135698 -0.7924730 0.1745053 -0.1261249 0.5706374
1403637254.088319 -2.0712912 10.0662136 2.5353193 -0.7901309 0.1657041 -0.1382586 0.5736896
1403637254.488319 -2.1673510 9.9293242 2.6368732 -0.8043941 0.1388562 -0.1202986 0.5649755
1403637254.888319 -2.2871788 9.8024349 2.6831903 -0.7998309 0.1283900 -0.1103831 0.5758491
1403637255.688319 -2.5961714 9.5012836 2.6831112 -0.8067327 0.0659672 -0.0662671 0.5834720
1403637256.088319 -2.7778244 9.3188028 2.7119389 -0.8171096 0.0002347 -0.0259300 0.5758989
1403637256.838319 -3.1712286 8.9786224 2.7397547 -0.8208252 0.0064631 -0.0020725 0.5711392
1403637257.538319 -3.5285153 8.6746616 2.7506886 -0.8159527 -0.0405316 0.0024136 0.5766909
1403637257.638319 -3.5811548 8.6345043 2.7552481 -0.8186579 -0.0411559 0.0054148 0.5727793
1403637257.738319 -3.6359022 8.5960760 2.7537785 -0.8227155 -0.0420219 0.0088395 0.5668290
1403637258.038319 -3.8061748 8.4974852 2.7221422 -0.8281243 -0.0621741 0.0317608 0.5561796
1403637258.138319 -3.8641567 8.4730997 2.7123232 -0.8256934 -0.0764743 0.0436528 0.5572042
1403637258.238319 -3.9218788 8.4541817 2.7105885 -0.8184963 -0.0956637 0.0520367 0.5640962
1403637258.338319 -3.9795861 8.4394941 2.7101669 -0.8113420 -0.1101536 0.0589668 0.5710632
1403637258.638319 -4.1527572 8.4029856 2.6758442 -0.8097823 -0.1203561 0.0865534 0.5676934
1403637258.838319 -4.2566977 8.3870106 2.6377058 -0.8045983 -0.1219029 0.0884849 0.5743968
1403637258.938319 -4.3039536 8.3775015 2.6202793 -0.8037235 -0.1197794 0.0906064 0.5757360
1403637259.038319 -4.3484488 8.3688755 2.6122923 -0.8043380 -0.1170968 0.0924874 0.5751302
1403637259.138319 -4.3900361 8.3622017 2.6144371 -0.8041393 -0.1169277 0.0905238 0.5757546
1403637259.388319 -4.4785347 8.3442507 2.6518097 -0.8044182 -0.1117055 0.0918434 0.5761927
1403637259.488319 -4.5080862 8.3365984 2.6638584 -0.8040681 -0.1051392 0.0989631 0.5767377
1403637259.888319 -4.5669050 8.3082170 2.6717663 -0.8072183 -0.1080839 0.0911307 0.5730721
1403637259.988319 -4.5711718 8.3031864 2.6653862 -0.8051015 -0.1054580 0.0947527 0.5759446
1403637260.338319 -4.5579472 8.2797670 2.6082850 -0.8040674 -0.1220221 0.0735259 0.5772175
1403637260.438319 -4.5521822 8.2707663 2.5867958 -0.8019701 -0.1292064 0.0642890 0.5796694
1403637260.738319 -4.5567608 8.2409706 2.5180197 -0.8138981 -0.1278048 0.0679023 0.5626944
1403637260.838319 -4.5651655 8.2347412 2.4957027 -0.8091297 -0.1270543 0.0700417 0.5694388
1403637260.938319 -4.5755024 8.2289200 2.4734564 -0.8045286 -0.1257582 0.0730478 0.5758322
1403637261.038319 -4.5867815 8.2222557 2.4505386 -0.8020920 -0.1258676 0.0736574 0.5791204
1403637261.138319 -4.5987167 8.2139902 2.4269590 -0.8074192 -0.1258788 0.0739619 0.5716279
1403637261.238319 -4.6116228 8.2054768 2.4048443 -0.8145008 -0.1273639 0.0721224 0.5613959
1403637261.338319 -4.6262136 8.1997766 2.3887348 -0.8155843 -0.1279585 0.0709788 0.5598313
1403637261.438319 -4.6433411 8.1973438 2.3801146 -0.8103126 -0.1241564 0.0758576 0.5676482
1403637261.538319 -4.6600723 8.1957035 2.3740139 -0.8100682 -0.1213445 0.0796234 0.5680890
1403637261.588319 -4.6678295 8.1949244 2.3706818 -0.8135045 -0.1219088 0.0786981 0.5631655
1403637261.688319 -4.6831732 8.1957722 2.3676338 -0.8193450 -0.1240171 0.0753079 0.5546370
1403637261.788319 -4.6995373 8.2021999 2.3719292 -0.8170426 -0.1246996 0.0737917 0.5580736
1403637261.988319 -4.7346597 8.2235756 2.3805904 -0.8050264 -0.1216209 0.0751772 0.5757512
1403637262.038319 -4.7433243 8.2286196 2.3776884 -0.8036038 -0.1196020 0.0770302 0.5779124
1403637262.088319 -4.7515354 8.2333431 2.3725891 -0.8021271 -0.1180659 0.0782242 0.5801151
1403637262.138319 -4.7594166 8.2372942 2.3654518 -0.8023506 -0.1159927 0.0801140 0.5799665
1403637262.188319 -4.7670798 8.2410774 2.3566570 -0.8020313 -0.1142033 0.0818577 0.5805194
1403637262.238319 -4.7740860 8.2444315 2.3463898 -0.8019109 -0.1126645 0.0830623 0.5808153
1403637262.338319 -4.7795601 8.2452269 2.3381071 -0.7884971 -0.0894940 0.1144738 0.5976277
1403637262.438319 -4.7707949 8.2427635 2.3335257 -0.7976702 -0.0967209 0.0752033 0.5905182
1403637262.888319 -4.7651057 8.2387934 2.3292141 -0.7947106 -0.0689769 0.0823421 0.5974085
1403637263.388319 -4.7645102 8.2384377 2.3295813 -0.7944198 -0.0689670 0.0814975 0.5979122
1403637263.888319 -4.7646198 8.2382259 2.3297062 -0.7944722 -0.0685641 0.0818692 0.5978382
1403637263.938319 -4.7644434 8.2382889 2.3296556 -0.7945097 -0.0687749 0.0814639 0.5978194
1403637264.438319 -4.7645245 8.2382412 2.3295555 -0.7945827 -0.0685792 0.0817729 0.5977026
1403637264.938319 -4.7644749 8.2383633 2.3296442 -0.7947270 -0.0684044 0.0819138 0.5975115
1403637265.438319 -4.7644711 8.2382116 2.3297348 -0.7948620 -0.0682925 0.0819696 0.5973369
