1403636896.901666641 -0.1337683420417195 0.1739795505958162 -0.012072396439661825 0.04204958579589558 -0.7951315013431135 0.06454927574299725 0.6015239969504912
1403636896.951666355 -0.13341026116800056 0.17405234031923847 -0.011676067184252934 0.04210674002279889 -0.7950896420907708 0.06457267653926188 0.6015728159825529
1403636897.001666546 -0.13341736712475308 0.17415945219819695 -0.01159468587157992 0.0422071441341768 -0.7946056473226166 0.0646999289466654 0.6021912830831571
1403636897.051666498 -0.1333342622651096 0.17411024021354196 -0.011629563648206932 0.042942429672335705 -0.7944173904416865 0.06504753638597668 0.6023502100172065
1403636897.101666451 -0.1329209992100269 0.173814208328522 -0.01192692644937923 0.044365613215975604 -0.7943064155797178 0.06562800589844028 0.602330453633772
1403636897.151666403 -0.13205510084973623 0.17357872899664933 -0.011912785571517703 0.046352487692062815 -0.7941551615432417 0.06661893812872538 0.6022714864258361
1403636897.201666594 -0.13088180090801785 0.17375062825985768 -0.012155009930610031 0.04718379416787063 -0.7947071185620294 0.0674859801037201 0.6013816822652658
1403636897.251666546 -0.1293532271933448 0.17447428763733847 -0.012058314414140998 0.047179696503699124 -0.7951034287891139 0.06740156644820745 0.6008674085070196
1403636897.301666498 -0.12785285220990977 0.17646034109799624 -0.011802264660339928 0.04596768371240236 -0.7955022846706675 0.06651267866718731 0.6005323893965925
1403636897.351666451 -0.12471880450826425 0.1795165369228176 -0.011239197057073243 0.044245047935229716 -0.7964164996197545 0.06495540498995467 0.5996198214112154
1403636897.401666641 -0.12086257304320765 0.18337783631630006 -0.012094517529203304 0.04303124709333082 -0.79872495670082 0.06177309759499556 0.5969680391196712
1403636897.451666355 -0.11556999156692573 0.1875218279050145 -0.012791800791147348 0.04130000316481577 -0.8011201854622749 0.05883968879474181 0.5941705556538581
1403636897.501666546 -0.1093195014712706 0.1924859319107482 -0.01215769280867241 0.040307449661493716 -0.8037685958882554 0.054712543367294295 0.5910481294817629
1403636897.551666498 -0.10226776081934892 0.19780469793131408 -0.011990225227643992 0.03868936380005369 -0.8069861505569664 0.0512096349714823 0.5870724480199049
1403636897.601666451 -0.09451397757314138 0.20252823024811514 -0.011490997795222292 0.03827617133918297 -0.8118812891860667 0.04672836698436356 0.5806893891713182
1403636897.651666403 -0.0866315505531402 0.20817851673933813 -0.009613843436198189 0.039052221338998494 -0.8168428367965411 0.041250160257716655 0.5740567291316964
1403636897.701666594 -0.07728896485650297 0.21474484461446444 -0.005151205023981357 0.04033719502666336 -0.8225741086951476 0.03564875000970323 0.5661041538661507
1403636897.751666546 -0.07139785140628412 0.21956198958676137 -0.001556325464924667 0.04205987717046197 -0.8270104218920005 0.03179142081320011 0.5597088835967312
1403636897.801666498 -0.06732769628088547 0.2214015397595927 0.005524096534546563 0.04361872183884272 -0.8306761440336342 0.028082495446779324 0.554333766144586
1403636897.851666451 -0.06133184076119513 0.22661068019205247 0.013364990521852404 0.04477925359321209 -0.8339380376292839 0.02629817044301501 0.5494092955839063
1403636897.901666641 -0.0558838232834416 0.23204183445265014 0.02285712410211061 0.046057104680631476 -0.8359327340318853 0.025432591038471633 0.5463043021938273
1403636897.951666355 -0.05220525038945543 0.23705231682572808 0.03346759192523591 0.04724219775629444 -0.8341722464526818 0.025535150109788025 0.5488832244732136
1403636898.001666546 -0.05000395266050383 0.24129590794322472 0.04378785603369867 0.04822943988014274 -0.8307734196008821 0.02583997006291607 0.5539149233958696
1403636898.051666498 -0.048213418821292923 0.24589251666263492 0.05277461551806493 0.04919624112097573 -0.8271409417814044 0.027035002776164593 0.5591839598141485
1403636898.101666451 -0.04650651134347656 0.250830504210607 0.06000376067591738 0.04980293730078575 -0.8245583189380089 0.02942356823647298 0.5628121353867311
1403636898.151666403 -0.04600803181711622 0.25599816741763287 0.06704776290172242 0.05075060968197826 -0.8226977084677601 0.031098032960356844 0.5653545510958592
1403636898.201666594 -0.0473607572382342 0.2583327014739265 0.07315838391367134 0.05204494493416693 -0.8214219550687702 0.03219126955542115 0.567028233514178
1403636898.251666546 -0.04995133211623922 0.2587592679544646 0.07896388127080585 0.053426601021182685 -0.820832944955848 0.033019472682778134 0.56770466723657
1403636898.301666498 -0.05269618632518296 0.2593244668677683 0.08554863439898211 0.05478722047523636 -0.8204194902675875 0.0339614433264723 0.5681169253145452
1403636898.351666451 -0.05535342617235005 0.25982147206404144 0.09316759536454543 0.056329315673068474 -0.8203843267530047 0.034590472238632125 0.5679789290494248
1403636898.401666641 -0.056075838732911026 0.2624265766864532 0.10478408428796762 0.05793554820437354 -0.820160865227159 0.036046249174132364 0.56804955358188
1403636898.451666355 -0.05977603696439373 0.26276409050579735 0.11434845625398272 0.05930114799773461 -0.8203385779545466 0.037475730058183984 0.567559301767022
1403636898.501666546 -0.06350927234738059 0.2628339027218112 0.12415621317450815 0.0602920351174725 -0.8205679419680313 0.0391347379592903 0.5670111069464169
1403636898.551666498 -0.06584291747250749 0.25975771369012673 0.1399704212598348 0.061395988457796015 -0.8204556182449452 0.04108320523930151 0.5669173496541278
1403636898.601666451 -0.07077300584825202 0.25938291197406455 0.14844361161528952 0.0630171945365959 -0.8205260451165947 0.04125747834961296 0.5666247991027997
1403636898.651666403 -0.07452465085218382 0.2605002967504041 0.15976777612838633 0.06446262119383654 -0.8205284522685268 0.04131459333618268 0.5664545293879303
1403636898.701666594 -0.07984315093874672 0.26096201606234054 0.170840464009081 0.06574984253045424 -0.8209126232993801 0.04157275235356121 0.5657306155554074
1403636898.751666546 -0.08379695543043647 0.2617344886980197 0.18307200094587653 0.06621640610137082 -0.8211959978180805 0.043138578874468016 0.565147400014613
1403636898.801666498 -0.09095498989911205 0.2608755095701404 0.19136869574886847 0.06660131585672917 -0.8209196148782114 0.04441599165087777 0.565404696054101
1403636898.851666451 -0.09829722712612841 0.2598878433240368 0.199924735755899 0.06628721589420064 -0.8212051180996374 0.0462148792925458 0.5648825930650828
1403636898.901666641 -0.10498093505636671 0.2588985382316772 0.20772886120396153 0.06568868330612007 -0.8217713445615453 0.04829141652927231 0.5639546021025228
1403636898.951666355 -0.1128831334105769 0.25701725286090965 0.2140389072008471 0.06427357708778994 -0.8221620894894381 0.05152562794709892 0.5632614983818424
1403636899.001666546 -0.12232271746946687 0.2562069924876188 0.22094143388401763 0.061436648248856106 -0.8225320892203635 0.05453983417251211 0.5627538599984591
1403636899.051666498 -0.13120563544025995 0.2563354949568627 0.2246195101980565 0.057933372584365435 -0.8221815073584645 0.0561047184938471 0.5634834104580991
1403636899.101666451 -0.14069205080449051 0.25719072737399773 0.2302686897500429 0.053167005632831416 -0.8215539459861498 0.05554949014178985 0.5649217976778839
1403636899.151666403 -0.15089648466796146 0.25962118506244886 0.23696625281580366 0.04850469196569438 -0.8205247496412986 0.05212438061989391 0.5671591302521628
1403636899.201666594 -0.1627326184430994 0.2626489445078069 0.24372593239496615 0.043075370205485485 -0.8187557384295777 0.047008629245650864 0.570590695723951
1403636899.251666546 -0.17410648254599762 0.26581402014472244 0.24986193092676823 0.03533377341403514 -0.8157719242764938 0.04192429590369063 0.5757690903752406
1403636899.301666498 -0.1884620446095454 0.2697525881207865 0.2546591282108819 0.02670680489387943 -0.813149708418837 0.03576104190678658 0.5803408017298644
1403636899.351666451 -0.20195841845333926 0.27399659574702717 0.26009454618186 0.01732788224585826 -0.810621904111968 0.02760399617835657 0.5846622037260032
1403636899.401666641 -0.21206979519343377 0.2797729670238686 0.2634811437649032 0.007275884848896416 -0.8086958105415311 0.018794289329388078 0.5878817246698906
1403636899.451666355 -0.22423866335045575 0.2860815884014499 0.2672301696017173 -0.0032448388851554688 -0.8080571432975431 0.011875236106780344 0.5889754688896914
1403636899.501666546 -0.23457770890323773 0.292364378720011 0.27055125068158553 -0.01442601432576978 -0.8094554897381266 0.008373518758016323 0.5869442771056648
1403636899.551666498 -0.24363745986773666 0.2992381396663073 0.272647003744976 -0.024001168187473682 -0.8119501866844941 0.005576121391528422 0.5832064344114174
1403636899.601666451 -0.2513277237870972 0.30564417911843333 0.2751661292627265 -0.032067045611087246 -0.814177448657063 0.0031509131927663844 0.5797213627511961
1403636899.651666403 -0.25932787185103384 0.3135903962305168 0.277598734051988 -0.03920172481673805 -0.815447668986162 0.0014877464793542688 0.5774998792440053
1403636899.701666594 -0.2668138396867846 0.32263523505209335 0.2807147778848749 -0.044251321820259176 -0.8166015865282078 -0.0009442576059380824 0.5755021961507597
1403636899.751666546 -0.2759361453830069 0.3323789356544498 0.2837321986722986 -0.04846911479457261 -0.8178432036536076 -0.003695898366665142 0.5733843209261112
1403636899.801666498 -0.2841030566876188 0.34274932206982384 0.2858638881190982 -0.05088618883178772 -0.8187409611357539 -0.007196639710794523 0.57185841142852
1403636899.851666451 -0.2932076061098157 0.3539384558496861 0.28793069696289525 -0.0513288066056446 -0.8191302217236991 -0.01178407377917381 0.5711848816946148
1403636899.901666641 -0.302639737083879 0.36576271228450125 0.28952006965750665 -0.05116393913216243 -0.8188954433299395 -0.016326160395780786 0.5714245013233802
1403636899.951666355 -0.31192027888456764 0.37780913562196383 0.29024780502003383 -0.050700757918673206 -0.8174926656748319 -0.019871334667525945 0.5733587923568112
1403636900.001666546 -0.3221851724202696 0.38976644620646983 0.29082002681368924 -0.049823129203440286 -0.8156026103532087 -0.023374134459028775 0.5759893120707195
1403636900.051666498 -0.33026398033954424 0.4021412185459036 0.2909919278627089 -0.04947219209983351 -0.8131789225335883 -0.024969878860136102 0.57936952569639
1403636900.101666451 -0.33987112745249437 0.4146608221921723 0.292990798447493 -0.048694962603148755 -0.8105938885637728 -0.026273287636413595 0.5829889045229886
1403636900.151666403 -0.34862111274472246 0.42625112289732153 0.29557248254735285 -0.048099989604016756 -0.8081107679997861 -0.0272472909255148 0.5864306973378097
1403636900.201666594 -0.3570064703903625 0.4389320012501929 0.3001245768075493 -0.04681515022434125 -0.8069760686451454 -0.028056210052053675 0.588056813089529
1403636900.251666546 -0.36658678216440516 0.4501805208523824 0.3064979738770816 -0.04574602598430786 -0.8070010481724035 -0.028500418366511186 0.5880853131206553
1403636900.301666498 -0.37467175057318436 0.46147571690692596 0.31257158998941315 -0.044612236245242645 -0.8076618353317875 -0.02856926662612174 0.5872613601541763
1403636900.351666451 -0.379791142365947 0.4731366099985541 0.3230741074746936 -0.0442283459392743 -0.8099315790755379 -0.026757119509447654 0.5842420279192853
1403636900.401666641 -0.38542798322457505 0.4845313257941588 0.3350022527576679 -0.043090221167109276 -0.812445938673512 -0.02561459811317364 0.5808775446995575
1403636900.451666355 -0.3894116912675271 0.4978862870425825 0.34786445544417227 -0.04166534264366271 -0.8150294049254186 -0.024373267338222173 0.5774054140450743
1403636900.501666546 -0.3940903558568432 0.5100870022861301 0.3610233613244148 -0.03980714858355217 -0.816598965657594 -0.023606941387601214 0.575347053983
1403636900.551666498 -0.3989162887602342 0.5206618836142227 0.3724763427272442 -0.03894254661842489 -0.8177976936183298 -0.022266912174217342 0.573754821328447
1403636900.601666451 -0.40424310711105826 0.5319644829274858 0.38295076693063823 -0.03801004093080862 -0.8187626054267096 -0.021197055690353843 0.5724803206865408
1403636900.651666403 -0.41053074384045884 0.5432608359565017 0.39220545403190465 -0.036940934507945174 -0.8209435043219382 -0.020044926461385854 0.5694605614021514
1403636900.701666594 -0.41687996115983084 0.5543988374251707 0.3993550586822367 -0.03691314953676821 -0.8236649092848105 -0.01837024769445231 0.5655758751960391
1403636900.751666546 -0.42294408577782 0.5656565869563702 0.404824328200813 -0.036435486251231955 -0.8262434606220702 -0.016757871776512116 0.5618837716596057
1403636900.801666498 -0.43050021242163544 0.5779502775065072 0.4092106825678247 -0.03699321026749398 -0.8275812136564796 -0.014199741557662033 0.5599457157052538
1403636900.851666451 -0.438483427733436 0.5906165616641892 0.4138189769815948 -0.03781225802594647 -0.8268586092548766 -0.011476851223860681 0.5610199241827833
1403636900.901666641 -0.4473533590071772 0.6031568234494784 0.41624521002417736 -0.04039401994381606 -0.8256900265618013 -0.0062608984318167325 0.5626411861390678
1403636900.951666355 -0.4576023103353908 0.6167822516965588 0.4179647235300081 -0.04173236575435067 -0.8239366459924148 -0.0034033770427671388 0.5651329313214903
1403636901.001666546 -0.46909341754255907 0.6318194930631013 0.4159917917051138 -0.04299865486949674 -0.822338305316124 -0.0013876541766603724 0.5673701628611654
1403636901.051666498 -0.4809981563229573 0.6474117792521632 0.4116051802182453 -0.04409868376162515 -0.8213139463465021 0.0006763780924687101 0.5687690657374955
1403636901.101666451 -0.4924627155650781 0.6653708236497847 0.41116456602224943 -0.04520925093844518 -0.8204594567424671 0.0027753748144280794 0.5699076247656982
1403636901.151666403 -0.503799274911165 0.6843192286763132 0.40822424252693157 -0.04571648849420868 -0.82004116588129 0.0035408645899044915 0.5704646800791171
1403636901.201666594 -0.5154063530946317 0.6990507470121456 0.39833597402729193 -0.04608632864081701 -0.8189654677945166 0.002579061308739139 0.5719833575509737
1403636901.251666546 -0.5416409903655115 0.7238486166579677 0.40238918960160985 -0.045078784725634834 -0.819027891379108 0.0006629745800009337 0.5719796996183152
1403636901.301666498 -0.5505266806318747 0.7447136653152824 0.40206017432358837 -0.04351377387326111 -0.8187154763089998 -0.0015682503698484975 0.5725461212218731
1403636901.351666451 -0.5635666017090948 0.7681787208425838 0.4037910339700326 -0.04243563747323704 -0.8185923548534491 -0.0032308543577720477 0.5727960673990734
1403636901.401666641 -0.5767030691469174 0.7889808571856288 0.40547986625712645 -0.041149396631043354 -0.8185350049762526 -0.005388610418611018 0.5729556140428188
1403636901.451666355 -0.5891586464807574 0.8123564545694633 0.4105298745920964 -0.03948537452286634 -0.8184286468491045 -0.007902864687509467 0.5731954291036032
1403636901.501666546 -0.6044382876787617 0.8361724390348291 0.41568844395033383 -0.03770106687830208 -0.8181348495083144 -0.010890098029958205 0.573685805420653
1403636901.551666498 -0.6182215571258951 0.8619469136935212 0.42186683270463243 -0.03639795728652919 -0.8180962272995409 -0.013483367899660962 0.573769945512754
1403636901.601666451 -0.6310200581829405 0.8881625260188359 0.42602503754941573 -0.035504246793377846 -0.8176221827697183 -0.014608838713537365 0.5744736691389416
1403636901.651666403 -0.6455923259157674 0.908319602107824 0.4278999173462004 -0.03510384297267503 -0.8165339714785945 -0.01581819752124628 0.5760119601684697
1403636901.701666594 -0.6633985876136226 0.9388125263613031 0.43049781232040957 -0.035400981746688494 -0.8158179852544543 -0.015685632475347225 0.5770110452674039
1403636901.751666546 -0.6788467140982081 0.9669016870381958 0.4305312129095572 -0.03618478142638579 -0.8152818472621811 -0.014300274383056992 0.5777557211057799
1403636901.801666498 -0.6922216374576319 0.9928958050833924 0.4281120706800179 -0.035933717166418695 -0.8153031882435053 -0.014545031660377867 0.577735165334929
1403636901.851666451 -0.7052138108004552 1.0210478197819572 0.4241405447811775 -0.03543586512137914 -0.8153424945762725 -0.014798963292779578 0.5777039957337144
1403636901.901666641 -0.7153128020634628 1.045950465342015 0.4194601126832175 -0.03506877237766158 -0.8153938407668156 -0.014873574610989312 0.5776520080651986
1403636901.951666355 -0.7286461574150305 1.074758411312013 0.4143807723031201 -0.03449104788332943 -0.8155539769129395 -0.015464795383854143 0.5774451648954503
1403636902.001666546 -0.7409356374136988 1.1034051821685003 0.408868117008823 -0.03365191261988335 -0.8153085266669825 -0.016130889579708176 0.5778229395952582
1403636902.051666498 -0.7565500201427908 1.1299923359361295 0.40351236435789445 -0.0328517941982779 -0.8152885342566102 -0.016407937973419627 0.5778893882908066
1403636902.101666451 -0.7676441870348565 1.1530423810986339 0.3988676422976995 -0.03238635068008697 -0.8147038845210588 -0.016509279497819544 0.5787366832389206
1403636902.151666403 -0.7826270914353325 1.1799089827352929 0.3966508501312377 -0.03151675022879624 -0.8148677050144018 -0.016872136571207307 0.5785435582452716
1403636902.201666594 -0.7954202116118058 1.2049390405527567 0.3956938948667973 -0.03122166629516112 -0.8150860321674301 -0.01701620296555185 0.5782477121061042
1403636902.251666546 -0.8035521015702162 1.2302955923136478 0.39666760899767306 -0.03223455351527452 -0.8151252053900748 -0.016018277420186834 0.5781654156778568
1403636902.301666498 -0.8138210149996832 1.2497740809606435 0.39588151855218645 -0.033668429039580686 -0.8151052929011645 -0.01494663675993149 0.578140464264594
1403636902.351666451 -0.8224858419439538 1.2685075267045254 0.3928049748062683 -0.03474048864731576 -0.8153092249651349 -0.014591914632807306 0.5777984442369551
1403636902.401666641 -0.8309147744043821 1.290825439206362 0.3851415796547603 -0.035882417195470764 -0.8156275916435305 -0.014575941972502664 0.5772795040546639
1403636902.451666355 -0.8414757972254109 1.3128329345931584 0.3745458414574678 -0.03657278785380055 -0.8160633730417189 -0.015697092280312873 0.5765904991086107
1403636902.501666546 -0.8495131496560698 1.3358078255464594 0.3617024566497338 -0.0365318050331155 -0.8165869371616586 -0.017529613886952178 0.5757985011398852
1403636902.551666498 -0.8639850526576284 1.3668529429816965 0.3478597910354631 -0.03613032217513479 -0.8162566993448805 -0.02049080021318703 0.5761941753443414
1403636902.601666451 -0.8771556522587873 1.3921738320377457 0.33399319700687957 -0.035500348677330186 -0.8167949925726851 -0.02394889015512336 0.5753365241424478
1403636902.651666403 -0.8908387628822715 1.415092219630826 0.3175984533679433 -0.03486091006243081 -0.8163272638188024 -0.027215625258772445 0.5758939355797216
1403636902.701666594 -0.9034173538784349 1.441764562327986 0.3064444430321804 -0.03514562967509258 -0.8158310585010258 -0.028920500797720235 0.5764963775544876
1403636902.751666546 -0.9159026548225057 1.4671303684893315 0.2983958482163163 -0.03575905610867467 -0.8153209873289933 -0.030047814323214076 0.5771222629404362
1403636902.801666498 -0.9280994767469538 1.4921068662079413 0.29211461721863313 -0.03684667122186929 -0.8152148368155461 -0.029587890514709697 0.5772275542544377
1403636902.851666451 -0.9400476518030099 1.5158849664156606 0.28845731277927994 -0.03683654961604075 -0.8141582790539842 -0.02909284195558999 0.5787425781875626
1403636902.901666641 -0.9532403097777572 1.5470205796167034 0.2843453791531565 -0.03661833325837102 -0.812914169646431 -0.028045505980808794 0.5805541318875554
1403636902.951666355 -0.9633340949530149 1.5669989416310286 0.2828304644881797 -0.03607160582678471 -0.8122440843751303 -0.0273833642002624 0.581556994640903
1403636903.001666546 -0.9723341721365115 1.5888528568320375 0.28388510755451285 -0.03574561664472534 -0.81297792653335 -0.026408098841352538 0.580596033551564
1403636903.051666498 -0.9814330823163996 1.6095263954902108 0.28569899371519397 -0.035245337728961615 -0.8128003167228599 -0.025251093023071554 0.5809266680095951
1403636903.101666451 -0.9914776712048107 1.6358045915845114 0.2904040624222782 -0.034400205567332115 -0.8133573149251638 -0.023611306373771675 0.5802663270654065
1403636903.151666403 -1.002402599331984 1.6587218604291076 0.2990596186065925 -0.03370720199562954 -0.8138506161424193 -0.02275610224066424 0.579649168850472
1403636903.201666594 -1.0129372670663417 1.6811448224914454 0.309299543789479 -0.03318125224678819 -0.8143215588503145 -0.02160719929785065 0.5790617689240344
1403636903.251666546 -1.0252430011177305 1.7118015084678375 0.3215032594408263 -0.031945598116965554 -0.8154289987527259 -0.020689777658764886 0.5776045012415565
1403636903.301666498 -1.0340465845453413 1.735857176364543 0.3348286688555306 -0.030528419226657673 -0.8161294216776231 -0.020913351651926447 0.5766831143828931
1403636903.351666451 -1.0383745135679103 1.7529218474179753 0.34834481476012674 -0.029201073642959027 -0.8168082423294303 -0.02136293855157042 0.5757735817291784
1403636903.401666641 -1.0366889271255948 1.7502126914042286 0.35828153247211153 -0.02745335393165477 -0.8171629336058206 -0.022542329551143474 0.5753111303260527
1403636903.451666355 -1.0458101051214033 1.766217763893688 0.36697352067276484 -0.026496119954034662 -0.81769240240213 -0.023130467082990554 0.5745799093022111
1403636903.501666546 -1.0571429567816346 1.7861743804205066 0.37393729135576625 -0.026175921136017334 -0.8174827042582796 -0.023057748315474975 0.5748958076328887
1403636903.551666498 -1.069868548426849 1.804529160599643 0.3792562285175302 -0.025963994672297465 -0.8174504361425102 -0.023357293649516792 0.574939207451055
1403636903.601666451 -1.0740993289940892 1.8137683258015838 0.3828503853919013 -0.025822336109746755 -0.8178807989328267 -0.02260329194098538 0.5743633840072565
1403636903.651666403 -1.0860225404297172 1.8346529907229268 0.3854028588535359 -0.026544013313652436 -0.8195977431833946 -0.020938305887740774 0.571941030240393
1403636903.701666594 -1.0974732696945688 1.853401597608976 0.38568608146186945 -0.027820217554244183 -0.8208247538336528 -0.018554490143970866 0.5702003944971058
1403636903.751666546 -1.1060509590581102 1.8676077838601122 0.3857189128565591 -0.028367525668112504 -0.8225592048969623 -0.017150139099388808 0.567712524659812
1403636903.801666498 -1.1151148296583464 1.8819279814685972 0.38448549503448204 -0.03032853261222606 -0.823279033398239 -0.014048584871379829 0.5666519659716731
1403636903.851666451 -1.1295287318076155 1.9008894195058785 0.3839672756686878 -0.03255987958271868 -0.8238923617330844 -0.010753322361561077 0.5657080488888484
1403636903.901666641 -1.1455077337951098 1.926350303096598 0.38884484590730417 -0.03319219534234384 -0.8233626560117969 -0.009742272657738684 0.5664603278050613
1403636903.951666355 -1.1594888154687435 1.9485931577379796 0.3938322489479349 -0.03454476411397785 -0.822411076343211 -0.007160152308735619 0.5677987433934902
1403636904.001666546 -1.179564984043568 1.9802310665276963 0.4028586621121655 -0.03507644040970332 -0.8214549931883903 -0.006414675448091013 0.569157438177647
1403636904.051666498 -1.1964675011581556 2.006416282592619 0.4112857679205825 -0.035958861289899405 -0.8200160043649449 -0.005035494045697654 0.5711876720306559
1403636904.101666451 -1.2097049072349884 2.028363469854038 0.422009224377473 -0.03679366076262091 -0.8192700834510555 -0.004172351682274817 0.5722109299648385
1403636904.151666403 -1.2204193063749111 2.048989527041639 0.43295621037322335 -0.03783852174724757 -0.8193633282067617 -0.0027162623909325026 0.5720180107134261
1403636904.201666594 -1.2240975664680473 2.0547429792869756 0.4439616944572728 -0.038902089543659965 -0.8184740107642882 -0.0010983331355489817 0.5732239656511934
1403636904.251666546 -1.2339303879910506 2.0693214215301414 0.4586252540630365 -0.03890745042781134 -0.8179534323526796 -0.0022300293641287945 0.5739629080112347
1403636904.301666498 -1.2402497747281662 2.075539477464993 0.47135737962758306 -0.0397603300681648 -0.8175339942913972 -0.0017315300044578603 0.5745035127261345
1403636904.351666451 -1.2574416668279373 2.1016625462425296 0.48616370456085517 -0.03965605710055664 -0.816974615078797 -0.002628438232237188 0.575302500224489
1403636904.401666641 -1.2734514056147177 2.1290600222337135 0.4988058101412146 -0.03950492832421387 -0.816477540657709 -0.004264881174942061 0.5760083306934038
1403636904.451666355 -1.2875926274402965 2.154785113454995 0.5083319201310447 -0.038155757783463855 -0.8162798682371641 -0.0065528541803376375 0.576357853213417
1403636904.501666546 -1.2961363620222357 2.178827585762411 0.5187756634131078 -0.038360654181396496 -0.8162393236371565 -0.007095689669907838 0.5763952445564077
1403636904.551666498 -1.304978257794997 2.2005482916054233 0.527211764926879 -0.03770326671788845 -0.8164388012903345 -0.009022402910957199 0.5761291033024749
1403636904.601666451 -1.3220122571308932 2.232850416864505 0.5331895882831571 -0.03692350650020695 -0.816273797320945 -0.011115976572492234 0.5763767670021182
1403636904.651666403 -1.3388289153718054 2.263312434330321 0.5412207368984302 -0.036306955473854055 -0.8167198893536287 -0.0133783652018657 0.5757355700865995
1403636904.701666594 -1.3541251448391873 2.292674852210125 0.5466844110243279 -0.03612406758366161 -0.8166486176266949 -0.015658243879823112 0.5757906793863716
1403636904.751666546 -1.3688118374442189 2.322014893985873 0.5524250774202029 -0.03589950387868645 -0.8165168824991041 -0.017242251361584533 0.5759462743895409
1403636904.801666498 -1.3840597553486758 2.3536398767354796 0.5594026188484192 -0.03541179904499689 -0.8166460448768262 -0.019169741375448548 0.5757323708903573
1403636904.851666451 -1.3963545373450628 2.378203599613989 0.5620565659582016 -0.03525062810542236 -0.8167478547306338 -0.020970732950774115 0.5755350235829163
1403636904.901666641 -1.4085805157686022 2.404355024861179 0.5657744154988584 -0.03453265387832392 -0.8170692662927946 -0.023408409475487106 0.5750281351914027
1403636904.951666355 -1.4200836048095922 2.427322145796222 0.5676433842868465 -0.034283869619163056 -0.8173200363134637 -0.0255842573578607 0.5745937872096611
1403636905.001666546 -1.4344936664462418 2.45359922805663 0.5683018404659803 -0.034694385977851114 -0.817120437753871 -0.027067848868296027 0.5747850218509398
1403636905.051666498 -1.4463960556609898 2.4737438556052993 0.5660472199268191 -0.03553675780542476 -0.8169461610378008 -0.02740692760641095 0.5749651894936383
1403636905.101666451 -1.46010746098278 2.4984092186132583 0.566103866843992 -0.034909268092645586 -0.816571279488964 -0.030199430494685944 0.5753961095739081
1403636905.151666403 -1.4783202722342268 2.5290369214398725 0.568358921184943 -0.0359583928353828 -0.8161091912794298 -0.03075332074252178 0.5759574768654706
1403636905.201666594 -1.5178046846356805 2.600788382409525 0.576697198398506 -0.035846193634473694 -0.8161129973816409 -0.032903263495203436 0.5758402566320272
1403636905.251666546 -1.5301931175844026 2.6220615894336525 0.580550279774984 -0.03613322682699967 -0.8166676730273864 -0.034014972601997526 0.574970680461176
1403636905.301666498 -1.5451477726368181 2.6470461156452183 0.5848780810061868 -0.03638029700815792 -0.8171462142086132 -0.03576011363582209 0.574168749469076
1403636905.351666451 -1.5566523282342564 2.66957812543442 0.5899746632589098 -0.037455550043978776 -0.8182600037628541 -0.03582636890522384 0.5725068727133185
1403636905.401666641 -1.5688736698400667 2.688943002330534 0.5972201008606604 -0.037151732317387415 -0.8196519930697849 -0.03684112237605807 0.5704674318001149
1403636905.451666355 -1.5761789929648056 2.705002345553952 0.6054133434029012 -0.03522780478854461 -0.8201194798161471 -0.03699733000292504 0.5699072189124538
1403636905.501666546 -1.588758201587527 2.72429694493372 0.6170425343986864 -0.03199731520651497 -0.8207700180501879 -0.03671066923693714 0.5691793004437579
1403636905.551666498 -1.6105295555904704 2.7555668225508794 0.6288523001825392 -0.028632389848529283 -0.8210203597859966 -0.03661128518997446 0.5690038390601359
1403636905.601666451 -1.63028511342483 2.783498620317409 0.6383917655875244 -0.025544180617813664 -0.821106053889257 -0.036563475967155354 0.5690302762842909
1403636905.651666403 -1.6495640124039805 2.806243272279144 0.6461247975560135 -0.023711294696846213 -0.8214783795878207 -0.03451514552531362 0.5687000537215855
1403636905.701666594 -1.662015301997548 2.808778343057668 0.6466389653768646 -0.022834047667905793 -0.8219527948086471 -0.03182580573281343 0.56820711669497
1403636905.751666546 -1.6765600339936793 2.8188292312646133 0.6486583418375468 -0.022352401380587507 -0.8218450845066321 -0.028779659544193092 0.5685444207986992
1403636905.801666498 -1.6939677157617619 2.835679578943406 0.6506590141057421 -0.021928328673500332 -0.8222064444476411 -0.026325759612425354 0.5681572541921681
1403636905.851666451 -1.7042134527012207 2.841584936571945 0.647987061165311 -0.021360725167548195 -0.8224816099475474 -0.0245011831777415 0.5678621423737437
1403636905.901666641 -1.7320183151531978 2.877363219879525 0.6511623982447419 -0.02070843853026236 -0.8230543898838478 -0.022847920151610173 0.5671248578675698
1403636905.951666355 -1.7523725377671524 2.899062558291256 0.6497864845946775 -0.02027033042909415 -0.8241544852965275 -0.02108337324193891 0.5656093965296656
1403636906.001666546 -1.7651054083200999 2.904681279802037 0.6442921069293767 -0.019279485168160873 -0.825617765224781 -0.020233482848426704 0.5635372333472844
1403636906.051666498 -1.7751542633122308 2.900563384741362 0.6339555613700593 -0.01752142832639664 -0.8269748765715562 -0.021105983657963786 0.5615693105242595
1403636906.101666451 -1.788644815536356 2.902186804560875 0.6251392994196636 -0.01641842598671659 -0.8277753014263307 -0.021049701931763296 0.5604242996919833
1403636906.151666403 -1.813036097496736 2.9169353519494177 0.6193437574680959 -0.01555264008938594 -0.8280630151302145 -0.020488258353191225 0.5600446318190733
1403636906.201666594 -1.8321798250057124 2.922041082569172 0.61326904010374 -0.014999657435976189 -0.8269506863390742 -0.020232378284962934 0.5617100884878887
1403636906.251666546 -1.8654237358491195 2.953110998078777 0.6132804535479994 -0.014807626682251412 -0.8244457223909467 -0.01883165137371199 0.5654337750168876
1403636906.301666498 -1.8924748802783364 2.972276103037542 0.6133722745705812 -0.014895267468722133 -0.8214359202550346 -0.017374071798641044 0.5698414705432865
1403636906.351666451 -1.9136461532241422 2.984053357731937 0.6163222865014921 -0.01617285783030289 -0.8190893459837661 -0.014866908309948027 0.5732451979762156
1403636906.401666641 -1.9286296147668296 2.9812729657322317 0.618657402082603 -0.01797688660747454 -0.8173696079952733 -0.012131538792086885 0.5757052902658544
1403636906.451666355 -1.9503167672517696 2.9903856188642255 0.6255792644477296 -0.022153634532265248 -0.8163804290679879 -0.006038682660733581 0.5770578357699526
1403636906.501666546 -1.9783846326617807 3.005090612472913 0.6334816591081598 -0.02626184097399584 -0.8160851179929375 -0.00044251698739521047 0.5773345651161256
1403636906.551666498 -2.0010090898115807 3.0127754365517765 0.6375641999713968 -0.029247599645455598 -0.8168463052922003 0.0036203981093853553 0.5761020605439547
1403636906.601666451 -2.0214853498633896 3.0204474750862302 0.6405044581510654 -0.03074898317652103 -0.818742813295453 0.005484380112184693 0.5733102365085088
1403636906.651666403 -2.0454838882748874 3.0362223566280604 0.6445698526862258 -0.030078400486235845 -0.819436150756824 0.004344243898304218 0.5723642303655789
1403636906.701666594 -2.0684123375376773 3.048840968547483 0.6466871019412723 -0.02737089375921268 -0.8192010166756911 0.0004377088310110717 0.5728528055821281
1403636906.751666546 -2.090348395840246 3.059974278107845 0.6468446042319832 -0.02441128214616735 -0.81910462752627 -0.003926568130330906 0.5731110542746045
1403636906.801666498 -2.1103629148798 3.069037684858019 0.6458304476228828 -0.02140210005636335 -0.8194496225820741 -0.008090548195271115 0.5726943418553861
1403636906.851666451 -2.1342676522495427 3.079815204174086 0.6393734384983479 -0.019488865120084426 -0.8196268459336912 -0.0102148202717226 0.5724750431310843
1403636906.901666641 -2.1613191704078916 3.099066389610111 0.6355365877419528 -0.017217673160731563 -0.8199141534081238 -0.012488917795592974 0.5720912162446342
1403636906.951666355 -2.185242235337027 3.1161499002385176 0.633481998938541 -0.015461433961352382 -0.819921960370026 -0.013716277002950295 0.5721020771750535
1403636907.001666546 -2.212005263880126 3.1394017666475436 0.635075399454586 -0.013545961896389881 -0.8201327192505424 -0.014199657371244165 0.5718366895028265
1403636907.051666498 -2.23137207618527 3.1482835135832525 0.6374976484019368 -0.012532314433439199 -0.8202561354593276 -0.013792876180843674 0.5716927233251535
1403636907.101666451 -2.255657306862076 3.1665082048210937 0.6407117131914613 -0.011750794515895408 -0.8209389672248614 -0.013544784649840633 0.5707343249961515
1403636907.151666403 -2.2771535124678293 3.1735074715044918 0.6440218143773857 -0.010425755786902163 -0.8222961247759047 -0.014465564329626871 0.5687803919294572
1403636907.201666594 -2.279568840401904 3.1483304608909886 0.6404021255925416 -0.01027355774728528 -0.8240560895403922 -0.013712187754618377 0.5662490540474151
1403636907.251666546 -2.3012500614430165 3.1563231896448634 0.6382903108874249 -0.010427336081715307 -0.8258434895394914 -0.01255561977827851 0.5636631599275035
1403636907.301666498 -2.3204906861950865 3.15699115739393 0.6331673682321003 -0.010372515824900121 -0.8272581118496691 -0.011409492865005273 0.561610408349904
1403636907.351666451 -2.3397918687169987 3.1599862365345226 0.628417436563868 -0.011453330580419958 -0.8276775113339198 -0.008684800174639325 0.5610199040111066
1403636907.401666641 -2.3674758034399632 3.1722717131741907 0.6263055478331697 -0.013187209109245849 -0.8281863658499956 -0.00549370055221668 0.5602707025986001
1403636907.451666355 -2.39632881550941 3.1860918110130454 0.626318268808337 -0.014543918304406012 -0.8285532488726663 -0.003292108854926258 0.5597116670592027
1403636907.501666546 -2.4244355667791972 3.196864707672172 0.6278495648641753 -0.016363392522192922 -0.8280979990033231 0.00043161858330927657 0.5603443201615018
1403636907.551666498 -2.446184902473447 3.196241563141233 0.6312314186285873 -0.018802548023111994 -0.8285683371204493 0.004335994609331055 0.5595553360124806
1403636907.601666451 -2.4917060961048185 3.226210489097409 0.6402761588499549 -0.019267497297175647 -0.8280225362802287 0.005240915702731121 0.5603391613679678
1403636907.651666403 -2.540594847281568 3.2617154362268193 0.6501678592166791 -0.020345886442754396 -0.8278268965137738 0.006861809040515979 0.5605725554198349
1403636907.701666594 -2.5908641640862764 3.2999086383508187 0.6636546690101035 -0.021424545923482197 -0.827749697859677 0.008419324530971922 0.5606251345592955
1403636907.751666546 -2.649573319831943 3.3462782835083393 0.67519634499281 -0.021542283670688726 -0.8273722376918795 0.008863088016518016 0.561170701285977
1403636907.801666498 -2.659159772076589 3.3291736274800137 0.6808347012517846 -0.022736856944390413 -0.8271532669982093 0.010262107935149091 0.5614224767242642
1403636907.851666451 -2.6815394035004303 3.3275275240336812 0.6878430448492089 -0.02318470712022347 -0.8267214616258612 0.010711383687290688 0.5620314586412871
1403636907.901666641 -2.6911819218541853 3.3118136417880657 0.6885721709493519 -0.022694334881876776 -0.82587118438561 0.010271512458079238 0.5633083081205201
1403636907.951666355 -2.7302231399370727 3.33147573331444 0.6929346746194588 -0.02040295889392409 -0.8241383039828264 0.0075896629015049675 0.5659701159899919
1403636908.001666546 -2.77088871427055 3.358060529722336 0.6940183395830133 -0.01765248324137512 -0.8226789833921779 0.004257152374033643 0.5682161180166311
1403636908.051666498 -2.798797180346842 3.3706932375547387 0.6920765075107501 -0.013557299602880116 -0.8213777269408322 7.052465026523797e-05 0.5702234863097654
1403636908.101666451 -2.8459208987368627 3.4010546875069623 0.6919140711363375 -0.011556923839528306 -0.819772010359735 -0.0011973585388199259 0.5725721394502666
1403636908.151666403 -2.8454133264200223 3.3819297600420177 0.6872307135783338 -0.009575556046563561 -0.8189568291005539 -0.002075016378766759 0.5737714833476768
1403636908.201666594 -2.8832923711569807 3.4095267658862856 0.6919445758138877 -0.007629749340291704 -0.8176756595124072 -0.0024434676155595386 0.5756234291895754
1403636908.251666546 -2.9081207108089564 3.421076574599548 0.6952161675132631 -0.005961129634281521 -0.8174345788403677 -0.0027499117681032558 0.5759840381771194
1403636908.301666498 -2.9337761850898394 3.4366560668981054 0.699834440616396 -0.004673414144412583 -0.81726354636975 -0.002358640172394527 0.5762403073301205
1403636908.351666451 -2.966324905664345 3.4521324522747903 0.7004872367010466 -0.0032233373472900237 -0.8177071112844284 -0.0025306909504898135 0.5756199144005826
1403636908.401666641 -3.0213309523383565 3.4927906962739903 0.702668829618955 -0.002507072675185817 -0.8178946790094127 -0.0013401341214175013 0.5753609412144935
1403636908.451666355 -3.050699623269038 3.506016938838999 0.6998324811473555 -0.001612214919652271 -0.8185451960001743 -0.0004508434829191183 0.5744396918809174
1403636908.501666546 -3.062304826011296 3.4995857356280995 0.6918594242409511 -0.0008824001868043164 -0.8190519958212521 0.0004377111874329313 0.5737184483002534
1403636908.551666498 -3.0862250655376977 3.509462488270167 0.6870171448780852 -4.9020083022529926e-05 -0.819332215760642 0.0013671852527448692 0.5733174065195241
1403636908.601666451 -3.1198798366352656 3.5277875855223177 0.6826149579475564 0.0009733693233014447 -0.8196079261317359 0.002031030820363484 0.5729203914052999
1403636908.651666403 -3.160085852212744 3.553902076150875 0.6816342146920052 0.002436296366589268 -0.8200952357446696 0.0020062907679290714 0.5722183530491342
1403636908.701666594 -3.199492001258656 3.5791441581457812 0.6828062462699058 0.0027240983913004104 -0.8210555456058609 0.0030392037352222545 0.5708337179586296
1403637010.601666451 0.00945237289625501 0.12308405386019255 -0.009148280865282734 -0.08583741571922718 -0.7870521352311795 -0.015389502716359485 0.6106914422986696
