1403637149.588319063 -0.01966036966487465 0.050667975279425535 -0.0023017180500044397 -0.10918332934570874 -0.7906327630596528 -0.035846500577318655 0.6014098959661421
1403637149.638319016 -0.019394560168066795 0.050985544930334206 -0.002317363332144454 -0.10500653272213273 -0.793898413570978 -0.03407694102088454 0.5979445619000304
1403637149.688318968 -0.018893633001675233 0.05077452722765788 -0.0025215426926235925 -0.09930431637915058 -0.7967537169481551 -0.031281940678111714 0.5952676771547232
1403637149.738319159 -0.01891981983835427 0.05118335833677801 -0.002914332976948034 -0.09648581442080323 -0.7979255167307138 -0.030148034106102575 0.5942191964293271
1403637149.788318872 -0.018651163978187238 0.05223982509440732 -0.003161981851524641 -0.09565316037398262 -0.8002862362403562 -0.027926939014269757 0.5912803895547418
1403637149.838319063 -0.018173993321514818 0.05373343974500256 -0.0029679821340014905 -0.0943769524292809 -0.8036011411472983 -0.026427463572830594 0.5870432573209814
1403637149.888319016 -0.017622518955632174 0.056134514470985636 -0.0026907549016085717 -0.0952363738959896 -0.8085181467097906 -0.024702575901994758 0.5801880921493606
1403637149.938319206 -0.015477206108949787 0.05934535135919977 -0.0016881657981798683 -0.09394236836984386 -0.8139020135978539 -0.02655140015083517 0.5727419723020599
1403637149.988318920 -0.01469874007559614 0.06431178922636306 0.00026757206617079746 -0.0915136526008285 -0.8204485131511424 -0.029924693592890496 0.563554790032971
1403637150.038319111 -0.013527584068325445 0.07110252976627802 0.0041240017172526604 -0.08794995129927566 -0.826367263269747 -0.03597145822127674 0.5550567596705394
1403637150.088319063 -0.013473243139525554 0.07562456914629392 0.009585157666928239 -0.08606212764419807 -0.8313557361069399 -0.04178623246768259 0.5474439341189185
1403637150.138319016 -0.014820865715855142 0.08516036775162371 0.017078825441023838 -0.08461903477856544 -0.8344804573802143 -0.04715195536693746 0.5424561533513348
1403637150.188318968 -0.016932989583735455 0.09403581287133538 0.026587482267029113 -0.08463201660271952 -0.835158375813924 -0.05190620230196578 0.5409747269847205
1403637150.238319159 -0.022446954557116313 0.10256550774571836 0.036506101482821525 -0.085148952475221 -0.8344734881600535 -0.05560369742878202 0.5415827566333832
1403637150.288318872 -0.02867675329962001 0.11237917371521294 0.04988298357930571 -0.08661258983082665 -0.8319806096001946 -0.05835920074783128 0.5448859772651156
1403637150.338319063 -0.03572650851680075 0.1229158475209783 0.06435173467886428 -0.08811655133317256 -0.8293770184596628 -0.06049133463235686 0.5483703429859285
1403637150.388319016 -0.045415019533253144 0.1339384994562186 0.07916192890015816 -0.09045409544821677 -0.8243380140621561 -0.0602523121487978 0.5555668763249204
1403637150.438319206 -0.055594863826593094 0.14411567056292685 0.09316467324214446 -0.09311815073540569 -0.8203369333282403 -0.060097198782515904 0.5610389046400714
1403637150.488318920 -0.06301262299575858 0.15391262580775789 0.10676591470987547 -0.09434265682048676 -0.8175998138039162 -0.06169354045212725 0.5646449456413607
1403637150.538319111 -0.07636271999128774 0.16664986393772235 0.12159005027070256 -0.09579101510842626 -0.8155102138101044 -0.06312437386688548 0.5672587469751427
1403637150.588319063 -0.08868327503856199 0.17730268066052407 0.13491975032589656 -0.09689270083534286 -0.8145919006477957 -0.06456115294829848 0.568228560927582
1403637150.638319016 -0.10155126235109825 0.18904163866624085 0.14756896925481158 -0.09790368645178063 -0.8136051626843982 -0.06524997380015457 0.569389101012238
1403637150.688318968 -0.1140152622507484 0.19985454570906222 0.16049978857065975 -0.09862409920853708 -0.8130734523984136 -0.0664326263484354 0.5698873171221471
1403637150.738319159 -0.1283864569270771 0.21300126839991823 0.17397177681404935 -0.0988572146276402 -0.812867158726854 -0.06777525100804468 0.5699831126710623
1403637150.788318872 -0.1423350027810695 0.22455911131519501 0.18569471937035473 -0.09917049658838664 -0.8125239173365274 -0.06871359413637737 0.5703056534380297
1403637150.838319063 -0.15561577395845527 0.23519617277828034 0.1968350998112349 -0.09897076946075553 -0.8115094949207471 -0.07035890625990995 0.5715826718469772
1403637150.888319016 -0.16897645968710925 0.24553163084521124 0.2075001779057039 -0.09858390352398191 -0.8091576452121366 -0.07165587637377425 0.5748134954416353
1403637150.938319206 -0.18417055559413134 0.2567316989954898 0.21745159230058148 -0.09820267316099557 -0.8067584944502944 -0.07239704188003811 0.5781484540698428
1403637150.988318920 -0.20084542529225746 0.27019915139206324 0.23035112713016748 -0.09763439976534985 -0.8045388300164964 -0.07317905614809105 0.5812311250435765
1403637151.038319111 -0.21279192070400513 0.27798084687110924 0.23688585371807236 -0.09709707139426266 -0.8025005570431823 -0.07344573129045093 0.5840982273789663
1403637151.088319063 -0.22627479168326803 0.2870011296431877 0.24446499417274095 -0.09623851543252478 -0.8004068384161066 -0.07402047628544199 0.5870332275557771
1403637151.138319016 -0.23936822188495813 0.29692065233868165 0.2517025441073544 -0.09509485092296954 -0.7979663565361912 -0.07454127953093698 0.590466138580516
1403637151.188318968 -0.25040240218155807 0.30388651786858534 0.2554769492076467 -0.09447603011192833 -0.797826578544297 -0.07303847893216021 0.5909419691457591
1403637151.238319159 -0.26171567177668936 0.31242675768730194 0.26208292955126994 -0.09437224958961463 -0.7995001207572485 -0.07219945590595725 0.5887959527573403
1403637151.288318872 -0.27302756014001794 0.3202184300626964 0.2687832494997857 -0.0948496321331076 -0.8014816932721499 -0.06959151063553423 0.5863340893051384
1403637151.338319063 -0.2799567298015012 0.32557142178695775 0.2765125036489493 -0.09679682630068129 -0.803675904024907 -0.06534988217856913 0.5834936234502581
1403637151.388319016 -0.28902654111439746 0.33392997519256373 0.29333113445670383 -0.09979197335505285 -0.8058098971001653 -0.05959711488193994 0.5806549368489641
1403637151.438319206 -0.2977979951551371 0.34097655131586146 0.3084717899419952 -0.10241071831279382 -0.8071610404155725 -0.05512351990655122 0.5787611745469978
1403637151.488318920 -0.30722621197542066 0.3481901150645577 0.324557960268182 -0.10090786523384702 -0.8083924603422719 -0.05618284056034922 0.5772024958559056
1403637151.538319111 -0.31397086411728353 0.35592602904137216 0.34096817116684447 -0.0999113959511889 -0.8090658762636662 -0.05668893027302547 0.5763822394984868
1403637151.588319063 -0.3220068039534896 0.3627372924858181 0.35410759078236437 -0.09807184898757612 -0.8089591660508865 -0.05887007377914493 0.5766292522164052
1403637151.638319016 -0.32490477851292676 0.36934319882609346 0.36511256209418447 -0.09641550057195974 -0.8091073654096178 -0.060243586985190764 0.5765587851351531
1403637151.688318968 -0.33318878661165524 0.3787440163486392 0.37851955364279943 -0.09502763960271189 -0.8088996264517558 -0.061351167143654774 0.5769637565114972
1403637151.738319159 -0.3409775697264264 0.38740120118942417 0.38989240551279347 -0.09442730204242061 -0.809198828501703 -0.06218853209781444 0.5765529698613823
1403637151.788318872 -0.34788997011456335 0.39660064952203067 0.4011221671947661 -0.0936403676181129 -0.8094862769909642 -0.06250377096448606 0.5762436355664776
1403637151.838319063 -0.35304982347013253 0.40559322492526756 0.41063499154201416 -0.09286695929380462 -0.8095723710625002 -0.06294691441720701 0.5761996093795251
1403637151.888319016 -0.3601900775963144 0.4150184132907428 0.4173788960074574 -0.09192915166467587 -0.809544074699015 -0.06387275122935786 0.5762878567559109
1403637151.938319206 -0.3666433330774175 0.42417588158770825 0.4256526732742558 -0.09122514065992479 -0.8098035316433178 -0.0648301290356823 0.5759281797401512
1403637151.988318920 -0.3730467650185527 0.432941872250125 0.43363701069565613 -0.09089256961668657 -0.8097527111123896 -0.06479796581407972 0.576055823042323
1403637152.038319111 -0.3833199564392911 0.44136827781756927 0.4381565295458852 -0.0912774006725056 -0.809619802852285 -0.0639855158966732 0.5762725611300044
1403637152.088319063 -0.3894363904226825 0.4490832793875456 0.44742092686599166 -0.09167309416684145 -0.8097812405428333 -0.06295586273598279 0.5760962989101348
1403637152.138319016 -0.3958201152548215 0.45705335085546417 0.4585224290348496 -0.0921371413787996 -0.8101711646341253 -0.06235102197353667 0.5755395566186426
1403637152.188318968 -0.40260311633630186 0.466073802235851 0.46966337370755845 -0.09260280648414557 -0.8106198270622375 -0.06187778250663379 0.5748837762860508
1403637152.238319159 -0.4094997822649271 0.47682314163714895 0.48338119934691387 -0.0931452115358953 -0.8112941583970371 -0.06087968613423825 0.5739507138552694
1403637152.288318872 -0.42048589120880786 0.48776343440081016 0.49254953422332387 -0.0933308383508831 -0.8117289520409724 -0.06051769336347901 0.5733437640902271
1403637152.338319063 -0.42932546409668393 0.4986844426270197 0.4995516003290519 -0.09427464611114562 -0.8124608078967064 -0.058733266877880184 0.5723374267810042
1403637152.388319016 -0.44055359173501796 0.5079182016797043 0.504934236249343 -0.09360483777629683 -0.8123230490494271 -0.059311963164437445 0.5725831724330498
1403637152.438319206 -0.45128596153708256 0.519030368888856 0.5094863491857822 -0.09380715573208413 -0.8126720726377821 -0.05901705064991881 0.5720850527855565
1403637152.488318920 -0.4591834414608483 0.5299366887102703 0.5125076394048712 -0.09338347238718737 -0.8130185969590903 -0.05932670724981681 0.5716298014366276
1403637152.538319111 -0.4691546938257935 0.539841193113828 0.5122303220800237 -0.09343915804626839 -0.8128262654703673 -0.05916202696551507 0.5719112172972587
1403637152.588319063 -0.4803991820329302 0.552055906478732 0.5120707456026066 -0.09315462967526253 -0.8131813498184859 -0.05988535266491291 0.5713773287536433
1403637152.638319016 -0.49245808380919154 0.5625646982579109 0.5102813688720662 -0.09301487560318006 -0.8127370161988315 -0.060092292209433504 0.5720102200431051
1403637152.688318968 -0.5040752983607627 0.5740532126901752 0.5075197704620821 -0.09316443359174734 -0.8123592328415938 -0.05997202915267946 0.5725349079749252
1403637152.738319159 -0.5180311987814687 0.5868612208806094 0.5073069911588335 -0.09346219940969845 -0.8114588693353175 -0.059585711872332726 0.5738021118811061
1403637152.788318872 -0.5302730777478413 0.5992528645262128 0.5065994859438859 -0.0945504657883557 -0.809870785636263 -0.057330846514693966 0.5760926089007009
1403637152.838319063 -0.5397111269914339 0.6126644769742265 0.5089785559744252 -0.09492943283327189 -0.808449337917614 -0.056903138985606436 0.5780658297945914
1403637152.888319016 -0.5488236536603268 0.626166543020669 0.5120550582232666 -0.09478364135862763 -0.807125895115535 -0.05641022380473629 0.5799842561786012
1403637152.938319206 -0.5589720234811215 0.6391219731336633 0.5168976504721449 -0.093811980374447 -0.8061922780635087 -0.05715685655958443 0.5813659921918567
1403637152.988318920 -0.5688670028015743 0.6527756612816984 0.5245643211996521 -0.09336953544885872 -0.806092862640286 -0.0577579170865315 0.5815156486839187
1403637153.038319111 -0.576892505331913 0.6652765659632107 0.5315289599360973 -0.09282180638920748 -0.8058385420042582 -0.05826915385781375 0.5819046847962219
1403637153.088319063 -0.5851076265494853 0.6773740036641627 0.5363839871252049 -0.09252019843298667 -0.8063321105609554 -0.05928594992184196 0.5811658253047066
1403637153.138319016 -0.5925995579666168 0.6908674073104711 0.5421814598951401 -0.09212321199239296 -0.807000872511105 -0.05988334680690946 0.5802386494828858
1403637153.188318968 -0.5996198163288008 0.7045145680719921 0.5463560575712237 -0.0920820681686054 -0.8079878421292876 -0.05990368999334283 0.5788679362499113
1403637153.238319159 -0.6083959117534106 0.7166196719581382 0.5482284795596251 -0.09134833050164835 -0.808632540123911 -0.06148107670366025 0.5779177924018881
1403637153.288318872 -0.6179537290610553 0.7322811128091268 0.5487672435042027 -0.09090256040228338 -0.8090294656478777 -0.061991345714460154 0.5773777977046995
1403637153.338319063 -0.6241656921900418 0.7447217658146581 0.5483884151210932 -0.0904448582218245 -0.8090330281959203 -0.06282426474753278 0.5773546558817254
1403637153.388319016 -0.636453331397911 0.7572347031569417 0.5465480974073751 -0.0900984159324384 -0.8094161139999575 -0.0639027969946631 0.576753207515946
1403637153.438319206 -0.6425808364197172 0.7710919443356639 0.5494892037389758 -0.08966974097453054 -0.8101658348101387 -0.06430260654250576 0.5757220096989444
1403637153.488318920 -0.6472024776424354 0.7853479043454781 0.5532406846220216 -0.08913173901099783 -0.8112933137897561 -0.06518512313221754 0.5741163573903372
1403637153.538319111 -0.6549492942225805 0.798949035431562 0.5573207564154844 -0.08925996599946291 -0.8126770122975249 -0.06530196003016775 0.5721227020221814
1403637153.588319063 -0.6613595478218384 0.8123986254565752 0.5639005197162481 -0.089838437732817 -0.8134515261632967 -0.06429151364206634 0.5710448939986613
1403637153.638319016 -0.6690261445298354 0.8246278783997699 0.5709791306095869 -0.08952850132635214 -0.8138358611038615 -0.06465525971529651 0.5705046327793852
1403637153.688318968 -0.6808068712393739 0.835907765207369 0.5800497695841749 -0.08946044091394811 -0.8130328025347879 -0.06439556114170747 0.5716884669285844
1403637153.738319159 -0.6900319832071314 0.8473193748791266 0.5920955331093933 -0.08911179294023104 -0.8125648940218637 -0.0651472426649208 0.5723226521249819
1403637153.788318872 -0.701161418637929 0.8573930368662979 0.6026354589041473 -0.08937940824065009 -0.8109786475867078 -0.06506712812372646 0.5745356589270298
1403637153.838319063 -0.7090594998566021 0.8677862971466539 0.6116116132951137 -0.09004678553521264 -0.8098977409469624 -0.06386489120383264 0.5760889699476158
1403637153.888319016 -0.7179871247837131 0.8798451030897171 0.6197644127830013 -0.08986744003920372 -0.8094519839491251 -0.064588932720779 0.5766624651142263
1403637153.938319206 -0.7274964137051135 0.8901859049025632 0.6284425122749452 -0.08940922803915938 -0.8086540484587006 -0.06530575630060484 0.5777713890863766
1403637153.988318920 -0.7355525407458414 0.8992028955598531 0.6310652274738661 -0.08996669132809 -0.8081962697498882 -0.06450857011624005 0.5784145817624246
1403637154.038319111 -0.7451076609950935 0.9087360124820232 0.6327919381363488 -0.08999157702120222 -0.8085665168100264 -0.0643845510937454 0.5779068554182372
1403637154.088319063 -0.7540780587445453 0.9169814222436169 0.6324917081491062 -0.09121156001879284 -0.8096856270379834 -0.0625422194643046 0.5763489459273127
1403637154.138319016 -0.7619730147885849 0.9249094987095273 0.6279619380554314 -0.09387752200656793 -0.8119953756273323 -0.05855551848527814 0.5730809472287962
1403637154.188318968 -0.7715481614382699 0.9356913811127658 0.6246921494974057 -0.09926181623829816 -0.8149838883732101 -0.051117167443821415 0.5686258776398392
1403637154.238319159 -0.7807060911577708 0.9472930552395452 0.6206079582209234 -0.10443802839095932 -0.8169610639006851 -0.0440578145463329 0.5654433899812349
1403637154.288318872 -0.7893236613732936 0.9603658344436385 0.6164303317040929 -0.10827401000226458 -0.818834967924542 -0.038484972397805794 0.5624099403118548
1403637154.338319063 -0.8013744657061366 0.9737762709854535 0.6114639700507732 -0.11011989523495049 -0.8197434999056663 -0.0360266494083354 0.5608888335207445
1403637154.388319016 -0.8123721140526278 0.9872063626439415 0.6027476273333862 -0.10894117899463532 -0.8195141868367334 -0.038506064563771876 0.5612892303299587
1403637154.438319206 -0.8240630982029323 1.0011651270221225 0.594286789950844 -0.10679205107149636 -0.8176002726452172 -0.042501052656443085 0.5641975828745671
1403637154.488318920 -0.8354681337034656 1.0142636330356385 0.5822175583011413 -0.10424800095058258 -0.815003012905673 -0.047073124193246635 0.568055071477379
1403637154.538319111 -0.8494905700664331 1.0341194824506943 0.5737561970934071 -0.10244916099752024 -0.8134309426222013 -0.0511120734661606 0.5702822344608423
1403637154.588319063 -0.8627616967904134 1.0539236605134301 0.5650617350231176 -0.10050251898848794 -0.8131242166146707 -0.055626663998812526 0.5706434318242084
1403637154.638319016 -0.8760119445754979 1.072338704692902 0.556502049673032 -0.09830186907278751 -0.8142219567095564 -0.06088716624495142 0.568921875775152
1403637154.688318968 -0.890207445521219 1.0912015132292947 0.5486086690605303 -0.09637293957577774 -0.8168051026508694 -0.06665181224476904 0.5648886764005052
1403637154.738319159 -0.9055838262976093 1.1108457423729512 0.5398814242899203 -0.09651813620729811 -0.8188485604312592 -0.07141343875971956 0.5613122172438756
1403637154.788318872 -0.9197430285250532 1.1289025329829723 0.5305868101395989 -0.09955565440456841 -0.8204584922167598 -0.07587774692649052 0.5578342959578934
1403637154.838319063 -0.9354775843841001 1.147251732188978 0.5251805377494065 -0.10483794845330248 -0.821746218065103 -0.07949237119490545 0.5544575011501012
1403637154.888319016 -0.9493810884997076 1.1667372433540972 0.5205501521614294 -0.11035606762103882 -0.8217161406679347 -0.08174200652120073 0.5531024921973354
1403637154.938319206 -0.9692609478663269 1.1872738250107544 0.5156485990533546 -0.11500434067274073 -0.8228782281892322 -0.08459233709559096 0.5499905087392729
1403637154.988318920 -0.9891591915282982 1.208035421312337 0.5143772296354178 -0.12060881782624118 -0.8217462599884127 -0.08592774609405812 0.5502754035106494
1403637155.038319111 -1.0097631931864783 1.227793672606391 0.5148082620873532 -0.12509130055930662 -0.8203366753188142 -0.08950209319136186 0.5508078439579638
1403637155.088319063 -1.0302729592975381 1.2496149045296236 0.5195869737296551 -0.1318658100070785 -0.8183496723611514 -0.09200346159460328 0.5517704096380884
1403637155.138319016 -1.0569538984922635 1.2766138774316524 0.5269064636813454 -0.13811451489947613 -0.8139452270080032 -0.09628864970873943 0.5560090324286471
1403637155.188318968 -1.0770322866765984 1.2920688860659737 0.53447834278498 -0.14405908353527241 -0.8107931948923082 -0.09884186406371262 0.5586516459079947
1403637155.238319159 -1.1111452291669899 1.3126236259532411 0.5392684399909539 -0.14756827963096764 -0.8076663231862662 -0.1026641625779092 0.5615681463186024
1403637155.288318872 -1.1269966313723467 1.329310973308532 0.552403013300127 -0.1502531498593819 -0.8052700086524126 -0.1043518783900947 0.5639812847947494
1403637155.338319063 -1.1533809434052624 1.3478779283457303 0.5684371695950133 -0.1527549241507159 -0.8025791998884582 -0.10699668675467329 0.5666429829069038
1403637155.388319016 -1.1753750267571346 1.3613925199314543 0.5770421600001654 -0.1572849368047382 -0.7996037333421084 -0.10958676509198326 0.5691098832355368
1403637155.438319206 -1.199946721768245 1.3825565607643693 0.5870268521108779 -0.16287540595119832 -0.7970999847794112 -0.11306078917153999 0.5703687178946645
1403637155.488318920 -1.2214238390297543 1.4000190445830105 0.5922379595000292 -0.16976372181808685 -0.7939257082933252 -0.11701628078845798 0.57198727127083
1403637155.538319111 -1.2408623720351644 1.4142789022584021 0.5944226814237462 -0.1768652145202157 -0.7916589444974479 -0.11997619741392261 0.572363978202682
1403637155.588319063 -1.2538167027891198 1.4250571115955704 0.5950880678523482 -0.1841215249272258 -0.7898834194707344 -0.1212345515133486 0.5722636029165669
1403637155.638319016 -1.26974543641278 1.4369380428371885 0.5940055489206785 -0.1912359163699753 -0.7880782731430247 -0.12124550328351502 0.5724167953716691
1403637155.688318968 -1.2894377837132018 1.452317094892641 0.5927298274498519 -0.1980414363403266 -0.787155473361377 -0.12135179025425726 0.5713489242586999
1403637155.738319159 -1.3085529016575408 1.4702924822806935 0.5893344081527243 -0.20507080861700636 -0.7852254262611783 -0.1228243292654229 0.5712102743706706
1403637155.788318872 -1.3288975586888208 1.4921181687802296 0.5859708170150152 -0.2133597898624604 -0.783547682158508 -0.12421902352278652 0.5701756431564944
1403637155.838319063 -1.3514021666302505 1.5181349750429265 0.5838484587478109 -0.22215142319300912 -0.7812239484308664 -0.12698902520922997 0.5693958860474997
1403637155.888319016 -1.3685453891534602 1.543636246497803 0.5790784497587741 -0.23124391892694243 -0.7804824801298847 -0.13177626226013822 0.565692818475152
1403637155.938319206 -1.3910839657459262 1.569836315569557 0.5716388543987901 -0.24030875692446502 -0.7797081454513299 -0.13777891335708686 0.5615370693875932
1403637155.988318920 -1.410148013631091 1.5979517582333602 0.5661169958186054 -0.24973962637238065 -0.7774008631166829 -0.1443587507443677 0.5589620453379154
1403637156.038319111 -1.427150457585436 1.6233763363962426 0.5581841044740694 -0.25990751416686164 -0.7734845125809987 -0.15012396917900683 0.5582406172564643
1403637156.088319063 -1.4394810705266667 1.6476139485050654 0.5500642152076974 -0.2706115642242445 -0.7690204872375601 -0.1552741770982078 0.5579128977210401
1403637156.138319016 -1.4517877727066653 1.6720815446220418 0.542659100954499 -0.2813896619233205 -0.7640205767370079 -0.16125189826880812 0.5577546430015937
1403637156.188318968 -1.4665542105717333 1.701684365953867 0.5330959594407234 -0.29290153858591544 -0.759150997362837 -0.1670283422172008 0.5567764226268811
1403637156.238319159 -1.4780119959642781 1.7266781855459794 0.5238357328047698 -0.30461854322307097 -0.7539944164667253 -0.1729713232155587 0.5556805596803936
1403637156.288318872 -1.4843405859512149 1.751854925359115 0.5164186067836438 -0.31564892809123735 -0.749433983120648 -0.18011442860641502 0.5534195982674971
1403637156.338319063 -1.4931277151832671 1.780599737885978 0.5090270948238709 -0.3275281194346824 -0.7445010632988316 -0.18615288560287074 0.5511720247873745
1403637156.388319016 -1.4971425722954441 1.8061562913210853 0.5022766683617492 -0.3386981341682049 -0.7399553818878847 -0.19386743936845918 0.5478731812005844
1403637156.438319206 -1.5021225018689293 1.836262932220687 0.49227734348377694 -0.3503744298278727 -0.7351105000270389 -0.20095444213946145 0.5444884056223859
1403637156.488318920 -1.5159645137651403 1.8775301505394724 0.48311462054937704 -0.3611216697638856 -0.7298325780399738 -0.20863087102538938 0.5416721400567471
1403637156.538319111 -1.5326959650030336 1.9238620759925926 0.47565116973567567 -0.37149988328917677 -0.7237943529913903 -0.21689059556152182 0.5395072203880792
1403637156.588319063 -1.5365294652610384 1.959272382751782 0.46586069436292965 -0.38123025490051016 -0.7189229347349053 -0.22503349283312254 0.5358854670206762
1403637156.638319016 -1.5525041036673841 2.0116349760983847 0.45420368264015026 -0.3907406677978789 -0.7131258222224786 -0.23393282482481478 0.5329622178708957
1403637156.688318968 -1.5365894156614135 2.029314149779315 0.43917138027699065 -0.39993569313674976 -0.7080451369708637 -0.24245646377517432 0.5290920416532232
1403637156.738319159 -1.5392470518306693 2.06859707629092 0.4244529769801148 -0.40796296271193566 -0.7029264960235578 -0.2514726292561839 0.5255683390181765
1403637156.788318872 -1.5369578605196965 2.104906926628554 0.4091611258763914 -0.4146448197388732 -0.7004632504230082 -0.25897096156655997 0.5199566802492712
1403637156.838319063 -1.5311775367993368 2.1379775505806404 0.3929109419472634 -0.4196702120478406 -0.6995708050141446 -0.2662032591104663 0.5134329817323271
1403637156.888319016 -1.526796077293338 2.1692592251811 0.3769098001470689 -0.42413730308326253 -0.699234426169445 -0.271345973450196 0.5074939685209168
1403637156.938319206 -1.514294797049245 2.1938831566380337 0.3628696187122355 -0.4262854630391892 -0.6998816994650061 -0.2768884416688224 0.5017759476356457
1403637156.988318920 -1.5020233961199687 2.224370491771276 0.3434428708624171 0.4291130318861077 0.7006103504287607 0.2794798094646471 -0.49688849739071855
1403637157.038319111 -1.4869262487652986 2.25520210879643 0.32300784569612817 0.4312846174258056 0.7013237584993719 0.28056565229400415 -0.49337762341742986
1403637157.088319063 -1.4781276868843076 2.2832797953795185 0.3034945602676896 0.43341052435381355 0.7013966458415648 0.2804309373340361 -0.4914840302263228
1403637157.138319016 -1.4661805592375328 2.3140117165739915 0.28280866898706286 0.43556881948282883 0.7010680212313867 0.278854879762036 -0.4909413296249801
1403637157.188318968 -1.4534902894637693 2.3427138305927495 0.2641324904868344 0.4367180465116816 0.7007145801969983 0.2771767649040329 -0.49137507664481705
1403637157.238319159 -1.4483348340940185 2.3790602559345873 0.2485341214220802 0.4377376427646848 0.7001146069336637 0.2758162858838705 -0.4920880710870422
1403637157.288318872 -1.4480387605120797 2.419990815463134 0.23893907602793749 0.4383218309752387 0.6996682996716846 0.2742009196933982 -0.4931045513522895
1403637157.338319063 -1.4272271162282495 2.4293306990749604 0.22793170617804984 0.4389306172718608 0.6990281447002488 0.27183873243208256 -0.4947759792956709
1403637157.388319016 -1.4191712476608767 2.4674745969652836 0.218322151667906 0.44019871435159846 0.6981797695247711 0.2683182881012039 -0.49676493191445864
1403637157.438319206 -1.409909190166225 2.501064847314835 0.21368809521591997 0.44193389701708147 0.6972744396350335 0.2638136108147849 -0.4989039639527942
1403637157.488318920 -1.400020581660012 2.5475783965986616 0.20520014299339967 -0.44241690111994525 -0.696990319553124 -0.2600913843896673 0.5008235735455404
1403637157.538319111 -1.3964883605343232 2.6076382021407385 0.19864285836613663 -0.4428219155726439 -0.6966287207425217 -0.2567874365216162 0.5026702586884062
1403637157.588319063 -1.3876790569612454 2.664588855689195 0.19411632974379092 -0.44227140392538344 -0.6965275790219272 -0.2546755424972954 0.5043666374627008
1403637157.638319016 -1.3653401368376823 2.690583972151813 0.1958368962560962 -0.4411851246058775 -0.6973472384356533 -0.25354572675754194 0.5047544742898813
1403637157.688318968 -1.351336801214734 2.7314540314225435 0.19513389557247404 -0.44030500008057316 -0.6978555073640914 -0.2524935384234632 0.5053476138264158
1403637157.738319159 -1.3250356050715013 2.7802885961548087 0.19500427637658216 -0.4394784221848636 -0.6984793882328458 -0.2510058009878508 0.5059459936774079
1403637157.788318872 -1.308330359018849 2.8409838964790657 0.1970504769065433 -0.4370054477612143 -0.6975149044773391 -0.25282600282288575 0.50850585931294
1403637157.838319063 -1.2803900593697823 2.884797422727924 0.20154030261358102 -0.4338372637409151 -0.6967869722367789 -0.2561649053893963 0.5105415606566617
1403637157.888319016 -1.26099455852514 2.944342884167215 0.2098159005904132 -0.4314431277224326 -0.6960444632213357 -0.25882384055603885 0.5122393506163205
1403637157.938319206 -1.2395355599778333 2.991633892988366 0.21249434614600723 -0.4285438633183099 -0.6952674601382344 -0.2626695818219906 0.5137684370128307
1403637157.988318920 -1.2187646422542624 3.0443668063397014 0.21318900288657086 -0.4260112902907862 -0.6955028069075793 -0.26628447384131604 0.5136952453736665
1403637158.038319111 -1.1905990198285052 3.0882443865841296 0.21345509867598622 -0.42244380131815673 -0.6961424128614655 -0.27099107977664655 0.5133135595567
1403637158.088319063 -1.1694568810908887 3.1406873625030602 0.2147810352370932 -0.419972050901205 -0.6968846593912993 -0.27485647479343034 0.512278406953716
1403637158.138319016 -1.1427660715376602 3.1946956366111103 0.2145678325283162 -0.4185526409394628 -0.6970769103408282 -0.2763765324391309 0.5123606934076894
1403637158.188318968 -1.1171535498856304 3.2515266490148202 0.21354239838236758 -0.4172672273767717 -0.6975440822769179 -0.2782217776019323 0.5117743220461289
1403637158.238319159 -1.0908502450059336 3.2994077108746636 0.21483211737754712 -0.41735390001085537 -0.6962804527556137 -0.27932655652278543 0.5128215362845927
1403637158.288318872 -1.0571011614033206 3.338870757752696 0.2201795975296231 -0.41864555068004417 -0.6958599271704887 -0.2804703958741999 0.5117140038070626
1403637158.338319063 -1.0300979314501266 3.3878427099412556 0.2275934040083658 -0.42129897335016053 -0.6940851638932377 -0.2829782316492719 0.5105646685093369
1403637158.388319016 -0.9998640563496739 3.427848718449949 0.23839981115906372 -0.42615882350347206 -0.6910480776115174 -0.28455587583479924 0.5097736410481155
1403637158.438319206 -0.9722345119044352 3.4913399308084783 0.24443435191722376 -0.4315721520792064 -0.6873733932728361 -0.2877343067405401 0.508401676329701
1403637158.488318920 -0.9403503070645185 3.5457119129876293 0.25094456916674324 -0.43845440192214136 -0.6825159883247895 -0.29036220345744596 0.5075622660516342
1403637158.538319111 -0.8970099711736472 3.5954470314591314 0.24847591081575315 -0.44658306585590096 -0.6766012661652748 -0.29314938388543077 0.5067916047468459
1403637158.588319063 -0.8586645588085073 3.6471010599585885 0.2516071528571145 -0.45620282533567197 -0.6703095052309562 -0.294531643991782 0.505781830476619
1403637158.638319016 -0.8252838488588342 3.6821809581108456 0.24959311241574483 -0.4658589020892852 -0.6638248963574204 -0.2968268728355438 0.5041882563912985
1403637158.688318968 -0.792142463410572 3.7414638053633715 0.2440014548730015 -0.4752830746439901 -0.6568619652811333 -0.30125428050445735 0.5018806790480227
1403637158.738319159 -0.7559506426270086 3.782285597620566 0.23787769260733285 0.483882100111522 0.6508934942340426 0.3065934251399171 -0.4981929786904223
1403637158.788318872 -0.7160424994704941 3.826564666255988 0.23263111492112734 0.4914654832969532 0.646348566333826 0.3113354877451925 -0.49372606128941904
1403637158.838319063 -0.6786063096076168 3.861629459170341 0.22457426261595365 0.49776266294056026 0.6441989436853792 0.3156437686847306 -0.48745160131798126
1403637158.888319016 -0.6343178234877709 3.9402062584516604 0.21610888075557189 0.5030654972613228 0.641665572350332 0.3184737675677865 -0.4834923557789912
1403637158.938319206 -0.5886726597611992 3.975958405393592 0.2107103297951834 0.5050797088596811 0.6416100911102383 0.3241463059501754 -0.47766112571841873
1403637158.988318920 -0.5487063131877626 4.007871038512136 0.20878097289083244 0.507322185935297 0.642031724346713 0.32788180876903905 -0.472136615894766
1403637159.038319111 -0.5216891701931736 4.039434814533186 0.20469586081727165 0.5086416861789751 0.6424423432320682 0.33175506522027753 -0.4674291897220241
1403637159.088319063 -0.4786802723211341 4.086142422310055 0.2039935138865442 0.5100629296972369 0.6419573951209979 0.33334115679516185 -0.46541399182297705
1403637159.138319016 -0.4348457604817682 4.135107427807613 0.20445365031616802 0.5117901178766694 0.6405683472141573 0.33313530913285494 -0.4655791378488354
1403637159.188318968 -0.3940392391379816 4.17488257200344 0.2038226661964224 0.5139911058164515 0.6384021348743214 0.33114793454816854 -0.467543476880998
1403637159.238319159 -0.35337548478242686 4.213327819644357 0.20245263321873547 0.5156447201119341 0.6366490660605306 0.32895033873797463 -0.4696596256323414
1403637159.288318872 -0.30814701970426994 4.25987751166699 0.20024476720817552 0.5169852662413847 0.6356851118446782 0.32643622309658227 -0.4712431063886047
1403637159.338319063 -0.2609593759905314 4.310984920587162 0.1934069763594159 0.5178590429284179 0.6350322771303815 0.3243885344338582 -0.47257602286586553
1403637159.388319016 -0.21729511485885647 4.353454709106319 0.18524640240571422 0.517913854958208 0.6351485787244127 0.3227220907885523 -0.47349970845160233
1403637159.438319206 -0.16187693759922464 4.411655543348597 0.17827774855511677 0.5166771854345303 0.6361605207520816 0.32247424308901274 -0.4736611029333745
1403637159.488318920 -0.12156525425188637 4.4469889082204 0.16946172854133196 0.515644748877311 0.6365428680788985 0.32190987479587513 -0.47465535134668935
1403637159.538319111 -0.07020102538296726 4.496562685718923 0.1611987209304373 0.5128050727955851 0.6397547593957927 0.32412888876537993 -0.4718954000764007
1403637159.588319063 -0.018127240840263098 4.55392268375873 0.15291603258109485 0.510636054848984 0.6426999581143208 0.32541713009510764 -0.46935197322348543
1403637159.638319016 0.036629833877135476 4.61524108338903 0.14428037162939158 0.5081340085851245 0.6458309784483379 0.32737523748053143 -0.4663985746979089
1403637159.688318968 0.07732602082678716 4.643682410915015 0.135859437813054 0.5058690197873641 0.6477815296710034 0.32915433120690535 -0.46490111946972285
1403637159.738319159 0.12356465916679595 4.694407080202937 0.1284173907726678 0.5037445868013471 0.6494762831171331 0.3315447119344044 -0.4631415042133736
1403637159.788318872 0.1710864915677774 4.73915975293972 0.1263876581329382 0.502196725531832 0.6502412396782173 0.33295655254119566 -0.4627361161685166
1403637159.838319063 0.21582610980170777 4.787463277693886 0.11997706651836643 0.501132043043854 0.6500601440916038 0.3353700690608276 -0.46240177473322064
1403637159.888319016 0.27000204903000713 4.8340788126250684 0.11907795249334693 0.5019324658352378 0.6494169675874054 0.33820148093391267 -0.46037067700304835
1403637159.938319206 0.33099602590766486 4.9056976471184175 0.11557291103572205 0.5066525687678122 0.6465004556285717 0.33977824184993577 -0.4581387145815046
1403637159.988318920 0.37468899806464334 4.945633310266477 0.11152934803101518 0.5119336318034718 0.6429426562187102 0.3432531293873681 -0.45467129512287857
1403637160.038319111 0.42854897979893763 4.999394926638896 0.10872656098703191 0.5180558250859796 0.6363710306639384 0.3476884663932981 -0.4536108505793022
1403637160.088319063 0.4842824292715904 5.059886944211124 0.10254426072086556 0.5247687085609672 0.6282435953008203 0.35232901248715776 -0.4536430914701314
1403637160.138319016 0.538147941607712 5.117880927596273 0.09727586140276157 0.532136602019736 0.6192755166321032 0.35731457124601884 -0.45349175126589064
1403637160.188318968 0.586282435213061 5.165143514584053 0.09637048757597128 0.5397303536277311 0.6110647654639634 0.3634745559859752 -0.45075186625476543
1403637160.238319159 0.6404034651787341 5.215601541763258 0.0886509919364603 0.5472971657452392 0.6032976578641722 0.37059279045129706 -0.4462720381654598
1403637160.288318872 0.6916634387292305 5.2661565926924805 0.0805039334398872 0.5560314178681589 0.5944447549673499 0.3770732782869001 -0.4419052369426074
1403637160.338319063 0.7493573508116943 5.320770809158543 0.06766075489344604 0.5645825925593897 0.5859250709733907 0.3844968889230576 -0.43600510294288436
1403637160.388319016 0.8064004755161616 5.367965956961365 0.05552010148967069 0.5745331843234389 0.5763369990986037 0.3908442984686759 -0.43010233425978306
1403637160.438319206 0.8505362713821338 5.404321818805932 0.04659163545979643 0.583965334248274 0.5677326961894333 0.39847969374662034 -0.42175586272792703
1403637160.488318920 0.9042154784376364 5.450296163217432 0.03443761966578262 0.5931260322019015 0.5592628365037839 0.4066886155061118 -0.4123481049403436
1403637160.538319111 0.954555254402657 5.496624065243493 0.024003463832431633 0.6027182635220002 0.5513862610349779 0.41414417493792766 -0.40148286180592474
1403637160.588319063 1.00788783940689 5.545401402274219 0.006950421238948233 0.6118578926233813 0.5420884705431513 0.4214629421788698 -0.392605396942773
1403637160.638319016 1.0439564978118852 5.572429213853786 -0.008317310344819261 0.6206075305163665 0.5336867001935431 0.4286522763824817 -0.3824683320943332
1403637160.688318968 1.087022764707587 5.594528212707122 -0.01945440250956923 0.6287460966591258 0.5265831692306584 0.43307631204305636 -0.3739430702207145
1403637160.738319159 1.1405137805454884 5.644665443666144 -0.03424303253103371 0.6360515049650065 0.5210623234316619 0.43564946520412096 -0.3662541216138213
1403637160.788318872 1.1885856625911777 5.691284371296592 -0.045557616996564416 0.6415402691751395 0.5171611579887351 0.43840285623741077 -0.3588500457535435
1403637160.838319063 1.2338195263776792 5.731815614240058 -0.05402660634203995 0.6457691572086433 0.5132711808196241 0.4405013685412464 -0.35425052554845465
1403637160.888319016 1.2810062848326875 5.780209903898924 -0.0653658070597295 0.6497964440741618 0.5096497201984701 0.4412175090668995 -0.35121055460079276
1403637160.938319206 1.3213464968269566 5.818998905423995 -0.06922809236043691 0.6536990634926444 0.5073042200537228 0.44069417754897533 -0.3480066157114773
1403637160.988318920 1.352999492412337 5.849468567104474 -0.07001539224666294 0.6572801302794398 0.5045948304050956 0.4392796646504452 -0.34698741143287576
1403637161.038319111 1.3950339079721683 5.899684204269396 -0.0707617169581719 0.6608556831844765 0.5018751889964425 0.4366747150269873 -0.3474280557592656
1403637161.088319063 1.4247838021580168 5.933131780287745 -0.06394696791465349 0.6636299660896678 0.4985439767606293 0.4346705459935524 -0.3494433971177458
1403637161.138319016 1.4779204460280897 5.999724824177603 -0.06072788593751834 0.6658972487842227 0.4942224610589802 0.4325746785520004 -0.3538419993754857
1403637161.188318968 1.5349420477644604 6.067038876304049 -0.053239038752298046 0.668347626645631 0.4885986438808625 0.42911539544919963 -0.3611686483395417
1403637161.238319159 1.5811639139054379 6.12318808591739 -0.04187623343580535 0.6694965196966314 0.48205748185909303 0.4273853204662618 -0.36977936955395324
1403637161.288318872 1.6152076622959908 6.15426923472738 -0.02871180691950463 0.6710990455638833 0.4768908869961927 0.424318681562896 -0.3770342284461122
1403637161.338319063 1.6560095815202762 6.19105239415319 -0.010698536322290333 0.671597181476988 0.47392415029303225 0.4227368585117594 -0.3816368352986929
1403637161.388319016 1.708890058279643 6.2474568154112315 0.006379775019528918 0.6706847902962182 0.4743680980790797 0.42357544946794917 -0.38175994839451044
1403637161.438319206 1.7665016085200826 6.306480637608563 0.028168056718660173 0.6698379559579059 0.47638214557909714 0.42628012617789834 -0.3777067886037339
1403637161.488318920 1.8171073070138772 6.35258074999015 0.049006345681002844 0.6698355427723328 0.4759749929503591 0.4295312537005041 -0.3745277744297119
1403637161.538319111 1.861565926355895 6.393039136752346 0.07412608862122644 0.6716093391536511 0.4757121226567381 0.4319012300500701 -0.3689176051644232
1403637161.588319063 1.9082618173907295 6.4163434040921965 0.0966805030901148 0.6735076399497255 0.47303588258863194 0.4349196693868442 -0.3653346327593143
1403637161.638319016 1.9551715572261241 6.43786828400002 0.11185878798157547 0.6754962692030129 0.46957613756127103 0.43848667787934414 -0.3618459266707108
1403637161.688318968 2.029715079859448 6.508863785325799 0.12704915269425585 0.6763167146100032 0.46544434900316645 0.44352979746002 -0.3594976749371598
1403637161.738319159 2.0754054928822026 6.54712690977774 0.14017110273040992 0.6755258715457518 0.4611143602575421 0.4501689561138163 -0.35831027697796647
1403637161.788318872 2.137090316030475 6.599149063836394 0.1560697502790436 0.6725789436391232 0.4571120347394862 0.45942800268319633 -0.3572283060175062
1403637161.838319063 2.190576728878022 6.633446981219334 0.16866406367957118 0.668628941131376 0.45204842499939696 0.4696949894409254 -0.357734786442678
1403637161.888319016 2.248579746505506 6.665731853761008 0.18108831190086982 0.6647514701893491 0.4471811826729472 0.4795846688983711 -0.3579567265773379
1403637161.938319206 2.309113027165893 6.706269279949783 0.1913473302456726 0.6609703237621444 0.4415851586938499 0.4885282616551047 -0.35980677632770486
1403637161.988318920 2.3697393590788156 6.746466946410814 0.20298430318260674 0.6574358675664069 0.43729829063734527 0.49633579466437294 -0.36083107401905845
1403637162.038319111 2.3915606848503836 6.742544985207832 0.20998826465320422 0.6545122141743112 0.4333334623818342 0.5027904969351096 -0.3619911436327663
1403637162.088319063 2.4489633550543273 6.770448652588564 0.21553637572754067 0.653278199769318 0.4305415885375335 0.5064401076767222 -0.362463724505124
1403637162.138319016 2.4748911173679913 6.762462772039881 0.21810768136198294 0.6535341927992031 0.4273268974949433 0.5073613245474226 -0.3645123699864317
1403637162.188318968 2.5453063699971836 6.822467954998201 0.21858794113740243 0.65635857417023 0.42458509339985406 0.5044269813959851 -0.36670743245207704
1403637162.238319159 2.6110336956123157 6.856813568400466 0.21879588179575343 0.6607134380852571 0.4227098777490034 0.49878426097485 -0.36876601387703106
1403637162.288318872 2.6905503432834905 6.901255705212254 0.21922437436493078 0.6643800613369027 0.42161178661562265 0.493345936887946 -0.37074576469719883
1403637162.338319063 2.728694767328199 6.90606241117405 0.2202960416588963 0.6672756026291063 0.4219669927216847 0.4889555752576895 -0.3709576426140898
1403637162.388319016 2.777535080205545 6.916972630730603 0.21346800505221228 0.6703827485030999 0.4211451757160856 0.4838307152729169 -0.3730034188033599
1403637162.438319206 2.819970892088757 6.919142408969009 0.2106623359021007 0.674243565168725 0.42093351435634585 0.47746892386925405 -0.37447832789003965
1403637162.488318920 2.8934241875738382 6.945081317150132 0.20517458165250502 0.6787683463475661 0.4250228306335176 0.4704415777672293 -0.37055883115200866
1403637162.538319111 2.932152862476685 6.935888242085234 0.195516173683428 0.6815903268622264 0.4299893221585537 0.46645935703288355 -0.36463608899002287
1403637162.588319063 2.980377478128473 6.928649348951176 0.1937700605930827 0.6816430435478078 0.4340343128872113 0.46575584688727834 -0.3606223336258061
1403637162.638319016 3.0361156650259624 6.934605326970032 0.19486487185869822 0.6788030279051621 0.4360887008660097 0.46974637105234507 -0.3583175144574045
1403637162.688318968 3.0854098201545255 6.929989055608124 0.2002678780843722 0.6747225028444892 0.4329981796780351 0.4760971015192222 -0.36137746260077136
1403637162.738319159 3.150419258629388 6.934362243249951 0.20373326669122954 0.6709657219591296 0.425640166252014 0.48328234494270755 -0.36752363719290215
1403637162.788318872 3.2109061244272 6.930795326965671 0.20857015779263882 0.6696646893866137 0.4172045052551098 0.4899135631598 -0.3707752758958425
1403637162.838319063 3.272879728007303 6.921814543333931 0.2032406593568864 0.6705897659745268 0.41090480315553124 0.49568342507136665 -0.3684624141258678
1403637162.888319016 3.330217601823635 6.9076684029177065 0.20060619000890442 0.6728366442777035 0.4035099834169494 0.5017490184943068 -0.3643054567803952
1403637162.938319206 3.4184607052985507 6.922995352836268 0.19713519765388895 0.676192668494899 0.3963998976689756 0.5084833671429201 -0.3564761724726797
1403637162.988318920 3.4730144447145936 6.90858884976477 0.1880694660930691 0.6802867462232234 0.388865361073885 0.5153960426834686 -0.3469302423486848
1403637163.038319111 3.5365367413490048 6.904492930115361 0.1819568927580778 0.68556415766201 0.3805210309123842 0.5214225377196218 -0.33663640314229937
1403637163.088319063 3.599132969394881 6.8859460775990255 0.17513506061867157 0.691456046288554 0.37062640453791035 0.5277559799090829 -0.32557369362481703
1403637163.138319016 3.651358835918446 6.855514925985103 0.16928933020508094 0.6968261086202859 0.36063630284947007 0.5348706188614651 -0.31350957320459644
1403637163.188318968 3.7067160199326366 6.834120231564265 0.16115805262373725 0.7031726360835481 0.34880717065412725 0.5412630454265162 -0.30152299616976125
1403637163.238319159 3.767745891519025 6.8134143326849 0.1515446234408734 0.7088019222569201 0.33628430080340055 0.5483614662419786 -0.2895037242921249
1403637163.288318872 3.830671488546215 6.785418978397294 0.138854733976929 0.7143579095108991 0.323650659506124 0.5543242475539581 -0.2786891750574598
1403637163.338319063 3.868514006838509 6.749368245978267 0.13186564705863293 0.7207011150193737 0.30998631580790825 0.5586386712263287 -0.26911191321112676
1403637163.388319016 3.921427280051438 6.6976207755448485 0.11891627904500471 0.7271575501888592 0.2961330693909156 0.5612866155392 -0.2617335240908248
1403637163.438319206 3.976312625748673 6.666713945454992 0.10628496664453956 0.7342277763757267 0.2827962002847488 0.5621895857030491 -0.2547130762836846
1403637163.488318920 4.022943416254576 6.629402601913238 0.09514607097671883 0.7415365412430015 0.2701714806340664 0.5611838395987502 -0.24940655008753668
1403637163.538319111 4.084668190668473 6.599725560855418 0.0747203337539416 0.748905978573646 0.25935822388873614 0.5588363409079932 -0.24408009144232834
1403637163.588319063 4.127260559353314 6.5600267641290815 0.06394441662679652 0.7570760702202068 0.25005213580120333 0.5536219830715503 -0.24044220332776262
1403637163.638319016 4.177997930090349 6.519143904055767 0.05313420908800409 0.7655229012542322 0.2432121345948034 0.5469962908777359 -0.23583384618655134
1403637163.688318968 4.203269277637868 6.453191135796377 0.05079508902574909 0.7722867297550837 0.23684914309166305 0.541273091921883 -0.23345048816026948
1403637163.738319159 4.248959499778752 6.407829471720427 0.043144056693865354 0.7789070856897802 0.2312018641054178 0.5347476787204279 -0.23215160994390607
1403637163.788318872 4.289419645201306 6.357428995016415 0.039786011817969244 0.7830079055421775 0.22738669234585418 0.5311188438130993 -0.23044887881936268
1403637163.838319063 4.336126634577459 6.310978062940381 0.040491759334181844 0.786876073427514 0.22326477276472034 0.5268846873441204 -0.23102253689175886
1403637163.888319016 4.381848693208218 6.261980608168364 0.03915619004736034 0.7891336402224273 0.21866238745737326 0.5243891994907168 -0.2333898576164518
1403637163.938319206 4.404575415554246 6.192153673153022 0.04723967704672516 0.7893583732123454 0.21509501514147242 0.5244463146285235 -0.2358040630977535
1403637163.988318920 4.459520114314408 6.14599809846115 0.05413811126075135 0.789096764742558 0.2124956180466487 0.5252673283460951 -0.23720485230272298
1403637164.038319111 4.514437763188731 6.087362413330138 0.06032633109626669 0.7879282349280877 0.21197985042573386 0.5269293977050292 -0.23786351012882795
1403637164.088319063 4.572699888979848 6.027658371649949 0.07272847861018016 0.7858564131646475 0.21190440996847998 0.5299336217894253 -0.23811042694734633
1403637164.138319016 4.599970082786591 5.95061134895866 0.08478408667339575 0.7836592471719771 0.21301304126172899 0.532800395456686 -0.23796505452582375
1403637164.188318968 4.635495486992885 5.870128025063578 0.0984021537699643 0.7812826732727541 0.21487929615860146 0.5359090120357101 -0.23711980799813495
1403637164.238319159 4.68440269308541 5.799814553142696 0.11471933252760426 0.7799420202425896 0.21820262276772537 0.5374903278396378 -0.23490893545378846
1403637164.288318872 4.744323852475092 5.734045600029428 0.132415386092475 0.7774834699573511 0.22346307350849398 0.5408330739358872 -0.23039812251464528
1403637164.338319063 4.795748784190335 5.662324132231864 0.15153663121746613 0.7768641388169495 0.22894049774648959 0.5412875094840961 -0.22600042121264585
1403637164.388319016 4.8469548661748725 5.588251499017575 0.16573112026849565 0.7764922548377495 0.23278823938206059 0.5410260874913444 -0.22396469908491423
1403637164.438319206 4.919099828115588 5.520056590260466 0.1708653462246179 0.7770997536465093 0.2362870321489491 0.5392124991201934 -0.2225630070639134
1403637164.488318920 4.970002809667369 5.44519123393639 0.1817884592100376 0.778416020335145 0.23717859694629878 0.5359756545301572 -0.22482195219139534
1403637164.538319111 5.032318165724615 5.369940760169373 0.19040494582019335 0.7792495028012066 0.2359192445168743 0.5331021305948388 -0.23003139091415944
1403637164.588319063 5.100072126283181 5.296741057966882 0.192634438891345 0.7799157879540339 0.2358912899383578 0.5302992946251338 -0.23424201406097422
1403637164.638319016 5.149481510571463 5.224654182218092 0.19362523380844546 0.7804469977424006 0.2357377877889953 0.5279408897852572 -0.23792561025659942
1403637164.688318968 5.207943866629634 5.142856227682796 0.1947128313143884 0.7802003710525796 0.23853225416599075 0.5272823346640614 -0.23740910741402746
1403637164.738319159 5.257814511527304 5.063489654578809 0.1940950678398983 0.7782628500745636 0.24293378578136848 0.5297473229619467 -0.2337902601358759
1403637164.788318872 5.335663049009794 4.977431730589917 0.1953639543435056 0.7747880391300869 0.24679457587705297 0.535369498589379 -0.22841942062525603
1403637164.838319063 5.398037263714036 4.897733266989912 0.19888343353191723 0.7721447185008486 0.24869025048664198 0.5403815623951955 -0.22345796031348739
1403637164.888319016 5.476670597121088 4.812722647088073 0.19633905697394585 0.7703205280263318 0.24913775948266134 0.5452392436595672 -0.21737255593734955
1403637164.938319206 5.544713875717257 4.733718287242398 0.19428499403704924 0.7697818234059789 0.24769248340901798 0.5487473516341675 -0.2120394352259198
1403637164.988318920 5.6058446827603365 4.654725328399585 0.19179491925628875 0.7705348644170708 0.24437116367918923 0.5511161618060113 -0.20695345678692056
1403637165.038319111 5.67155428810845 4.543741837084497 0.1922919471056303 0.7715037812656291 0.23983171928176297 0.553727426744191 -0.2016149766025498
1403637165.088319063 5.734086928561438 4.461665933350566 0.1870213002948383 0.7721536771337788 0.23319874398229265 0.557328465248099 -0.19693152748624068
1403637165.138319016 5.812957028608997 4.372783604350265 0.1768703572998733 0.771451587270962 0.22479187401226447 0.563221138304645 -0.19264737538307602
1403637165.188318968 5.889234368787279 4.2820281796442465 0.1693005497810837 0.772467254158075 0.2169898554065575 0.5673540204687758 -0.18525430996886716
1403637165.238319159 5.9503132788873865 4.190586319380989 0.15967163407588017 0.7742153543239328 0.20799428205070344 0.5706140765815935 -0.17812506665322228
1403637165.288318872 6.003641064704167 4.091285965320065 0.16075962157479423 0.77806389465679 0.19989232262123238 0.5711878468726325 -0.1685350965633054
1403637165.338319063 6.062578082751058 3.9956432241817956 0.15831773748873945 0.7836369045412102 0.19142446485109418 0.5688914915145392 -0.16010105240099332
1403637165.388319016 6.107489909137506 3.9066810460116717 0.15905327161137392 0.7892330909957549 0.18452649736956828 0.5658356726502425 -0.15129802180548518
1403637165.438319206 6.134351303455236 3.861177178321949 0.1617713287767646 0.7951853989413321 0.17793745309349318 0.5613904612832695 -0.14442712375891653
1403637165.488318920 6.1865970281333835 3.769912354980046 0.15934788988641058 0.7987487754513951 0.17175641230908698 0.5594900545880519 -0.1395385515284813
1403637165.538319111 6.241757218751157 3.6940999749039642 0.1691362916574313 0.8012914466735197 0.1681272647581112 0.558699290525406 -0.13236443290862535
1403637165.588319063 6.290434291931933 3.6096747754517597 0.17187122810024613 0.8036048293843566 0.16420454177579194 0.557718498218997 -0.12730366606931726
1403637165.638319016 6.367175415180561 3.489251828237509 0.1723103952438417 0.8043269524989112 0.1637313943472903 0.5586892547489082 -0.11881288068646474
1403637165.688318968 6.442086427155006 3.387406404548716 0.17978128938005014 0.8043316640214349 0.1644630419670658 0.5601821396728411 -0.11044660461510868
1403637165.738319159 6.49926855396824 3.299537096189206 0.1820011543306869 0.80417227805362 0.1658346409733605 0.5615070131106968 -0.102546054486712
1403637165.788318872 6.534967725857597 3.237994142840833 0.18857478491484667 0.8038568383477157 0.16841356682586223 0.56263309873681 -0.09431357355344092
1403637165.838319063 6.573429520055475 3.175082611384028 0.19355311350681834 0.8029848806373605 0.1712203856930206 0.5642527452240159 -0.08670467402683217
1403637165.888319016 6.60151197191682 3.115059034687879 0.19934338511148997 0.8022139117137828 0.17470969681335596 0.5650647681704485 -0.08143199288199762
1403637165.938319206 6.6523027751998125 3.0393828121731437 0.20075967428500532 0.8008861729740087 0.17986949801409768 0.5658484791665573 -0.07774188220063286
1403637165.988318920 6.690173000999009 2.9836987978848852 0.20063888677381483 0.7994269255779987 0.18674923583351657 0.5660911296084872 -0.07471376416092038
1403637166.038319111 6.748346186133344 2.906462517273609 0.19876016259819165 0.7978576662973171 0.19352824145270778 0.5660996164149477 -0.07416999653276596
1403637166.088319063 6.781551027931662 2.8624685414128113 0.19325657806292953 0.7963763178930069 0.2003060218870278 0.5660088710102769 -0.07277510448389596
1403637166.138319016 6.816404679985031 2.810059848316746 0.18918839366722606 0.7947745573476537 0.20558766097836992 0.5663370169839468 -0.07300342348142969
1403637166.188318968 6.849920429521361 2.76128182652002 0.17671667597248092 0.7935554172417238 0.21010177094449473 0.566295966509425 -0.0737287184715498
1403637166.238319159 6.88589778951225 2.714139904954529 0.16208871204866956 0.7912191994693897 0.21268914613082357 0.5681203915495564 -0.07729635317877559
1403637166.288318872 6.902384128928971 2.69343485085073 0.14555725006002576 0.788039945509113 0.2133544527858131 0.5714435368967011 -0.08321782199414503
1403637166.338319063 6.936098341900298 2.6562562836042636 0.13097596303249825 0.7806549998501464 0.21420974388858502 0.5801243175183202 -0.09026479411186858
1403637166.388319016 6.958751961551114 2.6387399045355644 0.11693857133776267 0.7705100619422952 0.21410725120591673 0.5919504308232196 -0.100334524840315
1403637166.438319206 6.9912174081217024 2.6011810453557347 0.1077549071165788 0.7614303063172098 0.214433521833044 0.6017416671350594 -0.11022304373168512
1403637166.488318920 7.024979526842271 2.5519547405201632 0.09245223879783979 0.7556714770332116 0.21636740134038362 0.6071375485956078 -0.11631751166943846
1403637166.538319111 7.0497813504165325 2.5197359280418103 0.07921225085260337 0.7533735840553223 0.21844924627682616 0.6083121017200933 -0.12109730199144673
1403637166.588319063 7.069768018905653 2.4806182334753224 0.07148920291244013 0.7552822799552014 0.22213228023593143 0.6043764431407292 -0.12220901210393344
1403637166.638319016 7.072239486336464 2.4583356466791484 0.06777589952604741 0.7605759482900171 0.22639255705701053 0.596300081029561 -0.12123056692133517
1403637166.688318968 7.075801038895561 2.4325929753915223 0.06213034619343067 0.7688105400927635 0.23097435584145906 0.5843598423449049 -0.11876352571616573
1403637166.738319159 7.080856983686195 2.4084305270350184 0.053330508078459224 0.7739468721645304 0.2373637690915798 0.5760601065674744 -0.11322293853654156
1403637166.788318872 7.093951492844722 2.3747406963274393 0.04278100325037767 0.7773410131496348 0.2434120638007642 0.5699037488882981 -0.10817223985300407
1403637166.838319063 7.080690730757119 2.3640954567739425 0.04259635639423813 0.7780468328081207 0.249928261262385 0.5672167721565754 -0.10219649487085684
1403637166.888319016 7.0942128272717655 2.336659322784402 0.03119175313838272 0.7757818201735903 0.25686707934098 0.5684034268023964 -0.09539085615654636
1403637166.938319206 7.089154011117075 2.31305907656549 0.026220728982416043 0.7721726601238201 0.26373905450304286 0.571160236303931 -0.0892584928865708
1403637166.988318920 7.084286860613232 2.3085374699030106 0.01758274674544976 0.7665652759190424 0.2691826897628688 0.5769233184849951 -0.08412991070630385
1403637167.038319111 7.073817017329646 2.3102082177636354 0.0087951236235477 0.760913874433456 0.27494828324247095 0.5824188050889554 -0.07875184261614589
1403637167.088319063 7.059258481197502 2.3139897970848855 0.0034944329128022552 0.7551253340492433 0.2799588713370678 0.5880575896728448 -0.07481331074653791
1403637167.138319016 7.038308480610159 2.325236022713438 0.0008402403334543809 0.7495067911003573 0.2839401438987174 0.5937617282804208 -0.07116582611526967
1403637167.188318968 7.020580939329501 2.3335979440392256 0.0014628399668599357 0.74439045008799 0.28701149104530344 0.5989886845287974 -0.06870092890356395
1403637167.238319159 6.993532337415332 2.345162695818077 0.0015764725735573908 0.740777833795651 0.289037667921488 0.602701356563621 -0.06675703914870293
1403637167.288318872 6.968495233996783 2.356137090642143 0.004213460379375317 0.7394427496699146 0.28962386062543 0.6041715496977036 -0.06572045231807856
1403637167.338319063 6.936534484828812 2.3838704775641477 0.00796421695766904 0.7408675587431547 0.28866222355436044 0.6028741683188366 -0.06581882913332629
1403637167.388319016 6.8997947049279365 2.409030583465753 0.008705372555738767 0.7449405460849403 0.28582905374736106 0.5989767130598257 -0.06776600950776307
1403637167.438319206 6.854835521133929 2.4316990636465508 0.010610501226847856 0.7524573410513097 0.2800868717442864 0.5914102115430093 -0.0747880729605022
1403637167.488318920 6.810268145245449 2.454955951905316 0.0049600785683325795 0.7600242302321034 0.2713996118148129 0.5839793227304871 -0.08759892002821205
1403637167.538319111 6.750481368365956 2.498697538424585 0.001015089003118743 0.7681865826894893 0.26143103532569145 0.5754391477735993 -0.10204398636850323
1403637167.588319063 6.689546178738185 2.544142530960634 0.002799623664316733 0.7748890609135389 0.25112462872144314 0.568263328286454 -0.11644807362448169
1403637167.638319016 6.642503700586041 2.57265784215471 -0.004066038470606218 0.7797294663358733 0.24172808645751762 0.5625782952979789 -0.1307484348081509
1403637167.688318968 6.594408242413526 2.610567945041682 -0.010889848570478677 0.7826248482911079 0.23624573396444865 0.5582635259760973 -0.14152079559433856
1403637167.738319159 6.54519206913891 2.6623829955136413 -0.021194483642306892 0.7848026651039383 0.23502845366741665 0.5539414295058334 -0.14830810999231553
1403637167.788318872 6.487429464700573 2.712364171650191 -0.034263947951115585 0.7866585745645217 0.23640516717463794 0.5492085419442613 -0.15378836579112615
1403637167.838319063 6.432391300264796 2.760320718789541 -0.0457160008411601 0.7882692753615986 0.2402472921251999 0.5440879474535959 -0.15773741973020308
1403637167.888319016 6.376694057613047 2.8027351594667542 -0.05537737120968835 0.7897264324104294 0.2457713026647665 0.5387438974453698 -0.16026116717449754
1403637167.938319206 6.326634926276132 2.8505569409286955 -0.06832800064973725 0.789920647123974 0.25231810512827546 0.5351928219244455 -0.1610266699409377
1403637167.988318920 6.275470694595843 2.8963605054796098 -0.07491594856319383 0.7885461985153621 0.25993712565473515 0.5341881977195541 -0.15896714418539568
1403637168.038319111 6.21990032996802 2.9491172103755 -0.07829956655517024 0.786133968481137 0.26714425780894707 0.5347052966243094 -0.15721823965976361
1403637168.088319063 6.169889299858582 3.0008914332668537 -0.07813208018700943 0.7848244736382164 0.2714596859677649 0.5340627881392234 -0.15854691040111218
1403637168.138319016 6.116104604441843 3.0554966021245566 -0.08422421973562247 0.7853433511463324 0.2719321680673541 0.5315539240038167 -0.16352107710194844
1403637168.188318968 6.069100734053422 3.109891748174982 -0.08984855598964893 0.7853240267884327 0.27246001513905954 0.5301398877239014 -0.16728243345705465
1403637168.238319159 6.024819521991442 3.162281145340884 -0.09991234627798053 0.7832447740249061 0.27305160134229683 0.5318483069400303 -0.17061015612238478
1403637168.288318872 5.979573235811736 3.2169831207778126 -0.11858991988650014 0.7805734414673889 0.27403380137562905 0.534739716795863 -0.1722324402093268
1403637168.338319063 5.932498313522438 3.273036875898383 -0.139549036048937 0.7767298812023606 0.2747262285240531 0.5396416712769644 -0.1732139071487085
1403637168.388319016 5.886143879049527 3.3317490420624587 -0.15770619585861997 0.7716914595254734 0.2749879908076518 0.5461974215357367 -0.17476347706179496
1403637168.438319206 5.847809206286174 3.3852886873004198 -0.18293795903998925 0.7666537355761954 0.2758687149133226 0.5524354474222669 -0.17593629043064674
1403637168.488318920 5.803337103888744 3.439515994353234 -0.2074394890150477 0.7626185724635851 0.2742063990105622 0.557291898207517 -0.18069173713129918
1403637168.538319111 5.756817093623446 3.4887425855018863 -0.22954134563127185 0.7612940589023218 0.27271145727572 0.5588020737601116 -0.18384792441575246
1403637168.588319063 5.711546324443643 3.5444147695925015 -0.25361083205516316 0.7629230872849486 0.2722010985239019 0.5561847747037677 -0.18577788145444854
1403637168.638319016 5.6622310432911975 3.597397281394526 -0.2813725257000863 0.7647124636804511 0.2722892748076603 0.553583829466386 -0.18606005070897075
1403637168.688318968 5.619774472629252 3.6444162627375984 -0.3058858400099794 0.7668164601793745 0.27338602603486883 0.5505398208670705 -0.18482019047303605
1403637168.738319159 5.575463082622544 3.696452756873279 -0.3273557436561858 0.7683042314835901 0.27493069819291677 0.5483856329593942 -0.18274276083962965
1403637168.788318872 5.5259515999795275 3.744192763546868 -0.3471639789070941 0.7699642632217081 0.2740519368109918 0.5462685377220918 -0.18341552275247566
1403637168.838319063 5.473315876667887 3.7948125878286003 -0.36194941339366543 0.7704753480311869 0.2757320338465258 0.5458329349556575 -0.18001664007744578
1403637168.888319016 5.425873757960018 3.8558457515759628 -0.37670206901756575 0.7707327237834749 0.27727074152734127 0.5454370462861662 -0.17773697679663317
1403637168.938319206 5.370452605154095 3.9166543069711217 -0.3916958773940079 0.7709408267344576 0.2787611953311523 0.5457402276226061 -0.17352245274305114
1403637168.988318920 5.323179024578851 3.970066071504042 -0.4088447332573452 0.7711739787877526 0.2792859455106965 0.545891866694118 -0.17114942289728755
1403637169.038319111 5.2611692417342875 4.030584895753459 -0.4245852493067018 0.7707720441641301 0.2805185462789704 0.5471016707484876 -0.16703162273292727
1403637169.088319063 5.212731640031632 4.083104090199462 -0.4427156438748006 0.769363149610727 0.2839513001991654 0.5484934861859002 -0.16311621240055582
1403637169.138319016 5.1651274175445 4.137121829691257 -0.4592851381254149 0.7674025418031908 0.28682079879456646 0.5497644417441789 -0.16305283440210547
1403637169.188318968 5.1235832896050315 4.18823350008012 -0.4745039280940231 0.7642429404611991 0.2914311700997956 0.5512034773713255 -0.1648494088046503
1403637169.238319159 5.079479329136831 4.248391472422353 -0.48843952424512926 0.760817745018104 0.29671000729091557 0.5519141804110269 -0.16884983831859787
1403637169.288318872 5.020614001215282 4.311609908338819 -0.495637148117238 0.7569201005376726 0.3023202780043258 0.5524194922696708 -0.17466286230892375
1403637169.338319063 4.959528359557305 4.374382981741707 -0.4993448526385919 0.7529851853745707 0.30870600047691715 0.5518169592564103 -0.1822414863662446
1403637169.388319016 4.903029179039546 4.439418222803448 -0.5024494291945957 0.7484086636000977 0.31665167443276526 0.5509494702817135 -0.1899233280130199
1403637169.438319206 4.840561847581577 4.502725525945549 -0.5043400261950408 0.7432471452771426 0.32658957559405 0.5493371235326653 -0.19786777114915308
1403637169.488318920 4.771551186333605 4.561284699046231 -0.5106208043238282 0.7370870750025731 0.33666922061976695 0.5481896150750749 -0.20698943372856293
1403637169.538319111 4.711587227628403 4.6258030723628405 -0.5098761671792541 0.7297821725792435 0.34896170337162624 0.54735295021969 -0.21458904457426095
1403637169.588319063 4.651302376553109 4.688245963458734 -0.49795183636771084 0.7222388938140313 0.36099757894273704 0.5457203069828138 -0.2241452091978555
1403637169.638319016 4.583348870410427 4.7540474370133925 -0.49444722631312216 0.7124188375401931 0.37566099116484525 0.5457805737553247 -0.23121804632475118
1403637169.688318968 4.520454080380411 4.8221841872293645 -0.49286592581853483 0.7040560764599795 0.3881094433984756 0.5434823591650252 -0.24146019634946828
1403637169.738319159 4.457134693508625 4.8875729572590485 -0.49231515675658455 0.6963378710290874 0.4011323897321523 0.5394033982940384 -0.2514962210199069
1403637169.788318872 4.387048423806351 4.954503966473811 -0.4917920274518857 0.6891446083057268 0.41312736576696746 0.535105364922932 -0.2608979435110375
1403637169.838319063 4.310359378919618 5.013179103044906 -0.49094179127373927 0.6816101197622423 0.4244341904452549 0.5312211141349404 -0.27030980469826726
1403637169.888319016 4.237719426882268 5.078408588750116 -0.4951198521224576 0.6731947012510747 0.4373289945250112 0.5287728293943808 -0.275593068943107
1403637169.938319206 4.158902417966295 5.135913351184476 -0.4965015974192799 0.6649503087313945 0.4482883556305885 0.5262864600558228 -0.28266800152468086
1403637169.988318920 4.084296450521468 5.196617627966328 -0.5014965584677932 0.6564351233862522 0.45922334130451603 0.5245251126767265 -0.28823646153368493
1403637170.038319111 4.011503975513644 5.26116185733459 -0.5101172983290337 0.6492724577143555 0.46933822273419795 0.5212333510534142 -0.2940794145871031
1403637170.088319063 3.922961819524035 5.329873567230672 -0.5228931200831868 0.6425338897963572 0.47942137435563376 0.5170953611662615 -0.29986285821096914
1403637170.138319016 3.844018379974043 5.393336028269455 -0.5350086960651106 0.6351194579730352 0.48843097488528037 0.513735363223144 -0.30681335279064564
1403637170.188318968 3.7585712246957836 5.453146087798936 -0.5463044054704167 0.6275683747105478 0.4968345615795204 0.5103712221626779 -0.31437965753436026
1403637170.238319159 3.6734730652410557 5.510912618785475 -0.558214891526788 0.6197774734692486 0.5056950721010397 0.5070932625460891 -0.32094360955339535
1403637170.288318872 3.578661474575342 5.569271410401581 -0.5731066654448201 0.6112766511043215 0.5148888446818644 0.504377209340578 -0.3268546529188035
1403637170.338319063 3.4826900094337265 5.627718518200365 -0.5893521012930407 0.6031666996817112 0.5223775318606458 0.5002904535901865 -0.3361861220347707
1403637170.388319016 3.386164553328296 5.680654298157995 -0.6061169511106325 0.5962622315763988 0.5278929102545656 0.49338180179558516 -0.3498211316593667
1403637170.438319206 3.2801448801594906 5.737703003019276 -0.6216670688472629 0.5890939056426303 0.5314457195951187 0.48634004067607106 -0.36606991448893494
1403637170.488318920 3.1800417549634963 5.784527492303875 -0.6369960646562227 0.5814221607617484 0.5344188125091772 0.4783864089804628 -0.3840458924584378
1403637170.538319111 3.076777748396733 5.831024766273917 -0.6537789694115247 0.5721413791955707 0.5376168102631461 0.47166434473426266 -0.4014413449572296
1403637170.588319063 2.9690518640265555 5.883209222489495 -0.6725796055780245 0.5621522924417208 0.5406743322426716 0.465649861873717 -0.4181223178609911
1403637170.638319016 2.862215392729007 5.932387476890569 -0.6949186338976785 0.5518315974962491 0.5449402503793859 0.4591479823954579 -0.43324951446409066
1403637170.688318968 2.7573975843288214 5.973082643466957 -0.7160079265458785 0.5401141248948405 0.5496339618970336 0.4539116471862553 -0.44737395606708175
1403637170.738319159 2.6466718925320087 6.011665435324868 -0.7395233148658162 0.5283795091548578 0.5565857456207086 0.44782703216605263 -0.45877919671499556
1403637170.788318872 2.5453483305648494 6.045399058384405 -0.7636472298857119 0.5183062949966294 0.564043562340339 0.43876102499278435 -0.4697895351075503
1403637170.838319063 2.4373431002051253 6.077395605588297 -0.7873690235202501 0.5099431858963134 0.5751304856050838 0.4281530627264263 -0.47525553817242294
1403637170.888319016 2.333368595181479 6.103489117462142 -0.8062063541992738 0.5000373424503087 0.5862555718570843 0.4174290979767807 -0.48168455319228076
1403637170.938319206 2.2387055434548206 6.11526818656888 -0.8248007124294281 0.4900981105024834 0.5984116135824454 0.4063461254729505 -0.4864053958630298
1403637170.988318920 2.1280041503376723 6.1364010550718024 -0.8401707216814983 0.48068582765950163 0.6105998437807036 0.3946507883832619 -0.49026494989010805
1403637171.038319111 2.0255327435495056 6.14973616360575 -0.8533798649792298 0.47132531191939503 0.6206692006324377 0.3828336661756103 -0.4960449352356266
1403637171.088319063 1.9223754323121434 6.1617036371418195 -0.8678841534560854 -0.4629696668050085 -0.6301516856655962 -0.36972390361661467 0.5018686837866649
1403637171.138319016 1.8255129028694335 6.162959909556475 -0.8763482013708178 0.4544672288982934 0.6397392013574358 0.3594756099870487 -0.5049461138859235
1403637171.188318968 1.74406470960686 6.1558216320259245 -0.8767992255146551 -0.44664641565633406 -0.6468148474351255 -0.3509022659711356 0.5089254682712856
1403637171.238319159 1.6664045685050077 6.147135364963479 -0.87569114596033 -0.4400542489159787 -0.6508815750898078 -0.34331647184243 0.5146253330154579
1403637171.288318872 1.5764154789194642 6.144147210298776 -0.8781758481984867 -0.43280208364462 -0.6541005961557367 -0.33916971524785866 0.5194214769917316
1403637171.338319063 1.4973198405268575 6.134393388637857 -0.8725822421890351 -0.4259333834304791 -0.6571325021640689 -0.3371160221439338 0.522599670008416
1403637171.388319016 1.4141021228617665 6.116631886988318 -0.8709010783430978 -0.4185178356298421 -0.6606102773995572 -0.33830619245457577 0.5234365317788586
1403637171.438319206 1.3254893233828973 6.109680646353011 -0.8695646927037487 -0.41162268021613946 -0.6637728353420158 -0.34126866483887064 0.522980009744921
1403637171.488318920 1.2342861798233415 6.09538506631343 -0.8653989013626395 -0.4071898574823754 -0.6668014382449131 -0.342259958367238 0.5219486400178228
1403637171.538319111 1.166741861925522 6.0810063481201535 -0.8560656174232973 -0.4041980687035264 -0.6691633032550277 -0.3428609874039747 0.5208557748067412
1403637171.588319063 1.090837506301617 6.060579644337936 -0.8480068959899698 -0.40232611019981157 -0.6707747093417434 -0.34367936570632857 0.5196917201059532
1403637171.638319016 1.0128832697687686 6.034146308171591 -0.8431196304054487 -0.39978584073674056 -0.6721127329661212 -0.34651989901166247 0.5180344731001751
1403637171.688318968 0.9299995852729267 6.011363119479691 -0.8421249212839502 -0.3988809122564132 -0.6723148036666551 -0.34855739446757006 0.517102084089919
1403637171.738319159 0.8570866042893526 5.969617596696164 -0.8364355319210692 -0.39845597630305796 -0.671818973868835 -0.35105314731807225 0.5163853106511441
1403637171.788318872 0.7803237852083237 5.937968133391127 -0.8369692209833706 -0.3981916444139149 -0.6712369727601343 -0.35398897570154786 0.5153408054875164
1403637171.838319063 0.7073987838735922 5.9042496812441 -0.8352364044691587 -0.3980489436787638 -0.6703399799272827 -0.357478830420972 0.5142083581080382
1403637171.888319016 0.6363001164794544 5.8678073122199415 -0.8350885445911592 -0.398459236981145 -0.6690432662529051 -0.36014286943253565 0.5137202136795357
1403637171.938319206 0.5295995212638995 5.820801166642908 -0.8391966982469012 -0.3995578466968377 -0.6680273009672538 -0.3618220564969094 0.5130086273521527
1403637171.988318920 0.4529481005867719 5.773282301926788 -0.8423260190701736 -0.4002104493410609 -0.6663414305546642 -0.3642377464071927 0.5129829999686145
1403637172.038319111 0.36344770223974854 5.723882498143841 -0.8498259219164972 -0.40105905274958226 -0.6651086483206038 -0.36630338369715554 0.5124489762198396
1403637172.088319063 0.28375908053154164 5.667946748709937 -0.8541062714021512 -0.40210521347323314 -0.6636256445378487 -0.36815872983791814 0.5122221694279752
1403637172.138319016 0.2088736153196703 5.613521385873171 -0.8631460237130151 -0.4057408672640618 -0.6621656846513465 -0.3659990424736459 0.5127920198388378
1403637172.188318968 0.138412186316466 5.551633467740065 -0.8685815462878484 -0.4116727432335141 -0.6607662335945779 -0.36030258520664377 0.5139023098928804
1403637172.238319159 0.06671769680557668 5.48490232695954 -0.8710753805072786 -0.4206773314608337 -0.6611267558961031 -0.35014579057589224 0.5131665624095845
1403637172.288318872 0.0012810483136491244 5.414310300993357 -0.8751383072141827 -0.42987699895712517 -0.6610671744753227 -0.3389963343800706 0.5131056829501156
1403637172.338319063 -0.06664023200300091 5.336121079271677 -0.8729184693512761 -0.4383082554984805 -0.6608743036338653 -0.32948240932883954 0.5124181592227149
1403637172.388319016 -0.16445148145867677 5.264996469086921 -0.8735561637451177 -0.445862155033743 -0.659943668850201 -0.32085594934853046 0.5125746310742039
1403637172.438319206 -0.2263790082003817 5.194754175055803 -0.8730471065214033 -0.4523085289881212 -0.6586313227737338 -0.31405857019955624 0.5128245214009702
1403637172.488318920 -0.27966378594262803 5.126153601804969 -0.8651260397032859 -0.45897164385250444 -0.6572103432701427 -0.30673832469476264 0.5131580604467999
1403637172.538319111 -0.3309563839777943 5.057786187521073 -0.8558191118697657 -0.4632714789518384 -0.6555437696889365 -0.3027239083389285 0.5138094375659121
1403637172.588319063 -0.39015479897558136 4.979925466033422 -0.8477177532994965 -0.4667278655182708 -0.6541689328700316 -0.29980631262402824 0.5141442226916747
1403637172.638319016 -0.4370039808784076 4.910600131583826 -0.8315218185474439 -0.4698079759649169 -0.6529685381894851 -0.2972740123647594 0.5143352169810969
1403637172.688318968 -0.4676371023175505 4.857209089517212 -0.8175605155647048 -0.4733112266162456 -0.6523245222107994 -0.29412653525620125 0.5137497267538546
1403637172.738319159 -0.5173462627197359 4.788102874350444 -0.8045636223502409 -0.4762129718164639 -0.6519480615915392 -0.2925428868127821 0.5124486216549035
1403637172.788318872 -0.5555268181747401 4.7181708930315525 -0.7894969019977297 -0.48092848923243403 -0.6523356657637703 -0.2903313190583977 0.5087963173913093
1403637172.838319063 -0.6001376940011338 4.645034819188435 -0.7774853721373662 -0.4879597240128259 -0.6535967890410641 -0.2871082084463463 0.5022702676241817
1403637172.888319016 -0.6362906046962105 4.577637957728112 -0.7634370861370919 0.4966358832382954 0.6562903031033739 0.2833833058045692 -0.49226998641383163
1403637172.938319206 -0.6402985483997979 4.520531956353174 -0.7496014615358999 0.5058578391397069 0.6593879364282725 0.27939091062384086 -0.4808909595059485
1403637172.988318920 -0.6658197629240012 4.452285561946141 -0.7410354940024134 0.5145447359369895 0.6616509823854694 0.2757614333176891 -0.47055002297572035
1403637173.038319111 -0.6780822180553419 4.402078163825333 -0.7339249935784791 0.522795010940116 0.6633487166118712 0.271882533491496 -0.46123068489396185
1403637173.088319063 -0.701312552041186 4.34983864711401 -0.7349266032032313 0.5297742396162757 0.6628340367838921 0.2711324773064219 -0.4543979252477387
1403637173.138319016 -0.7224860571986237 4.302532897352433 -0.7391897716739984 0.5382890254496958 0.6604182033938687 0.2706043407258941 -0.4481807810323149
1403637173.188318968 -0.7611137809343155 4.247027014872766 -0.746700662289845 0.5470741788481638 0.6555783306891878 0.27185903773234554 -0.44386885312176216
1403637173.238319159 -0.7753549700734558 4.205863798749646 -0.7553855870613587 0.5550050403275093 0.6488093510401838 0.27684430171759083 -0.44087760639476237
1403637173.288318872 -0.7950217267451952 4.164372415455796 -0.7629928813476305 0.5623814801316698 0.6401165733341716 0.2840820883553641 -0.4396307660110763
1403637173.338319063 -0.7998574793128451 4.126737684816682 -0.7745130027237435 0.568511045144026 0.6307008299360841 0.2937313871756778 -0.4390142672568104
1403637173.388319016 -0.8315177397019147 4.081755806057606 -0.7849038042178643 0.5753152320152511 0.620863818772086 0.30228335244979676 -0.4383666013540405
1403637173.438319206 -0.8506284074042196 4.041395502550533 -0.8005623752268566 0.5818501699589258 0.611069633196147 0.3107658873577857 -0.4375715328480862
1403637173.488318920 -0.8739125058004727 4.008844766101582 -0.812285049767004 0.5889336678463394 0.6013534154677806 0.31879723962992484 -0.4357746259095781
1403637173.538319111 -0.8742898716428078 3.9849780820935634 -0.8218245730166829 0.596222120760835 0.5920425385587947 0.32529520767815656 -0.43380622761082566
1403637173.588319063 -0.8780928415699719 3.965247692871025 -0.8376416940706697 0.6046413749824044 0.582083456707764 0.3297755351052079 -0.4322450156249368
1403637173.638319016 -0.8953564267931386 3.941506703847146 -0.8522855090795728 0.6143916669828384 0.5716989132341339 0.3317101561472564 -0.43087307232840866
1403637173.688318968 -0.893196325283795 3.9253510474872506 -0.8681736027031663 0.6242305928122933 0.5619088100519293 0.3322661020603031 -0.4291781606802588
1403637173.738319159 -0.8933877971001911 3.9114698727011294 -0.8872184471229372 0.6343510183717948 0.552717294073942 0.33205853272784847 -0.4264264405086475
1403637173.788318872 -0.8846199586083522 3.9036002735748663 -0.9041517300796778 0.6442631570054917 0.5453139728307458 0.33136340324759056 -0.42161113665205824
1403637173.838319063 -0.875478143161022 3.894753923037278 -0.9243817262975477 0.6552208590812677 0.5384924548949397 0.32864282547105217 -0.4155783862431139
1403637173.888319016 -0.8684044269855753 3.8815578533942676 -0.9482331907675289 0.6645537614902034 0.5341632653036796 0.326704116723992 -0.40780181976657376
1403637173.938319206 -0.8428065339514144 3.8807034788770807 -0.968695579042462 0.6699083854247484 0.5340243074298298 0.3289945320025913 -0.3972447509081693
1403637173.988318920 -0.8138175258009465 3.881175788579806 -0.983054300653753 0.6705098643681634 0.5348808231451655 0.3375978846373085 -0.387745657751253
1403637174.038319111 -0.7872653992104017 3.884438375127836 -0.993152041225001 0.6653404667849989 0.537218741571475 0.3532849732447369 -0.3793518349001969
1403637174.088319063 -0.7466056324437247 3.903832706243519 -0.9959336470318116 0.658202814915794 0.5359777409830131 0.3705189050489044 -0.377110934088409
1403637174.138319016 -0.7002167449490131 3.9298348341041223 -0.9963047974229707 0.6485919473001701 0.5329725961002744 0.3897103613487114 -0.3786747046753507
1403637174.188318968 -0.6595609238975348 3.945798747811798 -0.9938267364006345 0.6400076324389031 0.5275937052002592 0.405562243297338 -0.38412807690227857
1403637174.238319159 -0.6223059843516144 3.954577904599851 -0.9908320881310902 0.6327182521988974 0.5214908613592721 0.41831710930941995 -0.39080134456287097
1403637174.288318872 -0.5809303912441025 3.9764804481452005 -0.9790221768592211 0.628186480033829 0.5154825471412753 0.42565373935924183 -0.3980934363499923
1403637174.338319063 -0.5437654674459595 3.9904695428398878 -0.9696564868749113 0.6272086248728094 0.5126166439690023 0.42681884722481034 -0.40206863700716683
1403637174.388319016 -0.5040303789124149 4.007755813335092 -0.957878200758366 0.6277402208509498 0.5090860752980785 0.425750728275156 -0.406829080126746
1403637174.438319206 -0.4542418032770505 4.023844586894064 -0.9455113426483605 0.6301542866403929 0.5040888747224324 0.4221086362533169 -0.41306692025648184
1403637174.488318920 -0.4074299017415604 4.0380761411173545 -0.9295207577568652 0.633908925318052 0.4963412774979979 0.41800805948243136 -0.42080170254111393
1403637174.538319111 -0.35454357470210063 4.049830809844443 -0.9129577573519937 0.6365556767768575 0.4911586461847707 0.41746469219741583 -0.42341856998674127
1403637174.588319063 -0.2999079170564779 4.055807090847564 -0.8966221267063453 0.6404039471716567 0.4854477087903013 0.4179792924628487 -0.42369401405904367
1403637174.638319016 -0.2515651364811052 4.061550496574735 -0.8787100926773169 0.6424578398377883 0.4822272485309056 0.4234467748196503 -0.41880500677536237
1403637174.688318968 -0.19854432162684185 4.065183448020211 -0.8631069687544008 0.643892982827506 0.47703281239129497 0.4329353719429821 -0.4128056277331267
1403637174.738319159 -0.13999752542511718 4.068450286054967 -0.8497347651313687 0.6457924145218147 0.471296116799055 0.4435261639466782 -0.40511315645256496
1403637174.788318872 -0.08308326807371302 4.0688775305517355 -0.8376216917871674 0.6476345751364718 0.4649928175331871 0.4547889561825857 -0.3968855528546029
1403637174.838319063 -0.01963972838023371 4.070023567221293 -0.8279319742974401 0.6535550894109069 0.4583883313929049 0.4615062428550872 -0.386985620603287
1403637174.888319016 0.04303811207192481 4.063444441105861 -0.8184930750412049 0.6631742619642302 0.4507550648749498 0.46303584829537536 -0.37764741883291164
1403637174.938319206 0.10427538433322128 4.058563647449405 -0.8127424527545697 0.6733110002676206 0.4423472826508232 0.46381222808674566 -0.3685910952902387
1403637174.988318920 0.1660235000194127 4.0519140701424785 -0.8050163096619435 0.6818425128158119 0.43431090416221174 0.46606053494195343 -0.35951690365328015
1403637175.038319111 0.22593763778489706 4.047513486419773 -0.7971281882528584 0.6888846969157536 0.42615474062029884 0.4687065927694382 -0.35234094467802113
1403637175.088319063 0.29089928712389074 4.039986587419523 -0.7910836134390179 0.692655767471151 0.4178797791622723 0.4740498396975666 -0.34767977714982606
1403637175.138319016 0.3550126882060187 4.034622222198633 -0.78143727213685 0.6946338804456933 0.40930386479377306 0.48015822720965556 -0.3455462273628808
1403637175.188318968 0.4182494691545912 4.029801080379976 -0.7792023647016927 0.6954219267550714 0.3999002019911923 0.4863345215091946 -0.34633351761573783
1403637175.238319159 0.4807492205006534 4.018048764599296 -0.7778316842772285 0.6951385919101376 0.3903523755557662 0.49292321541950107 -0.3484739081131635
1403637175.288318872 0.5371898338680725 4.004781296242545 -0.7765536307726744 0.6932639235784123 0.3826200208736512 0.5002801450189887 -0.35029534451815364
1403637175.338319063 0.60032796652561 3.9897904290750064 -0.7743125000073459 0.691117224586849 0.3769347790598394 0.5074832989759398 -0.3503396287532687
1403637175.388319016 0.6626912951745081 3.9729022157171965 -0.7684260075242079 0.6895491804260905 0.3731193540784411 0.5123052660919724 -0.35049563438112535
1403637175.438319206 0.7223832931367828 3.9525392343754806 -0.7718644590614784 0.6903506473817809 0.37083700762562455 0.5123371457244049 -0.35129267932281005
1403637175.488318920 0.7943861777040168 3.9295108562886414 -0.7748205027859957 0.6938454876641396 0.36878614296185513 0.5090584570723677 -0.35133275863564284
1403637175.538319111 0.856156138829959 3.8987231767106074 -0.7809615117269455 0.6986398798006032 0.3674851271515695 0.5034096182017186 -0.35133425107238525
1403637175.588319063 0.9191901368781429 3.8647046025203498 -0.7895487139115888 0.7034361591445457 0.3672935123481742 0.49725572602900586 -0.3507275135005484
1403637175.638319016 0.9847846695922317 3.820487182857339 -0.7960084137841251 0.7087953753578405 0.36887503279896067 0.4905377876939003 -0.34772547346042665
1403637175.688318968 1.0455581471432116 3.7806181091989037 -0.7994481717174023 0.7124028028449306 0.3703896343770188 0.4854860016374163 -0.3458281472911943
1403637175.738319159 1.1120110679212603 3.742915652967485 -0.8009955190970504 0.7146321277784746 0.37170801810395093 0.48158456633418273 -0.3452685573474075
1403637175.788318872 1.181978778384448 3.702087716764438 -0.8022592793373812 0.7152144891382916 0.3744300896807637 0.48016148873285225 -0.3430966149733321
1403637175.838319063 1.2471900210591915 3.660920689389615 -0.8026025049595572 0.7140616681947588 0.3779715023010435 0.48107753810681025 -0.3403202606256364
1403637175.888319016 1.3190170842355486 3.616816268355093 -0.7952629014353695 0.711722844718436 0.3825827442483709 0.48442063032056454 -0.33528747222213623
1403637175.938319206 1.4005217194957054 3.5733250817519915 -0.7894709855089698 0.7078342585588058 0.3866312674394756 0.48945375677102504 -0.33154478646388125
1403637175.988318920 1.4775812085737445 3.524196118039676 -0.7784041842124806 0.7035749032037509 0.3885892922421772 0.49476161095213805 -0.3304416224760456
1403637176.038319111 1.554265203628325 3.4715577256341574 -0.7668726577410387 0.6997481901773032 0.3873888095572005 0.499206083261915 -0.33328016293764323
1403637176.088319063 1.6273470276395663 3.4196085589232728 -0.7569302497346968 0.6954822600283418 0.38682318246810554 0.5036268553674647 -0.3362026800068608
1403637176.138319016 1.6920235094067557 3.3693964253340156 -0.7417767597210881 0.6912465187821839 0.38795508789721117 0.5082397233966311 -0.3366919714039748
1403637176.188318968 1.7634646532780158 3.317021948913236 -0.7252754730382133 0.6877245002983364 0.38823609676462734 0.5115561489614159 -0.3385528781713962
1403637176.238319159 1.8368662254554682 3.26023494641835 -0.7125709516209953 0.6850820739523645 0.3885305644849144 0.5147464089675825 -0.33873689917860894
1403637176.288318872 1.9063825685602291 3.206269734819799 -0.7062584887601836 0.6843465258616862 0.3875790411856338 0.5166457948586228 -0.3384219881000156
1403637176.338319063 1.9838701682780846 3.146429042632207 -0.700348261786868 0.6846934739212313 0.3857722441879617 0.5175306213936312 -0.3384326791309935
1403637176.388319016 2.0531431753062477 3.0825484026114025 -0.6958785675847164 0.685133304601722 0.385731530826072 0.5183527066339522 -0.33632426700634505
1403637176.438319206 2.1146266402282654 3.0188451261942157 -0.6883122576459931 0.6873791054128322 0.385568358772892 0.5170926252914986 -0.3338595857904622
1403637176.488318920 2.1780686383202466 2.950784600644111 -0.679009461024267 0.690382164533388 0.38633656458952526 0.516725290428497 -0.3272789330020236
1403637176.538319111 2.2348221776476573 2.8851395646587066 -0.6769286226351421 0.6941669063872539 0.3847190021767857 0.5161422354425642 -0.32205711951950505
1403637176.588319063 2.2994310552463206 2.8178474983985704 -0.6807266055062595 0.6987858227776639 0.3806824996632974 0.5150681001275257 -0.318565629919595
1403637176.638319016 2.3675778617984733 2.749850020859447 -0.6810419615096245 0.7042407860826142 0.3770484288171324 0.5130237487530224 -0.3141433283704581
1403637176.688318968 2.4356968292229744 2.6814263004546746 -0.6872877153005017 0.7091724371962548 0.3736500901237301 0.511393021687979 -0.30973737559502046
1403637176.738319159 2.513777549162433 2.604272603111817 -0.686099245673651 0.7143665556635144 0.3705166399505558 0.5087119613356903 -0.3059574873461873
1403637176.788318872 2.585772824249914 2.5246780994827094 -0.6829927910549537 0.7181973121514094 0.3681550127260526 0.5073528601448896 -0.3020721482129249
1403637176.838319063 2.6537343400981155 2.4488992109392553 -0.6867225419628125 0.7217932996853684 0.36602671327774655 0.5058719487766044 -0.29855058053428557
1403637176.888319016 2.7216081303449213 2.370664046265042 -0.6911343107763 0.7263562223788786 0.3651287484846048 0.5025148884810714 -0.2942217226793555
1403637176.938319206 2.7876157818047704 2.295286341989554 -0.6991595201297964 0.7299896641361862 0.3650342971206325 0.49978597197952374 -0.28996385014768083
1403637176.988318920 2.8519213036434885 2.224964703943487 -0.7070371693657272 0.7340620817837556 0.36610402051328667 0.49602910649919285 -0.2847381810662531
1403637177.038319111 2.917503254015206 2.1512779934167323 -0.715449680280603 0.7394425924060349 0.3669066425679811 0.4898250660467019 -0.28049166270618164
1403637177.088319063 2.980417829823655 2.077924172297594 -0.7267105450349134 0.7456445913360572 0.37008746487124944 0.4817143637665044 -0.2738625266397138
1403637177.138319016 3.026376763601846 2.0115498749438587 -0.7356900601814423 0.752124044444443 0.3717321233112785 0.4731138529966343 -0.2688641522585358
1403637177.188318968 3.0865135470211413 1.9426732022180777 -0.7443915829970851 0.7576127648550595 0.3733627542969398 0.4656225830133795 -0.2642324022909075
1403637177.238319159 3.156222347139026 1.8800654921543976 -0.7552990409799795 0.761894411923227 0.3749549027315997 0.4595079963177233 -0.2603423271728357
1403637177.288318872 3.2250478680975814 1.8136715205573792 -0.7659820399887933 0.7645647995230124 0.3755856810487193 0.4557668269561063 -0.25817177027682225
1403637177.338319063 3.2926286566494736 1.7531085935778494 -0.7785496339727062 0.766846584881605 0.3767964248214248 0.4523097405560958 -0.25570816978596733
1403637177.388319016 3.3687694698010993 1.6915957518105182 -0.793556859697634 0.7676860066538816 0.37814805409318086 0.4511750419289236 -0.2531863462230762
1403637177.438319206 3.446735899649751 1.6323761718413272 -0.8089974122437401 0.7669600158632126 0.38180652236814533 0.45218729559444576 -0.24803782624274281
1403637177.488318920 3.5289971296722227 1.5727685653880257 -0.8264010133930384 0.7662613602003169 0.38545191390512507 0.4540197977963084 -0.2411148546644019
1403637177.538319111 3.6102960508473716 1.5190514033523284 -0.8424254533917582 0.7653073010714331 0.3871722840808501 0.45723407935279364 -0.23524318065521005
1403637177.588319063 3.688144225311615 1.4780923126425543 -0.8580540125594218 0.7629440692399048 0.39077787274285314 0.46221631258196993 -0.22707946135516666
1403637177.638319016 3.753399285892276 1.4638681122859731 -0.8688430214758884 0.7591582270529087 0.3939527290794242 0.46861200370450357 -0.22109460312908755
1403637177.688318968 3.8319962692925076 1.4286320514184643 -0.876686064657778 0.7552086928278199 0.3958036999004984 0.47554385533766663 -0.2164654777856283
1403637177.738319159 3.9028830002030728 1.4147533169967925 -0.8860905641858388 0.7508947057113323 0.3975773192618387 0.4828695696484839 -0.21195847435464735
1403637177.788318872 3.982768495063782 1.3954484971434358 -0.8938164895483973 0.7479970916545677 0.3952799465511862 0.4894242332910374 -0.21146639117902388
1403637177.838319063 4.071695463224739 1.3657367527077564 -0.9012030688678256 0.7495752241700236 0.3898289329675659 0.49097505940608305 -0.212400276301659
1403637177.888319016 4.158873434773448 1.3423745432169707 -0.9080443633550884 0.7519347677104594 0.38303747741433264 0.49286162347211143 -0.21204673096446605
1403637177.938319206 4.2373410909816025 1.324533734525684 -0.913374007237775 0.7548099371915884 0.3756856484142361 0.4953610787788718 -0.2091402733177848
1403637177.988318920 4.300418684962214 1.3186798462345344 -0.9221912105970675 0.7572180915025053 0.3699283708350013 0.49912197013013604 -0.20162098424042316
1403637178.038319111 4.362487545267236 1.32176898400368 -0.9298430061543503 0.7580276024066428 0.3655365277143093 0.5055810287715636 -0.190171039442103
1403637178.088319063 4.4345167880298435 1.314079311747179 -0.9402090166148874 0.7573248383064011 0.36261232615531946 0.513709584045457 -0.1762777735968304
1403637178.138319016 4.503031255764274 1.3116723151561167 -0.9518542705129973 0.7585864909265672 0.35740217736699814 0.5189753362534645 -0.16575530084329002
1403637178.188318968 4.571404748552895 1.308874515406293 -0.9585014433118589 0.7600957186195615 0.35277970371966855 0.5230537304101012 -0.1556141840699381
1403637178.238319159 4.637687961179746 1.3136964791098498 -0.9630731764650483 0.7592099747599601 0.3491180368051581 0.5292082331752673 -0.14715793061131582
1403637178.288318872 4.7019496661454925 1.323048983649173 -0.9675925067470583 0.7572008339115098 0.3461601026923954 0.5358135255943531 -0.1404419674379919
1403637178.338319063 4.753438149950612 1.3479159777863343 -0.9739543801056116 0.7536055347314708 0.3438455790589786 0.5439575544857536 -0.13401154689640773
1403637178.388319016 4.8135629526603685 1.3702439546973202 -0.9740854230812689 0.7513990809527537 0.3434396616870262 0.5490356404347915 -0.1265246436707755
1403637178.438319206 4.863298622262246 1.3999979218337613 -0.9763533436516945 0.7488741533241049 0.342247576711532 0.5542432594757325 -0.12193649184680186
1403637178.488318920 4.910765256625699 1.4321254666841217 -0.9754114997338516 0.7487960218841554 0.3407526970750502 0.5559914170278898 -0.11859874045647333
1403637178.538319111 4.957157000886713 1.4650567904538199 -0.973382706177921 0.7492800301420173 0.3379784798871152 0.5570090080710242 -0.11870530102445428
1403637178.588319063 4.997979418482719 1.5051291556731212 -0.970669426501688 0.7499005053258645 0.33554548176992227 0.5575333895471816 -0.11922659651199774
1403637178.638319016 5.037164174894197 1.5482812256671417 -0.9691524025542699 0.7512325742398095 0.33017470817562034 0.5574616078006817 -0.12597951147092212
1403637178.688318968 5.079074649814765 1.5908048519935443 -0.9668375727674532 0.7520745949145875 0.3243490164691464 0.557664223465093 -0.1348782156859713
1403637178.738319159 5.118381552486688 1.6353264100903115 -0.9662608615906509 0.7514743426465987 0.3174618736774081 0.5598932119358225 -0.14499607695823982
1403637178.788318872 5.1564259284864145 1.6828022434214873 -0.9654686517497915 0.750339147823617 0.31107801468146323 0.5623224379936536 -0.15496808624372016
1403637178.838319063 5.186861388003484 1.7322491548961592 -0.9655707882027953 0.7490687524991634 0.30552025563916296 0.5646177664295186 -0.1635853149144792
1403637178.888319016 5.208002171073364 1.7917706633251735 -0.96695207624915 0.7494181434041094 0.299324454381243 0.5645836432949892 -0.17327038716949064
1403637178.938319206 5.229366193300305 1.8500977479155536 -0.9700877668254135 0.7495894734799887 0.29409846916459725 0.5645460328132085 -0.1814097255328433
1403637178.988318920 5.252561344443591 1.902179728405644 -0.9774932785442173 0.7485272572030622 0.2904694689022339 0.5658854194352939 -0.18737162253195286
1403637179.038319111 5.277064547635363 1.953825465137324 -0.9839499400674888 0.747637276033075 0.2875532654552874 0.5666779762277901 -0.19294479591380767
1403637179.088319063 5.299238198071365 2.0038695146208814 -0.9917902762470263 0.7485841719995575 0.2868623026038351 0.5652546798200182 -0.19447082999291057
1403637179.138319016 5.318870103056744 2.05564512170932 -1.0047537771569928 0.7512380363705673 0.2879088073621498 0.561288063279937 -0.19417940512025483
1403637179.188318968 5.334265036618872 2.10815076672832 -1.0163716597896206 0.752792119306962 0.2888492752728761 0.5586066274426332 -0.19449616207224799
1403637179.238319159 5.349002445107794 2.1602300472644465 -1.0283643199423727 0.7545315444437134 0.2918085500835988 0.5554751663566616 -0.19229471677228033
1403637179.288318872 5.352131313025012 2.207825291097589 -1.0286187921804961 0.7555777384622173 0.2941335234113911 0.5534478120315107 -0.19048168128052512
1403637179.338319063 5.365000924657536 2.2573209039136715 -1.0308423431505271 0.7554798763810887 0.29653818636251655 0.5530745209165071 -0.188212206631293
1403637179.388319016 5.372373906826036 2.309204673070675 -1.0266419450528916 0.7559151668704188 0.29850153890039643 0.5519404672744211 -0.18668372278872006
1403637179.438319206 5.3799329567075675 2.361412653722733 -1.0194275007670444 0.7560075367711567 0.2998816402078359 0.551376765959355 -0.1857613204401524
1403637179.488318920 5.382479849440133 2.4128687419345534 -1.0123908633341978 0.7564179232160766 0.29979041983333593 0.5506683673337515 -0.18633834503829416
1403637179.538319111 5.38322912358585 2.466939318047757 -1.0028271011801184 0.756346635456909 0.299695411177869 0.55061889309345 -0.1869258198336592
1403637179.588319063 5.380893366556964 2.5185460570110303 -0.9938872190134296 0.7556781861714836 0.2996128447349934 0.5516376993313015 -0.18675778669402227
1403637179.638319016 5.385337060261189 2.573124022699099 -0.9878268881485498 0.7555949523693457 0.29904025541696544 0.5517349417895262 -0.18772252822352026
1403637179.688318968 5.38768476164975 2.6303073209604553 -0.9860141189486832 0.7546978285056379 0.2989601971174381 0.5532383567750909 -0.18703290828400862
1403637179.738319159 5.387722669917606 2.685005753946535 -0.9898179885086799 0.7536541703651324 0.29991104200653784 0.555122035850596 -0.18411486546959344
1403637179.788318872 5.3861176080181234 2.7402169602091853 -1.0036868012214997 0.7522592663880715 0.3026089051698571 0.5574305382966334 -0.17833968044018314
1403637179.838319063 5.387123266513297 2.7941887451433094 -1.0234698400677373 0.749035813104472 0.30672732870126684 0.5617757716866515 -0.1710896807542028
1403637179.888319016 5.387888150193756 2.849284064870026 -1.0455541805936412 0.7452851425850856 0.3107266710295329 0.5666443173746158 -0.1640524603286665
1403637179.938319206 5.381974387054032 2.9052840086226266 -1.0715794403507084 0.7420832444928263 0.31312282513175527 0.5707708631866493 -0.15964703680831666
1403637179.988318920 5.372384867697041 2.9621655334710635 -1.1001534431908833 0.7410268750051379 0.31370056663280804 0.5721464837618835 -0.15849140712760412
1403637180.038319111 5.354935386211403 3.0193138488157563 -1.1287172598793576 0.7432306508268497 0.3109278906460992 0.5698374228720952 -0.16191775067716968
1403637180.088319063 5.336735981585549 3.0783454136933464 -1.1610669959101567 0.7456893922704411 0.308075843843333 0.5667085511820031 -0.16696713063580373
1403637180.138319016 5.318769871604183 3.1522980322817302 -1.189335891418669 0.748427237841324 0.30390831588517536 0.5633205163589518 -0.1736847749289698
1403637180.188318968 5.299478432903621 3.212322281294301 -1.2145760093853686 0.7517730330621734 0.30012050602347673 0.558850707212352 -0.1801412658803272
1403637180.238319159 5.277790117518919 3.2708663340828035 -1.2392711022551286 0.7536595495943892 0.29735508301489094 0.5560211914918373 -0.18552000572010446
1403637180.288318872 5.249468468863537 3.333219100755123 -1.2594008756822324 0.7561461502985423 0.2948833840200971 0.5523316580484233 -0.19030640749861696
1403637180.338319063 5.220929487845207 3.3954612144923995 -1.2778846489662024 0.7574988309430045 0.2933647269427484 0.5501668173245395 -0.19351778011535578
1403637180.388319016 5.18940911989797 3.4597799988583233 -1.295810712039799 0.7620571817099218 0.2926680204529566 0.5436325119700143 -0.19513578230978346
1403637180.438319206 5.158617947146055 3.519348136166576 -1.3105675987590202 0.7672758674439865 0.2936327560486557 0.5361335125642175 -0.1939804230300139
1403637180.488318920 5.129388472071714 3.584479305380901 -1.3249743739677695 0.7736246487857973 0.29463688521347176 0.5270846850211032 -0.19203057954127958
1403637180.538319111 5.093886409151432 3.639656294023696 -1.3320828679597223 0.77807551665214 0.29543749934988767 0.5208216286599994 -0.18989472210763578
1403637265.488318920 -0.07386486933843049 -0.11699000860586563 0.014894690581633951 -0.005653039667247783 -0.7989244429609402 0.03681884559770212 0.600276728010444
