1413393216855760640.000000 -0.301860482 -0.283313483 -0.006714033 -0.585556567 -0.550212204 -0.433271885 0.408246845
1413393218905760512.000000 -0.746796012 -0.675396442 0.229511604 -0.606051266 -0.553906262 -0.415690839 0.391268283
1413393219255760384.000000 -0.833044469 -0.749871731 0.249006540 -0.612341046 -0.555337191 -0.404377252 0.391303033
1413393219705760512.000000 -0.899795175 -0.752478838 0.277877837 -0.603486896 -0.551793218 -0.412206233 0.401763320
1413393221605760512.000000 -1.019059062 -0.726952195 0.676939845 -0.605079472 -0.556717217 -0.419410735 0.384759039
1413393221855760640.000000 -1.014448762 -0.697501957 0.714008093 -0.595950365 -0.553399742 -0.428906232 0.393231988
1413393222155760640.000000 -1.017614007 -0.660828412 0.731473386 -0.592878044 -0.552378476 -0.427870512 0.400375485
1413393223055760384.000000 -1.046721101 -0.480930865 0.701969028 -0.601251006 -0.570765436 -0.400885344 0.389891058
1413393223355760640.000000 -1.053839445 -0.345851362 0.764505208 -0.591907620 -0.571825266 -0.409423858 0.393742770
1413393223605760512.000000 -1.065791130 -0.216558009 0.728345037 -0.585467339 -0.566450655 -0.419969529 0.399984092
1413393224055760384.000000 -1.113675356 0.008433077 0.641857028 -0.591934323 -0.556209803 -0.429322749 0.394875288
1413393224255760384.000000 -1.149305105 0.103621386 0.621161282 -0.592370152 -0.552482843 -0.433685988 0.394685656
1413393224355760640.000000 -1.169895768 0.148651123 0.595719874 -0.591775537 -0.550927937 -0.435695022 0.395537645
1413393224755760384.000000 -1.255532742 0.312465429 0.424139172 -0.626036048 -0.512408912 -0.440746903 0.388919294
1413393224955760384.000000 -1.290719986 0.368769765 0.355466694 -0.646640658 -0.493569046 -0.445339531 0.374056369
1413393225255760384.000000 -1.326411366 0.449254930 0.327842355 -0.655437052 -0.487460077 -0.451682776 0.358842194
1413393225505760512.000000 -1.342482924 0.524677515 0.320913434 -0.672321439 -0.467245936 -0.456498116 0.348245114
1413393227005760512.000000 -1.129857540 0.921151876 0.223055825 -0.761445940 -0.302980036 -0.535730243 0.203461096
1413393227355760640.000000 -1.058495641 1.054464698 0.207604617 -0.760664046 -0.295062482 -0.534951270 0.219443843
1413393227605760512.000000 -1.006534457 1.148187399 0.220798612 -0.763857305 -0.286340743 -0.533765852 0.222766787
1413393228355760640.000000 -0.792943776 1.335215688 0.195985854 -0.799623251 -0.169359639 -0.559583545 0.137062803
1413393228755760384.000000 -0.652877867 1.395453811 0.197535113 -0.808761537 -0.117098562 -0.568389177 0.095532246
1413393229205760512.000000 -0.470999748 1.466474652 0.179808021 -0.813195586 -0.117872193 -0.565006793 0.074742801
1413393229505760512.000000 -0.334171891 1.537201881 0.139023185 -0.805955350 -0.118517056 -0.574037731 0.082888551
1413393229855760640.000000 -0.171146676 1.628705144 0.098923087 -0.819149196 -0.112522438 -0.553436220 0.100208201
1413393230255760384.000000 0.068046249 1.723177075 0.096194528 -0.811543822 -0.134192869 -0.562648654 0.082555838
1413393230455760384.000000 0.198489547 1.783405542 0.083722159 -0.809218168 -0.129678085 -0.565468192 0.092711098
1413393230555760384.000000 0.264171243 1.814284921 0.076633304 -0.811267138 -0.119494669 -0.564339757 0.095327929
1413393230905760512.000000 0.507554293 1.901664734 0.081589371 -0.819312096 -0.056311104 -0.566662967 0.066707171
1413393231105760512.000000 0.658955157 1.936962962 0.101312935 -0.819777668 -0.036764685 -0.571074724 0.022058316
1413393231205760512.000000 0.737166464 1.957654834 0.112763196 -0.819564164 -0.030540086 -0.572110653 0.008447798
1413393231405760512.000000 0.894447386 2.010981560 0.124894470 -0.818063438 -0.016247779 -0.574869812 0.005748239
1413393231855760640.000000 1.215448737 2.130616188 0.062742695 0.800858378 -0.019521082 0.598087013 -0.023168521
1413393232005760512.000000 1.299647212 2.150100231 0.045797646 0.809471607 -0.044344760 0.585154653 -0.019581623
1413393232105760512.000000 1.352784276 2.153144836 0.040305492 0.812403858 -0.058855798 0.580064535 -0.007824370
1413393232355760640.000000 1.476975441 2.131194592 0.025761463 0.809413970 -0.096773542 0.578230321 0.033669308
1413393232505760512.000000 1.549986839 2.104844332 0.001265474 0.808887601 -0.123766690 0.572384536 0.052522533
1413393232655760640.000000 1.622722983 2.071178198 -0.035545435 0.806728482 -0.143059984 0.569687009 0.064650752
1413393232905760512.000000 1.741690397 1.992546320 -0.094201595 0.805111110 -0.153287470 0.567900300 0.076081105
1413393233255760384.000000 1.923115492 1.855301380 -0.111056387 0.806947589 -0.143266499 0.565081120 0.094834782
1413393233355760640.000000 1.977097392 1.814083457 -0.096867986 0.800627947 -0.145844236 0.572034240 0.102475412
1413393233455760384.000000 2.029456854 1.772462368 -0.076308012 0.792065620 -0.155782923 0.580068588 0.109014623
1413393233555760384.000000 2.078269720 1.731333971 -0.047845267 0.787154078 -0.167802036 0.581550002 0.118450679
1413393233655760640.000000 2.122875214 1.691089272 -0.014698226 0.788026750 -0.181398526 0.573249757 0.132262081
1413393233755760384.000000 2.165300846 1.652966976 0.026089059 0.788142741 -0.196479723 0.564052582 0.148564920
1413393233855760640.000000 2.208686113 1.619874477 0.071268938 0.780599773 -0.208726928 0.566699624 0.161085889
1413393233955760384.000000 2.253686190 1.592317700 0.117241479 0.771927118 -0.222006589 0.571131170 0.169265404
1413393234055760384.000000 2.295132637 1.567409992 0.162402660 0.766509473 -0.241625994 0.569695354 0.171835110
1413393234155760640.000000 2.332127333 1.545257449 0.203821421 0.764169812 -0.260916740 0.562971771 0.176152736
1413393234255760384.000000 2.365865231 1.524447083 0.237374485 0.754988372 -0.278622508 0.566267788 0.178053245
1413393236105760512.000000 2.219931364 1.249547482 0.275870055 0.636793017 -0.496072710 0.480377287 0.342992991
1413393236455760384.000000 2.264605522 1.232889891 0.294937581 0.608626127 -0.540546954 0.435259819 0.384619653
1413393237305760256.000000 2.318858147 1.104200959 0.356525183 0.559575856 -0.585019648 0.387225479 0.441229403
1413393237805760256.000000 2.392335415 1.000905275 0.309853137 0.549153686 -0.597503722 0.421630979 0.404532909
1413393238305760256.000000 2.428074837 0.895681798 0.294125110 0.575514734 -0.591279328 0.381166548 0.416993707
1413393238555760384.000000 2.467236042 0.796886861 0.340863168 0.557235181 -0.601769686 0.397444546 0.411582470
1413393238855760640.000000 2.503104687 0.663378239 0.341498584 0.533724189 -0.612672031 0.422773182 0.401290715
1413393239305760256.000000 2.480488300 0.458772600 0.362333357 0.556356847 -0.589926124 0.384863675 0.440833598
1413393239505760512.000000 2.470332146 0.357985258 0.381947070 0.559483409 -0.594693303 0.379973352 0.434670508
1413393239605760512.000000 2.479699135 0.301289886 0.388585120 0.557378888 -0.597721219 0.383555084 0.430050761
1413393239955760384.000000 2.508043289 0.105367668 0.421403408 0.543106198 -0.612773120 0.405110180 0.406731457
1413393240155760640.000000 2.503741980 -0.011648057 0.443059593 0.553396285 -0.597759962 0.392345220 0.427201182
1413393240555760384.000000 2.507032156 -0.235411629 0.412372559 0.546738923 -0.601662397 0.405371875 0.418034256
1413393243305760256.000000 2.370900869 -1.069490910 0.290643245 0.599349320 -0.544816315 0.430572033 0.398200095
1413393244655760640.000000 2.339669466 -1.053221703 0.205420330 0.644146800 -0.481746972 0.478112966 0.352707684
1413393245155760640.000000 2.352633476 -0.928573787 0.238935009 0.652909875 -0.487174451 0.473890275 0.334361911
1413393246955760384.000000 2.367109537 -0.661868930 0.026737750 0.674357235 -0.442254007 0.486538231 0.336057037
1413393247205760512.000000 2.387142897 -0.618418753 -0.020014966 0.678715050 -0.440378159 0.488496840 0.326778054
1413393247405760512.000000 2.407276392 -0.580052376 -0.073614061 0.690388978 -0.453345358 0.477202415 0.300198168
1413393247655760640.000000 2.434266806 -0.562528849 -0.131430313 0.693986177 -0.461578369 0.477623463 0.277857095
1413393248655760640.000000 2.333214998 -0.758936346 -0.176866382 0.665025711 -0.424395651 0.523345053 0.322085708
1413393249305760256.000000 2.149797201 -0.736414671 -0.134180352 0.681859732 -0.458524704 0.471542478 0.320109576
1413393249805760256.000000 2.115598679 -0.753041267 -0.177023351 0.685500085 -0.436820328 0.472525388 0.340583920
1413393250205760512.000000 2.183179617 -0.737367094 -0.247295752 0.686816037 -0.448989987 0.470936894 0.323898345
1413393251005760512.000000 2.364893436 -0.687554479 -0.316248089 0.670980096 -0.470030904 0.481743097 0.311095327
1413393251905760512.000000 2.367600203 -0.630542040 -0.225801453 0.526292980 -0.604195058 0.403050363 0.442170292
1413393252405760512.000000 2.358541965 -0.514828146 -0.134137377 0.456637204 -0.675749779 0.330412924 0.475049555
1413393252905760512.000000 2.344433069 -0.452236891 -0.132071629 0.409647107 -0.703586459 0.293825030 0.500821590
1413393253405760512.000000 2.347659588 -0.456531435 -0.117991112 0.398473620 -0.728516161 0.269830495 0.487518698
1413393254405760512.000000 2.275363684 -0.732933044 0.061808579 0.338169575 -0.741300523 0.239084587 0.528160393
1413393254705760512.000000 2.251321316 -0.842283189 0.135166690 0.325499266 -0.753517210 0.222014681 0.526280940
1413393255105760512.000000 2.227327585 -1.024066806 0.222905412 0.314311981 -0.743407309 0.244749397 0.537262738
1413393255605760512.000000 2.186953545 -1.185929060 0.284348607 0.305590749 -0.747512996 0.259252876 0.529742002
1413393256105760512.000000 2.091576576 -1.260920882 0.301978767 0.314444333 -0.757643104 0.217819467 0.528825462
1413393256605760512.000000 1.969879270 -1.386098146 0.306042880 0.307048738 -0.764707208 0.228451669 0.518414676
1413393257005760512.000000 1.838398099 -1.529723287 0.300094068 0.322195977 -0.753648341 0.230040893 0.524676263
1413393257505760512.000000 1.667222619 -1.744275331 0.237527460 0.317138940 -0.754175782 0.238680497 0.523138046
1413393258005760512.000000 1.470267415 -1.956720710 0.175114676 0.315714478 -0.753219485 0.220428690 0.533287942
1413393258505760512.000000 1.305420041 -2.198178291 0.151058003 0.341128588 -0.722498894 0.266059816 0.539294839
1413393260255760384.000000 1.104704261 -2.916389942 0.241036147 0.689814806 -0.434606284 0.494989902 0.300429553
1413393260455760384.000000 1.079580784 -3.005339861 0.250543416 0.696782768 -0.380470812 0.524700940 0.307286233
1413393260955760384.000000 1.038967490 -3.036453009 0.204018563 0.727121353 -0.357006788 0.508896470 0.291316241
1413393261455760384.000000 1.113844156 -2.927535534 0.197819442 0.733868062 -0.369189978 0.507307708 0.260336876
1413393262705760512.000000 1.411787987 -3.062256336 0.262021005 0.777143300 -0.248882994 0.551193118 0.174045041
1413393264655760640.000000 1.757084370 -3.447663546 -0.098914981 0.793297410 -0.211919680 0.552750647 0.142253399
1413393265255760384.000000 1.883242726 -3.498918772 -0.165910661 0.775139809 -0.199998483 0.579416037 0.153088316
1413393265555760384.000000 1.924395800 -3.498051405 -0.185261160 0.773504376 -0.215843990 0.581386089 0.130739123
1413393265955760384.000000 1.932932615 -3.480608225 -0.169340342 0.798958123 -0.153288439 0.569971919 0.115328588
1413393268455760384.000000 1.845793724 -3.517746687 -0.028130826 -0.799194217 -0.181293547 -0.562440276 0.109919257
1413393269455760384.000000 1.847402215 -3.464660645 0.029943019 -0.777682185 -0.190218449 -0.580749631 0.147503629
1413393269755760384.000000 1.810984492 -3.448359251 -0.039015800 -0.783947766 -0.199440151 -0.563505411 0.167664036
1413393270105760512.000000 1.772451401 -3.463960886 -0.152586818 -0.791351616 -0.217851907 -0.550986946 0.150720477
1413393270255760384.000000 1.764873624 -3.466221094 -0.193521053 -0.793106496 -0.218512595 -0.547657728 0.152660385
1413393270455760384.000000 1.765275717 -3.464820147 -0.239721105 -0.794334531 -0.211688071 -0.547716022 0.155653477
1413393270705760512.000000 1.771528959 -3.473245382 -0.283403218 -0.800229847 -0.189766333 -0.553260982 0.132375300
1413393272205760512.000000 1.796186686 -3.183379650 -0.234679669 -0.809357703 -0.060966212 -0.583105981 0.034795683
1413393272555760384.000000 1.762436152 -3.075578213 -0.193785906 -0.809768319 -0.010232675 -0.586603582 0.008177994
1413393273405760512.000000 1.656829000 -2.796072960 -0.073576994 0.803906977 -0.159047619 0.562524259 0.109562561
1413393273505760512.000000 1.649899721 -2.761797190 -0.059728891 0.799247384 -0.180330530 0.558976471 0.127396390
1413393273605760512.000000 1.645764470 -2.727990389 -0.043371394 0.789716423 -0.200139910 0.561676562 0.144261822
1413393273805760256.000000 1.639023066 -2.659526348 -0.007869018 0.772466063 -0.239099652 0.562129974 0.173601449
1413393274005760512.000000 1.629251003 -2.590749741 0.026246302 0.762431979 -0.283342302 0.549384654 0.191288128
1413393274505760512.000000 1.595812559 -2.461176872 0.126769632 0.724439502 -0.374101043 0.524032176 0.246223763
1413393275005760512.000000 1.545885801 -2.395115376 0.113418609 0.673301220 -0.443171591 0.496174335 0.322607309
1413393276505760512.000000 1.225065470 -2.176022768 0.191066012 0.575046837 -0.572407246 0.406366944 0.420163095
1413393277505760512.000000 1.069355011 -2.288667202 0.131930113 0.573956907 -0.574141979 0.414911509 0.410832077
1413393278005760512.000000 0.991279483 -2.376790762 0.078289032 0.523551881 -0.596572042 0.425524384 0.434654176
1413393278505760512.000000 0.838268697 -2.400809288 0.104452640 0.464223802 -0.680817068 0.368465334 0.430369228
1413393278605760512.000000 0.802213252 -2.392034531 0.168980584 0.457115650 -0.689433455 0.365537047 0.426742911
1413393278755760384.000000 0.730042517 -2.382817984 0.270132333 0.461720496 -0.682899952 0.353094161 0.442477614
1413393278855760640.000000 0.673091650 -2.379496098 0.341783583 0.469298810 -0.670175970 0.342674166 0.461732864
1413393278955760384.000000 0.615288317 -2.377455473 0.414662421 0.475359291 -0.662470460 0.335847378 0.471564382
1413393279055760384.000000 0.559672534 -2.377046108 0.489665508 0.480208278 -0.658990741 0.332476854 0.473909736
1413393279155760640.000000 0.506779850 -2.378615618 0.562768281 0.483771861 -0.658098996 0.331158310 0.472445518
1413393279255760384.000000 0.456978619 -2.382543087 0.625424683 0.488557667 -0.658078074 0.329065740 0.468999296
1413393279355760640.000000 0.410242558 -2.389114380 0.678923726 0.493305594 -0.660388768 0.326952875 0.462210000
1413393279455760384.000000 0.366016805 -2.399192095 0.732984662 0.498293906 -0.661857307 0.324556559 0.456411242
1413393279555760384.000000 0.323816925 -2.415014982 0.790963054 0.500037014 -0.659460008 0.326849788 0.456338346
1413393279605760512.000000 0.303545505 -2.425006628 0.821588218 0.500527740 -0.656396747 0.328884751 0.458748549
1413393279705760512.000000 0.264993548 -2.448337555 0.883034647 0.500578940 -0.650559425 0.333759606 0.463462740
1413393279755760384.000000 0.246480823 -2.460671186 0.907169163 0.499965519 -0.648373365 0.336184800 0.465431273
1413393279855760640.000000 0.227240950 -2.503886700 0.930480480 0.488287032 -0.644224226 0.349097878 0.474005967
1413393280105760512.000000 0.173944443 -2.594756842 0.760047019 0.483545929 -0.644361675 0.359134793 0.471172571
1413393280255760384.000000 0.143435583 -2.630212545 0.696175873 0.479589075 -0.646587789 0.371345133 0.462624580
1413393280305760256.000000 0.132348701 -2.642868519 0.734889686 0.479893416 -0.645441294 0.375025988 0.460937411
1413393280605760512.000000 0.044961177 -2.680437565 0.711926103 0.477034032 -0.648380220 0.392876536 0.444623053
1413393280955760384.000000 -0.105676860 -2.678345442 0.662978411 0.484416962 -0.656970024 0.391717136 0.424603820
1413393281105760512.000000 -0.230874270 -2.669697285 0.634733617 0.497008055 -0.649044216 0.374445111 0.437624782
1413393281205760512.000000 -0.300208330 -2.670134068 0.630238354 0.505937278 -0.640792549 0.366683573 0.446044475
1413393281505760512.000000 -0.479223490 -2.691055059 0.665595531 0.509347439 -0.637053668 0.352774590 0.458560765
1413393281955760384.000000 -0.701873064 -2.737687588 0.728414834 0.484807789 -0.636873245 0.363469988 0.476700693
1413393282005760512.000000 -0.721940875 -2.741097450 0.735838234 0.483708441 -0.640354037 0.362246394 0.474078476
1413393282255760384.000000 -0.817601085 -2.752694368 0.777598262 0.477563083 -0.660137236 0.363639444 0.451573610
1413393282555760384.000000 -0.944999933 -2.768563509 0.838579059 0.487625718 -0.645890951 0.350686103 0.471238077
1413393282755760384.000000 -1.020537376 -2.782162189 0.845247447 0.490996659 -0.635692835 0.352628559 0.480072945
1413393282955760384.000000 -1.075039148 -2.790989637 0.843934715 0.504995346 -0.627246737 0.370874107 0.462594628
1413393283055760384.000000 -1.097281456 -2.793614626 0.844828725 0.522360861 -0.622342229 0.373464614 0.447608650
1413393283455760384.000000 -1.154277086 -2.818889618 0.863717854 0.594405532 -0.565570891 0.402862698 0.405602515
1413393283805760256.000000 -1.155299783 -2.873896122 0.815934241 0.639900386 -0.504084885 0.450784266 0.364992529
1413393284005760512.000000 -1.139598489 -2.907637596 0.771436810 0.669815719 -0.464295000 0.468894780 0.340462506
1413393284305760256.000000 -1.091390491 -2.953822374 0.729317367 0.712568164 -0.400226414 0.495290577 0.294538170
1413393284505760512.000000 -1.039511681 -2.975246191 0.715902030 0.732983530 -0.351068199 0.519719541 0.263396800
1413393284655760640.000000 -0.994492888 -2.984514713 0.711651921 0.750199914 -0.316563994 0.532263994 0.231694624
1413393284805760256.000000 -0.946486652 -2.990169525 0.708381593 0.767477632 -0.286700457 0.541651726 0.188134179
1413393285055760384.000000 -0.862051070 -3.006935120 0.702419519 0.791361749 -0.221493900 0.554839671 0.129768729
1413393285205760512.000000 -0.814062953 -3.025069952 0.690427840 0.798293173 -0.178744718 0.566626728 0.098552056
1413393285705760512.000000 -0.657686770 -3.141602993 0.672337055 0.810506523 -0.034948658 0.584465384 0.016060982
1413393286305760256.000000 -0.505083501 -3.305306196 0.702165782 -0.811348617 -0.030658744 -0.582620919 0.036418732
1413393286605760512.000000 -0.444588900 -3.395794630 0.662395418 -0.810784280 -0.021926897 -0.584440589 0.024028582
1413393286905760512.000000 -0.394278258 -3.482886791 0.642928421 -0.814246655 -0.030297318 -0.579714775 -0.003917013
1413393287155760640.000000 -0.351613730 -3.516033649 0.652737319 -0.813451767 -0.060682468 -0.578450143 0.003056702
1413393287605760512.000000 -0.276449561 -3.472092628 0.698849618 -0.804803371 -0.137586683 -0.567673147 0.105397500
1413393287855760640.000000 -0.236000687 -3.442129135 0.735430121 -0.791077971 -0.196541056 -0.557237983 0.158281952
1413393290455760384.000000 0.442318499 -3.460736752 0.595042229 -0.763762116 -0.292421490 -0.535749555 0.210070461
1413393291205760512.000000 0.590146124 -3.412308693 0.403102815 -0.754592299 -0.291185081 -0.535427153 0.243145257
1413393291555760384.000000 0.687337577 -3.418389797 0.315223128 -0.753465116 -0.307405561 -0.535654962 0.225534558
1413393291955760384.000000 0.790265024 -3.429364204 0.296037227 -0.745843291 -0.330495626 -0.532450855 0.225801840
1413393292205760512.000000 0.836254835 -3.421874523 0.359256625 -0.731254160 -0.338876486 -0.543249309 0.235181645
1413393292455760384.000000 0.850134194 -3.416233301 0.418803155 -0.722635448 -0.344111264 -0.545974672 0.247582570
1413393292955760384.000000 0.782641113 -3.423100233 0.523443282 -0.716774404 -0.366167814 -0.535923243 0.254837155
1413393293355760640.000000 0.645131767 -3.429091215 0.604372382 -0.718410373 -0.369267493 -0.520465314 0.276846647
1413393294355760640.000000 0.197173953 -3.486099720 0.618835270 -0.712200224 -0.382975250 -0.524263382 0.266924441
1413393294755760384.000000 -0.055313684 -3.481777191 0.639070213 -0.725797296 -0.373796821 -0.513415515 0.264383942
1413393295155760640.000000 -0.306612849 -3.457679749 0.662673473 -0.727413714 -0.376060039 -0.514056623 0.255331099
1413393295405760512.000000 -0.456991285 -3.428180933 0.682444274 -0.732791662 -0.366282344 -0.507048845 0.267871410
1413393295855760640.000000 -0.672369659 -3.374398470 0.670815349 -0.733825803 -0.363763124 -0.503893912 0.274348348
1413393296205760512.000000 -0.793876827 -3.329879522 0.648326635 -0.724865019 -0.384698242 -0.515205383 0.247267753
1413393296455760384.000000 -0.891120851 -3.263319731 0.652366936 -0.731678724 -0.377376705 -0.507918417 0.253479689
1413393296655760640.000000 -0.967731774 -3.199016571 0.624521255 -0.742520094 -0.355340093 -0.506455123 0.256710947
1413393296955760384.000000 -1.057412624 -3.095541239 0.560114205 -0.751690567 -0.331170380 -0.513669729 0.247852668
1413393297355760640.000000 -1.121789336 -2.952643633 0.505443096 -0.758864403 -0.309518903 -0.521359980 0.237711370
1413393297755760384.000000 -1.133314490 -2.812401295 0.465279579 -0.757163346 -0.304288656 -0.525578856 0.240580425
1413393298255760384.000000 -1.075595260 -2.680575609 0.419005215 -0.757212877 -0.313869804 -0.520405114 0.239359349
1413393298705760512.000000 -0.975010157 -2.555526733 0.384678990 -0.746571541 -0.332359850 -0.529448986 0.227709562
1413393299105760512.000000 -0.896384239 -2.404089928 0.375934392 -0.752074718 -0.316687912 -0.524336994 0.243234739
1413393299655760640.000000 -0.816235900 -2.222686768 0.395254612 -0.740440011 -0.302864641 -0.548382342 0.243512824
1413393300155760640.000000 -0.834406912 -2.130170584 0.435251236 -0.744015276 -0.323864639 -0.541177928 0.220634520
1413393300455760384.000000 -0.874765873 -2.062904119 0.465599984 -0.744443834 -0.328909189 -0.515323162 0.268447846
1413393300705760512.000000 -0.895539820 -2.015092373 0.496711135 -0.722027719 -0.374820679 -0.498425275 0.299595773
1413393301055760384.000000 -0.899012327 -1.969793797 0.501839638 -0.679572701 -0.430793941 -0.500786304 0.319077879
1413393301355760640.000000 -0.920094311 -1.948608518 0.422314793 -0.654469669 -0.459038615 -0.490904242 0.346361130
1413393301655760640.000000 -0.972419500 -1.959516406 0.358103395 -0.628889859 -0.512525439 -0.454254359 0.368060112
1413393301855760640.000000 -1.018777490 -1.973051667 0.333454400 -0.612096548 -0.540782750 -0.438805073 0.374622405
1413393302205760512.000000 -1.126891375 -1.983757019 0.310845971 -0.601065278 -0.550831974 -0.433443725 0.383967698
1413393302505760512.000000 -1.246891737 -1.982216954 0.316914737 -0.612162054 -0.537367463 -0.428944319 0.390513420
1413393302855760640.000000 -1.380098104 -1.973086596 0.357336372 -0.628260255 -0.522746027 -0.423154771 0.391108215
1413393303255760384.000000 -1.482624769 -1.948154926 0.433810413 -0.625996172 -0.524780750 -0.426759243 0.388085723
1413393303655760640.000000 -1.566277504 -1.909643888 0.529393077 -0.618398368 -0.531962633 -0.442171127 0.372939527
1413393303905760512.000000 -1.631051540 -1.880682945 0.606789291 -0.624299645 -0.525234044 -0.438519329 0.376934975
1413393304205760512.000000 -1.686596513 -1.835204720 0.671156049 -0.637290299 -0.523419738 -0.420774698 0.377943903
1413393304655760640.000000 -1.762877226 -1.774498463 0.614245355 -0.620713234 -0.540396392 -0.434814692 0.365544796
1413393304955760384.000000 -1.813721657 -1.700121522 0.602449536 -0.616018414 -0.542226493 -0.431557775 0.374526083
1413393305055760384.000000 -1.832959890 -1.670953870 0.603563070 -0.616179526 -0.544313967 -0.429753453 0.373305589
1413393305155760640.000000 -1.852488399 -1.640374541 0.606500268 -0.617856562 -0.543820858 -0.427756160 0.373546362
1413393305255760384.000000 -1.871817350 -1.607680917 0.612667382 -0.616147995 -0.545888245 -0.431645691 0.368849218
1413393305505760512.000000 -1.926261663 -1.521127701 0.637424767 -0.623690486 -0.536475062 -0.436353326 0.364418179
1413393305605760512.000000 -1.952163815 -1.483357549 0.646927655 -0.627595127 -0.531850636 -0.436381459 0.364459276
1413393305755760384.000000 -1.990236402 -1.421412110 0.669147968 -0.632159293 -0.525790215 -0.443833351 0.356274247
1413393305905760512.000000 -2.034341574 -1.357573271 0.693686247 -0.633147895 -0.522068322 -0.459186792 0.340170413
1413393306055760384.000000 -2.092730761 -1.290912747 0.716409445 -0.639025927 -0.512586355 -0.461978346 0.339819282
1413393306305760256.000000 -2.218278408 -1.173926115 0.745899022 -0.645336390 -0.503047824 -0.458806127 0.346382350
1413393306405760512.000000 -2.269218922 -1.125252366 0.758879006 -0.653200507 -0.497768074 -0.454293549 0.345214993
1413393306505760512.000000 -2.318673611 -1.076307774 0.765041709 -0.664522111 -0.486159563 -0.453646392 0.340975374
1413393306605760512.000000 -2.365415096 -1.027391076 0.761973739 -0.675123453 -0.469742358 -0.460765481 0.333534956
1413393306805760256.000000 -2.451425076 -0.928597271 0.741264284 -0.697806239 -0.427107841 -0.470251352 0.330921352
1413393307605760512.000000 -2.579430103 -0.611748159 0.744029999 -0.765332758 -0.307004392 -0.520656765 0.221202582
1413393307855760640.000000 -2.570071936 -0.515355766 0.771547079 -0.785174370 -0.255057812 -0.535716176 0.177355528
1413393308105760512.000000 -2.547719002 -0.407856584 0.803011417 -0.791338742 -0.206921265 -0.559371531 0.134425506
1413393308255760384.000000 -2.535079241 -0.335597634 0.820717514 -0.797857702 -0.176333576 -0.565839231 0.110252477
1413393308405760512.000000 -2.524471521 -0.257512897 0.837509394 -0.802620709 -0.139553741 -0.572596312 0.091968276
1413393308705760512.000000 -2.512007952 -0.097670041 0.837655962 -0.818961859 -0.058183357 -0.567397058 0.063062467
1413393308855760640.000000 -2.498835087 -0.028240122 0.807048261 -0.817151487 -0.019244583 -0.574501932 0.042903494
1413393309155760640.000000 -2.471921206 0.080661520 0.727392912 0.808801293 -0.042089134 0.586523712 0.007676094
1413393309305760256.000000 -2.463258982 0.123287350 0.696341097 0.806309760 -0.060400333 0.587791741 0.026780348
1413393309455760384.000000 -2.457938910 0.163108557 0.671387017 0.806771219 -0.061423946 0.586052060 0.043477893
1413393309605760512.000000 -2.454800844 0.204779223 0.654537022 0.814733446 -0.058108781 0.574959815 0.047477137
1413393310005760512.000000 -2.422594547 0.314412147 0.632094979 0.822570026 -0.065031655 0.564661205 0.017526306
1413393310505760512.000000 -2.319948435 0.365962088 0.630035162 0.813397288 -0.043019310 0.578703105 0.040460739
1413393310705760512.000000 -2.273516893 0.382782698 0.626450837 0.812722445 -0.055225316 0.579507649 0.024563214
1413393311205760512.000000 -2.151258469 0.367484182 0.597852528 0.819286525 -0.059782214 0.568721771 0.041848436
1413393311405760512.000000 -2.086932898 0.348250091 0.548864067 0.820018530 -0.062069796 0.567249477 0.044103585
1413393311755760384.000000 -1.941091776 0.311789840 0.489591658 0.816423476 -0.055188645 0.572296143 0.053704455
1413393311955760384.000000 -1.843076110 0.301705480 0.479291528 0.810374260 -0.047018506 0.582043946 0.048038296
1413393312105760512.000000 -1.771403670 0.300915509 0.476130575 0.802905142 -0.034668650 0.593330741 0.045826387
1413393312305760256.000000 -1.685974956 0.310910523 0.471239775 0.803044200 -0.032090280 0.594070315 0.034217071
1413393312805760256.000000 -1.508255839 0.327661693 0.470601767 0.809807479 -0.035005994 0.585110068 0.025154034
1413393313205760512.000000 -1.391656160 0.323886514 0.491000742 0.811455429 -0.014332018 0.583935618 0.018810781
1413393313405760512.000000 -1.346405625 0.323827326 0.509855568 0.815522432 -0.006215857 0.578620434 0.009108759
1413393314005760512.000000 -1.268386722 0.256456345 0.509899795 0.806621373 -0.042368427 0.588889897 0.027850375
1413393314305760256.000000 -1.273729563 0.189721972 0.515428245 0.815209210 -0.046231300 0.576216221 0.035658553
1413393314655760640.000000 -1.259284854 0.133682832 0.518669009 -0.821544230 -0.024615673 -0.569612920 -0.000640304
1413393314855760640.000000 -1.235296011 0.120467611 0.514816165 -0.823987961 -0.065574966 -0.562079191 0.028475313
1413393315205760512.000000 -1.150837064 0.129929394 0.493187428 -0.820898712 -0.110860385 -0.555971146 0.068784364
1413393315905760512.000000 -0.912454009 0.292119145 0.497827351 -0.802759588 -0.102574252 -0.582969964 0.072122857
1413393316205760512.000000 -0.843449593 0.403413743 0.592727840 -0.800934434 -0.106124222 -0.585134268 0.069711134
1413393316355760640.000000 -0.815998077 0.460355580 0.648546934 -0.800063014 -0.109691456 -0.585674465 0.069658972
1413393316505760512.000000 -0.794452012 0.519964039 0.705112100 -0.801820159 -0.110327013 -0.582506537 0.074822813
1413393316855760640.000000 -0.752172589 0.664746284 0.804338396 -0.807850718 -0.119124718 -0.571612656 0.080283865
1413393317155760640.000000 -0.712723315 0.795749009 0.796211302 -0.799898207 -0.127189726 -0.580375314 0.084558576
1413393317355760640.000000 -0.693157256 0.887256563 0.780756414 -0.792404830 -0.126649022 -0.590587497 0.085212499
1413393317555760384.000000 -0.689042330 0.980725884 0.766308546 -0.790734470 -0.124400377 -0.593587458 0.083172232
1413393318355760640.000000 -0.813795865 1.356075048 0.574490666 -0.807578743 -0.090591185 -0.576548696 0.084860973
1413393318605760512.000000 -0.859821558 1.461014986 0.501130044 -0.807793260 -0.083112665 -0.576888680 0.088101447
1413393318805760256.000000 -0.890181959 1.527795672 0.450630963 -0.806790590 -0.082502581 -0.578258216 0.088880397
1413393319055760384.000000 -0.940917850 1.586275339 0.410273731 -0.793533802 -0.088497490 -0.595953822 0.085507043
1413393319205760512.000000 -0.979827464 1.610490799 0.416154265 -0.803990006 -0.089908168 -0.581150234 0.088210709
1413393319805760256.000000 -1.147374988 1.607295990 0.342918754 -0.827304780 -0.096618697 -0.545799673 0.091292530
1413393320105760512.000000 -1.141469240 1.593479991 0.238009155 -0.809398472 -0.114675932 -0.571262896 0.073362924
1413393320255760384.000000 -1.132861018 1.594765186 0.186237693 -0.799800098 -0.112373620 -0.585008144 0.073874243
1413393320405760512.000000 -1.128977537 1.602993011 0.156118602 -0.805862069 -0.107015081 -0.577522814 0.074843474
1413393320505760512.000000 -1.128098965 1.611906409 0.155073375 -0.812197268 -0.105613716 -0.569129050 0.072619215
1413393320605760512.000000 -1.126249909 1.622867823 0.155270129 -0.814035773 -0.104941458 -0.566962659 0.069903784
1413393320755760384.000000 -1.120169044 1.643572688 0.114879429 -0.814486921 -0.104917094 -0.566816330 0.065748259
1413393320855760640.000000 -1.118661404 1.654196143 0.079381727 -0.802636147 -0.100535169 -0.584017336 0.067762427
1413393320955760384.000000 -1.123293877 1.645115018 0.106371753 -0.810163617 -0.106488936 -0.573732495 0.055912174
1413393321055760384.000000 -1.127140760 1.639381886 0.103876695 -0.818222106 -0.114341259 -0.561393797 0.047705807
1413393321155760640.000000 -1.129424095 1.635312915 0.079893872 -0.798973918 -0.097667962 -0.588823080 0.073410735
1413393321255760384.000000 -1.129487038 1.635138154 0.097049221 -0.794981599 -0.103807762 -0.594798625 0.058675870
1413393321355760640.000000 -1.123742104 1.635295630 0.083944410 -0.804551661 -0.093050472 -0.582810163 0.066110201
1413393321455760384.000000 -1.122080445 1.636392951 0.089844957 -0.798779547 -0.092964843 -0.590825677 0.065068617
1413393321755760384.000000 -1.110245585 1.640399814 0.091139495 -0.800532520 -0.094057299 -0.588394105 0.063979767
1413393321855760640.000000 -1.107331514 1.641610384 0.092271417 -0.799792767 -0.093936771 -0.589403033 0.064122334
1413393322255760384.000000 -1.097811222 1.646023273 0.095302776 -0.799743056 -0.093855061 -0.589453876 0.064392582
1413393322455760384.000000 -1.095144868 1.647212744 0.096108139 -0.799821854 -0.093811490 -0.589353561 0.064396329
1413393322855760640.000000 -1.092419267 1.647855997 0.097814962 -0.799938619 -0.093879364 -0.589163959 0.064581215
1413393323255760384.000000 -1.092385054 1.647078395 0.099521704 -0.800033152 -0.093866691 -0.589008212 0.064848535
1413393323455760384.000000 -1.092702985 1.646772385 0.099749513 -0.800131857 -0.093762569 -0.588880599 0.064940833
1413393323855760640.000000 -1.093588352 1.646666527 0.098172888 -0.800273597 -0.093680240 -0.588687837 0.065061532
1413393324105760512.000000 -1.094079971 1.646820903 0.098298565 -0.800384462 -0.093594857 -0.588545740 0.065105550
1413393324605760512.000000 -1.095345616 1.647194982 0.099965379 -0.800553858 -0.093541555 -0.588317990 0.065158054
1413393324755760384.000000 -1.095680833 1.647285938 0.100646369 -0.800598085 -0.093561970 -0.588250935 0.065189436
1413393325255760384.000000 -1.096629739 1.647672653 0.101177633 -0.800745428 -0.093521893 -0.588024437 0.065481037
1413393325755760384.000000 -1.095181584 1.646472335 0.100282945 -0.800806105 -0.093170092 -0.587991536 0.065535188
1413393325855760640.000000 -1.094325185 1.646028996 0.100449800 -0.800832748 -0.093155004 -0.587953091 0.065576941
