1413393217.705760 11.0969124 -8.6684866 -2.1217222 -0.8039812 -0.0652983 0.0182672 0.5907765
1413393219.105761 10.7918844 -9.0888109 -2.0409727 -0.8252476 -0.0522639 0.0351794 0.5612462
1413393219.355761 10.7477808 -9.1319218 -2.0150023 -0.8220220 -0.0536231 0.0383740 0.5656251
1413393219.605761 10.7129068 -9.1409197 -1.9984980 -0.8176305 -0.0545622 0.0403968 0.5717267
1413393219.905761 10.6813192 -9.1240501 -1.9545050 -0.8076604 -0.0592745 0.0353341 0.5855961
1413393221.605761 10.5819359 -9.1418362 -1.6122150 -0.8180699 -0.0578822 0.0228682 0.5717415
1413393222.055760 10.5730104 -9.0888777 -1.5561819 -0.8065258 -0.0606854 0.0279522 0.5874114
1413393222.555760 10.5477724 -9.0383072 -1.6345425 -0.8193181 -0.0652986 0.0328154 0.5686627
1413393222.955760 10.5135059 -8.9519405 -1.6114836 -0.8263746 -0.0689305 0.0378412 0.5576036
1413393223.405761 10.4598408 -8.7683268 -1.5246487 -0.8159653 -0.0780551 0.0362492 0.5716591
1413393223.855761 10.3817081 -8.5552006 -1.6365194 -0.8069609 -0.0708147 0.0295303 0.5856000
1413393224.155761 10.3082533 -8.4238234 -1.6498194 -0.8065968 -0.0630050 0.0237388 0.5872551
1413393224.355761 10.2514477 -8.3449650 -1.6884718 -0.8041058 -0.0612142 0.0212256 0.5909451
1413393224.605761 10.1764078 -8.2510061 -1.7880964 -0.8037903 -0.0355804 0.0180963 0.5935721
1413393224.855761 10.1103439 -8.1761017 -1.8906603 -0.8100331 0.0064090 0.0050468 0.5863274
1413393225.155761 10.0541172 -8.1079798 -1.9402323 -0.8133798 0.0252802 -0.0156134 0.5809736
1413393225.355761 10.0259838 -8.0585136 -1.9497519 -0.8148292 0.0327921 -0.0210202 0.5783911
1413393225.555760 10.0094032 -8.0002966 -1.9473987 -0.8149573 0.0663753 -0.0302040 0.5749145
1413393225.705760 10.0099192 -7.9531250 -1.9380779 -0.8115649 0.1020393 -0.0489287 0.5731984
1413393227.655761 10.2082214 -7.2940192 -2.0618923 -0.7713067 0.2565730 -0.1776267 0.5547117
1413393229.955760 10.9524546 -6.6323643 -2.1602428 -0.7115735 0.4236186 -0.2789716 0.4861948
1413393230.155761 11.0570555 -6.5651050 -2.1590214 -0.7147489 0.4080037 -0.2957351 0.4849822
1413393230.205760 11.0845747 -6.5466285 -2.1593039 -0.7152264 0.4047092 -0.2985977 0.4852847
1413393230.605761 11.3042908 -6.3771572 -2.1765103 -0.7017751 0.4204873 -0.2915874 0.4956601
1413393230.755760 11.3949089 -6.3155875 -2.1756883 -0.6882784 0.4440686 -0.2982256 0.4900382
1413393230.805760 11.4265242 -6.2966318 -2.1733704 -0.6830709 0.4522103 -0.3021162 0.4874894
1413393231.255760 11.7381020 -6.1418839 -2.1327367 -0.6551914 0.4895002 -0.3671220 0.4430973
1413393231.355761 11.8062773 -6.1002297 -2.1248374 -0.6497555 0.4954189 -0.3680201 0.4437781
1413393231.455760 11.8739901 -6.0553398 -2.1259117 -0.6419960 0.5008991 -0.3655105 0.4509361
1413393231.705760 12.0345459 -5.9462471 -2.1559477 -0.6159062 0.5021997 -0.3698589 0.4813101
1413393231.955760 12.1679478 -5.8692517 -2.1891737 -0.6062317 0.5326354 -0.3626754 0.4661001
1413393232.105761 12.2433043 -5.8449349 -2.1972685 -0.5960398 0.5535710 -0.3679216 0.4504770
1413393232.405761 12.3964138 -5.8404851 -2.2151823 0.5644762 -0.5882046 0.4024722 -0.4164110
1413393232.655761 12.5254631 -5.8637905 -2.2674389 0.5393667 -0.6152424 0.4170966 -0.3957157
1413393232.705760 12.5513496 -5.8707733 -2.2793722 0.5360367 -0.6178339 0.4192597 -0.3939128
1413393232.755760 12.5771790 -5.8787479 -2.2910099 0.5343787 -0.6193094 0.4215946 -0.3913480
1413393233.055760 12.7392616 -5.9444809 -2.3422995 0.5371936 -0.6194810 0.4312589 -0.3764070
1413393233.155761 12.7951698 -5.9711709 -2.3475866 0.5392188 -0.6183023 0.4324585 -0.3740655
1413393233.205760 12.8235588 -5.9845047 -2.3468666 0.5398024 -0.6170030 0.4339769 -0.3736104
1413393233.355761 12.9122944 -6.0274649 -2.3313160 0.5312562 -0.6136758 0.4482579 -0.3744781
1413393233.805760 13.1637936 -6.1471028 -2.1913900 0.4810417 -0.6496543 0.4847720 -0.3339824
1413393233.855761 13.1897202 -6.1572385 -2.1680956 0.4743966 -0.6515889 0.4907098 -0.3310346
1413393233.905761 13.2149906 -6.1662869 -2.1447620 0.4666137 -0.6541081 0.4947358 -0.3311355
1413393233.955760 13.2394791 -6.1750937 -2.1219721 0.4590611 -0.6565844 0.4997108 -0.3293160
1413393234.105761 13.3070774 -6.1977773 -2.0554771 0.4349751 -0.6751592 0.5006184 -0.3230139
1413393234.155761 13.3273439 -6.2046366 -2.0359516 0.4286110 -0.6818123 0.4999725 -0.3185156
1413393234.205760 13.3469391 -6.2112885 -2.0183125 0.4216438 -0.6869650 0.5000624 -0.3165962
1413393234.305760 13.3845158 -6.2252297 -1.9878931 0.3963800 -0.6918193 0.5075509 -0.3265902
1413393235.605761 13.2237091 -6.4915924 -1.9293242 0.2544675 -0.7828676 0.5564346 -0.1128953
1413393236.505760 13.3605423 -6.5393515 -1.9367514 0.1220116 -0.8055251 0.5742541 -0.0804653
1413393236.905761 13.4147053 -6.5795527 -1.9352140 0.0482164 -0.8235502 0.5622243 -0.0578287
1413393237.405761 13.4479752 -6.6843228 -1.8884773 0.0705556 -0.8041404 0.5901483 -0.0102520
1413393237.505760 13.4683590 -6.7034049 -1.8985176 0.0676215 -0.8036680 0.5908991 -0.0195835
1413393237.955760 13.5474586 -6.7642956 -1.9398727 0.0566907 -0.8125597 0.5771295 -0.0587754
1413393238.755760 13.6941204 -6.9963589 -1.8938427 0.0297313 -0.8123795 0.5785426 -0.0666630
1413393239.005760 13.7146063 -7.1051784 -1.8987818 0.0432103 -0.8090684 0.5846271 -0.0418615
1413393239.405761 13.7206526 -7.2885237 -1.8566427 0.0594772 -0.8126756 0.5795401 -0.0124121
1413393239.655761 13.7715111 -7.4187341 -1.8412142 0.0520058 -0.8145667 0.5772290 -0.0241493
1413393239.755760 13.7961397 -7.4716349 -1.8297062 0.0389857 -0.8153560 0.5760018 -0.0435510
1413393239.805760 13.8070965 -7.4984384 -1.8244257 0.0354742 -0.8155298 0.5755607 -0.0488135
1413393240.005760 13.8371496 -7.6078959 -1.8080282 0.0394376 -0.8160907 0.5749185 -0.0436974
1413393240.405761 13.8751936 -7.8251448 -1.7966356 0.0562044 -0.8108928 0.5818749 -0.0267512
1413393240.755760 13.9174471 -8.0080976 -1.8273478 0.0431896 -0.8101363 0.5832228 -0.0408040
1413393241.655761 13.9401646 -8.3942738 -1.9376402 0.0342374 -0.8099888 0.5851741 -0.0178119
1413393244.305760 13.8869591 -8.7539225 -1.9909754 0.1726943 -0.7860159 0.5842895 -0.1046973
1413393245.855761 13.8502178 -8.4414730 -2.0982332 0.2039520 -0.7838172 0.5734589 -0.1232037
1413393247.355761 13.8633204 -8.2274799 -2.2828121 0.2517576 -0.7811874 0.5455837 -0.1694191
1413393247.405761 13.8661718 -8.2177200 -2.2952290 0.2513936 -0.7852308 0.5390685 -0.1721022
1413393247.505760 13.8736076 -8.2029572 -2.3180065 0.2506168 -0.7906798 0.5295987 -0.1776007
1413393247.555760 13.8775635 -8.1981697 -2.3280983 0.2510684 -0.7922625 0.5264432 -0.1792832
1413393247.755760 13.8969889 -8.2001238 -2.3684616 0.2497276 -0.7929161 0.5214832 -0.1922899
1413393248.555760 13.8544149 -8.3916788 -2.4102306 0.2534375 -0.7499276 0.5796102 -0.1934688
1413393249.305760 13.6543903 -8.4235020 -2.3571186 0.2414936 -0.7837405 0.5507831 -0.1551443
1413393249.705760 13.6180305 -8.4493704 -2.3870449 0.2606404 -0.7693507 0.5677370 -0.1335696
1413393250.155761 13.6757774 -8.4230080 -2.4624691 0.2525829 -0.7777312 0.5551353 -0.1521865
1413393250.505760 13.7655210 -8.3935919 -2.5011978 0.2301483 -0.7708119 0.5705122 -0.1655192
1413393250.855761 13.8367214 -8.3482332 -2.5263844 0.2225191 -0.7780617 0.5595747 -0.1788335
1413393251.355761 13.8698664 -8.3339825 -2.5158644 0.1653464 -0.7915282 0.5756816 -0.1213851
1413393252.605761 13.8092775 -8.1905050 -2.3397334 -0.1031556 -0.8114929 0.5714809 0.0651756
1413393252.905761 13.7883301 -8.1696653 -2.3574200 -0.1237672 -0.8037845 0.5735505 0.0982442
1413393253.305760 13.7863598 -8.1664228 -2.3510430 -0.1426937 -0.8149073 0.5502904 0.1128940
1413393253.655761 13.7972031 -8.2290144 -2.3177724 -0.1487063 -0.8075962 0.5606629 0.1064520
1413393254.105761 13.7915268 -8.3675232 -2.2389305 -0.1698007 -0.7962952 0.5679947 0.1202655
1413393254.255760 13.7843666 -8.4171267 -2.2054989 -0.1925094 -0.7895154 0.5671039 0.1341597
1413393254.505760 13.7731876 -8.4976959 -2.1475701 -0.2076278 -0.7917369 0.5486749 0.1702916
1413393254.555760 13.7727356 -8.5155153 -2.1355238 -0.2110221 -0.7924850 0.5457995 0.1718728
1413393254.705760 13.7745495 -8.5761795 -2.0992713 -0.2202255 -0.7898676 0.5465213 0.1700719
1413393255.005760 13.7847767 -8.7106361 -2.0289230 -0.2219207 -0.7770180 0.5657333 0.1641347
1413393255.555760 13.7904873 -8.9031639 -1.9495401 -0.2318529 -0.7729841 0.5733333 0.1415230
1413393256.005760 13.7280445 -8.9881754 -1.9309361 -0.2326953 -0.7862896 0.5470399 0.1683717
1413393256.155761 13.7006626 -9.0193748 -1.9333940 -0.2315102 -0.7866340 0.5444417 0.1766161
1413393256.505760 13.6416664 -9.1194286 -1.9358368 -0.2442396 -0.7864564 0.5439193 0.1611991
1413393256.555760 13.6316376 -9.1364384 -1.9320153 -0.2446439 -0.7870224 0.5435678 0.1589944
1413393256.905761 13.5492916 -9.2737989 -1.9236524 -0.2224392 -0.7890809 0.5470679 0.1690827
1413393257.155761 13.4942169 -9.3874006 -1.9541719 -0.2242361 -0.7873913 0.5522652 0.1572777
1413393257.305760 13.4597607 -9.4591169 -1.9709709 -0.2251924 -0.7865239 0.5536083 0.1555201
1413393257.605761 13.3837109 -9.6069136 -2.0049474 -0.2293725 -0.7844363 0.5546275 0.1563216
1413393257.805760 13.3278255 -9.7058058 -2.0308905 -0.2330310 -0.7833138 0.5532631 0.1612948
1413393257.855761 13.3133125 -9.7302570 -2.0370953 -0.2316635 -0.7841143 0.5514245 0.1656137
1413393258.305760 13.1952686 -9.9632015 -2.0716836 -0.2150867 -0.7811564 0.5606841 0.1707801
1413393258.405761 13.1807823 -10.0195112 -2.0712006 -0.2028083 -0.7763470 0.5742816 0.1623416
1413393258.505760 13.1721821 -10.0724115 -2.0724754 -0.1901944 -0.7760685 0.5834458 0.1453781
1413393258.605761 13.1678352 -10.1212626 -2.0742531 -0.1712243 -0.7780300 0.5911128 0.1262428
1413393258.755760 13.1644764 -10.1814690 -2.0759034 -0.1356580 -0.7920319 0.5872134 0.0972769
1413393260.505760 13.1070518 -10.8305473 -1.9893646 0.3082894 -0.7218670 0.5850578 -0.2038946
1413393260.605761 13.0983486 -10.8622036 -1.9984741 0.3215777 -0.7042931 0.6012837 -0.1975270
1413393260.705760 13.0884085 -10.8781872 -2.0111599 0.3362625 -0.6960556 0.6055801 -0.1889627
1413393261.055760 13.0759315 -10.8166847 -2.0353012 0.3325920 -0.7464409 0.5363435 -0.2110550
1413393261.955760 13.2401638 -10.6718731 -2.0139713 0.4071819 -0.7103338 0.4885422 -0.3015881
1413393262.855761 13.4544525 -10.8039112 -2.0002394 0.4470336 -0.6815818 0.4890994 -0.3104659
1413393263.655761 13.6856470 -10.9624519 -2.1091928 0.4395247 -0.6759631 0.4955337 -0.3230144
1413393265.055760 13.9044256 -11.0894394 -2.3717270 0.4845261 -0.6559170 0.4718440 -0.3352172
1413393265.405761 13.9811039 -11.0899305 -2.3981085 0.4619130 -0.6423601 0.4932790 -0.3615048
1413393265.855761 13.9893837 -11.0722637 -2.4021463 0.5085439 -0.6302035 0.4667221 -0.3555239
1413393268.455760 13.8668671 -11.1244020 -2.2562399 -0.7338277 0.3605573 -0.2819478 0.5019967
1413393269.455760 13.8471432 -11.0783968 -2.2069869 -0.7215863 0.3401938 -0.2653804 0.5414377
1413393269.855761 13.7979946 -11.0750990 -2.3043902 -0.7388412 0.3354743 -0.2378461 0.5338538
1413393270.205760 13.7747421 -11.0935183 -2.4076219 -0.7513494 0.3273444 -0.2416355 0.5195498
1413393270.305760 13.7710180 -11.0950766 -2.4327936 -0.7521163 0.3276131 -0.2391376 0.5194266
1413393270.455760 13.7670479 -11.0981398 -2.4684141 -0.7480032 0.3334368 -0.2386960 0.5218575
1413393270.705760 13.7810249 -11.1003094 -2.5140092 -0.7384948 0.3539265 -0.2603422 0.5114523
1413393271.905761 13.8008308 -10.8979988 -2.4872653 -0.6825857 0.4408104 -0.3345436 0.4773297
1413393273.255760 13.6008625 -10.5142794 -2.3212852 0.5497931 -0.6024566 0.4368522 -0.3793861
1413393273.555760 13.5682507 -10.4213324 -2.2788048 0.4960656 -0.6464052 0.4686500 -0.3412426
1413393273.805760 13.5512381 -10.3449202 -2.2367830 0.4482259 -0.6704701 0.4980592 -0.3185915
1413393274.155761 13.5207968 -10.2433262 -2.1712780 0.3863963 -0.7159804 0.5090937 -0.2808802
1413393274.555760 13.4818192 -10.1685448 -2.0996475 0.3171902 -0.7497058 0.5306063 -0.2361963
1413393274.655761 13.4701185 -10.1568623 -2.1005669 0.2991424 -0.7571989 0.5358984 -0.2235542
1413393275.155761 13.4207506 -10.1197672 -2.1233349 0.2166051 -0.7724048 0.5771506 -0.1528729
1413393276.455760 13.1024723 -9.9466801 -2.0692196 0.0875534 -0.8015215 0.5904046 -0.0363335
1413393276.855761 13.0442266 -9.9974661 -2.1063156 0.0830054 -0.8122370 0.5742914 -0.0597556
1413393276.905761 13.0374298 -10.0079250 -2.1084270 0.0834938 -0.8121154 0.5743983 -0.0596994
1413393277.305760 12.9929466 -10.0832396 -2.1328259 0.0827103 -0.8040222 0.5860624 -0.0569056
1413393277.755760 12.9470873 -10.2234163 -2.1276712 0.0668379 -0.7949712 0.6001331 -0.0582562
1413393278.105761 12.8837023 -10.2948046 -2.1851044 0.0124238 -0.7921465 0.6093513 -0.0322587
1413393278.255760 12.8387012 -10.3304386 -2.2228832 -0.0180694 -0.7973076 0.6031919 -0.0115640
1413393278.405761 12.7836761 -10.3613586 -2.2646456 -0.0543921 -0.8043316 0.5916365 -0.0076353
1413393278.705760 12.6528988 -10.3860149 -2.2057924 -0.0779753 -0.8198034 0.5672916 0.0047459
1413393278.905761 12.5376692 -10.4134703 -2.1682129 -0.0517213 -0.8105791 0.5817205 0.0434469
1413393279.355761 12.3073158 -10.4797935 -2.1195354 -0.0322576 -0.8194245 0.5701535 0.0492742
1413393279.605761 12.2059050 -10.5369148 -2.1346521 -0.0244728 -0.8209269 0.5687028 0.0453577
1413393279.855761 12.1282759 -10.6161118 -2.1417112 -0.0191830 -0.8099059 0.5849102 0.0395550
1413393280.055760 12.0881386 -10.6787481 -2.1449919 -0.0200128 -0.8060921 0.5906720 0.0303578
1413393280.505760 12.0088892 -10.7790651 -2.1189232 -0.0307102 -0.7998460 0.5992767 -0.0130700
1413393280.805760 11.9108210 -10.8114443 -2.1314259 -0.0350378 -0.8114012 0.5826703 -0.0299295
1413393281.005760 11.8044147 -10.8309202 -2.1643343 -0.0274451 -0.8161967 0.5766832 -0.0225031
1413393281.105761 11.7211208 -10.8438368 -2.1828260 -0.0184774 -0.8168681 0.5764943 -0.0062853
1413393281.405761 11.5460281 -10.8977222 -2.1619339 -0.0004622 -0.8151192 0.5788710 0.0221119
1413393281.755760 11.3618097 -10.9752903 -2.1225348 -0.0102140 -0.8084760 0.5876054 0.0313413
1413393282.105761 11.2218590 -11.0395956 -2.0657110 -0.0321292 -0.8074934 0.5885878 0.0220574
1413393282.355761 11.1265507 -11.0727758 -2.0174170 -0.0400605 -0.8135476 0.5799178 0.0151888
1413393282.705760 10.9849653 -11.1283531 -1.9741554 -0.0175676 -0.8041868 0.5927780 0.0398647
1413393283.205760 10.8656244 -11.1640148 -1.9681482 0.0511656 -0.8156902 0.5760115 -0.0155721
1413393283.555760 10.8391533 -11.1926832 -1.9570742 0.1318880 -0.8094875 0.5681513 -0.0673773
1413393283.805760 10.8501034 -11.2223024 -2.0016584 0.1826242 -0.7932580 0.5699531 -0.1119983
1413393284.105761 10.8856096 -11.2523060 -2.0631008 0.2547623 -0.7757409 0.5554988 -0.1572996
1413393284.405761 10.9501896 -11.2674389 -2.0938854 0.3258939 -0.7460173 0.5413742 -0.2101555
1413393284.705760 11.0321312 -11.2585726 -2.1071701 0.3954328 -0.7133189 0.5113168 -0.2708583
1413393284.805760 11.0596380 -11.2516022 -2.1071053 0.4169687 -0.7045577 0.4933333 -0.2938670
1413393285.105761 11.1498804 -11.2447710 -2.1058769 0.4871868 -0.6607049 0.4504825 -0.3509752
1413393285.205760 11.1796875 -11.2518673 -2.0969763 0.5091820 -0.6398553 0.4400039 -0.3711003
1413393285.405761 11.2312469 -11.2729349 -2.1088810 0.5502337 -0.6020973 0.4160245 -0.4020515
1413393285.805760 11.3483562 -11.3535671 -2.1112270 -0.6281519 0.5079165 -0.3856472 0.4457828
1413393285.855761 11.3623009 -11.3639269 -2.1084995 -0.6358231 0.4978226 -0.3811384 0.4501503
1413393286.055760 11.4154358 -11.4036617 -2.0943022 -0.6506587 0.4838566 -0.3551504 0.4651818
1413393286.155761 11.4433260 -11.4228716 -2.0856774 -0.6518163 0.4831675 -0.3477347 0.4698567
1413393286.255760 11.4721479 -11.4431181 -2.0770686 -0.6512802 0.4830551 -0.3461125 0.4719089
1413393286.855761 11.6182079 -11.5930147 -2.1384454 -0.6499299 0.4886146 -0.3713783 0.4482466
1413393287.405761 11.7006016 -11.6049137 -2.1049776 -0.6886345 0.4341746 -0.3207006 0.4841759
1413393287.805760 11.7396851 -11.5496998 -2.0509121 -0.7354369 0.3520534 -0.2447413 0.5246835
1413393288.405761 11.8481722 -11.5074120 -2.0217705 -0.7793977 0.2679968 -0.1828500 0.5359879
1413393291.255760 12.5070448 -11.3435650 -2.3681455 -0.7674785 0.2449167 -0.1565676 0.5713835
1413393291.555760 12.5858574 -11.3321657 -2.4437609 -0.7782841 0.2310163 -0.1701995 0.5585136
1413393292.005760 12.6933956 -11.3199148 -2.4525743 -0.7859289 0.2046722 -0.1677789 0.5588161
1413393292.155761 12.7173538 -11.3113041 -2.4129801 -0.7815990 0.1960113 -0.1677835 0.5679182
1413393292.405761 12.7353907 -11.3013153 -2.3570790 -0.7774716 0.1848437 -0.1609440 0.5791959
1413393293.405761 12.5253754 -11.3703279 -2.1615219 -0.7892540 0.1623292 -0.1171824 0.5805134
1413393293.455760 12.5071249 -11.3772583 -2.1608696 -0.7890137 0.1640964 -0.1137072 0.5810338
1413393293.555760 12.4720831 -11.3919983 -2.1667318 -0.7903329 0.1634570 -0.1138952 0.5793822
1413393293.855761 12.3691235 -11.4439287 -2.1853838 -0.7981696 0.1481229 -0.1314356 0.5689550
1413393295.005760 11.7497339 -11.5859842 -2.1175060 -0.7993515 0.1659857 -0.1259825 0.5635729
1413393295.105761 11.6913338 -11.5929108 -2.1112442 -0.8004103 0.1618445 -0.1337559 0.5614794
1413393295.305760 11.5724449 -11.5993557 -2.0943108 -0.7992611 0.1670126 -0.1273286 0.5630949
1413393295.405761 11.5136442 -11.5995274 -2.0851974 -0.7989517 0.1723965 -0.1198865 0.5635449
1413393295.655761 11.3832588 -11.5945358 -2.0707951 -0.7962703 0.1829757 -0.1042860 0.5670961
1413393295.755760 11.3386250 -11.5952721 -2.0802975 -0.7965426 0.1823747 -0.1041412 0.5669338
1413393295.905761 11.2829361 -11.5958176 -2.1025801 -0.7993644 0.1698048 -0.1199703 0.5637286
1413393296.155761 11.1971989 -11.5861950 -2.1195230 -0.8031994 0.1534460 -0.1399286 0.5583414
1413393296.455760 11.0720768 -11.5406246 -2.1123838 -0.8048358 0.1630119 -0.1318293 0.5552364
1413393296.555760 11.0283003 -11.5179615 -2.1163406 -0.8029546 0.1744033 -0.1277616 0.5554499
1413393296.655761 10.9867220 -11.4938288 -2.1320591 -0.7998354 0.1870573 -0.1283723 0.5556920
1413393297.005760 10.8675804 -11.3981686 -2.1998034 -0.7914408 0.2138047 -0.1430063 0.5544891
1413393297.105761 10.8425541 -11.3680124 -2.2134781 -0.7894152 0.2196021 -0.1492362 0.5534683
1413393297.355761 10.7915859 -11.2904854 -2.2427912 -0.7841769 0.2333116 -0.1526460 0.5543749
1413393297.505760 10.7718601 -11.2431345 -2.2577548 -0.7833966 0.2334388 -0.1587718 0.5537036
1413393297.605761 10.7619419 -11.2105913 -2.2672620 -0.7825541 0.2333173 -0.1598434 0.5546370
1413393297.805760 10.7488785 -11.1459913 -2.2834210 -0.7784679 0.2374763 -0.1505492 0.5611842
1413393298.405761 10.8023787 -10.9933672 -2.3385978 -0.7925681 0.2156986 -0.1638667 0.5463127
1413393298.855761 10.8571482 -10.8333912 -2.3617406 -0.7855588 0.2159326 -0.1519701 0.5596210
1413393299.155761 10.8917837 -10.7141685 -2.3626947 -0.7826321 0.2218009 -0.1550740 0.5605742
1413393299.555760 10.9262810 -10.5692921 -2.3486958 -0.7632585 0.2218719 -0.1716697 0.5820129
1413393299.955760 10.9071560 -10.4892282 -2.3250051 -0.7747993 0.2215650 -0.1704027 0.5670608
1413393300.205760 10.8786297 -10.4527464 -2.3023624 -0.7814678 0.2147039 -0.1736337 0.5595192
1413393300.405761 10.8386230 -10.4185762 -2.2790318 -0.7835869 0.2136552 -0.1360066 0.5673140
1413393300.555760 10.8117046 -10.3952103 -2.2590218 -0.7883423 0.1953072 -0.1077307 0.5733809
1413393302.155761 10.5795832 -10.4239864 -2.4250278 -0.8105577 -0.0542607 0.0140339 0.5829709
1413393302.255760 10.5443373 -10.4323750 -2.4262514 -0.8105564 -0.0521336 0.0167199 0.5830960
1413393302.305760 10.5256596 -10.4362898 -2.4258776 -0.8097894 -0.0500058 0.0179344 0.5843107
1413393302.455760 10.4665794 -10.4480619 -2.4220333 -0.8101938 -0.0401818 0.0219533 0.5843710
1413393302.555760 10.4267817 -10.4553261 -2.4158974 -0.8109323 -0.0319696 0.0244608 0.5837539
1413393302.755760 10.3509722 -10.4678144 -2.3945007 -0.8136730 -0.0191952 0.0260208 0.5804228
1413393303.005760 10.2719212 -10.4756060 -2.3540430 -0.8146023 -0.0151069 0.0243470 0.5793118
1413393303.305760 10.2004299 -10.4739723 -2.3005867 -0.8132735 -0.0208008 0.0173883 0.5812497
1413393303.455760 10.1710138 -10.4698296 -2.2721882 -0.8139599 -0.0284709 0.0049253 0.5802021
1413393303.605761 10.1379604 -10.4643259 -2.2377434 -0.8118139 -0.0294970 -0.0010455 0.5831699
1413393303.905761 10.0599680 -10.4519062 -2.1559296 -0.8088614 -0.0197155 0.0050151 0.5876474
1413393304.005760 10.0315456 -10.4434690 -2.1235542 -0.8094848 -0.0138295 0.0116750 0.5868619
1413393304.055760 10.0173893 -10.4378738 -2.1097546 -0.8094646 -0.0116758 0.0141445 0.5868821
1413393304.705760 9.9037828 -10.3681955 -2.1369715 -0.8158465 -0.0353520 -0.0001536 0.5771869
1413393304.805760 9.8825960 -10.3481874 -2.1401520 -0.8151069 -0.0364689 0.0037154 0.5781496
1413393304.955760 9.8471251 -10.3160944 -2.1413736 -0.8156544 -0.0374053 0.0090844 0.5772575
1413393305.155761 9.7969036 -10.2689152 -2.1374207 -0.8180537 -0.0371227 0.0106533 0.5738438
1413393305.405761 9.7302284 -10.1994839 -2.1179533 -0.8172960 -0.0348346 -0.0024712 0.5751590
1413393305.455760 9.7152615 -10.1850786 -2.1133394 -0.8177913 -0.0307631 -0.0018332 0.5746893
1413393305.655761 9.6499100 -10.1222048 -2.0869236 -0.8186729 -0.0186825 -0.0041282 0.5739413
1413393305.755760 9.6155033 -10.0897255 -2.0759554 -0.8176447 -0.0137323 -0.0133992 0.5754035
1413393305.805760 9.5977592 -10.0735140 -2.0705671 -0.8165110 -0.0112404 -0.0199385 0.5768759
1413393305.955760 9.5387163 -10.0167360 -2.0414267 -0.8150958 -0.0075474 -0.0397917 0.5779088
1413393306.055760 9.4893513 -9.9860678 -2.0284014 -0.8142257 0.0012895 -0.0380815 0.5792966
1413393306.105761 9.4624128 -9.9720507 -2.0233221 -0.8146216 0.0054779 -0.0363340 0.5788277
1413393306.405761 9.2849970 -9.8682976 -1.9851208 -0.8166388 0.0222884 -0.0292761 0.5759749
1413393306.555760 9.2005911 -9.8093510 -1.9783478 -0.8181062 0.0479994 -0.0369127 0.5718704
1413393306.605761 9.1739922 -9.7888260 -1.9806223 -0.8163283 0.0583171 -0.0425688 0.5730577
1413393306.805760 9.0710068 -9.7046947 -1.9979153 -0.8074404 0.1063597 -0.0507407 0.5780598
1413393306.905761 9.0264559 -9.6638823 -2.0036354 -0.8046725 0.1246536 -0.0539808 0.5779703
1413393307.505760 8.8979645 -9.4366579 -2.0054364 -0.7877325 0.2195740 -0.1525664 0.5549667
1413393308.105761 8.8909826 -9.1770782 -1.9451413 -0.7407564 0.3386794 -0.2602996 0.5184789
1413393308.205760 8.8950233 -9.1281681 -1.9346498 -0.7316579 0.3573391 -0.2753134 0.5110657
1413393308.355761 8.8980074 -9.0497847 -1.9180717 -0.7137848 0.3873899 -0.2958183 0.5029233
1413393308.455760 8.8978949 -8.9958878 -1.9082977 -0.7011207 0.4102208 -0.3047638 0.4972603
1413393308.555760 8.8970184 -8.9420357 -1.9049762 -0.6894933 0.4345053 -0.3104278 0.4893248
1413393308.655761 8.8958645 -8.8898439 -1.9112556 -0.6761304 0.4592558 -0.3165403 0.4813876
1413393308.955760 8.9065094 -8.7511292 -1.9683380 -0.6265611 0.5163355 -0.3557102 0.4629137
1413393309.255760 8.9190388 -8.6522942 -2.0395908 -0.5869277 0.5543978 -0.3949978 0.4383330
1413393309.355761 8.9194622 -8.6256590 -2.0579414 -0.5828670 0.5577922 -0.4052993 0.4299609
1413393309.655761 8.9093733 -8.5449247 -2.0952063 -0.5955044 0.5608239 -0.4050468 0.4083971
1413393309.855761 8.9094067 -8.4857912 -2.1038003 -0.5967302 0.5667806 -0.3885972 0.4143248
1413393310.055760 8.9257755 -8.4353771 -2.1078973 -0.5933268 0.5710961 -0.3768390 0.4240341
1413393310.205760 8.9500713 -8.4105167 -2.1083179 -0.5936053 0.5629787 -0.3856675 0.4265540
1413393310.305760 8.9692163 -8.3992071 -2.1093707 -0.5977079 0.5542340 -0.3969261 0.4219236
1413393310.705760 9.0493393 -8.3513460 -2.1136007 -0.5921226 0.5573742 -0.3929466 0.4293225
1413393311.155761 9.1563854 -8.3405056 -2.1337576 -0.5961588 0.5629533 -0.3997907 0.4096898
1413393311.405761 9.2359495 -8.3462954 -2.1904321 -0.5936041 0.5671204 -0.4000957 0.4073477
1413393311.805760 9.4077778 -8.3506365 -2.2536817 -0.5945009 0.5565481 -0.4128371 0.4079073
1413393312.005760 9.5029459 -8.3379622 -2.2608361 -0.5955439 0.5453157 -0.4135454 0.4206404
1413393312.305760 9.6272001 -8.3016367 -2.2672801 -0.5988893 0.5332820 -0.4096092 0.4349280
1413393312.705760 9.7630816 -8.2548695 -2.2673221 -0.6002158 0.5425626 -0.3932428 0.4367231
1413393313.105761 9.8852644 -8.2350502 -2.2528319 -0.6062686 0.5289139 -0.3944880 0.4439231
1413393313.405761 9.9499865 -8.2228785 -2.2283807 -0.6253800 0.5204550 -0.3804939 0.4396030
1413393313.805760 10.0345592 -8.2336245 -2.2200909 -0.5916709 0.5246161 -0.3963689 0.4664709
1413393314.255760 10.0515299 -8.3277359 -2.2257638 -0.5979086 0.5542403 -0.3996842 0.4190176
1413393314.355761 10.0549479 -8.3481312 -2.2235332 -0.6044302 0.5467730 -0.3974656 0.4215739
1413393314.805760 10.0863953 -8.4016571 -2.2266116 -0.6717627 0.4758135 -0.3484410 0.4482470
1413393315.005760 10.1159344 -8.3975630 -2.2350965 -0.6930367 0.4499505 -0.3203288 0.4632863
1413393315.405761 10.2353745 -8.3493614 -2.2755315 -0.7051292 0.4143901 -0.3245600 0.4751153
1413393315.705760 10.3351402 -8.2544479 -2.2888491 -0.6904455 0.4134477 -0.3371422 0.4885500
1413393316.005760 10.3950806 -8.1286201 -2.2162356 -0.6829264 0.4287931 -0.3184620 0.4983272
1413393316.105761 10.4117422 -8.0881824 -2.1868830 -0.6837775 0.4275088 -0.3191755 0.4978069
1413393316.405761 10.4495430 -7.9681487 -2.0813663 -0.6865821 0.4192881 -0.3238884 0.4978944
1413393316.505760 10.4564037 -7.9270463 -2.0443382 -0.6879289 0.4203905 -0.3189609 0.4982867
1413393316.855761 10.4741850 -7.7803230 -1.9480339 -0.6982957 0.4170682 -0.3081107 0.4934622
1413393317.355761 10.4976807 -7.5528698 -1.9745096 -0.6906416 0.4016438 -0.3163146 0.5115089
1413393317.455760 10.4947033 -7.5068936 -1.9803555 -0.6894779 0.4017250 -0.3182955 0.5117865
1413393317.555760 10.4873199 -7.4614954 -1.9894004 -0.6878932 0.4023252 -0.3197361 0.5125489
1413393317.655761 10.4749222 -7.4166059 -2.0083053 -0.6875415 0.4043312 -0.3190456 0.5118721
1413393318.055760 10.3910007 -7.2518253 -2.1011555 -0.6889983 0.4159361 -0.3202762 0.4997016
1413393318.355761 10.3101673 -7.1299677 -2.1702409 -0.6810613 0.4373979 -0.3077432 0.5001328
1413393318.455760 10.2868252 -7.0915165 -2.1965530 -0.6788380 0.4404502 -0.3057056 0.5017238
1413393318.805760 10.1916571 -6.9866047 -2.3001275 -0.6738827 0.4421545 -0.3084391 0.5052196
1413393319.255760 10.0841331 -6.9237432 -2.3346705 -0.6789099 0.4383520 -0.3053766 0.5036606
1413393319.355761 10.0524197 -6.9211326 -2.3245025 -0.6840850 0.4415461 -0.2994644 0.4973791
1413393319.555760 9.9971170 -6.9215384 -2.3549662 -0.6913447 0.4485053 -0.2869789 0.4883939
1413393320.155761 9.9801512 -6.9299297 -2.5418832 -0.6914169 0.4194013 -0.3181587 0.4947931
1413393320.255760 9.9864559 -6.9241552 -2.5746202 -0.6854828 0.4175266 -0.3226871 0.5016551
1413393320.455760 9.9874487 -6.9087009 -2.6050024 -0.6895900 0.4282260 -0.3142672 0.4922644
1413393320.555760 9.9859257 -6.8983078 -2.6027284 -0.6924908 0.4307812 -0.3136097 0.4863465
1413393320.605761 9.9853134 -6.8922539 -2.6040988 -0.6925831 0.4317304 -0.3140947 0.4850588
1413393320.655761 9.9850416 -6.8856893 -2.6112986 -0.6937323 0.4318909 -0.3155437 0.4823256
1413393320.705760 9.9849873 -6.8782344 -2.6245220 -0.6939489 0.4321964 -0.3161556 0.4813386
1413393320.755760 9.9849873 -6.8699875 -2.6446047 -0.6929248 0.4320016 -0.3172168 0.4822899
1413393320.805760 9.9849091 -6.8611259 -2.6713686 -0.6910682 0.4319578 -0.3176264 0.4847172
1413393320.855761 9.9835157 -6.8584342 -2.6796761 -0.6806566 0.4282401 -0.3264037 0.4967673
1413393320.905761 9.9813347 -6.8641605 -2.6622510 -0.6793675 0.4248060 -0.3326493 0.4973371
1413393320.955760 9.9782391 -6.8701539 -2.6544690 -0.6903737 0.4281152 -0.3291993 0.4813829
1413393321.055760 9.9722872 -6.8786697 -2.6585796 -0.7017419 0.4268137 -0.3279152 0.4667548
1413393321.105761 9.9702721 -6.8804436 -2.6729145 -0.6970447 0.4263319 -0.3280033 0.4741137
1413393321.155761 9.9687920 -6.8826804 -2.6797891 -0.6760069 0.4282147 -0.3250623 0.5039656
1413393321.205760 9.9673414 -6.8859901 -2.6683545 -0.6714928 0.4212117 -0.3370304 0.5080243
1413393321.255760 9.9661837 -6.8856125 -2.6658306 -0.6765597 0.4209516 -0.3403059 0.4992580
1413393321.305760 9.9664946 -6.8851080 -2.6759729 -0.6822892 0.4301220 -0.3358573 0.4864940
1413393321.755760 9.9663353 -6.8868523 -2.6766810 -0.6750740 0.4319118 -0.3321878 0.4973716
1413393322.105761 9.9660683 -6.8870683 -2.6766467 -0.6743964 0.4314591 -0.3328155 0.4982634
1413393322.605761 9.9660654 -6.8870754 -2.6767864 -0.6742757 0.4314348 -0.3327563 0.4984874
1413393323.105761 9.9661007 -6.8871255 -2.6768227 -0.6742717 0.4314138 -0.3325297 0.4986621
1413393323.505760 9.9660416 -6.8872232 -2.6767728 -0.6741749 0.4315082 -0.3323935 0.4988020
1413393323.805760 9.9661617 -6.8871603 -2.6770492 -0.6741717 0.4316227 -0.3323030 0.4987675
1413393324.305760 9.9660797 -6.8871422 -2.6769574 -0.6741853 0.4316958 -0.3322874 0.4986962
1413393324.705760 9.9660845 -6.8871756 -2.6770291 -0.6742461 0.4316778 -0.3322259 0.4986708
1413393325.155761 9.9660625 -6.8872542 -2.6769309 -0.6742774 0.4317105 -0.3320768 0.4986994
1413393325.555760 9.9661427 -6.8871694 -2.6771450 -0.6740574 0.4319401 -0.3321232 0.4987670
1413393326.055760 9.9660797 -6.8872089 -2.6770263 -0.6740327 0.4319111 -0.3320686 0.4988619
