1413393217.605761 1.7580208 -1.9246411 -0.8974242 -0.7959706 -0.1304524 0.0668248 0.5873222
1413393219.005760 1.5113242 -2.3882339 -0.8053803 -0.8176762 -0.1182748 0.0788726 0.5578494
1413393219.255760 1.4717729 -2.4531915 -0.7865996 -0.8165958 -0.1182118 0.0828662 0.5588654
1413393219.505760 1.4359722 -2.4809532 -0.7584779 -0.8136601 -0.1190341 0.0863435 0.5624349
1413393219.755760 1.4025826 -2.4781590 -0.7519052 -0.8050814 -0.1205791 0.0863170 0.5743291
1413393221.855761 1.2840943 -2.4743695 -0.3264637 -0.8016452 -0.1252151 0.0708174 0.5802337
1413393222.355761 1.2547343 -2.4254642 -0.3481674 -0.8038306 -0.1285938 0.0772321 0.5756347
1413393222.855761 1.2046866 -2.3517926 -0.3788471 -0.8167875 -0.1331985 0.0810105 0.5554761
1413393223.155761 1.1559076 -2.2545772 -0.3146224 -0.8131353 -0.1384400 0.0842626 0.5590574
1413393223.605761 1.0566959 -2.0538509 -0.3119004 -0.8001621 -0.1415811 0.0815121 0.5771060
1413393224.055760 0.9278877 -1.8613985 -0.3982615 -0.7997660 -0.1292621 0.0719201 0.5818016
1413393224.455760 0.7865870 -1.7172636 -0.4800155 -0.7967056 -0.1188662 0.0678086 0.5886706
1413393224.655761 0.7135085 -1.6523710 -0.5694765 -0.7991179 -0.0904613 0.0645987 0.5908083
1413393224.955760 0.6260920 -1.5826298 -0.6802201 -0.8103082 -0.0466497 0.0453156 0.5823839
1413393225.005760 0.6145453 -1.5734297 -0.6896583 -0.8113222 -0.0437389 0.0412559 0.5814990
1413393225.205760 0.5723814 -1.5310812 -0.7050127 -0.8134406 -0.0374380 0.0311511 0.5796056
1413393225.355761 0.5454233 -1.4958907 -0.7116892 -0.8148084 -0.0318643 0.0256324 0.5782862
1413393225.805760 0.5135018 -1.3584176 -0.6893003 -0.8145862 0.0587914 -0.0251129 0.5765088
1413393228.455760 0.7706198 -0.4171314 -0.8250895 -0.7502912 0.3198824 -0.2283241 0.5316076
1413393229.805760 1.1944709 0.0439790 -0.9135469 -0.7376100 0.3644734 -0.2436170 0.5135577
1413393230.055760 1.2982469 0.1453258 -0.9208730 -0.7463356 0.3570501 -0.2480238 0.5039669
1413393230.155761 1.3475379 0.1895316 -0.9206086 -0.7461936 0.3487737 -0.2567437 0.5056033
1413393230.455760 1.4938675 0.3417121 -0.9319345 -0.7413660 0.3456602 -0.2545313 0.5158578
1413393230.755760 1.6492169 0.4994676 -0.9373329 -0.7225369 0.3873639 -0.2589284 0.5107307
1413393231.055760 1.8363947 0.6377257 -0.9164830 -0.7003629 0.4265367 -0.3065653 0.4832970
1413393231.255760 1.9664077 0.7329953 -0.8949013 -0.6928564 0.4355870 -0.3316501 0.4692783
1413393231.455760 2.0895438 0.8432615 -0.8886478 -0.6805266 0.4480838 -0.3295693 0.4769576
1413393231.655761 2.2069654 0.9551302 -0.9112110 -0.6570960 0.4506440 -0.3304291 0.5059264
1413393231.955760 2.3568025 1.0802156 -0.9545002 -0.6471485 0.4827801 -0.3259202 0.4918316
1413393232.055760 2.4047017 1.1069455 -0.9618738 -0.6416847 0.4980569 -0.3282882 0.4820862
1413393232.155761 2.4543204 1.1256263 -0.9649954 -0.6349996 0.5108634 -0.3376679 0.4709294
1413393232.255760 2.5054455 1.1375201 -0.9686191 -0.6262494 0.5209141 -0.3533342 0.4600165
1413393232.555760 2.6625063 1.1456363 -1.0144868 -0.5942933 0.5612507 -0.3811657 0.4318864
1413393232.905761 2.8555374 1.1173227 -1.0959198 -0.5795987 0.5776589 -0.3949172 0.4176313
1413393233.005760 2.9147847 1.1018904 -1.1107633 -0.5825183 0.5759520 -0.3997220 0.4113077
1413393233.055760 2.9451041 1.0935984 -1.1152213 -0.5847757 0.5743113 -0.4017641 0.4083988
1413393233.155761 3.0068097 1.0763431 -1.1190531 -0.5878028 0.5728278 -0.4033616 0.4045437
1413393233.255760 3.0714319 1.0586178 -1.1140866 -0.5865243 0.5702916 -0.4091879 0.4041313
1413393233.455760 3.2047424 1.0222535 -1.0799088 0.5666806 -0.5731698 0.4292214 -0.4075765
1413393233.555760 3.2676699 1.0044169 -1.0513060 0.5551689 -0.5810243 0.4379748 -0.4029596
1413393233.605761 3.2977803 0.9953426 -1.0359433 0.5510826 -0.5864393 0.4419932 -0.3962816
1413393233.705760 3.3553755 0.9781278 -1.0010719 0.5431260 -0.6010267 0.4471503 -0.3792594
1413393234.005760 3.5180137 0.9411774 -0.8658004 0.5010506 -0.6252704 0.4750008 -0.3638124
1413393234.105761 3.5638144 0.9338033 -0.8217349 0.4861825 -0.6395359 0.4752843 -0.3587829
1413393234.205760 3.6060228 0.9263929 -0.7845426 0.4738991 -0.6519821 0.4755065 -0.3524666
1413393234.305760 3.6459060 0.9181331 -0.7539511 0.4491977 -0.6587602 0.4821256 -0.3630583
1413393234.405761 3.6798089 0.9067585 -0.7297258 0.4190008 -0.6646689 0.4887078 -0.3792340
1413393234.955760 3.6494226 0.7593610 -0.5911958 0.3848627 -0.7093670 0.5320011 -0.2562305
1413393236.405761 3.6540091 0.6067763 -0.7082229 0.2035619 -0.7855750 0.5682615 -0.1360641
1413393236.705760 3.6964598 0.5971338 -0.6870011 0.1480814 -0.8146468 0.5516232 -0.1006690
1413393237.005760 3.7407272 0.5540438 -0.6961273 0.1078025 -0.8110843 0.5675172 -0.0918972
1413393237.255760 3.7629929 0.5006238 -0.6546502 0.1250275 -0.7973670 0.5873373 -0.0600760
1413393237.605761 3.8266811 0.4466174 -0.6757115 0.1217154 -0.7965106 0.5866364 -0.0813271
1413393238.105761 3.9059756 0.3886264 -0.7195982 0.1350710 -0.8099632 0.5650142 -0.0804640
1413393238.755760 4.0656085 0.1970655 -0.6497289 0.0935290 -0.8072069 0.5723989 -0.1096762
1413393239.105761 4.1180420 0.0498094 -0.6568302 0.1160899 -0.8010126 0.5831792 -0.0693108
1413393239.405761 4.1387577 -0.0835745 -0.6148790 0.1227634 -0.8050873 0.5776889 -0.0551301
1413393239.705760 4.2269392 -0.2268665 -0.5932262 0.1077356 -0.8088146 0.5729201 -0.0772948
1413393239.905761 4.2838802 -0.3258141 -0.5737143 0.0986282 -0.8117364 0.5682764 -0.0917516
1413393240.005760 4.3047886 -0.3787099 -0.5664461 0.1028923 -0.8103827 0.5703682 -0.0858669
1413393240.105761 4.3222895 -0.4332415 -0.5582550 0.1119875 -0.8064836 0.5758039 -0.0741152
1413393240.305760 4.3568039 -0.5383536 -0.5507212 0.1231115 -0.8030364 0.5796958 -0.0626817
1413393242.305760 4.5808086 -1.3428925 -0.7558610 0.1060782 -0.7810040 0.6117328 -0.0675510
1413393244.655761 4.5372009 -1.4496524 -0.7866526 0.2569292 -0.7601539 0.5682465 -0.1823443
1413393244.905761 4.5303488 -1.3866034 -0.7903900 0.2550117 -0.7616878 0.5608869 -0.2005163
1413393245.205760 4.4980769 -1.3195300 -0.7516360 0.2623945 -0.7724923 0.5473846 -0.1864802
1413393246.705760 4.4254837 -1.1075754 -0.9389586 0.2975954 -0.7493321 0.5585326 -0.1948839
1413393247.355761 4.4239216 -0.9947584 -1.0449014 0.3116327 -0.7591046 0.5317161 -0.2095788
1413393247.455760 4.4275651 -0.9760579 -1.0698118 0.3126467 -0.7660676 0.5196109 -0.2130656
1413393247.555760 4.4345365 -0.9643757 -1.0923314 0.3116924 -0.7702137 0.5119781 -0.2179386
1413393247.655761 4.4434834 -0.9596826 -1.1127391 0.3103591 -0.7723863 0.5064954 -0.2248537
1413393247.805760 4.4595394 -0.9688487 -1.1412196 0.3107046 -0.7709673 0.5043846 -0.2338125
1413393249.705760 4.2141676 -1.2523494 -1.1478853 0.3196449 -0.7466078 0.5564551 -0.1753904
1413393250.055760 4.2516508 -1.2295884 -1.2081795 0.3124803 -0.7510255 0.5478972 -0.1952575
1413393250.255760 4.2880497 -1.2053332 -1.2377229 0.3090535 -0.7569004 0.5424936 -0.1931020
1413393250.955760 4.4258823 -1.1060725 -1.2927251 0.2862034 -0.7633594 0.5385268 -0.2129767
1413393252.455760 4.3740401 -0.9832793 -1.1114504 -0.0174479 -0.8157712 0.5779313 0.0144371
1413393252.905761 4.3416562 -0.9489093 -1.1197751 -0.0610837 -0.8100212 0.5805924 0.0552002
1413393253.305760 4.3396668 -0.9468890 -1.1136537 -0.0791608 -0.8224766 0.5586911 0.0716243
1413393253.655761 4.3601799 -1.0062593 -1.0803472 -0.0857318 -0.8156269 0.5685529 0.0644248
1413393253.955760 4.3721166 -1.0942967 -1.0313861 -0.0900430 -0.8086579 0.5771930 0.0693753
1413393254.355761 4.3753223 -1.2257409 -0.9426634 -0.1396964 -0.7994916 0.5742719 0.1072849
1413393254.505760 4.3769927 -1.2746949 -0.9092183 -0.1458187 -0.8041134 0.5617579 0.1287115
1413393254.605761 4.3823595 -1.3112518 -0.8860605 -0.1527015 -0.8060591 0.5565253 0.1312653
1413393254.705760 4.3905978 -1.3528624 -0.8622343 -0.1587001 -0.8029382 0.5599588 0.1286498
1413393255.355761 4.4559236 -1.6169765 -0.7393928 -0.1693158 -0.7863808 0.5858163 0.0987755
1413393255.705760 4.4484930 -1.7101457 -0.7096754 -0.1733994 -0.7877250 0.5818763 0.1041255
1413393256.005760 4.4094076 -1.7676792 -0.7036051 -0.1715717 -0.7992889 0.5618476 0.1266011
1413393256.205760 4.3803573 -1.8161306 -0.7082879 -0.1713012 -0.7992438 0.5600634 0.1348868
1413393256.505760 4.3434019 -1.9118143 -0.7075233 -0.1825972 -0.8004608 0.5581481 0.1199646
1413393256.605761 4.3275294 -1.9499018 -0.6986656 -0.1798960 -0.8014884 0.5577568 0.1190010
1413393257.005760 4.2597342 -2.1276546 -0.7037691 -0.1612437 -0.8006542 0.5640984 0.1214347
1413393257.105761 4.2443700 -2.1776884 -0.7169936 -0.1612127 -0.7994090 0.5666741 0.1176283
1413393257.405761 4.1966605 -2.3344080 -0.7531558 -0.1633664 -0.7980232 0.5686980 0.1142500
1413393257.555760 4.1690850 -2.4156404 -0.7714599 -0.1655862 -0.7975318 0.5686872 0.1145385
1413393257.805760 4.1175218 -2.5518839 -0.8056584 -0.1704293 -0.7955419 0.5690266 0.1194814
1413393258.155761 4.0498409 -2.7475119 -0.8363702 -0.1632284 -0.7955920 0.5671939 0.1366789
1413393258.355761 4.0232925 -2.8624771 -0.8417290 -0.1450610 -0.7886285 0.5839747 0.1264755
1413393258.455760 4.0164943 -2.9155560 -0.8437212 -0.1317687 -0.7861689 0.5930712 0.1133228
1413393260.455760 4.0634251 -3.6914911 -0.7383895 0.3585029 -0.7071089 0.5564505 -0.2486678
1413393260.555760 4.0615139 -3.7301567 -0.7452469 0.3717046 -0.6849567 0.5760044 -0.2467567
1413393260.655761 4.0554981 -3.7564321 -0.7579255 0.3843369 -0.6711060 0.5869079 -0.2396687
1413393260.755760 4.0464048 -3.7647338 -0.7713590 0.3970999 -0.6706065 0.5816309 -0.2330325
1413393261.655761 4.1014037 -3.5554514 -0.7808518 0.4108174 -0.7117528 0.4863208 -0.2968656
1413393261.755760 4.1231561 -3.5381138 -0.7763920 0.4250938 -0.7064005 0.4703377 -0.3147634
1413393262.055760 4.1955781 -3.5330684 -0.7594175 0.4763895 -0.6614000 0.4660510 -0.3440925
1413393264.455760 4.7847743 -3.8275976 -1.0555520 0.5411122 -0.6199175 0.4362083 -0.3641735
1413393264.955760 4.8789587 -3.8371234 -1.1134219 0.5349839 -0.6182494 0.4406907 -0.3706099
1413393265.255760 4.9505844 -3.8369858 -1.1442566 0.5255868 -0.6028852 0.4630514 -0.3819310
1413393267.855761 4.8871145 -3.8099704 -0.9356534 -0.7523512 0.3060728 -0.2410744 0.5311972
1413393269.405761 4.8516946 -3.8372815 -0.9515866 -0.7479694 0.2867423 -0.2261770 0.5542243
1413393269.855761 4.7931247 -3.8401756 -1.0532932 -0.7644950 0.2773465 -0.1935076 0.5487998
1413393270.255760 4.7651157 -3.8703060 -1.1748507 -0.7761584 0.2681903 -0.1978013 0.5352820
1413393270.355761 4.7641664 -3.8695893 -1.1998264 -0.7757781 0.2685970 -0.1961828 0.5362242
1413393270.555760 4.7677660 -3.8688440 -1.2424185 -0.7701781 0.2830065 -0.1999040 0.5355104
1413393271.005760 4.8054657 -3.8527405 -1.2407743 -0.7576495 0.3068845 -0.2492668 0.5192832
1413393272.505760 4.6606073 -3.5016549 -1.1807550 -0.6752490 0.4444556 -0.3309913 0.4867678
1413393272.905761 4.5844607 -3.4117455 -1.1289994 -0.6422715 0.4917443 -0.3831914 0.4459139
1413393273.205760 4.5186510 -3.3255129 -1.0837822 -0.6031230 0.5476153 -0.4022427 0.4178051
1413393273.505760 4.4670191 -3.2378652 -1.0422292 0.5560155 -0.6000451 0.4322505 -0.3794104
1413393273.605761 4.4550757 -3.2086799 -1.0260963 0.5367873 -0.6110895 0.4474544 -0.3717711
1413393273.705760 4.4437089 -3.1791170 -1.0085988 0.5175245 -0.6218365 0.4612828 -0.3642883
1413393273.805760 4.4317570 -3.1493402 -0.9911327 0.5004973 -0.6335800 0.4713660 -0.3548142
1413393274.205760 4.3797002 -3.0408018 -0.9158936 0.4338477 -0.6892958 0.4881870 -0.3135615
1413393275.155761 4.2597728 -2.9538496 -0.8793993 0.2786172 -0.7514606 0.5643376 -0.1979969
1413393276.655761 3.9084885 -2.9097836 -0.8089843 0.1470676 -0.8039378 0.5682661 -0.0955441
1413393278.155761 3.7689173 -3.2115345 -0.8741784 0.0693076 -0.7999434 0.5924777 -0.0652469
1413393279.005760 3.4048927 -3.3853955 -0.8539913 0.0201395 -0.8111842 0.5843781 0.0087712
1413393279.255760 3.2774801 -3.4506848 -0.8384745 0.0302602 -0.8153442 0.5780973 0.0100810
1413393279.655761 3.1282282 -3.5699644 -0.8645535 0.0427890 -0.8179677 0.5736555 0.0041746
1413393280.005760 3.0536606 -3.6959932 -0.8727150 0.0452980 -0.8060895 0.5899880 -0.0090526
1413393280.355761 3.0063133 -3.7906532 -0.8641090 0.0392274 -0.8040593 0.5918842 -0.0402865
1413393280.555760 2.9655244 -3.8304906 -0.8466105 0.0341336 -0.8034794 0.5914478 -0.0586985
1413393280.755760 2.9002275 -3.8609526 -0.8538442 0.0321780 -0.8110452 0.5800169 -0.0689245
1413393281.105761 2.7134023 -3.9326539 -0.8982053 0.0461435 -0.8178093 0.5717019 -0.0470706
1413393281.505760 2.4835215 -4.0407019 -0.8736095 0.0627049 -0.8143564 0.5766875 -0.0179829
1413393281.955760 2.2901053 -4.1736512 -0.8115139 0.0422565 -0.8006485 0.5974001 -0.0170181
1413393282.155761 2.2217951 -4.2133408 -0.7781539 0.0285188 -0.8118833 0.5825316 -0.0262513
1413393282.455760 2.1095662 -4.2764573 -0.7179222 0.0332041 -0.8121469 0.5822214 -0.0182534
1413393282.555760 2.0709844 -4.2983298 -0.7016344 0.0400594 -0.8098723 0.5851424 -0.0105145
1413393283.055760 1.9331654 -4.3753753 -0.6964083 0.0828051 -0.8101044 0.5787610 -0.0437026
1413393283.405761 1.8855293 -4.4028144 -0.6818781 0.1630588 -0.8053575 0.5635563 -0.0849437
1413393283.905761 1.9040278 -4.4540539 -0.7567730 0.2665834 -0.7685746 0.5555834 -0.1719118
1413393284.105761 1.9334120 -4.4669027 -0.7959781 0.3141012 -0.7544798 0.5398830 -0.2015613
1413393284.505760 2.0191586 -4.4699039 -0.8420873 0.4046535 -0.7013868 0.5183686 -0.2749659
1413393284.805760 2.0988414 -4.4434924 -0.8656042 0.4682758 -0.6655693 0.4726361 -0.3381574
1413393284.955760 2.1436021 -4.4346724 -0.8839816 0.5015615 -0.6415584 0.4490800 -0.3676494
1413393285.105761 2.1891203 -4.4324450 -0.9039658 0.5339764 -0.6136302 0.4274136 -0.3945186
1413393285.255760 2.2358932 -4.4358439 -0.9082662 0.5679383 -0.5878292 0.4029987 -0.4116976
1413393285.405761 2.2863770 -4.4412713 -0.8908651 -0.5966442 0.5571746 -0.3831118 0.4322009
1413393285.655761 2.3718748 -4.4645815 -0.8602949 -0.6417535 0.5002071 -0.3549680 0.4603727
1413393285.955760 2.4661381 -4.5082469 -0.8295243 -0.6836181 0.4376442 -0.3285103 0.4829232
1413393286.155761 2.5239654 -4.5369143 -0.8082269 -0.6897059 0.4330700 -0.3081521 0.4917300
1413393286.355761 2.5831738 -4.5707407 -0.8001919 -0.6881659 0.4334533 -0.3091013 0.4929527
1413393286.655761 2.6671724 -4.6324844 -0.8432693 -0.6828726 0.4419511 -0.3194013 0.4861554
1413393287.005760 2.7495301 -4.6974792 -0.8591644 -0.6974911 0.4241732 -0.3415056 0.4657865
1413393287.155761 2.7752552 -4.7012072 -0.8530816 -0.7071891 0.4084151 -0.3324136 0.4717858
1413393287.455760 2.8036664 -4.6638093 -0.8224621 -0.7262681 0.3726998 -0.2709790 0.5100980
1413393287.655761 2.8167062 -4.6318336 -0.7966959 -0.7489012 0.3302080 -0.2321883 0.5255456
1413393287.955760 2.8435779 -4.5900493 -0.7607503 -0.7724444 0.2600537 -0.1756356 0.5521359
1413393290.055760 3.3670988 -4.4174609 -0.8395619 -0.7912624 0.1821157 -0.1381600 0.5671415
1413393290.455760 3.4274433 -4.3975272 -0.9074166 -0.7959569 0.1897361 -0.1379487 0.5580528
1413393291.605761 3.6371770 -4.2751017 -1.1841314 -0.7966897 0.1685781 -0.1255060 0.5666703
1413393291.955760 3.7177300 -4.2535696 -1.1955166 -0.8023137 0.1480797 -0.1229668 0.5650171
1413393292.205760 3.7564974 -4.2321272 -1.1372101 -0.7947701 0.1332565 -0.1213982 0.5795218
1413393292.555760 3.7643094 -4.2254758 -1.0635030 -0.7924173 0.1209416 -0.1099470 0.5876729
1413393292.905761 3.7202597 -4.2502432 -0.9947801 -0.7978386 0.1034188 -0.1046093 0.5846496
1413393293.455760 3.5548885 -4.3292112 -0.8944120 -0.8011809 0.1047125 -0.0663823 0.5854383
1413393294.055760 3.3548820 -4.4587817 -0.9100013 -0.8104822 0.0829839 -0.0869068 0.5733058
1413393294.155761 3.3109510 -4.4775686 -0.9015522 -0.8052604 0.0836552 -0.0846677 0.5808519
1413393294.455760 3.1641057 -4.5395622 -0.8779178 -0.8062736 0.0869774 -0.0883722 0.5784013
1413393294.655761 3.0515306 -4.5815005 -0.8663278 -0.8098605 0.0950756 -0.0863757 0.5723861
1413393294.905761 2.9034138 -4.6289234 -0.8528366 -0.8102890 0.1088886 -0.0748641 0.5709383
1413393295.155761 2.7624803 -4.6685600 -0.8358126 -0.8123227 0.1008564 -0.0882147 0.5676072
1413393295.355761 2.6467571 -4.6912103 -0.8176470 -0.8112580 0.1090558 -0.0789244 0.5689802
1413393295.555760 2.5373893 -4.7050529 -0.7983985 -0.8101111 0.1200244 -0.0624773 0.5704479
1413393295.805760 2.4263287 -4.7204452 -0.8135328 -0.8101618 0.1198469 -0.0607487 0.5705997
1413393296.105761 2.3244612 -4.7305136 -0.8437591 -0.8140562 0.0933378 -0.0936255 0.5655394
1413393296.205760 2.2870402 -4.7272758 -0.8444600 -0.8150499 0.0922746 -0.0954965 0.5639676
1413393296.305760 2.2457199 -4.7200031 -0.8419566 -0.8164183 0.0922639 -0.0959200 0.5619145
1413393296.505760 2.1539831 -4.6946096 -0.8356729 -0.8165268 0.1079554 -0.0834261 0.5609544
1413393296.905761 1.9880387 -4.6198778 -0.9070716 -0.8085267 0.1500379 -0.0912684 0.5616434
1413393297.055760 1.9400370 -4.5836110 -0.9299059 -0.8065099 0.1565871 -0.1010725 0.5610765
1413393297.155761 1.9119089 -4.5576091 -0.9429674 -0.8050546 0.1631864 -0.1058743 0.5603999
1413393297.355761 1.8638375 -4.5025401 -0.9657125 -0.8014798 0.1740520 -0.1072211 0.5619963
1413393297.455760 1.8452053 -4.4738808 -0.9757719 -0.8006494 0.1752730 -0.1108438 0.5620974
1413393297.805760 1.7995896 -4.3677912 -1.0058055 -0.7961302 0.1787111 -0.1047622 0.5685629
1413393298.105761 1.7952987 -4.2858920 -1.0305061 -0.7960396 0.1770833 -0.0992129 0.5701923
1413393299.055760 1.8644255 -3.9630666 -1.0872710 -0.8003887 0.1643728 -0.1020409 0.5674039
1413393299.455760 1.8866024 -3.8055301 -1.0770257 -0.7804465 0.1593335 -0.1290868 0.5906377
1413393299.805760 1.8649150 -3.7198856 -1.0608366 -0.7855110 0.1707587 -0.1163425 0.5833338
1413393299.955760 1.8529849 -3.6990592 -1.0506656 -0.7913901 0.1630372 -0.1245117 0.5758623
1413393300.255760 1.8102142 -3.6611774 -1.0238204 -0.7976091 0.1574071 -0.1207563 0.5696145
1413393300.455760 1.7656336 -3.6337104 -0.9990220 -0.8005792 0.1503753 -0.0790243 0.5746439
1413393300.755760 1.7233255 -3.5998449 -0.9612861 -0.8098017 0.0858821 -0.0397672 0.5790200
1413393300.955760 1.7131886 -3.5862777 -0.9547400 -0.8084780 0.0417953 -0.0336805 0.5860735
1413393301.405761 1.6746718 -3.5730238 -1.0545692 -0.7986514 -0.0152362 0.0064121 0.6015669
1413393301.605761 1.6454630 -3.5982985 -1.0946465 -0.8052220 -0.0545689 0.0323987 0.5895677
1413393301.805760 1.6110421 -3.6319366 -1.1217918 -0.8097827 -0.0932443 0.0484862 0.5772405
1413393302.205760 1.5062041 -3.6903477 -1.1491671 -0.8054385 -0.1129617 0.0617505 0.5785286
1413393302.305760 1.4714279 -3.7035394 -1.1486988 -0.8051586 -0.1092064 0.0646020 0.5793275
1413393302.405761 1.4343963 -3.7168322 -1.1465654 -0.8059167 -0.1030822 0.0674797 0.5790671
1413393302.705760 1.3217430 -3.7546897 -1.1216497 -0.8108478 -0.0805459 0.0719430 0.5752065
1413393302.805760 1.2878149 -3.7651279 -1.1081390 -0.8116578 -0.0760720 0.0719367 0.5746737
1413393303.005760 1.2283654 -3.7799931 -1.0752234 -0.8127309 -0.0739343 0.0701129 0.5736606
1413393303.255760 1.1697098 -3.7884269 -1.0307693 -0.8108419 -0.0773336 0.0666660 0.5762904
1413393303.455760 1.1313953 -3.7894273 -0.9940944 -0.8107248 -0.0873686 0.0512507 0.5765982
1413393303.555760 1.1102188 -3.7874439 -0.9708538 -0.8096845 -0.0883193 0.0468750 0.5782849
1413393303.755760 1.0662172 -3.7870250 -0.9205232 -0.8064611 -0.0841331 0.0477584 0.5833192
1413393303.855761 1.0389731 -3.7845554 -0.8906984 -0.8061446 -0.0801582 0.0508468 0.5840549
1413393303.955760 1.0112432 -3.7821062 -0.8607855 -0.8061907 -0.0751590 0.0572932 0.5840593
1413393304.055760 0.9869250 -3.7805381 -0.8411231 -0.8063162 -0.0706520 0.0639095 0.5837620
1413393304.455760 0.9052101 -3.7620294 -0.8420563 -0.8199024 -0.0851634 0.0488736 0.5640201
1413393304.555760 0.8860452 -3.7496216 -0.8490987 -0.8176832 -0.0892022 0.0477837 0.5667045
1413393304.705760 0.8550424 -3.7270169 -0.8577781 -0.8126468 -0.0944234 0.0457315 0.5732348
1413393305.005760 0.7798076 -3.6758955 -0.8625169 -0.8126193 -0.0981511 0.0542891 0.5718995
1413393305.405761 0.6645858 -3.5873983 -0.8390422 -0.8140770 -0.0946026 0.0440980 0.5713005
1413393305.505760 0.6304295 -3.5635290 -0.8294220 -0.8152564 -0.0872647 0.0443972 0.5707634
1413393305.605761 0.5939311 -3.5387809 -0.8188434 -0.8160486 -0.0810684 0.0443511 0.5705485
1413393305.705760 0.5563695 -3.5114880 -0.8060975 -0.8166320 -0.0754449 0.0390348 0.5708735
1413393305.805760 0.5180385 -3.4831746 -0.7925329 -0.8154032 -0.0709595 0.0266815 0.5739082
1413393305.905761 0.4767095 -3.4555004 -0.7787194 -0.8143646 -0.0698225 0.0109304 0.5760344
1413393306.005760 0.4279930 -3.4306529 -0.7641940 -0.8138810 -0.0630889 0.0068919 0.5775552
1413393306.205760 0.3141433 -3.3858414 -0.7343132 -0.8155518 -0.0494739 0.0149048 0.5763726
1413393306.305760 0.2506153 -3.3624244 -0.7184508 -0.8140801 -0.0473847 0.0160263 0.5785944
1413393306.505760 0.1264963 -3.3049605 -0.6989686 -0.8205703 -0.0227228 0.0143306 0.5709140
1413393306.605761 0.0673108 -3.2731562 -0.7020223 -0.8200273 -0.0032450 0.0042202 0.5722996
1413393306.705760 0.0098681 -3.2397287 -0.7115414 -0.8175054 0.0213341 -0.0024529 0.5755204
1413393306.805760 -0.0452546 -3.2061501 -0.7199671 -0.8149077 0.0449296 -0.0033506 0.5778369
1413393307.105761 -0.1692187 -3.1072407 -0.7327993 -0.8119338 0.0932211 -0.0291615 0.5755198
1413393307.905761 -0.2778350 -2.8227313 -0.6942666 -0.7850664 0.2433557 -0.1772191 0.5413337
1413393308.055760 -0.2826507 -2.7558584 -0.6776643 -0.7721094 0.2695302 -0.2059248 0.5373969
1413393308.205760 -0.2903510 -2.6844919 -0.6615934 -0.7605858 0.2978247 -0.2301141 0.5290152
1413393308.305760 -0.2972976 -2.6341782 -0.6506054 -0.7507097 0.3182041 -0.2452387 0.5244418
1413393308.405761 -0.3061882 -2.5823975 -0.6397319 -0.7396027 0.3405883 -0.2566202 0.5207047
1413393308.555760 -0.3218910 -2.5042353 -0.6314235 -0.7251549 0.3778593 -0.2670885 0.5099379
1413393309.005760 -0.3477411 -2.2999375 -0.7046986 -0.6627854 0.4710014 -0.3240398 0.4836027
1413393309.155761 -0.3497851 -2.2497871 -0.7420751 -0.6433212 0.4937532 -0.3448871 0.4726506
1413393309.455760 -0.3622274 -2.1703353 -0.7971157 -0.6307303 0.5084378 -0.3739909 0.4514435
1413393309.605761 -0.3753912 -2.1326737 -0.8137726 -0.6392053 0.5099905 -0.3710381 0.4400647
1413393309.755760 -0.3869789 -2.0912409 -0.8235947 -0.6460217 0.5121883 -0.3612111 0.4357129
1413393310.055760 -0.3823392 -2.0102999 -0.8313438 -0.6414551 0.5205343 -0.3390138 0.4501656
1413393310.205760 -0.3626182 -1.9824879 -0.8321693 -0.6411075 0.5123463 -0.3476542 0.4534523
1413393310.355761 -0.3368676 -1.9620237 -0.8345379 -0.6465470 0.4995987 -0.3633955 0.4475734
1413393310.705760 -0.2755529 -1.9084740 -0.8390497 -0.6391953 0.5068554 -0.3547576 0.4568087
1413393310.855761 -0.2466794 -1.8900512 -0.8400930 -0.6351099 0.5150474 -0.3451270 0.4607049
1413393311.305760 -0.1267242 -1.8756704 -0.8933692 -0.6402791 0.5167592 -0.3612096 0.4387828
1413393311.755760 0.0508649 -1.8550415 -0.9793916 -0.6423089 0.5082579 -0.3748047 0.4343209
1413393311.905761 0.1200943 -1.8375485 -0.9874846 -0.6413766 0.5005172 -0.3772490 0.4424951
1413393312.055760 0.1863841 -1.8146368 -0.9920725 -0.6421535 0.4891363 -0.3781436 0.4532018
1413393312.405761 0.3109740 -1.7457523 -0.9992748 -0.6424674 0.4904840 -0.3570753 0.4681436
1413393312.555760 0.3570789 -1.7173607 -0.9988719 -0.6407662 0.4996598 -0.3425849 0.4715872
1413393313.005760 0.4946129 -1.6683768 -0.9923165 -0.6438053 0.4811010 -0.3584855 0.4749155
1413393313.455760 0.5888364 -1.6328609 -0.9579614 -0.6677772 0.4675750 -0.3396357 0.4691425
1413393313.905761 0.6724348 -1.6480025 -0.9613893 -0.6373379 0.4793679 -0.3635472 0.4814980
1413393314.255760 0.6922566 -1.7221066 -0.9633979 -0.6443928 0.5027139 -0.3633362 0.4472399
1413393314.405761 0.7027901 -1.7501775 -0.9601964 -0.6561120 0.4886521 -0.3582294 0.4498977
1413393314.605761 0.7167310 -1.7770417 -0.9603149 -0.6833121 0.4548318 -0.3373600 0.4608699
1413393315.005760 0.7641282 -1.7781425 -0.9708513 -0.7303032 0.3912050 -0.2804421 0.4847353
1413393315.905761 0.9763122 -1.5167193 -0.9851063 -0.7192390 0.3696102 -0.2786121 0.5181302
1413393316.055760 0.9895835 -1.4527712 -0.9417640 -0.7182509 0.3713970 -0.2753373 0.5199705
1413393316.355761 1.0066092 -1.3306081 -0.8409588 -0.7209396 0.3621002 -0.2822127 0.5191201
1413393316.505760 1.0055261 -1.2691944 -0.7855996 -0.7227862 0.3625243 -0.2762428 0.5194672
1413393316.655761 1.0011058 -1.2077754 -0.7335477 -0.7263944 0.3619675 -0.2712249 0.5174629
1413393317.155761 0.9852914 -0.9897501 -0.6992095 -0.7305208 0.3473437 -0.2673814 0.5236401
1413393317.455760 0.9607347 -0.8534313 -0.7205439 -0.7226979 0.3438960 -0.2746145 0.5329449
1413393317.905761 0.8565987 -0.6705090 -0.8093383 -0.7208459 0.3525683 -0.2764792 0.5288062
1413393318.255760 0.7353393 -0.5440959 -0.8880821 -0.7206723 0.3746748 -0.2695995 0.5172681
1413393318.655761 0.6003376 -0.4172250 -0.9968067 -0.7115569 0.3885668 -0.2631207 0.5229437
1413393318.805760 0.5641223 -0.3767281 -1.0325660 -0.7106672 0.3880858 -0.2630858 0.5245260
1413393318.955760 0.5325248 -0.3438292 -1.0578538 -0.7042313 0.3807275 -0.2713902 0.5342774
1413393319.105761 0.4960303 -0.3194083 -1.0756565 -0.7052689 0.3794613 -0.2737347 0.5326107
1413393319.855761 0.3101650 -0.3655066 -1.1269264 -0.7359925 0.3833418 -0.2508362 0.4984430
1413393320.055760 0.3116177 -0.3809040 -1.1545792 -0.7349756 0.3660954 -0.2700880 0.5028296
1413393320.255760 0.2670932 -0.4048171 -1.1419518 -0.7232455 0.3677725 -0.2745218 0.5160397
1413393320.355761 0.1871418 -0.4297734 -1.0920150 -0.7215273 0.3693863 -0.2790744 0.5148491
1413393320.455760 0.0782585 -0.4644361 -1.0122967 -0.7110368 0.3842403 -0.2863498 0.5145773
1413393320.555760 -0.0590481 -0.5029455 -0.9193316 -0.7036828 0.3919522 -0.2930414 0.5151026
1413393320.655761 -0.2181079 -0.5442781 -0.8354372 -0.7017753 0.3920145 -0.2978568 0.5148956
1413393320.755760 -0.3921254 -0.5874286 -0.7728411 -0.6966381 0.3942296 -0.3030530 0.5171435
1413393320.955760 -0.8256421 -0.7565626 -0.5895884 -0.6784636 0.3886106 -0.3331729 0.5269390
1413393321.055760 -1.0818019 -0.8775426 -0.4964739 -0.6834850 0.3925080 -0.3358839 0.5157207
1413393321.255760 -1.6199791 -1.1440257 -0.3005347 -0.6565229 0.3856149 -0.3466772 0.5478082
1413393321.755760 -3.1118109 -1.9125285 0.1957211 -0.6558034 0.3970858 -0.3383279 0.5456913
1413393322.155761 -4.4763455 -2.6495380 0.5871119 -0.6553403 0.3965950 -0.3383439 0.5465940
1413393322.205760 -4.6577682 -2.7491004 0.6351137 -0.6552306 0.3965095 -0.3384520 0.5467205
1413393322.255760 -4.8414660 -2.8503189 0.6827979 -0.6552920 0.3966565 -0.3383979 0.5465739
1413393322.305760 -5.0275698 -2.9532976 0.7302475 -0.6554797 0.3966436 -0.3382048 0.5464776
1413393322.355761 -5.2162290 -3.0578704 0.7774463 -0.6555227 0.3964832 -0.3381580 0.5465714
1413393322.455760 -5.6004767 -3.2720618 0.8710551 -0.6555796 0.3965145 -0.3380765 0.5465308
1413393322.505760 -5.7963104 -3.3816159 0.9175839 -0.6556836 0.3963504 -0.3379010 0.5466335
1413393322.555760 -5.9944429 -3.4929156 0.9638195 -0.6558219 0.3961797 -0.3378333 0.5466333
1413393322.605761 -6.1949730 -3.6058342 1.0097809 -0.6558779 0.3962587 -0.3377892 0.5465361
1413393322.705760 -6.6032095 -3.8368893 1.1010885 -0.6560949 0.3961421 -0.3375077 0.5465341
1413393322.855761 -7.2330451 -4.1964359 1.2359600 -0.6562358 0.3959416 -0.3375303 0.5464965
1413393322.905761 -7.4476862 -4.3197308 1.2804356 -0.6562999 0.3958562 -0.3374299 0.5465432
1413393322.955760 -7.6646862 -4.4447269 1.3248177 -0.6562377 0.3956438 -0.3373764 0.5468046
1413393323.155761 -8.5565090 -4.9612408 1.5007639 -0.6563797 0.3954008 -0.3370433 0.5470154
1413393323.205760 -8.7853184 -5.0945349 1.5443449 -0.6563497 0.3953651 -0.3370521 0.5470718
1413393323.255760 -9.0164948 -5.2294626 1.5877552 -0.6563603 0.3953126 -0.3370323 0.5471091
1413393323.355761 -9.4860039 -5.5040989 1.6741199 -0.6563088 0.3951984 -0.3369526 0.5473025
1413393323.405761 -9.7242317 -5.6437712 1.7170153 -0.6562379 0.3952372 -0.3369820 0.5473414
1413393323.455760 -9.9649296 -5.7850628 1.7595310 -0.6562300 0.3951209 -0.3368976 0.5474868
1413393323.905761 -12.2396278 -7.1291637 2.1334667 -0.6565742 0.3947002 -0.3364002 0.5476834
1413393324.105761 -13.3133316 -7.7685289 2.2958565 -0.6566109 0.3947503 -0.3363445 0.5476374
1413393324.355761 -14.7098532 -8.6042547 2.4950676 -0.6566293 0.3948318 -0.3362673 0.5476039
1413393324.805760 -17.3750305 -10.2116671 2.8415127 -0.6567432 0.3948205 -0.3360457 0.5476115
1413393325.205760 -19.9067574 -11.7521381 3.1345043 -0.6568452 0.3948842 -0.3357369 0.5476329
1413393325.605761 -22.5901794 -13.3986092 3.4127903 -0.6566449 0.3951442 -0.3358602 0.5476098
1413393326.055760 -25.7893410 -15.3774586 3.7126503 -0.6566747 0.3950807 -0.3356041 0.5477769
1413393326.155761 -26.5262852 -15.8352489 3.7774010 -0.6566509 0.3951155 -0.3355745 0.5477984
1413393326.205760 -26.8983383 -16.0666046 3.8095055 -0.6566612 0.3951350 -0.3355424 0.5477915
