1413394881.705760479 0.0 0.0 0.0 -0.013697446717165314 -0.7975166351167805 0.0 0.6031414400167165
1413394881.905760527 0.00026541226129410964 0.002007865523706956 -0.001418664135275593 -0.014890646193748426 -0.7974219100886182 -0.0009268925429183036 0.6032376868505203
1413394882.105760574 0.0002510725464062113 0.0011131768801221562 -0.00293639994467314 -0.01650976575505201 -0.7974366157148284 -0.001803865730701703 0.603174118825087
1413394882.305760622 -0.00014362005661048356 0.0008636083351584268 -0.0035797498938073486 -0.018081168320309572 -0.7976089974701188 -0.0026737291255288114 0.6028978434854848
1413394882.505760431 0.00027519813362158135 0.001113837537395214 -0.004204142631555532 -0.0191020380180801 -0.7975911939406856 -0.0030507990638343235 0.6028881257056733
1413394882.705760479 0.0004479322775942115 0.0011158872255604964 -0.0047519159325964296 -0.020241352791365266 -0.797616282383796 -0.00360658293955218 0.6028146865106458
1413394882.905760527 0.0003972249442639168 0.0008914805829368496 -0.0050156652705877275 -0.021527644242473574 -0.7976214936637204 -0.004246520695211476 0.6027590567059197
1413394883.105760574 0.00044847903275147596 0.0004527544872322314 -0.005203435168781498 -0.022723979008474567 -0.7976606560946164 -0.004755050629171439 0.6026595124863143
1413394883.305760622 0.00029562697187125356 0.0003096059059586777 -0.005119596891824794 -0.023899535067247454 -0.797596256866197 -0.00532568724696123 0.6026944999848163
1413394883.505760431 0.0003738238929185324 -2.2401996607874803e-05 -0.005021009518443014 -0.024896569739620292 -0.7976117575250847 -0.005696294996084814 0.6026302326437516
1413394883.705760479 0.000773783094867837 -0.0002111812932418972 -0.004815408531671032 -0.02598388402704536 -0.7977361334600143 -0.005898377818094073 0.6024177190971796
1413394883.905760527 0.0009895563986219748 -0.0006251499575307431 -0.004976693988246247 -0.02701517065305044 -0.797707574426073 -0.006611451924050653 0.6024027680558178
1413394884.105760574 0.001016178300511676 -0.0003656736407083168 -0.004713953530025356 -0.02801396952545636 -0.7977207793256297 -0.007199681292331267 0.6023329148675363
1413394884.305760622 0.0009882590012936015 0.0002360370969971709 -0.004014054752512337 -0.028987575106589808 -0.7977984353064316 -0.00760976376815501 0.6021789340448889
1413394884.505760431 0.000765346601894764 0.0007589589125466898 -0.0032001471084533994 -0.029916665194338395 -0.7979471501060141 -0.00821559278412538 0.6019284366239407
1413394884.705760479 0.0006348952521795701 0.001649046804869306 -0.0028020487323721106 -0.03086629050819805 -0.7978662839466042 -0.008763988845721972 0.6019799477981039
1413394884.905760527 0.0006418466745329437 0.002597888310829443 -0.0022681950582968914 -0.03178153971705741 -0.7978376084311284 -0.009230790780631022 0.6019633517147616
1413394885.105760574 0.0005242375320886164 0.002924743004207084 -0.0021894354700436494 -0.03256525886480502 -0.79778388285873 -0.009591911737707695 0.6019870226135499
1413394885.305760622 0.0003594743832794412 0.0034174762169701346 -0.0018608176606944417 -0.033375763965094056 -0.7977499071669676 -0.01008392561691279 0.6019796162985812
1413394885.505760431 7.829851776521409e-05 0.003908243806884135 -0.0014821344840217215 -0.03421255324157378 -0.7978087030325479 -0.010362439371419264 0.6018499766690059
1413394885.705760479 -3.583157437535292e-05 0.004535795483764701 -0.0012365291597343986 -0.03495991292790126 -0.7977944018155136 -0.010872227734991398 0.6018169917707303
1413394885.905760527 -0.0004934178262769971 0.004615770666671444 -0.0010441185159847902 -0.03575560593898569 -0.797875631691353 -0.01148177655176648 0.6016512127506
1413394886.105760574 -0.0008459733312854863 0.004653134608491281 -0.0006328875300251027 -0.036544297606040096 -0.7979373516047381 -0.011931149131026254 0.6015132125788277
1413394886.305760622 7.629903200662158e-05 0.004970077167653172 -0.0005595767698682048 -0.03727665854538254 -0.79824588044908 -0.01243149391534502 0.6010486028873099
1413394886.505760431 4.638818449602561e-05 0.0048153662966466315 -0.0006330514225261196 -0.03768145112793026 -0.7990517244930972 -0.012272163127648039 0.5999548681673136
1413394886.705760479 -0.001975527970064505 0.00490077458636014 -0.00019004153855534892 -0.03768849074582783 -0.8004709581450752 -0.012204846305577171 0.5980609204405959
1413394886.905760527 -0.00485956467667017 0.004887050185662604 4.953669360104393e-05 -0.037456774819275465 -0.8028419242388084 -0.01272523029242493 0.5948780574358566
1413394887.105760574 -0.0031659781035393484 0.00613777494893235 0.00027892261681390884 -0.0378577941360082 -0.808504460153294 -0.014652245217269629 0.5870882702332474
1413394887.305760622 0.0028076287064430897 0.008920972570079792 0.02307538797699743 -0.037396292320282104 -0.8083900224194475 -0.023462347257459173 0.5869894438868029
1413394887.505760431 0.01195525468544965 0.00731115223285825 0.0791070609138132 -0.03723815809106438 -0.8108478769218868 -0.031268942021518954 0.5832334809817544
1413394887.705760479 0.018338658053767023 -0.0020251150178342437 0.1685967618042181 -0.03852567408141294 -0.820975011887483 -0.03437311432461275 0.5686249126661019
1413394887.905760527 0.010164012227733242 -0.020666928541847193 0.24023109148559296 -0.040240107822933496 -0.8318665213973525 -0.03447517474834162 0.5524403014142996
1413394888.105760574 -0.024591712347514796 -0.04722331764045641 0.2910338458512208 -0.03999450902929115 -0.8278340634987787 -0.03382753465425857 0.5585220680132567
1413394888.305760622 -0.0815989092769446 -0.08048773549477362 0.35015235293959474 -0.03595571852134368 -0.8208147147854358 -0.03532266770789901 0.5689663429793531
1413394888.505760431 -0.14905769613914693 -0.1222781203828042 0.41241893385045025 -0.03562358251694381 -0.8245497721285221 -0.032226311675321716 0.5637464842349343
1413394888.705760479 -0.2292864004357037 -0.17068643898014502 0.44032318323221986 -0.039575204037932896 -0.8242995953562909 -0.024825279351555866 0.5642230816139224
1413394888.905760527 -0.32171932560779354 -0.21637611235847248 0.44067998211386655 -0.04681855796900391 -0.8126712580952499 -0.012343643878018345 0.5807073990844118
1413394889.105760574 -0.41391335127985085 -0.25183487501178425 0.4492702844830575 -0.05124905681350658 -0.8072107776207966 -0.0047341731159275865 0.5880152058182218
1413394889.305760622 -0.49478618879425146 -0.2733568499018468 0.4779406914401003 -0.04369468394919113 -0.7860532459692751 -0.014906718755676866 0.6164323635498621
1413394889.505760431 -0.5322008783356974 -0.291908267679612 0.528205790133218 -0.036144862389303666 -0.7307480771678989 -0.02479366217150089 0.6812386299633836
1413394889.705760479 -0.4808035612718187 -0.31786674487388644 0.5640257345362005 -0.03821479545038731 -0.7880833313170421 -0.0262665308723933 0.6138194862211772
1413394889.905760527 -0.39441879627724996 -0.35166650169594765 0.6025728809039251 -0.04549191998081875 -0.8548476563753385 -0.021565215388027005 0.5164309354514822
1413394890.105760574 -0.3675345417828292 -0.3809075618737166 0.6302542857246247 0.05360254301715248 0.8856013132950205 0.014832105122880126 -0.4611042072350266
1413394890.305760622 -0.4458959329987189 -0.3923893103212735 0.639744038258558 -0.06564850595967377 -0.8492887488848659 -0.004169457097252776 0.5238143853602436
1413394890.505760431 -0.5818171357553799 -0.3789364094910121 0.6245345351936376 -0.07024486827342848 -0.779320761612892 0.0034771115662715216 0.6226658162252737
1413394890.705760479 -0.6717896512812095 -0.3410407367982129 0.6059210770633415 -0.05432716328656633 -0.733491139121398 -0.011139909130561915 0.6774328089074027
1413394890.905760527 -0.6658608660406133 -0.29705960770091255 0.5783089258132127 -0.04296728384492101 -0.777948140120928 -0.019766790911246192 0.6265459103516908
1413394891.105760574 -0.6113328929953129 -0.2568051464359012 0.5472511792070675 -0.04119100943820983 -0.8522235085275065 -0.02054807583879987 0.5211488931522567
1413394891.305760622 -0.6125626599941494 -0.21771680668741913 0.5312008181871418 0.041131390504408886 0.8790558057478035 0.021075848593788055 -0.47447329503597047
1413394891.505760431 -0.711583410674254 -0.1754596321163847 0.5360387017535687 -0.03333866705924503 -0.855007084362916 -0.030181342544562888 0.5166628548000282
1413394891.705760479 -0.8689284743202552 -0.1392156026770782 0.5476495266091372 -0.025897232933019713 -0.8223443638641121 -0.03702643020845437 0.5671931981374007
1413394891.905760527 -1.0340890007271075 -0.1201168890775728 0.5759223349407633 -0.019675212607640227 -0.8033193702780632 -0.040144248571583406 0.5938680953305175
1413394892.105760574 -1.1824170761069843 -0.12676087028939328 0.6442640936927924 -0.009483707293292678 -0.7733535039549208 -0.038405732815020355 0.6327396122446721
1413394892.305760622 -1.285170673993077 -0.16584069623647313 0.7096777326412597 0.023666850304198815 -0.7682097045697135 -0.014526078407173447 0.6395957497104522
1413394892.505760431 -1.3402649796301596 -0.22851530110702306 0.7266486927293306 0.0707199887531385 -0.767922039704306 0.02627685181878315 0.6360848616227252
1413394892.705760479 -1.346733259549861 -0.3085197319176608 0.7238749475459836 0.12964786961249752 -0.7768985653422823 0.07802762123759911 0.6111724301684561
1413394892.905760527 -1.318254123835393 -0.4000549850706078 0.7399140491832041 0.19776409543225212 -0.780470167896657 0.13026435468345 0.5786077060324176
1413394893.105760574 -1.278330167024442 -0.49889563307553464 0.7628012836540559 0.2643709913726268 -0.7780587523937815 0.16326899222376184 0.5459631790902043
1413394893.305760622 -1.2450820569044563 -0.6149778119457795 0.7937069723287148 0.3196083453162758 -0.7599487520702167 0.19100388401163843 0.5327719175440222
1413394893.505760431 -1.2115219305182858 -0.7546514649504694 0.8341330832101769 0.3497484226171469 -0.7305937724890899 0.20164535192682248 0.5506795188884719
1413394893.705760479 -1.1552946641266248 -0.9054843109859079 0.8467145764031279 0.36962978540988123 -0.7074738804977135 0.18556464117492247 0.5730796577238879
1413394893.905760527 -1.0550799949209417 -1.063419291557706 0.8316585310108302 0.36454399098518847 -0.7002476045570069 0.176994104450379 0.5877363847325838
1413394894.105760574 -0.8946284802503264 -1.2375959398886114 0.8060329861638306 0.3614518725130848 -0.6935562223701144 0.2043285876367633 0.5887122714389434
1413394894.305760622 -0.6766781088306637 -1.4114571063096255 0.7632999557421304 0.36934996469542464 -0.6932526030722332 0.2703001685747707 0.5567039166212675
1413394894.505760431 -0.433021613640721 -1.5627050153589415 0.7100193217930479 0.4030890056023654 -0.6857815827438224 0.3133416350968457 0.5186905571211486
1413394894.705760479 -0.18611810149113742 -1.688922016740372 0.6434830025476457 -0.4421569940529229 0.6668196826679388 -0.3367031898912916 -0.4964671845487078
1413394894.905760527 0.045495182575247095 -1.79399492276418 0.5712974522806477 -0.4708691076663374 0.6522278890084394 -0.34147586808362473 -0.4860815731557992
1413394895.105760574 0.2675018787708812 -1.880215227092214 0.5067749910896887 -0.47201440198426375 0.6616956842165247 -0.3527151995520753 -0.4636304711875414
1413394895.305760622 0.47113491776167216 -1.9533704944423833 0.4636693176608496 -0.46784381915468026 0.6680536320577755 -0.3498093729928625 -0.46093373508509383
1413394895.505760431 0.6578863978517281 -2.0223726582055135 0.4476106772907862 -0.4794565727672017 0.6578747091107708 -0.31487646151998727 -0.48803183904677544
1413394895.705760479 0.855455710847719 -2.090435591511198 0.48096820686677383 -0.47238153731968036 0.6669518278414899 -0.31055789285169144 -0.48537072194960984
1413394895.905760527 1.0599981120769544 -2.162551664574369 0.5509823517284144 -0.46395290157414043 0.6741929105865772 -0.32072869623360395 -0.4768068034833438
1413394896.105760574 1.2550672446103972 -2.2398062315369462 0.5838072945903221 -0.46438884919464357 0.6718434762089642 -0.3256108639294287 -0.4763894473120033
1413394896.305760622 1.4412970612839069 -2.322360917140599 0.5720570955905945 -0.45625344367103027 0.6779692500957731 -0.34246108729201286 -0.46358483015910645
1413394896.505760431 1.59999633025729 -2.4035032718818203 0.5457986603204966 -0.4320693807125784 0.6951625513338008 -0.37697794684387675 -0.4335351255285741
1413394896.705760479 1.6934565785760978 -2.4720530724544094 0.4993648206516797 -0.4028773740038103 0.7106831767161745 -0.412407660107241 -0.4031614636014204
1413394896.905760527 1.686021744044622 -2.511284467062738 0.4284989258813465 -0.3756099636486609 0.7173623133496236 -0.4392965668031467 -0.38900770299373516
1413394897.105760574 1.5434837852154157 -2.497951712826848 0.37067626154682215 -0.3671300599397755 0.7203936385755064 -0.4466203630693811 -0.3831171829614248
1413394897.305760622 1.2558781428466468 -2.430134140052301 0.34397194062745134 -0.3995645634265992 0.7079285276794851 -0.4082797493623905 -0.4153227728066662
1413394897.505760431 0.8807163264873228 -2.328715826253314 0.34471482570171463 -0.4477766032623026 0.6750383486736544 -0.34781482174554934 -0.4720637575210601
1413394897.705760479 0.4962168823654289 -2.2228296911675205 0.3601146685305938 -0.4599358859676329 0.6627245431561415 -0.33393835794389637 -0.4875862321593557
1413394897.905760527 0.13092825241336414 -2.1082283355960545 0.39508631953303674 -0.45931966771691535 0.6521526028318312 -0.33831487222655776 -0.49926493237397385
1413394898.105760574 -0.20731687527594161 -1.9805968395609794 0.4456284710776569 0.4630180618929606 -0.6491397012518254 0.33437837019840744 0.5024171853777859
1413394898.305760622 -0.5087838685464104 -1.843869858799093 0.5064021860659202 0.481761806628625 -0.637324814193721 0.3149154259745537 0.5123972261537217
1413394898.505760431 -0.7525737112004653 -1.711801175995078 0.5711531971255996 0.5193460785342447 -0.611315024873945 0.29921061365234036 0.5167655171856519
1413394898.705760479 -0.9155501621547399 -1.5945735608965907 0.6374077718971091 -0.5596585746901995 0.5893239996644771 -0.30064222650611133 -0.4990929320643851
1413394898.905760527 -0.998963363546011 -1.502585069290724 0.7089682799657712 0.5849920168987699 -0.5847480914081367 0.29411576567987724 0.47890492390212785
1413394899.105760574 -1.0002573380859148 -1.4490330532455546 0.7744628208866449 0.599176031378033 -0.584575737997317 0.27901833901540074 0.470540175181635
1413394899.305760622 -0.9235135034829189 -1.4425900502540685 0.8014226214363144 0.6014853903144728 -0.5916200977186423 0.27670762336803334 0.46003682068238794
1413394899.505760431 -0.7771343659036655 -1.484856157821597 0.7875848294532665 -0.5816537330332101 0.6059114715993905 -0.3207260144134081 -0.43781850932921823
1413394899.705760479 -0.5888898636635125 -1.5684279524349973 0.7439476999194653 0.597283696404549 -0.5899583631787938 0.3561590124424987 0.4103072916493422
1413394899.905760527 -0.3755138488863113 -1.688174247984519 0.7080692047775042 0.631132633270726 -0.5449580569219266 0.39239339530613443 0.3882264013905836
1413394900.105760574 -0.14378383962911662 -1.829410014881636 0.7020597255181189 0.6511724552506868 -0.4990257971728309 0.4453933154805333 0.3585700514599554
1413394900.305760622 0.08703343320186394 -1.973018886168518 0.7236037480212945 0.6652571500103049 -0.4538695470105578 0.48935970402290485 0.3346078880348424
1413394900.505760431 0.30545281498208027 -2.0969642515593363 0.7167293124822843 0.6937417189757628 -0.3986432461285556 0.5004124077171718 0.33074674884459493
1413394900.705760479 0.5271070965560871 -2.1913192231441814 0.6859741937914794 0.72624349716536 -0.3400132743256481 0.49392478208938095 0.3361542291051254
1413394900.905760527 0.7856673088094306 -2.2306531175823756 0.6807126693050539 0.7507529166604635 -0.291689509122901 0.5026923295527058 0.31398679940763086
1413394901.105760574 1.0891135388944688 -2.1983833304433786 0.7373281882455889 0.7667282373883166 -0.23825863775879721 0.5279297126482503 0.2768588991305698
1413394901.305760622 1.3991998485643629 -2.1018775730729624 0.7840546721146878 0.7646231065438646 -0.2039393584710193 0.575201699377209 0.20713099246404612
1413394901.505760431 1.682325968012497 -1.9664891233834618 0.8024849495353837 0.7506521249930007 -0.1833319379474057 0.6212503590359849 0.13022587749573453
1413394901.705760479 1.9095482408260316 -1.8215626010810033 0.7808452383263778 0.7707858173767549 -0.14194956655291419 0.6145085557264899 0.09010426862899053
1413394901.905760527 2.085194971043471 -1.6668487128647107 0.7542875733524158 0.7896578180932826 -0.061390333926210974 0.6058415008528336 0.07501888474846675
1413394902.105760574 2.217347660467532 -1.4925415869523546 0.7549237066697454 0.792422654733291 0.01072414476103636 0.6087098887404488 0.037730628594163096
1413394902.305760622 2.3088599397042064 -1.2956652343235624 0.7588292153290294 0.7835475998514921 0.06386677585841137 0.6180072236705044 -0.0064237994538866895
1413394902.505760431 2.3474448922532254 -1.0852488655056518 0.7432443518852092 0.7674240202850339 0.09552851136418133 0.6315146431798708 -0.055892146634649656
1413394902.705760479 2.3210728236305482 -0.8878217531856186 0.73104774396313 0.7740837482323379 0.07694690769568023 0.6142419390721081 -0.132590966523033
1413394902.905760527 2.2598436615797297 -0.7418704249550421 0.7253751394894279 0.7915098517790112 0.0657350894520654 0.5870930545193862 -0.156565634436556
1413394903.155760288 2.162319659887446 -0.6413698058714127 0.6829988233257377 0.814945609682046 0.055554848349567316 0.562231241768716 -0.12912529908561746
1413394903.355760336 2.092113538529375 -0.616589615032064 0.5955705794879642 0.8403621318339629 0.025039923661421003 0.532749154454991 -0.09665830554032666
1413394903.555760384 2.056352436399571 -0.6316589013162144 0.5290292129382229 0.824511267021135 0.007041083134651241 0.5630746512698162 -0.055484509557124875
1413394903.755760431 2.0385124601445446 -0.6688237379306166 0.5163092303571403 0.8152291862726054 0.0069667202498791755 0.5785929246185131 -0.024146764577998164
1413394903.955760479 2.0289159055128305 -0.7039111759182178 0.5523782863903308 0.8167099447058833 0.01821273084945198 0.5767073960836981 0.007857604965962781
1413394904.155760288 2.0155161018375267 -0.732594182024427 0.5613668926183519 0.8267306268283422 -0.029004575154824953 0.5617388481955028 0.011165648750344582
1413394904.355760336 2.015472185396389 -0.7679084192052904 0.5357694526532888 0.8402115518829951 -0.09757773941679079 0.5322707174020732 0.034799658746621526
1413394904.555760384 2.0477947788508404 -0.8226085253914167 0.4906604120764024 0.8303451113643909 -0.16415395076476275 0.5241269583944359 0.09418815193904581
1413394904.755760431 2.112142206894773 -0.8941543395688559 0.4613997135248825 0.7920800300001041 -0.23187690599521127 0.5427545759935756 0.1557555674095453
1413394904.955760479 2.1854956911188514 -0.9699310148215897 0.4490501506730904 0.7483905029848932 -0.2921491007133536 0.554168197469647 0.2178489543411782
1413394905.155760288 2.243671211779773 -1.0243673531490685 0.4538502783413818 0.6889859437974715 -0.34934649379689764 0.5749487535092259 0.26960958321135897
1413394905.355760336 2.2608247224938185 -1.042020259210907 0.4454461512513573 0.7019805766180965 -0.42881955937568195 0.508229233460315 0.25502960966132643
1413394905.555760384 2.262020297619603 -1.077811279419952 0.4424331590092664 0.7457875139181065 -0.48192719203345835 0.40576437074159644 0.2165697141780842
1413394905.755760431 2.296343220534706 -1.2216863250907324 0.47968706940838807 0.7319293142559748 -0.45157208534906423 0.43293196971734527 0.27005932730203874
1413394905.955760479 2.3608671974067565 -1.4117535927763014 0.5406354900517446 0.6589260574398152 -0.38785444302353095 0.5456020791183049 0.3430798057528035
1413394906.155760288 2.400926488482981 -1.5320640226595892 0.6032183939192329 0.6085113778071871 -0.3691119207380743 0.6135983469709726 0.342004914646857
1413394906.355760336 2.362612542162827 -1.5617751465785235 0.6677544676151823 0.64345858376497 -0.42800928762452656 0.5650518796839709 0.28893852971144834
1413394906.555760384 2.255943551383274 -1.5501819299891768 0.6975342650384326 0.6991724246111121 -0.4870098252876291 0.44285245743142226 0.2790359326028937
1413394906.755760431 2.1447780545050006 -1.583711466370653 0.7088079826427197 0.6874455449897089 -0.5161228427272562 0.39601574124666244 0.32281165805104994
1413394906.955760479 2.066626232089719 -1.6655113511992896 0.7100818853065809 0.6010805910926422 -0.48947412231681137 0.4684065918573806 0.4239250774586105
1413394907.155760288 2.006737550685395 -1.6838418824531654 0.7127055391183519 0.531068863625854 -0.46206788714468494 0.5303444776211796 0.47243397931699416
1413394907.355760336 1.9540369794501373 -1.578603235080018 0.6899575004743784 0.5791098666206386 -0.529379484469128 0.4721107976736574 0.4018712710876396
1413394907.555760384 1.8821378386005077 -1.429387716082361 0.6464047087893722 -0.5913533715249878 0.6358738756300102 -0.4156000952395277 -0.27063289732424084
1413394907.755760431 1.7421200171502278 -1.3656081884325615 0.6011238899080175 -0.586490321364186 0.6523115397367266 -0.37570513140709955 -0.29893881030526837
1413394907.955760479 1.5598512740200055 -1.392712170977443 0.5509526706058943 -0.5583329346016945 0.5672463240427945 -0.4082057636887939 -0.44706151309430964
1413394908.155760288 1.4023221518025495 -1.3917921836456189 0.46235743002625135 0.5538060860941348 -0.5454439280695984 0.4153341645132545 0.47253282650516176
1413394908.355760336 1.276121349141442 -1.3462908391842254 0.355709573714261 0.6070962891159174 -0.5973168347709155 0.3448174443947686 0.3946487358168294
1413394908.555760384 1.178967310271809 -1.348181278536783 0.29182566884320704 -0.6215225863110383 0.6278319279578829 -0.32483019419757886 -0.3376715710263695
1413394908.755760431 1.1048008088886698 -1.4451989366896802 0.3288184499351278 0.590254046232587 -0.5563166570636842 0.3996325493421916 0.4270898775265115
1413394908.955760479 1.067621476078215 -1.5086155715749443 0.41498960722611905 0.5401618748238839 -0.49407582292616103 0.4767190569133988 0.4866756321842497
1413394909.155760288 1.040350033468457 -1.5012615388798827 0.5166331752770151 0.549017508043247 -0.5298538683885623 0.47801392452288927 0.4351291095498747
1413394909.355760336 0.9902424235577078 -1.4386494732344097 0.593813723759011 -0.5844607832304405 0.608464391281888 -0.39263981743321713 -0.36607465245978205
1413394909.555760384 0.9123115169283531 -1.4073992083943934 0.6627837079961639 -0.5381153972453764 0.6486186150667581 -0.3808903685119789 -0.3803264894942931
1413394909.755760431 0.7937320024986179 -1.419180691526637 0.7456639144681667 -0.4733373104252336 0.634555597936792 -0.4141820752610135 -0.4491594285093805
1413394909.955760479 0.649102871104845 -1.4002615743898912 0.8392407707777535 0.4496657760978665 -0.592546169254863 0.41977923213957513 0.5200722289949332
1413394910.155760288 0.5179022043023912 -1.3141215269216069 0.8894397295557714 -0.5001254991472467 0.6352889129513093 -0.3505620334830629 -0.47264018329380053
1413394910.355760336 0.40468757271054556 -1.2339549074028535 0.8906526439479807 -0.5330552664831801 0.6825165635346776 -0.3036556619561951 -0.3972612016510268
1413394910.555760384 0.2760043628996075 -1.2257336899782088 0.8687573812634853 -0.5370511507212383 0.6779061233792013 -0.30790629603739056 -0.3965010242791612
1413394910.755760431 0.1343861351151968 -1.2843447102146583 0.8497952589578335 -0.4897226029049215 0.6011445066788556 -0.39171355111183676 -0.49533579334541705
1413394910.955760479 0.009665114271418584 -1.300537338218128 0.8179106607436272 0.45241836002319596 -0.5682814508137369 0.44957259870141775 0.5198637308675689
1413394911.155760288 -0.08923050786730999 -1.2254455208760904 0.7573799235922816 -0.49135333789526414 0.607236965326312 -0.41060333972999685 -0.47036162968821776
1413394911.355760336 -0.18564480854727095 -1.1014585833037105 0.6794599959422952 -0.5471973800476362 0.6575990665869791 -0.32159186692890596 -0.40585362634579136
1413394911.555760384 -0.2860332611485158 -1.0294544415444788 0.5875801288577132 -0.5533853964277011 0.672337621392401 -0.2956889216091 -0.392803751915027
1413394911.755760431 -0.3832364568574914 -1.0338117684218608 0.5109013650784142 -0.5034672587273764 0.6277164067947699 -0.35461569699827233 -0.4761728042134994
1413394911.955760479 -0.45063028039085257 -1.0228290806612963 0.46660948993480456 0.46581029450188155 -0.5877523053569739 0.3909704758634988 0.5335823123815512
1413394912.155760288 -0.47475910376723895 -0.9547021431289312 0.44441244405984015 -0.5003516714038654 0.6490633628168804 -0.32977203986271014 -0.4686313665312
1413394912.355760336 -0.479977672590033 -0.8960553674131573 0.45108205689982434 -0.5022090113324449 0.6953533360136274 -0.2758070224648281 -0.4338206235187532
1413394912.555760384 -0.4909913582347955 -0.9094748803001255 0.48236343424958505 -0.45194238095286793 0.7219808458524728 -0.27004602441181336 -0.44896201088742144
1413394912.755760431 -0.519971726785399 -0.9718846668129232 0.5298614494086441 -0.38187656662897396 0.7259567949289304 -0.28852911449816543 -0.49387039782010195
1413394912.955760479 -0.5642949616532353 -1.0448728353668333 0.5753916299322365 0.3520543306179273 -0.7321710379636598 0.2772499240548391 0.5129481446226045
1413394913.155760288 -0.6126526032480536 -1.118088222388295 0.620684220420789 0.35971333566466174 -0.7264929610071135 0.24882530964048527 0.5300002443718778
1413394913.355760336 -0.6433670536981653 -1.2041028133332998 0.6700934805862067 0.38354727020547497 -0.706221818693013 0.2641031275769029 0.5332839509339851
1413394913.555760384 -0.6451129175392482 -1.2986049365435284 0.7050737342212047 0.4426502320676561 -0.6640558530000192 0.29311254295199174 0.5264747223854613
1413394913.755760431 -0.6088180244947698 -1.3894990985143647 0.6928584971203552 0.5218222915992283 -0.6157843397531905 0.31284286253421395 0.5006400765679436
1413394913.955760479 -0.5251400041857395 -1.4868301662652237 0.6321502599071599 -0.574940667596341 0.5885463879299679 -0.3634591484125968 -0.4369826374509292
1413394914.155760288 -0.4172352682479542 -1.5975115549427465 0.5497023323239612 0.6162482996591169 -0.543587845090989 0.40979342068061514 0.3960045961895315
1413394914.355760336 -0.29093522830732244 -1.7164058725143505 0.509843190700905 0.6648896797376559 -0.47736689727997844 0.433944396822401 0.37647685138117565
1413394914.555760384 -0.125646551605094 -1.8310963188693652 0.5297639036806503 0.7010892949267877 -0.4216620731454097 0.4562094561954445 0.35006832002831656
1413394914.755760431 0.07257874206116643 -1.9307718841899473 0.5484594483829639 0.7111027905161952 -0.40271038899611267 0.48852136267131874 0.30578430654346833
1413394914.955760479 0.2826652961297587 -2.018181086630545 0.5263396402107007 0.7254859266978363 -0.3703648022148599 0.5050883144223455 0.285282102623987
1413394915.155760288 0.5041535883919921 -2.0833357138874145 0.46824164326779577 0.7468065168593103 -0.3097118977153628 0.5142829303128649 0.2861321973820296
1413394915.355760336 0.7521048368156666 -2.100808705874981 0.41791824160203905 0.7728782555700875 -0.23807680454139507 0.5209882444833832 0.273038250646804
1413394915.555760384 1.031606321362812 -2.0476590839799496 0.3813448878790117 0.7842036588334632 -0.17366315301624 0.5455264571092971 0.23930444072415463
1413394915.755760431 1.3288579375030871 -1.9167509116508687 0.35440083215852775 0.7786868874643657 -0.13311231487952835 0.5966652396845188 0.14113268462889209
1413394915.955760479 1.5890476688935526 -1.7381017310724658 0.34548413115038457 0.765813106050798 -0.06372600885951948 0.6355459294084503 0.07450271141302797
1413394916.155760288 1.7783680107898159 -1.5388120513879546 0.3475399314482013 0.7664109455498129 -0.008196812525791682 0.6419480908986515 0.02120668284561253
1413394916.355760336 1.8977961090820996 -1.3301431935151968 0.3510646666446537 0.7998011835635737 0.03301160145484865 0.5988251728841972 -0.025233177758224548
1413394916.555760384 1.9838469120666484 -1.1252040230784446 0.3389733061551048 0.8116975718394752 0.04424792369218981 0.5705068863567916 -0.1170942600565012
1413394916.755760431 2.0621001375521093 -0.9695653205350412 0.29012121312218114 0.7985350740562862 0.07620001145008383 0.5600738925432457 -0.20700852312947998
1413394916.955760479 2.1546518286703042 -0.9079344004232602 0.19880421487303407 0.8002982582006047 0.1742797144005066 0.5275124212575915 -0.2255657874952636
1413394917.155760288 2.2786200299462926 -0.8924962017785304 0.08578644740412295 0.7819250953901115 0.29215661915444713 0.5059940428472368 -0.21727329262095427
1413394917.355760336 2.424753699569644 -0.8696286472009703 -0.018076847205255528 0.7570547812622266 0.3808525867348883 0.4807566436209677 -0.22514976118012026
1413394917.555760384 2.5838432872568258 -0.8087176894526241 -0.10425834360325098 0.7335543311308595 0.4203593071999852 0.47802016013858667 -0.23810254645927212
1413394917.755760431 2.7460899002447094 -0.6910893304367531 -0.16487819612313293 0.7106527588422874 0.43699996498752486 0.4994366228122054 -0.23359526267560324
1413394917.955760479 2.8589447765242775 -0.5214866828224165 -0.1781226628992641 0.6872195607271229 0.46080097244216217 0.5193738489138436 -0.21364115758577426
1413394918.155760288 2.8996383640495864 -0.3045859576865241 -0.20161837902515725 0.6869141873854004 0.4666944603495244 0.4970088751334624 -0.2516492755524471
1413394918.355760336 2.8956180593450886 -0.051587989660752454 -0.2353583523511266 0.6977985390288679 0.4590544760555845 0.44451134270684206 -0.3236600889007383
1413394918.555760384 2.906373820072511 0.2126153778989086 -0.25793117569913737 0.6886701830981812 0.4670169703001149 0.40881213427194446 -0.3748348532820524
1413394918.755760431 2.965970545269012 0.4728600184317083 -0.2680577063119555 0.6459858001798261 0.5173746110253166 0.41283572888160136 -0.38025322982315063
1413394918.955760479 3.0438441545082338 0.7272346299649488 -0.2580782728467729 0.5880596134069701 0.5543261495107866 0.4435101352592041 -0.38756569890821707
1413394919.155760288 3.0976709127509303 0.9571424449771285 -0.19254794607787307 0.5516362897337213 0.5625551422966385 0.43754616914571615 -0.4333387423137513
1413394919.355760336 3.1306218256498655 1.1310648019018894 -0.06921599466561408 0.5027513870348601 0.5839174231804249 0.42643329479120423 -0.47374690588342366
1413394919.555760384 3.1462596840402597 1.2345726799839076 0.06913109561626034 0.44631333859600425 0.6350961190983201 0.4200262916681796 -0.47014384777935764
1413394919.755760431 3.1269646528486597 1.2842039539117853 0.17838870516635863 0.4415595581732596 0.6853149367872844 0.34146675904281126 -0.4677275344371555
1413394919.955760479 3.0768670092571133 1.3247066969801633 0.2510889376103351 0.4294403713195808 0.7212139273822726 0.2601050031692653 -0.4772597047277873
1413394920.155760288 3.010122799282616 1.387437197606089 0.2835562562107973 0.3755035738065188 0.7602321301009964 0.20502013568705513 -0.4888874291524648
1413394920.355760336 2.925700227218926 1.4827621519434093 0.2690435352548442 -0.29937413322741097 -0.792095213144139 -0.1780528241738051 0.5012559161466895
1413394920.555760384 2.8099262043303157 1.5983447737981382 0.2468813246408812 -0.2213773878740345 -0.803072161031583 -0.18142600137325027 0.5226392277084989
1413394920.755760431 2.6582129438619067 1.6973008323463366 0.23753799221446026 -0.17236295056060572 -0.809661132652018 -0.19746696448284806 0.5251158552972269
1413394920.955760479 2.471234231692505 1.749019028988177 0.22673409234831712 -0.1782747163719441 -0.8132408483269818 -0.1814949770690923 0.5233708259098099
1413394921.155760288 2.239481462486662 1.7727148493175906 0.193899730762151 -0.21333108969440942 -0.8024534770332175 -0.15401884454571235 0.5355711520347121
1413394921.355760336 1.9876122272053207 1.7922933708883757 0.1251217919622904 -0.2711263719138319 -0.7821106598155303 -0.10437154822264469 0.5512712455563227
1413394921.555760384 1.7523353538506528 1.8573990368072395 0.0204594413520877 -0.31197137818015747 -0.7760874100917395 -0.07689540813504317 0.5426318155997171
1413394921.755760431 1.528947593357312 1.9958050401968754 -0.08950533720603988 -0.26506803172630944 -0.780599508585593 -0.16435827457119556 0.5416545978135061
1413394921.955760479 1.2947610235981488 2.1394883969275664 -0.1841061244926825 -0.22757340948319643 -0.7596505147969127 -0.18080039147869342 0.581766840844335
1413394922.155760288 1.0715917451938017 2.2576052617676727 -0.2399654947527113 -0.1911596052902877 -0.7541048846835965 -0.13131332896682277 0.6144433560851021
1413394922.355760336 0.89847932547903 2.3560736741390893 -0.2375066707780416 -0.12619609804504237 -0.796479867672324 -0.11255636316592309 0.5805389137186674
1413394922.555760384 0.7398598410189583 2.4319152554525707 -0.15629559783644256 -0.0874094191605932 -0.8143956866382371 -0.10024940609721264 0.5648622093963485
1413394922.755760431 0.5763317535747933 2.481384736364172 -0.039347528665965026 -0.09620667895243154 -0.8189873463525043 -0.0587452454169104 0.5626304271724505
1413394922.955760479 0.40393907912862176 2.5301908373822526 0.07694746767809912 -0.09875650371331926 -0.8291189680630251 -0.04808997047696028 0.5481753775133258
1413394923.155760288 0.20285449532479544 2.589308999745502 0.17440925088439718 -0.09787941043111928 -0.8344007999232087 -0.05240626782102875 0.539859712512585
1413394923.355760336 -0.030751156979256816 2.6485205797101194 0.2656178731735177 -0.08099443658974055 -0.8202257227123804 -0.08059541014969841 0.5605123057571512
1413394923.555760384 -0.2813178408755217 2.6825584133712588 0.3500998606828316 -0.07641696932913304 -0.8324545101508144 -0.05128148160966308 0.5463974240165989
1413394923.755760431 -0.5627815666199107 2.7049966355789365 0.42666972382880747 -0.025141526540498702 -0.8300310668741038 -0.0357977702873444 0.5559989670039394
1413394923.955760479 -0.8597484983184047 2.70758712511626 0.4601672573431637 0.03480488544352171 -0.8191474011321095 -0.010757870966732398 0.572425037345479
1413394924.155760288 -1.1542667398115887 2.681592913725631 0.45601906643721174 0.08584553956458646 -0.8098278434522543 0.03477246458782625 0.579310178585485
1413394924.355760336 -1.440895703681791 2.632014139098159 0.45449795063531895 0.12470439702937848 -0.8061082999845949 0.10667256691955987 0.5685588672461098
1413394924.555760384 -1.7256556163446959 2.583635397186697 0.46302783056102553 0.18135900095034982 -0.7912148160287846 0.1495634044319854 0.5645518715985453
1413394924.755760431 -2.0029950373324814 2.5363797069756835 0.48086407158957767 0.2544537030487096 -0.7696615757763335 0.172439703874607 0.5595881702696905
1413394924.955760479 -2.26232426969388 2.480589542708789 0.5132311711652278 0.3230325674915581 -0.7275084968958242 0.18317983295806883 0.5769111682758977
1413394925.155760288 -2.4673308052589955 2.41076377968807 0.5497009765500985 0.36749954883423286 -0.7059274783565115 0.18042430697493464 0.5779771157755863
1413394925.355760336 -2.5867505422647077 2.3146298993042485 0.5934218430593992 0.40587594827016826 -0.7005924767380006 0.175801944143214 0.559936221894205
1413394925.555760384 -2.6370345914804334 2.1790197232077504 0.6057716508739436 0.40618226589259177 -0.7039565884287036 0.19736262786073233 0.5481870863180367
1413394925.755760431 -2.6367845457647703 2.007393000151025 0.5827699721181078 0.3901440130556949 -0.714891300565748 0.23349770603356546 0.5312220804230857
1413394925.955760479 -2.607686108341326 1.8173617388670895 0.5601124731164435 0.37334684265651297 -0.7256291430055074 0.2617094513006605 0.5153471111776601
1413394926.155760288 -2.574407586269993 1.6210655929160587 0.5449945414363644 0.3940656650418614 -0.718283243577568 0.2528784636006992 0.5146201669945442
1413394926.355760336 -2.5328142498463886 1.4099371709073174 0.5319307880256189 0.4056195234321682 -0.718893511343727 0.24916160197547163 0.5065406377175445
1413394926.555760384 -2.485531992093285 1.173479638920674 0.5252149841011947 -0.40920130319147463 0.7223943305460747 -0.2659886473274913 -0.4898476948542669
1413394926.755760431 -2.440041792275975 0.9142453468224281 0.5265628634917321 -0.42453490727174353 0.706489761428711 -0.3278014228405847 -0.46172346343641263
1413394926.955760479 -2.4235407446917043 0.6627352704865266 0.5315189314848148 -0.44667270136357423 0.6851878385541564 -0.39901146194252474 -0.4144767508466266
1413394927.155760288 -2.478725361826091 0.4323820612362291 0.5073436128362223 -0.49471338036821333 0.6471974584951227 -0.40036703614537517 -0.41964313096977984
1413394927.355760336 -2.5745993151537645 0.20508266561626828 0.4843790206742356 -0.5350235666314849 0.6150682059105474 -0.3724815362404359 -0.443506922591663
1413394927.555760384 -2.665142904048762 -0.024045804955100836 0.5133560527529178 -0.5420228318033659 0.6192152315948413 -0.3687786308482687 -0.43218753822193223
1413394927.755760431 -2.7440335979557178 -0.2519547052494384 0.58662402564948 -0.5419660477120661 0.6195468742750726 -0.37385342491797807 -0.42739687689581274
1413394927.955760479 -2.8145988283990673 -0.4814808144943631 0.6449661642865817 -0.5467543795288231 0.6125642864790889 -0.3740735702557675 -0.43115380948377063
1413394928.155760288 -2.878172481227612 -0.713998866963382 0.6660401977016958 -0.5499232507888105 0.5968297356725957 -0.3727277991638034 -0.44994741091511015
1413394928.355760336 -2.9170600174109893 -0.932639576089979 0.6671186514306047 -0.5440701587632467 0.5731817471804226 -0.37853042272364135 -0.48183510261817875
1413394928.555760384 -2.9166709591231457 -1.1195817463963615 0.6717737552083499 -0.5316725742170373 0.5900362883388234 -0.3930872564547082 -0.46331831507241805
1413394928.755760431 -2.8979103623830094 -1.2806660277351083 0.686195151038831 -0.526468784387719 0.6042074025545587 -0.3942130445220839 -0.4498445390266177
1413394928.955760479 -2.8761597562542924 -1.424178136208031 0.6876901435060812 -0.5311015355492438 0.601857678119886 -0.3815417188721416 -0.45839329291048775
1413394929.155760288 -2.8435601469515515 -1.554105332640267 0.6589998538043274 -0.5243484549187533 0.5979040583423573 -0.38753901700845833 -0.46624343978015276
1413394929.355760336 -2.7972431303385172 -1.6591979879970726 0.6331895961462735 -0.5084751544290846 0.598030218787348 -0.4089142113489618 -0.46540524546053835
1413394929.555760384 -2.7525947192392484 -1.7270535758666763 0.6181757244274445 -0.5118385951256499 0.6147504723230505 -0.4040310984475422 -0.4436913125197501
1413394929.755760431 -2.722898762859027 -1.7741440988827684 0.612894331283913 -0.5265472960315652 0.6252930026654703 -0.38046020859658286 -0.4324426384318792
1413394929.955760479 -2.7024606318628974 -1.8237571428759562 0.592910426757446 -0.5246430060089484 0.6170373064532323 -0.380775730877969 -0.4461216442462992
1413394930.155760288 -2.6804054216684987 -1.86193143279452 0.5411846303766072 -0.5149281980254554 0.6008098835034921 -0.3915604610010487 -0.46963479443422224
1413394930.355760336 -2.648798815379315 -1.8693653109710084 0.4941959118748078 -0.4979787012038714 0.592589654486042 -0.41389237448711425 -0.4791114869053863
1413394930.555760384 -2.6177631153704777 -1.8381877872949135 0.43814033150435205 -0.5201894581079197 0.647668522609419 -0.3812044028617204 -0.4057235705908341
1413394930.755760431 -2.6138015510211567 -1.819089886195501 0.3542737912969225 -0.5470534495968336 0.6787108300270259 -0.33153470641875127 -0.36078923338683405
1413394930.955760479 -2.641185642859609 -1.8783960838517926 0.2842810553662358 -0.5339692505360355 0.6294903444755402 -0.35426676256442413 -0.4394471602320363
1413394931.155760288 -2.660852104954012 -1.959158547285156 0.24846007050434396 -0.5091584870275242 0.5951957113798017 -0.38555560846046194 -0.48769516403945623
1413394931.355760336 -2.653868940269434 -1.9997496693024632 0.2799439237121322 0.49579760854042154 -0.5843623801543545 0.39812356082873124 0.5041854523272451
1413394931.555760384 -2.6227808580384955 -1.9887816129840905 0.34549407249337666 -0.5087271922651644 0.6091147298888087 -0.37589436001557447 -0.4784133357158994
1413394931.755760431 -2.571654137371647 -1.948902798793704 0.3780459545873853 -0.5420259843042692 0.6142473444948556 -0.34422655684881054 -0.4587113576965956
1413394931.955760479 -2.4902895329784434 -1.9261982021627653 0.38146807556775736 0.5842499816507721 -0.5835400138110874 0.3550658485608237 0.43824793714028476
1413394932.155760288 -2.36787559385897 -1.9212887531544074 0.4023352676514223 0.6078370469523177 -0.5355423765261624 0.4278931499360124 0.400794136102852
1413394932.355760336 -2.2357504932540264 -1.9133771912125968 0.4758120930910158 0.6276905300520846 -0.4812149712953517 0.5016639326826717 0.3503855712343017
1413394932.555760384 -2.12504513391715 -1.8779699473210107 0.5491219460396355 0.6540515398034743 -0.4093486629191711 0.5460286765989962 0.32634788152871164
1413394932.755760431 -2.0459425383128584 -1.798506109400388 0.5743845667093261 0.6909946445027015 -0.3526433700808485 0.5587462982968502 0.2932091897365137
1413394932.955760479 -1.9937699622933318 -1.68134231107565 0.5890995522065395 0.7412167906802292 -0.32418851861430836 0.5367113332090955 0.23966730777696696
1413394933.155760288 -1.9447401045306025 -1.550389097494548 0.5907609135046736 0.7703724264925489 -0.2914718269099098 0.5313479655072348 0.1980904797533116
1413394933.355760336 -1.8910934740675305 -1.4234817714396313 0.5583101168584771 0.7805776128948684 -0.24573106624062213 0.5489480413779817 0.17020834644246463
1413394933.555760384 -1.8400934788627625 -1.3030717231018785 0.4810503183895082 0.7868224159211651 -0.20377785179824465 0.5640649318418243 0.14565653293472347
1413394933.755760431 -1.7928619204616658 -1.1860888926908046 0.39603110667055996 0.7828118224758402 -0.1632320641543531 0.5882045817483466 0.12073240589848823
1413394933.955760479 -1.7663743500595699 -1.0688277337374161 0.32156515648314615 0.7909072011040668 -0.13372804941070987 0.58870884507064 0.10002251635483574
1413394934.155760288 -1.7538794397090933 -0.9456477701625196 0.264417237178309 0.8030124688500446 -0.0958997908327998 0.5841718661371367 0.06868359195074937
1413394934.355760336 -1.7458924103139966 -0.8194798125290597 0.19623112544548915 0.8013279681872394 -0.045709603464263816 0.5956354278039115 0.03166317572074877
1413394934.555760384 -1.7543931921335656 -0.698120738714544 0.07941658217962808 0.8137025509953106 -0.007316549450025888 0.5811254850792185 -0.011304742329030733
1413394934.755760431 -1.7665977415538396 -0.5903189241260445 -0.041536065011283305 0.8155267556084931 0.020742621385545515 0.5778595344032503 -0.023753169131899125
1413394934.955760479 -1.7808456756612712 -0.5023661373517643 -0.09163597550667661 0.8121710615527341 0.027619376688473637 0.5819377486031021 -0.031045024693283334
1413394935.155760288 -1.7931620255387106 -0.42332416242487597 -0.08527045411563618 0.8030777478128586 0.01804799839063372 0.5946874200822678 -0.03297382473459783
1413394935.355760336 -1.819017110648284 -0.3585471433966109 -0.08754094343600936 0.7931025694313407 -2.0701144460380525e-06 0.6088096882087013 -0.018414067996070673
1413394935.555760384 -1.8651977884981732 -0.3043854098892651 -0.13422258163192272 0.7968911533388298 -0.008289713062875027 0.6040655291693786 -0.0007790101298977226
1413394935.755760431 -1.9337200007923672 -0.24857266216369603 -0.18628812364905034 0.8054127173500508 -0.014777829162327505 0.5924313440532715 0.010820031381924083
1413394935.955760479 -2.0100841019466493 -0.19007867996206407 -0.19043335057946317 0.8062835612896709 -0.020781838393244045 0.5909674694089252 0.015244149279915778
1413394936.205760479 -2.1152165731701267 -0.10588734493668824 -0.23917230916943516 0.8338260142743302 0.0025283876128601433 0.5520181532195995 -0.0019348620846990916
1413394936.405760527 -2.1834709873277625 -0.02224220007269767 -0.29616163697436854 0.8164035000538523 0.0747182506515562 0.5707250025427937 -0.046642036744909895
1413394936.605760574 -2.248438080394007 0.07596384361098588 -0.33911906284584253 0.7928673006213138 0.17732693000414881 0.5749403773222308 -0.09674795101250125
1413394936.805760622 -2.3234556883779933 0.18835548537442565 -0.3734619094418654 0.780011258884305 0.2503140742986162 0.553178177939108 -0.15139089693061772
1413394937.005760431 -2.409686686083196 0.31632752516054335 -0.3972817369953244 0.7656211393793148 0.31205342519926066 0.5300158915976386 -0.18849425829609748
1413394937.205760479 -2.5013468529167673 0.4678408481739327 -0.41896560484274664 0.7451598011082073 0.37484791864988903 0.5039321861936776 -0.2242281436705662
1413394937.455760479 -2.603101323075292 0.6886474920889075 -0.4455657061426494 0.7333905894553016 0.4053195334443878 0.47432283268747283 -0.26994845711318627
1413394937.655760288 -2.6569343854974985 0.8813731281445166 -0.46199005969302964 0.725032690874541 0.40953394296082535 0.476024416924893 -0.2828609220396409
1413394937.855760336 -2.6824950899376083 1.0773600288443559 -0.4676276593501525 0.725941574594924 0.3966773833708437 0.4813722395138266 -0.28971822659571916
1413394938.055760384 -2.6811717465316294 1.2695209966237706 -0.4600597202868482 0.7483559135000136 0.3622555111133959 0.47497669411282123 -0.28832535692656563
1413394938.255760431 -2.636450113283433 1.468709097740704 -0.40720208136872715 0.7700023691192057 0.3299135030733056 0.4685410099380228 -0.28057575455949646
1413394938.455760479 -2.5314110998105464 1.666082572684707 -0.28261616756261587 0.7689410064191602 0.30791678808105455 0.5014974724883666 -0.24983447590834687
1413394938.655760288 -2.3973071402678863 1.8579304902790705 -0.15467049582758965 0.7772202266024277 0.28224034352612887 0.524306223998077 -0.2034013060993176
1413394938.855760336 -2.2574249340698573 2.0434473957684953 -0.0784005161367941 0.803325195933861 0.2276224434838648 0.524870001118044 -0.1654331729924044
1413394939.055760384 -2.1028640362169235 2.2192910862005824 -0.046847509096025496 0.8199295642921033 0.12286795652348366 0.5349510858771772 -0.162623216602349
1413394939.255760431 -1.9248855136063876 2.3518587951002705 -0.05674921376074263 0.8223032005312013 0.038286694035382436 0.5533436844771475 -0.12713120114678217
1413394939.455760479 -1.7294995234570005 2.43487211090231 -0.08457282228276641 0.8232610307210114 0.013771673652000452 0.5643940591234546 -0.05925337397098482
1413394939.655760288 -1.5230987765619841 2.4989645047789586 -0.06264587327315577 0.8178010592115736 0.006793895788263848 0.574973486145097 -0.023680387716402882
1413394939.855760336 -1.3226574268753994 2.54606985742332 -0.0002837294391267245 0.8166896139667229 -0.04961459004604539 0.5730485251870996 -0.04660316163248564
1413394940.055760384 -1.121703730615757 2.5487015135168076 0.04341025623897155 0.8327486385044249 -0.05602897685966191 0.5507894279258766 0.004633023415584405
1413394940.255760431 -0.9086712048426652 2.526852006583582 0.04331688370393133 0.8294037992290075 -0.09472803772312789 0.5493639191282625 0.036265976526890585
1413394940.455760479 -0.6804210826385093 2.484947138999095 0.005380211245111108 0.8083685537024724 -0.1544352498132212 0.5633462341880268 0.07301407690354152
1413394940.655760288 -0.45606877617104813 2.42399793638309 -0.03394882622582718 0.7952855800838745 -0.19426554308657046 0.5567759718633576 0.1406494295592668
1413394940.855760336 -0.22649218883878466 2.374701993608164 -0.039551029816895324 0.7885460012822668 -0.2184208441129294 0.5444928160713154 0.18443186266276926
1413394941.055760384 0.01759943191638516 2.347937729962993 0.003607677820407093 0.7822303037473197 -0.26530614257016666 0.5420397584973474 0.15466513124114625
1413394941.305760622 0.31775032535646897 2.278897081877529 0.0780537971506925 0.7802117645772226 -0.31913112321344983 0.5229165560699677 0.1264246969524794
1413394941.505760431 0.552377333353717 2.1551369596064522 0.1577813650594151 0.7906949714028392 -0.30329601431097425 0.5068848760463672 0.16087483437931177
1413394941.705760479 0.8064577689691301 1.9921143393924032 0.2483062191530036 0.790548798901593 -0.27649837569580904 0.5034447461381296 0.21242559256950141
1413394941.905760527 1.0927962063274055 1.8287148772895123 0.33359201223521934 0.7658939365021137 -0.30838826074900677 0.5273488596476517 0.2005151836883953
1413394942.105760574 1.3775639251551035 1.6487191014901024 0.4148546891845085 0.7346110507130192 -0.3722364406826071 0.5508980384832324 0.13527005431127373
1413394942.305760622 1.5887108221807098 1.4036034450114012 0.5071615889197459 0.7086731548540908 -0.4245061357470952 0.5540566485580944 0.1029472218691952
1413394942.505760431 1.7004724878438424 1.0600120115618492 0.614754577215138 0.6874172447073819 -0.46096168528725795 0.5432809608994517 0.14077518922020704
1413394942.705760479 1.7230891558772965 0.6491554634244869 0.6739831875914468 0.654123826054526 -0.4968741002921848 0.5301663007607251 0.21014719171105395
1413394942.905760527 1.676082844914239 0.21316228971575762 0.6670891343017253 0.6211773977983535 -0.4837537938992584 0.5046703977349866 0.3541591407858857
1413394943.105760574 1.6040172944407372 -0.17463836064348842 0.5835915105814271 0.5747808022899522 -0.47785842529515143 0.47227334988084835 0.4671576154631342
1413394943.305760622 1.5608692498950612 -0.4712740107892354 0.4545333292976117 0.5233787139366273 -0.5084514855855651 0.43765146420143614 0.5253693981242324
1413394943.505760431 1.576859009043328 -0.6443107505200456 0.3371658630058358 0.48341273989249606 -0.5527693196598806 0.39222847603566424 0.553999119799375
1413394943.705760479 1.666133385880592 -0.7116694334955388 0.2667152992536682 0.46582172047471165 -0.6170940083752194 0.34252057455608154 0.5337459747544598
1413394943.905760527 1.8078637163898474 -0.7313704477949591 0.20405401049828498 0.437922895593072 -0.6613709907340322 0.34260330769625436 0.5034232053510246
1413394944.105760574 1.95665913040642 -0.7275860239895218 0.13300915245059225 -0.4314874420724423 0.6781228346880879 -0.34039296399429564 -0.4879555701816863
1413394944.305760622 2.091096521387035 -0.7064829471259524 0.0894841071822681 -0.4348332822424653 0.6867095712224698 -0.32633212680095297 -0.48255292400216954
1413394944.505760431 2.209411198341133 -0.6857379033301819 0.09670275280943366 -0.4393989676852713 0.7104315671384542 -0.29219830183038425 -0.4656561907862171
1413394944.705760479 2.300859036065095 -0.6864270558976074 0.08691869481731936 -0.4009188192569311 0.7571185500923127 -0.25980813606878783 -0.44557303992046965
1413394944.905760527 2.3433001794707358 -0.7239143496108231 0.03774343594132083 -0.3388733551644322 0.8023037014424096 -0.21608681026171397 -0.44133899696502144
1413394945.105760574 2.31459724467743 -0.8063265567304451 -0.02710319053511613 -0.2668772899628944 0.8187595515121173 -0.16785296126303523 -0.47982777358625767
1413394945.305760622 2.2288477212637763 -0.9259772982860017 -0.09146103020138832 0.19861337090814962 -0.8170268127658448 0.11267569884716469 0.5294564221987224
1413394945.505760431 2.1211777292657272 -1.0733299893675325 -0.14109956548090674 0.1127866991365789 -0.7991091675126317 0.08341915074143234 0.5845895518949039
1413394945.705760479 2.026526124739996 -1.2159387264194195 -0.18690990344893202 0.004045909073586917 -0.7977266492029497 0.07844245851890082 0.5978817646263187
1413394945.905760527 1.9485275021426374 -1.3070129699262956 -0.2241540463098452 -0.09734335905483273 -0.7960860952935671 0.04530147886622883 0.59558288704485
1413394946.155760288 1.891728934841178 -1.3200659983675587 -0.2535576827991185 -0.19647044217771306 -0.7845088302009225 -0.058365158563015745 0.5852681171507512
1413394946.355760336 1.8833028978298165 -1.2819427011765583 -0.26661340332523953 -0.2834092425772834 -0.7570369128300842 -0.12935017340432406 0.5743194637783929
1413394946.555760384 1.9089636587431282 -1.2174028562306767 -0.2795156570030566 -0.37778402037836106 -0.719876797908357 -0.1812162680107568 0.5533690396002652
1413394946.755760431 1.9777204989102126 -1.12023638056555 -0.284968315309665 -0.4378023973720811 -0.6747855481670763 -0.2752851618883886 0.5265088835755775
1413394946.955760479 2.0688854165920176 -1.0227870670498198 -0.2874055976537488 0.5011729364109374 0.6203049846948229 0.3566575746515895 -0.4866649650583016
1413394947.155760288 2.1674049297629923 -0.945391002966464 -0.2729489856896168 0.5654266260562603 0.5615074406350828 0.4201817047411024 -0.4341076590640883
1413394947.355760336 2.2540480451423184 -0.8982597688839167 -0.20223695139752818 0.6215358509524289 0.5037686904504426 0.4650357584583994 -0.37901455889856517
1413394947.555760384 2.313631082267361 -0.8720435920200427 -0.07942180056595148 0.650194950886458 0.465576230963689 0.48687100292675606 -0.35134303111339227
1413394947.755760431 2.348841818422195 -0.8520178987794108 0.016338078052965263 0.6858202042555479 0.4797346678120506 0.44947744649076293 -0.31221037943950786
1413394947.955760479 2.380016375272017 -0.7938972330233108 0.09509971902967285 0.6832491200007318 0.5173291305606966 0.411619754450051 -0.31001675509149795
1413394948.155760288 2.417016708071623 -0.6692047315064914 0.20369942804807645 0.6602957995798688 0.5611278910126438 0.37952294831184935 -0.3242025272710562
1413394948.355760336 2.4591891952365907 -0.4780700855976009 0.29403141873131566 0.6092331278127555 0.5716005743267164 0.4114262813216195 -0.36446700048426367
1413394948.555760384 2.48992349864803 -0.2701247170768142 0.3649089294909406 0.5421802252636052 0.5336550530746135 0.4799777649192701 -0.43689155730374896
1413394948.755760431 2.4975771801620943 -0.13317076328708527 0.43171934912690063 0.5132699119748422 0.5058681104957864 0.51010287192861 -0.4695173184175917
1413394948.955760479 2.4761526519283845 -0.11469996712444648 0.49810245615501836 0.5557420378946986 0.5365920709798961 0.47096187847718707 -0.4259279818215473
1413394949.155760288 2.430729716144671 -0.1589224794481092 0.5292042602317586 0.6165218546164145 0.5842779055428441 0.3985290754483015 -0.345969229695948
1413394949.355760336 2.3635026720981434 -0.16693480696840735 0.5264858724488407 0.6452085496655446 0.6020110971388298 0.35948661680028715 -0.3034105118498628
1413394949.555760384 2.2825710091928095 -0.07052153704344576 0.5245494317112651 0.6283569532048027 0.5838742766747557 0.39386047007025315 -0.3303517799438257
1413394949.755760431 2.1858897310348864 0.09198456609273463 0.5544647180586322 0.5715804109462002 0.5297148260835861 0.4748327332018583 -0.40893998621936545
1413394949.955760479 2.0609120057614776 0.21888940264365636 0.5756903250839392 0.5649788936783806 0.5093612081857793 0.47146772688388594 -0.4461705859865998
1413394950.155760288 1.9299972362075657 0.27597437179555173 0.5929217359594797 0.568234190218451 0.5185729158712072 0.4223358208913573 -0.47940013598537157
1413394950.355760336 1.8343474771077777 0.2813184359146836 0.6001239886992886 0.5913775765243044 0.5816847015487121 0.35133463748126015 -0.43414219153808953
1413394950.555760384 1.7747575081284768 0.3109780981792907 0.6217319312138965 0.5889453532748834 0.6360071948412519 0.33853558749196055 -0.3661036396528187
1413394950.755760431 1.7110395627417088 0.41494227674724216 0.6742389451328544 0.5611207522876515 0.6313588177180522 0.3734675202477811 -0.3834730185570689
1413394950.955760479 1.6159276431580964 0.5506599674689883 0.7523534729506252 0.48374153113936136 0.5860756124216778 0.43865011305913904 -0.4796827971568524
1413394951.155760288 1.4976653389903032 0.6126127935013187 0.8275765367317592 -0.4237615238426343 -0.5687192914362476 -0.44363126191899566 0.547883054954823
1413394951.355760336 1.3889169613281023 0.5504153435969454 0.890817440638966 -0.4446107006990131 -0.6305831866713953 -0.3519705487742667 0.5299083904851549
1413394951.555760384 1.3143808422700913 0.42715126756163024 0.9472544622060411 0.49218629801791935 0.7149662867306324 0.25269814473005087 -0.4274570206834983
1413394951.755760431 1.2326936467117773 0.38960524566990684 1.0319855549395585 0.5172599871926931 0.7401019211607747 0.21385167532785504 -0.37277166322374955
1413394951.955760479 1.1127193358499514 0.5105108350940322 1.165589167199266 0.47918947073394497 0.7048096001643213 0.28901358772855756 -0.4359954412167586
1413394952.155760288 0.9645931793857396 0.6828773213742353 1.2984766804658237 -0.43343353393890155 -0.6418035748338705 -0.35828556344355844 0.5213971595774266
1413394952.355760336 0.8153377306292947 0.8209534189262678 1.3523455448406478 -0.4472033860756103 -0.6491330666239185 -0.3330364988187047 0.517418673563586
1413394952.555760384 0.6777963391935737 0.9295581298220547 1.3686116506090082 0.46237914963785987 0.6848334295870447 0.2702137225314436 -0.49415912402335893
1413394952.755760431 0.5679210016859293 1.0585094855210668 1.4316245861161518 0.42827113376796444 0.7061513026641633 0.2856296056851498 -0.48615830969200685
1413394952.955760479 0.45729121373958964 1.199371474587586 1.503344917679378 -0.3834278529075079 -0.6687181122448552 -0.32457045250251493 0.5481361047519078
1413394953.155760288 0.3652768695562703 1.2879956351950081 1.5285504166548067 -0.35710402608965325 -0.6336720918435168 -0.34794265789066986 0.5915000434395761
1413394953.355760336 0.33020161985423774 1.257834314214456 1.5818848073831355 -0.34625303804026514 -0.6121114732244642 -0.361299675711322 0.6122833676701954
1413394953.555760384 0.35622090578322235 1.1002979874715533 1.6389253645008046 -0.3837071826903078 -0.6632535085607736 -0.3298178327837175 0.5514379190003212
1413394953.755760431 0.3997386239022159 0.8934883396916643 1.558366146293221 0.4332294419879879 0.7360904326340437 0.2739070364937822 -0.4421063909719342
1413394953.955760479 0.4055767770848857 0.715582835411827 1.371596268425189 0.4442816688360473 0.7518846815330565 0.26035006666424143 -0.41170507307991966
1413394954.155760288 0.35493862732830556 0.6021081331975549 1.1870600774814652 0.4065314820821793 0.7069429730255337 0.30834862095288174 -0.4897804762564434
1413394954.355760336 0.2867298803272214 0.48653604099319986 1.0114965994549665 -0.3674381273785069 -0.6568297887395657 -0.3464977100000777 0.5599135541648217
1413394954.555760384 0.2372916585041135 0.29698566354348765 0.8687017041347699 -0.3886685272047441 -0.6715173046606735 -0.3190687900517551 0.5442392789174224
1413394954.755760431 0.21260661074797996 0.06428846695084053 0.7372379536865703 0.45815742753555333 0.7294902737043001 0.23915456522331252 -0.44804107635048696
1413394954.955760479 0.17559110337551748 -0.10266503340561955 0.6077413455181464 0.46569802243633157 0.7319613948663647 0.2501865561677188 -0.42984247746904886
1413394955.155760288 0.10618180603874894 -0.20286056337493352 0.4744097042451747 -0.40565177676743586 -0.6963759073391466 -0.308824771457246 0.5051083965025035
1413394955.355760336 0.023471032351344692 -0.31406699746886174 0.34874703994838074 -0.3543825891485068 -0.6882956270626206 -0.29508735328722197 0.5599871107487707
1413394955.555760384 -0.04288461745967284 -0.45589779649069184 0.25422316509704684 -0.38535269617565676 -0.7437008557014314 -0.16410776671008828 0.5210383648874469
1413394955.755760431 -0.08058605001407285 -0.5161442236319804 0.23420888781705168 0.36747016274843647 0.7938526005352194 0.15547692606904204 -0.4589015728594823
1413394955.955760479 -0.15590866191339509 -0.47204555258388226 0.25779688473305157 0.3264523023106535 0.7803186066456792 0.2160942063957869 -0.48768336079929075
1413394956.205760479 -0.299002551074539 -0.39212634524795875 0.31154895385621784 -0.2917560199115084 -0.7148046887187801 -0.25432767133845374 0.5824518155372241
1413394956.405760527 -0.3917245048407821 -0.3834588952202528 0.34742104768410215 -0.26642231912275116 -0.706593558437742 -0.21632524932775574 0.6188279870455176
1413394956.605760574 -0.4390386377181879 -0.417746852014596 0.3418474741457839 -0.2369559504250567 -0.7708788595115548 -0.15867838101655002 0.5695777672227127
1413394956.805760622 -0.4677384777880481 -0.4477623303534962 0.3080576281472407 0.21640693375092968 0.8357927229414747 0.12521620224703264 -0.4888143471678786
1413394957.005760431 -0.5479788455265341 -0.43659113799379484 0.3192306112866715 -0.1950258956572855 -0.8244658717658107 -0.12964490847614926 0.5151826123065945
1413394957.205760479 -0.6700246423957422 -0.40463357997176097 0.3538436022312783 -0.18177510694789697 -0.7754918720132384 -0.14085689703807067 0.5879876712078379
1413394957.405760527 -0.7686631310915796 -0.38613444805884084 0.4006614334872409 -0.1748084172089062 -0.7156971471304961 -0.14214963282041457 0.6610696580173641
1413394957.605760574 -0.7836239911936643 -0.4006548751266296 0.43366773430196676 -0.18380160692425426 -0.7432403450359404 -0.12102443031979362 0.6317941484919959
1413394957.805760622 -0.740702701210259 -0.4301802163176744 0.4479631177117841 -0.17898103812991623 -0.8201776556848221 -0.09526944444528386 0.5349748910562573
1413394958.005760431 -0.7310261371879964 -0.44099796086600257 0.44714552480117237 -0.1553366428077087 -0.825888550662258 -0.0690355162918971 0.5375990390400841
1413394958.205760479 -0.7505037144475654 -0.42643664536262654 0.442540346305464 -0.1052835140884174 -0.770268463402363 -0.04406624704960878 0.6274233354123786
1413394958.405760527 -0.7281992532494084 -0.3998027803378732 0.4391147502921231 -0.04596789742326803 -0.7401456044765024 -0.021600438322769762 0.670525806844794
1413394958.605760574 -0.6346488923616355 -0.3701643600212274 0.4227260987855695 -0.005118336503584528 -0.8278061776401469 0.007959758262719064 0.5609343786405595
1413394958.805760622 -0.5593724115248478 -0.3354687508723564 0.42018557665108475 -0.03044183386845024 0.8799197385042998 -0.0288153002522607 -0.4732697190951386
1413394959.005760431 -0.5977993196301603 -0.3067152016388276 0.44582216588677503 0.08560953427586326 -0.85463062630961 0.02433717862383532 0.5115517588198611
1413394959.205760479 -0.693599673338896 -0.30532064901001704 0.48948280730010907 0.11659063535462301 -0.7846061752659116 0.055790633328654686 0.6063721453983937
1413394959.405760527 -0.7620283641268992 -0.31696084413252934 0.5384238475080539 0.1381759309272015 -0.7488989393899192 0.09579877255931865 0.6409995209585941
1413394959.605760574 -0.7762416803163811 -0.3220739711095361 0.5724598070091252 0.17536851124231453 -0.8282913261457479 0.10142272965875176 0.5223914185791377
1413394959.805760622 -0.8209717361960791 -0.3486974783103625 0.6190393832395717 -0.2237285348046835 0.850751923481291 -0.09993543695153613 -0.46495119727571455
1413394960.005760431 -0.93439501043443 -0.4311585948391321 0.6587610976028976 0.264456108934301 -0.784869553502463 0.1371228236024704 0.5433599927115198
1413394960.205760479 -1.0434597983094582 -0.5424827600396472 0.6705878923969066 0.28641184187766444 -0.7109613232546528 0.2128425785956621 0.6059705359213349
1413394960.405760527 -1.095810967953945 -0.6279303956348363 0.6558240929538922 0.3453957500769976 -0.7121372498036765 0.24808393818667576 0.5585845261769521
1413394960.605760574 -1.1169360331251026 -0.6902865126609196 0.5974645661800243 -0.4225406307614535 0.7442159341033108 -0.24834494435753277 -0.4537916343370345
1413394960.805760622 -1.16023567150535 -0.7949113640721123 0.5329557455003648 -0.4785383405438992 0.7200640888964092 -0.26219652555690626 -0.42867440616033337
1413394961.005760431 -1.2258472442262394 -0.9573420094935696 0.5029767040702927 -0.46797325278821894 0.6491894851303874 -0.3331902734420259 -0.4985361458855145
1413394961.205760479 -1.2782904789438096 -1.102547296505735 0.4679148424611715 0.46238709220395025 -0.6372615157938031 0.35051257519454276 0.5071852443449194
1413394961.405760527 -1.3112714615365109 -1.22483070267604 0.4148060635230705 -0.5010323787499276 0.6868530369814604 -0.2954615786097301 -0.4357773704527697
1413394961.605760574 -1.3383127989399553 -1.3875064740414267 0.3886097392682554 -0.5168728013321061 0.6612120695991521 -0.27725264757982376 -0.46773077263449897
1413394961.805760622 -1.3322726276220822 -1.5841318544922505 0.3795395358094106 0.467598179586403 -0.6205392237716769 0.34827055446194766 0.5243954949295994
1413394962.005760431 -1.2873145623369193 -1.7384220670488464 0.36980321926064336 0.4395710144867748 -0.6220011559970312 0.37850138455489063 0.5259549287256672
1413394962.205760479 -1.2153884913379895 -1.822309357002801 0.3642371735687764 -0.46913838719663375 0.666478550247946 -0.3315352457225062 -0.4751840659801538
1413394962.405760527 -1.1396701100817423 -1.8985280715049575 0.3873004225286813 -0.47375084175154225 0.6644113375436481 -0.31746990393845914 -0.48304303594634124
1413394962.605760574 -1.048384777165097 -1.9661867823651515 0.44360101003591795 0.4336092670878215 -0.6101539073097064 0.369306146123966 0.5507342220388416
1413394962.805760622 -0.9207925228602633 -1.9687996076434207 0.4843319721784277 0.45132674373416876 -0.6490349160562338 0.3531834979832596 0.5003191630168407
1413394963.005760431 -0.7873728795177029 -1.9337923675516226 0.5055080161315356 -0.48819582048544985 0.6656983437695883 -0.3253345286999261 -0.46115940887975715
1413394963.205760479 -0.6537244898258115 -1.9017055745139693 0.5203006318905521 0.46837540229304253 -0.6096943254957455 0.37297164033115615 0.5194126177646347
1413394963.405760527 -0.5090762508394144 -1.8206822993443907 0.47816306387497104 -0.4914839597586891 0.6320260572428603 -0.34978917124399017 -0.48645052774787695
1413394963.605760574 -0.36738386309500193 -1.7327124643559466 0.39633523129445714 -0.5239726169528353 0.6749321604343549 -0.29761299446419387 -0.42584713339507885
1413394963.805760622 -0.2291190465669687 -1.6891707772594016 0.3396789459208305 -0.49352188784470535 0.637061531933543 -0.3382765054977685 -0.48596065332152943
1413394964.005760431 -0.08699984207982911 -1.638942974204635 0.2782489459051188 -0.4749149475186866 0.6402302255450617 -0.3570553040089499 -0.4869009763809238
1413394964.205760479 0.06267815008183264 -1.5725969647301226 0.20559929864033155 -0.5074025618485752 0.6890227788287936 -0.2972348941388229 -0.4236055573178561
1413394964.405760527 0.20167644965307935 -1.5549369471164072 0.18446067359102697 -0.4882208588790758 0.655224143031901 -0.32490068121689497 -0.4761945639001595
1413394964.605760574 0.3557440496679193 -1.5433033404119272 0.16798678801961014 -0.45596015385010225 0.639288528835957 -0.37321364804730445 -0.4940871258297959
1413394964.805760622 0.5039224127726755 -1.5003138506786176 0.1407710372569627 -0.48258125391781337 0.7019903433957606 -0.33440137240757684 -0.4031136480917714
1413394965.005760431 0.5932094770684658 -1.4950943223970745 0.14010006875589093 -0.48089872006128537 0.7305214189076676 -0.3221544239593969 -0.36234155804106816
1413394965.205760479 0.6140639771651757 -1.5582914688365008 0.18656025128932982 -0.46477940154771796 0.6604085464549806 -0.3663553793051733 -0.46219519222951094
1413394965.405760527 0.6288327053020606 -1.609737313095825 0.23064621297738935 -0.49853514502117946 0.6124113547698145 -0.38260282225333103 -0.4796145557958527
1413394965.605760574 0.6578988178337412 -1.626244198917229 0.27636341866004904 -0.5452276493402805 0.5873797237943986 -0.40269369336563365 -0.4422099725168242
1413394965.805760622 0.6947232415027262 -1.6138394824184032 0.33313196108223075 0.5753308158369788 -0.5308620097015344 0.461600587742671 0.41725876431683295
1413394966.005760431 0.7246211624991636 -1.5589412236992968 0.35231083032220156 0.6259500992366342 -0.4826460355383689 0.47648907477846675 0.38496420516870955
1413394966.205760479 0.744380409111629 -1.4669051234165729 0.3407099049217441 0.6486696751039602 -0.43879523581899754 0.5096711248243065 0.35626077266960826
1413394966.405760527 0.7562446731611925 -1.3340481715554358 0.283875825245842 0.7339926883840397 -0.45065676727166004 0.4358523289634272 0.2611435598438232
1413394966.605760574 0.7919895927077893 -1.2545841779465903 0.24836794428097098 0.7541148176773861 -0.4196155616641934 0.4484420447792943 0.2326657573485178
1413394966.805760622 0.851011636792061 -1.231360093975762 0.24222913541114696 0.7099068016737982 -0.3522488830769355 0.5507122461554312 0.262047856779277
1413394967.005760431 0.8883422890904769 -1.1879033574314424 0.22124621794548982 0.7430421177112981 -0.32146794038367144 0.539487299981791 0.23130116249336785
1413394967.205760479 0.9207122962959715 -1.1391214322602727 0.21199670650893512 0.7969261563712796 -0.2930716551735795 0.4938915790949945 0.1873200852123808
1413394967.405760527 0.9832145040592304 -1.1075799163277371 0.24665707395252437 0.7577891323977566 -0.23445093339758977 0.5809695993434202 0.1823806878139303
1413394967.605760574 1.0256194207017446 -1.0446832566737219 0.27453129485306105 0.7631732247248634 -0.2003849527986818 0.5981471464428456 0.14011599108275966
1413394967.805760622 1.0362581986858492 -0.9654887871437339 0.30311402920281083 0.818033810372409 -0.16666609453839387 0.5420188259348591 0.09622208868527254
1413394968.005760431 1.0561936938893104 -0.897548546500625 0.36529485450086246 0.7909687109475164 -0.1074577841471697 0.5979713875367715 0.07246752800694921
1413394968.205760479 1.055609364987537 -0.8313409595617193 0.38799888712059205 0.8244157612659077 -0.0650592660188503 0.5612254317395909 0.03364460209300427
1413394968.405760527 1.058225628422813 -0.7529252495023612 0.38482881618886366 0.8353624080910651 -0.03583402308361004 0.5483895826411888 0.012427211609692063
1413394968.605760574 1.08289946963525 -0.6777399459276766 0.36757620511219935 0.8371618962607456 -0.009305018552296915 0.5467836721768966 -0.010049473589412168
1413394968.805760622 1.1349488282443159 -0.6110955656508315 0.36038766115487986 0.8391212910142376 0.019252569664065064 0.5435977715200047 0.0025020643937352306
1413394969.005760431 1.2165105106488872 -0.5304462281785188 0.3657795234077983 0.823130847603375 0.021509198842675915 0.5672316809212431 -0.01553004339941786
1413394969.255760431 1.3241093766083496 -0.4181057394088683 0.35302911054524017 0.8032595598903687 0.038453294200031386 0.5923562010292387 -0.04908721536152001
1413394969.455760479 1.384330028420858 -0.3451193602539918 0.28229391918570756 0.7858151269890196 0.05089266006866541 0.6138856752195192 -0.05521685527535814
1413394969.655760288 1.4059341456826426 -0.28045253267155246 0.19790807220001383 0.8039630000380903 0.07574729669052577 0.5894718085201252 -0.020708176493380533
1413394969.855760336 1.4055423748594706 -0.18944946895733678 0.13112362307297284 0.8185589565981557 0.09104498109711022 0.5671059506215964 0.007930117235022285
1413394970.055760384 1.4083953870443267 -0.05278139412930247 0.09841435491556 0.8350676867501305 0.06555440919457485 0.5459335625023002 -0.017919913903006686
1413394970.255760431 1.441496911502833 0.10690766177470529 0.1256206796841464 0.8314272566142886 0.05002814647081649 0.5522067181719863 -0.03596723404809011
1413394970.455760479 1.4945342334688696 0.26774916634562557 0.1487126919695687 0.7903148763065554 0.024407390442031666 0.607969302726923 -0.0719722343821677
1413394970.655760288 1.5207432817277713 0.39736810157398583 0.12660353315295222 0.7804445886827116 -0.0033274773183194334 0.6147010731421045 -0.11418302224226774
1413394970.855760336 1.5101804916180457 0.45621050510140515 0.0907787314458538 0.7862123271361152 0.017441109797895274 0.6125944770352988 -0.07933467749946775
1413394971.055760384 1.471104996881698 0.4740981559539486 0.0845392869360322 0.818978223084023 0.051231999510030324 0.5711165172581947 -0.021814583540386307
1413394971.255760431 1.4355166346339325 0.5051064127186417 0.12106340504574954 0.8459503002340375 0.04628871084053109 0.5309733321285666 -0.017110387218116443
1413394971.455760479 1.4426894131003618 0.5547460995701962 0.13540548412324008 0.8722228702785816 0.039582109315765834 0.4871113705992429 -0.019571249776482127
1413394971.655760288 1.5387710575760654 0.6164392479884004 0.15433329781953542 0.8652080156939148 0.014477785644521613 0.49895444718328014 -0.047433563408660374
1413394971.855760336 1.7040632525122055 0.6563237039602929 0.19049479494509164 0.8218329759982133 -0.015162244146530545 0.5664362115039977 -0.059251027089793795
1413394972.055760384 1.8729826967155914 0.6465235799361333 0.21844866064865526 0.7840484327702718 -0.05438091485296633 0.6170936292917865 -0.03881009994346513
1413394972.255760431 1.9958006468206166 0.5893114915028138 0.20741026781273447 0.7653325744988179 -0.11509479999709592 0.6331822293303632 0.00997506314804072
1413394972.455760479 2.0446589083175875 0.49258873211028953 0.1642109818393067 0.7534089368082794 -0.19701893201161902 0.623453910133366 0.06974049258346574
1413394972.655760288 2.023376423655919 0.36184130496357425 0.10375818748861991 0.7618610891894169 -0.28386720933043946 0.565330436674131 0.13924290149157192
1413394972.855760336 1.9722621294581861 0.20598359159460947 0.07071706618117062 0.7456084429472002 -0.34204945239996165 0.5177516520275613 0.24290625504770336
1413394973.055760384 1.9266824600284325 0.05910871798501244 0.05460235996038986 0.7047971466777835 -0.41033688085244224 0.48543609902686474 0.3150181264760722
1413394973.255760431 1.8973063792980658 -0.07084242194920184 0.035744626637081764 0.65392667036185 -0.49391504067711084 0.45431286925779035 0.34932457572985337
1413394973.455760479 1.873320270339263 -0.19592300435221305 0.022006823433693118 0.5950319457294163 -0.5664212599018609 0.420620657098319 0.38494441509704724
1413394973.655760288 1.8419804953380225 -0.32311297009963247 0.016925219161764 -0.5322315248906108 0.6280875175083782 -0.376899993972942 -0.42447858462547117
1413394973.855760336 1.804670519389723 -0.45242200572462665 0.02235926848601174 -0.46064629302917265 0.6744634655399289 -0.33196457534579904 -0.4719147667594051
1413394974.055760384 1.7660808784043611 -0.5731680547961625 0.03147966224315884 0.3840971833500957 -0.7179947197279118 0.2877528558033721 0.5041341390562675
1413394974.255760431 1.7234554466255856 -0.68052060983536 0.047383053523951196 0.3009289585223247 -0.7538287396757865 0.24809254188947008 0.5288043908858765
1413394974.455760479 1.668444849377493 -0.7699270609794029 0.07075036849522472 0.21711186558082238 -0.7864956805617553 0.20608366646958873 0.5402004301148245
1413394974.655760288 1.593978584555932 -0.8261652134297583 0.10176849633823247 0.1414477007484859 -0.798231946454084 0.15749189533873384 0.5639278415860343
1413394974.855760336 1.511860121844469 -0.8483578889754538 0.12831663666938764 0.08543298785417079 -0.8037907032473085 0.09893590834761118 0.5803734969820619
1413394975.055760384 1.4337694006969446 -0.8504946608822574 0.11944453848767726 0.045041958818960344 -0.8079230061914939 0.04063132715563259 0.5861576010478154
1413394975.255760431 1.3689517664948005 -0.851215565266636 0.062683909502845 0.008063011999226289 -0.7931074777517443 0.00565527199147657 0.6090020808427052
1413394975.455760479 1.3238291821944352 -0.856407817533578 -0.01800002421993044 -0.02258975973181205 -0.7937174715273266 -0.02336136755715881 0.6074179159801686
1413394975.655760288 1.2946535186269426 -0.8718213676676463 -0.09209397052021119 -0.04073933131713705 -0.8086537130015286 -0.04612038891845251 0.5850575946512294
1413394975.855760336 1.261972132632363 -0.9047175223346211 -0.13885622619672522 -0.04788995459721312 -0.8159633087999254 -0.05134253929934821 0.5738243412401529
1413394976.055760384 1.2191518917868729 -0.9504909230303562 -0.154310983278508 -0.044589659117352076 -0.7967831701025723 -0.05300836000500224 0.6002819803317638
1413394976.255760431 1.1860556767293422 -1.0099945799049903 -0.16924616541363452 -0.03957980547647382 -0.7928295348225234 -0.054186229252581174 0.6057380789345062
1413394976.455760479 1.1755833706246623 -1.0840230592588163 -0.18041830078552776 -0.03495656731792877 -0.7814054231718025 -0.05550313938150368 0.6205666801868496
1413394976.705760479 1.2190972143668848 -1.199826157999634 -0.18662647397801602 -0.04319536879681267 -0.761355411948257 -0.039080232702988195 0.6457126545327248
1413394976.905760527 1.315454316143503 -1.2993444827658476 -0.1941016964418098 -0.0696256458104302 -0.8024330225880243 -0.0036375826951476407 0.5926552806634164
1413394977.105760574 1.420072823313956 -1.3686143130382664 -0.1902579049451107 -0.10032518570739103 -0.8557756493147133 0.01685670724082905 0.5072462386006429
1413394977.305760622 1.450643574295501 -1.3694057418212706 -0.15509066155329349 0.11163503018256106 0.8814999675502381 -0.005501251304759111 -0.4587648237157116
1413394977.505760431 1.362074360538774 -1.3082609682844044 -0.07795994722150713 0.07552939249845379 0.8821599398983956 0.05114911946527631 -0.4620312964345295
1413394977.705760479 1.1522475422442056 -1.236038470729977 0.021492382251676212 0.07023762263323256 0.8785663246603816 0.0628873848112409 -0.4682233082311899
1413394977.905760527 0.8295164439202873 -1.1658727318070492 0.14084757808781084 -0.06254777940926061 -0.852570228239748 -0.0727647016302144 0.5137286048174008
1413394978.105760574 0.44830059153892343 -1.1150590225704458 0.25955945055250906 -0.05353880468750384 -0.8165958197258745 -0.08516050299133737 0.5683771215747772
1413394978.305760622 0.05627925099154579 -1.093910897675502 0.34684384729157175 -0.04772368997688799 -0.8060064116399371 -0.09259412072369053 0.5826683813441041
1413394978.505760431 -0.32956957867022757 -1.1092365460919464 0.3887351212100948 -0.04658134283418846 -0.805416029335651 -0.08857767058068115 0.5841996186783265
1413394978.705760479 -0.7118889398130328 -1.1566574848197075 0.413777456646985 -0.059019942321615816 -0.805757908053198 -0.06346436491998202 0.5858695370164124
1413394978.905760527 -1.0827886061767242 -1.2193366439447175 0.4485237285046245 -0.07344618993957248 -0.8033906330748984 -0.04176640092646974 0.5894274472952038
1413394979.105760574 -1.436928385220153 -1.276714175605057 0.4750419912192551 -0.08084104169770791 -0.7854707871418951 -0.04069912290408267 0.6122450080801757
1413394979.305760622 -1.7581687747197625 -1.3275624471665886 0.46869617579074496 -0.09359400701580607 -0.7498272653171173 -0.026342999000120562 0.6544503651474709
1413394979.505760431 -2.0007195364894503 -1.3578385516525329 0.4619952759074423 -0.10107478317469128 -0.7091125187928569 -0.0057728273169594495 0.6977893653261644
1413394979.705760479 -2.113104771260316 -1.358952391105519 0.49628389111406057 -0.08381936010396465 -0.6877258791808679 -0.01506750652420493 0.7209579739650878
1413394979.905760527 -2.0685318611491454 -1.3436743962341586 0.5647528517447408 -0.05381054524064707 -0.7564444969599002 -0.06788098799687935 0.6482964751630117
1413394980.105760574 -1.9386229319097987 -1.3500802176991178 0.6440869990873349 -0.04773439513666857 -0.7930756241758958 -0.0970320934196029 0.5994474578359285
1413394980.305760622 -1.7856619686797377 -1.398022239420856 0.6847619099322815 -0.055919443481270745 -0.7769969551497682 -0.09499534258793545 0.6197778895827613
1413394980.505760431 -1.6127965657393144 -1.4843688625419904 0.6781066509757498 -0.06947300954277862 -0.7827963600839873 -0.08294010525243338 0.6128003741230866
1413394980.705760479 -1.414414198026159 -1.5972442437926342 0.6711284157416092 -0.08841193909957848 -0.7987973954750589 -0.06015631199818003 0.5920196518141231
1413394980.905760527 -1.2147262988144838 -1.7103812803673453 0.6819020581501276 -0.09287421853872643 -0.8038247206248703 -0.051868512593709955 0.5852775883672076
1413394981.105760574 -1.0252452874884017 -1.811964359888932 0.6789066590297917 -0.09841496270025835 -0.8060128855755871 -0.042497994673032224 0.5821096493376928
1413394981.305760622 -0.8489667464570391 -1.890938344510544 0.6363529176724572 -0.1056034498270451 -0.8081405976170556 -0.033540917230265574 0.5784735886275174
1413394981.505760431 -0.6837544137956503 -1.9406988466659842 0.5835391646774395 -0.09652207982788168 -0.8099974163444784 -0.057604269939641364 0.5755600939139063
1413394981.705760479 -0.5304258059536111 -1.9791119723798827 0.5395786604893282 -0.10192541500061258 -0.8164443421414908 -0.0660462724903614 0.5645066304772478
1413394981.905760527 -0.3987781355135681 -2.0056015032181578 0.4974900128390499 -0.13164433254711816 -0.8192274444497241 -0.0672700161349481 0.5540856512294756
1413394982.105760574 -0.30309945045435843 -2.004128345733596 0.4703272200469469 -0.17750804404598067 -0.8084871001531377 -0.07125861597256986 0.5565624069546694
1413394982.305760622 -0.22517692363351507 -1.960650135303676 0.4589159304166634 -0.23604135259088957 -0.7860454978775913 -0.08018427408331394 0.5656743208982036
1413394982.505760431 -0.14058521741773383 -1.8605342915310041 0.466063038833863 -0.2938452290748873 -0.7638026609132031 -0.10729628881958991 0.5645777031886776
1413394982.705760479 -0.031150788950819783 -1.7023751618591039 0.4936185976615929 -0.3470989668660616 -0.7401035815589173 -0.14415087138359908 0.557664345322427
1413394982.905760527 0.11015483120935536 -1.4908426350712545 0.5335054564429921 -0.3889580899474014 -0.7176103361460375 -0.19120575639477214 0.5451489415220966
1413394983.105760574 0.27236824122047054 -1.243876744637473 0.5781256447437864 -0.4108958434621909 -0.7029308455456286 -0.238578017860313 0.5292762620788388
1413394983.305760622 0.44244011357304214 -0.9791283764257266 0.6274468835278065 -0.4133035065297747 -0.6968480862776608 -0.26497301004085894 0.5228501315783888
1413394983.505760431 0.6144193172512952 -0.7114840007290089 0.6769490815454768 -0.3954679112402504 -0.7064334551627096 -0.2896853786976638 0.5105284379692405
1413394983.705760479 0.7724018866476352 -0.456795481642186 0.7028597932005616 -0.3749094066286359 -0.7162021911398889 -0.30638933764202153 0.5026160880906153
1413394983.905760527 0.8978260326984793 -0.22803620401769972 0.6806050986144595 -0.36487012235317146 -0.7190857107521613 -0.3127908840265938 0.501943619619144
1413394984.105760574 0.9815329091495568 -0.03332190526992876 0.6172747547242092 -0.35948702668521326 -0.7214921809963405 -0.30691974120334453 0.5059825914656629
1413394984.305760622 1.0285216069158325 0.1304051059330091 0.5506049417899948 -0.34612589682864225 -0.7320992821928112 -0.2942469010848628 0.5075886777301106
1413394984.505760431 1.0375291158984632 0.26699332078512383 0.49514812869424907 0.338190810473097 0.7465004971840474 0.2801770188921205 -0.49986480322180193
1413394984.705760479 1.0025985879993597 0.38297635297789157 0.4537723953420163 -0.3146229753862901 -0.7614388080845403 -0.2605824469989438 0.5033091626610378
1413394984.905760527 0.9225733633773087 0.48418366984407746 0.42761770175981184 -0.2827280870522824 -0.7757864696706731 -0.23091599035273636 0.5146824143758412
1413394985.105760574 0.803451991827675 0.575630974008074 0.41973595357589943 -0.24032925359039464 -0.7848051735872802 -0.20707372212836647 0.5323938044191198
1413394985.305760622 0.6545735868838409 0.6504411349660073 0.4325699440212168 -0.22113464617137482 -0.7919647597223162 -0.18815896521309133 0.5371103158860541
1413394985.505760431 0.48465159791880197 0.7135239946905361 0.4939520548008226 -0.24648222915981557 -0.7902410207405044 -0.13173792320276806 0.5453537929071587
1413394985.705760479 0.3045229523070748 0.8065786153156255 0.6123785834406997 -0.22639342017908187 -0.7929758334967625 -0.15158770593524334 0.5449371653682948
1413394985.905760527 0.11378818630456461 0.9077994957802591 0.6956135113380796 -0.20313625999115362 -0.7967810592314899 -0.18188750123305455 0.5392518339538597
1413394986.105760574 -0.10044945368500385 0.9937271429062836 0.7288251349202866 -0.20189819892205282 -0.795185165305227 -0.1881054584081464 0.5399388916055601
1413394986.305760622 -0.337325206208305 1.0569355993306828 0.761460179084929 -0.23043459575901798 -0.7874109854374559 -0.1551162242406228 0.5502933709101943
1413394986.505760431 -0.5810324241183212 1.1247739116069828 0.8139871735609944 -0.24154663285385705 -0.7837304646036454 -0.14407999413112385 0.5537713772856508
1413394986.705760479 -0.8241810061918676 1.2056890777353102 0.8811623979342156 -0.21881654522059044 -0.7906619218510068 -0.17795491406823855 0.5434198132495583
1413394986.905760527 -1.082842200980155 1.2758765763782371 0.9489093646152296 -0.21197428909705823 -0.7873221724885685 -0.18953023597636587 0.5470548300865516
1413394987.105760574 -1.351274364990658 1.3262678326169743 0.9960564624401317 -0.23505561761260213 -0.7745223471575938 -0.16092673649142158 0.5647712597724641
1413394987.305760622 -1.6133566410871083 1.3798938276047719 1.0040945666356096 -0.23859564295081614 -0.7672976825422615 -0.15964729188792737 0.5734449648601653
1413394987.505760431 -1.8611046684347725 1.4328950098047564 1.005718689418179 -0.20750420777543382 -0.7647819899295026 -0.20580790104430402 0.5741895327356393
1413394987.705760479 -2.1008691644576754 1.4450277353091805 1.0217723336159734 -0.1950647982730173 -0.7549891199766962 -0.22211101494146945 0.5853271309563739
1413394987.905760527 -2.326837053137643 1.3947105603770171 1.0525867058379677 -0.19194481568220215 -0.7437618014601868 -0.22779744012247682 0.5984011168902047
1413394988.105760574 -2.5294872515405986 1.2745687744487326 1.0991280752776116 -0.19650398884400672 -0.7317369022836282 -0.22392665503118286 0.6130286627651411
1413394988.305760622 -2.681305919478562 1.0941150494154037 1.1486827444053103 -0.22924877522278125 -0.7256775108672899 -0.18704988135988418 0.6211678445990577
1413394988.505760431 -2.771939427913567 0.8926242682727257 1.1774128227830871 -0.2951372640617145 -0.7140460614410831 -0.1617891906101962 0.613886370026719
1413394988.705760479 -2.793392026680784 0.7067401129129238 1.1791257019998838 -0.35781123817485716 -0.6989729401287524 -0.20108658494329706 0.5856382263476457
1413394988.905760527 -2.762828166853019 0.5308400468996104 1.1571153140373107 -0.38393043930728965 -0.6836814788072886 -0.26155408571125194 0.5628201431693441
1413394989.105760574 -2.7033393313884644 0.3433725366979733 1.1173515239503247 -0.3892577368147108 -0.6832403295217291 -0.2968835781433527 0.5417759753569563
1413394989.305760622 -2.635690975544305 0.13513212005104522 1.0841072084711496 -0.3947129585984329 -0.6903523216775255 -0.2979030139769679 0.5280806250305522
1413394989.505760431 -2.5663594260892117 -0.08133593820735818 1.0604453174994664 -0.40121314464564367 -0.6924564125763296 -0.2809691761451699 0.5297060045931833
1413394989.705760479 -2.4941854736383213 -0.2863651269498978 1.015499845087589 -0.4023858351552078 -0.6975889276473427 -0.2592343479622528 0.5331537119135193
1413394989.905760527 -2.41237447820485 -0.49314145052584135 0.9318808201088017 -0.37921644383253844 -0.7222978774447589 -0.2100478407466771 0.5388511571518018
1413394990.105760574 -2.324316050640984 -0.6691413274288691 0.828554978564094 -0.30171792373686357 -0.7635334346026965 -0.17629010825474814 0.5430513663289938
1413394990.355760336 -2.225153034048344 -0.8544711937296308 0.6721832013452027 -0.1785620591063132 -0.8045203166771736 -0.1373387131849839 0.5495459298027049
1413394990.555760384 -2.1689432256813928 -0.991418108273215 0.5512347533781904 -0.1169801724175319 -0.8210053190740627 -0.09902588321969684 0.549963434935906
1413394990.755760431 -2.1424695571275354 -1.1219127785462688 0.4429317714066318 -0.09887139816322557 -0.8259759860542344 -0.07607227275293565 0.5497282295879204
1413394990.955760479 -2.1511356237301356 -1.2473540220268307 0.34724766799435064 -0.09837999866928972 -0.8259478097811127 -0.07425043071666049 0.5501076848387817
1413394991.155760288 -2.192906649847657 -1.3667045226953694 0.271226035327653 -0.1091802706618506 -0.8221454850848227 -0.07601058432500996 0.5535150051480802
1413394991.355760336 -2.260829265967123 -1.4735225512971593 0.21080408801943845 -0.13534143063447693 -0.8167302622432308 -0.08017075459395918 0.5551639631661983
1413394991.555760384 -2.346931381549947 -1.55606187501993 0.16353690352086747 -0.18020207659179585 -0.8064488476837882 -0.10392404403284669 0.553504526389795
1413394991.755760431 -2.4456178220682157 -1.6140693846484362 0.13205914825440723 -0.21780402156237344 -0.7850277266780903 -0.1464788072033386 0.5611032307684015
1413394991.955760479 -2.55078506089017 -1.6619756325361434 0.10696379022487315 -0.24348402686495774 -0.7585255872739652 -0.1668247415995302 0.580968129679244
1413394992.155760288 -2.635727286911124 -1.7058552296463674 0.08236554608710571 -0.2802657718576824 -0.7483860963944939 -0.16355616133790812 0.5784623842025023
1413394992.355760336 -2.688525652355624 -1.7271748689271589 0.06877156638557998 -0.31516780188730686 -0.745137554093194 -0.17800141022138763 0.5601381794639289
1413394992.555760384 -2.718493779107709 -1.7207339531115233 0.0711720082293083 -0.32459154965309106 -0.7421072136624918 -0.23258369750597413 0.5383512171239455
1413394992.755760431 -2.750556315008365 -1.713276338341907 0.08067451443155255 -0.33662772613101744 -0.7293582194814106 -0.2506149755224618 0.5402874195454489
1413394992.955760479 -2.779152594883901 -1.711937549690227 0.08818562295548847 -0.3658836663637522 -0.715624179643453 -0.24213666076003382 0.5434896629322398
1413394993.155760288 -2.7948393439673342 -1.7048788704741997 0.06807519001652221 -0.37209211178544377 -0.7155227715848002 -0.25186501522872656 0.5349192815695384
1413394993.355760336 -2.802008436186246 -1.6940988342609666 0.009340775338803786 -0.3617671766427413 -0.7218261296062315 -0.2699172684469664 0.5246295995425689
1413394993.555760384 -2.8152825132594037 -1.6896107322568994 -0.05639117771421666 -0.3504902902087712 -0.7268618203277258 -0.281327195477249 0.5193105619035923
1413394993.755760431 -2.8412597082244333 -1.6964580096889996 -0.12082082143125164 -0.3620467334530145 -0.7205942496840404 -0.2761670383004307 0.5228746093234083
1413394993.955760479 -2.8672316058645304 -1.705662994520506 -0.21208542720960005 -0.40657958079169343 -0.6978560475925432 -0.2768196065255215 0.5206350802290903
1413394994.155760288 -2.875594424215493 -1.7088264803003814 -0.307673138045637 -0.45883500467257105 -0.6642494448102564 -0.2962589497527172 0.5103662883145632
1413394994.405760527 -2.84550646666901 -1.7074551102739495 -0.3707775039649118 0.504146803721225 0.6296686632382551 0.35678132863880296 -0.4712329130777087
1413394994.605760574 -2.81308710673067 -1.7153832221766858 -0.37989207102798744 0.5196553889305073 0.6150885109589268 0.3966231843462037 -0.4408111274461759
1413394994.805760622 -2.8071463168143516 -1.7292412284815382 -0.3528879225885961 0.5243394972814898 0.603590713228391 0.4146056710261364 -0.4345670029436788
1413394995.005760431 -2.8290889427902295 -1.7536659239231853 -0.3267711683197554 0.5276079860873885 0.5951297318388803 0.4117875417981389 -0.4448386625704766
1413394995.205760479 -2.871569913527394 -1.7857886871944006 -0.36586890165106706 0.5429733547355436 0.5868794991892081 0.3830487427769754 -0.46262949553082594
1413394995.405760527 -2.9058201572208233 -1.8099280683241026 -0.448281525310619 0.5551341107665699 0.6047974991796826 0.36070251787626545 -0.4426508755741918
1413394995.605760574 -2.9249650298449144 -1.807474513775933 -0.5255938820294113 0.5537071540268894 0.6128415742544835 0.3624061978162149 -0.431851062553493
1413394995.805760622 -2.941958578211664 -1.780319412041515 -0.5837013225264459 0.5428722821472144 0.6005675557055433 0.3777289885804881 -0.44936522728797385
1413394996.005760431 -2.9541472812205454 -1.7605114672425684 -0.6419764554702709 0.538595248366395 0.5944176288975396 0.3883004679282869 -0.4536580072026777
1413394996.205760479 -2.9526159917557133 -1.7762293667268347 -0.6205351366233384 0.5447858148036899 0.592678118652462 0.3761996523211022 -0.4587100230561889
1413394996.405760527 -2.9532875230601032 -1.782815157587949 -0.6041960236154374 0.5275964679606193 0.5949964402494153 0.39613325920292336 -0.4590203089610994
1413394996.605760574 -2.953302049255534 -1.7854485915811067 -0.5821184623590566 0.5260880133064867 0.5958565410218001 0.3979798398096744 -0.4580375878476613
1413394996.805760622 -2.956418946516593 -1.7875753203895601 -0.5687422663738089 0.5267237512055591 0.5963176515357735 0.3972036249909192 -0.45738017958405636
1413394997.005760431 -2.958212920677742 -1.7897194991898961 -0.5644871519841217 0.5269524353922775 0.5963925026662065 0.39673087549448327 -0.4574294765606306
1413394997.205760479 -2.959527435159992 -1.7906518934841276 -0.5668486242783749 0.5271611763566096 0.5963958661489663 0.39649148987276334 -0.45739213312067334
1413394997.405760527 -2.960671492495907 -1.7893650010576967 -0.5694363736980816 0.5270864707445357 0.5963237857552456 0.39650961292670905 -0.457556468380434
1413394997.605760574 -2.9620955813279064 -1.7881761267960765 -0.5719819134612996 0.527073592877377 0.5963404925260541 0.3965685970593592 -0.4574984070911593
1413394997.805760622 -2.9635121459182887 -1.7873507726475502 -0.5743583759134345 0.5271037153601283 0.5963009616067764 0.3966145660236261 -0.457475379072723
1413394998.005760431 -2.964745038237397 -1.7869125811543067 -0.576105229396075 0.5271994604907498 0.5962805012003664 0.3965359465774403 -0.45745987345109534
1413394998.205760479 -2.965748647553645 -1.7860769670571006 -0.5773759157574456 0.5270879331559164 0.5961885712310854 0.39659052636175757 -0.4576608489421181
