1413394888.555760384 0.11728 0.134 0.37023 0.00454 0.82376 0.01052 0.56683
1413394888.655760527 0.17661 0.18144 0.42959 0.00017 0.82621 0.01068 0.56325
1413394888.755760431 0.22006 0.21049 0.43287 -0.00437 0.8219 0.00804 0.56956
1413394888.855760574 0.26657 0.23919 0.43648 -0.01051 0.81591 0.00396 0.57807
1413394888.955760479 0.31514 0.26651 0.44366 -0.01638 0.81185 1e-05 0.58364
1413394889.055760384 0.36215 0.28977 0.44964 -0.01931 0.80948 -0.00174 0.58682
1413394889.155760527 0.406 0.30936 0.45817 -0.01939 0.80822 -0.00166 0.58855
1413394889.255760431 0.44927 0.32631 0.47321 -0.01382 0.79796 0.0017 0.60255
1413394889.355760574 0.48474 0.33927 0.49213 -0.00889 0.77129 0.00529 0.6364
1413394889.455760479 0.50663 0.35261 0.51632 -0.00612 0.73978 0.00728 0.67278
1413394889.555760384 0.50523 0.3643 0.5367 -0.00157 0.73599 0.00979 0.67692
1413394889.655760527 0.48092 0.37632 0.5527 0.00025 0.76989 0.00906 0.63812
1413394889.755760431 0.4422 0.38853 0.57 0.00281 0.81145 0.00798 0.58436
1413394889.855760574 0.40104 0.40279 0.58969 0.00229 0.8447 0.00512 0.53521
1413394889.955760479 0.37086 0.41748 0.60958 0.00072 0.86749 0.00095 0.49745
1413394890.055760384 0.35915 0.43174 0.62105 0.00147 0.88364 -0.00105 0.46817
1413394890.155760527 0.37263 0.44512 0.62645 -0.00377 0.88654 -0.00769 0.46257
1413394890.255760431 0.41349 0.45571 0.6297 -0.01044 0.86639 -0.01408 0.49905
1413394890.355760574 0.47351 0.4616 0.62505 -0.0194 0.83544 -0.02144 0.54883
1413394890.455760479 0.54238 0.46236 0.61511 -0.02632 0.80059 -0.02534 0.5981
1413394890.555760384 0.60518 0.45506 0.60153 -0.02675 0.76633 -0.02393 0.64145
1413394890.655760527 0.65134 0.44189 0.58876 -0.01941 0.74378 -0.01565 0.66796
1413394890.755760431 0.67216 0.4222 0.57559 -0.01169 0.73542 -0.00734 0.67747
1413394890.855760574 0.66631 0.39778 0.55767 -0.00502 0.76104 -0.00086 0.64868
1413394890.955760479 0.64169 0.37218 0.53655 -0.002 0.80214 0.00215 0.59713
1413394891.055760384 0.60994 0.34704 0.51817 0.00159 0.83992 0.00399 0.5427
1413394891.155760527 0.58732 0.32268 0.50456 0.0039 0.86418 0.00448 0.50315
1413394891.255760431 0.58274 0.29977 0.49259 0.00652 0.87705 0.00555 0.48033
1413394891.355760574 0.60667 0.27847 0.48555 0.00927 0.87869 0.00725 0.47725
1413394891.455760479 0.6599 0.26261 0.48812 0.0134 0.86418 0.01021 0.50291
1413394891.555760384 0.73005 0.24947 0.49425 0.01549 0.84319 0.01221 0.53725
1413394891.655760527 0.81181 0.23718 0.49986 0.0187 0.82636 0.01646 0.5626
1413394891.755760431 0.89842 0.22817 0.50502 0.02049 0.81671 0.01838 0.57639
1413394891.855760574 0.98541 0.22351 0.51841 0.02308 0.80903 0.01894 0.587
1413394891.955760479 1.06717 0.22468 0.54643 0.02514 0.79135 0.02098 0.61049
1413394892.055760384 1.14278 0.23332 0.58006 0.02491 0.77615 0.02461 0.62957
1413394892.155760527 1.20651 0.24871 0.6135 0.01912 0.76729 0.03427 0.64009
1413394892.255760431 1.25876 0.27014 0.64572 0.00756 0.76495 0.05184 0.64195
1413394892.355760574 1.30036 0.29682 0.66937 -0.00886 0.76479 0.07251 0.64013
1413394892.455760479 1.33118 0.32728 0.67633 -0.0296 0.76362 0.09506 0.63794
1413394892.555760384 1.34924 0.36141 0.67371 -0.05169 0.76365 0.12144 0.63199
1413394892.655760527 1.35363 0.39894 0.6714 -0.07597 0.76877 0.15092 0.6168
1413394892.755760431 1.34827 0.43942 0.67478 -0.10136 0.77374 0.18342 0.59784
1413394892.855760574 1.33605 0.48295 0.68315 -0.12737 0.77339 0.21654 0.58203
1413394892.955760479 1.3176 0.52734 0.69178 -0.14796 0.77497 0.24924 0.56161
1413394893.055760384 1.29869 0.57407 0.70222 -0.16288 0.77347 0.28148 0.54404
1413394893.155760527 1.28019 0.62502 0.71445 -0.17228 0.76566 0.31501 0.53372
1413394893.255760431 1.26334 0.68323 0.72631 -0.18647 0.75695 0.34193 0.52473
1413394893.355760574 1.24639 0.74696 0.73975 -0.20189 0.74434 0.35866 0.5259
1413394893.455760479 1.22912 0.81696 0.75487 -0.20481 0.72805 0.37448 0.53643
1413394893.555760384 1.20798 0.89187 0.76457 -0.20549 0.71462 0.38708 0.54522
1413394893.655760527 1.17861 0.96977 0.76363 -0.19905 0.70304 0.39702 0.55542
1413394893.755760431 1.13512 1.0502 0.75526 -0.18962 0.69102 0.40299 0.56933
1413394893.855760574 1.07854 1.13653 0.74381 -0.18717 0.68646 0.40049 0.57736
1413394893.955760479 1.00181 1.22465 0.73013 -0.19495 0.68605 0.39574 0.57855
1413394894.055760384 0.91202 1.3203 0.71639 -0.21086 0.68077 0.39565 0.57927
1413394894.155760527 0.79487 1.40637 0.69799 -0.23612 0.6763 0.39905 0.57238
1413394894.255760431 0.66067 1.48468 0.67654 -0.2756 0.67606 0.40184 0.55273
1413394894.355760574 0.51462 1.55166 0.65427 -0.30664 0.67321 0.41402 0.53042
1413394894.455760479 0.36259 1.60125 0.63091 -0.33069 0.66772 0.43221 0.50793
1413394894.555760384 0.21441 1.63301 0.60411 -0.34502 0.65816 0.45537 0.49033
1413394894.655760527 0.07194 1.65577 0.57447 -0.36101 0.64717 0.47511 0.47445
1413394894.755760431 -0.06138 1.67463 0.54322 -0.36783 0.63071 0.49474 0.47132
1413394894.855760574 -0.18936 1.69464 0.51115 -0.37146 0.62144 0.50978 0.46471
1413394894.955760479 -0.31317 1.71507 0.47865 -0.37717 0.62103 0.51746 0.452
1413394895.055760384 -0.43509 1.73642 0.44717 -0.38528 0.62701 0.51672 0.43751
1413394895.155760527 -0.55291 1.75435 0.42025 -0.38545 0.63178 0.51778 0.42918
1413394895.255760431 -0.66249 1.77127 0.39942 -0.38579 0.6344 0.51514 0.42817
1413394895.355760574 -0.76629 1.78901 0.38384 -0.3752 0.63141 0.51759 0.43892
1413394895.455760479 -0.86511 1.80862 0.37477 -0.35764 0.62407 0.52391 0.45623
1413394895.555760384 -0.96845 1.82856 0.37677 -0.34351 0.62392 0.52713 0.46353
1413394895.655760527 -1.07096 1.84669 0.39418 -0.34362 0.62897 0.52226 0.46213
1413394895.755760431 -1.17068 1.86605 0.4279 -0.34852 0.63719 0.51674 0.45332
1413394895.855760574 -1.27031 1.88739 0.46817 -0.35404 0.6409 0.51234 0.44879
1413394895.955760479 -1.36787 1.91084 0.4979 -0.3573 0.64069 0.51132 0.44767
1413394896.055760384 -1.46408 1.93593 0.51449 -0.35919 0.63958 0.51161 0.44741
1413394896.155760527 -1.55957 1.963 0.5186 -0.36029 0.63859 0.51299 0.44635
1413394896.255760431 -1.65465 1.99274 0.51262 -0.36684 0.64163 0.50993 0.44013
1413394896.355760574 -1.74874 2.02408 0.49966 -0.38574 0.65204 0.49682 0.42335
1413394896.455760479 -1.83472 2.05714 0.48833 -0.40149 0.66113 0.48561 0.4073
1413394896.555760384 -1.90562 2.08935 0.474 -0.41583 0.67002 0.47398 0.39179
1413394896.655760527 -1.96146 2.12074 0.45204 -0.43177 0.67931 0.45948 0.37548
1413394896.755760431 -1.99433 2.14797 0.42121 -0.44772 0.68741 0.44456 0.35969
1413394896.855760574 -1.99887 2.16904 0.38508 -0.46193 0.69162 0.43062 0.35049
1413394896.955760479 -1.9683 2.1803 0.35084 -0.46972 0.69146 0.42181 0.35116
1413394897.055760384 -1.89885 2.17895 0.32273 -0.47511 0.69376 0.41655 0.34562
1413394897.155760527 -1.78818 2.17469 0.29963 -0.47025 0.69285 0.42074 0.34899
1413394897.255760431 -1.6435 2.15782 0.287 -0.4549 0.68752 0.43447 0.3628
1413394897.355760574 -1.46791 2.1377 0.28124 -0.41908 0.6682 0.46624 0.40063
1413394897.455760479 -1.27621 2.11517 0.27969 -0.3921 0.64931 0.48879 0.43097
1413394897.555760384 -1.07962 2.09202 0.28051 -0.37585 0.63829 0.50183 0.44665
1413394897.655760527 -0.88481 2.06842 0.28515 -0.36968 0.63204 0.50776 0.45392
1413394897.755760431 -0.69406 2.04328 0.29526 -0.37138 0.62681 0.50777 0.45972
1413394897.855760574 -0.50842 2.01564 0.31027 -0.37528 0.62128 0.50655 0.46539
1413394897.955760479 -0.32814 1.98409 0.33038 -0.37809 0.6159 0.50508 0.47181
1413394898.055760384 -0.15416 1.94802 0.35199 -0.37486 0.61577 0.50788 0.47156
1413394898.155760527 0.01161 1.90839 0.37605 -0.36814 0.61379 0.51415 0.47264
1413394898.255760431 0.16911 1.86589 0.40289 -0.35977 0.60773 0.52207 0.47819
1413394898.355760574 0.31441 1.8215 0.43265 -0.3487 0.59509 0.53557 0.48728
1413394898.455760479 0.4432 1.77583 0.46272 -0.34064 0.58047 0.55369 0.49035
1413394898.555760384 0.55014 1.72998 0.49372 -0.33945 0.56572 0.57489 0.48397
1413394898.655760527 0.63676 1.68574 0.52612 -0.33972 0.55136 0.59435 0.4768
1413394898.755760431 0.70432 1.64263 0.5584 -0.34138 0.54829 0.60845 0.46112
1413394898.855760574 0.74843 1.60523 0.59289 -0.33839 0.54588 0.62006 0.45059
1413394898.955760479 0.77701 1.57004 0.62992 -0.32749 0.53678 0.6324 0.45243
1413394899.055760384 0.78108 1.54357 0.66267 -0.3191 0.53552 0.63944 0.45001
1413394899.155760527 0.76947 1.52086 0.68608 -0.31582 0.54471 0.64208 0.43736
1413394899.255760431 0.73353 1.51149 0.69959 -0.31234 0.54625 0.64473 0.43402
1413394899.355760574 0.68138 1.5075 0.70601 -0.31911 0.5477 0.64134 0.4323
1413394899.455760479 0.60732 1.51741 0.69909 -0.34397 0.55891 0.62887 0.41691
1413394899.555760384 0.51961 1.53422 0.68404 -0.36776 0.56199 0.62435 0.39889
1413394899.655760527 0.42277 1.56159 0.66317 -0.38357 0.55212 0.6324 0.38484
1413394899.755760431 0.31831 1.59732 0.64431 -0.39639 0.53474 0.64782 0.37048
1413394899.855760574 0.20628 1.64037 0.62893 -0.41469 0.50941 0.66313 0.35887
1413394899.955760479 0.08705 1.68977 0.61723 -0.43942 0.48457 0.67378 0.34369
1413394900.055760384 -0.03733 1.74433 0.61605 -0.4646 0.46168 0.68191 0.32557
1413394900.155760527 -0.16129 1.80011 0.62657 -0.48985 0.43642 0.68749 0.31134
1413394900.255760431 -0.28431 1.8545 0.63647 0.51108 -0.41494 -0.69239 -0.29532
1413394900.355760574 -0.40381 1.90565 0.63831 0.52557 -0.3894 -0.69935 -0.2882
1413394900.455760479 -0.51858 1.95145 0.63304 0.53148 -0.35987 -0.71112 -0.28693
1413394900.555760384 -0.63139 1.98961 0.62178 0.52728 -0.32937 -0.72818 -0.28851
1413394900.655760527 -0.74571 2.01929 0.60641 0.52375 -0.29795 -0.74225 -0.29321
1413394900.755760431 -0.86578 2.03609 0.59399 0.52572 -0.26888 -0.7521 -0.2927
1413394900.855760574 -0.99263 2.03584 0.5934 0.52886 -0.24398 -0.76299 -0.2804
1413394900.955760479 -1.129 2.01488 0.61014 0.53654 -0.21907 -0.77149 -0.26256
1413394901.055760384 -1.273 1.97545 0.64286 0.54669 -0.19132 -0.77802 -0.24334
1413394901.155760527 -1.4219 1.91939 0.67476 0.56322 -0.16437 -0.77985 -0.21815
1413394901.255760431 -1.5686 1.84621 0.69895 0.58549 -0.14869 -0.77649 -0.17933
1413394901.355760574 -1.7096 1.76288 0.714 0.60581 -0.13822 -0.77181 -0.13492
1413394901.455760479 -1.84251 1.67555 0.72361 0.62739 -0.12818 -0.7623 -0.09406
1413394901.555760384 -1.96105 1.58853 0.72372 0.63949 -0.11448 -0.75748 -0.06452
1413394901.655760527 -2.06314 1.5027 0.71204 0.63222 -0.09223 -0.7679 -0.04604
1413394901.755760431 -2.1502 1.41811 0.69356 0.62023 -0.05951 -0.78132 -0.03634
1413394901.855760574 -2.22238 1.3311 0.68058 0.61508 -0.01746 -0.7877 -0.03013
1413394901.955760479 -2.28182 1.2406 0.67569 0.61694 0.02521 -0.78639 -0.01813
1413394902.055760384 -2.32639 1.14377 0.67922 0.61663 0.06055 -0.78492 0.00193
1413394902.155760527 -2.354 1.0395 0.69078 0.61596 0.09128 -0.78215 0.02255
1413394902.255760431 -2.37 0.93094 0.69488 0.61892 0.11736 -0.77525 0.04638
1413394902.355760574 -2.37547 0.81999 0.69167 0.62752 0.14226 -0.76264 0.06607
1413394902.455760479 -2.36979 0.70824 0.68284 0.63421 0.15993 -0.7512 0.08892
1413394902.555760384 -2.3517 0.59914 0.67265 0.62936 0.15933 -0.74976 0.128
1413394902.655760527 -2.32079 0.4954 0.66431 0.61668 0.1496 -0.75481 0.16611
1413394902.755760431 -2.28387 0.40419 0.65834 0.59914 0.1366 -0.76406 0.19643
1413394902.855760574 -2.24644 0.32705 0.65351 0.58502 0.13143 -0.77327 0.20621
1413394902.955760479 -2.21043 0.26208 0.64677 0.57535 0.13445 -0.78261 0.19603
1413394903.055760384 -2.17552 0.21037 0.63198 0.57058 0.13304 -0.78984 0.18135
1413394903.155760527 -2.13705 0.1776 0.60472 0.55748 0.12209 -0.80335 0.17011
1413394903.255760431 -2.10226 0.15792 0.56345 0.53542 0.10518 -0.82271 0.15939
1413394903.355760574 -2.0764 0.14995 0.51783 0.53192 0.09261 -0.83091 0.1344
1413394903.455760479 -2.06179 0.15235 0.48159 0.54841 0.08194 -0.82465 0.11175
1413394903.555760384 -2.05524 0.15967 0.45725 0.56559 0.07289 -0.81589 0.09543
1413394903.655760527 -2.0535 0.17374 0.44731 0.57781 0.0712 -0.80929 0.0782
1413394903.755760431 -2.05692 0.19372 0.45622 0.58281 0.07169 -0.8068 0.0653
1413394903.855760574 -2.06143 0.21419 0.48231 0.58453 0.07794 -0.80605 0.05026
1413394903.955760479 -2.06278 0.23263 0.50563 0.58295 0.08214 -0.80769 0.03261
1413394904.055760384 -2.06062 0.24789 0.51658 0.57814 0.06609 -0.81279 0.02763
1413394904.155760527 -2.05785 0.26133 0.51745 0.56806 0.03491 -0.82175 0.02855
1413394904.255760431 -2.05677 0.2766 0.50953 0.55386 0.00096 -0.83233 0.02145
1413394904.355760574 -2.06494 0.29504 0.49401 0.54064 -0.03261 -0.84062 0.0029
1413394904.455760479 -2.08195 0.31716 0.47205 0.53231 -0.0672 -0.84356 -0.02317
1413394904.555760384 -2.11002 0.34296 0.45106 0.53745 -0.10025 -0.83541 -0.0565
1413394904.655760527 -2.14465 0.37253 0.43337 0.55147 -0.13562 -0.81852 -0.08671
1413394904.755760431 -2.18483 0.40282 0.41909 0.56033 -0.17086 -0.80218 -0.11551
1413394904.855760574 -2.22564 0.43229 0.40902 0.56669 -0.2033 -0.78501 -0.1459
1413394904.955760479 -2.26449 0.46014 0.4035 0.5766 -0.23455 -0.76259 -0.17597
1413394905.055760384 -2.29728 0.48243 0.40226 0.59192 -0.26514 -0.73336 -0.20375
1413394905.155760527 -2.31917 0.49733 0.40308 0.60054 -0.29658 -0.70773 -0.22472
1413394905.255760431 -2.32726 0.50257 0.399 0.58142 -0.33568 -0.70548 -0.22706
1413394905.355760574 -2.32452 0.50254 0.39098 0.53182 -0.37485 -0.72864 -0.21384
1413394905.455760479 -2.31912 0.5078 0.38433 -0.47379 0.40517 0.75709 0.19538
1413394905.555760384 -2.31878 0.53109 0.38333 -0.42789 0.42354 0.77719 0.18304
1413394905.655760527 -2.33271 0.58358 0.39311 -0.41888 0.41726 0.78171 0.1984
1413394905.755760431 -2.36304 0.66186 0.41595 -0.46112 0.39353 0.75969 0.2353
1413394905.855760574 -2.4031 0.74877 0.44396 0.524 -0.36326 -0.72027 -0.27328
1413394905.955760479 -2.44204 0.82824 0.472 0.57802 -0.33592 -0.68098 -0.29886
1413394906.055760384 -2.47045 0.88824 0.50085 0.61937 -0.32011 -0.64856 -0.30542
1413394906.155760527 -2.48236 0.92549 0.52979 0.64441 -0.32184 -0.62953 -0.29128
1413394906.255760431 -2.47039 0.93954 0.56007 0.63332 -0.34552 -0.64016 -0.26403
1413394906.355760574 -2.43598 0.93679 0.58834 0.59059 -0.37803 -0.67049 -0.24237
1413394906.455760479 -2.38264 0.92835 0.60865 0.53258 -0.40772 -0.70331 -0.23555
1413394906.555760384 -2.31971 0.92453 0.61952 -0.46813 0.4328 0.73135 0.24221
1413394906.655760527 -2.25922 0.9316 0.62453 -0.42451 0.45339 0.74032 0.25719
1413394906.755760431 -2.20884 0.95243 0.62903 -0.42696 0.46252 0.72071 0.29045
1413394906.855760574 -2.16714 0.98347 0.63243 -0.46202 0.45755 0.67983 0.33915
1413394906.955760479 -2.13154 1.00811 0.63173 0.50644 -0.44306 -0.6308 -0.38642
1413394907.055760384 -2.10178 1.01863 0.63358 0.54541 -0.42594 -0.5857 -0.42197
1413394907.155760527 -2.07013 1.00005 0.63477 0.56976 -0.42265 -0.55913 -0.42909
1413394907.255760431 -2.03332 0.94538 0.62691 0.54886 -0.4473 -0.57722 -0.40681
1413394907.355760574 -1.99133 0.86442 0.61529 0.50524 -0.48679 -0.61345 -0.36255
1413394907.455760479 -1.94629 0.77369 0.59652 -0.46662 0.54183 0.63443 0.29358
1413394907.555760384 -1.88798 0.69452 0.57346 -0.43979 0.59149 0.63344 0.23553
1413394907.655760527 -1.81126 0.63929 0.54971 -0.41338 0.61849 0.63101 0.22003
1413394907.755760431 -1.71996 0.62325 0.5312 -0.40293 0.60671 0.63015 0.26919
1413394907.855760574 -1.62575 0.63218 0.51528 -0.41944 0.56626 0.61702 0.3503
1413394907.955760479 -1.53503 0.64528 0.48891 -0.44637 0.52465 0.59483 0.41433
1413394908.055760384 -1.45303 0.64808 0.45488 -0.46682 0.4986 0.5779 0.44666
1413394908.155760527 -1.37621 0.63449 0.41064 -0.45382 0.50479 0.58987 0.43737
1413394908.255760431 -1.30527 0.60639 0.36161 -0.4152 0.52958 0.62004 0.40336
1413394908.355760574 -1.24122 0.57696 0.31609 -0.37771 0.5527 0.64723 0.36462
1413394908.455760479 -1.18494 0.56122 0.28266 -0.35586 0.57216 0.66154 0.32919
1413394908.555760384 -1.13811 0.56891 0.26799 -0.35524 0.58078 0.66351 0.31024
1413394908.655760527 -1.09686 0.6097 0.28456 -0.3862 0.55231 0.65303 0.34548
1413394908.755760431 -1.07105 0.66431 0.32402 -0.43658 0.51168 0.62592 0.39472
1413394908.855760574 -1.0534 0.70605 0.37136 -0.4784 0.47683 0.59845 0.43083
1413394908.955760479 -1.03668 0.7278 0.42818 0.51682 -0.45448 -0.57109 -0.44744
1413394909.055760384 -1.01488 0.72771 0.48701 0.53349 -0.45835 -0.56348 -0.43336
1413394909.155760527 -0.99354 0.70638 0.54345 0.51319 -0.48967 -0.58492 -0.39336
1413394909.255760431 -0.97043 0.67173 0.59298 -0.46546 0.52787 0.61428 0.35689
1413394909.355760574 -0.95225 0.64221 0.637 -0.42276 0.56507 0.62657 0.33073
1413394909.455760479 -0.91957 0.62627 0.67062 -0.40398 0.59389 0.61484 0.32568
1413394909.555760384 -0.88015 0.62726 0.70163 -0.41282 0.60818 0.58312 0.34593
1413394909.655760527 -0.83537 0.64995 0.73571 -0.43373 0.611 0.54697 0.37334
1413394909.755760431 -0.7784 0.65774 0.77382 -0.45056 0.59891 0.51823 0.41199
1413394909.855760574 -0.71249 0.66512 0.81542 -0.46294 0.57299 0.49806 0.4575
1413394909.955760479 -0.64413 0.6587 0.85358 -0.46201 0.55848 0.49446 0.47974
1413394910.055760384 -0.57479 0.63023 0.88089 -0.4284 0.5715 0.5208 0.46757
1413394910.155760527 -0.50969 0.58866 0.89719 -0.39004 0.59617 0.55043 0.43528
1413394910.255760431 -0.45033 0.54374 0.9014 -0.35895 0.62177 0.57263 0.3958
1413394910.355760574 -0.39454 0.50802 0.89846 -0.33776 0.63942 0.58708 0.36386
1413394910.455760479 -0.34117 0.49377 0.88566 -0.32603 0.64837 0.59563 0.3443
1413394910.555760384 -0.28777 0.50498 0.8725 -0.34297 0.63352 0.59011 0.3644
1413394910.655760527 -0.23476 0.53472 0.86213 -0.38804 0.59775 0.56623 0.41413
1413394910.755760431 -0.18487 0.56683 0.85053 -0.43474 0.56181 0.5359 0.45626
1413394910.855760574 -0.13731 0.58213 0.83736 -0.47151 0.54104 0.51069 0.47344
1413394910.955760479 -0.0905 0.57306 0.82293 -0.49354 0.53313 0.49628 0.47528
1413394911.055760384 -0.04068 0.53658 0.80406 -0.49427 0.54558 0.50213 0.45377
1413394911.155760527 0.01307 0.47584 0.77817 -0.44883 0.56887 0.53967 0.42859
1413394911.255760431 0.07059 0.40464 0.75082 -0.39549 0.5937 0.57758 0.39688
1413394911.355760574 0.12799 0.34427 0.71773 -0.35553 0.61355 0.5993 0.37146
1413394911.455760479 0.1848 0.29772 0.682 -0.33419 0.62471 0.60786 0.35854
1413394911.555760384 0.23873 0.27021 0.64209 -0.3297 0.62709 0.60627 0.36123
1413394911.655760527 0.28946 0.2659 0.60388 -0.35416 0.61395 0.58593 0.39284
1413394911.755760431 0.33522 0.27872 0.57305 -0.39585 0.58667 0.55248 0.44034
1413394911.855760574 0.37339 0.28115 0.55081 -0.42871 0.55921 0.5222 0.48042
1413394911.955760479 0.40381 0.26263 0.53484 -0.43504 0.55187 0.51256 0.49342
1413394912.055760384 0.4273 0.22712 0.52328 -0.40898 0.57547 0.52922 0.47064
1413394912.155760527 0.44373 0.1824 0.5193 -0.36824 0.60989 0.55238 0.4328
1413394912.255760431 0.45439 0.14221 0.52126 -0.33434 0.63624 0.56197 0.4094
1413394912.355760574 0.46079 0.11829 0.52889 -0.31175 0.65513 0.5578 0.40308
1413394912.455760479 0.46467 0.11592 0.54184 -0.30233 0.67443 0.53897 0.40404
1413394912.555760384 0.46838 0.13336 0.56305 -0.30718 0.68584 0.50964 0.41897
1413394912.655760527 0.46479 0.17784 0.58959 -0.32006 0.69068 0.47297 0.44364
1413394912.755760431 0.47043 0.22306 0.61461 -0.32789 0.69634 0.4403 0.46231
1413394912.855760574 0.48217 0.2698 0.63834 -0.32963 0.70277 0.41787 0.47207
1413394912.955760479 0.49694 0.31499 0.66239 -0.31724 0.705 0.41223 0.48209
1413394913.055760384 0.51475 0.36114 0.68604 -0.301 0.7021 0.41542 0.49383
1413394913.155760527 0.53307 0.40745 0.70928 -0.29085 0.6986 0.41998 0.50098
1413394913.255760431 0.54486 0.45376 0.73434 -0.29197 0.69207 0.42887 0.50185
1413394913.355760574 0.55139 0.50151 0.76238 -0.30717 0.67605 0.44238 0.50289
1413394913.455760479 0.55048 0.55078 0.7863 -0.32381 0.6557 0.46578 0.49825
1413394913.555760384 0.54137 0.59856 0.7983 -0.33623 0.62887 0.49814 0.49329
1413394913.655760527 0.52229 0.64388 0.79939 -0.34517 0.5978 0.53576 0.48627
1413394913.755760431 0.49093 0.68438 0.78542 -0.35472 0.57425 0.57283 0.46505
1413394913.855760574 0.44747 0.72264 0.7582 -0.37449 0.55747 0.60196 0.43201
1413394913.955760479 0.39641 0.76349 0.7208 -0.40083 0.54222 0.62257 0.39717
1413394914.055760384 0.33937 0.80827 0.67886 -0.42581 0.52229 0.63967 0.36977
1413394914.155760527 0.2787 0.85475 0.63843 -0.44371 0.49348 0.6596 0.35287
1413394914.255760431 0.21335 0.90201 0.6109 -0.45542 0.45837 0.68201 0.34256
1413394914.355760574 0.14039 0.94913 0.59851 -0.46682 0.42329 0.70221 0.33136
1413394914.455760479 0.05837 0.99444 0.6021 -0.47735 0.39035 0.72001 0.31834
1413394914.555760384 -0.03398 1.03654 0.6183 -0.48742 0.36493 0.73302 0.3032
1413394914.655760527 -0.13425 1.07563 0.63248 0.50277 -0.35472 -0.73743 -0.27855
1413394914.755760431 -0.23994 1.1102 0.6367 0.51564 -0.34529 -0.741 -0.25652
1413394914.855760574 -0.34844 1.1418 0.63094 0.52434 -0.3323 -0.74626 -0.2403
1413394914.955760479 -0.45684 1.16839 0.61454 0.53051 -0.31142 -0.7524 -0.23551
1413394915.055760384 -0.56596 1.18673 0.58665 0.53645 -0.28278 -0.75897 -0.23709
1413394915.155760527 -0.67695 1.1932 0.55731 0.5402 -0.24849 -0.76851 -0.23628
1413394915.255760431 -0.78982 1.18475 0.53289 0.54168 -0.21105 -0.77982 -0.23223
1413394915.355760574 -0.90536 1.15865 0.51229 0.54659 -0.17467 -0.78805 -0.22294
1413394915.455760479 -1.02611 1.11812 0.4954 0.55501 -0.13998 -0.79277 -0.20949
1413394915.555760384 -1.15047 1.05731 0.48242 0.56909 -0.10945 -0.79322 -0.18696
1413394915.655760527 -1.27592 0.97639 0.47118 0.59239 -0.09076 -0.78849 -0.13829
1413394915.755760431 -1.39446 0.88004 0.46125 0.61169 -0.06872 -0.7835 -0.08504
1413394915.855760574 -1.50208 0.77708 0.45662 0.63183 -0.03561 -0.7729 -0.04646
1413394915.955760479 -1.5961 0.67133 0.45565 0.6447 5e-05 -0.76426 -0.0164
1413394916.055760384 -1.67499 0.56524 0.45634 0.64839 0.0307 -0.7606 0.01197
1413394916.155760527 -1.73657 0.46016 0.45918 0.64606 0.05531 -0.76039 0.03682
1413394916.255760431 -1.78084 0.35592 0.46178 0.62427 0.07884 -0.7752 0.05602
1413394916.355760574 -1.81256 0.25216 0.46612 0.59918 0.09936 -0.79045 0.07938
1413394916.455760479 -1.83905 0.15025 0.46554 0.57786 0.10783 -0.79997 0.12045
1413394916.555760384 -1.86556 0.05426 0.45517 0.56334 0.11196 -0.80097 0.16897
1413394916.655760527 -1.89425 -0.02918 0.43617 0.55708 0.115 -0.791 0.22529
1413394916.755760431 -1.92489 -0.09473 0.40735 0.54518 0.14442 -0.7849 0.25662
1413394916.855760574 -1.96466 -0.13697 0.3665 0.52931 0.1913 -0.78182 0.26831
1413394916.955760479 -2.00926 -0.15828 0.31418 0.51135 0.24349 -0.7781 0.27165
1413394917.055760384 -2.0627 -0.17108 0.25946 0.5046 0.30429 -0.76423 0.26217
1413394917.155760527 -2.12285 -0.18165 0.20492 -0.49087 -0.35931 0.74954 -0.26101
1413394917.255760431 -2.18583 -0.1971 0.15376 -0.47749 -0.40925 0.73286 -0.25967
1413394917.355760574 -2.25237 -0.2197 0.10648 -0.46531 -0.44505 0.71749 -0.26573
1413394917.455760479 -2.32042 -0.25262 0.06184 -0.45574 -0.46632 0.70671 -0.2746
1413394917.555760384 -2.39024 -0.29871 0.02294 -0.46186 -0.48197 0.69081 -0.2778
1413394917.655760527 -2.46001 -0.36173 -0.00933 -0.47349 -0.49206 0.67586 -0.2773
1413394917.755760431 -2.52532 -0.43665 -0.03308 -0.48331 -0.49613 0.66689 -0.27482
1413394917.855760574 -2.5779 -0.52377 -0.04451 -0.49864 -0.50494 0.65305 -0.26443
1413394917.955760479 -2.61194 -0.62414 -0.04712 0.50458 0.5178 -0.64136 0.25677
1413394918.055760384 -2.62687 -0.7335 -0.05465 -0.49943 -0.52611 0.63589 -0.26349
1413394918.155760527 -2.62448 -0.85319 -0.07061 -0.47855 -0.52361 0.64079 -0.2936
1413394918.255760431 -2.60946 -0.97902 -0.0872 -0.45484 -0.52128 0.64351 -0.32753
1413394918.355760574 -2.5891 -1.10902 -0.10387 -0.41984 -0.51749 0.65239 -0.36101
1413394918.455760479 -2.57188 -1.24293 -0.11667 -0.3927 -0.51636 0.65354 -0.38993
1413394918.555760384 -2.56649 -1.38087 -0.12499 -0.38074 -0.52557 0.64197 -0.40827
1413394918.655760527 -2.57157 -1.52109 -0.12866 -0.37875 -0.54678 0.62136 -0.41411
1413394918.755760431 -2.58544 -1.66237 -0.13064 -0.38474 -0.57247 0.5946 -0.41316
1413394918.855760574 -2.6055 -1.8046 -0.12868 0.39823 0.59313 -0.56438 0.41363
1413394918.955760479 -2.62435 -1.94597 -0.11721 0.41399 0.60385 -0.53374 0.4232
1413394919.055760384 -2.63587 -2.08093 -0.09114 0.41296 0.60645 -0.51375 0.44468
1413394919.155760527 -2.64027 -2.20247 -0.04939 0.40382 0.60904 -0.4965 0.46849
1413394919.255760431 -2.64295 -2.3091 0.00869 0.39278 0.6153 -0.47549 0.49096
1413394919.355760574 -2.64642 -2.39852 0.07612 0.38908 0.62684 -0.44552 0.50715
1413394919.455760479 -2.64801 -2.46961 0.14716 0.39211 0.64457 -0.41035 0.51225
1413394919.555760384 -2.64409 -2.51942 0.21549 0.38196 0.67344 -0.38549 0.50198
1413394919.655760527 -2.63257 -2.54931 0.27372 0.34861 0.70178 -0.37761 0.49335
1413394919.755760431 -2.61316 -2.56883 0.32178 0.30368 0.72302 -0.37713 0.49274
1413394919.855760574 -2.58636 -2.58477 0.36089 0.25745 0.7406 -0.37649 0.49345
1413394919.955760479 -2.55519 -2.60341 0.39162 0.22234 0.7581 -0.36172 0.49498
1413394920.055760384 -2.51656 -2.62451 0.41206 0.19326 0.77578 -0.33564 0.49816
1413394920.155760527 -2.47266 -2.65336 0.42138 0.16648 0.7925 -0.30481 0.50131
1413394920.255760431 -2.42297 -2.69058 0.41879 0.14597 0.80856 -0.26872 0.5027
1413394920.355760574 -2.36574 -2.73775 0.40677 0.13862 0.81768 -0.22597 0.511
1413394920.455760479 -2.30117 -2.79089 0.38843 0.13621 0.82126 -0.185 0.52226
1413394920.555760384 -2.22859 -2.84369 0.37025 0.13919 0.822 -0.14655 0.53242
1413394920.655760527 -2.14785 -2.88934 0.35816 0.14839 0.82253 -0.1157 0.53669
1413394920.755760431 -2.05861 -2.92102 0.34791 0.15431 0.82429 -0.09745 0.53595
1413394920.855760574 -1.96199 -2.93751 0.33762 0.14598 0.82739 -0.09759 0.53346
1413394920.955760479 -1.85617 -2.94229 0.32404 0.13843 0.8284 -0.10341 0.53282
1413394921.055760384 -1.73978 -2.93843 0.30347 0.12519 0.82879 -0.11948 0.53213
1413394921.155760527 -1.61595 -2.92897 0.27792 0.10973 0.82071 -0.13975 0.54301
1413394921.255760431 -1.4856 -2.91841 0.24416 0.09245 0.81201 -0.16302 0.55273
1413394921.355760574 -1.35528 -2.90895 0.19965 0.0585 0.80605 -0.19976 0.55404
1413394921.455760479 -1.2232 -2.91165 0.14768 0.02928 0.80072 -0.23268 0.55123
1413394921.555760384 -1.09468 -2.93297 0.08943 0.03382 0.80407 -0.23995 0.54291
1413394921.655760527 -0.96896 -2.9763 0.03378 0.0761 0.80637 -0.21878 0.54417
1413394921.755760431 -0.84465 -3.03123 -0.0204 0.12063 0.80394 -0.19172 0.54988
1413394921.855760574 -0.71947 -3.08637 -0.07089 0.14286 0.79574 -0.16949 0.56361
1413394921.955760479 -0.59003 -3.13441 -0.11504 0.13143 0.77976 -0.15618 0.59187
1413394922.055760384 -0.46659 -3.17517 -0.14857 0.10226 0.76997 -0.14412 0.61312
1413394922.155760527 -0.35648 -3.21169 -0.1648 0.07893 0.77178 -0.12 0.61946
1413394922.255760431 -0.26267 -3.24582 -0.16867 0.06332 0.78922 -0.08857 0.60438
1413394922.355760574 -0.17879 -3.27859 -0.15495 0.06329 0.8083 -0.05147 0.58309
1413394922.455760479 -0.09702 -3.30754 -0.12106 0.06502 0.81795 -0.02221 0.57118
1413394922.555760384 -0.01196 -3.32735 -0.06697 0.05138 0.82221 -0.01188 0.56673
1413394922.655760527 0.07841 -3.34204 -0.00613 0.02682 0.82356 -0.01632 0.56636
1413394922.755760431 0.16868 -3.35203 0.05646 0.01033 0.82775 -0.02039 0.56063
1413394922.855760574 0.26143 -3.36021 0.11956 0.00249 0.83393 -0.02211 0.55142
1413394922.955760479 0.35906 -3.37035 0.18313 0.00156 0.83792 -0.02201 0.54535
1413394923.055760384 0.46661 -3.38155 0.24101 0.00159 0.84236 -0.02241 0.53845
1413394923.155760527 0.584 -3.39333 0.28505 0.00713 0.84286 -0.0206 0.5377
1413394923.255760431 0.70698 -3.40527 0.33468 0.02575 0.8338 -0.00899 0.55139
1413394923.355760574 0.84102 -3.4127 0.37932 0.03296 0.8274 -0.00524 0.56062
1413394923.455760479 0.97661 -3.41269 0.42111 0.02042 0.83201 -0.00672 0.55434
1413394923.555760384 1.11619 -3.40589 0.46411 0.00497 0.83939 0.00046 0.54351
1413394923.655760527 1.2642 -3.39645 0.50625 -0.00574 0.83924 0.02115 0.54331
1413394923.755760431 1.4172 -3.38175 0.53996 -0.01145 0.83226 0.05179 0.55185
1413394923.855760574 1.57387 -3.36082 0.56239 -0.02281 0.82421 0.08186 0.55987
1413394923.955760479 1.73136 -3.33353 0.57436 -0.03844 0.81618 0.11037 0.56585
1413394924.055760384 1.88547 -3.30067 0.57502 -0.05766 0.80881 0.13755 0.56884
1413394924.155760527 2.03496 -3.25975 0.57201 -0.08531 0.80272 0.15992 0.56815
1413394924.255760431 2.18111 -3.21353 0.57146 -0.12053 0.79902 0.17882 0.56131
1413394924.355760574 2.32233 -3.16493 0.57341 -0.15625 0.79559 0.19797 0.55085
1413394924.455760479 2.46144 -3.11686 0.57859 -0.17925 0.78646 0.22489 0.5466
1413394924.555760384 2.6005 -3.07071 0.58548 -0.19835 0.7757 0.25307 0.54305
1413394924.655760527 2.73855 -3.02563 0.59474 -0.21001 0.76362 0.28844 0.53812
1413394924.755760431 2.87316 -2.9799 0.60655 -0.22124 0.74735 0.32389 0.5363
1413394924.855760574 3.00355 -2.93361 0.6212 -0.22939 0.72386 0.35822 0.54321
1413394924.955760479 3.12425 -2.88563 0.63977 -0.23372 0.69931 0.38832 0.55276
1413394925.055760384 3.23199 -2.8373 0.66037 -0.23215 0.67842 0.41142 0.56266
1413394925.155760527 3.31828 -2.78809 0.6765 -0.23153 0.67428 0.43059 0.55347
1413394925.255760431 3.36911 -2.73159 0.69395 -0.22746 0.67093 0.45143 0.54252
1413394925.355760574 3.39741 -2.67139 0.71015 -0.2247 0.66537 0.46777 0.53664
1413394925.455760479 3.41089 -2.6062 0.71905 -0.23331 0.66534 0.47102 0.53012
1413394925.555760384 3.40595 -2.53362 0.71717 -0.24539 0.66859 0.46793 0.52327
1413394925.655760527 3.39254 -2.45084 0.70548 -0.25688 0.67128 0.46538 0.51656
1413394925.755760431 3.3691 -2.36192 0.68957 -0.27985 0.68111 0.45228 0.50321
1413394925.855760574 3.33621 -2.26864 0.67609 -0.2965 0.6897 0.44035 0.49243
1413394925.955760479 3.30497 -2.17178 0.66532 -0.30572 0.69309 0.43649 0.48542
1413394926.055760384 3.27126 -2.07473 0.65685 -0.30454 0.6897 0.44449 0.48373
1413394926.155760527 3.23763 -1.97582 0.64896 -0.29658 0.68395 0.45675 0.48542
1413394926.255760431 3.2022 -1.87271 0.64173 -0.2892 0.67936 0.4671 0.48646
1413394926.355760574 3.16323 -1.76386 0.63446 -0.29251 0.68368 0.4682 0.4773
1413394926.455760479 3.121 -1.64938 0.62728 -0.29663 0.68862 0.46851 0.46724
1413394926.555760384 3.07624 -1.52731 0.62226 -0.30835 0.68639 0.47207 0.45928
1413394926.655760527 3.02989 -1.39878 0.61834 -0.3321 0.67861 0.47911 0.44683
1413394926.755760431 2.98535 -1.26609 0.61482 -0.36793 0.66914 0.48579 0.42531
1413394926.855760574 2.94567 -1.13396 0.61322 -0.40605 0.65898 0.49333 0.39686
1413394926.955760479 2.9196 -1.00303 0.6104 -0.43459 0.64588 0.50553 0.37204
1413394927.055760384 2.91323 -0.87286 0.60067 -0.44686 0.62909 0.52254 0.36264
1413394927.155760527 2.92649 -0.74416 0.58302 -0.43609 0.60335 0.55051 0.3778
1413394927.255760431 2.95296 -0.62355 0.56503 -0.42259 0.57953 0.57347 0.39584
1413394927.355760574 2.98425 -0.5121 0.5561 -0.41185 0.56738 0.58809 0.40325
1413394927.455760479 3.0112 -0.39639 0.56191 -0.40873 0.56649 0.5938 0.39929
1413394927.555760384 3.03459 -0.2799 0.58082 -0.40803 0.57065 0.59534 0.39171
1413394927.655760527 3.05395 -0.16187 0.6118 -0.41013 0.5724 0.59429 0.38856
1413394927.755760431 3.07186 -0.04197 0.64707 -0.41286 0.57053 0.59546 0.38662
1413394927.855760574 3.08743 0.07933 0.6765 -0.41341 0.56441 0.59802 0.39104
1413394927.955760479 3.10109 0.19827 0.697 -0.41363 0.56308 0.59966 0.3902
1413394928.055760384 3.11288 0.31509 0.7091 -0.41508 0.55891 0.60007 0.394
1413394928.155760527 3.1224 0.43225 0.71569 -0.41435 0.54663 0.60151 0.40951
1413394928.255760431 3.12662 0.54588 0.71801 -0.41846 0.53285 0.59855 0.42745
1413394928.355760574 3.12175 0.64999 0.7206 -0.4234 0.52387 0.59347 0.44056
1413394928.455760479 3.10797 0.74321 0.72352 -0.42983 0.52935 0.58806 0.43499
1413394928.555760384 3.08835 0.82795 0.72857 -0.43619 0.54197 0.58251 0.42035
1413394928.655760527 3.06598 0.90813 0.73596 -0.4379 0.55151 0.57952 0.41016
1413394928.755760431 3.0432 0.98557 0.74509 -0.43611 0.55613 0.57865 0.40705
1413394928.855760574 3.02017 1.05786 0.74995 -0.4311 0.55613 0.58017 0.4102
1413394928.955760479 2.99605 1.12772 0.74663 -0.42419 0.55341 0.58326 0.41666
1413394929.055760384 2.96929 1.19199 0.73298 -0.42386 0.55332 0.58219 0.41861
1413394929.155760527 2.93937 1.2511 0.7164 -0.43125 0.54989 0.57598 0.42414
1413394929.255760431 2.90841 1.3072 0.70138 -0.44116 0.54872 0.56837 0.42572
1413394929.355760574 2.87507 1.35161 0.69 -0.45231 0.55169 0.56025 0.42092
1413394929.455760479 2.84463 1.38597 0.68327 -0.45453 0.55705 0.55855 0.41366
1413394929.555760384 2.81917 1.4089 0.67834 -0.4452 0.56792 0.56552 0.39932
1413394929.655760527 2.79917 1.4256 0.67572 -0.43189 0.57618 0.57445 0.38923
1413394929.755760431 2.78387 1.44178 0.67562 -0.4212 0.57649 0.5813 0.39032
1413394929.855760574 2.77052 1.4598 0.66952 -0.41758 0.57357 0.58326 0.39555
1413394929.955760479 2.75666 1.47816 0.65496 -0.42353 0.56809 0.57844 0.4041
1413394930.055760384 2.74376 1.49399 0.63053 -0.43101 0.56021 0.5724 0.41563
1413394930.155760527 2.73139 1.50525 0.60072 -0.43682 0.55274 0.56738 0.42633
1413394930.255760431 2.71563 1.5116 0.57568 -0.44624 0.54442 0.55987 0.43705
1413394930.355760574 2.69864 1.50633 0.55477 -0.45988 0.54658 0.54995 0.4328
1413394930.455760479 2.68244 1.49044 0.53082 -0.44799 0.56901 0.55929 0.40339
1413394930.555760384 2.67082 1.46954 0.50219 -0.41944 0.59932 0.57806 0.36156
1413394930.655760527 2.66511 1.45228 0.46319 -0.38931 0.62532 0.59386 0.32366
1413394930.755760431 2.6674 1.45296 0.42184 -0.36653 0.6262 0.60763 0.32297
1413394930.855760574 2.67548 1.47862 0.38518 -0.37203 0.60531 0.60585 0.35797
1413394930.955760479 2.68246 1.51887 0.35448 -0.39745 0.57865 0.58953 0.39955
1413394931.055760384 2.68575 1.56191 0.33184 -0.4218 0.55748 0.57138 0.42991
1413394931.155760527 2.68637 1.5973 0.32096 -0.43273 0.54763 0.56188 0.444
1413394931.255760431 2.68235 1.6199 0.32539 -0.43886 0.54359 0.55578 0.45059
1413394931.355760574 2.67374 1.63157 0.35178 -0.44725 0.53803 0.54742 0.45915
1413394931.455760479 2.66166 1.62751 0.38856 -0.44471 0.54397 0.54819 0.45367
1413394931.555760384 2.64696 1.61085 0.41615 -0.422 0.56148 0.56352 0.43485
1413394931.655760527 2.63011 1.59074 0.43416 -0.40322 0.57015 0.57816 0.422
1413394931.755760431 2.60749 1.56294 0.44528 -0.38944 0.56234 0.59743 0.41856
1413394931.855760574 2.57403 1.53594 0.4514 -0.38483 0.54371 0.61953 0.4153
1413394931.955760479 2.52772 1.51245 0.44976 -0.3996 0.52717 0.63608 0.39725
1413394932.055760384 2.46926 1.49112 0.45382 -0.4303 0.50471 0.6469 0.37635
1413394932.155760527 2.40247 1.4695 0.47256 -0.46891 0.47697 0.65402 0.35339
1413394932.255760431 2.33314 1.44819 0.50483 0.50588 -0.45146 -0.66025 -0.32302
1413394932.355760574 2.26777 1.42441 0.54659 0.53716 -0.42063 -0.66791 -0.29737
1413394932.455760479 2.21089 1.39796 0.58812 0.56112 -0.38354 -0.67693 -0.2825
1413394932.555760384 2.16498 1.36426 0.62029 0.57883 -0.34659 -0.68692 -0.27013
1413394932.655760527 2.12826 1.31885 0.63793 0.58842 -0.31355 -0.70008 -0.25561
1413394932.755760431 2.10148 1.26295 0.64446 0.58807 -0.28657 -0.71842 -0.2365
1413394932.855760574 2.08462 1.20163 0.6522 0.57537 -0.26822 -0.74333 -0.21089
1413394932.955760479 2.07099 1.13496 0.66113 0.561 -0.25357 -0.76587 -0.18557
1413394933.055760384 2.05824 1.06906 0.6656 0.55333 -0.23819 -0.78136 -0.16298
1413394933.155760527 2.04331 1.00494 0.6623 0.55222 -0.21789 -0.79152 -0.14514
1413394933.255760431 2.02763 0.9429 0.64923 0.55912 -0.19559 -0.79536 -0.12855
1413394933.355760574 2.01297 0.88352 0.62521 0.56729 -0.17108 -0.79715 -0.11601
1413394933.455760479 1.99982 0.8268 0.58978 0.5746 -0.14854 -0.79816 -0.10352
1413394933.555760384 1.98179 0.76957 0.54652 0.5799 -0.12848 -0.79943 -0.09008
1413394933.655760527 1.96588 0.71259 0.50237 0.58899 -0.10782 -0.79731 -0.07592
1413394933.755760431 1.95275 0.65797 0.46272 0.60178 -0.08829 -0.79126 -0.06294
1413394933.855760574 1.9449 0.60471 0.42603 0.60842 -0.07346 -0.78844 -0.05276
1413394933.955760479 1.94334 0.54968 0.38972 0.59962 -0.05785 -0.79708 -0.04222
1413394934.055760384 1.94714 0.4915 0.35717 0.58743 -0.03982 -0.80782 -0.02787
1413394934.155760527 1.94916 0.43184 0.33278 0.59272 -0.01865 -0.80511 -0.01152
1413394934.255760431 1.95086 0.374 0.3059 0.6023 0.00527 -0.79823 0.00612
1413394934.355760574 1.95638 0.31586 0.26561 0.6001 0.03146 -0.79887 0.02649
1413394934.455760479 1.9653 0.2592 0.21345 0.58937 0.05237 -0.80446 0.05242
1413394934.555760384 1.9768 0.20706 0.15162 0.58157 0.07123 -0.80755 0.06763
1413394934.655760527 1.98813 0.15895 0.08873 0.57751 0.08963 -0.80819 0.07269
1413394934.755760431 2.00277 0.11388 0.03735 0.57714 0.09947 -0.80661 0.07995
1413394934.855760574 2.01895 0.07012 0.0014 0.57938 0.10402 -0.80393 0.0848
1413394934.955760479 2.03252 0.0277 -0.01801 0.58062 0.10577 -0.80254 0.08725
1413394935.055760384 2.04407 -0.00787 -0.01548 0.5858 0.10394 -0.79876 0.08957
1413394935.155760527 2.05526 -0.03625 -0.00231 0.5928 0.09519 -0.79455 0.09061
1413394935.255760431 2.07042 -0.06527 0.00346 0.59945 0.08412 -0.79138 0.08541
1413394935.355760574 2.0909 -0.09251 -0.00165 0.60817 0.07616 -0.78636 0.07722
1413394935.455760479 2.11535 -0.11795 -0.01926 0.61211 0.07125 -0.78462 0.06787
1413394935.555760384 2.14524 -0.14071 -0.04826 0.60457 0.06824 -0.79144 0.05881
1413394935.655760527 2.1823 -0.1623 -0.08027 0.59657 0.06528 -0.79824 0.05158
1413394935.755760431 2.22211 -0.18468 -0.10063 0.59455 0.06249 -0.8003 0.04609
1413394935.855760574 2.26131 -0.20603 -0.10537 0.59674 0.0596 -0.79903 0.04355
1413394935.955760479 2.30629 -0.22689 -0.10469 0.59317 0.05677 -0.80198 0.0419
1413394936.055760384 2.35274 -0.24839 -0.11653 0.57879 0.05995 -0.8122 0.04165
1413394936.205760479 2.42468 -0.28639 -0.15599 0.55314 0.08358 -0.82701 0.05573
1413394936.255760431 2.44734 -0.29981 -0.17043 0.55399 0.09761 -0.82426 0.06442
1413394936.405760527 2.50607 -0.34981 -0.21466 0.56775 0.15469 -0.80203 0.10236
1413394936.505760431 2.54417 -0.38651 -0.23921 0.57149 0.20423 -0.78428 0.12882
1413394936.605760574 2.58552 -0.42657 -0.25915 0.56643 0.25499 -0.76872 0.1523
1413394936.705760479 2.6306 -0.46911 -0.27653 0.55214 0.29392 -0.75906 0.18051
1413394936.805760145 2.67868 -0.51427 -0.29022 0.53944 0.32628 -0.7489 0.20418
1413394936.905760527 2.72972 -0.56279 -0.30159 0.52714 0.35608 -0.73879 0.22254
1413394937.005760431 2.78247 -0.61664 -0.31259 0.5125 0.38669 -0.7286 0.23865
1413394937.105760574 2.8369 -0.67618 -0.32325 -0.49632 -0.41867 0.71661 -0.25466
1413394937.205760479 2.89237 -0.74232 -0.33283 -0.48299 -0.44725 0.7022 -0.27129
1413394937.255760431 2.92 -0.77762 -0.33838 -0.47378 -0.45706 0.69829 -0.2811
1413394937.355760574 2.97462 -0.85359 -0.34792 -0.45665 -0.4696 0.6934 -0.30024
1413394937.455760479 3.02499 -0.93428 -0.35665 -0.4494 -0.47619 0.68768 -0.31365
1413394937.555760384 3.07011 -1.01978 -0.36455 -0.44783 -0.47981 0.68253 -0.32153
1413394937.655760527 3.11025 -1.10963 -0.37188 -0.44972 -0.4796 0.67905 -0.32654
1413394937.755760431 3.14395 -1.20288 -0.37588 -0.45224 -0.47484 0.67802 -0.3321
1413394937.855760574 3.17177 -1.29689 -0.37662 -0.45402 -0.4668 0.68136 -0.33423
1413394937.955760479 3.18036 -1.39047 -0.37343 -0.45257 -0.45282 0.69184 -0.3339
1413394938.055760384 3.18379 -1.48422 -0.36336 -0.44689 -0.43552 0.70689 -0.33305
1413394938.155760527 3.18419 -1.5796 -0.34732 -0.4409 -0.41991 0.72101 -0.33081
1413394938.255760431 3.16652 -1.67388 -0.31246 -0.44133 -0.40581 0.73137 -0.32504
1413394938.355760574 3.138 -1.77369 -0.25753 -0.45783 -0.39738 0.73283 -0.30893
1413394938.455760479 3.10101 -1.87902 -0.18973 -0.47747 -0.38362 0.73235 -0.29753
1413394938.555760384 3.05566 -1.98576 -0.12341 -0.49553 -0.37269 0.73372 -0.27787
1413394938.655760527 3.00777 -2.0923 -0.06944 0.50465 0.35857 -0.74342 0.25315
1413394938.755760431 2.95871 -2.20064 -0.02729 0.50814 0.33739 -0.7581 0.23075
1413394938.855760574 2.90776 -2.30952 0.00497 0.50895 0.30587 -0.77519 0.21564
1413394938.955760479 2.85298 -2.41575 0.02625 0.51147 0.25798 -0.79123 0.21401
1413394939.055760384 2.7912 -2.51591 0.03817 0.51984 0.20286 -0.80169 0.21428
1413394939.155760527 2.72097 -2.60502 0.04097 0.53105 0.15382 -0.80777 0.20453
1413394939.255760431 2.64365 -2.68238 0.03502 0.5416 0.11954 -0.81227 0.18052
1413394939.355760574 2.56024 -2.74722 0.02157 0.55092 0.09743 -0.81481 0.15192
1413394939.455760479 2.47228 -2.80087 0.01271 0.55935 0.09582 -0.81546 0.11384
1413394939.555760384 2.38058 -2.84992 0.01856 0.56843 0.1008 -0.8124 0.08198
1413394939.655760527 2.28892 -2.89856 0.03814 0.57299 0.08768 -0.81084 0.08085
1413394939.755760431 2.19622 -2.94615 0.0677 0.57245 0.06278 -0.81247 0.09086
1413394939.855760574 2.10443 -2.98151 0.1026 0.56872 0.03146 -0.81536 0.10369
1413394939.955760479 2.0124 -3.00124 0.13036 0.56205 0.02242 -0.82233 0.08589
1413394940.055760384 1.91561 -3.01524 0.14496 0.55143 0.02725 -0.83227 0.05006
1413394940.155760527 1.81759 -3.02619 0.14853 0.54744 0.01282 -0.83613 0.03212
1413394940.255760431 1.71404 -3.03571 0.14132 0.5538 -0.01226 -0.83234 0.01889
1413394940.355760574 1.60419 -3.04165 0.125 0.56421 -0.04163 -0.82458 0.00254
1413394940.455760479 1.49172 -3.04349 0.10157 0.57112 -0.07393 -0.81737 -0.0161
1413394940.555760384 1.37783 -3.03821 0.07885 0.57441 -0.09957 -0.81129 -0.04412
1413394940.655760527 1.26349 -3.03001 0.06079 0.57093 -0.11429 -0.80865 -0.08403
1413394940.755760431 1.14645 -3.02414 0.05044 0.56487 -0.12508 -0.80722 -0.11693
1413394940.855760574 1.02546 -3.02636 0.05395 0.56295 -0.1392 -0.80467 -0.12736
1413394940.955760479 0.90402 -3.03503 0.07328 0.56312 -0.15962 -0.80241 -0.11644
1413394941.055760384 0.78161 -3.04363 0.10141 0.55723 -0.18632 -0.80331 -0.09735
1413394941.205760479 0.60318 -3.04224 0.14481 0.54296 -0.22598 -0.80538 -0.07411
1413394941.305760145 0.48395 -3.02806 0.18055 0.53513 -0.23929 -0.80701 -0.0715
1413394941.405760527 0.36319 -2.99924 0.21837 0.52576 -0.24103 -0.81199 -0.07844
1413394941.505760431 0.2338 -2.95408 0.25741 0.52286 -0.22189 -0.81584 -0.10858
1413394941.605760574 0.09938 -2.90135 0.30058 0.52141 -0.2019 -0.81726 -0.13948
1413394941.705760479 -0.04104 -2.84688 0.3438 0.52478 -0.19613 -0.81275 -0.1599
1413394941.755760431 -0.11356 -2.82092 0.36427 0.52967 -0.19869 -0.8079 -0.16514
1413394941.855760574 -0.26239 -2.77104 0.4029 0.54108 -0.21595 -0.79728 -0.15794
1413394941.955760479 -0.41282 -2.72192 0.43907 0.55311 -0.24897 -0.78486 -0.12681
1413394942.055760384 -0.56153 -2.6657 0.47622 0.56074 -0.2814 -0.77312 -0.09316
1413394942.155760527 -0.70093 -2.59376 0.51763 0.56521 -0.31182 -0.76116 -0.06275
1413394942.255760431 -0.82288 -2.49723 0.56503 0.56587 -0.33865 -0.75028 -0.04681
1413394942.355760574 -0.92363 -2.37248 0.61794 0.56265 -0.36234 -0.74152 -0.04768
1413394942.455760479 -1.00934 -2.21714 0.67496 0.55863 -0.38064 -0.73379 -0.06784
1413394942.555760384 -1.07722 -2.03758 0.72357 0.55589 -0.39936 -0.72239 -0.09821
1413394942.655760527 -1.12791 -1.83998 0.75482 0.55247 -0.41986 -0.70777 -0.1325
1413394942.755760431 -1.16451 -1.62919 0.76928 0.54875 -0.43185 -0.69196 -0.18325
1413394942.855760574 -1.1841 -1.41426 0.76734 0.54403 -0.42553 -0.675 -0.25949
1413394942.955760479 -1.19649 -1.20411 0.74506 0.53603 -0.41331 -0.65414 -0.33756
1413394943.055760384 -1.2049 -1.00986 0.70264 0.52554 -0.41354 -0.63058 -0.3939
1413394943.155760527 -1.21306 -0.83842 0.64801 0.51257 -0.42587 -0.60673 -0.43334
1413394943.255760431 -1.22589 -0.69435 0.58453 -0.49809 0.4438 0.58289 0.46389
1413394943.355760574 -1.24419 -0.58052 0.51815 -0.48248 0.4667 0.56014 0.48545
1413394943.455760479 -1.27069 -0.5013 0.46117 -0.46081 0.49104 0.54323 0.50143
1413394943.555760384 -1.30893 -0.45149 0.41706 -0.43367 0.51785 0.5322 0.51041
1413394943.655760527 -1.36187 -0.42638 0.38235 -0.40493 0.55087 0.52943 0.50227
1413394943.755760431 -1.42752 -0.41672 0.35274 -0.38842 0.58364 0.52304 0.48469
1413394943.855760574 -1.5014 -0.41657 0.31929 -0.38935 0.60641 0.51016 0.46948
1413394943.955760479 -1.57562 -0.42131 0.28198 -0.39766 0.62404 0.49735 0.45286
1413394944.055760384 -1.64849 -0.43149 0.24406 -0.3937 0.63124 0.49685 0.44686
1413394944.155760527 -1.71757 -0.45056 0.2148 -0.38604 0.63199 0.50148 0.4473
1413394944.255760431 -1.78341 -0.47577 0.19571 -0.37957 0.63649 0.50208 0.44579
1413394944.355760574 -1.84262 -0.50367 0.19005 -0.36816 0.64608 0.50451 0.43876
1413394944.455760479 -1.8964 -0.52788 0.20136 -0.34844 0.65736 0.50936 0.43245
1413394944.555760384 -1.94657 -0.54639 0.21038 -0.33062 0.67505 0.50252 0.42716
1413394944.655760527 -1.99294 -0.55798 0.20578 -0.31383 0.70138 0.48434 0.41832
1413394944.755760431 -2.03196 -0.56171 0.1882 -0.29162 0.72988 0.46143 0.41147
1413394944.855760574 -2.05943 -0.55157 0.16217 -0.26954 0.75581 0.43232 0.41133
1413394944.955760479 -2.07224 -0.52553 0.13102 -0.24891 0.77624 0.39795 0.42087
1413394945.055760384 -2.06863 -0.48318 0.09745 -0.22723 0.78689 0.36297 0.44432
1413394945.155760527 -2.05113 -0.42766 0.06094 -0.20194 0.79161 0.32937 0.47338
1413394945.255760431 -2.02208 -0.36115 0.02592 -0.17792 0.79408 0.29478 0.50088
1413394945.355760574 -1.98502 -0.28483 -0.00338 -0.15375 0.79315 0.26041 0.52864
1413394945.455760479 -1.94663 -0.20203 -0.02701 -0.14025 0.78571 0.21802 0.56165
1413394945.555760384 -1.91025 -0.11671 -0.05005 -0.14357 0.78718 0.1624 0.57738
1413394945.655760527 -1.8779 -0.03758 -0.07222 -0.142 0.79232 0.10796 0.58344
1413394945.755760431 -1.84622 0.02981 -0.0906 -0.13228 0.79859 0.0568 0.5844
1413394945.855760574 -1.81378 0.0813 -0.10707 -0.11397 0.80304 0.00756 0.58488
1413394945.955760479 -1.78479 0.11419 -0.12343 -0.09042 0.80447 -0.04235 0.58554
1413394946.055760384 -1.7601 0.12588 -0.13478 -0.04759 0.80457 -0.08121 0.58636
1413394946.155760527 -1.73894 0.12088 -0.14139 0.00079 0.80213 -0.11731 0.58551
1413394946.255760431 -1.72589 0.10455 -0.14531 0.0419 0.79393 -0.15846 0.5855
1413394946.355760574 -1.71893 0.07998 -0.1503 0.0723 0.78326 -0.20688 0.58179
1413394946.455760479 -1.71962 0.04562 -0.15575 0.09939 0.77129 -0.25635 0.57404
1413394946.555760384 -1.72802 0.00266 -0.16067 0.12658 0.75537 -0.30419 0.56645
1413394946.655760527 -1.74804 -0.04827 -0.16429 0.17045 0.73724 -0.33943 0.55876
1413394946.755760431 -1.77499 -0.106 -0.16539 0.22333 0.71621 -0.36807 0.54926
1413394946.855760574 -1.80854 -0.16454 -0.16689 0.26836 0.69382 -0.40113 0.53451
1413394946.955760479 -1.84733 -0.22014 -0.16868 0.30826 0.66814 -0.43622 0.51795
1413394947.055760384 -1.88682 -0.27012 -0.16604 0.34634 0.64084 -0.47024 0.49824
1413394947.155760527 -1.92945 -0.31331 -0.15323 0.3765 0.616 -0.50606 0.4719
1413394947.255760431 -1.97063 -0.35022 -0.12475 0.39917 0.59306 -0.54211 0.44165
1413394947.355760574 -2.01097 -0.37993 -0.07813 -0.42673 -0.5641 0.56707 -0.42205
1413394947.455760479 -2.04675 -0.40524 -0.01608 -0.44658 -0.54072 0.58349 -0.40955
1413394947.555760384 -2.07499 -0.42645 0.05054 -0.45063 -0.52952 0.59927 -0.39676
1413394947.655760527 -2.09985 -0.44191 0.10912 -0.4384 -0.53418 0.61801 -0.37487
1413394947.755760431 -2.11953 -0.45954 0.15433 -0.4169 -0.54762 0.63327 -0.35393
1413394947.855760574 -2.13346 -0.48632 0.19211 -0.39506 -0.56575 0.6365 -0.34457
1413394947.955760479 -2.14264 -0.52764 0.23737 -0.38008 -0.58456 0.62665 -0.34805
1413394948.055760384 -2.14798 -0.5824 0.29334 -0.3643 -0.60482 0.61232 -0.35573
1413394948.155760527 -2.14872 -0.6502 0.34754 0.34733 0.62512 -0.60029 0.35809
1413394948.255760431 -2.15272 -0.73707 0.39512 0.35106 0.63611 -0.57912 0.36978
1413394948.355760574 -2.15491 -0.83902 0.43932 0.37619 0.62979 -0.54806 0.40183
1413394948.455760479 -2.15333 -0.94367 0.47728 0.40778 0.61015 -0.51498 0.44298
1413394948.555760384 -2.15017 -1.0393 0.51103 0.43694 0.58534 -0.48525 0.48061
1413394948.655760527 -2.14376 -1.11765 0.54138 0.45261 0.56658 -0.46871 0.50442
1413394948.755760431 -2.13585 -1.16314 0.57449 0.46341 0.55544 -0.4597 0.51519
1413394948.855760574 -2.12479 -1.17946 0.60761 0.45249 0.56736 -0.47398 0.4987
1413394948.955760479 -2.11021 -1.17346 0.63948 0.42842 0.59064 -0.49984 0.46664
1413394949.055760384 -2.09061 -1.14648 0.66129 0.39697 0.61954 -0.53003 0.4215
1413394949.155760527 -2.06815 -1.11432 0.6687 0.36479 0.64334 -0.55588 0.37952
1413394949.255760431 -2.04128 -1.09543 0.66833 0.34319 0.65684 -0.57227 0.35112
1413394949.355760574 -2.0078 -1.09748 0.66163 0.33072 0.66317 -0.58251 0.33393
1413394949.455760479 -1.96562 -1.12682 0.65225 0.33162 0.66131 -0.58447 0.33332
1413394949.555760384 -1.914 -1.18272 0.65496 0.36335 0.64293 -0.56674 0.36528
1413394949.655760527 -1.85747 -1.24845 0.66127 0.40551 0.61243 -0.53865 0.41272
1413394949.755760431 -1.79297 -1.31179 0.67232 0.43602 0.58365 -0.51548 0.45113
1413394949.855760574 -1.72528 -1.36405 0.68011 0.44385 0.56659 -0.50704 0.47423
1413394949.955760479 -1.6564 -1.40021 0.68387 0.42777 0.56368 -0.51139 0.48761
1413394950.055760384 -1.5897 -1.41945 0.68916 0.40706 0.56515 -0.51149 0.50328
1413394950.155760527 -1.52897 -1.42284 0.69414 0.37484 0.57373 -0.5143 0.51558
1413394950.255760431 -1.48083 -1.41666 0.69501 0.33057 0.59961 -0.52728 0.50316
1413394950.355760574 -1.44807 -1.40696 0.69683 0.30936 0.63932 -0.53105 0.46212
1413394950.455760479 -1.42483 -1.40394 0.70354 0.30482 0.673 -0.52673 0.42037
1413394950.555760384 -1.40098 -1.4179 0.71354 0.30329 0.69224 -0.52342 0.39352
1413394950.655760527 -1.37018 -1.45017 0.72883 0.31001 0.6969 -0.51746 0.38789
1413394950.755760431 -1.327 -1.4998 0.75166 0.33707 0.68417 -0.49531 0.4159
1413394950.855760574 -1.27655 -1.55907 0.78 0.36743 0.659 -0.46163 0.46649
1413394950.955760479 -1.21917 -1.60981 0.80977 0.39176 0.63206 -0.42208 0.51853
1413394951.055760384 -1.16046 -1.63998 0.83777 0.40245 0.6137 -0.38557 0.55923
1413394951.155760527 -1.10474 -1.6403 0.8649 0.38866 0.61016 -0.36486 0.58611
1413394951.255760431 -1.059 -1.60852 0.88898 0.34995 0.63121 -0.364 0.58874
1413394951.355760574 -1.02602 -1.55252 0.91004 0.29846 0.67475 -0.38071 0.55741
1413394951.455760479 -1.00359 -1.48573 0.93091 0.24832 0.72521 -0.40222 0.50064
1413394951.555760384 -0.98269 -1.42478 0.95719 0.21032 0.76215 -0.41993 0.44559
1413394951.655760527 -0.95866 -1.38247 0.98993 0.18635 0.78068 -0.43394 0.40927
1413394951.755760431 -0.91883 -1.37294 1.02986 0.17802 0.78876 -0.44197 0.38836
1413394951.855760574 -0.85808 -1.40825 1.08586 0.208 0.77646 -0.42794 0.41317
1413394951.955760479 -0.7857 -1.47086 1.14889 0.24675 0.74965 -0.40654 0.46028
1413394952.055760384 -0.70508 -1.5363 1.21127 0.28226 0.71282 -0.38511 0.51372
1413394952.155760527 -0.6239 -1.59887 1.26097 0.30714 0.68281 -0.36801 0.55136
1413394952.255760431 -0.54866 -1.64979 1.29148 0.30717 0.67482 -0.36816 0.561
1413394952.355760574 -0.47738 -1.68921 1.30114 0.28151 0.69235 -0.382 0.54358
1413394952.455760479 -0.41103 -1.7226 1.30069 0.24453 0.71052 -0.3944 0.52898
1413394952.555760384 -0.34957 -1.7579 1.30594 0.22202 0.72918 -0.39319 0.5142
1413394952.655760527 -0.29556 -1.80605 1.32657 0.22546 0.7447 -0.37655 0.5028
1413394952.755760431 -0.238 -1.85674 1.35826 0.23836 0.74649 -0.35691 0.50848
1413394952.855760574 -0.17641 -1.91046 1.39233 0.25461 0.73056 -0.33609 0.53712
1413394952.955760479 -0.12075 -1.95927 1.42063 0.27075 0.70477 -0.31585 0.57465
1413394953.055760384 -0.06917 -1.99637 1.43354 0.28267 0.68245 -0.30138 0.60294
1413394953.155760527 -0.02971 -2.01642 1.43865 0.28929 0.66785 -0.29336 0.61986
1413394953.255760431 -0.01068 -2.00888 1.45788 0.29411 0.65804 -0.2888 0.63015
1413394953.355760574 -0.01153 -1.9709 1.4957 0.3005 0.64545 -0.28426 0.6421
1413394953.455760479 -0.03294 -1.90437 1.5388 0.29577 0.65426 -0.29206 0.63179
1413394953.555760384 -0.07238 -1.81538 1.55577 0.27424 0.70133 -0.31718 0.57648
1413394953.655760527 -0.11187 -1.72017 1.53578 0.25025 0.7468 -0.34109 0.51315
1413394953.755760431 -0.1473 -1.62557 1.47859 0.2296 0.77756 -0.35907 0.46233
1413394953.855760574 -0.17301 -1.53763 1.39177 0.21683 0.79533 -0.36939 0.42894
1413394953.955760479 -0.18179 -1.46376 1.29431 0.21989 0.79319 -0.3681 0.43243
1413394954.055760384 -0.17162 -1.40254 1.20101 0.23867 0.772 -0.35431 0.47066
1413394954.155760527 -0.15103 -1.34951 1.11257 0.26058 0.74456 -0.33507 0.51523
1413394954.255760431 -0.12687 -1.2924 1.02694 0.27969 0.71401 -0.31553 0.55893
1413394954.355760574 -0.10777 -1.22445 0.94538 0.29078 0.69201 -0.30074 0.58833
1413394954.455760479 -0.09538 -1.13945 0.87577 0.28678 0.68719 -0.30159 0.59546
1413394954.555760384 -0.09463 -1.03407 0.81798 0.2642 0.70967 -0.3213 0.56862
1413394954.655760527 -0.09956 -0.91862 0.76419 0.22848 0.74616 -0.35337 0.51591
1413394954.755760431 -0.1073 -0.80668 0.70973 0.19428 0.77342 -0.38499 0.46461
1413394954.855760574 -0.10494 -0.7144 0.65404 0.18269 0.78442 -0.40187 0.43568
1413394954.955760479 -0.0915 -0.64656 0.59989 0.20857 0.77568 -0.39107 0.44931
1413394955.055760384 -0.06708 -0.59336 0.54299 0.2392 0.7551 -0.36578 0.48868
1413394955.155760527 -0.03866 -0.54412 0.48483 0.25861 0.7348 -0.33428 0.53052
1413394955.255760431 -0.00845 -0.48935 0.42966 0.26494 0.71969 -0.30064 0.56698
1413394955.355760574 0.01764 -0.41982 0.38104 0.23746 0.72288 -0.28506 0.58292
1413394955.455760479 0.0373 -0.34197 0.34114 0.17 0.74852 -0.2969 0.56804
1413394955.555760384 0.04827 -0.26945 0.31419 0.11133 0.78115 -0.31075 0.52995
1413394955.655760527 0.05494 -0.21928 0.30694 0.08987 0.81059 -0.30932 0.48907
1413394955.755760431 0.06912 -0.19917 0.31394 0.11047 0.82844 -0.28714 0.46801
1413394955.855760574 0.09898 -0.20093 0.33046 0.14384 0.82654 -0.26244 0.47672
1413394955.955760479 0.14805 -0.22059 0.35235 0.1674 0.81038 -0.24781 0.50384
1413394956.105760574 0.24022 -0.25395 0.39197 0.19343 0.76727 -0.23054 0.56633
1413394956.205760479 0.30238 -0.27232 0.41959 0.19513 0.74234 -0.21964 0.60217
1413394956.305760145 0.35745 -0.27927 0.44437 0.18154 0.72944 -0.20752 0.62602
1413394956.405760527 0.39753 -0.27347 0.46374 0.1523 0.73287 -0.19501 0.63378
1413394956.505760431 0.42268 -0.25531 0.47086 0.1204 0.7581 -0.17991 0.61517
1413394956.605760574 0.43634 -0.23476 0.46656 0.09991 0.79428 -0.15926 0.57774
1413394956.655760527 0.44148 -0.22463 0.46125 0.09188 0.8145 -0.15046 0.55273
1413394956.755760431 0.45169 -0.20347 0.45384 0.07876 0.84647 -0.13779 0.50822
1413394956.855760574 0.47177 -0.19335 0.45172 0.07348 0.85803 -0.12613 0.49242
1413394956.955760479 0.51851 -0.19273 0.45661 0.07474 0.84812 -0.11636 0.51143
1413394957.055760384 0.60049 -0.21474 0.46517 0.07753 0.83244 -0.10858 0.53781
1413394957.155760527 0.67902 -0.22986 0.47761 0.07772 0.80702 -0.10475 0.57594
1413394957.255760431 0.75088 -0.23194 0.49846 0.07798 0.77789 -0.10228 0.6151
1413394957.355760574 0.80887 -0.23233 0.52358 0.07354 0.7454 -0.10268 0.65454
1413394957.455760479 0.84386 -0.22952 0.54849 0.06949 0.72699 -0.10333 0.67526
1413394957.555760384 0.84696 -0.22121 0.56767 0.05919 0.74359 -0.10725 0.65731
1413394957.655760527 0.82707 -0.20954 0.58406 0.04988 0.78201 -0.10609 0.61214
1413394957.755760431 0.80162 -0.20373 0.59504 0.04168 0.82226 -0.09902 0.55889
1413394957.855760574 0.78617 -0.1981 0.59932 0.03109 0.84585 -0.09018 0.52482
1413394957.955760479 0.77846 -0.19578 0.60359 0.01828 0.84641 -0.07789 0.52648
1413394958.055760384 0.78726 -0.19841 0.60719 0.00074 0.82789 -0.06228 0.55742
1413394958.155760527 0.79971 -0.20595 0.61102 -0.01533 0.79617 -0.03917 0.60361
1413394958.255760431 0.81034 -0.21909 0.61512 -0.0322 0.76449 -0.01265 0.64371
1413394958.355760574 0.80043 -0.23954 0.62032 -0.04682 0.74126 0.0153 0.66941
1413394958.455760479 0.77178 -0.26422 0.62201 -0.05843 0.76031 0.04263 0.64552
1413394958.555760384 0.72413 -0.29191 0.62032 -0.06736 0.80408 0.06814 0.58675
1413394958.655760527 0.67361 -0.32418 0.62048 -0.07439 0.84737 0.09069 0.51788
1413394958.755760431 0.63486 -0.35407 0.6261 -0.08112 0.87004 0.11013 0.47363
1413394958.855760574 0.62319 -0.37974 0.63619 -0.08434 0.87338 0.13245 0.46104
1413394958.955760479 0.6422 -0.39745 0.65348 -0.08114 0.85729 0.1611 0.4822
1413394959.055760384 0.68032 -0.40635 0.67324 -0.08801 0.8239 0.18312 0.52907
1413394959.155760527 0.72231 -0.40341 0.69434 -0.10948 0.78804 0.19402 0.57389
1413394959.255760431 0.75743 -0.39503 0.71851 -0.14025 0.74986 0.19768 0.6156
1413394959.355760574 0.77917 -0.38934 0.74282 -0.16404 0.72515 0.20481 0.63664
1413394959.455760479 0.78158 -0.38965 0.75842 -0.16943 0.74872 0.22369 0.60056
1413394959.555760384 0.77347 -0.39554 0.77033 -0.16403 0.78999 0.24816 0.53613
1413394959.655760527 0.76964 -0.39898 0.78437 -0.15923 0.82095 0.27105 0.47667
1413394959.755760431 0.77831 -0.39044 0.80254 -0.15587 0.82983 0.29584 0.44673
1413394959.855760574 0.80909 -0.36507 0.82158 -0.15529 0.80891 0.32707 0.46324
1413394959.955760479 0.8499 -0.32121 0.83578 -0.17953 0.77432 0.34206 0.50119
1413394960.055760384 0.89157 -0.26538 0.84297 -0.22573 0.73033 0.34326 0.54574
1413394960.155760527 0.92569 -0.20859 0.84256 -0.2681 0.69103 0.34889 0.57347
1413394960.255760431 0.9477 -0.15926 0.83851 -0.29552 0.67063 0.36758 0.57255
1413394960.355760574 0.95695 -0.12221 0.83336 -0.31094 0.66879 0.39729 0.54608
1413394960.455760479 0.9563 -0.09617 0.81889 -0.31277 0.67804 0.43644 0.50196
1413394960.555760384 0.95412 -0.07277 0.79261 -0.3051 0.69189 0.4785 0.44635
1413394960.655760527 0.95389 -0.04141 0.76134 -0.29876 0.69693 0.51473 0.4001
1413394960.755760431 0.96067 0.0059 0.73344 -0.30251 0.68026 0.54353 0.3877
1413394960.855760574 0.97077 0.07481 0.71725 -0.33248 0.64461 0.55033 0.41361
1413394960.955760479 0.9803 0.15374 0.70651 -0.37386 0.60971 0.53855 0.44548
1413394961.055760384 0.98638 0.2294 0.69919 -0.40507 0.58529 0.52377 0.468
1413394961.155760527 0.99057 0.29488 0.68794 -0.41568 0.57817 0.51894 0.47289
1413394961.255760431 0.99158 0.34656 0.67068 -0.39572 0.59543 0.53445 0.45081
1413394961.355760574 0.98971 0.39331 0.65304 -0.36287 0.62081 0.55823 0.41388
1413394961.455760479 0.98572 0.4465 0.63962 -0.33298 0.63042 0.5778 0.39729
1413394961.555760384 0.97636 0.51313 0.63683 -0.32537 0.61398 0.5848 0.41854
1413394961.655760527 0.95995 0.59122 0.63854 -0.34916 0.59344 0.57029 0.44798
1413394961.755760431 0.93568 0.67069 0.63991 -0.39111 0.57398 0.54094 0.4743
1413394961.855760574 0.90531 0.74112 0.63798 -0.42354 0.5647 0.51455 0.48679
1413394961.955760479 0.86921 0.79468 0.63726 -0.43942 0.56643 0.49975 0.48612
1413394962.055760384 0.8323 0.83165 0.63456 -0.43224 0.58481 0.50434 0.46563
1413394962.155760527 0.79421 0.85488 0.63428 -0.40114 0.60501 0.5255 0.44374
1413394962.255760431 0.75561 0.87188 0.6385 -0.37498 0.61896 0.54118 0.42825
1413394962.355760574 0.71668 0.8917 0.64931 -0.3664 0.62032 0.54484 0.42906
1413394962.455760479 0.67709 0.92056 0.67076 -0.38982 0.59754 0.52666 0.46218
1413394962.555760384 0.63268 0.9378 0.69359 -0.42201 0.56809 0.50064 0.49854
1413394962.655760527 0.58434 0.93713 0.71308 -0.43743 0.56127 0.48921 0.50429
1413394962.755760431 0.53146 0.91923 0.72389 -0.42356 0.58464 0.50385 0.47427
1413394962.855760574 0.47722 0.88644 0.73002 -0.39809 0.61003 0.52757 0.43711
1413394962.955760479 0.42359 0.85131 0.73367 -0.37885 0.61589 0.55 0.41791
1413394963.055760384 0.37013 0.82181 0.73973 -0.39011 0.59712 0.55056 0.43376
1413394963.155760527 0.31815 0.78959 0.73889 -0.42149 0.56738 0.53418 0.46377
1413394963.255760431 0.26528 0.746 0.72237 -0.43986 0.55164 0.52447 0.47661
1413394963.355760574 0.20846 0.69137 0.68761 -0.42348 0.56412 0.54014 0.459
1413394963.455760479 0.15171 0.62939 0.6399 -0.38913 0.58977 0.56647 0.4241
1413394963.555760384 0.09655 0.56794 0.58747 -0.35688 0.61007 0.58739 0.39423
1413394963.655760527 0.03935 0.51892 0.54466 -0.35237 0.61192 0.5889 0.39317
1413394963.755760431 -0.0212 0.48471 0.51374 -0.37856 0.59196 0.5702 0.42562
1413394963.855760574 -0.08348 0.4513 0.48461 -0.41352 0.56996 0.54309 0.45739
1413394963.955760479 -0.1487 0.40855 0.44723 -0.42449 0.57496 0.53301 0.4529
1413394964.055760384 -0.21627 0.36027 0.40493 -0.39716 0.59968 0.55014 0.42425
1413394964.155760527 -0.28588 0.31121 0.36584 -0.36143 0.62322 0.57097 0.39365
1413394964.255760431 -0.3554 0.27467 0.3386 -0.3453 0.62772 0.57883 0.38947
1413394964.355760574 -0.42603 0.25546 0.32651 -0.36463 0.61006 0.5658 0.41802
1413394964.455760479 -0.49862 0.23929 0.32048 -0.4054 0.58621 0.53711 0.45113
1413394964.555760384 -0.57529 0.21576 0.31067 -0.43202 0.57773 0.51781 0.45984
1413394964.655760527 -0.64839 0.1839 0.29707 -0.42513 0.60145 0.52537 0.42603
1413394964.755760431 -0.71644 0.14814 0.2865 -0.39774 0.6324 0.54508 0.38048
1413394964.855760574 -0.77632 0.11822 0.28264 -0.37221 0.6563 0.55894 0.34397
1413394964.955760479 -0.82131 0.10712 0.28628 -0.36397 0.67378 0.55854 0.31872
1413394965.055760384 -0.84918 0.12097 0.30314 -0.37561 0.66403 0.54987 0.34003
1413394965.155760527 -0.86813 0.15063 0.32901 -0.40311 0.62711 0.53807 0.39333
1413394965.255760431 -0.89 0.17849 0.35691 -0.43702 0.58648 0.52712 0.43266
1413394965.355760574 -0.90563 0.19997 0.38092 -0.44511 0.56038 0.54212 0.4404
1413394965.455760479 -0.92018 0.21016 0.39982 -0.43604 0.55059 0.57443 0.42041
1413394965.555760384 -0.93596 0.21369 0.42278 -0.44231 0.53528 0.59745 0.40111
1413394965.655760527 -0.95405 0.21079 0.45254 -0.47748 0.50842 0.60289 0.38737
1413394965.755760431 -0.97038 0.19927 0.48183 0.50977 -0.47695 -0.61151 -0.37244
1413394965.855760574 -0.97997 0.17665 0.49691 0.50907 -0.45331 -0.64289 -0.34937
1413394965.955760479 -0.9881 0.14527 0.50448 0.51026 -0.42629 -0.66856 -0.33307
1413394966.055760384 -0.99276 0.10614 0.51138 0.5429 -0.39191 -0.66685 -0.32708
1413394966.155760527 -0.99056 0.0544 0.50731 0.56152 -0.36753 -0.67256 -0.31189
1413394966.255760431 -0.98467 -0.00952 0.48918 0.53901 -0.36243 -0.70784 -0.27761
1413394966.355760574 -0.97548 -0.08141 0.46103 -0.49155 0.36538 0.75565 0.23209
1413394966.455760479 -0.97174 -0.14864 0.43236 -0.451 0.3629 0.79241 0.19232
1413394966.555760384 -0.98315 -0.19636 0.41693 -0.46032 0.34477 0.79806 0.17984
1413394966.655760527 -1.00775 -0.22449 0.41304 0.5095 -0.31503 -0.77793 -0.18973
1413394966.755760431 -1.03755 -0.24688 0.41306 0.56472 -0.28232 -0.7491 -0.20059
1413394966.855760574 -1.06189 -0.27402 0.40826 0.59624 -0.25802 -0.73438 -0.1965
1413394966.955760479 -1.07696 -0.30638 0.39788 0.58595 -0.24158 -0.75198 -0.18119
1413394967.055760384 -1.08734 -0.34243 0.38723 0.5481 -0.22886 -0.78872 -0.15855
1413394967.155760527 -1.09856 -0.38009 0.38099 0.51716 -0.211 -0.81761 -0.13975
1413394967.255760431 -1.1206 -0.41431 0.3887 0.53313 -0.18691 -0.81506 -0.12854
1413394967.355760574 -1.15207 -0.44783 0.4064 0.57899 -0.15981 -0.79026 -0.12129
1413394967.455760479 -1.18048 -0.48579 0.42749 0.62658 -0.13435 -0.75957 -0.11133
1413394967.555760384 -1.19626 -0.53009 0.44365 0.63278 -0.11913 -0.76026 -0.08599
1413394967.655760527 -1.1987 -0.57607 0.45562 0.59239 -0.10253 -0.79655 -0.06373
1413394967.755760431 -1.1943 -0.62087 0.47277 0.55794 -0.08269 -0.8245 -0.04543
1413394967.855760574 -1.19109 -0.66246 0.50273 0.56568 -0.05788 -0.82201 -0.03106
1413394967.955760479 -1.19326 -0.70422 0.5388 0.59719 -0.02876 -0.80141 -0.01659
1413394968.055760384 -1.18985 -0.74769 0.57338 0.61021 -0.00012 -0.79224 0.00147
1413394968.155760527 -1.17919 -0.79279 0.59023 0.58374 0.02327 -0.81138 0.019
1413394968.255760431 -1.16873 -0.83413 0.5953 0.55587 0.03961 -0.82972 0.03166
1413394968.355760574 -1.1627 -0.87201 0.59446 0.55189 0.05409 -0.83115 0.04104
1413394968.455760479 -1.15933 -0.91012 0.58685 0.55588 0.06984 -0.82667 0.05228
1413394968.555760384 -1.16164 -0.94722 0.57619 0.55412 0.08403 -0.82562 0.06514
1413394968.655760527 -1.17082 -0.98356 0.56587 0.54336 0.09577 -0.83108 0.06995
1413394968.755760431 -1.18828 -1.02061 0.56002 0.54341 0.11228 -0.82973 0.06041
1413394968.855760574 -1.21378 -1.06454 0.55706 0.55175 0.12054 -0.82337 0.05571
1413394968.955760479 -1.24627 -1.11388 0.55663 0.56214 0.11894 -0.81562 0.06795
1413394969.055760384 -1.27997 -1.1689 0.55989 0.57496 0.12012 -0.80471 0.08627
1413394969.155760527 -1.31514 -1.22522 0.55788 0.58221 0.12643 -0.79657 0.10257
1413394969.255760431 -1.34792 -1.27769 0.53868 0.5893 0.13367 -0.78871 0.11313
1413394969.355760574 -1.37683 -1.32537 0.50439 0.59831 0.13866 -0.7799 0.12065
1413394969.455760479 -1.39678 -1.36437 0.46107 0.60963 0.14435 -0.76991 0.12147
1413394969.555760384 -1.40644 -1.39824 0.4153 0.60586 0.15686 -0.77269 0.10616
1413394969.655760527 -1.40647 -1.432 0.37016 0.58893 0.17098 -0.78542 0.08389
1413394969.755760431 -1.40067 -1.47258 0.33115 0.57791 0.18325 -0.79284 0.06194
1413394969.855760574 -1.39092 -1.52564 0.29676 0.57041 0.18702 -0.79802 0.05309
1413394969.955760479 -1.37783 -1.59118 0.26877 0.55781 0.17613 -0.80857 0.06358
1413394970.055760384 -1.36587 -1.66516 0.25441 0.54654 0.16351 -0.81774 0.07658
1413394970.155760527 -1.36034 -1.74613 0.26322 0.54092 0.15402 -0.82229 0.08679
1413394970.255760431 -1.36255 -1.83113 0.2844 0.55123 0.1478 -0.81559 0.09543
1413394970.355760574 -1.37071 -1.91782 0.30106 0.57753 0.13542 -0.79702 0.1135
1413394970.455760479 -1.3792 -2.00233 0.3087 0.60193 0.11791 -0.7776 0.13827
1413394970.555760384 -1.38207 -2.07708 0.30195 0.60685 0.1041 -0.77163 0.15961
1413394970.655760527 -1.37854 -2.13678 0.28585 0.60334 0.08974 -0.77141 0.18128
1413394970.755760431 -1.37047 -2.17728 0.26859 0.60998 0.08877 -0.76655 0.18012
1413394970.855760574 -1.35707 -2.19632 0.25084 0.60485 0.11185 -0.77503 0.14483
1413394970.955760479 -1.33724 -2.20234 0.23843 0.58452 0.13511 -0.79274 0.10789
1413394971.055760384 -1.31594 -2.20493 0.24357 0.57027 0.1483 -0.80364 0.08342
1413394971.155760527 -1.29356 -2.2135 0.26113 0.55449 0.1488 -0.81523 0.07617
1413394971.255760431 -1.27457 -2.22827 0.28005 0.53061 0.14609 -0.8316 0.07443
1413394971.355760574 -1.2649 -2.24925 0.29179 0.50559 0.14431 -0.84754 0.07236
1413394971.455760479 -1.26991 -2.27814 0.29643 -0.48713 -0.14241 0.85862 -0.07207
1413394971.555760384 -1.29675 -2.31659 0.30266 -0.47887 -0.13164 0.86397 -0.08307
1413394971.655760527 -1.34607 -2.36085 0.31683 -0.49667 -0.11675 0.85398 -0.10207
1413394971.755760431 -1.41171 -2.40195 0.33442 0.52991 0.10002 -0.83396 0.11708
1413394971.855760574 -1.49144 -2.43636 0.35315 0.5622 0.08273 -0.81375 0.12208
1413394971.955760479 -1.57425 -2.45777 0.37093 0.59199 0.06109 -0.79427 0.12229
1413394972.055760384 -1.65219 -2.46568 0.38156 0.61433 0.03961 -0.78062 0.10801
1413394972.155760527 -1.72172 -2.45955 0.38117 0.62813 0.01107 -0.77308 0.08756
1413394972.255760431 -1.77858 -2.43896 0.36995 0.63556 -0.02329 -0.7692 0.062
1413394972.355760574 -1.82025 -2.40509 0.35215 0.63846 -0.06231 -0.76645 0.03225
1413394972.455760479 -1.84749 -2.35948 0.32824 0.63258 -0.10663 -0.76711 0.00227
1413394972.555760384 -1.85956 -2.30246 0.29857 0.60942 -0.15137 -0.77762 -0.03157
1413394972.655760527 -1.85777 -2.23655 0.27217 0.58321 -0.19228 -0.78583 -0.07324
1413394972.755760431 -1.85235 -2.16189 0.25321 0.56359 -0.22396 -0.78492 -0.12696
1413394972.855760574 -1.84553 -2.08455 0.24227 0.54851 -0.25252 -0.77622 -0.18124
1413394972.955760479 -1.83949 -2.01002 0.23452 0.53698 -0.28588 -0.76118 -0.2248
1413394973.055760384 -1.83788 -1.94137 0.22879 0.52473 -0.326 -0.74373 -0.25542
1413394973.155760527 -1.83952 -1.87785 0.22152 0.51184 -0.36957 -0.72426 -0.27729
1413394973.255760431 -1.84264 -1.81874 0.21249 -0.49783 0.41529 0.70309 0.29216
1413394973.355760574 -1.84577 -1.7608 0.20517 -0.48327 0.45704 0.67954 0.30949
1413394973.455760479 -1.84754 -1.70185 0.20061 -0.46853 0.49427 0.6533 0.33071
1413394973.555760384 -1.84467 -1.64179 0.19743 -0.45173 0.52989 0.62551 0.35199
1413394973.655760527 -1.84665 -1.58013 0.19662 -0.4294 0.56308 0.59853 0.3746
1413394973.755760431 -1.84537 -1.51762 0.19997 -0.40866 0.59051 0.56768 0.40254
1413394973.855760574 -1.84614 -1.45447 0.20217 -0.39007 0.61802 0.53292 0.42649
1413394973.955760479 -1.84357 -1.39345 0.20592 -0.36986 0.64568 0.49806 0.44525
1413394974.055760384 -1.83919 -1.33475 0.21222 -0.34951 0.67074 0.4622 0.46295
1413394974.155760527 -1.83325 -1.27822 0.22014 -0.33053 0.69421 0.42428 0.47834
1413394974.255760431 -1.82373 -1.22506 0.22965 -0.31268 0.71636 0.38407 0.49147
1413394974.355760574 -1.81065 -1.17233 0.24028 -0.29275 0.73858 0.34439 0.50019
1413394974.455760479 -1.79142 -1.12362 0.25368 -0.27177 0.75874 0.30521 0.50725
1413394974.555760384 -1.76442 -1.08204 0.26896 -0.24975 0.7743 0.26693 0.51655
1413394974.655760527 -1.7297 -1.04634 0.28817 -0.22579 0.77936 0.23208 0.53642
1413394974.755760431 -1.69007 -1.01787 0.30418 -0.19817 0.78433 0.2027 0.55178
1413394974.855760574 -1.64858 -0.99783 0.31596 -0.16914 0.79193 0.17785 0.55912
1413394974.955760479 -1.60659 -0.98215 0.31571 -0.13754 0.799 0.1578 0.56372
1413394975.055760384 -1.56744 -0.97229 0.30119 -0.11197 0.80074 0.13857 0.57191
1413394975.155760527 -1.53283 -0.96668 0.27369 -0.09271 0.7951 0.11994 0.58722
1413394975.255760431 -1.50458 -0.96302 0.237 -0.07999 0.79066 0.10007 0.5987
1413394975.355760574 -1.48111 -0.95832 0.19684 -0.06688 0.78989 0.083 0.60391
1413394975.455760479 -1.46034 -0.95121 0.15806 -0.05099 0.79525 0.07021 0.60004
1413394975.555760384 -1.44514 -0.94343 0.12224 -0.03572 0.80385 0.06091 0.59063
1413394975.655760527 -1.4324 -0.93149 0.09021 -0.02603 0.81221 0.05453 0.58023
1413394975.755760431 -1.42028 -0.91438 0.06467 -0.02053 0.81748 0.05067 0.57336
1413394975.855760574 -1.40693 -0.89298 0.04629 -0.01931 0.82009 0.04849 0.56985
1413394975.955760479 -1.39081 -0.86784 0.03738 -0.01796 0.81239 0.04948 0.58074
1413394976.055760384 -1.37735 -0.84002 0.03155 -0.02074 0.80079 0.04951 0.59653
1413394976.155760527 -1.3672 -0.80953 0.0258 -0.02103 0.79601 0.05154 0.60272
1413394976.255760431 -1.36258 -0.77514 0.01992 -0.0202 0.79663 0.05404 0.60171
1413394976.355760574 -1.36245 -0.73956 0.01396 -0.0197 0.79407 0.05667 0.60486
1413394976.455760479 -1.36941 -0.70062 0.00872 -0.02082 0.78458 0.05726 0.61703
1413394976.605760574 -1.39998 -0.63838 0.00488 -0.02713 0.76847 0.05442 0.637
1413394976.705760479 -1.43779 -0.5952 0.00306 -0.0403 0.76621 0.04621 0.63966
1413394976.755760431 -1.46261 -0.57474 0.00142 -0.04871 0.77229 0.04089 0.63208
1413394976.855760574 -1.5202 -0.5364 -0.00177 -0.06204 0.79429 0.03066 0.60358
1413394976.955760479 -1.58341 -0.50481 -0.00493 -0.07212 0.82728 0.01952 0.5568
1413394977.105760574 -1.66293 -0.47429 0.00036 -0.07857 0.86604 0.00042 0.49376
1413394977.155760527 -1.68026 -0.46936 0.00708 -0.0791 0.87599 -0.00592 0.47577
1413394977.305760145 -1.6865 -0.47848 0.03754 -0.06045 0.89214 -0.0067 0.44765
1413394977.405760527 -1.64996 -0.49805 0.0735 -0.02795 0.8912 0.01419 0.45253
1413394977.505760431 -1.58125 -0.51779 0.11535 -0.00547 0.88855 0.02947 0.45781
1413394977.605760574 -1.48393 -0.53145 0.16168 0.00215 0.88648 0.03335 0.46157
1413394977.705760479 -1.36009 -0.53925 0.21069 0.00511 0.8844 0.03425 0.46545
1413394977.805760145 -1.20895 -0.53955 0.26486 0.00748 0.8756 0.0365 0.4816
1413394977.905760527 -1.03454 -0.5331 0.32305 0.00926 0.85769 0.03879 0.51261
1413394978.005760431 -0.84689 -0.51853 0.3786 0.01173 0.83794 0.04088 0.54411
1413394978.105760574 -0.65619 -0.4957 0.43194 0.01505 0.82165 0.04335 0.56815
1413394978.155760527 -0.55967 -0.48152 0.45584 0.01742 0.8168 0.04506 0.57489
1413394978.255760431 -0.36943 -0.44674 0.49414 0.01993 0.81159 0.04711 0.58198
1413394978.355760574 -0.18331 -0.4044 0.52151 0.02098 0.81042 0.04871 0.58345
1413394978.455760479 -6e-05 -0.35645 0.53674 0.01866 0.81016 0.04948 0.58382
1413394978.555760384 0.17874 -0.30024 0.54383 0.01124 0.81088 0.04725 0.5832
1413394978.655760527 0.35461 -0.23713 0.55267 -0.0012 0.81172 0.04135 0.58259
1413394978.755760431 0.52673 -0.16874 0.56465 -0.01757 0.81219 0.03219 0.58224
1413394978.855760574 0.69623 -0.09981 0.58113 -0.02841 0.81194 0.02486 0.58252
1413394978.955760479 0.86145 -0.03146 0.59804 -0.03346 0.81004 0.01968 0.58508
1413394979.055760384 1.02214 0.03437 0.60834 -0.035 0.80086 0.0148 0.59764
1413394979.155760527 1.17631 0.09719 0.6089 -0.03887 0.7867 0.00874 0.61605
1413394979.255760431 1.32039 0.15623 0.59973 -0.04885 0.76972 -0.00039 0.6365
1413394979.355760574 1.45007 0.20772 0.58613 -0.0625 0.75289 -0.00965 0.6551
1413394979.455760479 1.55892 0.24749 0.57755 -0.07582 0.73291 -0.01559 0.67591
1413394979.555760384 1.63762 0.27124 0.57939 -0.08163 0.71155 -0.01538 0.69771
1413394979.655760527 1.68218 0.27773 0.59336 -0.07878 0.69898 -0.00836 0.71074
1413394979.755760431 1.68672 0.26822 0.61748 -0.0649 0.70778 0.00569 0.70342
1413394979.855760574 1.65466 0.2481 0.6489 -0.03081 0.7447 0.02706 0.66614
1413394979.955760479 1.59532 0.22656 0.68865 0.0017 0.77916 0.04303 0.62535
1413394980.055760384 1.52741 0.2126 0.72794 0.01779 0.79671 0.04709 0.60227
1413394980.155760527 1.45483 0.20869 0.76039 0.02377 0.79576 0.0456 0.60343
1413394980.255760431 1.37303 0.21421 0.78113 0.02095 0.78754 0.04023 0.61459
1413394980.355760574 1.28867 0.22501 0.79466 0.0137 0.78142 0.03284 0.62299
1413394980.455760479 1.18781 0.24859 0.79069 0.0106 0.78561 0.02818 0.61799
1413394980.555760384 1.08082 0.27894 0.78389 -0.00028 0.7967 0.01886 0.60409
1413394980.655760527 0.96707 0.31117 0.78024 -0.01083 0.80613 0.01126 0.59153
1413394980.755760431 0.85542 0.34263 0.78155 -0.01678 0.81081 0.008 0.58502
1413394980.855760574 0.74808 0.3725 0.78754 -0.0212 0.81338 0.00643 0.58132
1413394980.955760479 0.6436 0.40085 0.79318 -0.02306 0.81451 0.00612 0.57966
1413394981.055760384 0.54389 0.42665 0.79294 -0.02816 0.81605 0.00319 0.57729
1413394981.155760527 0.44789 0.44857 0.78542 -0.03501 0.81737 -0.00128 0.57505
1413394981.255760431 0.35454 0.46453 0.76755 -0.04017 0.81923 -0.00506 0.57204
1413394981.355760574 0.26722 0.47278 0.74233 -0.03723 0.82002 -0.00441 0.5711
1413394981.455760479 0.18569 0.47442 0.71853 -0.02342 0.82047 0.00184 0.5712
1413394981.555760384 0.10908 0.47357 0.69861 -0.01369 0.82053 0.00433 0.57142
1413394981.655760527 0.03555 0.47225 0.67891 -0.01056 0.82473 0.00185 0.56542
1413394981.755760431 -0.03441 0.47009 0.65879 -0.00669 0.82971 -0.00529 0.55813
1413394981.855760574 -0.09808 0.46652 0.63944 -0.00649 0.83299 -0.02066 0.55287
1413394981.955760479 -0.15347 0.45976 0.62399 -0.00544 0.83327 -0.03963 0.55142
1413394982.055760384 -0.19675 0.44799 0.61241 -0.00361 0.83141 -0.06327 0.55204
1413394982.155760527 -0.2308 0.42876 0.60552 -0.0014 0.82508 -0.09103 0.55763
1413394982.255760431 -0.25449 0.39957 0.60302 0.00164 0.81742 -0.12229 0.56291
1413394982.355760574 -0.2767 0.35787 0.60302 0.01151 0.81111 -0.15207 0.56466
1413394982.455760479 -0.30116 0.30062 0.60686 0.02652 0.80359 -0.18156 0.56619
1413394982.555760384 -0.32784 0.22709 0.61569 0.04341 0.7961 -0.21108 0.5655
1413394982.655760527 -0.35863 0.13796 0.62958 0.06148 0.78687 -0.2398 0.56528
1413394982.755760431 -0.39221 0.0344 0.64684 0.08286 0.77866 -0.2642 0.56305
1413394982.855760574 -0.42835 -0.0823 0.66624 0.1081 0.76994 -0.28596 0.56012
1413394983.005760431 -0.48977 -0.27765 0.69766 0.1466 0.75882 -0.31124 0.55302
1413394983.105760574 -0.53388 -0.41674 0.71959 0.16953 0.75435 -0.31889 0.5482
1413394983.205760479 -0.58016 -0.56028 0.74269 0.18648 0.75115 -0.32122 0.54572
1413394983.305760145 -0.62663 -0.70559 0.76581 0.19607 0.74873 -0.3217 0.5454
1413394983.405760527 -0.67214 -0.85138 0.78831 0.20652 0.74998 -0.31586 0.54324
1413394983.505760431 -0.71673 -0.99527 0.8112 0.22199 0.75626 -0.30217 0.53618
1413394983.605760574 -0.7593 -1.13394 0.82607 0.23172 0.7608 -0.29069 0.53197
1413394983.705760479 -0.79712 -1.26675 0.82992 0.23916 0.76324 -0.28038 0.53071
1413394983.805760145 -0.83044 -1.39165 0.82117 0.24516 0.76453 -0.27238 0.53028
1413394983.905760527 -0.85727 -1.50791 0.80088 0.24525 0.76481 -0.27019 0.53096
1413394984.005760431 -0.87715 -1.61548 0.76941 0.24326 0.76495 -0.26934 0.53209
1413394984.105760574 -0.88949 -1.71462 0.73353 0.23861 0.7667 -0.26444 0.53414
1413394984.205760479 -0.89653 -1.80334 0.69973 0.23235 0.7703 -0.25613 0.53577
1413394984.305760145 -0.89637 -1.88686 0.66553 0.22552 0.77566 -0.24998 0.53386
1413394984.405760527 -0.89222 -1.9607 0.63584 0.21885 0.78213 -0.24652 0.52878
1413394984.505760431 -0.87477 -2.02983 0.60813 0.21221 0.78886 -0.24026 0.52435
1413394984.605760574 -0.85046 -2.08581 0.58485 0.2032 0.79475 -0.22988 0.52368
1413394984.705760479 -0.81326 -2.13571 0.56499 0.19207 0.80064 -0.2152 0.52515
1413394984.805760145 -0.76752 -2.17757 0.54941 0.17952 0.80705 -0.19813 0.5265
1413394984.905760527 -0.71099 -2.21267 0.53638 0.16107 0.81065 -0.18205 0.53269
1413394985.005760431 -0.64785 -2.24388 0.5279 0.14573 0.81212 -0.16041 0.54176
1413394985.105760574 -0.57796 -2.27076 0.52559 0.13492 0.81421 -0.13922 0.54724
1413394985.205760479 -0.50357 -2.29226 0.52619 0.12659 0.81668 -0.12505 0.54897
1413394985.305760145 -0.42365 -2.30621 0.53608 0.11495 0.81879 -0.12007 0.5495
1413394985.405760527 -0.33798 -2.31405 0.55861 0.08566 0.81937 -0.13229 0.55118
1413394985.505760431 -0.24752 -2.32429 0.59489 0.05823 0.82016 -0.14596 0.55013
1413394985.605760574 -0.15027 -2.34527 0.64865 0.05911 0.81892 -0.14161 0.55301
1413394985.705760479 -0.0501 -2.37226 0.70622 0.07872 0.82045 -0.12493 0.55232
1413394985.805760145 0.05226 -2.39927 0.7534 0.09797 0.82124 -0.10963 0.55132
1413394985.905760527 0.15862 -2.42169 0.78425 0.10911 0.8213 -0.10153 0.55068
1413394986.005760431 0.26871 -2.43852 0.80158 0.11346 0.8208 -0.09981 0.55086
1413394986.105760574 0.38194 -2.44821 0.81414 0.1154 0.81958 -0.10076 0.55211
1413394986.205760479 0.49916 -2.45108 0.82775 0.10163 0.81766 -0.11359 0.55516
1413394986.305760145 0.61998 -2.44983 0.84617 0.08126 0.81537 -0.13077 0.5581
1413394986.405760527 0.74423 -2.44997 0.86937 0.06926 0.81377 -0.14131 0.55948
1413394986.505760431 0.87098 -2.45467 0.89803 0.07084 0.8132 -0.14184 0.55997
1413394986.605760574 0.99788 -2.46357 0.93065 0.0865 0.8147 -0.1318 0.55804
1413394986.705760479 1.12646 -2.47255 0.96314 0.10558 0.81737 -0.11801 0.55393
1413394986.805760145 1.25898 -2.47838 0.99582 0.11839 0.81705 -0.10877 0.55369
1413394986.905760527 1.39629 -2.47791 1.02774 0.11548 0.81318 -0.11186 0.55936
1413394987.005760431 1.53388 -2.47123 1.05414 0.10222 0.80751 -0.12284 0.5678
1413394987.105760574 1.66872 -2.46136 1.06722 0.08461 0.80359 -0.13664 0.57307
1413394987.205760479 1.80223 -2.45324 1.06785 0.07405 0.80046 -0.14506 0.57684
1413394987.305760145 1.93402 -2.44854 1.06348 0.0828 0.79711 -0.14022 0.58146
1413394987.405760527 2.0636 -2.44448 1.05764 0.108 0.79426 -0.12309 0.58509
1413394987.505760431 2.19112 -2.43575 1.05474 0.12779 0.79101 -0.10931 0.58824
1413394987.605760574 2.31516 -2.41719 1.05655 0.13751 0.78682 -0.10196 0.59297
1413394987.705760479 2.43536 -2.38599 1.0642 0.14204 0.78018 -0.09819 0.60125
1413394987.805760145 2.54727 -2.34035 1.07491 0.14327 0.77319 -0.0971 0.6101
1413394987.905760527 2.64958 -2.27986 1.09009 0.14561 0.76888 -0.09649 0.61507
1413394988.005760431 2.73865 -2.20365 1.11082 0.14574 0.76332 -0.09745 0.62177
1413394988.105760574 2.81541 -2.1131 1.1329 0.1396 0.75777 -0.10284 0.62907
1413394988.205760479 2.87896 -2.00895 1.15609 0.1235 0.75701 -0.11494 0.63124
1413394988.305760145 2.92614 -1.89676 1.18085 0.10214 0.75583 -0.13695 0.63209
1413394988.405760527 2.95845 -1.78459 1.2001 0.08453 0.75474 -0.16806 0.62848
1413394988.505760431 2.97371 -1.67808 1.2105 0.07912 0.75259 -0.20418 0.62101
1413394988.605760574 2.97268 -1.58085 1.21398 0.09262 0.74882 -0.23986 0.61086
1413394988.705760479 2.95562 -1.49265 1.21213 0.12311 0.74566 -0.26717 0.59787
1413394988.805760145 2.92831 -1.40988 1.20447 0.15708 0.74063 -0.28439 0.58815
1413394988.905760527 2.89195 -1.32971 1.18993 0.18606 0.73399 -0.29405 0.58325
1413394989.005760431 2.83777 -1.24926 1.17091 0.2087 0.73131 -0.29736 0.57725
1413394989.105760574 2.7838 -1.1646 1.15204 0.2232 0.73458 -0.29858 0.56694
1413394989.205760479 2.7237 -1.07667 1.13517 0.22859 0.7392 -0.29996 0.55798
1413394989.305760145 2.65247 -0.98923 1.12004 0.22459 0.74241 -0.30235 0.55406
1413394989.405760527 2.58284 -0.89872 1.10481 0.21548 0.74435 -0.30558 0.5533
1413394989.505760431 2.51398 -0.80584 1.09102 0.20656 0.74552 -0.3077 0.55394
1413394989.605760574 2.4439 -0.71038 1.07508 0.19716 0.74719 -0.30967 0.55402
1413394989.705760479 2.37632 -0.61573 1.04756 0.18403 0.75084 -0.30787 0.55461
1413394989.805760145 2.30924 -0.52483 1.00875 0.1622 0.75822 -0.29881 0.55632
1413394989.905760527 2.24402 -0.43789 0.96132 0.13371 0.77223 -0.28133 0.55375
1413394990.005760431 2.1799 -0.36015 0.90871 0.1127 0.78819 -0.24674 0.55242
1413394990.105760574 2.11587 -0.29092 0.85216 0.09899 0.80252 -0.19865 0.55381
1413394990.205760479 2.05367 -0.22842 0.78755 0.08336 0.81449 -0.14764 0.55485
1413394990.355760574 1.97315 -0.1394 0.68699 0.05772 0.82633 -0.07115 0.55568
1413394990.405760527 1.9471 -0.11142 0.65429 0.04841 0.82968 -0.04912 0.55397
1413394990.505760431 1.90246 -0.06122 0.59058 0.02851 0.83316 -0.01804 0.55201
1413394990.605760574 1.86312 -0.00462 0.53061 0.00986 0.83519 -0.00161 0.54987
1413394990.705760479 1.83025 0.05643 0.47395 -0.00061 0.83643 0.00836 0.54801
1413394990.805760145 1.80828 0.11744 0.42101 -0.00609 0.83629 0.01194 0.54812
1413394990.905760527 1.79202 0.1851 0.3741 -0.00653 0.83617 0.01211 0.5483
1413394991.005760431 1.77952 0.25253 0.3314 -0.00458 0.83545 0.00971 0.54946
1413394991.105760574 1.77403 0.31966 0.2951 -0.00387 0.83468 0.0042 0.5507
1413394991.205760479 1.78111 0.3818 0.26654 -0.00599 0.83233 -0.00451 0.55423
1413394991.305760145 1.80256 0.44086 0.23779 -0.00444 0.83187 -0.01825 0.55465
1413394991.405760527 1.82529 0.49459 0.21524 0.00294 0.83139 -0.03719 0.55444
1413394991.505760431 1.85936 0.54234 0.19339 0.01507 0.82923 -0.05991 0.55548
1413394991.605760574 1.89454 0.58348 0.17693 0.03163 0.82587 -0.08363 0.55673
1413394991.705760479 1.93411 0.619 0.16568 0.05344 0.81836 -0.103 0.56287
1413394991.805760145 1.97753 0.65441 0.1549 0.07086 0.80581 -0.1195 0.57565
1413394991.905760527 2.0206 0.68829 0.14469 0.07834 0.79404 -0.13419 0.58766
1413394992.005760431 2.06047 0.72226 0.13353 0.08136 0.78676 -0.1482 0.59365
1413394992.105760574 2.09513 0.75146 0.12132 0.07934 0.78476 -0.16699 0.59158
1413394992.205760479 2.12359 0.77504 0.11064 0.07771 0.78631 -0.18839 0.58326
1413394992.305760145 2.14627 0.79014 0.10351 0.0855 0.78694 -0.20599 0.57531
1413394992.405760527 2.16442 0.79553 0.10112 0.10571 0.78559 -0.21802 0.56934
1413394992.505760431 2.17803 0.7939 0.10347 0.13611 0.7856 -0.22168 0.5614
1413394992.605760574 2.19234 0.79253 0.10716 0.16301 0.78427 -0.22141 0.55617
1413394992.705760479 2.20815 0.79292 0.11146 0.17 0.77796 -0.22812 0.56021
1413394992.805760145 2.22382 0.79533 0.11571 0.16527 0.77109 -0.24313 0.56479
1413394992.905760527 2.23779 0.79786 0.11991 0.16028 0.76615 -0.25987 0.56551
1413394993.005760431 2.24946 0.79965 0.11986 0.15943 0.76428 -0.27027 0.56339
1413394993.105760574 2.25777 0.79793 0.10997 0.16604 0.76486 -0.27195 0.55988
1413394993.205760479 2.26366 0.79433 0.08809 0.17402 0.76732 -0.26947 0.55527
1413394993.305760145 2.26674 0.78898 0.05714 0.18479 0.76982 -0.26303 0.55141
1413394993.405760527 2.27088 0.78528 0.02334 0.19377 0.7724 -0.25555 0.54822
1413394993.505760431 2.27762 0.78397 -0.00995 0.19944 0.77422 -0.2497 0.54631
1413394993.605760574 2.28698 0.78764 -0.04035 0.19994 0.77458 -0.24713 0.54678
1413394993.705760479 2.29803 0.79338 -0.07213 0.19644 0.77271 -0.25312 0.54797
1413394993.805760145 2.31097 0.8016 -0.10834 0.19296 0.76722 -0.26957 0.54907
1413394993.905760527 2.32425 0.80769 -0.15435 0.19367 0.75894 -0.29369 0.54794
1413394994.005760431 2.33565 0.81295 -0.20493 0.19762 0.74751 -0.32266 0.54596
1413394994.105760574 2.34208 0.81568 -0.25216 0.20887 0.73515 -0.35054 0.54134
1413394994.205760479 2.34188 0.81438 -0.28571 0.22803 0.72128 -0.3752 0.53571
1413394994.305760145 2.33478 0.81079 -0.30829 0.25365 0.70905 -0.39622 0.52529
1413394994.405760527 2.32335 0.80702 -0.32169 0.28296 0.70119 -0.4122 0.5083
1413394994.505760431 2.31327 0.80351 -0.32581 0.30911 0.69495 -0.42178 0.49355
1413394994.605760574 2.30785 0.80186 -0.32041 0.32638 0.68942 -0.42885 0.48401
1413394994.705760479 2.3091 0.80328 -0.30434 0.33767 0.68497 -0.43281 0.47903
1413394994.805760145 2.32158 0.80648 -0.27725 0.3447 0.67929 -0.43464 0.48045
1413394994.905760527 2.3387 0.81267 -0.24915 0.3439 0.67469 -0.43722 0.48514
1413394995.005760431 2.35874 0.82353 -0.23201 0.33963 0.67194 -0.43918 0.49017
1413394995.105760574 2.37972 0.83928 -0.23823 0.32663 0.66701 -0.44588 0.4996
1413394995.205760479 2.4002 0.8579 -0.26535 0.30801 0.66636 -0.45589 0.50324
1413394995.305760145 2.4169 0.87793 -0.30687 0.29501 0.67573 -0.46228 0.4926
1413394995.405760527 2.42997 0.89394 -0.35019 0.28869 0.6857 -0.46484 0.48
1413394995.505760431 2.44058 0.90303 -0.39194 0.28886 0.6917 -0.46383 0.4722
1413394995.605760574 2.45084 0.90421 -0.43259 0.29159 0.69338 -0.46176 0.47008
1413394995.705760479 2.45318 0.89801 -0.46836 0.2975 0.68833 -0.45645 0.4789
1413394995.805760145 2.4622 0.89156 -0.49691 0.30321 0.6801 -0.45225 0.49092
1413394995.905760527 2.47164 0.88419 -0.52281 0.30604 0.67422 -0.45055 0.49877
1413394996.005760431 2.47943 0.87688 -0.56353 0.31378 0.67436 -0.4483 0.49579
1413394996.105760574 2.47974 0.88262 -0.54535 0.31973 0.66763 -0.44433 0.50459
1413394996.205760479 2.47622 0.88803 -0.55551 0.30028 0.67352 -0.45445 0.49967
1413394996.305760145 2.48092 0.89284 -0.55264 0.32143 0.67153 -0.43646 0.5052
1413394996.405760527 2.47857 0.89098 -0.55626 0.31898 0.67308 -0.43804 0.50333
1413394996.505760431 2.47919 0.89102 -0.56152 0.32049 0.6763 -0.43669 0.4992
1413394996.605760574 2.47912 0.89368 -0.5638 0.32114 0.6737 -0.43595 0.50294
1413394996.705760479 2.47933 0.89307 -0.56451 0.31982 0.67501 -0.43683 0.50126
1413394996.805760145 2.47937 0.89322 -0.56439 0.32027 0.67432 -0.4364 0.50226
1413394996.905760527 2.47944 0.89295 -0.56458 0.31994 0.67442 -0.43653 0.50223
1413394997.005760431 2.47942 0.89287 -0.56468 0.31967 0.67445 -0.43652 0.50237
1413394997.105760574 2.47946 0.8929 -0.56473 0.31969 0.67432 -0.43647 0.50257
1413394997.205760479 2.47955 0.89282 -0.56487 0.31937 0.67451 -0.43662 0.5024
1413394997.305760145 2.47945 0.8929 -0.56493 0.31926 0.67447 -0.43649 0.50264
1413394997.405760527 2.47945 0.89291 -0.56503 0.31922 0.67446 -0.43649 0.50267
1413394997.505760431 2.47952 0.893 -0.56509 0.3192 0.6745 -0.43643 0.50269
1413394997.605760574 2.47955 0.89306 -0.56522 0.31913 0.67452 -0.4364 0.50273
1413394997.705760479 2.47956 0.89311 -0.56533 0.31901 0.67459 -0.4364 0.50272
1413394997.805760145 2.47958 0.89319 -0.56539 0.31904 0.67451 -0.4364 0.50279
1413394997.905760527 2.47961 0.89315 -0.56547 0.31892 0.67454 -0.43642 0.50281
1413394998.005760431 2.47959 0.89317 -0.56549 0.31884 0.67452 -0.43644 0.50287
1413394998.105760574 2.47967 0.893 -0.56571 0.31879 0.67449 -0.43639 0.50299
1413394998.205760479 2.47969 0.89296 -0.56585 0.31876 0.6744 -0.43628 0.50322
1413394998.305760145 2.47959 0.89303 -0.56593 0.31871 0.67437 -0.43628 0.5033
