1413394889.305760145 0.50608 0.27106 0.21651 0.00348 0.78589 -0.01979 0.61804
1413394889.405760527 0.52648 0.28072 0.24221 0.00221 0.75342 -0.01389 0.65739
1413394889.505760431 0.54284 0.30268 0.26807 -0.00018 0.73187 -0.00772 0.6814
1413394889.605760574 0.52921 0.31586 0.28215 -0.00101 0.75524 -0.00466 0.65543
1413394889.705760479 0.4934 0.32566 0.29525 0.00114 0.79941 -0.00598 0.60076
1413394889.805760145 0.45029 0.33779 0.31259 0.00366 0.84008 -0.00939 0.54237
1413394889.905760527 0.41567 0.35274 0.33294 0.00626 0.86804 -0.01636 0.49619
1413394890.005760431 0.39546 0.36703 0.34934 0.0071 0.8869 -0.0227 0.46135
1413394890.105760574 0.39398 0.37898 0.3564 0.0031 0.89771 -0.02649 0.43978
1413394890.205760479 0.41832 0.38791 0.36013 -0.00282 0.88645 -0.02992 0.46184
1413394890.305760145 0.47 0.39334 0.35885 -0.01292 0.85914 -0.03672 0.51026
1413394890.405760527 0.53714 0.39373 0.35188 -0.01885 0.82338 -0.04524 0.56538
1413394890.505760431 0.60737 0.383 0.34225 -0.00842 0.78483 -0.059 0.61684
1413394890.605760574 0.66519 0.35744 0.33185 0.01503 0.75539 -0.07057 0.65129
1413394890.705760479 0.69293 0.32103 0.31241 0.05441 0.73322 -0.07838 0.67327
1413394890.805760145 0.6924 0.29201 0.29529 0.07139 0.74234 -0.0737 0.66212
1413394890.905760527 0.66855 0.26956 0.27547 0.07346 0.77952 -0.07619 0.61737
1413394891.005760431 0.6308 0.25189 0.25619 0.07347 0.8219 -0.07922 0.55929
1413394891.105760574 0.5969 0.23601 0.24216 0.07203 0.85324 -0.08186 0.50999
1413394891.205760479 0.57817 0.21871 0.23181 0.06979 0.87142 -0.08492 0.47806
1413394891.305760145 0.58505 0.19465 0.22501 0.07112 0.87931 -0.08574 0.46305
1413394891.405760527 0.61778 0.16661 0.22612 0.08057 0.87315 -0.08364 0.47341
1413394891.505760431 0.67102 0.13408 0.23243 0.0926 0.85517 -0.08626 0.50266
1413394891.605760574 0.73911 0.09867 0.2385 0.10377 0.83578 -0.08686 0.53213
1413394891.705760479 0.81183 0.06245 0.24357 0.11563 0.82274 -0.09199 0.54887
1413394891.805760145 0.87844 0.00913 0.25547 0.13104 0.81668 -0.10608 0.55191
1413394891.905760527 0.96456 -0.0106 0.27257 0.14036 0.8023 -0.10361 0.57086
1413394892.005760431 1.04677 -0.03237 0.30389 0.14634 0.78553 -0.09853 0.59314
1413394892.105760574 1.13433 -0.01756 0.32432 0.12659 0.77383 -0.08169 0.61521
1413394892.205760479 1.18697 -0.0408 0.37284 0.13852 0.77246 -0.07373 0.61537
1413394892.305760145 1.24734 -0.03337 0.40258 0.12487 0.77499 -0.05548 0.61703
1413394892.405760527 1.29091 -0.00769 0.41524 0.10048 0.77875 -0.03182 0.61841
1413394892.505760431 1.32167 0.03016 0.4115 0.0686 0.78191 -0.00389 0.61959
1413394892.605760574 1.34086 0.06894 0.40605 0.03689 0.78918 0.02574 0.61252
1413394892.705760479 1.3462 0.11612 0.40336 0.00091 0.79774 0.05952 0.60005
1413394892.805760145 1.34738 0.16095 0.40838 -0.02968 0.80448 0.09314 0.58589
1413394892.905760527 1.34646 0.20601 0.41727 -0.05602 0.80862 0.12575 0.57199
1413394893.005760431 1.33969 0.25411 0.42634 -0.0812 0.81292 0.16092 0.55377
1413394893.105760574 1.33142 0.30493 0.43838 -0.10132 0.8099 0.19894 0.54242
1413394893.205760479 1.29616 0.36237 0.4512 -0.13437 0.79689 0.24929 0.53364
1413394893.305760145 1.26948 0.41861 0.46937 -0.16162 0.78273 0.28314 0.53013
1413394893.405760527 1.25119 0.47925 0.49037 -0.17692 0.76527 0.30485 0.53863
1413394893.505760431 1.22911 0.54568 0.51071 -0.18125 0.74887 0.32354 0.54924
1413394893.605760574 1.20494 0.6151 0.52065 -0.17902 0.73643 0.33682 0.55873
1413394893.705760479 1.17232 0.6884 0.52145 -0.16837 0.72377 0.34752 0.57187
1413394893.805760145 1.12697 0.76325 0.51632 -0.16227 0.71502 0.35062 0.58265
1413394893.905760527 1.07688 0.84792 0.50425 -0.16203 0.71554 0.34436 0.58581
1413394894.005760431 1.00118 0.93812 0.49964 -0.17368 0.71335 0.34079 0.58722
1413394894.105760574 0.91582 1.03857 0.48697 -0.19018 0.70815 0.34207 0.58766
1413394894.205760479 0.81954 1.14021 0.46911 -0.22118 0.70779 0.34261 0.57683
1413394894.305760145 0.70807 1.24509 0.4483 -0.25505 0.70869 0.34855 0.55787
1413394894.405760527 0.58857 1.33634 0.42602 -0.28205 0.70545 0.36279 0.5396
1413394894.505760431 0.47404 1.41271 0.39722 -0.29934 0.70183 0.3831 0.52064
1413394894.605760574 0.3569 1.48323 0.36649 -0.31296 0.69519 0.40399 0.50552
1413394894.705760479 0.24099 1.54938 0.33316 -0.32386 0.68352 0.42318 0.49884
1413394894.805760145 0.12987 1.6024 0.29962 -0.32714 0.67299 0.44085 0.4957
1413394894.905760527 0.01728 1.65921 0.26732 -0.33002 0.66959 0.45276 0.48759
1413394895.005760431 -0.09282 1.71023 0.2365 -0.33821 0.67379 0.45443 0.47446
1413394895.105760574 -0.20473 1.75292 0.20953 -0.34301 0.67839 0.4541 0.46468
1413394895.205760479 -0.3144 1.79279 0.18681 -0.34364 0.68282 0.45309 0.45867
1413394895.305760145 -0.41546 1.82965 0.17055 -0.34132 0.68353 0.45032 0.46206
1413394895.405760527 -0.51099 1.86705 0.15932 -0.32242 0.6764 0.45792 0.47837
1413394895.505760431 -0.60697 1.90455 0.15689 -0.30638 0.6731 0.46321 0.48836
1413394895.605760574 -0.70493 1.94194 0.1679 -0.29851 0.67492 0.4628 0.49111
1413394895.705760479 -0.79964 1.9821 0.19489 -0.30242 0.68231 0.45595 0.48488
1413394895.805760145 -0.89509 2.02516 0.23438 -0.30807 0.68804 0.45016 0.47859
1413394895.905760527 -0.99039 2.06857 0.27086 -0.31208 0.68954 0.4473 0.47652
1413394896.005760431 -1.0815 2.1136 0.29465 -0.31446 0.68834 0.4469 0.47706
1413394896.105760574 -1.1732 2.16053 0.30586 -0.31651 0.68758 0.44783 0.47592
1413394896.205760479 -1.26384 2.20941 0.30646 -0.31695 0.68761 0.44893 0.47455
1413394896.305760145 -1.35613 2.2599 0.29745 -0.33334 0.69409 0.43854 0.46347
1413394896.405760527 -1.44577 2.3103 0.28754 -0.35255 0.70321 0.42498 0.44788
1413394896.505760431 -1.52002 2.358 0.27812 -0.3679 0.71067 0.41327 0.43452
1413394896.605760574 -1.57931 2.40003 0.26136 -0.38513 0.71841 0.39923 0.41974
1413394896.705760479 -1.61899 2.43571 0.23616 -0.40406 0.72507 0.38333 0.40506
1413394896.805760145 -1.63465 2.46016 0.2021 -0.421 0.73097 0.36763 0.39152
1413394896.905760527 -1.61905 2.47148 0.16635 -0.4316 0.7302 0.35613 0.39204
1413394897.005760431 -1.57032 2.46489 0.13319 -0.4391 0.73043 0.34888 0.3898
1413394897.105760574 -1.483 2.44288 0.10784 -0.43942 0.73242 0.34793 0.38654
1413394897.205760479 -1.35957 2.40734 0.08975 -0.43108 0.73001 0.35511 0.3939
1413394897.305760145 -1.2028 2.35906 0.07733 -0.39991 0.7202 0.38155 0.41929
1413394897.405760527 -1.02451 2.3011 0.06988 -0.36257 0.70303 0.41101 0.45317
1413394897.505760431 -0.83709 2.23917 0.06709 -0.3388 0.68894 0.43006 0.47499
1413394897.605760574 -0.64905 2.1767 0.06748 -0.32684 0.6826 0.44029 0.48309
1413394897.705760479 -0.46384 2.11532 0.07386 -0.32588 0.67679 0.44251 0.48984
1413394897.805760145 -0.28335 2.05208 0.08481 -0.32727 0.67089 0.44304 0.4965
1413394897.905760527 -0.10878 1.98699 0.1013 -0.33023 0.66628 0.44223 0.50145
1413394898.005760431 0.05883 1.9187 0.1225 -0.3311 0.66295 0.44216 0.50534
1413394898.105760574 0.2182 1.84736 0.14575 -0.32605 0.6635 0.44617 0.50437
1413394898.205760479 0.36839 1.77321 0.17079 -0.31873 0.66106 0.45354 0.50568
1413394898.305760145 0.50816 1.69973 0.20031 -0.30611 0.65192 0.4657 0.51422
1413394898.405760527 0.63422 1.62679 0.22912 -0.29467 0.63914 0.48342 0.52055
1413394898.505760431 0.74144 1.55858 0.25997 -0.2912 0.6267 0.5042 0.51791
1413394898.605760574 0.83079 1.49332 0.28973 -0.29209 0.61367 0.52728 0.50996
1413394898.705760479 0.90105 1.4332 0.32048 -0.29401 0.60548 0.54512 0.4998
1413394898.805760145 0.95107 1.38009 0.35228 -0.29565 0.60647 0.55749 0.48372
1413394898.905760527 0.98054 1.33461 0.38806 -0.28817 0.60098 0.57055 0.47985
1413394899.005760431 0.98987 1.30162 0.4244 -0.27727 0.5956 0.58121 0.48018
1413394899.105760574 0.9776 1.27907 0.45294 -0.27321 0.60177 0.58456 0.47066
1413394899.205760479 0.94844 1.26825 0.47172 -0.27194 0.60929 0.58532 0.46067
1413394899.305760145 0.9014 1.27345 0.48152 -0.27105 0.60886 0.5864 0.46039
1413394899.405760527 0.83805 1.29226 0.48272 -0.28711 0.61434 0.57734 0.45479
1413394899.505760431 0.76004 1.32365 0.47239 -0.31556 0.62299 0.56586 0.43829
1413394899.605760574 0.67395 1.36492 0.45489 -0.33685 0.61949 0.56824 0.42411
1413394899.705760479 0.58106 1.4155 0.43395 -0.35194 0.60655 0.58231 0.41128
1413394899.805760145 0.48355 1.47443 0.41633 -0.36871 0.58678 0.60045 0.399
1413394899.905760527 0.38022 1.54221 0.40062 -0.39038 0.56144 0.61673 0.38991
1413394900.005760431 0.27202 1.61653 0.39122 -0.41855 0.53937 0.62738 0.37454
1413394900.105760574 0.1612 1.69358 0.39667 -0.44487 0.51542 0.63697 0.36154
1413394900.205760479 0.04913 1.76822 0.41269 -0.47118 0.49265 0.64321 0.34866
1413394900.305760145 -0.06011 1.84042 0.42485 -0.48945 0.47002 0.65152 0.33919
1413394900.405760527 -0.16634 1.90753 0.42934 0.50221 -0.44371 -0.66189 -0.33588
1413394900.505760431 -0.26904 1.96731 0.42477 0.5006 -0.41479 -0.68121 -0.33662
1413394900.605760574 -0.37228 2.01887 0.41418 -0.49553 0.38628 0.70017 0.33911
1413394900.705760479 -0.47997 2.06106 0.40093 -0.49492 0.35629 0.7146 0.34273
1413394900.805760145 -0.59709 2.08681 0.39429 -0.49718 0.32934 0.72819 0.33776
1413394900.905760527 -0.7266 2.09681 0.40412 0.5048 -0.30757 -0.73988 -0.32118
1413394901.005760431 -0.86682 2.08755 0.43252 0.51622 -0.28065 -0.74966 -0.30456
1413394901.105760574 -1.01445 2.06031 0.46944 0.53156 -0.25287 -0.75665 -0.28456
1413394901.205760479 -1.16481 2.01743 0.50076 0.55478 -0.23031 -0.75781 -0.25477
1413394901.305760145 -1.31679 1.96498 0.5231 0.58024 -0.21718 -0.75495 -0.21495
1413394901.405760527 -1.46429 1.90363 0.53935 0.60462 -0.20855 -0.74928 -0.17182
1413394901.505760431 -1.60173 1.83797 0.55003 0.62703 -0.1956 -0.74104 -0.13941
1413394901.605760574 -1.72424 1.76911 0.54971 0.63154 -0.17939 -0.74549 -0.11502
1413394901.705760479 -1.82946 1.69655 0.53995 0.6205 -0.15381 -0.76243 -0.10012
1413394901.805760145 -1.91875 1.61996 0.5297 0.61239 -0.11626 -0.77634 -0.09361
1413394901.905760527 -1.99761 1.53877 0.52379 0.61301 -0.07257 -0.78209 -0.08536
1413394902.005760431 -2.06709 1.4517 0.5223 0.61529 -0.03273 -0.78453 -0.06967
1413394902.105760574 -2.13315 1.35724 0.52779 0.61637 -0.00032 -0.78594 -0.04882
1413394902.205760479 -2.19335 1.2559 0.53432 0.61888 0.02685 -0.78456 -0.02688
1413394902.305760145 -2.24105 1.14747 0.53318 0.62612 0.05281 -0.77791 -0.0062
1413394902.405760527 -2.27639 1.03493 0.52696 0.63765 0.07638 -0.76646 0.01038
1413394902.505760431 -2.29169 0.91782 0.51647 0.63981 0.08479 -0.76261 0.04326
1413394902.605760574 -2.2908 0.80301 0.5064 0.6359 0.07859 -0.76312 0.08423
1413394902.705760479 -2.27859 0.69746 0.49875 0.62321 0.06652 -0.76986 0.12042
1413394902.805760145 -2.25766 0.60764 0.49472 0.60927 0.05585 -0.77778 0.144
1413394902.905760527 -2.22986 0.53784 0.49281 0.59645 0.0557 -0.78764 0.14412
1413394903.055760384 -2.1824 0.46273 0.47436 0.58523 0.05609 -0.79898 0.12646
1413394903.255760431 -2.11817 0.41122 0.4061 0.54766 0.02609 -0.82917 0.10892
1413394903.455760479 -2.0761 0.4095 0.32339 0.55585 0.00348 -0.82904 0.06091
1413394903.605760574 -2.06852 0.42801 0.29054 0.57752 -0.0047 -0.81568 0.03324
1413394903.705760479 -2.06317 0.4466 0.28473 0.58484 -0.0054 -0.81092 0.01863
1413394903.805760145 -2.06035 0.47565 0.29768 0.58687 -0.0024 -0.80965 0.00677
1413394903.905760527 -2.04879 0.49745 0.31971 0.58494 0.00646 -0.81097 -0.0112
1413394904.005760431 -2.06514 0.50095 0.34832 0.58058 0.00033 -0.81383 -0.02474
1413394904.105760574 -2.06498 0.51956 0.35913 0.57205 -0.02576 -0.81948 -0.02356
1413394904.205760479 -2.06224 0.53806 0.36053 0.55959 -0.05957 -0.82625 -0.02474
1413394904.305760145 -2.06362 0.55807 0.35087 0.54412 -0.09303 -0.83301 -0.03706
1413394904.405760527 -2.07035 0.58156 0.33148 0.53069 -0.12822 -0.83584 -0.0574
1413394904.505760431 -2.08569 0.61153 0.30649 0.52464 -0.16131 -0.83135 -0.08714
1413394904.605760574 -2.10979 0.64542 0.28628 0.53308 -0.19441 -0.81463 -0.12003
1413394904.705760479 -2.14123 0.68343 0.27012 0.54369 -0.22865 -0.79352 -0.14981
1413394904.805760145 -2.17681 0.72381 0.25843 0.54813 -0.26027 -0.77419 -0.18016
1413394904.905760527 -2.21163 0.76316 0.25045 0.55172 -0.29073 -0.75271 -0.21098
1413394905.005760431 -2.24247 0.79745 0.24864 0.56239 -0.31875 -0.72357 -0.242
1413394905.105760574 -2.26849 0.82355 0.25118 0.57378 -0.34646 -0.69179 -0.26864
1413394905.205760479 -2.28306 0.83957 0.25262 0.56942 -0.38006 -0.673 -0.27997
1413394905.305760145 -2.28675 0.84501 0.247 0.535 -0.42187 -0.68032 -0.27012
1413394905.405760527 -2.28472 0.84651 0.23936 -0.48015 0.4609 0.70451 0.24637
1413394905.505760431 -2.28023 0.85846 0.23525 -0.4279 0.48606 0.72726 0.22747
1413394905.605760574 -2.27984 0.89402 0.23715 -0.3941 0.49584 0.74138 0.22178
1413394905.705760479 -2.29176 0.96444 0.2532 -0.41037 0.47697 0.73431 0.25471
1413394905.805760145 -2.31522 1.057 0.27919 -0.46292 0.44667 0.70504 0.2985
1413394905.905760527 -2.33894 1.14738 0.30799 0.52183 -0.4134 -0.66604 -0.33644
1413394906.005760431 -2.3667 1.22336 0.33671 0.56732 -0.38872 -0.63198 -0.35728
1413394906.105760574 -2.37995 1.27561 0.36436 0.60219 -0.37672 -0.60575 -0.35848
1413394906.205760479 -2.37728 1.29634 0.39443 0.61428 -0.38921 -0.59747 -0.33794
1413394906.305760145 -2.35199 1.30667 0.42016 0.58646 -0.42152 -0.62007 -0.30644
1413394906.405760527 -2.30972 1.28889 0.44282 0.53854 -0.45607 -0.64774 -0.28707
1413394906.505760431 -2.25556 1.27508 0.45859 -0.47235 0.48521 0.67903 0.2835
1413394906.605760574 -2.19433 1.25772 0.45756 -0.41549 0.51156 0.69559 0.28604
1413394906.705760479 -2.14224 1.25751 0.45427 -0.39082 0.52679 0.68917 0.30788
1413394906.805760145 -2.09514 1.27077 0.45492 -0.41065 0.52558 0.65603 0.35321
1413394906.905760527 -2.05496 1.29917 0.45376 -0.44732 0.51043 0.61212 0.4058
1413394907.005760431 -2.02494 1.3207 0.45324 -0.48465 0.4888 0.56745 0.45187
1413394907.105760574 -2.00004 1.31324 0.45648 0.51751 -0.47273 -0.5274 -0.48017
1413394907.205760479 -1.97486 1.27111 0.45521 0.51963 -0.48325 -0.52382 -0.47124
1413394907.305760145 -1.94056 1.20613 0.44524 -0.49049 0.5182 0.55097 0.4328
1413394907.405760527 -1.91299 1.11941 0.43093 -0.45055 0.56775 0.5799 0.372
1413394907.505760431 -1.87775 1.0279 0.4137 -0.42593 0.62344 0.5827 0.30061
1413394907.605760574 -1.82858 0.95095 0.39359 -0.40311 0.66347 0.57498 0.25828
1413394907.705760479 -1.75839 0.90459 0.37336 -0.38016 0.67338 0.57324 0.27098
1413394907.805760145 -1.67059 0.88742 0.35996 -0.37766 0.64309 0.57043 0.34411
1413394907.905760527 -1.57614 0.88184 0.3411 -0.3946 0.59689 0.55554 0.42355
1413394908.005760431 -1.48989 0.87477 0.31235 -0.41534 0.56014 0.53776 0.47387
1413394908.105760574 -1.41616 0.86867 0.27462 -0.42106 0.54888 0.53389 0.48621
1413394908.205760479 -1.33759 0.84548 0.23324 -0.398 0.56861 0.55807 0.45479
1413394908.305760145 -1.27687 0.80108 0.18429 -0.35975 0.59546 0.5868 0.41433
1413394908.405760527 -1.22391 0.77508 0.14464 -0.33156 0.61777 0.60668 0.37466
1413394908.505760431 -1.17551 0.77629 0.1216 -0.32191 0.63597 0.61285 0.34106
1413394908.605760574 -1.12807 0.81514 0.1311 -0.3363 0.62523 0.61026 0.35154
1413394908.705760479 -1.12572 0.92193 0.16657 -0.37542 0.58905 0.59311 0.40038
1413394908.805760145 -1.09391 0.97593 0.20616 -0.41792 0.54725 0.56949 0.44893
1413394908.905760527 -1.07208 1.02345 0.24974 -0.45466 0.51606 0.54523 0.47926
1413394909.005760431 -1.05601 1.03373 0.31082 -0.48835 0.50196 0.52302 0.4858
1413394909.105760574 -1.04314 1.02611 0.36551 -0.48583 0.52235 0.53095 0.4574
1413394909.205760479 -1.0254 1.00154 0.4139 -0.45442 0.56033 0.55504 0.41408
1413394909.305760145 -0.98474 0.98818 0.44621 -0.40852 0.6002 0.57619 0.37533
1413394909.405760527 -0.95064 0.96549 0.47753 -0.3786 0.63494 0.57289 0.35399
1413394909.505760431 -0.91422 0.94901 0.50869 -0.37307 0.654 0.54841 0.36379
1413394909.605760574 -0.86941 0.9584 0.53742 -0.38853 0.65919 0.51141 0.39112
1413394909.705760479 -0.81498 0.96307 0.5719 -0.40473 0.65323 0.47917 0.42412
1413394909.805760145 -0.75235 0.96255 0.61232 -0.41523 0.63073 0.45701 0.47001
1413394909.905760527 -0.6871 0.95011 0.65526 -0.42176 0.6065 0.44226 0.50861
1413394910.005760431 -0.62196 0.92294 0.6829 -0.40183 0.60805 0.45598 0.51076
1413394910.105760574 -0.5636 0.87889 0.7005 -0.36474 0.63065 0.4844 0.48436
1413394910.205760479 -0.51841 0.83023 0.69847 -0.33302 0.65943 0.50682 0.44428
1413394910.305760145 -0.4829 0.78809 0.69152 -0.30835 0.68327 0.52308 0.40551
1413394910.405760527 -0.45487 0.75792 0.67445 -0.29493 0.69795 0.53173 0.37834
1413394910.505760431 -0.41764 0.74348 0.65728 -0.29454 0.69737 0.53443 0.37591
1413394910.605760574 -0.35596 0.74336 0.64907 -0.32352 0.66806 0.52343 0.41838
1413394910.705760479 -0.3034 0.76546 0.64154 -0.36878 0.62717 0.49742 0.47247
1413394910.805760145 -0.25187 0.7829 0.63223 -0.41041 0.59557 0.46992 0.506
1413394910.905760527 -0.2035 0.78173 0.62025 -0.43751 0.58025 0.45317 0.51626
1413394911.005760431 -0.46477 0.76325 0.63028 -0.41254 0.60139 0.41243 0.54594
1413394911.105760574 -0.17848 0.68577 0.58647 -0.41828 0.6135 0.45065 0.49556
1413394911.205760479 -0.14057 0.61748 0.56084 -0.36802 0.64482 0.4887 0.4582
1413394911.305760145 -0.10155 0.5473 0.5329 -0.32584 0.67086 0.51504 0.4225
1413394911.405760527 -0.06088 0.48795 0.50042 -0.29627 0.68863 0.52826 0.39869
1413394911.505760431 -0.02086 0.44762 0.46403 -0.28282 0.69598 0.53213 0.39045
1413394911.605760574 0.02018 0.4268 0.42607 -0.29166 0.68997 0.52112 0.40903
1413394911.705760479 0.0649 0.42557 0.39275 -0.32177 0.6653 0.4954 0.45653
1413394911.805760145 0.10597 0.42484 0.3656 -0.35588 0.63166 0.46659 0.50661
1413394911.905760527 0.13145 0.41853 0.353 -0.37543 0.6093 0.44473 0.53853
1413394912.005760431 0.14603 0.39146 0.34241 -0.36362 0.61961 0.44876 0.53148
1413394912.105760574 0.15697 0.35533 0.34147 -0.33211 0.65441 0.46856 0.49183
1413394912.205760479 0.16297 0.31484 0.33936 -0.29774 0.68737 0.48192 0.45456
1413394912.305760145 0.16378 0.2828 0.34597 -0.27124 0.70978 0.48149 0.43681
1413394912.405760527 0.16933 0.26559 0.35458 -0.25538 0.72634 0.4682 0.43358
1413394912.505760431 0.1781 0.27219 0.37126 -0.25133 0.73915 0.44273 0.441
1413394912.605760574 0.18946 0.29671 0.39716 -0.25986 0.74283 0.408 0.46282
1413394912.705760479 0.20627 0.33431 0.42034 -0.26955 0.74333 0.37129 0.48678
1413394912.805760145 0.22819 0.37345 0.44509 -0.27199 0.74654 0.34198 0.50175
1413394912.905760527 0.25072 0.4126 0.46847 -0.26659 0.74999 0.32527 0.51054
1413394913.005760431 0.279 0.44822 0.49267 -0.24748 0.74949 0.32605 0.5203
1413394913.105760574 0.30687 0.48586 0.51698 -0.23182 0.74702 0.32967 0.52871
1413394913.205760479 0.33312 0.52212 0.54326 -0.22746 0.74323 0.33631 0.53175
1413394913.305760145 0.35309 0.56386 0.56851 -0.23568 0.73387 0.34901 0.53299
1413394913.405760527 0.36494 0.60745 0.59435 -0.25246 0.71752 0.36867 0.53434
1413394913.505760431 0.36933 0.65231 0.6111 -0.26876 0.6975 0.39913 0.53099
1413394913.605760574 0.36737 0.69621 0.61663 -0.27967 0.67246 0.43832 0.52674
1413394913.705760479 0.35483 0.73997 0.60973 -0.28993 0.64859 0.47947 0.51515
1413394913.805760145 0.3295 0.78465 0.58794 -0.30717 0.63271 0.51581 0.48915
1413394913.905760527 0.29444 0.83519 0.55504 -0.33441 0.62135 0.54189 0.45656
1413394914.005760431 0.25051 0.88826 0.51594 -0.36554 0.60647 0.56133 0.42835
1413394914.105760574 0.20273 0.94872 0.47362 -0.38939 0.58501 0.58197 0.4092
1413394914.205760479 0.15293 1.01158 0.43853 -0.4048 0.55501 0.6072 0.39926
1413394914.305760145 0.09655 1.07347 0.41829 -0.41742 0.52282 0.63302 0.38949
1413394914.405760527 0.03134 1.13445 0.41368 -0.4289 0.49044 0.65676 0.37971
1413394914.505760431 -0.04317 1.19435 0.4244 -0.44098 0.4614 0.67573 0.36884
1413394914.605760574 -0.1273 1.25329 0.44101 -0.45648 0.4465 0.68594 0.34893
1413394914.705760479 -0.21802 1.30839 0.45126 -0.47302 0.43744 0.69108 0.32758
1413394914.805760145 -0.31287 1.36064 0.45233 -0.48731 0.42752 0.69614 0.30845
1413394914.905760527 -0.40809 1.40953 0.44272 -0.49498 0.41131 0.70447 0.29924
1413394915.005760431 -0.50285 1.45182 0.42063 0.50124 -0.3883 -0.71369 -0.29771
1413394915.105760574 -0.60048 1.48556 0.39271 0.50768 -0.35649 -0.72454 -0.30037
1413394915.205760479 -0.70181 1.50758 0.36728 0.50935 -0.32149 -0.74049 -0.29813
1413394915.305760145 -0.81293 1.5207 0.34605 0.51308 -0.28558 -0.75547 -0.29061
1413394915.405760527 -0.93369 1.51945 0.32834 0.52113 -0.25123 -0.76621 -0.2797
1413394915.505760431 -1.0631 1.50196 0.31418 0.53199 -0.21822 -0.77364 -0.26619
1413394915.605760574 -1.20108 1.46461 0.30401 0.55658 -0.19377 -0.77374 -0.23239
1413394915.705760479 -1.34152 1.40962 0.29561 0.58504 -0.17528 -0.77079 -0.18136
1413394915.805760145 -1.4792 1.34527 0.29082 0.60869 -0.14698 -0.7673 -0.13836
1413394915.905760527 -1.6083 1.27341 0.29071 0.63037 -0.11134 -0.76086 -0.10638
1413394916.005760431 -1.72243 1.19504 0.29163 0.64131 -0.07788 -0.75927 -0.07852
1413394916.105760574 -1.82009 1.1114 0.29453 0.64731 -0.0506 -0.75876 -0.05214
1413394916.205760479 -1.89981 1.02294 0.29763 0.63529 -0.02782 -0.7712 -0.02964
1413394916.305760145 -1.96521 0.93067 0.30193 0.61265 -0.0064 -0.79027 -0.00912
1413394916.405760527 -2.01924 0.83791 0.3066 0.59475 0.00644 -0.80348 0.02545
1413394916.505760431 -2.06558 0.74708 0.3011 0.58062 0.01119 -0.81078 0.07339
1413394916.605760574 -2.1152 0.66462 0.28678 0.57889 0.01276 -0.8051 0.12857
1413394916.705760479 -2.16096 0.59986 0.26134 0.57531 0.02785 -0.79819 0.17647
1413394916.855760574 -2.23474 0.54301 0.20693 0.55713 0.09338 -0.80001 0.20218
1413394917.055760384 -2.34421 0.52991 0.10351 0.53202 0.20716 -0.79659 0.19872
1413394917.255760431 -2.47642 0.53843 0.0016 0.50476 0.31532 -0.77834 0.19994
1413394917.455760479 -2.59542 0.50459 -0.09582 -0.48599 -0.37464 0.75945 -0.21609
1413394917.655760527 -2.76068 0.44217 -0.16287 0.5036 0.40436 -0.7318 0.21759
1413394917.855760574 -2.91014 0.31554 -0.19684 0.52711 0.42002 -0.7107 0.20162
1413394918.055760384 -2.99921 0.13353 -0.20103 0.52792 0.44345 -0.69593 0.20085
1413394918.255760431 -3.02961 -0.09818 -0.2266 -0.4915 -0.43803 0.70257 -0.27009
1413394918.455760479 -3.04641 -0.35185 -0.24767 -0.43731 -0.43222 0.71165 -0.33986
1413394918.655760527 -3.11065 -0.61398 -0.25704 -0.42636 -0.46645 0.68331 -0.3657
1413394918.855760574 -3.21187 -0.87309 -0.25982 -0.44574 -0.51923 0.63251 -0.36281
1413394919.055760384 -3.3066 -1.12359 -0.2235 -0.46421 -0.53845 0.58404 -0.39176
1413394919.255760431 -3.36963 -1.3282 -0.12773 0.44962 0.55191 -0.5471 0.44035
1413394919.455760479 -3.41282 -1.48021 0.00747 0.45168 0.5888 -0.48642 0.4612
1413394919.655760527 -3.41895 -1.56064 0.1325 0.40621 0.64964 -0.46121 0.4475
1413394919.855760574 -3.38786 -1.6003 0.22052 0.31559 0.6883 -0.46495 0.45876
1413394920.055760384 -3.33188 -1.66088 0.27522 0.25236 0.72821 -0.42907 0.47109
1413394920.255760431 -3.26653 -1.75691 0.28201 0.20568 0.76894 -0.36674 0.48159
1413394920.455760479 -3.17774 -1.87312 0.25612 0.19882 0.79156 -0.28584 0.5022
1413394920.655760527 -3.05791 -1.99044 0.22997 0.21313 0.8013 -0.21782 0.51482
1413394920.855760574 -2.89143 -2.07874 0.21336 0.21034 0.80861 -0.20076 0.51147
1413394921.055760384 -2.67654 -2.14142 0.19059 0.18943 0.80739 -0.2232 0.51227
1413394921.255760431 -2.42846 -2.1948 0.14356 0.15954 0.78515 -0.2651 0.53648
1413394921.455760479 -2.17843 -2.26324 0.05058 0.09636 0.76509 -0.33297 0.54267
1413394921.655760527 -1.96053 -2.39447 -0.06919 0.14185 0.77244 -0.31983 0.53002
1413394921.855760574 -1.74619 -2.55777 -0.17662 0.2114 0.76818 -0.2697 0.54081
1413394922.055760384 -1.53915 -2.69936 -0.2596 0.17767 0.74555 -0.24118 0.59533
1413394922.255760431 -1.40016 -2.8229 -0.29222 0.13656 0.77114 -0.18759 0.59288
1413394922.455760479 -1.23179 -2.92157 -0.25244 0.13598 0.80824 -0.12645 0.55881
1413394922.655760527 -1.07577 -2.99073 -0.14733 0.09816 0.81441 -0.12161 0.55884
1413394922.855760574 -0.8961 -3.05309 -0.03508 0.07254 0.82409 -0.12873 0.54685
1413394923.055760384 -0.71111 -3.1222 0.0794 0.07002 0.83252 -0.13009 0.53392
1413394923.255760431 -0.50346 -3.19947 0.16785 0.09537 0.82596 -0.11533 0.5435
1413394923.455760479 -0.2569 -3.27028 0.24948 0.09029 0.82457 -0.11259 0.54705
1413394923.655760527 0.01782 -3.32331 0.32724 0.06305 0.83536 -0.08593 0.53927
1413394923.855760574 0.31182 -3.36644 0.37949 0.04808 0.82818 -0.02376 0.55789
1413394924.055760384 0.61547 -3.38214 0.38282 0.01479 0.81999 0.03333 0.57121
1413394924.255760431 0.90626 -3.36714 0.36872 -0.04846 0.81553 0.07551 0.57172
1413394924.455760479 1.19016 -3.33761 0.37047 -0.10836 0.80911 0.12269 0.5644
1413394924.655760527 1.47486 -3.31636 0.37974 -0.13995 0.79472 0.18848 0.55974
1413394924.855760574 1.75081 -3.29461 0.39973 -0.15876 0.76436 0.2626 0.56708
1413394924.955760479 1.87906 -3.28108 0.41147 -0.16202 0.74392 0.29548 0.57708
1413394925.055760384 1.99486 -3.26162 0.42909 -0.15924 0.72624 0.32099 0.58668
1413394925.155760527 2.08641 -3.23235 0.44575 -0.15971 0.72459 0.34053 0.57749
1413394925.255760431 2.1573 -3.19454 0.46421 -0.15767 0.72381 0.36183 0.56597
1413394925.355760574 2.19685 -3.14626 0.48371 -0.15591 0.72022 0.37889 0.55984
1413394925.455760479 2.2238 -3.08319 0.49102 -0.16497 0.72064 0.38205 0.55453
1413394925.555760384 2.22622 -3.00654 0.49028 -0.17722 0.72349 0.3785 0.54944
1413394925.655760527 2.2373 -2.92324 0.48013 -0.18962 0.72576 0.37576 0.54417
1413394925.755760431 2.23825 -2.82969 0.46433 -0.21401 0.73386 0.36155 0.5338
1413394925.855760574 2.23437 -2.73113 0.45293 -0.23197 0.74084 0.34857 0.52521
1413394925.955760479 2.22712 -2.63157 0.44403 -0.242 0.7437 0.34427 0.51945
1413394926.055760384 2.22135 -2.53059 0.43664 -0.24119 0.74131 0.35263 0.51763
1413394926.155760527 2.21561 -2.42679 0.42833 -0.23314 0.73717 0.36545 0.51834
1413394926.255760431 2.20436 -2.32191 0.41952 -0.22555 0.73396 0.3759 0.51879
1413394926.355760574 2.19276 -2.20898 0.41277 -0.23001 0.73839 0.37624 0.51021
1413394926.455760479 2.17842 -2.09023 0.40634 -0.23528 0.74335 0.37566 0.50094
1413394926.555760384 2.16516 -1.96421 0.40251 -0.24798 0.74162 0.37936 0.49456
1413394926.655760527 2.15253 -1.83069 0.40009 -0.27309 0.7348 0.38725 0.48531
1413394926.755760431 2.14266 -1.69339 0.39853 -0.31133 0.72625 0.39504 0.46859
1413394926.855760574 2.13986 -1.55787 0.39897 -0.35282 0.71712 0.40382 0.4452
1413394926.955760479 2.14886 -1.4281 0.39779 -0.38426 0.70568 0.41757 0.42425
1413394927.055760384 2.17753 -1.30567 0.3891 -0.3978 0.69113 0.43674 0.41635
1413394927.155760527 2.22298 -1.19643 0.37081 -0.38557 0.66893 0.46806 0.42987
1413394927.255760431 2.2753 -1.08771 0.35067 -0.36951 0.64842 0.49369 0.44641
1413394927.355760574 2.32156 -0.964 0.31209 -0.35555 0.63907 0.50822 0.45485
1413394927.455760479 2.38066 -0.88691 0.34302 -0.35499 0.63825 0.51509 0.44867
1413394927.555760384 2.4305 -0.78193 0.36265 -0.35514 0.64272 0.51594 0.44113
1413394927.655760527 2.47619 -0.68319 0.39784 -0.35767 0.64429 0.51457 0.43839
1413394927.755760431 2.52892 -0.5467 0.42197 -0.35989 0.64324 0.5152 0.43737
1413394927.855760574 2.56395 -0.47421 0.46688 -0.36052 0.6369 0.51918 0.44141
1413394927.955760479 2.60519 -0.36943 0.48678 -0.36082 0.63603 0.52071 0.44061
1413394928.055760384 2.64524 -0.2613 0.4985 -0.36151 0.63226 0.52135 0.44468
1413394928.155760527 2.6843 -0.15266 0.50348 -0.35868 0.62047 0.52414 0.46005
1413394928.255760431 2.71637 -0.04912 0.50427 -0.36029 0.6066 0.52271 0.47854
1413394928.355760574 2.73998 0.05308 0.505 -0.36339 0.59718 0.51877 0.49213
1413394928.455760479 2.75249 0.14537 0.50541 -0.37052 0.60201 0.51265 0.48733
1413394928.555760384 2.75604 0.23183 0.50904 -0.37865 0.61391 0.50537 0.47365
1413394928.655760527 2.75808 0.31731 0.51702 -0.38154 0.62308 0.50124 0.46364
1413394928.755760431 2.75626 0.39495 0.52668 -0.3801 0.62766 0.49962 0.46038
1413394928.855760574 2.75435 0.46677 0.53287 -0.37476 0.62787 0.50115 0.4628
1413394928.955760479 2.74952 0.53719 0.52894 -0.36693 0.6257 0.50443 0.46841
1413394929.055760384 2.74185 0.60446 0.51652 -0.36626 0.62558 0.50341 0.4702
1413394929.155760527 2.72874 0.66703 0.50048 -0.37268 0.62146 0.49761 0.47673
1413394929.255760431 2.7121 0.72667 0.48785 -0.38209 0.61934 0.49035 0.47957
1413394929.355760574 2.69269 0.77564 0.4789 -0.39367 0.62122 0.48213 0.47609
1413394929.455760479 2.6739 0.81462 0.47289 -0.39684 0.62629 0.48004 0.46887
1413394929.555760384 2.65603 0.84482 0.46935 -0.38924 0.63814 0.48576 0.45311
1413394929.655760527 2.64097 0.86843 0.46471 -0.37709 0.64763 0.49336 0.44157
1413394929.755760431 2.62954 0.89167 0.46333 -0.36605 0.64905 0.49996 0.44134
1413394929.855760574 2.6211 0.91484 0.4556 -0.36167 0.64651 0.50219 0.44612
1413394929.955760479 2.61326 0.93809 0.44028 -0.36645 0.64048 0.49805 0.45547
1413394930.055760384 2.60532 0.95964 0.41676 -0.37225 0.63193 0.49317 0.46784
1413394930.155760527 2.59465 0.97568 0.38827 -0.37642 0.6239 0.48916 0.47935
1413394930.255760431 2.57997 0.98531 0.3644 -0.38421 0.61473 0.48279 0.49133
1413394930.355760574 2.56135 0.98636 0.34496 -0.39804 0.61571 0.47259 0.48901
1413394930.455760479 2.54176 0.97575 0.32167 -0.39003 0.63919 0.47882 0.45831
1413394930.555760384 2.52563 0.95868 0.2934 -0.36724 0.67166 0.49338 0.41302
1413394930.655760527 2.5164 0.94363 0.25471 -0.34243 0.69941 0.5056 0.37139
1413394930.755760431 2.51891 0.94386 0.21377 -0.31998 0.70209 0.51911 0.3677
1413394930.855760574 2.5325 0.96568 0.17741 -0.32086 0.68116 0.52007 0.40323
1413394930.955760479 2.549 1.00177 0.14626 -0.34059 0.65261 0.50734 0.44799
1413394931.055760384 2.56266 1.04144 0.12305 -0.36068 0.62925 0.49205 0.48149
1413394931.155760527 2.57027 1.0743 0.11085 -0.36949 0.61831 0.4837 0.4972
1413394931.255760431 2.57069 1.09563 0.11416 -0.37455 0.61355 0.47795 0.50481
1413394931.355760574 2.56371 1.106 0.14576 -0.38163 0.60685 0.47022 0.51477
1413394931.455760479 2.54844 1.10073 0.18391 -0.37989 0.61262 0.47009 0.5093
1413394931.555760384 2.52734 1.08482 0.2113 -0.35996 0.63185 0.48295 0.4878
1413394931.655760527 2.49991 1.06203 0.22865 -0.34309 0.64216 0.49631 0.47286
1413394931.755760431 2.46578 1.03857 0.23885 -0.32963 0.63693 0.51651 0.46785
1413394931.855760574 2.42404 1.02099 0.24312 -0.32532 0.62142 0.541 0.46402
1413394931.955760479 2.37107 1.01141 0.23992 -0.34216 0.60737 0.55965 0.44814
1413394932.055760384 2.30721 1.00687 0.24221 -0.37532 0.58668 0.57331 0.43157
1413394932.155760527 2.23686 1.00528 0.26029 -0.41674 0.56019 0.58415 0.41386
1413394932.255760431 2.16391 1.00346 0.29261 -0.45751 0.53578 0.59381 0.38859
1413394932.355760574 2.09522 0.99927 0.33505 -0.49207 0.50623 0.60567 0.36711
1413394932.455760479 2.03284 0.98828 0.37756 0.51792 -0.47057 -0.61968 -0.35541
1413394932.555760384 1.97581 0.9653 0.40933 0.53707 -0.43524 -0.63457 -0.34559
1413394932.655760527 1.92634 0.93104 0.42676 0.54842 -0.40424 -0.65216 -0.33243
1413394932.755760431 1.88525 0.88483 0.43485 0.55063 -0.37993 -0.67402 -0.3133
1413394932.855760574 1.85116 0.82902 0.44199 0.54146 -0.3651 -0.70116 -0.28617
1413394932.955760479 1.82029 0.76652 0.4506 0.53061 -0.35356 -0.72548 -0.25908
1413394933.055760384 1.79059 0.70377 0.45506 0.52608 -0.34034 -0.74291 -0.23557
1413394933.155760527 1.75969 0.6438 0.45079 0.52741 -0.32151 -0.75572 -0.2176
1413394933.255760431 1.72957 0.58682 0.43788 0.53658 -0.29979 -0.76255 -0.20183
1413394933.355760574 1.70084 0.53111 0.41377 0.54648 -0.27558 -0.76761 -0.19022
1413394933.455760479 1.67184 0.48011 0.38005 0.55535 -0.25331 -0.77172 -0.17852
1413394933.555760384 1.64227 0.4269 0.33717 0.56246 -0.23326 -0.77576 -0.16563
1413394933.655760527 1.61316 0.37507 0.29273 0.57331 -0.21233 -0.77649 -0.15265
1413394933.755760431 1.58791 0.32635 0.25258 0.58777 -0.1919 -0.77315 -0.1412
1413394933.855760574 1.56426 0.27935 0.21562 0.59556 -0.17685 -0.77238 -0.13209
1413394933.955760479 1.54863 0.22482 0.17917 0.58832 -0.16235 -0.78295 -0.12043
1413394934.055760384 1.53463 0.17037 0.14627 0.57804 -0.14582 -0.79603 -0.10462
1413394934.155760527 1.51896 0.11387 0.12137 0.58539 -0.1244 -0.79619 -0.0891
1413394934.255760431 1.50567 0.05651 0.09379 0.59725 -0.09967 -0.7925 -0.07283
1413394934.355760574 1.49831 -0.00102 0.05332 0.59787 -0.07356 -0.79651 -0.05207
1413394934.455760479 1.49307 -0.0593 0.00087 0.59064 -0.05352 -0.80477 -0.02498
1413394934.555760384 1.49166 -0.11357 -0.06204 0.58493 -0.0351 -0.81028 -0.0088
1413394934.655760527 1.49093 -0.16512 -0.12558 0.58158 -0.01694 -0.8133 -0.00322
1413394934.755760431 1.49473 -0.21383 -0.17642 0.58215 -0.00709 -0.81304 0.00404
1413394934.855760574 1.49853 -0.26362 -0.21049 0.58491 -0.00251 -0.81105 0.00823
1413394934.955760479 1.49881 -0.30509 -0.2239 0.58624 -0.00063 -0.81007 0.01052
1413394935.055760384 1.49958 -0.34066 -0.2182 0.59153 -0.00179 -0.80619 0.01214
1413394935.155760527 1.50286 -0.37634 -0.20773 0.59855 -0.00978 -0.80094 0.01199
1413394935.255760431 1.51143 -0.40805 -0.20269 0.60456 -0.02005 -0.79628 0.00604
1413394935.355760574 1.52475 -0.4396 -0.20866 0.61216 -0.02715 -0.79026 -0.00323
1413394935.455760479 1.54283 -0.47019 -0.22621 0.6149 -0.03171 -0.78786 -0.01296
1413394935.555760384 1.56699 -0.49952 -0.25436 0.60618 -0.03549 -0.79425 -0.02101
1413394935.655760527 1.5976 -0.53005 -0.2862 0.59732 -0.03934 -0.80058 -0.02714
1413394935.755760431 1.63107 -0.56082 -0.30527 0.59456 -0.04231 -0.80228 -0.03235
1413394935.855760574 1.66566 -0.59291 -0.3105 0.5965 -0.04501 -0.80058 -0.03511
1413394935.955760479 1.70488 -0.62633 -0.31131 0.59289 -0.04833 -0.80301 -0.03625
1413394936.055760384 1.74553 -0.65902 -0.3234 0.57866 -0.04655 -0.8135 -0.03455
1413394936.205760479 1.80633 -0.71552 -0.36319 0.55518 -0.02525 -0.83117 -0.01724
1413394936.305760145 1.83912 -0.7555 -0.39375 0.56188 0.0065 -0.82719 0.00122
1413394936.505760431 1.89442 -0.84749 -0.44701 0.58285 0.09958 -0.80474 0.05254
1413394936.705760479 1.95448 -0.95575 -0.48519 0.57036 0.19166 -0.79164 0.10618
1413394936.905760527 2.02309 -1.08057 -0.50842 0.55101 0.25565 -0.77992 0.15084
1413394937.105760574 2.09736 -1.22347 -0.52973 0.52473 0.32056 -0.76616 0.1868
1413394937.255760431 2.1538 -1.34813 -0.5441 0.50591 0.361 -0.75306 0.21594
1413394937.355760574 2.18835 -1.43879 -0.55207 -0.4915 -0.37401 0.74987 -0.23714
1413394937.555760384 2.23719 -1.63149 -0.56838 -0.4856 -0.38544 0.74054 -0.25928
1413394937.755760431 2.24636 -1.83687 -0.56839 -0.4913 -0.38064 0.73581 -0.26893
1413394937.955760479 2.21054 -2.03579 -0.55537 -0.49183 -0.3561 0.74722 -0.27012
1413394938.155760527 2.17138 -2.21949 -0.51829 -0.48016 -0.31921 0.77169 -0.26841
1413394938.355760574 2.0818 -2.40458 -0.42786 -0.49408 -0.29526 0.78039 -0.24432
1413394938.555760384 1.9435 -2.59093 -0.29705 0.52724 0.27072 -0.7779 0.20879
1413394938.755760431 1.79476 -2.76549 -0.20126 0.53355 0.23253 -0.79714 0.16069
1413394938.955760479 1.63586 -2.92729 -0.15128 0.53465 0.14947 -0.81918 0.14408
1413394939.155760527 1.4531 -3.06793 -0.14085 0.55264 0.04404 -0.8217 0.13211
1413394939.355760574 1.26533 -3.15259 -0.15576 0.56546 -0.01298 -0.82106 0.07714
1413394939.555760384 1.06824 -3.20439 -0.1541 0.5735 -0.00947 -0.81913 0.00516
1413394939.755760431 0.86345 -3.24686 -0.10453 0.57855 -0.04729 -0.81416 0.01335
1413394939.955760479 0.66405 -3.25531 -0.04243 0.56735 -0.08886 -0.81862 0.00946
1413394940.155760527 0.46411 -3.2285 -0.01823 0.5455 -0.10048 -0.831 -0.04211
1413394940.355760574 0.24495 -3.1839 -0.03396 0.55795 -0.15272 -0.81237 -0.07367
1413394940.555760384 0.01837 -3.12028 -0.07605 0.56175 -0.20822 -0.79141 -0.12147
1413394940.755760431 -0.20617 -3.04532 -0.09995 0.5425 -0.23272 -0.78392 -0.19235
1413394940.955760479 -0.44351 -2.99979 -0.08002 0.54092 -0.26635 -0.77431 -0.19212
1413394941.055760384 -0.56205 -2.98171 -0.05533 0.53779 -0.29302 -0.77142 -0.17275
1413394941.205760479 -0.72984 -2.94075 -0.01434 0.52688 -0.33299 -0.76782 -0.14826
1413394941.405760527 -0.93867 -2.83201 0.05883 0.5095 -0.34885 -0.77222 -0.14963
1413394941.605760574 -1.15335 -2.66784 0.14405 -0.4971 0.31086 0.78262 0.20919
1413394941.755760431 -1.33999 -2.53062 0.20795 0.5017 -0.30642 -0.7739 -0.23557
1413394941.855760574 -1.47769 -2.43981 0.24909 0.51388 -0.32205 -0.76116 -0.22991
1413394941.955760479 -1.61825 -2.3497 0.28658 0.52997 -0.35308 -0.74444 -0.20071
1413394942.055760384 -1.75012 -2.25619 0.32315 0.54213 -0.38372 -0.72833 -0.1685
1413394942.155760527 -1.84765 -2.14952 0.36738 0.55107 -0.41226 -0.71219 -0.13838
1413394942.255760431 -1.92824 -2.02875 0.41769 0.55411 -0.43744 -0.69755 -0.12258
1413394942.355760574 -1.97956 -1.88674 0.47089 0.551 -0.45971 -0.68554 -0.12288
1413394942.455760479 -2.02362 -1.71221 0.52968 0.54412 -0.47686 -0.67548 -0.14233
1413394942.555760384 -2.03499 -1.52522 0.57719 0.53734 -0.49386 -0.66162 -0.17215
1413394942.655760527 -2.02746 -1.32483 0.60724 0.52925 -0.51225 -0.64433 -0.20575
1413394942.755760431 -2.0088 -1.11134 0.6194 0.5186 -0.52206 -0.62706 -0.25553
1413394942.855760574 -1.97168 -0.90067 0.61796 0.50349 -0.5136 -0.61107 -0.3306
1413394942.955760479 -1.92757 -0.69228 0.59485 -0.48501 0.49869 0.59215 0.40673
1413394943.055760384 -1.88113 -0.50356 0.55103 -0.46704 0.49574 0.56879 0.46107
1413394943.155760527 -1.84044 -0.33789 0.49641 -0.44902 0.50466 0.5435 0.4983
1413394943.255760431 -1.81048 -0.20277 0.42944 -0.43069 0.5191 0.51737 0.52666
1413394943.355760574 -1.79357 -0.08247 0.36489 -0.4126 0.53878 0.49191 0.54544
1413394943.455760479 -1.79423 0.0058 0.30956 -0.38896 0.5607 0.47205 0.55812
1413394943.555760384 -1.81661 0.07518 0.26692 -0.36057 0.58594 0.45772 0.56316
1413394943.655760527 -1.85908 0.11635 0.23391 -0.33283 0.61838 0.45042 0.55132
1413394943.755760431 -1.91656 0.13775 0.20747 -0.31859 0.64998 0.43939 0.53194
1413394943.855760574 -1.98525 0.1559 0.176 -0.32121 0.6709 0.4232 0.51732
1413394943.955760479 -2.05822 0.16646 0.14028 -0.33123 0.68693 0.4073 0.50251
1413394944.055760384 -2.12987 0.16893 0.10469 -0.32782 0.69422 0.4051 0.49647
1413394944.155760527 -2.20166 0.16339 0.07822 -0.31967 0.69601 0.40852 0.49648
1413394944.255760431 -2.27018 0.15588 0.05914 -0.31354 0.70057 0.40846 0.49403
1413394944.355760574 -2.33357 0.14683 0.04968 -0.30332 0.71042 0.40947 0.48543
1413394944.455760479 -2.39157 0.1417 0.05508 -0.28444 0.72251 0.41228 0.47655
1413394944.555760384 -2.44518 0.14038 0.05813 -0.2672 0.73936 0.40247 0.469
1413394944.655760527 -2.49175 0.14335 0.0489 -0.25188 0.7628 0.3808 0.45791
1413394944.755760431 -2.52587 0.15277 0.03029 -0.23101 0.78766 0.35452 0.44782
1413394944.855760574 -2.54668 0.17007 0.00409 -0.20927 0.80917 0.32224 0.44453
1413394944.955760479 -2.549 0.20016 -0.0268 -0.18752 0.82456 0.28547 0.45104
1413394945.055760384 -2.53255 0.23992 -0.05939 -0.16271 0.8302 0.24936 0.47128
1413394945.155760527 -2.50126 0.28831 -0.09437 -0.13335 0.83015 0.2153 0.4967
1413394945.255760431 -2.45371 0.34246 -0.12847 -0.10586 0.8277 0.18073 0.52062
1413394945.355760574 -2.39582 0.40377 -0.15679 -0.07809 0.8219 0.14684 0.54481
1413394945.455760479 -2.33462 0.4723 -0.1803 -0.06005 0.80857 0.10587 0.57567
1413394945.555760384 -2.2757 0.54265 -0.20281 -0.06118 0.80216 0.05064 0.59181
1413394945.655760527 -2.22283 0.6086 -0.22461 -0.05876 0.79955 -0.00403 0.5977
1413394945.755760431 -2.17421 0.66362 -0.24228 -0.04898 0.79852 -0.05569 0.59739
1413394945.855760574 -2.1295 0.70461 -0.25847 -0.03074 0.79594 -0.10519 0.59538
1413394945.955760479 -2.09322 0.72765 -0.27408 -0.00738 0.79026 -0.15485 0.59284
1413394946.055760384 -2.06469 0.73383 -0.28485 0.0352 0.78491 -0.19337 0.58761
1413394946.205760479 -2.03994 0.7154 -0.29135 0.10482 0.77102 -0.24745 0.57732
1413394946.355760574 -1.97948 0.73687 -0.29312 0.1558 0.7472 -0.31418 0.56455
1413394946.555760384 -2.05804 0.61888 -0.30973 0.20473 0.70501 -0.40721 0.54335
1413394946.755760431 -2.13173 0.51486 -0.29168 0.2975 0.65778 -0.46468 0.51273
1413394946.955760479 -2.23029 0.4283 -0.28493 0.37743 0.60052 -0.52571 0.46964
1413394947.155760527 -2.33928 0.36466 -0.26308 -0.4385 -0.53899 0.58775 -0.41444
1413394947.355760574 -2.43404 0.3131 -0.18564 -0.48092 -0.47956 0.6408 -0.35792
1413394947.555760384 -2.51965 0.26348 -0.05236 0.50049 0.44142 -0.66775 0.3298
1413394947.755760431 -2.56316 0.24542 0.07345 -0.4614 -0.45441 0.70386 -0.29188
1413394947.955760479 -2.56943 0.22362 0.16998 -0.42505 -0.49113 0.70255 -0.29078
1413394948.155760527 -2.6116 0.09633 0.2744 -0.39329 -0.53592 0.68173 -0.30555
1413394948.355760574 -2.67602 -0.0941 0.3658 -0.42744 -0.54824 0.63054 -0.34516
1413394948.555760384 -2.73018 -0.3022 0.43305 -0.49821 -0.51335 0.56226 -0.41488
1413394948.755760431 -2.75224 -0.43722 0.49545 0.52908 0.48748 -0.53292 0.44545
1413394948.955760479 -2.71709 -0.45093 0.55202 -0.48829 -0.51642 0.57758 -0.4016
1413394949.155760527 -2.65774 -0.39402 0.57299 -0.41335 -0.56054 0.6401 -0.32436
1413394949.355760574 -2.58401 -0.39485 0.55779 -0.37353 -0.5762 0.66932 -0.28369
1413394949.555760384 -2.51467 -0.50497 0.55231 -0.41041 -0.5582 0.65096 -0.31021
1413394949.755760431 -2.43275 -0.66982 0.57383 -0.49417 -0.50703 0.59179 -0.38535
1413394949.955760479 -2.32237 -0.79959 0.58719 -0.49114 -0.48775 0.5852 -0.42241
1413394950.155760527 -2.20047 -0.85765 0.60058 -0.44262 -0.49721 0.58965 -0.45736
1413394950.355760574 -2.11401 -0.85472 0.60676 -0.37024 -0.55982 0.61515 -0.41366
1413394950.555760384 -2.06877 -0.87674 0.62052 -0.35427 -0.61363 0.6146 -0.34673
1413394950.755760431 -2.02071 -0.97301 0.65613 0.39023 0.61031 -0.58495 0.36479
1413394950.955760479 -1.95114 -1.118 0.71481 0.45814 0.56898 -0.50542 0.45925
1413394951.155760527 -1.84829 -1.18747 0.77186 0.46429 0.55513 -0.44586 0.52676
1413394951.355760574 -1.74409 -1.13278 0.82015 0.37099 0.61679 -0.47038 0.51057
1413394951.555760384 -1.66511 -1.02923 0.86904 0.26829 0.69782 -0.52107 0.41177
1413394951.755760431 -1.58525 -1.00679 0.94244 0.22845 0.72106 -0.54654 0.3594
1413394951.955760479 -1.47631 -1.13079 1.0563 0.30699 0.68694 -0.5065 0.42111
1413394952.155760527 -1.35906 -1.31013 1.16661 0.37875 0.6266 -0.45868 0.50351
1413394952.355760574 -1.22959 -1.44016 1.20647 0.35234 0.63425 -0.47362 0.49927
1413394952.555760384 -1.12667 -1.53515 1.21397 0.28941 0.66904 -0.48958 0.47849
1413394952.755760431 -1.0373 -1.64872 1.27088 0.30514 0.691 -0.45596 0.47065
1413394952.955760479 -0.9644 -1.74781 1.353 0.34636 0.65506 -0.40937 0.5323
1413394953.155760527 -0.89172 -1.83098 1.36762 0.36935 0.62247 -0.38075 0.57544
1413394953.355760574 -0.846 -1.81645 1.41275 0.38386 0.60145 -0.36935 0.59539
1413394953.555760384 -0.88463 -1.62579 1.47699 0.34896 0.65211 -0.40934 0.53424
1413394953.755760431 -0.88322 -1.44631 1.40068 0.28928 0.7221 -0.46122 0.4268
1413394953.955760479 -0.84961 -1.30255 1.23478 0.27576 0.73635 -0.47244 0.39818
1413394954.155760527 -0.7826 -1.21359 1.04796 0.32715 0.69289 -0.43303 0.47472
1413394954.355760574 -0.70497 -1.11595 0.87558 0.36736 0.64528 -0.39254 0.54274
1413394954.555760384 -0.64835 -0.94942 0.75027 0.33812 0.65994 -0.41541 0.52687
1413394954.755760431 -0.61619 -0.7019 0.64026 0.25484 0.71409 -0.48692 0.43363
1413394954.955760479 -0.5636 -0.54893 0.52961 0.26698 0.71547 -0.49326 0.41657
1413394955.155760527 -0.48307 -0.46183 0.41676 0.3282 0.68227 -0.43212 0.48995
1413394955.355760574 -0.41128 -0.37435 0.3152 0.31116 0.67942 -0.37811 0.54644
1413394955.555760384 -0.34196 -0.24305 0.24915 0.17923 0.73363 -0.41135 0.51036
1413394955.755760431 -0.30859 -0.19687 0.24533 0.17001 0.78364 -0.39411 0.44908
1413394955.905760527 -0.26906 -0.20894 0.27516 0.21904 0.77949 -0.35999 0.46349
1413394956.005760431 -0.23299 -0.23704 0.29914 0.24314 0.75919 -0.34593 0.49482
1413394956.205760479 -0.12749 -0.32001 0.34714 0.27147 0.70734 -0.31559 0.57129
1413394956.405760527 -0.05483 -0.33428 0.40393 0.23333 0.70093 -0.28993 0.60844
1413394956.605760574 -0.01644 -0.30225 0.40862 0.17413 0.76643 -0.26254 0.55977
1413394956.705760479 -0.00093 -0.22621 0.37377 0.15356 0.80581 -0.25179 0.5135
1413394956.805760145 0.01236 -0.27099 0.39401 0.13779 0.83098 -0.24343 0.48086
1413394956.905760527 -0.0228 -0.30033 0.36453 0.1346 0.83139 -0.22814 0.4885
1413394957.005760431 0.03693 -0.3106 0.3557 0.1401 0.82042 -0.21847 0.50946
1413394957.105760574 0.09685 -0.32478 0.35458 0.14712 0.79995 -0.2105 0.54233
1413394957.205760479 0.15117 -0.34419 0.37236 0.15321 0.7717 -0.20424 0.58248
1413394957.305760145 0.19574 -0.35822 0.39631 0.15559 0.74192 -0.1993 0.62099
1413394957.405760527 0.23096 -0.36438 0.41816 0.15599 0.71258 -0.19608 0.65532
1413394957.505760431 0.24356 -0.36154 0.43758 0.14946 0.71042 -0.19907 0.65828
1413394957.605760574 0.24253 -0.35144 0.45498 0.13387 0.74144 -0.20619 0.62436
1413394957.705760479 0.2316 -0.34078 0.47215 0.12016 0.78229 -0.20669 0.57521
1413394957.805760145 0.22876 -0.33002 0.48263 0.10513 0.81833 -0.20342 0.52716
1413394957.905760527 0.22475 -0.32544 0.48917 0.09208 0.83069 -0.1946 0.51342
1413394958.005760431 0.23505 -0.32952 0.49447 0.07867 0.82383 -0.18005 0.5317
1413394958.105760574 0.25331 -0.34205 0.49944 0.06702 0.80034 -0.15776 0.57452
1413394958.205760479 0.26305 -0.35815 0.50224 0.05592 0.76989 -0.12888 0.62252
1413394958.305760145 0.26291 -0.37347 0.50615 0.04668 0.74618 -0.09755 0.65691
1413394958.405760527 0.2414 -0.38907 0.51268 0.03535 0.74274 -0.0702 0.66495
1413394958.505760431 0.19723 -0.40162 0.51259 0.0197 0.78232 -0.04957 0.62059
1413394958.605760574 0.14145 -0.41668 0.51121 0.00225 0.83156 -0.03248 0.55448
1413394958.705760479 0.08973 -0.43324 0.51223 -0.0132 0.86767 -0.01685 0.49668
1413394958.805760145 0.05683 -0.45155 0.51836 -0.02148 0.88297 0.00224 0.46893
1413394958.905760527 0.05071 -0.4705 0.53029 -0.02078 0.88112 0.02754 0.47163
1413394959.005760431 0.07371 -0.48859 0.54938 -0.01588 0.85851 0.05791 0.50928
1413394959.105760574 0.11382 -0.49985 0.57031 -0.02341 0.82583 0.07905 0.55786
1413394959.205760479 0.15647 -0.50414 0.59156 -0.04497 0.78968 0.08916 0.60534
1413394959.305760145 0.18995 -0.50375 0.61286 -0.06793 0.75469 0.09802 0.64516
1413394959.405760527 0.20646 -0.50527 0.62906 -0.08311 0.7564 0.11053 0.63932
1413394959.505760431 0.20573 -0.50911 0.64055 -0.09044 0.79486 0.12721 0.58638
1413394959.605760574 0.2009 -0.51046 0.65157 -0.09289 0.83645 0.14601 0.52001
1413394959.705760479 0.20732 -0.51031 0.66746 -0.09552 0.86056 0.16539 0.47219
1413394959.805760145 0.22877 -0.49573 0.68368 -0.09314 0.85878 0.19449 0.46475
1413394959.905760527 0.2773 -0.47073 0.69966 -0.09764 0.83231 0.22475 0.49721
1413394960.005760431 0.33495 -0.42981 0.70571 -0.12873 0.79401 0.23548 0.54547
1413394960.105760574 0.39053 -0.38457 0.70672 -0.16937 0.75005 0.24318 0.59127
1413394960.205760479 0.43566 -0.34099 0.70293 -0.20193 0.72125 0.25909 0.60984
1413394960.305760145 0.46408 -0.30396 0.69758 -0.22551 0.71432 0.28448 0.5983
1413394960.405760527 0.47661 -0.27496 0.6843 -0.23826 0.72467 0.3182 0.56289
1413394960.505760431 0.47807 -0.25151 0.65895 -0.2414 0.74324 0.35721 0.51158
1413394960.605760574 0.47908 -0.22794 0.62971 -0.24178 0.7585 0.3947 0.45873
1413394960.705760479 0.48794 -0.19244 0.60013 -0.24277 0.76 0.42785 0.42474
1413394960.805760145 0.50968 -0.13766 0.57878 -0.25699 0.73472 0.45085 0.4369
1413394960.905760527 0.53569 -0.07041 0.57024 -0.29129 0.69699 0.45159 0.47479
1413394961.005760431 0.56065 0.00128 0.56558 -0.32494 0.66354 0.44089 0.50965
1413394961.105760574 0.58357 0.06424 0.55581 -0.34477 0.64555 0.43243 0.52669
1413394961.205760479 0.62401 0.11383 0.534 -0.34491 0.65053 0.43945 0.51452
1413394961.305760145 0.58129 0.16555 0.54052 -0.30967 0.68221 0.45059 0.48544
1413394961.405760527 0.62448 0.20078 0.51392 -0.28755 0.70421 0.47292 0.44469
1413394961.505760431 0.6297 0.25878 0.50812 -0.26612 0.70114 0.48735 0.44728
1413394961.605760574 0.6363 0.33111 0.50796 -0.26847 0.67896 0.48812 0.47819
1413394961.705760479 0.63615 0.4103 0.51038 -0.29988 0.65646 0.46744 0.51053
1413394961.805760145 0.62904 0.48756 0.51314 -0.33697 0.63661 0.43934 0.5368
1413394961.905760527 0.6132 0.55367 0.51454 -0.36006 0.63009 0.41909 0.54562
1413394962.005760431 0.59488 0.60956 0.51778 -0.36654 0.63776 0.4124 0.53744
1413394962.105760574 0.5719 0.65199 0.51779 -0.34792 0.66285 0.425 0.50888
1413394962.205760479 0.54645 0.6884 0.51755 -0.32122 0.68368 0.44148 0.48425
1413394962.305760145 0.51804 0.72027 0.52273 -0.30356 0.69404 0.45089 0.47208
1413394962.405760527 0.49127 0.75748 0.53816 -0.3079 0.68121 0.4456 0.49254
1413394962.505760431 0.46025 0.79373 0.56148 -0.33353 0.64932 0.4253 0.53504
1413394962.605760574 0.42021 0.81779 0.58418 -0.35664 0.62632 0.40699 0.56114
1413394962.705760479 0.3696 0.82126 0.59991 -0.35747 0.63606 0.40888 0.54814
1413394962.805760145 0.31288 0.81338 0.60786 -0.34177 0.66682 0.4241 0.5086
1413394962.905760527 0.25367 0.79705 0.60966 -0.32116 0.68831 0.44616 0.47331
1413394963.005760431 0.19601 0.78169 0.61298 -0.31611 0.68369 0.45995 0.4702
1413394963.105760574 0.14088 0.76535 0.61187 -0.33634 0.65437 0.45436 0.50222
1413394963.205760479 0.08036 0.74944 0.60425 -0.3617 0.62713 0.44135 0.53019
1413394963.305760145 0.01485 0.72149 0.58038 -0.36398 0.62663 0.44374 0.52721
1413394963.405760527 -0.05586 0.68258 0.53859 -0.33875 0.65151 0.46453 0.49497
1413394963.505760431 -0.12757 0.63701 0.48895 -0.30942 0.67923 0.48521 0.4555
1413394963.605760574 -0.19901 0.59917 0.44109 -0.29006 0.69447 0.49582 0.43328
1413394963.705760479 -0.26895 0.57773 0.40723 -0.30048 0.68351 0.48693 0.45323
1413394963.805760145 -0.33695 0.56701 0.37842 -0.32904 0.65506 0.46545 0.49597
1413394963.905760527 -0.40898 0.55549 0.34748 -0.35442 0.64014 0.44416 0.51705
1413394964.005760431 -0.48624 0.53239 0.30734 -0.34622 0.65888 0.44758 0.49566
1413394964.105760574 -0.56385 0.50621 0.26822 -0.316 0.68857 0.46524 0.45779
1413394964.205760479 -0.63868 0.48656 0.23502 -0.28922 0.70823 0.47898 0.43052
1413394964.305760145 -0.70982 0.48171 0.21744 -0.28817 0.69953 0.47823 0.446
1413394964.405760527 -0.7867 0.48472 0.20627 -0.31566 0.67321 0.45919 0.4861
1413394964.505760431 -0.86573 0.48864 0.19934 -0.34975 0.64875 0.43434 0.51783
1413394964.605760574 -0.94692 0.48248 0.18811 -0.36183 0.65739 0.42747 0.50417
1413394964.705760479 -1.02174 0.4646 0.18102 -0.34842 0.68963 0.43901 0.45857
1413394964.805760145 -1.09365 0.44622 0.17581 -0.32654 0.72056 0.45234 0.41178
1413394964.905760527 -1.15325 0.43873 0.17641 -0.31313 0.7414 0.4563 0.37955
1413394965.005760431 -1.19179 0.44896 0.18559 -0.31602 0.74829 0.44882 0.37249
1413394965.105760574 -1.2127 0.47681 0.20747 -0.329 0.72093 0.44198 0.42032
1413394965.205760479 -1.22897 0.50455 0.23679 -0.35588 0.67722 0.43424 0.47556
1413394965.305760145 -1.23734 0.53281 0.26401 -0.3748 0.64265 0.43989 0.50301
1413394965.405760527 -1.24423 0.5523 0.28492 -0.37058 0.63159 0.47035 0.49248
1413394965.505760431 -1.2582 0.56213 0.30441 -0.36977 0.62516 0.50124 0.47032
1413394965.605760574 -1.27447 0.56424 0.3316 -0.39373 0.60707 0.51761 0.45664
1413394965.705760479 -1.29191 0.55974 0.36576 -0.43606 0.57578 0.52451 0.45079
1413394965.805760145 -1.30986 0.54574 0.38924 -0.4529 0.55119 0.55032 0.43383
1413394965.905760527 -1.32617 0.52183 0.3977 -0.44966 0.53395 0.58683 0.41028
1413394966.005760431 -1.34342 0.48867 0.40638 -0.46992 0.50411 0.60206 0.40319
1413394966.105760574 -1.35927 0.44649 0.41082 0.50539 -0.47095 -0.60144 -0.40132
1413394966.205760479 -1.37287 0.38869 0.40015 0.50303 -0.46138 -0.62731 -0.37492
1413394966.305760145 -1.38542 0.31895 0.37754 -0.47361 0.46797 0.66978 0.32877
1413394966.405760527 -1.40101 0.24809 0.34878 -0.43287 0.47627 0.71339 0.27725
1413394966.505760431 -1.4219 0.19351 0.32534 -0.41572 0.47104 0.73832 0.24532
1413394966.605760574 -1.45105 0.16423 0.31687 -0.44857 0.445 0.73327 0.25114
1413394966.705760479 -1.48608 0.15058 0.31698 0.5029 -0.40843 -0.71113 -0.27308
1413394966.805760145 -1.52254 0.13267 0.3137 0.54829 -0.3759 -0.69089 -0.28416
1413394966.905760527 -1.55 0.11203 0.30605 0.56127 -0.35648 -0.69431 -0.27536
1413394967.005760431 -1.57023 0.08231 0.29283 0.5367 -0.34647 -0.72682 -0.25228
1413394967.105760574 -1.59036 0.05055 0.28226 0.50069 -0.33813 -0.76469 -0.22414
1413394967.205760479 -1.61612 0.02153 0.28148 -0.49427 0.31944 0.78145 0.20735
1413394967.305760145 -1.65201 0.00175 0.29384 0.52878 -0.29105 -0.77076 -0.20399
1413394967.405760527 -1.69238 -0.01789 0.31473 0.58171 -0.2587 -0.74323 -0.20568
1413394967.505760431 -1.72493 -0.04302 0.33665 0.61459 -0.23604 -0.72772 -0.19231
1413394967.605760574 -1.74571 -0.07967 0.34915 0.59801 -0.22488 -0.7517 -0.16358
1413394967.705760479 -1.75421 -0.12072 0.36067 0.55444 -0.2126 -0.79292 -0.13668
1413394967.805760145 -1.75964 -0.16248 0.38409 0.54525 -0.19241 -0.80726 -0.11841
1413394967.905760527 -1.76811 -0.19959 0.41744 0.57046 -0.16285 -0.79771 -0.10827
1413394968.005760431 -1.77331 -0.23305 0.45557 0.60213 -0.13049 -0.78186 -0.09545
1413394968.105760574 -1.77534 -0.27749 0.4807 0.59625 -0.10523 -0.79223 -0.07603
1413394968.205760479 -1.77675 -0.31947 0.48751 0.56575 -0.08951 -0.81777 -0.05624
1413394968.305760145 -1.78164 -0.35718 0.48624 0.55164 -0.0763 -0.82941 -0.04413
1413394968.405760527 -1.78744 -0.39496 0.48108 0.55441 -0.06054 -0.8293 -0.03504
1413394968.505760431 -1.79918 -0.43254 0.47186 0.56019 -0.04636 -0.82674 -0.02338
1413394968.605760574 -1.81603 -0.46927 0.46325 0.55309 -0.03516 -0.83228 -0.01296
1413394968.705760479 -1.83913 -0.49934 0.4568 0.54516 -0.02236 -0.83793 -0.01313
1413394968.805760145 -1.8729 -0.53376 0.45283 0.54962 -0.0069 -0.83499 -0.02575
1413394968.905760527 -1.91499 -0.56841 0.4521 0.55884 -0.00428 -0.82893 -0.02343
1413394969.005760431 -1.96138 -0.60691 0.45485 0.5739 -0.00444 -0.81887 -0.00811
1413394969.155760527 -2.03336 -0.6701 0.45323 0.59119 0.00496 -0.80638 0.01497
1413394969.355760574 -2.12026 -0.7458 0.40063 0.60976 0.0193 -0.79178 0.03018
1413394969.555760384 -2.17313 -0.81002 0.31368 0.61494 0.03814 -0.78752 0.01438
1413394969.755760431 -2.18792 -0.88359 0.2301 0.5807 0.06102 -0.81143 -0.02526
1413394969.955760479 -2.20343 -1.00146 0.16923 0.56091 0.05145 -0.82602 -0.02061
1413394970.155760527 -2.23623 -1.14717 0.17067 0.54739 0.02741 -0.83641 0.00495
1413394970.355760574 -2.29799 -1.30098 0.20859 0.58747 0.01274 -0.80874 0.0257
1413394970.555760384 -2.3569 -1.44455 0.20978 0.6233 -0.01447 -0.77899 0.06672
1413394970.755760431 -2.376 -1.54108 0.17916 0.62944 -0.02896 -0.77171 0.08619
1413394970.955760479 -2.35566 -1.58108 0.14725 0.59331 0.0126 -0.80467 0.01817
1413394971.155760527 -2.32227 -1.61329 0.16673 0.55878 0.02221 -0.82897 -0.00904
1413394971.355760574 -2.30153 -1.65246 0.19779 0.50997 0.01234 -0.86009 -0.00536
1413394971.555760384 -2.35443 -1.70482 0.20656 -0.48528 0.00345 0.8743 -0.00937
1413394971.755760431 -2.49081 -1.75004 0.23695 0.54104 -0.03047 -0.83971 0.035
1413394971.955760479 -2.65716 -1.75175 0.27254 0.60332 -0.06312 -0.79442 0.03038
1413394972.155760527 -2.79674 -1.70701 0.2839 0.63351 -0.10934 -0.76591 -0.00964
1413394972.355760574 -2.8751 -1.62208 0.25929 0.63496 -0.18062 -0.74824 -0.06585
1413394972.555760384 -2.88337 -1.50757 0.20713 0.59621 -0.27049 -0.74556 -0.12458
1413394972.755760431 -2.83816 -1.37256 0.16172 0.53591 -0.34351 -0.7415 -0.21208
1413394972.955760479 -2.78683 -1.227 0.14309 -0.49426 0.40096 0.70852 0.30486
1413394973.055760384 -2.76834 -1.15773 0.13617 -0.47737 0.43777 0.68515 0.33325
1413394973.155760527 -2.75364 -1.0924 0.12887 -0.46119 0.47773 0.65918 0.35293
1413394973.255760431 -2.73713 -1.03097 0.11987 -0.44509 0.51968 0.63106 0.3655
1413394973.355760574 -2.72142 -0.97027 0.11241 -0.42802 0.55735 0.60121 0.38041
1413394973.455760479 -2.70118 -0.91325 0.10874 -0.4103 0.5902 0.56923 0.39912
1413394973.555760384 -2.66919 -0.85517 0.11421 -0.39085 0.6209 0.53632 0.41723
1413394973.655760527 -2.64411 -0.79427 0.11564 -0.36556 0.64935 0.50469 0.43589
1413394973.755760431 -2.6153 -0.7333 0.11539 -0.34105 0.67155 0.4701 0.46012
1413394973.855760574 -2.59219 -0.66947 0.11967 -0.31896 0.69336 0.4316 0.48088
1413394973.955760479 -2.56823 -0.60866 0.12504 -0.29609 0.71528 0.3929 0.49632
1413394974.055760384 -2.54214 -0.55301 0.13163 -0.27328 0.7345 0.35355 0.51071
1413394974.155760527 -2.51459 -0.49797 0.13945 -0.25228 0.75183 0.3126 0.52287
1413394974.255760431 -2.49719 -0.39359 0.14189 -0.2296 0.76716 0.26937 0.53496
1413394974.355760574 -2.45165 -0.38479 0.15816 -0.21203 0.78318 0.22761 0.5384
1413394974.455760479 -2.41705 -0.34629 0.17049 -0.19033 0.79704 0.18556 0.54228
1413394974.555760384 -2.375 -0.30934 0.18434 -0.16721 0.80649 0.14528 0.54818
1413394974.655760527 -2.33089 -0.28719 0.20186 -0.14049 0.80604 0.10982 0.56436
1413394974.755760431 -2.28718 -0.2769 0.21738 -0.11091 0.8063 0.07959 0.57554
1413394974.855760574 -2.24653 -0.27944 0.22702 -0.08127 0.8098 0.05351 0.57858
1413394974.955760479 -2.20674 -0.28198 0.22863 -0.04932 0.81356 0.0323 0.57849
1413394975.055760384 -2.17094 -0.28962 0.21628 -0.02275 0.81224 0.01282 0.58274
1413394975.155760527 -2.13699 -0.29581 0.19263 -0.00136 0.80376 -0.00484 0.59493
1413394975.255760431 -2.10611 -0.30083 0.15922 0.01286 0.79638 -0.0237 0.60419
1413394975.355760574 -2.07874 -0.30205 0.11956 0.02677 0.79305 -0.04044 0.60723
1413394975.455760479 -2.05634 -0.30153 0.08089 0.04197 0.79642 -0.05391 0.60087
1413394975.555760384 -2.04192 -0.29832 0.04537 0.05584 0.80343 -0.06448 0.58926
1413394975.655760527 -2.02882 -0.29134 0.01367 0.06378 0.81065 -0.07198 0.57758
1413394975.805760145 -2.00328 -0.27107 -0.02189 0.06875 0.81743 -0.07839 0.56652
1413394975.955760479 -1.97027 -0.24526 -0.03962 0.07177 0.81012 -0.07689 0.57675
1413394976.155760527 -1.9296 -0.19863 -0.04961 0.07207 0.7943 -0.07216 0.5989
1413394976.355760574 -1.90588 -0.13504 -0.06251 0.07375 0.7932 -0.06676 0.60078
1413394976.505760431 -1.90251 -0.07547 -0.06774 0.07394 0.77813 -0.06413 0.62043
1413394976.705760479 -1.93627 0.02273 -0.07173 0.05886 0.76404 -0.07271 0.63835
1413394976.805760145 -1.97491 0.07837 -0.07258 0.04186 0.77705 -0.08526 0.62223
1413394976.905760527 -2.02198 0.13213 -0.07399 0.02213 0.8043 -0.1011 0.58514
1413394977.005760431 -2.07164 0.17945 -0.07472 0.00903 0.83426 -0.11661 0.53882
1413394977.155760527 -2.13041 0.2211 -0.06206 -0.00444 0.86433 -0.14171 0.48252
1413394977.305760145 -2.14152 0.21368 -0.03034 0.00947 0.88013 -0.14508 0.45192
1413394977.505760431 -2.05593 0.14383 0.04606 0.06534 0.88223 -0.10895 0.45335
1413394977.705760479 -1.84291 0.04841 0.1415 0.07674 0.87907 -0.10352 0.45894
1413394977.905760527 -1.5177 -0.05842 0.25177 0.08769 0.85363 -0.09488 0.50461
1413394978.105760574 -1.13818 -0.14482 0.36031 0.1021 0.81876 -0.08512 0.55853
1413394978.205760479 -0.9411 -0.17723 0.40471 0.10738 0.81147 -0.08156 0.56862
1413394978.305760145 -0.74445 -0.20082 0.43756 0.11006 0.8089 -0.07918 0.5721
1413394978.405760527 -0.55224 -0.21622 0.46348 0.11043 0.80812 -0.07789 0.5733
1413394978.505760431 -0.36246 -0.22161 0.47796 0.1057 0.80829 -0.07849 0.57387
1413394978.605760574 -0.17273 -0.22016 0.48959 0.09598 0.80814 -0.08248 0.57524
1413394978.705760479 0.01534 -0.21196 0.50425 0.0802 0.80788 -0.09134 0.57667
1413394978.805760145 0.20167 -0.19875 0.52159 0.06618 0.80654 -0.09996 0.5789
1413394978.905760527 0.38358 -0.1832 0.53948 0.05889 0.80494 -0.10576 0.58087
1413394979.005760431 0.56372 -0.17112 0.55457 0.05689 0.79897 -0.10971 0.58854
1413394979.105760574 0.73479 -0.1601 0.56136 0.05844 0.78678 -0.11239 0.6041
1413394979.205760479 0.90174 -0.14771 0.55857 0.05415 0.76876 -0.11835 0.62615
1413394979.305760145 1.05567 -0.13682 0.5491 0.04593 0.75105 -0.12409 0.64685
1413394979.405760527 1.18597 -0.13036 0.53979 0.03463 0.73194 -0.12952 0.66805
1413394979.505760431 1.28932 -0.12816 0.53759 0.02764 0.71024 -0.12989 0.69132
1413394979.605760574 1.35073 -0.13155 0.54798 0.03054 0.69248 -0.1223 0.71033
1413394979.705760479 1.36915 -0.13801 0.56985 0.03872 0.69035 -0.11139 0.7138
1413394979.805760145 1.34159 -0.14473 0.59611 0.0594 0.71767 -0.09712 0.68701
1413394979.905760527 1.28408 -0.14921 0.63057 0.08884 0.76004 -0.08302 0.6384
1413394980.005760431 1.21429 -0.1456 0.66825 0.10712 0.78754 -0.07799 0.60184
1413394980.105760574 1.13994 -0.13087 0.69837 0.11565 0.79547 -0.07819 0.58969
1413394980.205760479 1.06327 -0.10398 0.71884 0.11888 0.7887 -0.0803 0.5978
1413394980.305760145 0.98308 -0.06418 0.72655 0.1143 0.77896 -0.08622 0.61052
1413394980.405760527 0.89944 -0.01696 0.7259 0.1094 0.77706 -0.0918 0.61301
1413394980.505760431 0.80719 0.03801 0.72147 0.10106 0.78473 -0.09947 0.6034
1413394980.605760574 0.71105 0.09943 0.7196 0.08727 0.79412 -0.11023 0.59128
1413394980.705760479 0.61516 0.16289 0.72359 0.07661 0.79983 -0.11785 0.58353
1413394980.805760145 0.52142 0.2259 0.73316 0.07143 0.80321 -0.12092 0.57891
1413394980.905760527 0.42902 0.29046 0.74247 0.06839 0.80464 -0.12261 0.57693
1413394981.005760431 0.33794 0.35023 0.74867 0.06533 0.80602 -0.12421 0.575
1413394981.105760574 0.2485 0.40583 0.74521 0.05878 0.80631 -0.12845 0.57438
1413394981.205760479 0.16064 0.4559 0.73118 0.052 0.80718 -0.13293 0.57278
1413394981.305760145 0.0731 0.49542 0.70666 0.04937 0.80794 -0.13555 0.57133
1413394981.405760527 -0.00995 0.5272 0.67992 0.05991 0.80934 -0.1305 0.56952
1413394981.505760431 -0.09071 0.55449 0.65593 0.07281 0.81013 -0.12601 0.5679
1413394981.605760574 -0.16583 0.57967 0.63537 0.07731 0.81167 -0.1272 0.56483
1413394981.705760479 -0.23763 0.60236 0.6147 0.08019 0.81657 -0.13165 0.55628
1413394981.805760145 -0.30239 0.62145 0.59491 0.08049 0.81933 -0.14443 0.54896
1413394981.905760527 -0.36029 0.63364 0.57863 0.08061 0.81821 -0.16134 0.54589
1413394982.005760431 -0.40948 0.63884 0.56609 0.08253 0.8142 -0.1818 0.54517
1413394982.105760574 -0.4471 0.63432 0.55808 0.0848 0.80599 -0.20704 0.54802
1413394982.205760479 -0.47939 0.61893 0.55403 0.08818 0.79406 -0.23495 0.55362
1413394982.305760145 -0.51215 0.59195 0.55221 0.09483 0.78195 -0.2649 0.55623
1413394982.405760527 -0.55004 0.55224 0.5522 0.10793 0.77081 -0.29295 0.55533
1413394982.505760431 -0.59561 0.49794 0.55708 0.12268 0.7577 -0.3219 0.55428
1413394982.605760574 -0.64724 0.4292 0.56708 0.13893 0.74451 -0.35033 0.55106
1413394982.705760479 -0.70612 0.34695 0.58204 0.15994 0.73247 -0.37387 0.54601
1413394982.805760145 -0.77333 0.25222 0.59972 0.18317 0.72044 -0.39501 0.5398
1413394982.905760527 -0.84889 0.14689 0.61881 0.20699 0.70876 -0.41442 0.53204
1413394983.105760574 -1.0188 -0.08596 0.66023 0.25385 0.69379 -0.43512 0.51468
1413394983.305760145 -1.19745 -0.33283 0.7061 0.27972 0.68774 -0.43714 0.50762
1413394983.505760431 -1.37706 -0.58048 0.75187 0.30394 0.69823 -0.41912 0.4944
1413394983.705760479 -1.54098 -0.81396 0.77378 0.32015 0.70858 -0.39882 0.48618
1413394983.905760527 -1.68007 -1.01938 0.74664 0.32634 0.71161 -0.38908 0.48552
1413394984.105760574 -1.77116 -1.20594 0.68162 0.32044 0.71442 -0.38397 0.48938
1413394984.305760145 -1.82923 -1.35838 0.61647 0.30787 0.72549 -0.37131 0.49092
1413394984.505760431 -1.84672 -1.48956 0.56317 0.29355 0.74008 -0.3641 0.48326
1413394984.705760479 -1.81907 -1.60031 0.52371 0.27385 0.75575 -0.34144 0.4871
1413394984.905760527 -1.74866 -1.70565 0.49448 0.24415 0.77102 -0.31048 0.49952
1413394985.105760574 -1.64582 -1.80727 0.47838 0.22059 0.7813 -0.26868 0.51838
1413394985.305760145 -1.50823 -1.88379 0.48914 0.20143 0.78883 -0.25089 0.52366
1413394985.505760431 -1.34891 -1.9563 0.54771 0.14568 0.78586 -0.27671 0.53351
1413394985.705760479 -1.18104 -2.06319 0.65815 0.16639 0.78945 -0.25599 0.53249
1413394985.905760527 -1.00364 -2.17338 0.73284 0.19639 0.79392 -0.23312 0.52609
1413394986.105760574 -0.80293 -2.27304 0.76092 0.20263 0.79242 -0.23224 0.52638
1413394986.305760145 -0.5797 -2.35378 0.79249 0.16979 0.78336 -0.26135 0.53779
1413394986.505760431 -0.34983 -2.44038 0.8471 0.15977 0.77937 -0.27208 0.54133
1413394986.705760479 -0.12014 -2.53734 0.91459 0.1933 0.78718 -0.24953 0.52983
1413394986.905760527 0.1274 -2.6262 0.98145 0.20422 0.78386 -0.24322 0.53357
1413394987.105760574 0.38592 -2.69673 1.02759 0.17616 0.7702 -0.26646 0.55204
1413394987.305760145 0.63555 -2.7712 1.03405 0.17581 0.76322 -0.26922 0.56046
1413394987.505760431 0.89244 -2.85065 1.03549 0.22153 0.76235 -0.23818 0.55948
1413394987.705760479 1.13282 -2.87728 1.04452 0.23827 0.75328 -0.2258 0.56993
1413394987.905760527 1.36638 -2.84336 1.07159 0.24437 0.74233 -0.22256 0.58283
1413394988.105760574 1.57924 -2.74308 1.11722 0.24076 0.73035 -0.22717 0.59751
1413394988.305760145 1.75697 -2.58265 1.16725 0.20423 0.7228 -0.26061 0.60657
1413394988.505760431 1.88134 -2.39992 1.19802 0.17979 0.70845 -0.32653 0.59929
1413394988.705760479 1.91521 -2.22252 1.20396 0.21931 0.69117 -0.3875 0.56924
1413394988.905760527 1.89226 -2.05086 1.18632 0.27887 0.6752 -0.41205 0.54457
1413394989.105760574 1.84317 -1.86518 1.15538 0.31288 0.67491 -0.41677 0.5224
1413394989.305760145 1.78426 -1.65987 1.13113 0.31282 0.68145 -0.42251 0.50917
1413394989.505760431 1.72856 -1.44495 1.11314 0.29568 0.68318 -0.42899 0.51167
1413394989.705760479 1.66743 -1.22743 1.072 0.27386 0.6882 -0.4302 0.51605
1413394989.905760527 1.60169 -1.02345 0.99097 0.22413 0.7137 -0.4076 0.5237
1413394990.105760574 1.52886 -0.84839 0.88811 0.18999 0.75742 -0.33115 0.52967
1413394990.205760479 1.49352 -0.77085 0.82582 0.17491 0.77777 -0.28299 0.53329
1413394990.355760574 1.44607 -0.66655 0.72848 0.14977 0.80225 -0.20968 0.53851
1413394990.455760479 1.41797 -0.58725 0.66619 0.13075 0.81385 -0.172 0.53941
1413394990.555760384 1.39366 -0.52852 0.60764 0.11067 0.82025 -0.14933 0.54096
1413394990.655760527 1.37863 -0.46272 0.55275 0.09503 0.82432 -0.13769 0.54083
1413394990.755760431 1.36651 -0.39705 0.50303 0.08733 0.82545 -0.13129 0.54201
1413394990.855760574 1.3677 -0.33495 0.45829 0.08484 0.82591 -0.12924 0.54219
1413394990.955760479 1.37287 -0.27408 0.41893 0.08526 0.82528 -0.13046 0.54279
1413394991.055760384 1.38326 -0.21151 0.38093 0.08903 0.82422 -0.1323 0.54335
1413394991.155760527 1.40854 -0.15496 0.34876 0.08683 0.82087 -0.14061 0.54668
1413394991.255760431 1.44243 -0.10076 0.31829 0.0869 0.81796 -0.15096 0.54827
1413394991.355760574 1.47655 -0.05635 0.29603 0.09112 0.81468 -0.16688 0.54786
1413394991.455760479 1.51912 -0.0178 0.27439 0.10083 0.80979 -0.18801 0.54656
1413394991.555760384 1.56352 0.01189 0.2574 0.11496 0.80313 -0.21137 0.54506
1413394991.655760527 1.61049 0.03357 0.24353 0.13415 0.79446 -0.23215 0.54492
1413394991.755760431 1.66176 0.05527 0.23211 0.15772 0.78091 -0.24801 0.55118
1413394991.855760574 1.71507 0.07597 0.22133 0.17252 0.76554 -0.26168 0.56188
1413394991.955760479 1.76611 0.09533 0.21014 0.17883 0.75407 -0.27343 0.56976
1413394992.055760384 1.81123 0.11217 0.19912 0.17905 0.74717 -0.28948 0.57087
1413394992.155760527 1.85072 0.12692 0.18747 0.17525 0.74302 -0.31014 0.56659
1413394992.255760431 1.87936 0.13848 0.18089 0.17647 0.74143 -0.32985 0.55708
1413394992.355760574 1.90136 0.14262 0.17715 0.18992 0.73861 -0.34438 0.54753
1413394992.455760479 1.91639 0.14072 0.17688 0.21391 0.73535 -0.35321 0.53735
1413394992.555760384 1.92919 0.13481 0.17948 0.24396 0.73565 -0.35334 0.52389
1413394992.655760527 1.94401 0.12937 0.18344 0.25984 0.73087 -0.3565 0.52079
1413394992.755760431 1.96069 0.12591 0.18697 0.26146 0.72236 -0.36552 0.52557
1413394992.855760574 1.97695 0.12406 0.1898 0.25717 0.71359 -0.38092 0.52873
1413394992.955760479 1.9895 0.12119 0.19305 0.25356 0.70782 -0.39413 0.52854
1413394993.055760384 1.99922 0.11797 0.18894 0.25528 0.7059 -0.40051 0.52549
1413394993.155760527 2.00388 0.11305 0.17251 0.26299 0.70778 -0.39982 0.51964
1413394993.255760431 2.0068 0.10641 0.14478 0.27074 0.71112 -0.39598 0.51401
1413394993.355760574 2.00839 0.10113 0.11133 0.28026 0.71469 -0.38938 0.50898
1413394993.455760479 2.01286 0.09659 0.07749 0.28744 0.71798 -0.38308 0.50511
1413394993.555760384 2.02034 0.09471 0.04587 0.29082 0.72003 -0.37842 0.50377
1413394993.655760527 2.0324 0.09518 0.01557 0.28892 0.71971 -0.37953 0.50447
1413394993.755760431 2.04765 0.09689 -0.01748 0.28546 0.71319 -0.39026 0.50751
1413394993.855760574 2.06252 0.09917 -0.05676 0.2845 0.7033 -0.40907 0.50704
1413394993.955760479 2.07572 0.10057 -0.10473 0.28619 0.68909 -0.43401 0.50486
1413394994.055760384 2.08559 0.1005 -0.15343 0.29201 0.6716 -0.46107 0.50109
1413394994.155760527 2.08778 0.1005 -0.19331 0.3059 0.65432 -0.48477 0.49324
1413394994.305760145 2.07953 0.09654 -0.22998 0.33977 0.62993 -0.51377 0.47306
1413394994.505760431 2.05552 0.09537 -0.24569 0.38896 0.61159 -0.53661 0.43211
1413394994.705760479 2.04888 0.09441 -0.22341 0.41462 0.59969 -0.54589 0.41288
1413394994.905760527 2.07808 0.08444 -0.16545 0.42138 0.58915 -0.54879 0.41734
1413394995.105760574 2.12437 0.09628 -0.17001 0.40704 0.57977 -0.55593 0.4349
1413394995.305760145 2.16922 0.1245 -0.24131 0.37491 0.5852 -0.57343 0.43377
1413394995.505760431 2.19778 0.13845 -0.32737 0.36528 0.60057 -0.57775 0.41484
1413394995.705760479 2.21595 0.12206 -0.40481 0.37551 0.59814 -0.57047 0.41927
1413394995.905760527 2.23613 0.09201 -0.46093 0.38783 0.58507 -0.56252 0.43687
1413394996.105760574 2.23454 0.09801 -0.48576 0.40242 0.57928 -0.55509 0.44087
1413394996.305760145 2.2403 0.10289 -0.49587 0.40425 0.58437 -0.54809 0.44123
1413394996.505760431 2.26288 0.07345 -0.49212 0.40275 0.58916 -0.54963 0.43427
1413394996.705760479 2.23839 0.08951 -0.49879 0.40198 0.58768 -0.54928 0.43742
1413394996.905760527 2.25306 0.08527 -0.50619 0.4024 0.5869 -0.54945 0.43786
1413394997.105760574 2.24481 0.09944 -0.49983 0.40246 0.58677 -0.54915 0.43837
1413394997.305760145 2.24349 0.10254 -0.50193 0.40232 0.58674 -0.54903 0.43869
1413394997.505760431 2.24206 0.10369 -0.50118 0.40184 0.58702 -0.5489 0.43892
1413394997.705760479 2.24328 0.10483 -0.50247 0.4022 0.58667 -0.54913 0.43876
1413394997.905760527 2.24339 0.10469 -0.50246 0.40219 0.58664 -0.54916 0.43877
1413394998.105760574 2.24293 0.10389 -0.50282 0.40198 0.58664 -0.54913 0.43901
1413394998.305760145 2.24335 0.10471 -0.50314 0.4021 0.58641 -0.5491 0.43924
