1403638539477829376.000000 -4.680878162 2.216756344 3.493082285 -0.571513176 -0.589903593 -0.394307405 0.412199229
1403638540627829504.000000 -4.715111732 2.486631393 3.640632629 -0.551379681 -0.617081821 -0.374943525 0.417861164
1403638541377829632.000000 -4.902613640 2.840844631 3.665210247 -0.444802374 -0.696283579 -0.323834836 0.460945845
1403638541627829504.000000 -5.018084049 2.953676701 3.697849274 -0.441150874 -0.696180046 -0.324673831 0.464011014
1403638541927829504.000000 -5.202227592 3.079947472 3.788299561 -0.421696156 -0.707452476 -0.298895925 0.482021391
1403638542127829504.000000 -5.336698055 3.154515743 3.836930275 -0.392228693 -0.726151407 -0.273969710 0.493762523
1403638543027829504.000000 -6.006144524 3.360967159 3.968684912 -0.302209020 -0.765447795 -0.218416780 0.524455547
1403638543327829504.000000 -6.251266956 3.361040592 4.036469460 -0.309873044 -0.763764262 -0.215470925 0.523655653
1403638543577829632.000000 -6.462308407 3.360615730 4.059823036 -0.295394152 -0.770893574 -0.206518933 0.525181115
1403638543777829376.000000 -6.638161182 3.355684519 4.069389820 -0.256591886 -0.785304964 -0.188592017 0.530933022
1403638543927829504.000000 -6.777406693 3.349266291 4.093023300 -0.222118363 -0.794915199 -0.170229673 0.538326144
1403638544227829504.000000 -7.066862106 3.334520817 4.165856361 -0.192490742 -0.802940547 -0.132118776 0.548432827
1403638545027829504.000000 -7.847891331 3.339648247 4.261669636 -0.181911156 -0.802047670 -0.123006336 0.555425346
1403638545327829504.000000 -8.130893707 3.348841906 4.248054981 -0.178394541 -0.801437378 -0.124233477 0.557171047
1403638545577829632.000000 -8.360929489 3.352605104 4.211154938 -0.170940295 -0.802995086 -0.116133153 0.559009314
1403638545777829376.000000 -8.544540405 3.352038383 4.204337597 -0.141102552 -0.810567558 -0.094459742 0.560488760
1403638545877829632.000000 -8.635613441 3.351367474 4.211789608 -0.119326591 -0.814826071 -0.080977440 0.561482310
1403638546127829504.000000 -8.860657692 3.349081755 4.252421379 -0.063656293 -0.823041499 -0.055499278 0.561667502
1403638546527829504.000000 -9.230116844 3.334766865 4.256786823 -0.043474689 -0.825466633 -0.030681675 0.561937273
1403638546977829376.000000 -9.673831940 3.301257849 4.302702427 -0.014565832 -0.826919854 -0.023577712 0.561636448
1403638547227829504.000000 -9.931324959 3.266704082 4.320359230 -0.005635285 -0.827936471 -0.030395085 0.559969246
1403638547477829376.000000 -10.195520401 3.207821608 4.313464165 -0.012552178 -0.827581286 -0.022518514 0.560753584
1403638547677829632.000000 -10.412406921 3.149871111 4.290071011 -0.019628173 -0.828079939 -0.017488157 0.559993386
1403638548177829632.000000 -10.983967781 2.973662376 4.214101791 -0.006719671 -0.829329789 -0.014711104 0.558525443
1403638548427829504.000000 -11.284360886 2.860523462 4.238862514 0.026412442 -0.830161929 0.010395454 0.556799412
1403638548677829632.000000 -11.591847420 2.741125345 4.275778294 0.051845539 -0.828073323 0.030073771 0.557406783
1403638549077829632.000000 -12.096674919 2.545169592 4.347317696 0.062686160 -0.827657402 0.038612325 0.556383729
1403638549277829376.000000 -12.351230621 2.444632053 4.417460918 0.060691644 -0.827003181 0.040214881 0.557463109
1403638549477829376.000000 -12.612185478 2.343134880 4.498437405 0.055369873 -0.826303303 0.044595603 0.558720350
1403638549727829504.000000 -12.940002441 2.220784664 4.573622227 0.054171599 -0.823515475 0.042966574 0.563064575
1403638549927829504.000000 -13.205163002 2.128695965 4.640270710 0.052677907 -0.825220346 0.043427613 0.560669780
1403638550277829376.000000 -13.692364693 1.977759004 4.828996658 0.052021950 -0.826169670 0.046154216 0.559112906
1403638550527829504.000000 -14.044302940 1.881091356 4.981955051 0.050177563 -0.825282395 0.050727900 0.560194612
1403638550677829632.000000 -14.257905960 1.829646468 5.054867268 0.047599886 -0.820937932 0.054345977 0.566428959
1403638550827829504.000000 -14.469907761 1.786142588 5.118106842 0.046130531 -0.816635847 0.055795740 0.572594643
1403638550977829376.000000 -14.676995277 1.751160622 5.174143314 0.045044784 -0.807489872 0.056693561 0.585420370
1403638551127829504.000000 -14.872063637 1.725036263 5.223190308 0.043384146 -0.803302705 0.058802266 0.591070890
1403638551477829376.000000 -15.261777878 1.719975352 5.359445095 0.017881667 -0.810564399 0.054752104 0.582810163
1403638551727829504.000000 -15.503031731 1.773018360 5.431452751 -0.040745065 -0.812218308 0.033897895 0.580940664
1403638552127829504.000000 -15.840491295 1.964697480 5.532283306 -0.085955136 -0.806144118 -0.021936867 0.585031688
1403638552427829504.000000 -16.047679901 2.163534641 5.648491859 -0.096014604 -0.805574059 -0.022639707 0.584225118
1403638552777829376.000000 -16.232892990 2.447793007 5.733932972 -0.092553645 -0.797930300 -0.020504696 0.595248461
1403638553027829504.000000 -16.312915802 2.685127735 5.754702568 -0.079563007 -0.803364336 -0.027935460 0.589487195
1403638553477829376.000000 -16.364982605 3.139449358 5.775862217 -0.063992582 -0.788419545 -0.033584900 0.610877812
1403638553827829504.000000 -16.256021500 3.480037689 5.861358166 -0.055466238 -0.790318549 -0.042465072 0.608700991
1403638554377829632.000000 -15.890208244 3.945139170 6.002243996 -0.055961866 -0.815492451 -0.042893626 0.574456632
1403638554977829376.000000 -15.470062256 4.391618252 6.087490082 -0.067821667 -0.813440979 -0.025945149 0.577096820
1403638555477829376.000000 -15.126469612 4.786496162 6.107797623 -0.102122977 -0.811923742 -0.059758402 0.571646452
1403638555877829632.000000 -14.852289200 5.108109951 6.126558304 -0.107816957 -0.813292086 -0.063057445 0.568291426
1403638557327829504.000000 -14.180130005 6.464990616 6.370549679 -0.116260596 -0.813325524 -0.049271069 0.567941368
1403638557677829632.000000 -14.073382378 6.884823799 6.422107220 -0.103198908 -0.814489543 -0.066340625 0.567058742
1403638558277829376.000000 -13.934990883 7.569726944 6.480099201 -0.107756414 -0.829727173 -0.064089686 0.543906271
1403638558377829632.000000 -13.927279472 7.680840492 6.494433403 -0.106628336 -0.832588732 -0.066719040 0.539421022
1403638558727829504.000000 -13.964504242 8.066950798 6.604448318 -0.117635667 -0.832573175 -0.055180918 0.538459778
1403638559177829632.000000 -14.124791145 8.597478867 6.702539444 -0.112236120 -0.818390012 -0.063181072 0.560043752
1403638559277829376.000000 -14.167597771 8.717845917 6.706749439 -0.108652808 -0.817733228 -0.066863865 0.561280847
1403638559577829632.000000 -14.299922943 9.066934586 6.684153080 -0.098938026 -0.816995561 -0.076766208 0.562882304
1403638559777829376.000000 -14.392560959 9.282556534 6.654962540 -0.097029179 -0.816051126 -0.076726571 0.564587533
1403638559927829504.000000 -14.465212822 9.433960915 6.644960880 -0.100490980 -0.815685749 -0.075010851 0.564740419
1403638560227829504.000000 -14.610011101 9.727635384 6.595150948 -0.151309744 -0.806104422 -0.102636360 0.562820315
1403638560327829504.000000 -14.657383919 9.824514389 6.569398880 -0.174903899 -0.798204780 -0.119192109 0.563977957
1403638560427829504.000000 -14.703390121 9.919545174 6.541072845 -0.198980913 -0.788450360 -0.136387110 0.565819025
1403638561077829632.000000 -14.874642372 10.476822853 6.358062744 -0.348289192 -0.721443176 -0.220404401 0.556449771
1403638561277829376.000000 -14.859100342 10.633249283 6.356591225 -0.373351753 -0.702287495 -0.243003860 0.555292726
1403638561377829632.000000 -14.838108063 10.704910278 6.361161232 -0.380043507 -0.702576816 -0.248579204 0.547869623
1403638561927829504.000000 -14.651632309 11.046175003 6.295308113 -0.377475023 -0.718846202 -0.267733306 0.518740535
1403638562077829632.000000 -14.590749741 11.124621391 6.258591652 -0.388355196 -0.712717652 -0.276773751 0.514402747
1403638562177829632.000000 -14.547240257 11.170181274 6.242208481 -0.396965235 -0.707742453 -0.283774614 0.510872960
1403638562977829376.000000 -14.168516159 11.442126274 6.261237621 -0.522271931 -0.618148804 -0.349072635 0.472517192
1403638563377829632.000000 -13.890964508 11.519600868 6.221189976 -0.565631986 -0.567339480 -0.385796428 0.457545191
1403638563527829504.000000 -13.766786575 11.529901505 6.189123631 -0.566657364 -0.558405399 -0.393826038 0.460417122
1403638563677829632.000000 -13.630427361 11.522216797 6.163939476 -0.569418609 -0.562082529 -0.391612828 0.454384416
1403638563827829504.000000 -13.481596947 11.499816895 6.155072212 -0.571291924 -0.563993216 -0.385577887 0.454826206
1403638564177829632.000000 -13.084670067 11.403558731 6.167628765 -0.563920140 -0.569134116 -0.378647745 0.463364273
1403638564477829376.000000 -12.688496590 11.274729729 6.178918839 -0.550063193 -0.575571418 -0.384119838 0.467546761
1403638564627829504.000000 -12.473331451 11.189019203 6.199232578 -0.551948667 -0.577284336 -0.378185749 0.468050331
1403638565027829504.000000 -11.839476585 10.905589104 6.167183876 -0.559524417 -0.571572661 -0.368415743 0.473821700
1403638565127829504.000000 -11.666878700 10.826709747 6.121163845 -0.560359836 -0.571670890 -0.367178380 0.473676354
1403638565277829376.000000 -11.396453857 10.704970360 6.033335686 -0.560533643 -0.573220849 -0.367341727 0.471465826
1403638565927829504.000000 -10.114759445 10.095497131 5.710865498 -0.549452305 -0.587862313 -0.397396624 0.441130310
1403638566227829504.000000 -9.539543152 9.760492325 5.589648724 -0.551209927 -0.587655842 -0.397681862 0.438950390
1403638566327829504.000000 -9.354906082 9.645279884 5.533522129 -0.551860511 -0.588439882 -0.396311134 0.438321680
1403638566527829504.000000 -8.995508194 9.411087990 5.402568340 -0.550757170 -0.589750290 -0.394240052 0.439813673
1403638566827829504.000000 -8.480128288 9.063972473 5.162808418 -0.565566421 -0.614771366 -0.365507364 0.410603583
1403638566927829504.000000 -8.315171242 8.958735466 5.076217651 -0.567615151 -0.621163607 -0.359158844 0.403700173
1403638567077829632.000000 -8.075531006 8.817218781 4.946420670 -0.561538756 -0.617443919 -0.365117848 0.412463695
1403638567227829504.000000 -7.845073223 8.690820694 4.813864708 -0.547947407 -0.606416047 -0.384298086 0.429334700
1403638567377829632.000000 -7.622622490 8.567473412 4.670426846 -0.543295801 -0.602933109 -0.392607719 0.432620615
1403638567477829376.000000 -7.479241848 8.483284950 4.577888012 -0.544490874 -0.602964401 -0.393213391 0.430519402
1403638567677829632.000000 -7.204403877 8.312553406 4.415044308 -0.550542951 -0.606720626 -0.390240908 0.420124531
1403638567777829376.000000 -7.074818611 8.228924751 4.347211838 -0.552999437 -0.608903050 -0.388654470 0.415182412
1403638567877829632.000000 -6.951318741 8.148920059 4.287364483 -0.556894660 -0.609938920 -0.384897679 0.411942452
1403638567977829376.000000 -6.833528519 8.074556351 4.233913422 -0.558281422 -0.609910250 -0.384100884 0.410850286
1403638568777829376.000000 -6.083044529 7.602990150 3.938713551 -0.558116376 -0.615808547 -0.386738360 0.399649143
1403638569777829376.000000 -5.676009655 7.371918201 3.790887594 -0.553343534 -0.614168584 -0.395706564 0.400030166
1403638570277829376.000000 -5.687748909 7.356837273 3.770769119 -0.557354867 -0.605336607 -0.388546050 0.414674908
1403638570777829376.000000 -5.704576492 7.365583897 3.633535624 -0.625466406 -0.520965457 -0.389341623 0.431045026
1403638572027829504.000000 -4.856181622 6.975409985 3.326021671 -0.728572428 -0.383269906 -0.476691097 0.308305174
1403638572227829504.000000 -4.649343491 6.861853123 3.319578886 -0.744790435 -0.352251083 -0.491108656 0.282875717
1403638572677829632.000000 -4.133553982 6.591693878 3.301994562 -0.774778843 -0.304282099 -0.507246912 0.223227993
1403638572827829504.000000 -3.948338509 6.511792183 3.310510635 -0.775911033 -0.306653887 -0.509587228 0.210347801
1403638573077829632.000000 -3.629458666 6.404164314 3.349697828 -0.777467489 -0.312554806 -0.506154776 0.204110965
1403638573227829504.000000 -3.433924913 6.356369019 3.361871719 -0.777080595 -0.315646231 -0.504264414 0.205501005
1403638573377829632.000000 -3.234025240 6.321474075 3.373836279 -0.776921809 -0.318056464 -0.502700925 0.206214368
1403638573527829504.000000 -3.028891563 6.300398827 3.394610167 -0.777197540 -0.318164319 -0.504188716 0.201318741
1403638573677829632.000000 -2.819604158 6.294805527 3.433559895 -0.777923822 -0.317720026 -0.505021751 0.197082937
1403638573777829376.000000 -2.678735971 6.299138546 3.464591026 -0.778134644 -0.312615424 -0.509812832 0.192013264
1403638573877829632.000000 -2.537289619 6.309104443 3.494569063 -0.775703728 -0.300979197 -0.522599995 0.185969487
1403638573977829376.000000 -2.396589279 6.324347019 3.518694162 -0.775896668 -0.280345291 -0.534913898 0.182368085
1403638574077829632.000000 -2.258931160 6.341229916 3.535601139 -0.779117584 -0.250774473 -0.544129014 0.184422553
1403638574277829376.000000 -1.991642833 6.366221905 3.554040432 -0.787766814 -0.189300701 -0.558499217 0.177952975
1403638574477829376.000000 -1.734820247 6.365741730 3.556864500 -0.800459325 -0.145478293 -0.563371420 0.143921897
1403638574577829632.000000 -1.610302329 6.356690407 3.559166670 -0.804288864 -0.128122792 -0.565408409 0.130450770
1403638574677829632.000000 -1.486742496 6.343238354 3.569364071 -0.805577517 -0.118672326 -0.568736672 0.116191164
1403638574827829504.000000 -1.306059003 6.318697453 3.596445322 -0.809432685 -0.116800830 -0.567545652 0.095228069
1403638575027829504.000000 -1.070730448 6.285221577 3.626011133 -0.817787051 -0.113728933 -0.556822777 0.090766571
1403638575227829504.000000 -0.834626973 6.250082493 3.633102179 -0.819632292 -0.105943002 -0.553246140 0.104392216
1403638575427829504.000000 -0.592065930 6.204494476 3.622349262 -0.823479652 -0.110070258 -0.546250224 0.106661104
1403638575627829504.000000 -0.338289201 6.151155949 3.604862928 -0.825941443 -0.122990608 -0.541159570 0.099198803
1403638575777829376.000000 -0.137159660 6.110291481 3.608376741 -0.827445328 -0.133799881 -0.537869990 0.090153702
1403638575927829504.000000 0.072981030 6.076816082 3.631681204 -0.828719616 -0.138690665 -0.535053670 0.087785900
1403638576027829504.000000 0.218339801 6.060293198 3.659114122 -0.828015804 -0.139808297 -0.535794079 0.088137552
1403638576127829504.000000 0.366350800 6.047283173 3.692911625 -0.827301562 -0.140017092 -0.536875486 0.087931946
1403638576227829504.000000 0.517920196 6.038552284 3.728805304 -0.825374424 -0.140488237 -0.539805710 0.087349877
1403638576327829504.000000 0.672337234 6.033607483 3.759327888 -0.823562860 -0.143414155 -0.542508841 0.082830139
1403638576527829504.000000 0.987401247 6.037948608 3.802997828 -0.822879910 -0.151647270 -0.543153048 0.069689550
1403638576627829504.000000 1.147378922 6.049849510 3.818140268 -0.822876990 -0.155261070 -0.542878389 0.063643835
1403638576727829504.000000 1.307972312 6.070649624 3.829536915 -0.820483327 -0.156387597 -0.546305716 0.062451489
1403638576827829504.000000 1.468594551 6.099840164 3.836752176 -0.815141976 -0.155625701 -0.554281771 0.063999794
1403638576927829504.000000 1.626869440 6.136260986 3.838294506 -0.811584353 -0.151179701 -0.559960067 0.070145242
1403638577227829504.000000 2.083240509 6.274533749 3.846338749 -0.810625255 -0.138633311 -0.562227726 0.086991675
1403638577327829504.000000 2.229780674 6.325929165 3.861479998 -0.810074866 -0.142236918 -0.562903106 0.081776887
1403638577427829504.000000 2.373459816 6.379951000 3.884306431 -0.809409499 -0.148861885 -0.563362122 0.072936326
1403638577527829504.000000 2.514304638 6.439178467 3.908783197 -0.809396982 -0.149673417 -0.563271344 0.072110258
1403638577627829504.000000 2.652016640 6.503085136 3.927558422 -0.810298145 -0.147797301 -0.562090218 0.075017169
1403638578127829504.000000 3.309809446 6.878795147 3.957681894 -0.810348153 -0.145835891 -0.561262310 0.083979256
1403638578227829504.000000 3.436191559 6.963109970 3.973477125 -0.810840786 -0.138638750 -0.560551405 0.095387183
1403638578327829504.000000 3.562587261 7.047343254 3.992628813 -0.811623573 -0.133424371 -0.559316039 0.103105180
1403638578527829504.000000 3.811789274 7.208698750 4.014756203 -0.811624944 -0.131859496 -0.559584618 0.103649527
1403638578877829632.000000 4.233134270 7.471979618 4.013436794 -0.808695614 -0.140858665 -0.564171672 0.088772960
1403638578977829376.000000 4.348790169 7.546040058 4.010532379 -0.808070838 -0.143323690 -0.564884126 0.085940965
1403638579077829632.000000 4.463045120 7.622741222 4.017719269 -0.807808042 -0.144550815 -0.565017283 0.085479967
1403638579177829632.000000 4.575876713 7.702317238 4.035469055 -0.807345629 -0.145291567 -0.565485597 0.085495271
1403638581927829504.000000 6.213132858 9.221782684 4.035476685 -0.683991134 -0.425820857 -0.506316423 0.307370275
1403638583127829504.000000 6.228867054 9.448163033 4.441579342 -0.695938110 -0.432643265 -0.492695242 0.292816401
1403638583527829504.000000 6.146970272 9.523847580 4.548234463 -0.698334932 -0.433070838 -0.489784628 0.291357338
1403638583927829504.000000 6.034875393 9.611761093 4.681734562 -0.695816636 -0.433783978 -0.492747575 0.291325361
1403638585477829376.000000 5.084168911 9.619429588 4.801301479 -0.692135334 -0.428543180 -0.496464670 0.301367432
1403638586527829504.000000 4.289284706 9.570709229 4.988352776 -0.686440289 -0.431687295 -0.507253647 0.291786999
1403638586827829504.000000 4.048532009 9.565973282 4.974169731 -0.691191077 -0.427226156 -0.500735164 0.298323661
1403638587027829504.000000 3.879400969 9.557796478 4.937368870 -0.690620184 -0.426778942 -0.500975668 0.299878150
1403638587477829376.000000 3.481446743 9.523784637 4.907830238 -0.695587933 -0.428778797 -0.493831158 0.297383696
1403638588177829632.000000 2.857731819 9.461549759 4.807002068 -0.693143725 -0.429272234 -0.498561442 0.294471890
1403638588977829376.000000 2.100562334 9.385523796 4.769779205 -0.694916129 -0.424034655 -0.496196002 0.301787704
1403638589227829504.000000 1.857592106 9.351167679 4.741832256 -0.694657207 -0.424054533 -0.497284889 0.300561160
1403638589577829632.000000 1.518485546 9.289527893 4.694587231 -0.694916546 -0.423268110 -0.497087061 0.301396012
1403638589677829632.000000 1.420866966 9.268720627 4.695110798 -0.695262730 -0.423620403 -0.496403724 0.301229060
1403638589927829504.000000 1.178939342 9.210938454 4.708210468 -0.697660923 -0.424457252 -0.494489193 0.297633529
1403638591227829504.000000 0.006123167 8.905461311 4.654297352 -0.712531269 -0.427169383 -0.476237983 0.288137019
1403638591577829632.000000 -0.240116403 8.878162384 4.637254715 -0.727093875 -0.431561708 -0.455029547 0.279351413
1403638591677829632.000000 -0.298002660 8.886143684 4.621667385 -0.728120565 -0.431002975 -0.453674942 0.279742807
1403638591877829632.000000 -0.395001531 8.923456192 4.591113091 -0.723884344 -0.429100782 -0.460161269 0.283046812
1403638592077829632.000000 -0.469006598 8.986218452 4.586310387 -0.719039738 -0.426331371 -0.466742188 0.288747579
1403638592527829504.000000 -0.571867824 9.174248695 4.710958004 -0.687410414 -0.447014481 -0.464241564 0.334850401
1403638592877829632.000000 -0.592342257 9.307920456 4.878360271 -0.679778993 -0.484490693 -0.437989891 0.333667815
1403638593027829504.000000 -0.586179495 9.372060776 4.935534000 -0.678257823 -0.489604771 -0.435269356 0.332857490
1403638593727829504.000000 -0.496108860 9.762761116 5.202755928 -0.654231369 -0.486746430 -0.474791288 0.331107914
1403638595127829504.000000 -0.681483328 10.139290810 5.693975925 -0.645300567 -0.496272326 -0.458220989 0.356839716
1403638595327829504.000000 -0.729280353 10.140232086 5.715213299 -0.645981729 -0.496469229 -0.458291918 0.355238706
1403638595727829504.000000 -0.821397364 10.123638153 5.720122814 -0.644700587 -0.499755710 -0.459890038 0.350865573
1403638596427829504.000000 -1.066589713 10.064691544 5.664209366 -0.621698260 -0.525104523 -0.489720792 0.312937737
1403638596577829632.000000 -1.174971819 10.057298660 5.681058884 -0.615398288 -0.530764222 -0.496376753 0.305261403
1403638596827829504.000000 -1.434899926 10.058060646 5.748123169 -0.606816769 -0.538206577 -0.505472600 0.294286489
1403638596927829504.000000 -1.570059061 10.062440872 5.785939217 -0.604644179 -0.538638055 -0.507989049 0.293635249
1403638597027829504.000000 -1.721379995 10.068676949 5.820719242 -0.603951931 -0.537756205 -0.509889424 0.293382347
1403638597177829632.000000 -1.978118658 10.082133293 5.861649990 -0.601444423 -0.536761343 -0.514346004 0.292574823
1403638597277829376.000000 -2.170108080 10.093019485 5.880908489 -0.602088571 -0.532770038 -0.515064955 0.297243506
1403638597377829632.000000 -2.377622128 10.103567123 5.893916130 -0.604754329 -0.528216600 -0.513424098 0.302746028
1403638597477829376.000000 -2.599349260 10.113631248 5.901716232 -0.608003139 -0.521155059 -0.510715723 0.312888324
1403638597627829504.000000 -2.952268600 10.124835014 5.904246807 -0.613480091 -0.508738220 -0.505297124 0.330911577
1403638597777829376.000000 -3.320739746 10.128309250 5.895604610 -0.611164629 -0.511761189 -0.506696105 0.328386247
1403638597927829504.000000 -3.706865072 10.124333382 5.876872540 -0.600920081 -0.525545955 -0.508997023 0.321898580
1403638598077829632.000000 -4.115568638 10.114534378 5.859548569 -0.596288741 -0.530187666 -0.505030513 0.329066962
1403638598227829504.000000 -4.546838284 10.095294952 5.854646206 -0.607577562 -0.522821665 -0.483429879 0.351855814
1403638598377829632.000000 -4.984660625 10.067877769 5.851166248 -0.617059648 -0.519267082 -0.467251867 0.362318665
1403638598477829376.000000 -5.274837971 10.046966553 5.842431545 -0.619895577 -0.519813716 -0.462273687 0.363078713
1403638598577829632.000000 -5.563387871 10.023468018 5.826412678 -0.619649172 -0.522632420 -0.457618266 0.365343481
1403638598727829504.000000 -5.991514683 9.985843658 5.793582439 -0.611402035 -0.534082711 -0.451265574 0.370543808
1403638598877829632.000000 -6.414513588 9.945636749 5.768353462 -0.597619116 -0.548631668 -0.442759067 0.381862730
1403638599027829504.000000 -6.831609249 9.901499748 5.752921581 -0.581874132 -0.566585183 -0.430708706 0.393565536
1403638599177829632.000000 -7.245702744 9.854120255 5.752967834 -0.562722564 -0.585350990 -0.419189423 0.406186849
1403638599327829504.000000 -7.656779766 9.801493645 5.765301704 -0.543841064 -0.605798006 -0.404346824 0.416832596
1403638599477829376.000000 -8.063011169 9.744400024 5.792065144 -0.530113697 -0.623091698 -0.390450031 0.422238022
1403638599627829504.000000 -8.463948250 9.687779427 5.815742970 -0.523839951 -0.632212937 -0.381729096 0.424477816
1403638599777829376.000000 -8.859335899 9.631232262 5.821477413 -0.521876693 -0.635402918 -0.378804952 0.424752533
1403638599927829504.000000 -9.250028610 9.581175804 5.813081264 -0.526988268 -0.633641958 -0.374027699 0.425305247
1403638600127829504.000000 -9.762905121 9.526322365 5.789299488 -0.539973676 -0.624409139 -0.362305671 0.432754278
1403638600277829376.000000 -10.133361816 9.493543625 5.761538982 -0.554831922 -0.615976334 -0.345422685 0.439793050
1403638600427829504.000000 -10.481382370 9.472622871 5.731253624 -0.565746963 -0.609712124 -0.333278269 0.443967402
1403638600577829632.000000 -10.798370361 9.467156410 5.719048977 -0.568522215 -0.608585596 -0.332108140 0.442843407
1403638600727829504.000000 -11.083733559 9.477580070 5.725609779 -0.572312117 -0.609818518 -0.327418983 0.439746559
1403638600877829632.000000 -11.339037895 9.507256508 5.746889114 -0.569504142 -0.619639039 -0.329969645 0.427589178
1403638601027829504.000000 -11.573026657 9.556023598 5.765774727 -0.557129681 -0.633537829 -0.345467865 0.410960138
1403638601177829632.000000 -11.798503876 9.623520851 5.773473740 -0.548757970 -0.638734937 -0.355702102 0.405411452
1403638601327829504.000000 -12.022064209 9.707788467 5.774596691 -0.534457684 -0.637677372 -0.373529136 0.410120189
1403638601527829504.000000 -12.328200340 9.834708214 5.783421040 -0.519491434 -0.638964295 -0.365096241 0.434232742
1403638601727829504.000000 -12.636626244 9.964218140 5.815010071 -0.485115319 -0.660573423 -0.350811809 0.453030974
1403638601927829504.000000 -12.948477745 10.084755898 5.872380733 -0.437227041 -0.689964175 -0.331207752 0.472317159
1403638602277829376.000000 -13.497747421 10.267510414 5.946121216 -0.381299406 -0.718085349 -0.308059305 0.494028151
1403638602477829376.000000 -13.820771217 10.338468552 5.984231472 -0.345195502 -0.705361068 -0.281560928 0.551388502
1403638602727829504.000000 -14.170691490 10.365722656 6.074213028 -0.302061021 -0.696856678 -0.243041784 0.603390932
1403638603077829632.000000 -14.472636223 10.270912170 6.238054752 -0.249617964 -0.728777349 -0.180287525 0.611613393
1403638603827829504.000000 -14.600598335 9.896633148 6.337601662 -0.195983887 -0.772827446 -0.160943508 0.581743360
1403638604727829504.000000 -14.380932808 9.092532158 6.280430794 -0.203373671 -0.784937859 -0.152018860 0.565156698
1403638604977829376.000000 -14.279112816 8.814287186 6.279225826 -0.210347310 -0.792331994 -0.142981842 0.554545224
1403638605477829376.000000 -14.108942986 8.317603111 6.351173878 -0.195693046 -0.800458491 -0.162568048 0.542717338
1403638605977829376.000000 -14.043517113 7.789094448 6.396346092 -0.176105499 -0.796348274 -0.189892590 0.546586871
1403638606277829376.000000 -14.059429169 7.385623932 6.432190418 -0.174895197 -0.798892081 -0.195940048 0.541101396
1403638606477829376.000000 -14.093626022 7.080363274 6.416207790 -0.195984364 -0.805870175 -0.170444325 0.532082796
1403638606777829376.000000 -14.190632820 6.619742870 6.350159645 -0.198670655 -0.819186687 -0.137913570 0.520041406
1403638607027829504.000000 -14.327621460 6.264297009 6.289457321 -0.161441728 -0.830525398 -0.105475388 0.522531509
1403638607527829504.000000 -14.716337204 5.668906689 6.228839397 -0.120881662 -0.813319027 -0.065946735 0.565288365
1403638608027829504.000000 -15.093137741 5.200800419 6.043639183 -0.126987025 -0.811793923 -0.060826555 0.566714346
1403638608277829376.000000 -15.269132614 5.015481472 5.912055016 -0.121974967 -0.804543614 -0.076266088 0.576207578
1403638608527829504.000000 -15.423768044 4.846168041 5.748683453 -0.119782589 -0.800364912 -0.081716880 0.581713498
1403638608777829376.000000 -15.545672417 4.684099674 5.577640057 -0.121274143 -0.795924008 -0.079776220 0.587735772
1403638609127829504.000000 -15.656772614 4.471282959 5.401602268 -0.126004323 -0.805829823 -0.072154470 0.574068666
1403638609577829632.000000 -15.732645988 4.261151791 5.185989380 -0.128388032 -0.804111183 -0.070986874 0.576092482
1403638609977829376.000000 -15.752438545 4.130698681 4.947622299 -0.126955569 -0.803844929 -0.073604576 0.576453030
1403638610477829376.000000 -15.710900307 4.021917820 4.725004673 -0.126457855 -0.793055713 -0.075733408 0.591046154
1403638610827829504.000000 -15.593113899 3.963143826 4.530635834 -0.126278162 -0.791801035 -0.073653564 0.593026280
1403638611077829632.000000 -15.465001106 3.931606054 4.430578232 -0.125974476 -0.792107880 -0.070878141 0.593019366
1403638611427829504.000000 -15.229446411 3.907492399 4.280004501 -0.114203610 -0.793503106 -0.085360385 0.591628253
1403638611727829504.000000 -14.983952522 3.872019291 4.201137066 -0.110396549 -0.800925493 -0.094433598 0.580872953
1403638612127829504.000000 -14.640403748 3.797571898 4.073181629 -0.129444614 -0.804816246 -0.071816839 0.574767113
1403638612627829504.000000 -14.210688591 3.749962091 3.984718084 -0.124999605 -0.802947700 -0.085489713 0.576490879
1403638613077829632.000000 -13.812463760 3.701547623 3.853818417 -0.128758207 -0.800096631 -0.092129461 0.578600705
1403638613577829632.000000 -13.359124184 3.602657318 3.826211929 -0.134662256 -0.799638033 -0.094348498 0.577532291
1403638614027829504.000000 -12.923307419 3.502981663 3.718209982 -0.170821115 -0.784074426 -0.113987669 0.585708261
1403638614377829632.000000 -12.531705856 3.422963142 3.610467196 -0.223143667 -0.779840291 -0.149321288 0.565472484
1403638614777829376.000000 -12.068803787 3.331344604 3.597110748 -0.273897558 -0.768703103 -0.157485083 0.556124330
1403638615027829504.000000 -11.762209892 3.302926302 3.651583910 -0.325452536 -0.756780326 -0.179611281 0.537684023
1403638615227829504.000000 -11.506853104 3.308395147 3.716781855 -0.362910092 -0.735423446 -0.227499112 0.525064588
1403638615377829632.000000 -11.313244820 3.320482731 3.767563820 -0.394173861 -0.714971125 -0.261741698 0.514717996
1403638615527829504.000000 -11.121441841 3.333424091 3.805545092 -0.426822722 -0.693877161 -0.289956480 0.502277017
1403638615677829632.000000 -10.933548927 3.344157457 3.833122492 -0.451246172 -0.677558541 -0.308767766 0.491888046
1403638615827829504.000000 -10.749746323 3.351583719 3.869853258 -0.466008037 -0.667392612 -0.318223715 0.485960215
1403638615977829376.000000 -10.566065788 3.355257511 3.912891388 -0.481671959 -0.657028437 -0.325255901 0.480119228
1403638616177829632.000000 -10.319327354 3.356310368 3.945503950 -0.502912700 -0.641289890 -0.340290457 0.469071984
1403638616327829504.000000 -10.132061005 3.354787827 3.928286076 -0.524952829 -0.624354839 -0.353417784 0.457931906
1403638616527829504.000000 -9.881364822 3.350441217 3.868337870 -0.552160025 -0.602918565 -0.369049758 0.442053080
1403638616677829632.000000 -9.694575310 3.345294476 3.813033581 -0.567663789 -0.597350597 -0.370676607 0.428402841
1403638616927829504.000000 -9.382852554 3.351798058 3.709845066 -0.589808345 -0.596866786 -0.351688236 0.414959818
1403638617127829504.000000 -9.123012543 3.390444279 3.663080692 -0.576157689 -0.599323392 -0.370069861 0.414610863
1403638617277829376.000000 -8.928889275 3.432636261 3.649714470 -0.571350396 -0.605531037 -0.371574968 0.410880655
1403638617627829504.000000 -8.500394821 3.571474791 3.678771496 -0.567774534 -0.617960095 -0.365183026 0.402987361
1403638617827829504.000000 -8.275043488 3.686033726 3.739942312 -0.561332047 -0.621090949 -0.368836880 0.403870851
1403638618177829632.000000 -7.919629097 3.930000782 3.867637157 -0.557924867 -0.621662199 -0.366748154 0.409575045
1403638618427829504.000000 -7.691689491 4.130844116 3.922597647 -0.554812253 -0.623378277 -0.367849499 0.410206974
1403638618777829376.000000 -7.409211636 4.443352222 3.981396914 -0.557318091 -0.618834019 -0.374640524 0.407535881
1403638619127829504.000000 -7.168766499 4.785749435 4.058366299 -0.575811982 -0.587645233 -0.404267788 0.399601340
1403638619277829376.000000 -7.075878143 4.932952404 4.066421509 -0.598399818 -0.561162949 -0.420644164 0.387391746
1403638619777829376.000000 -6.814903736 5.399770260 3.998381853 -0.654394567 -0.489233285 -0.441027045 0.371367365
1403638620277829376.000000 -6.519297600 5.788458347 3.907653809 -0.656256258 -0.477453291 -0.453030735 0.368957072
1403638621277829376.000000 -5.789291859 6.265890598 3.871169090 -0.643295705 -0.501761198 -0.453762829 0.358476788
1403638621777829376.000000 -5.464476109 6.433114529 3.833904028 -0.632656395 -0.503623605 -0.462101489 0.364103556
1403638622277829376.000000 -5.217819691 6.497265816 3.713916779 -0.631321073 -0.497281075 -0.463060468 0.373791665
1403638622777829376.000000 -5.041962624 6.408906460 3.706280947 -0.618311405 -0.490775019 -0.484151483 0.377396852
1403638623777829376.000000 -4.918713570 5.741213799 3.768711329 -0.639324784 -0.497300655 -0.460660189 0.362971157
1403638624227829504.000000 -4.895574093 5.337769508 3.817625284 -0.646533608 -0.494379163 -0.455859005 0.360244513
1403638624727829504.000000 -4.870019913 4.860710621 3.775084019 -0.640244782 -0.484780967 -0.465631723 0.371835023
1403638625227829504.000000 -4.854118824 4.317403316 3.773717642 -0.637375057 -0.507196367 -0.443047166 0.374451905
1403638625727829504.000000 -4.819455624 3.774189472 3.792981148 -0.638291240 -0.512093246 -0.438115895 0.372020513
1403638626227829504.000000 -4.749654293 3.270578623 3.806979895 -0.644829333 -0.514849067 -0.431863248 0.364170015
1403638626727829504.000000 -4.666088581 2.830141544 3.732956409 -0.640229046 -0.521644473 -0.438010722 0.355162621
1403638627227829504.000000 -4.607683659 2.499030590 3.721076727 -0.643655598 -0.525697112 -0.430522799 0.352136552
1403638627727829504.000000 -4.561294079 2.288172245 3.661865711 -0.636426389 -0.524799407 -0.441458732 0.353074163
1403638628127829504.000000 -4.551681519 2.177858829 3.600420237 -0.638001263 -0.526595175 -0.441522628 0.347432941
1403638628277829376.000000 -4.556944370 2.147971392 3.583453417 -0.638827920 -0.526313782 -0.441630840 0.346200675
1403638628627829504.000000 -4.584504604 2.109654903 3.567912579 -0.641215682 -0.507649183 -0.439541131 0.371400684
1403638628977829376.000000 -4.596539974 2.074329376 3.542538404 -0.638710499 -0.511855483 -0.444242597 0.364282191
1403638629327829504.000000 -4.603650570 2.041477680 3.521764278 -0.636182547 -0.518898010 -0.447345674 0.354821950
1403638629527829504.000000 -4.617030144 2.028744221 3.518956661 -0.644564927 -0.523201644 -0.436287761 0.347057819
1403638629677829632.000000 -4.629779816 2.029021740 3.520068169 -0.651100516 -0.515943289 -0.427624196 0.356382042
1403638629827829504.000000 -4.637534618 2.036611080 3.523758888 -0.650657594 -0.505083323 -0.428927451 0.370886445
1403638630127829504.000000 -4.630618572 2.048847914 3.484358072 -0.632009506 -0.505869985 -0.456741631 0.368845195
1403638630327829504.000000 -4.629270554 2.042584896 3.418626308 -0.637098134 -0.515663743 -0.450460672 0.353952140
1403638630477829376.000000 -4.635731220 2.055625916 3.427080154 -0.634850800 -0.513644278 -0.449097812 0.362553656
1403638630627829504.000000 -4.640549183 2.069441080 3.421629906 -0.634018719 -0.512896895 -0.451292962 0.362342179
1403638630827829504.000000 -4.636034966 2.066483736 3.407185555 -0.645790875 -0.533970833 -0.426070511 0.341018081
1403638631177829632.000000 -4.637914181 2.045183659 3.409267187 -0.645107269 -0.536011100 -0.424812376 0.340680450
1403638631477829376.000000 -4.639512539 2.028016806 3.415812969 -0.645490348 -0.535818279 -0.424260199 0.340946287
1403638631627829504.000000 -4.640309811 2.020326614 3.420338154 -0.645482421 -0.535887241 -0.424298227 0.340805382
