1403638543.277829 1.8366833 -2.9009950 0.2831075 -0.8221828 -0.0349957 0.0118385 0.5680234
1403638543.377830 1.7727090 -2.8482466 0.2986822 -0.8230014 -0.0339040 0.0117106 0.5669057
1403638543.627830 1.6090921 -2.7163169 0.3201871 -0.8229648 -0.0590600 0.0233927 0.5645297
1403638543.877830 1.4332445 -2.5851223 0.3431530 -0.8159704 -0.1154453 0.0513430 0.5641176
1403638544.127830 1.2434356 -2.4462869 0.4074965 -0.8108045 -0.1517796 0.0879029 0.5584194
1403638544.377830 1.0533688 -2.2958219 0.4538739 -0.8087492 -0.1607876 0.1034776 0.5562055
1403638544.877830 0.6824219 -1.9739313 0.5190914 -0.8037371 -0.1649592 0.1076955 0.5614240
1403638545.127830 0.5036267 -1.8148140 0.5347195 -0.8032702 -0.1660095 0.1095668 0.5614206
1403638545.427830 0.2955923 -1.6264154 0.5052230 -0.8009869 -0.1678459 0.1101014 0.5640261
1403638545.577830 0.1915514 -1.5376995 0.4844764 -0.8005062 -0.1757877 0.1166722 0.5609599
1403638545.677830 0.1216504 -1.4801642 0.4779977 -0.7981421 -0.1881869 0.1266628 0.5581322
1403638546.127830 -0.1836897 -1.2287428 0.5267131 -0.7738141 -0.2815400 0.1735688 0.5402045
1403638546.627830 -0.5489484 -0.9456752 0.5324149 -0.7654891 -0.3066342 0.1987825 0.5296106
1403638546.777829 -0.6661795 -0.8593348 0.5449424 -0.7609505 -0.3169160 0.2036467 0.5282487
1403638546.827830 -0.7064882 -0.8300933 0.5539192 -0.7597267 -0.3201815 0.2039431 0.5279266
1403638547.077830 -0.9151664 -0.6843095 0.5946140 -0.7554243 -0.3313725 0.2005591 0.5284908
1403638547.377830 -1.1896837 -0.5225966 0.6017534 -0.7545983 -0.3340872 0.1980172 0.5289201
1403638547.627830 -1.4406209 -0.4011831 0.5849776 -0.7599545 -0.3242053 0.2077931 0.5236241
1403638547.777829 -1.5961827 -0.3275654 0.5602533 -0.7599365 -0.3240640 0.2048745 0.5248863
1403638548.477829 -2.4003015 -0.0120400 0.5421102 -0.7399423 -0.3718362 0.2366326 0.5081617
1403638548.677830 -2.6475263 0.0741026 0.5709261 -0.7306801 -0.3882535 0.2500114 0.5028520
1403638548.777829 -2.7728081 0.1182220 0.5804343 -0.7280403 -0.3931236 0.2533285 0.5012345
1403638549.077830 -3.1563487 0.2525738 0.6449687 -0.7258771 -0.3978813 0.2573675 0.4985529
1403638549.177830 -3.2839952 0.2962888 0.6782830 -0.7255794 -0.3969476 0.2584036 0.4991942
1403638549.377830 -3.5458381 0.3876743 0.7592735 -0.7270097 -0.3930685 0.2616468 0.4984927
1403638549.627830 -3.8753276 0.5055470 0.8481660 -0.7265000 -0.3881791 0.2654007 0.5010760
1403638549.727829 -4.0048428 0.5546328 0.8757849 -0.7258710 -0.3882953 0.2637798 0.5027508
1403638549.927830 -4.2649565 0.6571574 0.9448287 -0.7283024 -0.3880478 0.2626910 0.4999880
1403638550.177830 -4.5995369 0.8008335 1.0750389 -0.7297190 -0.3869116 0.2648749 0.4976455
1403638550.277829 -4.7321224 0.8609520 1.1398773 -0.7295624 -0.3878418 0.2643627 0.4974233
1403638550.377830 -4.8642998 0.9227138 1.2077684 -0.7287683 -0.3885061 0.2640778 0.4982195
1403638550.477829 -4.9959807 0.9853882 1.2687058 -0.7290001 -0.3868520 0.2669970 0.4976114
1403638550.777829 -5.3831663 1.1866477 1.4163499 -0.7256131 -0.3795881 0.2772170 0.5025428
1403638551.177830 -5.8392200 1.4722453 1.5633030 -0.7125676 -0.3680174 0.2919984 0.5211022
1403638551.277829 -5.9320059 1.5418284 1.6028795 -0.7139965 -0.3665011 0.2931121 0.5195876
1403638551.377830 -6.0145798 1.6120455 1.6448035 -0.7205977 -0.3616476 0.2891238 0.5160984
1403638551.477829 -6.0884399 1.6850536 1.6826887 -0.7302029 -0.3494172 0.2815050 0.5152342
1403638552.027829 -6.3601542 2.1635799 1.8184896 -0.7675750 -0.2569782 0.2204494 0.5442361
1403638552.327830 -6.4076681 2.4481542 1.9258294 -0.7758153 -0.2474103 0.2055025 0.5428329
1403638552.427830 -6.4131508 2.5448649 1.9624181 -0.7731040 -0.2428775 0.2102362 0.5469202
1403638552.827830 -6.3575616 2.9279366 2.0503688 -0.7645375 -0.2438493 0.2163595 0.5560653
1403638553.277829 -6.1561594 3.3306928 2.0643516 -0.7529749 -0.2566805 0.2164238 0.5659547
1403638553.677830 -5.8617926 3.6066208 2.1177125 -0.7402533 -0.2699436 0.2046885 0.5807393
1403638553.777829 -5.7681847 3.6495278 2.1456952 -0.7412306 -0.2715557 0.2030743 0.5793061
1403638553.977829 -5.5688848 3.7112370 2.2141504 -0.7464634 -0.2720760 0.2016254 0.5728125
1403638554.777829 -4.7319264 3.8062263 2.3392029 -0.7688329 -0.2763070 0.1983058 0.5415028
1403638555.477829 -4.0283451 3.9020519 2.3960080 -0.7811295 -0.2387005 0.1700210 0.5513182
1403638556.677830 -2.8434010 4.1701298 2.5299473 -0.8008572 -0.2303064 0.1710365 0.5256740
1403638557.477829 -2.0843809 4.6397152 2.6634059 -0.7862589 -0.2331573 0.1697047 0.5464751
1403638558.727829 -1.0286887 5.5857449 2.8757715 -0.8066767 -0.2336504 0.1597318 0.5188120
1403638558.927830 -0.9253235 5.7970304 2.9363055 -0.8019779 -0.2296441 0.1636634 0.5266018
1403638559.127830 -0.8270340 6.0255275 2.9681487 -0.7932267 -0.2314891 0.1616064 0.5395254
1403638559.327830 -0.7335439 6.2596092 2.9745250 -0.7886924 -0.2363476 0.1571438 0.5453532
1403638559.427830 -0.6886296 6.3756075 2.9683723 -0.7870420 -0.2405596 0.1523480 0.5472533
1403638560.327830 -0.4070840 7.3549037 2.8326168 -0.7988769 -0.1666672 0.1109082 0.5672013
1403638560.427830 -0.3812594 7.4594789 2.8041911 -0.7998596 -0.1406732 0.0957361 0.5755609
1403638561.127830 -0.1221167 8.0444355 2.6225052 -0.7984998 0.0322082 0.0074826 0.6010863
1403638561.527829 0.1257317 8.2113218 2.6208086 -0.8048580 0.0559205 -0.0314214 0.5899909
1403638561.827830 0.3222687 8.2787304 2.5759001 -0.8098058 0.0492293 -0.0397847 0.5832738
1403638561.927830 0.3866892 8.2952309 2.5511456 -0.8092912 0.0505163 -0.0443471 0.5835487
1403638562.227829 0.5728513 8.3277836 2.4902849 -0.8064274 0.0767650 -0.0655376 0.5826551
1403638562.927830 0.9725857 8.3070164 2.5170450 -0.7800373 0.2133400 -0.1309325 0.5734846
1403638563.027829 1.0341229 8.2891045 2.5164452 -0.7738431 0.2353138 -0.1425438 0.5705046
1403638563.327830 1.2299697 8.2035370 2.4865484 -0.7541282 0.2821477 -0.1726612 0.5673372
1403638563.627830 1.4276419 8.0503950 2.4275856 -0.7437219 0.2895074 -0.1855248 0.5732747
1403638563.727829 1.4906733 7.9797764 2.4165516 -0.7464048 0.2910268 -0.1821316 0.5700977
1403638564.177830 1.7855349 7.5701828 2.4239855 -0.7495003 0.2826179 -0.1685482 0.5744283
1403638564.377830 1.9252185 7.3397884 2.4238262 -0.7494559 0.2718226 -0.1707708 0.5790213
1403638564.577830 2.0654554 7.0790176 2.4467278 -0.7513703 0.2672945 -0.1686832 0.5792602
1403638564.677830 2.1345153 6.9373388 2.4587388 -0.7522822 0.2705168 -0.1630310 0.5781980
1403638565.077830 2.4230046 6.3014336 2.4005489 -0.7499654 0.2782118 -0.1543542 0.5799353
1403638565.177830 2.5010207 6.1285925 2.3466930 -0.7505981 0.2785732 -0.1537904 0.5790924
1403638565.377830 2.6665387 5.7656345 2.2223501 -0.7529441 0.2770000 -0.1575732 0.5757750
1403638565.777829 3.0171976 4.9782238 2.0045915 -0.7556469 0.2632577 -0.1876716 0.5696249
1403638566.227829 3.3491664 4.0438714 1.8308444 -0.7605180 0.2629483 -0.1956302 0.5605348
1403638566.327830 3.4119508 3.8377213 1.7743578 -0.7614958 0.2632132 -0.1946102 0.5594371
1403638566.527829 3.5276608 3.4279354 1.6423950 -0.7623273 0.2616042 -0.1920075 0.5599584
1403638566.927830 3.7382622 2.6422734 1.3148499 -0.7983970 0.2631243 -0.1749597 0.5125592
1403638567.027829 3.7948985 2.4646497 1.2272592 -0.7986729 0.2618481 -0.1739226 0.5131356
1403638567.227829 3.9151077 2.1356308 1.0530744 -0.7767171 0.2517788 -0.1872169 0.5461390
1403638567.277829 3.9446068 2.0563362 1.0064704 -0.7732541 0.2502500 -0.1900021 0.5507742
1403638567.377830 4.0005045 1.8984445 0.9099169 -0.7715253 0.2493030 -0.1934232 0.5524349
1403638567.627830 4.1226444 1.5101280 0.6914160 -0.7765048 0.2534762 -0.1957373 0.5426573
1403638567.727829 4.1657925 1.3606694 0.6189103 -0.7792866 0.2549058 -0.1969094 0.5375521
1403638567.827830 4.2058258 1.2167265 0.5551183 -0.7829636 0.2563120 -0.1970610 0.5314501
1403638568.027829 4.2833323 0.9526668 0.4476576 -0.7841086 0.2597317 -0.1952153 0.5287760
1403638568.277829 4.3726873 0.6581239 0.3564653 -0.7833704 0.2572090 -0.2013441 0.5288053
1403638568.377830 4.4044600 0.5502320 0.3260131 -0.7836241 0.2576737 -0.2014310 0.5281695
1403638568.777829 4.5142679 0.1822038 0.1725023 -0.7891786 0.2570329 -0.2019119 0.5199643
1403638568.927830 4.5479369 0.0740591 0.1305974 -0.7882348 0.2568668 -0.2022907 0.5213290
1403638569.577830 4.6527581 -0.2125830 0.0475297 -0.7877646 0.2537727 -0.2093938 0.5207499
1403638570.077830 4.6608663 -0.2595823 0.0273941 -0.7818084 0.2540935 -0.2095589 0.5294310
1403638572.277829 5.1365581 -1.3203604 -0.4330287 -0.6210657 0.5438479 -0.3486915 0.4437579
1403638572.577830 5.2747450 -1.6786858 -0.4488406 -0.5972539 0.5781611 -0.3778765 0.4077094
1403638572.827830 5.4104285 -1.9796606 -0.4480462 -0.5964808 0.5824372 -0.3898213 0.3911739
1403638572.927830 5.4728346 -2.0970008 -0.4330673 -0.5984058 0.5824302 -0.3902799 0.3877722
1403638573.227829 5.6864691 -2.4308071 -0.3993883 -0.6050909 0.5796850 -0.3870040 0.3847834
1403638573.327830 5.7678781 -2.5353370 -0.3920259 -0.6066002 0.5781616 -0.3858715 0.3858349
1403638573.427830 5.8548207 -2.6375942 -0.3835168 -0.6075435 0.5787985 -0.3861509 0.3831067
1403638573.627830 6.0483408 -2.8309374 -0.3445697 -0.6069435 0.5791115 -0.3896523 0.3800271
1403638573.727829 6.1523151 -2.9219611 -0.3163228 -0.6056444 0.5807692 -0.3930631 0.3760366
1403638573.877830 6.3207927 -3.0510552 -0.2718463 -0.5908516 0.5844525 -0.4115700 0.3740585
1403638573.977829 6.4379954 -3.1314893 -0.2476277 0.5719960 -0.5932974 0.4240223 -0.3755314
1403638574.077830 6.5546374 -3.2084985 -0.2290945 0.5462784 -0.6086202 0.4313747 -0.3808900
1403638574.127830 6.6121054 -3.2467682 -0.2216854 0.5322981 -0.6167407 0.4352466 -0.3832103
1403638574.327830 6.8285007 -3.4065123 -0.2058139 0.4840063 -0.6497834 0.4510230 -0.3742963
1403638574.527829 7.0185471 -3.5806632 -0.2059212 0.4516737 -0.6771691 0.4680878 -0.3439864
1403638574.677830 7.1466575 -3.7177920 -0.1950798 0.4367965 -0.6867529 0.4801677 -0.3271365
1403638574.827830 7.2652578 -3.8558090 -0.1703672 0.4365391 -0.6908267 0.4874892 -0.3074842
1403638574.927830 7.3416290 -3.9458566 -0.1529722 0.4375399 -0.6957948 0.4839768 -0.3003248
1403638575.027829 7.4175773 -4.0350800 -0.1408758 0.4373167 -0.6995475 0.4795326 -0.2990581
1403638575.327830 7.6429553 -4.3091249 -0.1359634 0.4314473 -0.7053835 0.4678555 -0.3120877
1403638575.527829 7.7914267 -4.5081787 -0.1552896 0.4415417 -0.7057295 0.4615035 -0.3065962
1403638575.577830 7.8295102 -4.5602870 -0.1601486 0.4451167 -0.7046320 0.4615836 -0.3038183
1403638575.677830 7.9082556 -4.6673536 -0.1650677 0.4526408 -0.7011309 0.4636501 -0.2975908
1403638575.777829 7.9897332 -4.7763915 -0.1622934 0.4597259 -0.6997935 0.4630242 -0.2907745
1403638575.877830 8.0768194 -4.8855391 -0.1498089 0.4643051 -0.6988557 0.4621201 -0.2871700
1403638575.977829 8.1710253 -4.9940209 -0.1269989 0.4649301 -0.6981376 0.4620016 -0.2880943
1403638576.227829 8.4262781 -5.2618537 -0.0440788 0.4649985 -0.6950921 0.4658545 -0.2891419
1403638576.327830 8.5370197 -5.3674965 -0.0145702 0.4668199 -0.6922274 0.4701276 -0.2861479
1403638576.527829 8.7719612 -5.5724545 0.0266266 0.4739316 -0.6880648 0.4760010 -0.2745521
1403638576.627830 8.8974953 -5.6689882 0.0404701 0.4771858 -0.6865140 0.4781544 -0.2689992
1403638576.727829 9.0296936 -5.7590709 0.0511360 0.4770726 -0.6839604 0.4817105 -0.2693602
1403638576.827830 9.1677198 -5.8429451 0.0578909 0.4740710 -0.6794357 0.4883649 -0.2740871
1403638576.927830 9.3085423 -5.9194803 0.0596952 0.4685297 -0.6781513 0.4909884 -0.2819948
1403638577.027829 9.4508133 -5.9890385 0.0579309 0.4631153 -0.6796907 0.4893284 -0.2900045
1403638577.227829 9.7346096 -6.1153774 0.0685139 0.4567553 -0.6826335 0.4862346 -0.2982653
1403638577.327830 9.8762436 -6.1741743 0.0826025 0.4597683 -0.6805758 0.4889448 -0.2938752
1403638577.427830 10.0170956 -6.2293606 0.1037598 0.4655946 -0.6770580 0.4930133 -0.2859234
1403638578.027829 10.8839321 -6.4531131 0.1688147 0.4649934 -0.6789605 0.4879542 -0.2910234
1403638578.127830 11.0305891 -6.4761367 0.1792736 0.4634006 -0.6793115 0.4865291 -0.2951023
1403638578.227829 11.1784725 -6.4962864 0.1971130 0.4571643 -0.6828701 0.4811922 -0.3051937
1403638578.427830 11.4720316 -6.5385742 0.2327795 0.4521828 -0.6861319 0.4768160 -0.3120902
1403638578.827830 12.0283203 -6.6358924 0.2478485 0.4577629 -0.6817268 0.4842948 -0.3019276
1403638579.027829 12.2961407 -6.6785641 0.2490406 0.4614643 -0.6776491 0.4890989 -0.2976992
1403638579.127830 12.4317598 -6.6951761 0.2630301 0.4621758 -0.6767735 0.4894513 -0.2980081
1403638579.227829 12.5666656 -6.7076368 0.2836304 0.4623212 -0.6764464 0.4893759 -0.2986481
1403638581.877830 14.6645260 -6.6552410 0.2380838 -0.6710846 0.4513779 -0.3447483 0.4764999
1403638584.777829 14.5442896 -5.8840685 0.9886265 -0.6663063 0.4476886 -0.3542659 0.4796944
1403638585.427830 14.1152468 -5.6206045 1.0362630 -0.6727855 0.4572024 -0.3419130 0.4705541
1403638585.627830 13.9767456 -5.5362926 1.0347919 -0.6757603 0.4580914 -0.3402476 0.4666176
1403638586.027829 13.7218933 -5.3546219 1.1251521 -0.6822948 0.4660871 -0.3300595 0.4563962
1403638586.727829 13.3356371 -5.0096164 1.2168617 -0.6727708 0.4552765 -0.3498140 0.4666188
1403638587.027829 13.1432533 -4.8511500 1.1712031 -0.6708922 0.4565416 -0.3467881 0.4703313
1403638587.477829 12.8277674 -4.6143832 1.1424155 -0.6747680 0.4601317 -0.3412832 0.4652880
1403638587.677830 12.6846285 -4.5070200 1.1366763 -0.6740223 0.4615791 -0.3403272 0.4656352
1403638588.927830 11.7602606 -3.8329287 1.0042329 -0.6702304 0.4611407 -0.3419541 0.4703275
1403638589.327830 11.4384489 -3.6187973 0.9554405 -0.6691433 0.4611303 -0.3437466 0.4705788
1403638589.627830 11.1890373 -3.4685464 0.9244666 -0.6692111 0.4611518 -0.3434398 0.4706852
1403638589.827830 11.0193100 -3.3731050 0.9361267 -0.6710413 0.4634808 -0.3414166 0.4672514
1403638590.027829 10.8493643 -3.2810156 0.9350505 -0.6704768 0.4649447 -0.3414805 0.4665602
1403638590.427830 10.5118980 -3.1041112 0.8775196 -0.6694458 0.4656319 -0.3430482 0.4662052
1403638591.427830 9.7504568 -2.7029934 0.8774385 -0.6874566 0.4827689 -0.3200127 0.4380977
1403638591.527829 9.6996040 -2.6612537 0.8690305 -0.6892989 0.4857127 -0.3159293 0.4349011
1403638591.627830 9.6573753 -2.6181169 0.8548889 -0.6909067 0.4875946 -0.3129907 0.4323613
1403638591.827830 9.6015797 -2.5278397 0.8231473 -0.6875852 0.4860495 -0.3158766 0.4372693
1403638592.077830 9.5805206 -2.4098823 0.8112631 -0.6822828 0.4818657 -0.3209165 0.4464396
1403638592.477829 9.6169558 -2.2226548 0.9156070 -0.6826603 0.4513771 -0.3043106 0.4874717
1403638592.877830 9.6909580 -2.0938797 1.1015992 -0.7192356 0.4227779 -0.2767732 0.4768181
1403638593.077830 9.7553396 -2.0368738 1.1734061 -0.7239174 0.4186997 -0.2743947 0.4747017
1403638593.277829 9.8441963 -1.9770122 1.2478347 -0.7205252 0.4127038 -0.2829694 0.4800493
1403638594.327830 10.2162180 -1.6263976 1.6051545 -0.7134079 0.3825234 -0.2954431 0.5073838
1403638594.627830 10.2240181 -1.5444419 1.7259603 -0.7135966 0.3776147 -0.2937247 0.5117743
1403638595.377830 10.1279221 -1.4020689 1.9177818 -0.7153850 0.3881240 -0.2851977 0.5062080
1403638595.827830 10.0361633 -1.3505349 1.9311814 -0.7193491 0.3835359 -0.2912054 0.5006360
1403638596.177830 9.9446087 -1.3091116 1.8829627 -0.7248369 0.3700458 -0.3105066 0.4911855
1403638596.577830 9.7616053 -1.1887422 1.8784289 -0.7339814 0.3445786 -0.3403687 0.4761157
1403638596.777829 9.6161032 -1.0608287 1.9271641 -0.7367182 0.3355258 -0.3506922 0.4708332
1403638596.877830 9.5259857 -0.9764957 1.9625039 -0.7367972 0.3324309 -0.3542283 0.4702572
1403638597.077830 9.3126898 -0.7702971 2.0309467 -0.7351452 0.3298533 -0.3590711 0.4709844
1403638597.177830 9.1907501 -0.6487497 2.0568948 -0.7334362 0.3290260 -0.3617238 0.4721962
1403638597.377830 8.9110632 -0.3705357 2.0910797 -0.7270343 0.3357279 -0.3567507 0.4810789
1403638597.477829 8.7542362 -0.2170749 2.1006289 -0.7219945 0.3417228 -0.3501436 0.4892332
1403638597.577830 8.5874672 -0.0571051 2.1057658 -0.7150479 0.3498292 -0.3401651 0.5006135
1403638597.677830 8.4131413 0.1047762 2.1051722 -0.7118218 0.3531479 -0.3368157 0.5051253
1403638597.777829 8.2317743 0.2669154 2.0976801 -0.7149693 0.3485912 -0.3399887 0.5017079
1403638597.877830 8.0419998 0.4314322 2.0854311 -0.7205429 0.3382275 -0.3433227 0.4985476
1403638597.977829 7.8426828 0.5991439 2.0707331 -0.7246182 0.3296677 -0.3441368 0.4978127
1403638598.077830 7.6338930 0.7737737 2.0616083 -0.7255127 0.3272328 -0.3381312 0.5022123
1403638598.177830 7.4130583 0.9525534 2.0604806 -0.7247002 0.3365612 -0.3178261 0.5104144
1403638598.277829 7.1853313 1.1312244 2.0627656 -0.7244236 0.3452670 -0.3009418 0.5152040
1403638598.377830 6.9560604 1.3079791 2.0621214 -0.7248164 0.3509137 -0.2900725 0.5170674
1403638598.477829 6.7267046 1.4819107 2.0551653 -0.7266032 0.3532607 -0.2851954 0.5156727
1403638598.577830 6.4964428 1.6527257 2.0408902 -0.7291026 0.3519221 -0.2800655 0.5158717
1403638598.677830 6.2665491 1.8202324 2.0198126 -0.7336767 0.3443277 -0.2757810 0.5168189
1403638598.777829 6.0375299 1.9854938 1.9999213 -0.7387511 0.3345416 -0.2679898 0.5201061
1403638598.877830 5.8091421 2.1483955 1.9861970 -0.7436991 0.3210942 -0.2599907 0.5255615
1403638599.027829 5.4672661 2.3859470 1.9728594 -0.7536434 0.2993330 -0.2442877 0.5317377
1403638599.127830 5.2397275 2.5421922 1.9726686 -0.7599005 0.2823855 -0.2344814 0.5364962
1403638599.227829 5.0105696 2.6946871 1.9772964 -0.7666330 0.2652507 -0.2237069 0.5402510
1403638599.377830 4.6667156 2.9187014 1.9972973 -0.7780741 0.2409581 -0.2053986 0.5425415
1403638599.527829 4.3257918 3.1378992 2.0280643 -0.7865493 0.2238014 -0.1935300 0.5420325
1403638599.677830 3.9898820 3.3544788 2.0484366 -0.7914408 0.2171597 -0.1856260 0.5403761
1403638599.777829 3.7687509 3.4984410 2.0518670 -0.7919040 0.2161051 -0.1842436 0.5405930
1403638599.927830 3.4443269 3.7162833 2.0464149 -0.7925237 0.2213844 -0.1795962 0.5391108
1403638600.077830 3.1283257 3.9375143 2.0332527 -0.7905128 0.2317809 -0.1709676 0.5404972
1403638600.227829 2.8252294 4.1577311 2.0139456 -0.7894548 0.2488367 -0.1528845 0.5398775
1403638600.377830 2.5433974 4.3713374 1.9870238 -0.7878309 0.2624393 -0.1393486 0.5394720
1403638600.527829 2.2926424 4.5765028 1.9699945 -0.7877262 0.2692046 -0.1331447 0.5378558
1403638600.627830 2.1449037 4.7079759 1.9699893 -0.7887921 0.2706841 -0.1328015 0.5356314
1403638600.727829 2.0120647 4.8356633 1.9780359 -0.7907042 0.2722843 -0.1311537 0.5323973
1403638600.877830 1.8419011 5.0219603 1.9994135 -0.7984024 0.2655093 -0.1385120 0.5223724
1403638601.027829 1.7004793 5.2080131 2.0163064 -0.8056530 0.2483629 -0.1594204 0.5136383
1403638601.127830 1.6166551 5.3373084 2.0228500 -0.8060644 0.2424392 -0.1663381 0.5136294
1403638601.277829 1.5030118 5.5396342 2.0244551 -0.8024935 0.2296367 -0.1826901 0.5195147
1403638601.377830 1.4302331 5.6816335 2.0253286 -0.7986522 0.2245775 -0.1822280 0.5277427
1403638601.477829 1.3570728 5.8279858 2.0316358 -0.7957322 0.2189639 -0.1716169 0.5379710
1403638601.577830 1.2841064 5.9744964 2.0434999 -0.7949848 0.2039042 -0.1631672 0.5475389
1403638601.727829 1.1743370 6.1930728 2.0698233 -0.8003155 0.1721604 -0.1469301 0.5552183
1403638601.877830 1.0595989 6.4075384 2.1114268 -0.8053432 0.1292200 -0.1289052 0.5640108
1403638602.027829 0.9394616 6.6183653 2.1564574 -0.8107035 0.0965764 -0.1080096 0.5672448
1403638602.127830 0.8578504 6.7573342 2.1788478 -0.8121162 0.0808977 -0.0999500 0.5691510
1403638602.277829 0.7288701 6.9621201 2.2009730 -0.8098730 0.0539563 -0.0911126 0.5769688
1403638602.377830 0.6345502 7.0949335 2.2161536 -0.8029177 0.0389021 -0.0715677 0.5904980
1403638602.677830 0.3404884 7.4281387 2.3177519 -0.7587440 0.0011534 0.0059189 0.6513609
1403638603.127830 -0.0204709 7.5790539 2.5259275 -0.7642691 -0.0765482 0.0829016 0.6349493
1403638603.527829 -0.2162753 7.4834299 2.6073599 -0.8027030 -0.1178604 0.0912054 0.5774584
1403638603.827830 -0.3173509 7.3772597 2.6050558 -0.7842151 -0.1366959 0.0805673 0.5998580
1403638604.027829 -0.3780239 7.2756310 2.5689573 -0.7739397 -0.1471272 0.0645693 0.6125373
1403638604.327830 -0.4968834 7.0480852 2.5329928 -0.7777342 -0.1423144 0.0723231 0.6079847
1403638604.777829 -0.6959357 6.5799932 2.5476623 -0.7986732 -0.1338043 0.0839763 0.5806595
1403638605.077830 -0.8194824 6.2521939 2.5578871 -0.8148201 -0.1324499 0.0857327 0.5578309
1403638605.427830 -0.9555132 5.9220734 2.6132722 -0.8138440 -0.1449132 0.0688004 0.5585022
1403638605.827830 -1.1619895 5.5841117 2.6322327 -0.7970744 -0.1619790 0.0456382 0.5799589
1403638605.977829 -1.2712244 5.4489636 2.6606135 -0.7965786 -0.1650888 0.0399198 0.5801850
1403638606.127830 -1.3992841 5.3087821 2.6866255 -0.7969463 -0.1663509 0.0356939 0.5795946
1403638606.277829 -1.5462536 5.1604953 2.6965013 -0.7982644 -0.1673431 0.0322676 0.5776929
1403638606.577830 -1.8942993 4.8545632 2.6696587 -0.8208579 -0.1447615 0.0617560 0.5490195
1403638606.677830 -2.0188260 4.7599511 2.6486721 -0.8246205 -0.1460041 0.0694234 0.5420924
1403638606.827830 -2.2108202 4.6303883 2.6082587 -0.8273285 -0.1615320 0.0810148 0.5318568
1403638606.977829 -2.4101901 4.5216627 2.5721846 -0.8244801 -0.1850601 0.0997335 0.5253938
1403638607.077830 -2.5461717 4.4620852 2.5593410 -0.8201230 -0.2012630 0.1150818 0.5231136
1403638607.327830 -2.8880146 4.3569617 2.5487089 -0.7968717 -0.2193720 0.1483361 0.5430174
1403638607.477829 -3.0876217 4.3108644 2.5234990 -0.7905027 -0.2223723 0.1592090 0.5480042
1403638607.627830 -3.2774582 4.2709951 2.4826994 -0.7892377 -0.2242873 0.1626244 0.5480440
1403638607.727829 -3.3986287 4.2483368 2.4506907 -0.7870842 -0.2252334 0.1614322 0.5510971
1403638608.127830 -3.8407803 4.1833467 2.2822342 -0.7886224 -0.2161468 0.1636133 0.5518932
1403638608.227829 -3.9409149 4.1757531 2.2284169 -0.7849156 -0.2177031 0.1581279 0.5581293
1403638608.327830 -4.0369053 4.1685281 2.1708694 -0.7796775 -0.2175668 0.1557550 0.5661343
1403638608.477829 -4.1729889 4.1541386 2.0743504 -0.7765446 -0.2177443 0.1544834 0.5707022
1403638608.577830 -4.2580814 4.1417875 2.0032320 -0.7781492 -0.2181893 0.1533009 0.5686617
1403638608.677830 -4.3393726 4.1274691 1.9355245 -0.7744784 -0.2152034 0.1577186 0.5735813
1403638608.827830 -4.4496288 4.0974278 1.8415446 -0.7761536 -0.2154426 0.1582694 0.5710699
1403638609.277829 -4.7098603 3.9888089 1.6449752 -0.7835386 -0.2085149 0.1701267 0.5600408
1403638609.727829 -4.8643131 3.8887248 1.3916059 -0.7840415 -0.2155882 0.1587507 0.5599990
1403638609.977829 -4.9205408 3.8379164 1.2522483 -0.7837768 -0.2145880 0.1600036 0.5603971
1403638610.227829 -4.9541178 3.7886291 1.1535368 -0.7765666 -0.2120006 0.1633743 0.5703587
1403638610.677830 -4.9385247 3.6730206 0.9177094 -0.7624105 -0.2079679 0.1675582 0.5894098
1403638610.977829 -4.8631115 3.5473766 0.7762113 -0.7758326 -0.2118865 0.1674302 0.5702237
1403638611.377830 -4.6922507 3.3593702 0.6026425 -0.7703708 -0.2173092 0.1634715 0.5766997
1403638611.527829 -4.6094522 3.2767193 0.5498142 -0.7676891 -0.2296123 0.1446153 0.5805326
1403638611.827830 -4.4505439 3.0756500 0.4743819 -0.7780929 -0.2224555 0.1516705 0.5675218
1403638612.077830 -4.3193951 2.8987041 0.3887062 -0.7847112 -0.2156968 0.1585944 0.5590627
1403638612.227829 -4.2372379 2.7963119 0.3517694 -0.7860212 -0.2132915 0.1606648 0.5575521
1403638612.527829 -4.0622339 2.6085343 0.3059754 -0.7828189 -0.2141302 0.1554019 0.5631992
1403638612.777829 -3.9097672 2.4544964 0.2307215 -0.7796887 -0.2175883 0.1432695 0.5693985
1403638612.927830 -3.8204350 2.3558278 0.1816053 -0.7778345 -0.2143168 0.1432155 0.5731764
1403638613.377830 -3.5664098 2.0342088 0.1235628 -0.7831213 -0.2115961 0.1435488 0.5668702
1403638613.777829 -3.3509712 1.7353131 0.0825927 -0.7784106 -0.1922339 0.1476261 0.5790764
1403638613.927830 -3.2625787 1.6158309 0.0421596 -0.7797180 -0.1787627 0.1392956 0.5836785
1403638614.077830 -3.1658177 1.4901665 -0.0084453 -0.7862914 -0.1589168 0.1219272 0.5844871
1403638614.227829 -3.0631440 1.3589294 -0.0588856 -0.7952171 -0.1358296 0.1004870 0.5823080
1403638614.327830 -2.9936397 1.2681384 -0.0858498 -0.7997564 -0.1227711 0.0905298 0.5806215
1403638614.627830 -2.7829633 0.9901606 -0.1203276 -0.8063757 -0.0919570 0.0784584 0.5789183
1403638614.777829 -2.6708705 0.8553578 -0.1079447 -0.8128284 -0.0666795 0.0755023 0.5737276
1403638614.927830 -2.5477986 0.7223231 -0.0784198 -0.8205439 -0.0373253 0.0623313 0.5669475
1403638615.077830 -2.4110980 0.6000003 -0.0390306 -0.8238459 -0.0041087 0.0369473 0.5655934
1403638615.227829 -2.2603753 0.4848703 0.0094706 -0.8193660 0.0279126 -0.0016183 0.5725885
1403638615.327830 -2.1563911 0.4107250 0.0434880 -0.8154004 0.0519883 -0.0258509 0.5759785
1403638615.427830 -2.0520992 0.3369727 0.0723224 -0.8113733 0.0779497 -0.0481583 0.5773023
1403638615.527829 -1.9485450 0.2639595 0.0953080 -0.8079460 0.1036521 -0.0683843 0.5760235
1403638615.627830 -1.8470482 0.1904637 0.1134962 -0.8043024 0.1246491 -0.0840744 0.5748842
1403638615.777829 -1.6998154 0.0789120 0.1440579 -0.8008978 0.1452004 -0.0977585 0.5726455
1403638615.877830 -1.6040319 0.0030414 0.1731572 -0.7987711 0.1570575 -0.1028726 0.5715897
1403638616.027829 -1.4612031 -0.1119786 0.2119246 -0.7954482 0.1749646 -0.1139939 0.5689068
1403638616.177830 -1.3191298 -0.2289919 0.2306553 -0.7911728 0.1951759 -0.1281020 0.5652803
1403638616.327830 -1.1765094 -0.3475638 0.2119188 -0.7848860 0.2222849 -0.1446724 0.5600119
1403638616.477829 -1.0342838 -0.4681044 0.1666521 -0.7779880 0.2491494 -0.1608147 0.5538933
1403638616.627830 -0.8951051 -0.5902690 0.1120427 -0.7764556 0.2670596 -0.1715430 0.5443977
1403638616.777829 -0.7573501 -0.7124016 0.0497489 -0.7834849 0.2839713 -0.1659285 0.5272377
1403638616.877830 -0.6614134 -0.7900721 0.0067482 -0.7872856 0.2918442 -0.1596866 0.5191421
1403638616.977829 -0.5573747 -0.8641459 -0.0291147 -0.7862175 0.2889877 -0.1655495 0.5205206
1403638617.077830 -0.4463004 -0.9334391 -0.0546086 -0.7840720 0.2831037 -0.1726757 0.5246586
1403638617.327830 -0.1586369 -1.0906115 -0.0818394 -0.7886053 0.2710862 -0.1795243 0.5219050
1403638617.577830 0.1339735 -1.2154667 -0.0645124 -0.7965174 0.2649910 -0.1775801 0.5136197
1403638617.727829 0.3142439 -1.2689551 -0.0293682 -0.7959786 0.2587084 -0.1809074 0.5164887
1403638617.927830 0.5554112 -1.3166230 0.0432003 -0.7958015 0.2549069 -0.1804768 0.5187974
1403638618.077830 0.7347397 -1.3367519 0.1000299 -0.7955593 0.2531423 -0.1795411 0.5203552
1403638618.427830 1.1500026 -1.3441133 0.1809204 -0.7959039 0.2498052 -0.1779540 0.5219834
1403638618.577830 1.3234265 -1.3307570 0.2063950 -0.7954219 0.2484254 -0.1789102 0.5230489
1403638618.777829 1.5537590 -1.2968874 0.2402828 -0.7927650 0.2542713 -0.1852842 0.5220531
1403638618.927830 1.7230433 -1.2589364 0.2792164 -0.7873887 0.2605165 -0.1915094 0.5248565
1403638619.027829 1.8353994 -1.2289689 0.3026619 -0.7797562 0.2703226 -0.2013501 0.5276024
1403638619.177830 2.0009661 -1.1805980 0.3221873 -0.7673010 0.2941975 -0.2218858 0.5248463
1403638619.477829 2.3117499 -1.0747232 0.3081360 -0.7357050 0.3577200 -0.2607667 0.5126160
1403638619.627830 2.4556532 -1.0185632 0.2866191 -0.7242309 0.3790587 -0.2668288 0.5104963
1403638620.127830 2.9107714 -0.8762884 0.1831839 -0.7049729 0.4058466 -0.2679286 0.5162519
1403638620.277829 3.0486434 -0.8642612 0.1667451 -0.7042534 0.4039585 -0.2728711 0.5161260
1403638621.127830 3.7619781 -0.9551289 0.1271149 -0.7213371 0.3862068 -0.2775647 0.5034630
1403638622.127830 4.4033828 -1.1380512 0.0066199 -0.7124805 0.3705513 -0.2851021 0.5232399
1403638622.627830 4.5170121 -1.2975018 -0.0651371 -0.7124039 0.3699738 -0.2901748 0.5209596
1403638622.877830 4.5173545 -1.3982782 -0.0248120 -0.6953555 0.3631655 -0.3019757 0.5416662
1403638623.377830 4.3659711 -1.6653055 0.0175971 -0.7115282 0.3816437 -0.2791349 0.5197685
1403638623.877830 4.1301804 -1.9920770 0.0436500 -0.7161212 0.3812082 -0.2840495 0.5110448
1403638624.627830 3.6999586 -2.5276806 0.0498604 -0.6997865 0.3930428 -0.2805584 0.5264059
1403638624.777829 3.6053767 -2.6474154 0.0320107 -0.7087888 0.3830184 -0.2852223 0.5191951
1403638624.977829 3.4669647 -2.8127346 0.0340282 -0.7205226 0.3756264 -0.2773505 0.5126682
1403638625.677830 2.9899104 -3.3987272 0.0547389 -0.7260163 0.3728238 -0.2606516 0.5157164
1403638625.977829 2.8096750 -3.6533439 0.0862561 -0.7328674 0.3763358 -0.2576884 0.5048500
1403638626.277829 2.6560953 -3.8992832 0.0746629 -0.7328052 0.3771575 -0.2591310 0.5035869
1403638626.427830 2.5884314 -4.0183606 0.0550742 -0.7316712 0.3696456 -0.2698719 0.5051620
1403638626.727829 2.4527285 -4.2396526 0.0065157 -0.7376928 0.3713485 -0.2659698 0.4971617
1403638627.027829 2.3389068 -4.4224544 0.0018709 -0.7430168 0.3731348 -0.2614788 0.4902298
1403638627.327830 2.2535892 -4.5680819 -0.0101533 -0.7435343 0.3705276 -0.2629769 0.4906213
1403638627.477829 2.2206101 -4.6283736 -0.0266743 -0.7438423 0.3694705 -0.2640213 0.4903907
1403638627.777829 2.1687729 -4.7225580 -0.0680230 -0.7386020 0.3658347 -0.2712327 0.4970562
1403638628.077830 2.1204276 -4.7884927 -0.1141353 -0.7408240 0.3667037 -0.2722965 0.4925067
1403638628.527829 2.0556426 -4.8224645 -0.1507699 -0.7332994 0.3753537 -0.2642189 0.5015675
1403638628.927830 2.0177631 -4.8364773 -0.1681809 -0.7273024 0.3756777 -0.2656246 0.5092553
1403638629.227829 1.9966450 -4.8572388 -0.1933017 -0.7326487 0.3690752 -0.2738899 0.5019898
1403638629.627830 1.9625118 -4.8573422 -0.1969020 -0.7399035 0.3797891 -0.2609267 0.4901227
1403638629.777829 1.9588804 -4.8456745 -0.1905777 -0.7305012 0.3872651 -0.2519425 0.5029104
1403638629.977829 1.9683127 -4.8359327 -0.1992612 -0.7202893 0.3792225 -0.2655931 0.5165597
1403638630.377830 1.9691834 -4.8410091 -0.3038094 -0.7451169 0.3760034 -0.2662996 0.4821896
1403638630.477829 1.9744253 -4.8295755 -0.2896185 -0.7281808 0.3699107 -0.2733233 0.5081468
1403638630.577830 1.9780242 -4.8202305 -0.2883637 -0.7271920 0.3708083 -0.2731873 0.5089810
1403638630.727829 1.9794490 -4.8150215 -0.3119321 -0.7543487 0.3698793 -0.2563556 0.4779427
1403638630.827830 1.9773719 -4.8231201 -0.3131161 -0.7513112 0.3710310 -0.2612820 0.4791651
1403638631.277829 1.9513063 -4.8438444 -0.3138986 -0.7529014 0.3696342 -0.2602638 0.4783021
