1403638538.577830 25.2788258 -36.2419357 8.4582520 -0.8291094 0.1276162 -0.0963205 0.5357370
1403638538.927830 25.2788486 -36.2387886 8.4604073 -0.8252679 0.1261694 -0.0960534 0.5420220
1403638539.127830 25.2815590 -36.2254715 8.4671974 -0.8137493 0.1275287 -0.0983379 0.5584605
1403638539.177830 25.2824249 -36.2207794 8.4714241 -0.8115659 0.1272248 -0.0986308 0.5616463
1403638539.227829 25.2833576 -36.2158585 8.4779320 -0.8090094 0.1265560 -0.0987132 0.5654584
1403638539.277829 25.2843800 -36.2109413 8.4863586 -0.8079512 0.1262357 -0.0988393 0.5670187
1403638540.677830 25.3438873 -35.8969002 8.6849937 -0.8222021 0.0829021 -0.0752457 0.5580762
1403638541.027829 25.3353653 -35.7268181 8.7015343 -0.8251411 -0.0054462 -0.0365143 0.5637192
1403638542.027829 25.0237923 -35.1594505 8.8490639 -0.8194768 -0.0808090 0.0342741 0.5663507
1403638542.177830 24.9458408 -35.0785370 8.8788795 -0.8168301 -0.1098936 0.0566622 0.5634727
1403638542.927830 24.4864426 -34.7289505 8.9687080 -0.7942968 -0.1989221 0.1081933 0.5637525
1403638543.377830 24.1391144 -34.6069946 9.0754814 -0.8014942 -0.1887675 0.1138532 0.5558879
1403638543.477829 24.0596352 -34.5797501 9.0858040 -0.8007603 -0.1933752 0.1164526 0.5548224
1403638543.677830 23.8982201 -34.5287170 9.0951195 -0.7942043 -0.2228867 0.1296478 0.5502295
1403638543.827830 23.7717800 -34.4927788 9.1059303 -0.7833746 -0.2571357 0.1451301 0.5469396
1403638544.477829 23.1759644 -34.3147926 9.2291870 -0.7645520 -0.3122600 0.2017378 0.5265509
1403638544.527829 23.1293812 -34.2978287 9.2326775 -0.7637064 -0.3117441 0.2019942 0.5279835
1403638545.027829 22.6698227 -34.1290398 9.2951698 -0.7584094 -0.3151364 0.2088174 0.5309422
1403638545.427830 22.3179111 -33.9932594 9.2646484 -0.7547650 -0.3168352 0.2107605 0.5343457
1403638545.577830 22.1887436 -33.9477081 9.2426643 -0.7527988 -0.3245776 0.2166772 0.5300891
1403638545.927830 21.8921223 -33.8496208 9.2481079 -0.7268714 -0.3852356 0.2525394 0.5093874
1403638546.027829 21.8092880 -33.8223419 9.2648125 -0.7162790 -0.4067158 0.2618628 0.5029460
1403638546.077830 21.7678776 -33.8085442 9.2734528 -0.7111750 -0.4160897 0.2652550 0.5007388
1403638546.777829 21.1388016 -33.6233978 9.2923508 -0.6875124 -0.4559874 0.2962162 0.4813088
1403638546.827830 21.0902195 -33.6106567 9.3007622 -0.6856825 -0.4589704 0.2964661 0.4809299
1403638546.977829 20.9413681 -33.5730095 9.3281059 -0.6814724 -0.4657197 0.2954679 0.4810399
1403638547.527829 20.3562756 -33.4836235 9.3344421 -0.6827193 -0.4659159 0.2976577 0.4777202
1403638547.677830 20.1854725 -33.4709587 9.3154678 -0.6854534 -0.4623635 0.2994761 0.4761174
1403638548.127830 19.6463699 -33.4485397 9.2390289 -0.6805103 -0.4703370 0.2982413 0.4761733
1403638548.277829 19.4562874 -33.4514160 9.2415733 -0.6732851 -0.4826424 0.3082699 0.4676678
1403638548.827830 18.7338905 -33.4786110 9.3150558 -0.6393936 -0.5266619 0.3416548 0.4439315
1403638548.927830 18.5966492 -33.4833450 9.3335533 -0.6378595 -0.5281445 0.3437075 0.4427910
1403638549.077830 18.3910866 -33.4915047 9.3720055 -0.6373513 -0.5293080 0.3442543 0.4417072
1403638549.227829 18.1855049 -33.5005188 9.4232254 -0.6376414 -0.5280567 0.3456693 0.4416812
1403638549.427830 17.9033127 -33.5112267 9.5061646 -0.6397428 -0.5235235 0.3498446 0.4407505
1403638549.827830 17.3384991 -33.5228271 9.6308556 -0.6404219 -0.5194113 0.3521948 0.4427534
1403638549.877830 17.2674637 -33.5225830 9.6489258 -0.6411429 -0.5197237 0.3511433 0.4421781
1403638550.177830 16.8268890 -33.5113029 9.7982368 -0.6427636 -0.5193266 0.3521812 0.4394580
1403638550.227829 16.7533817 -33.5080872 9.8296051 -0.6428297 -0.5197176 0.3522130 0.4388733
1403638550.427830 16.4582539 -33.4908981 9.9626007 -0.6415725 -0.5197967 0.3534835 0.4395972
1403638550.527829 16.3108387 -33.4803619 10.0197601 -0.6427763 -0.5181979 0.3561712 0.4375520
1403638550.677830 16.0897903 -33.4590988 10.0954819 -0.6407741 -0.5136002 0.3628016 0.4404526
1403638550.877830 15.8028812 -33.4199371 10.1809616 -0.6362041 -0.5074226 0.3707036 0.4475998
1403638550.977829 15.6649075 -33.3965149 10.2180328 -0.6318160 -0.5032085 0.3757374 0.4543252
1403638551.277829 15.2969913 -33.3125343 10.3267899 -0.6312507 -0.4965127 0.3844197 0.4552135
1403638551.377830 15.1935253 -33.2779541 10.3691826 -0.6386415 -0.4929826 0.3799184 0.4525121
1403638551.427830 15.1446686 -33.2585945 10.3889809 -0.6440820 -0.4886828 0.3763336 0.4524608
1403638551.577830 15.0058022 -33.1909332 10.4412613 -0.6641235 -0.4654653 0.3655987 0.4567491
1403638551.627830 14.9620876 -33.1652069 10.4559631 -0.6722696 -0.4558195 0.3622341 0.4572403
1403638552.427830 14.4749193 -32.5486679 10.6987839 -0.7122976 -0.3872374 0.3085004 0.4975008
1403638552.527829 14.4403067 -32.4564667 10.7300491 -0.7085925 -0.3827691 0.3147703 0.5022990
1403638552.577830 14.4257765 -32.4094620 10.7435188 -0.7066807 -0.3816086 0.3169895 0.5044751
1403638553.077830 14.3977242 -31.9136543 10.8014908 -0.6995038 -0.4013928 0.3062074 0.5057819
1403638553.527829 14.5147572 -31.4663963 10.8259697 -0.6776102 -0.4041835 0.3137164 0.5282634
1403638553.877830 14.7479191 -31.1884155 10.9195862 -0.6770267 -0.4113309 0.3058079 0.5281319
1403638554.277829 15.1145687 -30.9511528 11.0292511 -0.6928318 -0.4212626 0.2921836 0.5071003
1403638554.677830 15.4941473 -30.7538700 11.0760384 -0.7007414 -0.4236783 0.2914259 0.4944989
1403638555.177830 15.9426165 -30.5063400 11.1547775 -0.7099057 -0.4033929 0.2912904 0.4984556
1403638555.327830 16.0792561 -30.4250793 11.1564560 -0.7173748 -0.3913196 0.2817630 0.5028440
1403638556.177830 16.8451462 -29.9500256 11.2346992 -0.7275528 -0.3860766 0.2635150 0.5021669
1403638556.927830 17.3968086 -29.4270039 11.3495674 -0.7346826 -0.3717757 0.2812766 0.4928569
1403638557.427830 17.7362633 -28.9435272 11.4259796 -0.7276806 -0.3791015 0.2739447 0.5017145
1403638558.327830 18.2871437 -28.0219231 11.5308838 -0.7385603 -0.3937796 0.2494650 0.4870662
1403638559.277829 18.4174843 -26.9027195 11.7544670 -0.7285602 -0.3847322 0.2592565 0.5039517
1403638559.477829 18.4125919 -26.6490898 11.7434731 -0.7242157 -0.3904350 0.2533563 0.5088053
1403638559.927830 18.3707924 -26.1231766 11.6904755 -0.7221709 -0.3899493 0.2545649 0.5114740
1403638560.027829 18.3558617 -26.0124702 11.6807861 -0.7272173 -0.3800497 0.2510932 0.5134876
1403638560.327830 18.3071880 -25.6810436 11.6152725 -0.7511137 -0.3194673 0.2173155 0.5352971
1403638561.677830 18.5621548 -24.6002693 11.3917866 -0.8036918 -0.1070278 0.0748800 0.5805321
1403638561.827830 18.6430416 -24.5349312 11.3649940 -0.8036882 -0.1100195 0.0728906 0.5802310
1403638561.977829 18.7257862 -24.4753208 11.3269062 -0.8038187 -0.1053385 0.0660374 0.5817375
1403638562.977829 19.2892284 -24.2490482 11.3122311 -0.8057326 0.0672201 -0.0249528 0.5879233
1403638563.077830 19.3564606 -24.2434864 11.3090038 -0.8037183 0.0909964 -0.0336085 0.5870494
1403638563.127830 19.3915787 -24.2424068 11.3054924 -0.8029290 0.1028985 -0.0366945 0.5859782
1403638563.527829 19.7071285 -24.2840347 11.2397652 -0.7827922 0.1387162 -0.0680021 0.6028017
1403638563.727829 19.8805141 -24.3582458 11.2090931 -0.7885148 0.1390882 -0.0684271 0.5951611
1403638564.077830 20.2176170 -24.5594654 11.2193718 -0.7895747 0.1349524 -0.0555924 0.5960446
1403638564.277829 20.4328957 -24.7120781 11.2164631 -0.7887393 0.1249472 -0.0550027 0.5993775
1403638564.377830 20.5459690 -24.7975883 11.2183990 -0.7877552 0.1199035 -0.0551314 0.6016855
1403638564.727829 20.9645634 -25.1562080 11.2546768 -0.7904803 0.1193264 -0.0458457 0.5989995
1403638564.827830 21.0913391 -25.2740250 11.2557945 -0.7904472 0.1223747 -0.0429575 0.5986421
1403638564.927830 21.2221947 -25.3963757 11.2435417 -0.7893658 0.1246895 -0.0408751 0.5997360
1403638565.177830 21.5675430 -25.7238789 11.1360340 -0.7902482 0.1262292 -0.0384295 0.5984123
1403638565.227829 21.6404896 -25.7919292 11.1057949 -0.7906532 0.1258837 -0.0390906 0.5979070
1403638565.777829 22.5036869 -26.6120529 10.7913761 -0.7922145 0.1107688 -0.0741959 0.5955011
1403638565.927830 22.7374973 -26.8599224 10.7397766 -0.7960845 0.1083618 -0.0827370 0.5896286
1403638566.127830 23.0325756 -27.1973782 10.6673565 -0.7973447 0.1101623 -0.0838958 0.5874241
1403638566.277829 23.2427101 -27.4537220 10.5915432 -0.7971045 0.1100203 -0.0841860 0.5877351
1403638566.527829 23.5745373 -27.8808956 10.4305305 -0.7985275 0.1086634 -0.0814730 0.5864370
1403638566.827830 23.9485722 -28.3850994 10.1905346 -0.8278811 0.1055211 -0.0753033 0.5457176
1403638567.027829 24.1906166 -28.6876144 10.0169373 -0.8343510 0.1021281 -0.0731179 0.5367328
1403638567.127830 24.3101292 -28.8234024 9.9324341 -0.8220276 0.0988364 -0.0767066 0.5555341
1403638567.227829 24.4275913 -28.9526787 9.8433609 -0.8109158 0.0965180 -0.0798717 0.5715946
1403638567.277829 24.4853573 -29.0163937 9.7968330 -0.8072036 0.0956761 -0.0817052 0.5767086
1403638567.627830 24.8610058 -29.4643326 9.4821110 -0.8110182 0.0979241 -0.0888273 0.5698860
1403638567.677830 24.9106293 -29.5272083 9.4449329 -0.8125224 0.0983462 -0.0901134 0.5674638
1403638567.827830 25.0521259 -29.7097569 9.3459568 -0.8179062 0.0994009 -0.0923395 0.5591263
1403638567.877830 25.0968781 -29.7674809 9.3169727 -0.8188343 0.1015996 -0.0905632 0.5576614
1403638568.277829 25.4240036 -30.1752110 9.1483097 -0.8184447 0.1002163 -0.0969983 0.5574014
1403638568.577830 25.6266117 -30.4305840 9.0437794 -0.8209354 0.1001319 -0.0984682 0.5534822
1403638568.877830 25.7905827 -30.6332779 8.9351673 -0.8233079 0.1007108 -0.0973884 0.5500336
1403638569.177830 25.9170265 -30.7784328 8.8919315 -0.8235256 0.0981944 -0.1016144 0.5493979
1403638569.927830 26.0560589 -30.9304428 8.8189869 -0.8178214 0.0955782 -0.1077854 0.5571492
1403638571.977829 26.6786766 -31.5020733 8.3747749 -0.7380672 0.3633811 -0.2200684 0.5241956
1403638572.277829 26.9246559 -31.7630653 8.3611794 -0.7152007 0.4117146 -0.2573033 0.5027665
1403638572.377830 27.0125370 -31.8575249 8.3587389 -0.7085887 0.4292605 -0.2694743 0.4909391
1403638572.827830 27.4448700 -32.2791100 8.3475027 -0.6984738 0.4543845 -0.3079255 0.4591852
1403638573.027829 27.6586952 -32.4476891 8.3792238 -0.7029780 0.4528933 -0.3092263 0.4528672
1403638573.177830 27.8267403 -32.5616798 8.3943300 -0.7059078 0.4509698 -0.3070556 0.4517049
1403638573.277829 27.9428978 -32.6316071 8.4017115 -0.7075583 0.4491429 -0.3054343 0.4520420
1403638573.527829 28.2519531 -32.7853584 8.4306641 -0.7085231 0.4485593 -0.3087149 0.4488706
1403638573.627830 28.3833733 -32.8359337 8.4554310 -0.7081067 0.4490274 -0.3099093 0.4482361
1403638573.677830 28.4497509 -32.8594666 8.4694500 -0.7085050 0.4493938 -0.3117687 0.4459441
1403638573.777829 28.5862999 -32.9014130 8.5001736 -0.7043888 0.4525090 -0.3184932 0.4445607
1403638573.877830 28.7264481 -32.9378166 8.5298491 -0.6933478 0.4573241 -0.3323306 0.4468556
1403638573.977829 28.8682175 -32.9683685 8.5547552 -0.6764942 0.4696665 -0.3442668 0.4508319
1403638574.077830 29.0079708 -32.9958382 8.5738697 -0.6542776 0.4896583 -0.3503997 0.4575760
1403638574.127830 29.0769138 -33.0097008 8.5815334 -0.6421866 0.5003373 -0.3537030 0.4606008
1403638574.327830 29.3425980 -33.0764236 8.5986948 -0.6012841 0.5421196 -0.3708410 0.4550173
1403638574.477829 29.5293007 -33.1418953 8.5993366 -0.5809972 0.5680907 -0.3884691 0.4345193
1403638574.627830 29.7059784 -33.2177963 8.6059008 0.5641410 -0.5850586 0.4032330 -0.4205408
1403638574.927830 30.0356846 -33.3835144 8.6540766 0.5643364 -0.5964793 0.4176455 -0.3889849
1403638574.977829 30.0886955 -33.4109306 8.6610432 0.5653534 -0.5977653 0.4168268 -0.3864034
1403638575.027829 30.1416435 -33.4379730 8.6667747 0.5649406 -0.6002390 0.4134999 -0.3867466
1403638575.427830 30.5657997 -33.6707954 8.6660223 0.5654531 -0.6072109 0.3958946 -0.3934784
1403638575.577830 30.7309990 -33.7709541 8.6509237 0.5736270 -0.6037311 0.3949589 -0.3879026
1403638575.727829 30.9049873 -33.8763313 8.6472149 0.5838596 -0.5973734 0.3984185 -0.3788348
1403638575.777829 30.9647903 -33.9117622 8.6498404 0.5870240 -0.5961351 0.3989463 -0.3753235
1403638575.827830 31.0260963 -33.9467049 8.6548500 0.5898684 -0.5951836 0.3989185 -0.3723921
1403638575.927830 31.1533279 -34.0137405 8.6732473 0.5917648 -0.5942589 0.3980632 -0.3717747
1403638575.977829 31.2196827 -34.0461388 8.6864510 0.5917200 -0.5935506 0.3985310 -0.3724757
1403638576.077830 31.3541622 -34.1090927 8.7172375 -0.5924044 0.5921857 -0.3993412 0.3726926
1403638576.177830 31.4934864 -34.1692657 8.7538300 0.5907461 -0.5916547 0.4005102 -0.3749071
1403638576.227829 31.5646782 -34.1984711 8.7710638 -0.5910606 0.5904870 -0.4022765 0.3743608
1403638576.527829 32.0104218 -34.3563156 8.8432903 -0.5984220 0.5818354 -0.4150724 0.3620410
1403638576.677830 32.2447701 -34.4161758 8.8635435 -0.6015977 0.5787224 -0.4196000 0.3565060
1403638576.727829 32.3246727 -34.4317245 8.8687849 -0.6007128 0.5770540 -0.4217859 0.3581195
1403638576.977829 32.7300262 -34.4806824 8.8787203 -0.5879720 0.5741027 -0.4272273 0.3770570
1403638577.027829 32.8098526 -34.4851112 8.8777618 -0.5861096 0.5757990 -0.4250550 0.3798149
1403638577.277829 33.2031136 -34.4940033 8.8959846 -0.5815246 0.5790641 -0.4213446 0.3859827
1403638577.377830 33.3580704 -34.4928284 8.9143143 -0.5860145 0.5744414 -0.4274105 0.3793736
1403638577.477829 33.5107384 -34.4868546 8.9385357 -0.5886515 0.5713659 -0.4314404 0.3753529
1403638577.527829 33.5865555 -34.4811516 8.9504795 -0.5886516 0.5723076 -0.4297110 0.3759013
1403638577.877830 34.1099243 -34.4095612 8.9892645 -0.5870879 0.5766181 -0.4224870 0.3799266
1403638578.127830 34.4778290 -34.3296204 9.0036755 -0.5861465 0.5754936 -0.4212149 0.3844704
1403638578.227829 34.6246147 -34.2911453 9.0222034 -0.5807043 0.5802188 -0.4140065 0.3933541
1403638578.377830 34.8446922 -34.2345619 9.0524454 0.5764566 -0.5840188 0.4085183 -0.3996657
1403638578.577830 35.1314125 -34.1666985 9.0720253 0.5756116 -0.5850392 0.4085535 -0.3993550
1403638578.627830 35.2017670 -34.1510925 9.0748425 0.5751836 -0.5847210 0.4094250 -0.3995452
1403638579.027829 35.7451286 -34.0299149 9.0773182 -0.5837746 0.5743524 -0.4232714 0.3875151
1403638579.077830 35.8117905 -34.0119858 9.0830688 -0.5839720 0.5741518 -0.4230331 0.3877750
1403638581.977829 37.9798088 -33.0734406 9.0878410 -0.7383376 0.3096851 -0.2521868 0.5434654
1403638582.827830 38.0866623 -32.9102325 9.3418331 -0.7484414 0.3125248 -0.2503186 0.5286816
1403638583.277829 38.0435219 -32.8172226 9.5370445 -0.7553087 0.3188336 -0.2457252 0.5171780
1403638584.577830 37.6813850 -32.4449120 9.8028526 -0.7320099 0.3045489 -0.2625333 0.5499889
1403638585.227829 37.1983643 -32.3603439 9.8849802 -0.7514352 0.3180928 -0.2438929 0.5240977
1403638586.027829 36.5726738 -32.2342682 9.9693460 -0.7596706 0.3237264 -0.2361319 0.5121948
1403638586.327830 36.3658676 -32.1590652 10.0369701 -0.7508469 0.3196422 -0.2449187 0.5235196
1403638586.777829 36.0373344 -32.0486488 10.0484056 -0.7481142 0.3158377 -0.2519902 0.5263769
1403638587.977829 35.0112877 -31.7745018 9.9190464 -0.7493086 0.3228087 -0.2436380 0.5243773
1403638588.627830 34.4324722 -31.6313648 9.8137341 -0.7500933 0.3173804 -0.2495694 0.5237795
1403638589.227829 33.8531876 -31.5086803 9.8040514 -0.7467435 0.3215270 -0.2467479 0.5273616
1403638589.527829 33.5601273 -31.4622421 9.7585716 -0.7463330 0.3218409 -0.2460715 0.5280666
1403638589.777829 33.3132858 -31.4319801 9.7628574 -0.7482136 0.3225577 -0.2457912 0.5250900
1403638590.027829 33.0683250 -31.4067955 9.7654285 -0.7481201 0.3249087 -0.2452904 0.5240070
1403638590.427830 32.6828575 -31.3725510 9.7088337 -0.7472137 0.3258659 -0.2469318 0.5239350
1403638590.877830 32.2633286 -31.3417435 9.6707249 -0.7514347 0.3287228 -0.2424946 0.5181541
1403638590.977829 32.1765060 -31.3332787 9.6827412 -0.7520311 0.3297022 -0.2410976 0.5173178
1403638591.327830 31.8875198 -31.3051071 9.7098789 -0.7652919 0.3367657 -0.2324741 0.4968631
1403638591.527829 31.7519531 -31.2715664 9.6974258 -0.7707256 0.3416223 -0.2261135 0.4880052
1403638591.677830 31.6701298 -31.2338638 9.6746550 -0.7722753 0.3437048 -0.2233364 0.4853645
1403638591.877830 31.5905991 -31.1669197 9.6429501 -0.7681816 0.3413907 -0.2266510 0.4919134
1403638592.327830 31.5115623 -30.9622612 9.6851482 -0.7539601 0.3274749 -0.2203982 0.5250990
1403638592.677830 31.5043030 -30.8172607 9.8340874 -0.7744895 0.2848283 -0.1897599 0.5320057
1403638592.827830 31.5168648 -30.7626934 9.9057894 -0.7853779 0.2759277 -0.1811914 0.5236555
1403638593.127830 31.5743847 -30.6421967 10.0159454 -0.7911875 0.2684673 -0.1775918 0.5200086
1403638593.277829 31.6208534 -30.5716801 10.0751104 -0.7868789 0.2638557 -0.1851829 0.5262217
1403638593.677830 31.7519817 -30.3661137 10.2344770 -0.7756169 0.2519311 -0.2106603 0.5390468
1403638594.977829 31.7403336 -29.9367199 10.7070837 -0.7758076 0.2372630 -0.1849316 0.5546435
1403638595.377830 31.6531811 -29.8989506 10.7642231 -0.7773382 0.2412215 -0.1832193 0.5513513
1403638595.777829 31.5599155 -29.8858147 10.7742290 -0.7798718 0.2364952 -0.1894151 0.5477154
1403638596.227829 31.4247017 -29.8804245 10.7190399 -0.7841153 0.2173225 -0.2166626 0.5394363
1403638596.677830 31.1365967 -29.8079681 10.7415352 -0.7874835 0.1891741 -0.2509142 0.5302123
1403638596.877830 30.9165115 -29.7258606 10.8044338 -0.7871928 0.1827741 -0.2583146 0.5293342
1403638596.927830 30.8514938 -29.7001686 10.8231230 -0.7866842 0.1817946 -0.2595826 0.5298070
1403638597.127830 30.5552368 -29.5799789 10.8850660 -0.7839174 0.1805902 -0.2641627 0.5320514
1403638597.177830 30.4721680 -29.5452385 10.8968735 -0.7830569 0.1803512 -0.2655573 0.5327050
1403638597.327830 30.1984215 -29.4313240 10.9231977 -0.7792298 0.1854534 -0.2616697 0.5384580
1403638597.477829 29.8919468 -29.3070831 10.9375286 -0.7743315 0.1950602 -0.2510404 0.5471206
1403638597.577830 29.6723900 -29.2206917 10.9415674 -0.7690748 0.2043921 -0.2390659 0.5564130
1403638597.677830 29.4450531 -29.1352997 10.9398985 -0.7665741 0.2082088 -0.2347973 0.5602530
1403638597.777829 29.2111149 -29.0523300 10.9312706 -0.7687822 0.2031317 -0.2385291 0.5575082
1403638597.977829 28.7162361 -28.8890457 10.9019232 -0.7746003 0.1828605 -0.2433783 0.5543675
1403638598.027829 28.5859146 -28.8471451 10.8953514 -0.7753991 0.1801514 -0.2416675 0.5548861
1403638598.127830 28.3155537 -28.7619820 10.8895559 -0.7756889 0.1840709 -0.2263514 0.5596336
1403638598.227829 28.0353775 -28.6797714 10.8895235 -0.7760736 0.1937834 -0.2056946 0.5637796
1403638598.327830 27.7519360 -28.6001530 10.8897285 -0.7781342 0.2012731 -0.1910267 0.5634760
1403638598.427830 27.4693260 -28.5228310 10.8840122 -0.7798884 0.2049410 -0.1836194 0.5621898
1403638598.527829 27.1871185 -28.4490280 10.8723335 -0.7815519 0.2048924 -0.1795415 0.5612135
1403638598.577830 27.0463486 -28.4132919 10.8629379 -0.7833818 0.2034827 -0.1766540 0.5600903
1403638598.677830 26.7661057 -28.3440399 10.8400116 -0.7863566 0.1951565 -0.1722770 0.5602480
1403638598.777829 26.4874668 -28.2765999 10.8182144 -0.7894869 0.1845503 -0.1639368 0.5619397
1403638598.877830 26.2103329 -28.2112122 10.8026485 -0.7917724 0.1703172 -0.1550241 0.5657350
1403638598.977829 25.9350891 -28.1494064 10.7904587 -0.7956856 0.1543082 -0.1451846 0.5674459
1403638599.077830 25.6608887 -28.0889683 10.7844410 -0.7985771 0.1379517 -0.1333948 0.5704821
1403638599.177830 25.3868141 -28.0314732 10.7853260 -0.8014699 0.1206305 -0.1216415 0.5729727
1403638599.277829 25.1133804 -27.9768467 10.7906551 -0.8051088 0.1019962 -0.1107656 0.5736966
1403638599.377830 24.8404064 -27.9249878 10.8040810 -0.8099151 0.0851040 -0.0980680 0.5719942
1403638599.477829 24.5695286 -27.8744106 10.8226757 -0.8133296 0.0721038 -0.0888652 0.5704376
1403638599.577830 24.3009930 -27.8236885 10.8397808 -0.8164623 0.0637484 -0.0830138 0.5678329
1403638599.677830 24.0350628 -27.7738228 10.8493023 -0.8183714 0.0591464 -0.0791493 0.5661321
1403638599.777829 23.7712517 -27.7231197 10.8510246 -0.8186278 0.0580445 -0.0777386 0.5660707
1403638599.877830 23.5106277 -27.6698799 10.8465214 -0.8198102 0.0603679 -0.0754090 0.5644294
1403638599.977829 23.2525730 -27.6148987 10.8385963 -0.8196860 0.0657384 -0.0713540 0.5645369
1403638600.177830 22.7496891 -27.4968204 10.8150311 -0.8213701 0.0850555 -0.0520411 0.5616123
1403638600.277829 22.5086670 -27.4367809 10.7974072 -0.8227963 0.0955950 -0.0415124 0.5586990
1403638600.377830 22.2790966 -27.3743458 10.7782230 -0.8236874 0.1039985 -0.0334679 0.5564200
1403638600.477829 22.0634880 -27.3100700 10.7637272 -0.8245072 0.1103253 -0.0268037 0.5543444
1403638600.577830 21.8648224 -27.2433128 10.7584476 -0.8250678 0.1108171 -0.0286097 0.5533212
1403638600.677830 21.6811409 -27.1750145 10.7617741 -0.8263976 0.1137492 -0.0254818 0.5508891
1403638600.777829 21.5131588 -27.1032925 10.7721672 -0.8301820 0.1136651 -0.0251672 0.5452014
1403638600.877830 21.3610897 -27.0279179 10.7867317 -0.8345350 0.1049836 -0.0357266 0.5396791
1403638601.127830 21.0237541 -26.8161640 10.8067493 -0.8373854 0.0809503 -0.0647777 0.5366905
1403638601.227829 20.8977070 -26.7192516 10.8080978 -0.8349133 0.0733448 -0.0739161 0.5404413
1403638601.327830 20.7736149 -26.6150036 10.8076019 -0.8279527 0.0661665 -0.0811583 0.5509353
1403638601.427830 20.6470604 -26.5064106 10.8105164 -0.8238121 0.0633795 -0.0713089 0.5587769
1403638601.527829 20.5198669 -26.3959522 10.8188972 -0.8204327 0.0535160 -0.0601677 0.5660442
1403638601.627830 20.3931198 -26.2859821 10.8322010 -0.8186041 0.0363052 -0.0495010 0.5710683
1403638601.727829 20.2659912 -26.1771431 10.8506737 -0.8180687 0.0131530 -0.0375159 0.5737448
1403638601.827830 20.1374779 -26.0710754 10.8763008 -0.8161820 -0.0148503 -0.0242394 0.5770953
1403638601.927830 20.0070839 -25.9680443 10.9071941 -0.8141184 -0.0427746 -0.0102079 0.5790315
1403638602.027829 19.8757114 -25.8666859 10.9358444 -0.8135632 -0.0630990 0.0030106 0.5780351
1403638602.077830 19.8098850 -25.8167343 10.9476795 -0.8133026 -0.0707576 0.0083956 0.5774615
1403638602.177830 19.6775208 -25.7183342 10.9664574 -0.8099138 -0.0868450 0.0141302 0.5799119
1403638602.377830 19.4011803 -25.5344143 10.9947186 -0.7946124 -0.1182295 0.0432856 0.5939187
1403638602.477829 19.2575912 -25.4534225 11.0218964 -0.7735375 -0.1262224 0.0764969 0.6163246
1403638602.877830 18.7834091 -25.2907238 11.1859493 -0.7398816 -0.1866473 0.1542916 0.6276402
1403638603.177830 18.5605259 -25.3431664 11.3230953 -0.7322794 -0.2320162 0.2072922 0.6057767
1403638603.377830 18.4794197 -25.4241161 11.3676815 -0.7549394 -0.2624170 0.2023626 0.5659091
1403638603.577830 18.4256935 -25.5149326 11.3890533 -0.7618767 -0.2738546 0.2018664 0.5511784
1403638603.977829 18.3635139 -25.7145233 11.3571377 -0.7315773 -0.2932967 0.1840905 0.5872670
1403638604.177830 18.3477097 -25.8639717 11.3175850 -0.7276154 -0.2973053 0.1767940 0.5923929
1403638604.577830 18.3287277 -26.2881203 11.3200874 -0.7520329 -0.2916248 0.1863121 0.5609719
1403638604.827830 18.3279266 -26.5852470 11.3224754 -0.7589103 -0.2857265 0.1946232 0.5518491
1403638604.977829 18.3329697 -26.7645359 11.3240433 -0.7667971 -0.2871008 0.1923312 0.5409288
1403638605.377830 18.3398438 -27.1992130 11.3845825 -0.7741498 -0.2976091 0.1779087 0.5295936
1403638605.627830 18.3150673 -27.4368992 11.3990364 -0.7529037 -0.3108904 0.1597068 0.5576531
1403638605.977829 18.2226562 -27.8158894 11.4358215 -0.7492471 -0.3169876 0.1497332 0.5618964
1403638606.177830 18.1301956 -28.0611401 11.4655685 -0.7492684 -0.3192267 0.1436566 0.5621870
1403638606.277829 18.0740242 -28.1936226 11.4695129 -0.7504536 -0.3194426 0.1416892 0.5609814
1403638606.477829 17.9393730 -28.4743576 11.4564667 -0.7686335 -0.3067566 0.1571730 0.5388874
1403638606.577830 17.8637638 -28.6150494 11.4399223 -0.7769768 -0.3016182 0.1650654 0.5273396
1403638606.677830 17.7829170 -28.7517414 11.4177284 -0.7804190 -0.3035719 0.1712706 0.5190922
1403638606.777829 17.6970615 -28.8834629 11.3903770 -0.7811711 -0.3127582 0.1768607 0.5105628
1403638606.877830 17.6055412 -29.0092697 11.3611641 -0.7786782 -0.3257362 0.1861765 0.5028863
1403638606.977829 17.5065327 -29.1265068 11.3371239 -0.7728279 -0.3417979 0.1977311 0.4968034
1403638607.077830 17.4014034 -29.2351036 11.3229713 -0.7654483 -0.3568205 0.2123633 0.4915994
1403638607.177830 17.2907887 -29.3340092 11.3177643 -0.7565682 -0.3645515 0.2289083 0.4922477
1403638607.477829 16.9496670 -29.5884933 11.2817841 -0.7323521 -0.3718807 0.2603425 0.5075303
1403638608.027829 16.3813362 -29.9529533 11.0831604 -0.7344406 -0.3660939 0.2672881 0.5051033
1403638608.227829 16.1956043 -30.0489407 10.9777031 -0.7277891 -0.3660004 0.2610077 0.5179206
1403638608.327830 16.1080532 -30.0928917 10.9186745 -0.7227144 -0.3647679 0.2602272 0.5262226
1403638608.427830 16.0247803 -30.1368599 10.8546371 -0.7190610 -0.3641991 0.2603227 0.5315472
1403638608.627830 15.8742208 -30.2263203 10.7118263 -0.7199976 -0.3625302 0.2609569 0.5311092
1403638608.727829 15.8068056 -30.2722511 10.6454468 -0.7170825 -0.3605301 0.2645722 0.5346141
1403638608.827830 15.7468433 -30.3199787 10.5824013 -0.7198304 -0.3617984 0.2633023 0.5306770
1403638609.027829 15.6442719 -30.4164982 10.4796944 -0.7274829 -0.3628137 0.2630287 0.5195680
1403638609.327830 15.5229769 -30.5459290 10.3602715 -0.7286308 -0.3556633 0.2730063 0.5177532
1403638609.727829 15.4294863 -30.6811771 10.1239471 -0.7276610 -0.3629850 0.2610697 0.5201864
1403638609.827830 15.4137487 -30.7105331 10.0610237 -0.7286041 -0.3625624 0.2616736 0.5188559
1403638610.227829 15.3820400 -30.8104248 9.8817062 -0.7211238 -0.3577534 0.2675741 0.5295255
1403638610.627830 15.4259729 -30.9020691 9.6709442 -0.7093351 -0.3520018 0.2737597 0.5458884
1403638610.877830 15.5140667 -30.9774399 9.5383949 -0.7201684 -0.3568971 0.2706027 0.5298644
1403638610.977829 15.5572729 -31.0062675 9.4992638 -0.7206342 -0.3571969 0.2712825 0.5286802
1403638611.277829 15.7203178 -31.0921841 9.3678856 -0.7164671 -0.3568147 0.2750433 0.5326438
1403638611.577830 15.9352236 -31.1868362 9.2592926 -0.7102833 -0.3749923 0.2469777 0.5421073
1403638611.677830 16.0105495 -31.2283287 9.2359810 -0.7127321 -0.3751483 0.2455023 0.5394492
1403638612.177830 16.3897724 -31.4590511 9.0889740 -0.7301371 -0.3608466 0.2615143 0.5179768
1403638612.377830 16.5444145 -31.5374489 9.0587425 -0.7298195 -0.3607130 0.2602296 0.5191631
1403638612.577830 16.7041187 -31.6087914 9.0216026 -0.7264277 -0.3607963 0.2560912 0.5258766
1403638612.877830 16.9461079 -31.7178535 8.9257278 -0.7223777 -0.3610112 0.2466604 0.5357239
1403638613.277829 17.2673016 -31.8981915 8.8549538 -0.7286165 -0.3572616 0.2472487 0.5294812
1403638613.427830 17.3869991 -31.9718342 8.8543587 -0.7283146 -0.3579950 0.2460632 0.5299532
1403638613.727829 17.6225128 -32.1232910 8.8255692 -0.7279309 -0.3414939 0.2519888 0.5385167
1403638613.827830 17.7046146 -32.1758270 8.8035126 -0.7279747 -0.3340324 0.2511810 0.5434920
1403638613.927830 17.7911110 -32.2293053 8.7750092 -0.7315778 -0.3247311 0.2453379 0.5469488
1403638614.227829 18.0735817 -32.3956146 8.6716385 -0.7547533 -0.2853878 0.2069339 0.5532447
1403638614.327830 18.1727486 -32.4550095 8.6448860 -0.7617115 -0.2733731 0.1967933 0.5534756
1403638614.427830 18.2722740 -32.5157089 8.6262627 -0.7667195 -0.2632356 0.1914566 0.5533468
1403638614.727829 18.5766335 -32.6950874 8.6182442 -0.7803823 -0.2295990 0.1822980 0.5523179
1403638614.777829 18.6294746 -32.7230873 8.6250267 -0.7851738 -0.2207782 0.1807900 0.5496126
1403638614.877830 18.7386742 -32.7778320 8.6439285 -0.7948591 -0.2024520 0.1732812 0.5451475
1403638614.977829 18.8508644 -32.8250809 8.6686401 -0.8023399 -0.1826527 0.1599946 0.5452434
1403638615.077830 18.9678669 -32.8664780 8.6964340 -0.8077622 -0.1612805 0.1413710 0.5491113
1403638615.177830 19.0892029 -32.9021225 8.7282066 -0.8090074 -0.1388631 0.1188448 0.5586591
1403638615.277829 19.2135773 -32.9339333 8.7636719 -0.8091850 -0.1172246 0.0928361 0.5682073
1403638615.377830 19.3384495 -32.9648628 8.7958336 -0.8104745 -0.0915179 0.0707850 0.5742344
1403638615.477829 19.4627743 -32.9948349 8.8226357 -0.8111908 -0.0654188 0.0498472 0.5789690
1403638615.577830 19.5859337 -33.0255318 8.8436203 -0.8123037 -0.0408911 0.0323779 0.5808980
1403638615.677830 19.7071857 -33.0577965 8.8612061 -0.8128701 -0.0234351 0.0188140 0.5816692
1403638615.777829 19.8260651 -33.0915451 8.8837776 -0.8130852 -0.0108368 0.0108790 0.5819422
1403638615.877830 19.9440327 -33.1274872 8.9136314 -0.8132854 0.0011042 0.0056091 0.5818368
1403638616.027829 20.1208038 -33.1830215 8.9537811 -0.8134723 0.0191904 -0.0058884 0.5812572
1403638616.127830 20.2387238 -33.2214661 8.9707603 -0.8130961 0.0319965 -0.0156967 0.5810375
1403638616.227829 20.3565521 -33.2607956 8.9724388 -0.8129036 0.0485540 -0.0253370 0.5798174
1403638616.327830 20.4753952 -33.3004684 8.9566116 -0.8120059 0.0675452 -0.0376510 0.5785037
1403638616.427830 20.5947609 -33.3411217 8.9288177 -0.8109268 0.0863911 -0.0504129 0.5765353
1403638616.527829 20.7129669 -33.3829498 8.8960419 -0.8103349 0.1019664 -0.0596979 0.5739306
1403638616.627830 20.8306828 -33.4258804 8.8599510 -0.8123168 0.1129987 -0.0670718 0.5682201
1403638616.727829 20.9478340 -33.4694138 8.8203926 -0.8187401 0.1229817 -0.0677193 0.5567355
1403638617.027829 21.3146229 -33.5717659 8.7103157 -0.8246205 0.1302475 -0.0689880 0.5461478
1403638617.127830 21.4470901 -33.5932846 8.6910095 -0.8213101 0.1230443 -0.0766777 0.5517520
1403638617.277829 21.6458874 -33.6176529 8.6768570 -0.8234562 0.1154854 -0.0800043 0.5497110
1403638617.727829 22.2272377 -33.6139755 8.7330284 -0.8301457 0.1007847 -0.0814155 0.5422842
1403638617.927830 22.4748440 -33.5669975 8.8081245 -0.8292628 0.0969056 -0.0804969 0.5444748
1403638618.027829 22.5947647 -33.5346756 8.8486404 -0.8289694 0.0957647 -0.0796208 0.5452515
1403638618.427830 23.0547752 -33.3636017 8.9500732 -0.8283573 0.0915128 -0.0773572 0.5472345
1403638618.577830 23.2174301 -33.2814255 8.9766464 -0.8275860 0.0901297 -0.0780742 0.5485277
1403638618.977829 23.6277447 -33.0154190 9.0628319 -0.8190132 0.1078621 -0.0939798 0.5556536
1403638619.077830 23.7255859 -32.9407349 9.0819187 -0.8140774 0.1211587 -0.1061153 0.5579768
1403638619.177830 23.8210125 -32.8651772 9.0931358 -0.8087637 0.1395834 -0.1197586 0.5586371
1403638619.577830 24.1688995 -32.5616570 9.0670223 -0.7849415 0.2232267 -0.1666044 0.5534254
1403638619.877830 24.4021263 -32.3517227 9.0116005 -0.7743780 0.2566963 -0.1591531 0.5559820
1403638620.027829 24.5243416 -32.2628441 8.9760571 -0.7721981 0.2607609 -0.1620222 0.5562938
1403638620.377830 24.8229942 -32.1088982 8.9400425 -0.7699147 0.2567826 -0.1731616 0.5579508
1403638621.277829 25.5886459 -31.9269142 8.9036751 -0.7805355 0.2342042 -0.1774056 0.5517608
1403638621.777829 25.9492321 -31.8800888 8.8662586 -0.7756249 0.2246815 -0.1808986 0.5614267
1403638622.777829 26.3488350 -32.0388260 8.7411156 -0.7569273 0.2207905 -0.1908425 0.5847150
1403638623.877830 26.2233620 -32.7974091 8.8242245 -0.7758355 0.2337534 -0.1813652 0.5572660
1403638624.427830 26.0809822 -33.2880554 8.8489799 -0.7753883 0.2444144 -0.1767705 0.5547854
1403638624.827830 25.9690018 -33.6748276 8.8071270 -0.7728976 0.2328031 -0.1815307 0.5616749
1403638625.127830 25.8656597 -33.9927063 8.8182983 -0.7806295 0.2269688 -0.1633428 0.5589471
1403638625.377830 25.7818718 -34.2608833 8.8099995 -0.7823873 0.2243588 -0.1577749 0.5591425
1403638625.627830 25.7082024 -34.5286446 8.8232937 -0.7835466 0.2229353 -0.1581790 0.5579731
1403638625.977829 25.6240425 -34.8931007 8.8603859 -0.7915414 0.2254011 -0.1566688 0.5459958
1403638626.477829 25.5511093 -35.3699570 8.8189278 -0.7890564 0.2185356 -0.1689354 0.5487194
1403638626.977829 25.4854889 -35.7706070 8.7718086 -0.8007888 0.2205466 -0.1632137 0.5324077
1403638627.327830 25.4573994 -35.9735794 8.7613258 -0.8009418 0.2176001 -0.1644234 0.5330172
1403638627.677830 25.4427261 -36.1194458 8.7185707 -0.7969825 0.2149753 -0.1692625 0.5384743
1403638628.077830 25.4198914 -36.2323914 8.6583710 -0.7975579 0.2143659 -0.1731380 0.5366302
1403638628.177830 25.4111347 -36.2529221 8.6458187 -0.7980882 0.2148851 -0.1741068 0.5353190
1403638628.377830 25.3908958 -36.2814713 8.6280422 -0.7986803 0.2171211 -0.1728125 0.5339514
1403638628.827830 25.3464336 -36.3094521 8.6166687 -0.7856597 0.2285608 -0.1588620 0.5525050
1403638629.227829 25.3305016 -36.3453140 8.5792313 -0.7898111 0.2185833 -0.1727598 0.5464191
1403638629.477829 25.3123436 -36.3591766 8.5749187 -0.7970876 0.2204951 -0.1715657 0.5353490
1403638629.827830 25.2913780 -36.3436928 8.5833702 -0.7883338 0.2379178 -0.1496329 0.5472979
1403638630.077830 25.3026314 -36.3320312 8.5546761 -0.7766365 0.2243788 -0.1710173 0.5632433
1403638630.177830 25.3053570 -36.3324585 8.5268402 -0.7796432 0.2210817 -0.1750105 0.5591518
1403638630.327830 25.3047619 -36.3363876 8.4750824 -0.7886789 0.2205867 -0.1769167 0.5459191
1403638630.427830 25.3020248 -36.3259583 8.4776230 -0.7945209 0.2275101 -0.1615877 0.5393192
1403638630.527829 25.3044243 -36.3122520 8.4882450 -0.7855090 0.2195125 -0.1718809 0.5524915
1403638630.627830 25.3054504 -36.2995872 8.4801617 -0.7846783 0.2198233 -0.1727287 0.5532835
1403638630.977829 25.3081760 -36.3017731 8.4655991 -0.8099099 0.2151477 -0.1631649 0.5207059
1403638631.277829 25.3067780 -36.3050003 8.4672089 -0.8100982 0.2148525 -0.1636180 0.5203927
1403638631.377830 25.3067036 -36.3052635 8.4680328 -0.8101675 0.2150323 -0.1633458 0.5202961
1403638631.577830 25.3072929 -36.3043289 8.4696102 -0.8100842 0.2153609 -0.1630107 0.5203949
1403638631.677830 25.3081741 -36.3029747 8.4705544 -0.8100669 0.2157521 -0.1626996 0.5203572
