1403638539.477829 -4.7457118 2.2160711 3.4697635 -0.8200931 -0.0117614 -0.0021507 0.5721053
1403638540.627830 -4.7794685 2.4805810 3.6167731 -0.8250713 -0.0453390 0.0156174 0.5629901
1403638541.377830 -4.9615741 2.8168290 3.6388557 -0.8056049 -0.1764870 0.0827655 0.5594667
1403638541.627830 -5.0769281 2.9294889 3.6713920 -0.8029461 -0.1789371 0.0843580 0.5622659
1403638541.927830 -5.2597842 3.0512908 3.7635274 -0.7974083 -0.2006284 0.1154759 0.5572733
1403638542.127830 -5.3915358 3.1206796 3.8125248 -0.7898929 -0.2346954 0.1416355 0.5485679
1403638543.027829 -6.0516834 3.3156114 3.9438515 -0.7541679 -0.3259637 0.2033872 0.5325525
1403638543.327830 -6.2973976 3.3158433 4.0124526 -0.7584704 -0.3194174 0.2048567 0.5298387
1403638543.577830 -6.5066152 3.3137491 4.0355721 -0.7532659 -0.3347092 0.2124008 0.5248297
1403638543.777829 -6.6778197 3.3053164 4.0441327 -0.7359726 -0.3722818 0.2295028 0.5167969
1403638543.927830 -6.8127923 3.2960453 4.0672736 -0.7184110 -0.4033830 0.2480584 0.5095438
1403638544.227829 -7.0973506 3.2774942 4.1420636 -0.7034169 -0.4300783 0.2825465 0.4903110
1403638545.027829 -7.8770475 3.2817695 4.2382679 -0.6954041 -0.4368634 0.2940623 0.4889693
1403638545.327830 -8.1598415 3.2909899 4.2243309 -0.6924715 -0.4388687 0.2944548 0.4910945
1403638545.577830 -8.3886499 3.2940261 4.1877513 -0.6883541 -0.4452524 0.3015810 0.4867933
1403638545.777829 -8.5676546 3.2914865 4.1809521 -0.6726537 -0.4717366 0.3183121 0.4729472
1403638545.877830 -8.6554804 3.2897496 4.1882057 -0.6602802 -0.4901447 0.3288086 0.4644062
1403638546.127830 -8.8726568 3.2860067 4.2274170 -0.6266603 -0.5352578 0.3476079 0.4471741
1403638546.527829 -9.2381735 3.2706254 4.2329407 -0.6142494 -0.5513361 0.3656680 0.4301314
1403638546.977829 -9.6782303 3.2372751 4.2775126 -0.5947497 -0.5727161 0.3708093 0.4251700
1403638547.227829 -9.9351559 3.2032411 4.2937994 -0.5890175 -0.5796722 0.3648693 0.4288461
1403638547.477829 -10.1995735 3.1438313 4.2882357 -0.5937839 -0.5746177 0.3709603 0.4238203
1403638547.677830 -10.4168177 3.0855038 4.2658834 -0.5992210 -0.5700541 0.3739319 0.4196995
1403638548.177830 -10.9867010 2.9094467 4.1892719 -0.5909212 -0.5800397 0.3750057 0.4168176
1403638548.427830 -11.2816486 2.7961912 4.2143335 -0.5681553 -0.6040946 0.3920194 0.3982337
1403638548.677830 -11.5850754 2.6769900 4.2515202 -0.5487849 -0.6205999 0.4067456 0.3850310
1403638549.077830 -12.0881004 2.4811981 4.3231974 -0.5408530 -0.6279877 0.4122267 0.3783896
1403638549.277829 -12.3428059 2.3805263 4.3936462 -0.5418398 -0.6261230 0.4141098 0.3780116
1403638549.477829 -12.6040573 2.2786834 4.4754677 -0.5451950 -0.6219105 0.4180619 0.3757845
1403638549.727829 -12.9323635 2.1563170 4.5505304 -0.5441086 -0.6190256 0.4199591 0.3799837
1403638549.927830 -13.1975088 2.0641668 4.6173563 -0.5463553 -0.6192206 0.4185781 0.3779607
1403638550.277829 -13.6844902 1.9131320 4.8064356 -0.5475054 -0.6194738 0.4194136 0.3749433
1403638550.527829 -14.0363426 1.8162622 4.9600124 -0.5482528 -0.6175714 0.4234179 0.3724806
1403638550.677830 -14.2502871 1.7645991 5.0334558 -0.5471262 -0.6126304 0.4303765 0.3743168
1403638550.827830 -14.4626684 1.7209790 5.0969181 -0.5452166 -0.6084813 0.4357537 0.3776349
1403638550.977829 -14.6705027 1.6858840 5.1530609 -0.5396800 -0.6010769 0.4454527 0.3860361
1403638551.127830 -14.8658876 1.6596241 5.2024355 -0.5379903 -0.5968860 0.4509350 0.3885245
1403638551.477829 -15.2580996 1.6538985 5.3402624 -0.5611455 -0.5842176 0.4419293 0.3853623
1403638551.727829 -15.5070896 1.7063444 5.4145479 -0.6038327 -0.5441132 0.4251346 0.3982307
1403638552.127830 -15.8538246 1.8999286 5.5129213 -0.6312185 -0.5075868 0.3878064 0.4399147
1403638552.427830 -16.0621185 2.0987997 5.6298218 -0.6379703 -0.5001246 0.3866386 0.4397499
1403638552.777829 -16.2473736 2.3830125 5.7154541 -0.6302483 -0.4970093 0.3959902 0.4460500
1403638553.027829 -16.3262367 2.6206775 5.7342968 -0.6246860 -0.5099995 0.3867488 0.4473179
1403638553.477829 -16.3782597 3.0754390 5.7540894 -0.6032132 -0.5100127 0.3980143 0.4664821
1403638553.827830 -16.2689571 3.4165344 5.8379564 -0.5983624 -0.5173032 0.3902362 0.4712489
1403638554.377830 -15.9012213 3.8815136 5.9781990 -0.6161130 -0.5352431 0.3657007 0.4474179
1403638554.977829 -15.4812851 4.3270659 6.0661669 -0.6233194 -0.5255621 0.3795172 0.4372919
1403638555.477829 -15.1435556 4.7236176 6.0853920 -0.6462905 -0.5002069 0.3512587 0.4568578
1403638555.877830 -14.8700428 5.0454154 6.1041565 -0.6512461 -0.4971956 0.3464841 0.4567536
1403638557.327830 -14.1978378 6.4015765 6.3502331 -0.6574260 -0.4914040 0.3559695 0.4467649
1403638557.677830 -14.0907869 6.8222923 6.3989868 -0.6487530 -0.5012770 0.3433196 0.4582277
1403638558.277829 -13.9514513 7.5069156 6.4570456 -0.6625375 -0.5091929 0.3285103 0.4402814
1403638558.377830 -13.9435368 7.6181440 6.4709282 -0.6636799 -0.5120496 0.3234797 0.4389704
1403638558.727829 -13.9811935 8.0036488 6.5829535 -0.6716232 -0.5044131 0.3309083 0.4301038
1403638559.177830 -14.1425838 8.5347519 6.6802597 -0.6579065 -0.4978113 0.3405224 0.4509850
1403638559.277829 -14.1853142 8.6553230 6.6838446 -0.6548640 -0.4998167 0.3388100 0.4544713
1403638559.577830 -14.3173389 9.0049810 6.6595335 -0.6473349 -0.5060155 0.3329881 0.4626281
1403638559.777829 -14.4098644 9.2206106 6.6302462 -0.6453260 -0.5066648 0.3342403 0.4638197
1403638559.927830 -14.4827862 9.3719177 6.6206818 -0.6475546 -0.5039868 0.3355361 0.4626941
1403638560.227829 -14.6349192 9.6677980 6.5717678 -0.6767244 -0.4613071 0.3140513 0.4802205
1403638560.327830 -14.6860123 9.7663012 6.5461750 -0.6878220 -0.4389831 0.3028841 0.4923983
1403638560.427830 -14.7358170 9.8632650 6.5180798 -0.6979606 -0.4149871 0.2917505 0.5054883
1403638561.077830 -14.9263916 10.4354763 6.3390846 -0.7563362 -0.2619310 0.2242787 0.5559197
1403638561.277829 -14.9140816 10.5961504 6.3379269 -0.7604995 -0.2305367 0.2072536 0.5705605
1403638561.377830 -14.8935642 10.6687593 6.3420467 -0.7653534 -0.2260818 0.1980007 0.5691370
1403638561.927830 -14.7062044 11.0110874 6.2721043 -0.7745153 -0.2396311 0.1638173 0.5620203
1403638562.077830 -14.6463947 11.0913353 6.2352810 -0.7778363 -0.2276064 0.1542667 0.5651265
1403638562.177830 -14.6036949 11.1383400 6.2188282 -0.7803771 -0.2180035 0.1467509 0.5674065
1403638562.977829 -14.2335958 11.4307375 6.2416773 -0.8057795 -0.0661510 0.0726977 0.5840023
1403638563.377830 -13.9573879 11.5186863 6.2028923 -0.8005083 0.0005945 0.0359690 0.5982411
1403638563.527829 -13.8332701 11.5304098 6.1710310 -0.7949070 0.0077698 0.0323229 0.6058199
1403638563.677830 -13.6968107 11.5225639 6.1454792 -0.7994310 0.0070079 0.0296086 0.5999870
1403638563.827830 -13.5481100 11.4995995 6.1370831 -0.8021730 0.0069196 0.0341829 0.5960723
1403638564.177830 -13.1512814 11.4016218 6.1501131 -0.8006683 -0.0018791 0.0451487 0.5974014
1403638564.477829 -12.7547321 11.2717323 6.1601696 -0.7952902 -0.0161026 0.0442818 0.6043952
1403638564.627830 -12.5396767 11.1854734 6.1809750 -0.7979014 -0.0160400 0.0488291 0.6005930
1403638565.027829 -11.9063215 10.9020138 6.1508532 -0.7994365 -0.0066700 0.0598028 0.5977295
1403638565.127830 -11.7337503 10.8230791 6.1049585 -0.8001124 -0.0061647 0.0605727 0.5967522
1403638565.277829 -11.4632607 10.7012978 6.0168724 -0.8013051 -0.0071687 0.0588913 0.5953072
1403638565.927830 -10.1798697 10.0932474 5.6884317 -0.8031372 -0.0254611 0.0161986 0.5950295
1403638566.227829 -9.6046333 9.7584438 5.5671377 -0.8042244 -0.0241013 0.0144488 0.5936611
1403638566.327830 -9.4200077 9.6430998 5.5110579 -0.8052477 -0.0242204 0.0149711 0.5922546
1403638566.527829 -9.0606413 9.4085150 5.3802376 -0.8054145 -0.0259283 0.0174949 0.5918862
1403638566.827830 -8.5449142 9.0583649 5.1400280 -0.8335983 -0.0338866 0.0171146 0.5510651
1403638566.927830 -8.3798122 8.9523096 5.0532417 -0.8395568 -0.0371235 0.0167214 0.5417441
1403638567.077830 -8.1402054 8.8110542 4.9234667 -0.8326233 -0.0386002 0.0187191 0.5521758
1403638567.227829 -7.9097071 8.6860332 4.7904720 -0.8151320 -0.0399578 0.0171239 0.5776418
1403638567.377830 -7.6871338 8.5633469 4.6465750 -0.8093126 -0.0406426 0.0135865 0.5858130
1403638567.477829 -7.5437131 8.4793272 4.5538998 -0.8101632 -0.0398437 0.0116678 0.5847324
1403638567.677830 -7.2687221 8.3086052 4.3906469 -0.8170611 -0.0384042 0.0063980 0.5752350
1403638567.777829 -7.1390471 8.2249031 4.3225908 -0.8203210 -0.0382990 0.0040172 0.5706054
1403638567.877830 -7.0156178 8.1447926 4.2629461 -0.8238370 -0.0363664 0.0043707 0.5656422
1403638567.977829 -6.8978510 8.0704708 4.2095499 -0.8248046 -0.0353904 0.0041575 0.5642940
1403638568.777829 -6.1468434 7.5988169 3.9130239 -0.8287122 -0.0398049 -0.0056254 0.5582294
1403638569.777829 -5.7395082 7.3683572 3.7643752 -0.8240705 -0.0419129 -0.0116833 0.5648140
1403638570.277829 -5.7521558 7.3533926 3.7465301 -0.8209178 -0.0327084 0.0037201 0.5700968
1403638570.777829 -5.7713957 7.3735504 3.6187234 -0.8103440 0.0753648 0.0145763 0.5809048
1403638572.027829 -4.9122648 7.0110574 3.3078117 -0.7852951 0.2451850 -0.1337972 0.5525344
1403638572.227829 -4.7018595 6.9023151 3.3008027 -0.7747324 0.2785049 -0.1618432 0.5440879
1403638572.677830 -4.1788149 6.6390676 3.2806678 -0.7618016 0.3332159 -0.2151417 0.5121910
1403638572.827830 -3.9928207 6.5591917 3.2876570 -0.7641487 0.3322038 -0.2258775 0.5046749
1403638573.077830 -3.6741099 6.4509878 3.3260019 -0.7693862 0.3290009 -0.2278711 0.4978735
1403638573.227829 -3.4789643 6.4028211 3.3381796 -0.7713106 0.3265273 -0.2255689 0.4975726
1403638573.377830 -3.2793469 6.3676376 3.3501184 -0.7729108 0.3246945 -0.2239716 0.4970101
1403638573.527829 -3.0738325 6.3466473 3.3703399 -0.7731296 0.3247713 -0.2284705 0.4945660
1403638573.677830 -2.8642030 6.3411674 3.4088786 -0.7732937 0.3255593 -0.2320406 0.4921231
1403638573.777829 -2.7224202 6.3461723 3.4395473 -0.7697724 0.3293270 -0.2389738 0.4918188
1403638573.877830 -2.5791049 6.3576083 3.4691422 -0.7596942 0.3359447 -0.2522082 0.4963839
1403638573.977829 -2.4360590 6.3750820 3.4938800 -0.7451947 0.3508347 -0.2633497 0.5022418
1403638574.077830 -2.2958784 6.3947563 3.5128529 -0.7266566 0.3742509 -0.2682778 0.5098367
1403638574.277829 -2.0224061 6.4248395 3.5349293 -0.6894774 0.4241513 -0.2826708 0.5146006
1403638574.477829 -1.7589216 6.4273396 3.5375645 -0.6674525 0.4639533 -0.3098182 0.4932214
1403638574.577830 -1.6316714 6.4192553 3.5397587 -0.6578756 0.4788772 -0.3206289 0.4848436
1403638574.677830 -1.5059686 6.4062304 3.5491161 -0.6520168 0.4863891 -0.3329471 0.4769129
1403638574.827830 -1.3235927 6.3814974 3.5741646 -0.6533005 0.4901983 -0.3468357 0.4610957
1403638575.027829 -1.0882277 6.3480210 3.6037009 -0.6571738 0.4981196 -0.3423927 0.4502963
1403638575.227829 -0.8525567 6.3134685 3.6128926 -0.6531669 0.5050759 -0.3302426 0.4573960
1403638575.427830 -0.6109328 6.2676344 3.6022239 -0.6588946 0.5048059 -0.3237394 0.4541165
1403638575.627830 -0.3581533 6.2134438 3.5831075 -0.6697110 0.4972127 -0.3254754 0.4453453
1403638575.777829 -0.1576014 6.1717844 3.5849581 -0.6783325 0.4904483 -0.3295788 0.4366960
1403638575.927830 0.0520821 6.1379499 3.6077328 -0.6826836 0.4878123 -0.3292854 0.4330745
1403638576.027829 0.1973505 6.1213722 3.6351047 -0.6829615 0.4865316 -0.3295672 0.4338617
1403638576.127830 0.3454170 6.1083560 3.6688383 -0.6825864 0.4858879 -0.3304760 0.4344819
1403638576.227829 0.4971485 6.0996141 3.7045636 -0.6815090 0.4842164 -0.3329550 0.4361433
1403638576.327830 0.6517682 6.0944347 3.7343352 -0.6822087 0.4808344 -0.3380557 0.4348656
1403638576.527829 0.9670491 6.0980015 3.7760329 -0.6873918 0.4743576 -0.3477923 0.4260492
1403638576.627830 1.1271133 6.1095314 3.7903013 -0.6898820 0.4717159 -0.3518671 0.4215881
1403638576.727829 1.2879000 6.1302633 3.8014131 -0.6889223 0.4692475 -0.3551287 0.4231742
1403638576.827830 1.4489713 6.1596155 3.8086543 -0.6845112 0.4661197 -0.3596615 0.4299075
1403638576.927830 1.6075463 6.1965127 3.8110185 -0.6788449 0.4668983 -0.3593220 0.4382503
1403638577.227829 2.0639558 6.3359118 3.8216710 -0.6694633 0.4753564 -0.3490085 0.4517171
1403638577.327830 2.2105899 6.3870006 3.8359911 -0.6715528 0.4723538 -0.3531710 0.4485186
1403638577.427830 2.3543482 6.4404407 3.8574107 -0.6756550 0.4670786 -0.3597459 0.4426183
1403638577.527829 2.4951749 6.4995990 3.8817453 -0.6762102 0.4664824 -0.3602671 0.4419748
1403638577.627830 2.6327696 6.5636730 3.9009819 -0.6755703 0.4684725 -0.3573808 0.4431899
1403638578.127830 3.2900238 6.9396753 3.9321909 -0.6743072 0.4699925 -0.3504874 0.4489716
1403638578.227829 3.4161839 7.0246153 3.9497185 -0.6697029 0.4755790 -0.3419251 0.4565193
1403638578.327830 3.5424271 7.1092577 3.9700937 -0.6666738 0.4799141 -0.3355971 0.4610891
1403638578.527829 3.7917514 7.2707138 3.9923897 -0.6655779 0.4810374 -0.3353943 0.4616489
1403638578.877830 4.2136221 7.5332761 3.9887452 -0.6696438 0.4724508 -0.3491400 0.4543883
1403638578.977829 4.3293033 7.6071444 3.9853492 -0.6708993 0.4702323 -0.3516473 0.4529018
1403638579.077830 4.4434876 7.6837640 3.9923940 -0.6715683 0.4691700 -0.3520723 0.4526817
1403638579.177830 4.5562773 7.7633004 4.0100799 -0.6717539 0.4683217 -0.3523960 0.4530326
1403638581.927830 6.1568565 9.2532692 4.0112028 -0.7830818 0.1838094 -0.1554153 0.5734485
1403638583.127830 6.1724672 9.4789305 4.4166775 -0.7964101 0.1870757 -0.1561041 0.5535025
1403638583.527829 6.0904856 9.5545244 4.5234137 -0.7984368 0.1884154 -0.1550833 0.5504068
1403638583.927830 5.9785233 9.6424398 4.6566172 -0.7971121 0.1861628 -0.1571953 0.5524901
1403638585.477829 5.0276318 9.6505079 4.7771082 -0.7908506 0.1874466 -0.1527168 0.5622249
1403638586.527829 4.2337303 9.6020746 4.9623232 -0.7888132 0.1811930 -0.1670894 0.5630489
1403638586.827830 3.9924133 9.5974569 4.9495296 -0.7891855 0.1877229 -0.1578747 0.5630472
1403638587.027829 3.8232245 9.5892849 4.9128666 -0.7884744 0.1876591 -0.1569456 0.5643229
1403638587.477829 3.4249797 9.5549011 4.8835220 -0.7934721 0.1896394 -0.1536746 0.5575151
1403638588.177830 2.8016458 9.4928541 4.7820606 -0.7920052 0.1875786 -0.1590656 0.5587845
1403638588.977829 2.0441284 9.4171324 4.7460356 -0.7896734 0.1926117 -0.1522250 0.5622669
1403638589.227829 1.8012769 9.3828526 4.7179089 -0.7894821 0.1924114 -0.1538588 0.5621597
1403638589.577830 1.4621410 9.3212719 4.6708117 -0.7891235 0.1931607 -0.1531287 0.5626053
1403638589.677830 1.3644860 9.3004074 4.6713448 -0.7896231 0.1931457 -0.1527654 0.5620078
1403638589.927830 1.1226268 9.2425976 4.6842470 -0.7919111 0.1941801 -0.1539565 0.5580935
1403638591.227829 -0.0506821 8.9365807 4.6307945 -0.8045248 0.2024431 -0.1477974 0.5384351
1403638591.577830 -0.2976403 8.9084129 4.6143727 -0.8181351 0.2092782 -0.1390427 0.5172279
1403638591.677830 -0.3555899 8.9164124 4.5989699 -0.8184916 0.2103903 -0.1378096 0.5165424
1403638591.877830 -0.4523830 8.9540405 4.5683179 -0.8140967 0.2088571 -0.1400521 0.5234603
1403638592.077830 -0.5262685 9.0171432 4.5636740 -0.8086772 0.2075407 -0.1406669 0.5321473
1403638592.527829 -0.6320636 9.2005911 4.6902170 -0.8010436 0.1710768 -0.1063603 0.5636926
1403638592.877830 -0.6543570 9.3285179 4.8565063 -0.8221732 0.1388124 -0.0886997 0.5448803
1403638593.027829 -0.6483467 9.3919077 4.9134207 -0.8247010 0.1340727 -0.0873540 0.5424594
1403638593.727829 -0.5563333 9.7844162 5.1772270 -0.8051525 0.1195343 -0.1164590 0.5691030
1403638595.127830 -0.7436254 10.1578350 5.6706924 -0.8058482 0.1066242 -0.0865782 0.5759724
1403638595.327830 -0.7913585 10.1588345 5.6918058 -0.8064585 0.1069457 -0.0877610 0.5748786
1403638595.727829 -0.8832467 10.1420708 5.6959867 -0.8078018 0.1036721 -0.0919801 0.5729294
1403638596.427830 -1.1252189 10.0824003 5.6326389 -0.8086003 0.0693059 -0.1397984 0.5672907
1403638596.577830 -1.2327924 10.0747585 5.6478987 -0.8079554 0.0608241 -0.1499038 0.5666016
1403638596.827830 -1.4915223 10.0752106 5.7128038 -0.8068854 0.0494557 -0.1640517 0.5653114
1403638596.927830 -1.6264737 10.0796480 5.7503166 -0.8056093 0.0476363 -0.1662817 0.5666348
1403638597.027829 -1.7776670 10.0860882 5.7849941 -0.8044754 0.0477906 -0.1677987 0.5677843
1403638597.177830 -2.0340762 10.0998793 5.8255739 -0.8019382 0.0467655 -0.1715058 0.5703454
1403638597.277829 -2.2263014 10.1111898 5.8454151 -0.7996245 0.0501150 -0.1687177 0.5741286
1403638597.377830 -2.4342504 10.1221123 5.8593187 -0.7983875 0.0552743 -0.1636804 0.5768282
1403638597.477829 -2.6567104 10.1326694 5.8686266 -0.7958528 0.0626697 -0.1546135 0.5820528
1403638597.627830 -3.0108781 10.1446247 5.8738995 -0.7912363 0.0755052 -0.1380678 0.5909157
1403638597.777829 -3.3791358 10.1478500 5.8646898 -0.7916742 0.0717113 -0.1408354 0.5901482
1403638597.927830 -3.7647016 10.1423464 5.8440380 -0.7939764 0.0546528 -0.1470258 0.5873654
1403638598.077830 -4.1739101 10.1314564 5.8270283 -0.7940317 0.0481413 -0.1391572 0.5897723
1403638598.227829 -4.6074724 10.1113672 5.8261356 -0.7973061 0.0613828 -0.1078406 0.5906823
1403638598.377830 -5.0465622 10.0833015 5.8251286 -0.8018162 0.0705540 -0.0890468 0.5866716
1403638598.477829 -5.3370080 10.0620880 5.8168602 -0.8042781 0.0721243 -0.0850015 0.5837035
1403638598.577830 -5.6258430 10.0379019 5.8011398 -0.8061469 0.0699316 -0.0801152 0.5820811
1403638598.727829 -6.0543342 9.9981413 5.7680845 -0.8084144 0.0559936 -0.0719425 0.5815111
1403638598.877830 -6.4778428 9.9548874 5.7428293 -0.8089832 0.0360115 -0.0579077 0.5838631
1403638599.027829 -6.8953571 9.9069653 5.7273483 -0.8105837 0.0122041 -0.0410848 0.5840525
1403638599.177830 -7.3095779 9.8555470 5.7271690 -0.8103291 -0.0145587 -0.0239661 0.5853036
1403638599.327830 -7.7205191 9.7985134 5.7392998 -0.8114665 -0.0423759 -0.0058823 0.5828310
1403638599.477829 -8.1264038 9.7377996 5.7658825 -0.8140120 -0.0643778 0.0078205 0.5772166
1403638599.627830 -8.5271244 9.6792250 5.7896032 -0.8160528 -0.0753212 0.0155998 0.5728361
1403638599.777829 -8.9224157 9.6220312 5.7953243 -0.8169258 -0.0789908 0.0178715 0.5710284
1403638599.927830 -9.3134279 9.5719995 5.7877054 -0.8193853 -0.0741804 0.0216221 0.5680117
1403638600.127830 -9.8273478 9.5175581 5.7665405 -0.8223363 -0.0585034 0.0351339 0.5648947
1403638600.277829 -10.1988306 9.4848671 5.7418861 -0.8272336 -0.0421262 0.0520081 0.5578577
1403638600.427830 -10.5474968 9.4641066 5.7138186 -0.8307722 -0.0300543 0.0635217 0.5521589
1403638600.577830 -10.8645706 9.4588528 5.7018366 -0.8319620 -0.0273251 0.0635459 0.5505038
1403638600.727829 -11.1499939 9.4691210 5.7087078 -0.8355521 -0.0256125 0.0646635 0.5449911
1403638600.877830 -11.4047575 9.4982414 5.7282534 -0.8403232 -0.0346861 0.0542690 0.5382461
1403638601.027829 -11.6374836 9.5465908 5.7433262 -0.8409715 -0.0533252 0.0315829 0.5375184
1403638601.177830 -11.8622551 9.6140575 5.7491035 -0.8385051 -0.0628813 0.0204471 0.5408670
1403638601.327830 -12.0851822 9.6989632 5.7484074 -0.8274260 -0.0719765 0.0112115 0.5568303
1403638601.527829 -12.3915682 9.8236809 5.7587118 -0.8179430 -0.0832076 0.0342866 0.5682168
1403638601.727829 -12.6985970 9.9477711 5.7897758 -0.8089159 -0.1226360 0.0578475 0.5720745
1403638601.927830 -13.0075769 10.0612469 5.8458805 -0.7957845 -0.1771255 0.0856219 0.5727325
1403638602.277829 -13.5527229 10.2366886 5.9182758 -0.7760916 -0.2363541 0.1177167 0.5726791
1403638602.477829 -13.8747492 10.3032722 5.9598331 -0.7421659 -0.2522285 0.1773216 0.5950864
1403638602.727829 -14.2217655 10.3246250 6.0529976 -0.7062783 -0.2761915 0.2417700 0.6053399
1403638603.077830 -14.5155401 10.2209721 6.2177353 -0.6920457 -0.3361280 0.2925448 0.5678982
1403638603.827830 -14.6351738 9.8424501 6.3127747 -0.6847273 -0.4056055 0.2855857 0.5339229
1403638604.727829 -14.4147673 9.0376005 6.2562351 -0.6984554 -0.4092889 0.2801321 0.5159155
1403638604.977829 -14.3125439 8.7587080 6.2559662 -0.7086247 -0.4098431 0.2789924 0.5020390
1403638605.477829 -14.1412830 8.2629747 6.3243876 -0.7035924 -0.4258884 0.2568321 0.5075570
1403638605.977829 -14.0756006 7.7363720 6.3657093 -0.6864988 -0.4364552 0.2403215 0.5295961
1403638606.277829 -14.0913830 7.3333397 6.4006786 -0.6873160 -0.4391274 0.2321576 0.5299687
1403638606.477829 -14.1258202 7.0262432 6.3882399 -0.7074329 -0.4295897 0.2437142 0.5055637
1403638606.777829 -14.2205563 6.5629363 6.3251553 -0.7189400 -0.4375672 0.2583050 0.4742772
1403638607.027829 -14.3515806 6.2043867 6.2652836 -0.7007385 -0.4719931 0.2834617 0.4536933
1403638607.527829 -14.7355642 5.6064339 6.2070417 -0.6605175 -0.4880558 0.3421812 0.4565417
1403638608.027829 -15.1127644 5.1380992 6.0228786 -0.6638609 -0.4827096 0.3467766 0.4539012
1403638608.277829 -15.2897987 4.9537191 5.8895607 -0.6551139 -0.4808437 0.3425494 0.4714605
1403638608.527829 -15.4448881 4.7847695 5.7256222 -0.6506050 -0.4793059 0.3425859 0.4791805
1403638608.777829 -15.5671587 4.6226444 5.5550737 -0.6486179 -0.4750476 0.3482129 0.4820502
1403638609.127830 -15.6774740 4.4092917 5.3797808 -0.6589134 -0.4789864 0.3439250 0.4670341
1403638609.577830 -15.7536383 4.1991320 5.1645298 -0.6594330 -0.4760772 0.3461651 0.4676198
1403638609.977829 -15.7734756 4.0688238 4.9257917 -0.6582011 -0.4768688 0.3445706 0.4697219
1403638610.477829 -15.7328434 3.9602933 4.7033587 -0.6503654 -0.4693633 0.3533833 0.4815010
1403638610.827830 -15.6149998 3.9014080 4.5092497 -0.6493940 -0.4685909 0.3562660 0.4814402
1403638611.077830 -15.4866543 3.8696995 4.4094505 -0.6494220 -0.4690440 0.3582388 0.4794931
1403638611.427830 -15.2507944 3.8463635 4.2564430 -0.6418540 -0.4782011 0.3470598 0.4887706
1403638611.727829 -15.0049000 3.8113618 4.1760464 -0.6441727 -0.4862027 0.3330321 0.4875840
1403638612.127830 -14.6614962 3.7356012 4.0516787 -0.6606615 -0.4758455 0.3446273 0.4672575
1403638612.627830 -14.2323399 3.6888015 3.9615173 -0.6560537 -0.4775103 0.3361588 0.4780949
1403638613.077830 -13.8351021 3.6408696 3.8302956 -0.6566769 -0.4727686 0.3328924 0.4841984
1403638613.577830 -13.3824940 3.5421817 3.8028841 -0.6605289 -0.4682928 0.3305035 0.4849441
1403638614.027829 -12.9523678 3.4445696 3.6960478 -0.6752200 -0.4315951 0.3219923 0.5041077
1403638614.377830 -12.5674906 3.3684950 3.5880995 -0.7089911 -0.3918017 0.2821069 0.5140415
1403638614.777829 -12.1099014 3.2796221 3.5775299 -0.7371698 -0.3482873 0.2692847 0.5126036
1403638615.027829 -11.8088551 3.2557440 3.6329908 -0.7651513 -0.3036388 0.2401343 0.5144732
1403638615.227829 -11.5587769 3.2680898 3.6961169 -0.7762451 -0.2619038 0.1969393 0.5385768
1403638615.377830 -11.3688745 3.2860522 3.7459402 -0.7837225 -0.2252408 0.1651168 0.5547810
1403638615.527829 -11.1801643 3.3048275 3.7835999 -0.7917835 -0.1872173 0.1361087 0.5652460
1403638615.677830 -10.9941950 3.3199530 3.8111248 -0.7974511 -0.1584184 0.1152883 0.5706873
1403638615.827830 -10.8114147 3.3299401 3.8480296 -0.8006871 -0.1408074 0.1043163 0.5728801
1403638615.977829 -10.6286964 3.3360686 3.8915172 -0.8044526 -0.1224398 0.0951237 0.5734249
1403638616.177830 -10.3830671 3.3411891 3.9241433 -0.8082948 -0.0963237 0.0765604 0.5757775
1403638616.327830 -10.1967249 3.3437800 3.9071896 -0.8118861 -0.0688098 0.0592914 0.5767069
1403638616.527829 -9.9467745 3.3446271 3.8474703 -0.8159364 -0.0344943 0.0368932 0.5759314
1403638616.677830 -9.7601223 3.3413873 3.7921526 -0.8229501 -0.0197792 0.0260355 0.5671720
1403638616.927830 -9.4489260 3.3481200 3.6906490 -0.8384799 -0.0041821 0.0298984 0.5440956
1403638617.127830 -9.1883860 3.3871574 3.6415579 -0.8302848 -0.0153733 0.0166847 0.5568774
1403638617.277829 -8.9939022 3.4287004 3.6272309 -0.8311723 -0.0231960 0.0129976 0.5553789
1403638617.627830 -8.5649748 3.5658493 3.6554179 -0.8373536 -0.0346909 0.0119532 0.5454289
1403638617.827830 -8.3393259 3.6800139 3.7158768 -0.8349302 -0.0414046 0.0100140 0.5487049
1403638618.177830 -7.9839983 3.9234350 3.8439484 -0.8329700 -0.0441586 0.0155361 0.5513344
1403638618.427830 -7.7559242 4.1240149 3.8986206 -0.8319504 -0.0475502 0.0152145 0.5525994
1403638618.777829 -7.4734168 4.4376955 3.9570374 -0.8304545 -0.0425306 0.0085116 0.5553955
1403638619.127830 -7.2330937 4.7866249 4.0336909 -0.8213686 -0.0071915 -0.0181139 0.5700647
1403638619.277829 -7.1400733 4.9391823 4.0421767 -0.8186079 0.0275209 -0.0383800 0.5724078
1403638619.777829 -6.8782673 5.4178810 3.9782650 -0.8076788 0.1180398 -0.0641774 0.5741106
1403638620.277829 -6.5819640 5.8087068 3.8873906 -0.8005936 0.1278044 -0.0743478 0.5806792
1403638621.277829 -5.8517199 6.2834406 3.8478799 -0.8083315 0.1012904 -0.0822751 0.5740831
1403638621.777829 -5.5267377 6.4504123 3.8099880 -0.8020158 0.0926210 -0.0841688 0.5840442
1403638622.277829 -5.2803874 6.5149341 3.6910963 -0.7966784 0.0963108 -0.0779904 0.5915618
1403638622.777829 -5.1036816 6.4280190 3.6823406 -0.7826523 0.0920159 -0.0902968 0.6089624
1403638623.777829 -4.9809837 5.7593832 3.7454748 -0.8023350 0.1017814 -0.0839581 0.5821084
1403638624.227829 -4.9579420 5.3563099 3.7949500 -0.8054491 0.1088555 -0.0825049 0.5767107
1403638624.727829 -4.9323373 4.8802638 3.7531319 -0.7942206 0.1114761 -0.0811923 0.5917724
1403638625.227829 -4.9175920 4.3329477 3.7518730 -0.8081639 0.0933492 -0.0634115 0.5780451
1403638625.727829 -4.8830538 3.7890110 3.7709985 -0.8122859 0.0904405 -0.0616525 0.5728970
1403638626.227829 -4.8132529 3.2852213 3.7848783 -0.8188821 0.0929351 -0.0627978 0.5628958
1403638626.727829 -4.7291045 2.8445263 3.7090874 -0.8202400 0.0848193 -0.0735017 0.5609006
1403638627.227829 -4.6709156 2.5127246 3.6973734 -0.8255801 0.0842476 -0.0703588 0.5535067
1403638627.727829 -4.6240683 2.3023434 3.6372437 -0.8196931 0.0799081 -0.0774077 0.5618951
1403638628.127830 -4.6142473 2.1920612 3.5752907 -0.8220310 0.0796754 -0.0814423 0.5579285
1403638628.277829 -4.6194630 2.1622784 3.5582664 -0.8224117 0.0804439 -0.0823906 0.5571173
1403638628.627830 -4.6480217 2.1251814 3.5461831 -0.8112307 0.0956628 -0.0630992 0.5733865
1403638628.977829 -4.6596131 2.0898323 3.5195367 -0.8122938 0.0908701 -0.0714496 0.5716787
1403638629.327830 -4.6662383 2.0566063 3.4972374 -0.8153297 0.0840043 -0.0803264 0.5672112
1403638629.527829 -4.6798387 2.0432572 3.4946237 -0.8243768 0.0866544 -0.0780195 0.5539014
1403638629.677830 -4.6932964 2.0437746 3.4978051 -0.8241014 0.0964420 -0.0653178 0.5543368
1403638629.827830 -4.7014589 2.0521429 3.5032625 -0.8162631 0.1040291 -0.0559793 0.5654724
1403638630.127830 -4.6932998 2.0653861 3.4610076 -0.8032242 0.0905753 -0.0770341 0.5836890
1403638630.327830 -4.6916909 2.0583241 3.3940573 -0.8136728 0.0869654 -0.0831403 0.5687366
1403638630.477829 -4.6985254 2.0711486 3.4033406 -0.8107355 0.0869067 -0.0760942 0.5739031
1403638630.627830 -4.7032380 2.0851593 3.3977399 -0.8095936 0.0868698 -0.0777917 0.5752915
1403638630.827830 -4.6990523 2.0793850 3.3824868 -0.8328681 0.0797017 -0.0750760 0.5425329
1403638631.177830 -4.7009640 2.0577612 3.3844848 -0.8338236 0.0777554 -0.0744253 0.5414363
1403638631.477829 -4.7025976 2.0405896 3.3911180 -0.8339690 0.0781602 -0.0738480 0.5412331
1403638631.627830 -4.7033882 2.0328975 3.3956249 -0.8340102 0.0781042 -0.0739744 0.5411602
