1403638553.577830 -4.2848315 -5.7073627 1.7900977 -0.7879029 0.0212194 -0.0218081 0.6150474
1403638553.727829 -4.1325459 -5.7376671 1.8257446 -0.7888572 0.0180957 -0.0245932 0.6138178
1403638554.227829 -3.6633918 -5.9852529 1.9758105 -0.8070519 0.0180967 -0.0248696 0.5896791
1403638554.477829 -3.4466968 -6.1461425 2.0089531 -0.8186505 0.0148211 -0.0279282 0.5734211
1403638555.877830 -2.2689424 -6.9681063 2.1147256 -0.8168210 0.0665300 -0.0472445 0.5710912
1403638556.927830 -1.3072199 -7.4068189 2.2964153 -0.8198917 0.0813500 -0.0265760 0.5660862
1403638557.627830 -0.4877024 -7.5429788 2.4014702 -0.8179274 0.0628673 -0.0488029 0.5697902
1403638558.327830 0.3205063 -7.6167369 2.4746790 -0.8352412 0.0645995 -0.0498469 0.5437964
1403638558.427830 0.4307781 -7.6105089 2.4941063 -0.8393204 0.0631169 -0.0527055 0.5373823
1403638558.477829 0.4852390 -7.6046410 2.5063353 -0.8417229 0.0627431 -0.0536976 0.5335564
1403638558.927830 0.9739599 -7.4513793 2.6569395 -0.8315656 0.0763742 -0.0391135 0.5487583
1403638559.277829 1.3748693 -7.2684727 2.6959348 -0.8220276 0.0667384 -0.0502930 0.5632826
1403638559.477829 1.5991595 -7.1585608 2.6842403 -0.8214995 0.0595718 -0.0578586 0.5641295
1403638559.577830 1.7063925 -7.1026258 2.6704731 -0.8206506 0.0570439 -0.0600275 0.5653985
1403638560.077830 2.1892588 -6.8114901 2.6139517 -0.8176439 0.0780874 -0.0662656 0.5665419
1403638561.827830 3.5667660 -6.4910254 2.3099642 -0.7390380 0.3379708 -0.2479872 0.5273528
1403638561.977829 3.6533484 -6.5402751 2.2724254 -0.7366685 0.3418611 -0.2545167 0.5250447
1403638562.177830 3.7590408 -6.6116948 2.2329974 -0.7283273 0.3585762 -0.2684351 0.5185607
1403638562.277829 3.8069549 -6.6473613 2.2215233 -0.7241451 0.3656457 -0.2747588 0.5161634
1403638563.077830 4.1233773 -6.9998775 2.2544217 -0.6319968 0.5067936 -0.3417298 0.4764043
1403638563.177830 4.1553497 -7.0621347 2.2465563 -0.6203009 0.5221127 -0.3504849 0.4688127
1403638563.477829 4.2314587 -7.2808595 2.1990106 -0.5893008 0.5356771 -0.3767613 0.4731021
1403638563.877830 4.2402654 -7.6569920 2.1563849 -0.5951419 0.5383971 -0.3712470 0.4670227
1403638564.027829 4.2231264 -7.8229847 2.1673007 -0.5965061 0.5361223 -0.3670260 0.4712168
1403638564.127830 4.2059822 -7.9418626 2.1701527 -0.5984523 0.5334142 -0.3646999 0.4736223
1403638564.727829 4.0088596 -8.7840872 2.2091379 -0.6069415 0.5221155 -0.3582009 0.4803225
1403638564.827830 3.9585371 -8.9445858 2.2117748 -0.6053059 0.5246819 -0.3555488 0.4815586
1403638565.027829 3.8488126 -9.2829800 2.1718240 -0.6026567 0.5267943 -0.3531865 0.4843057
1403638565.577830 3.5127020 -10.3339081 1.8611002 -0.6056241 0.5228140 -0.3637807 0.4770205
1403638566.127830 3.0818892 -11.4637089 1.6610205 -0.6183382 0.5172789 -0.3826258 0.4513071
1403638566.527829 2.7095556 -12.2337399 1.4352102 -0.6201272 0.5167810 -0.3794758 0.4520816
1403638566.927830 2.3357296 -12.9564524 1.1159010 -0.6529129 0.5311554 -0.3466537 0.4140169
1403638567.027829 2.2581406 -13.1260815 1.0301318 -0.6536118 0.5300224 -0.3459186 0.4149797
1403638567.227829 2.1262217 -13.4499464 0.8594651 -0.6367410 0.5127323 -0.3700985 0.4412409
1403638567.477829 1.9647884 -13.8339043 0.6268854 -0.6328943 0.5094429 -0.3788676 0.4431390
1403638567.577830 1.8969212 -13.9811058 0.5422163 -0.6347334 0.5127577 -0.3768115 0.4384135
1403638567.627830 1.8626938 -14.0533409 0.5028086 -0.6359753 0.5137661 -0.3767263 0.4354963
1403638567.827830 1.7295418 -14.3270855 0.3682017 -0.6409396 0.5187560 -0.3739382 0.4245692
1403638567.927830 1.6684856 -14.4537621 0.3127832 -0.6404784 0.5217217 -0.3708494 0.4243403
1403638568.277829 1.4819603 -14.8546886 0.1733828 -0.6411845 0.5194145 -0.3769075 0.4207515
1403638568.527829 1.3659115 -15.0996113 0.0899086 -0.6426150 0.5203050 -0.3763679 0.4179425
1403638569.177830 1.1641598 -15.5509758 -0.0782299 -0.6468146 0.5202802 -0.3764055 0.4114101
1403638569.927830 1.0907621 -15.7396097 -0.1485491 -0.6434128 0.5150049 -0.3856986 0.4147609
1403638570.427830 1.0782423 -15.6999397 -0.1887207 -0.6275138 0.5326961 -0.3683913 0.4321448
1403638570.827830 1.0995188 -15.7062540 -0.3063216 0.5439336 -0.6021056 0.3817295 -0.4425921
1403638572.177830 0.7705536 -16.7497597 -0.5980887 0.4017138 -0.7189953 0.4777297 -0.3056897
1403638572.477829 0.6330948 -17.1044769 -0.6055484 0.3624032 -0.7482629 0.4926436 -0.2570386
1403638572.777829 0.5083017 -17.4825420 -0.6161518 0.3505850 -0.7560073 0.5028767 -0.2294740
1403638572.827830 0.4903393 -17.5472565 -0.6116681 0.3518149 -0.7563497 0.5030450 -0.2260691
1403638573.177830 0.4040670 -18.0077362 -0.5660005 0.3599724 -0.7573973 0.4982060 -0.2203637
1403638573.277829 0.3922100 -18.1404266 -0.5590415 0.3623454 -0.7566932 0.4970418 -0.2215185
1403638573.377830 0.3865337 -18.2747402 -0.5510082 0.3634942 -0.7565023 0.4963263 -0.2218929
1403638573.477829 0.3866444 -18.4105053 -0.5399852 0.3636250 -0.7565970 0.4975860 -0.2185085
1403638573.577830 0.3950806 -18.5482445 -0.5198884 0.3634116 -0.7567409 0.4983024 -0.2167258
1403638573.777829 0.4307842 -18.8246288 -0.4625359 0.3581720 -0.7578455 0.5039598 -0.2083450
1403638573.877830 0.4588528 -18.9641418 -0.4333038 0.3462429 -0.7561095 0.5169203 -0.2029971
1403638573.977829 0.4928827 -19.1027756 -0.4089365 0.3255234 -0.7576408 0.5291674 -0.1999924
1403638574.077830 0.5287857 -19.2384281 -0.3903437 0.2960850 -0.7628743 0.5379381 -0.2024332
1403638574.377830 0.6104879 -19.6347160 -0.3659163 0.2126712 -0.7833423 0.5553537 -0.1809091
1403638574.577830 0.6303024 -19.8900223 -0.3648653 0.1755372 -0.7954391 0.5605875 -0.1490132
1403638574.677830 0.6321268 -20.0154037 -0.3556652 0.1662343 -0.7971620 0.5645331 -0.1349124
1403638574.827830 0.6290655 -20.1977348 -0.3308201 0.1646442 -0.8008528 0.5643941 -0.1139579
1403638574.927830 0.6263065 -20.3160286 -0.3133698 0.1636726 -0.8058685 0.5585808 -0.1085114
1403638575.027829 0.6238337 -20.4333477 -0.3012524 0.1620518 -0.8093364 0.5539560 -0.1088423
1403638575.227829 0.6178083 -20.6685505 -0.2930336 0.1542830 -0.8119034 0.5496467 -0.1220583
1403638575.527829 0.5902653 -21.0353165 -0.3163147 0.1637975 -0.8165538 0.5398669 -0.1222872
1403638575.577830 0.5842161 -21.0998878 -0.3212471 0.1674341 -0.8167831 0.5389980 -0.1196342
1403638575.677830 0.5722065 -21.2329578 -0.3262997 0.1756943 -0.8161527 0.5387447 -0.1130512
1403638575.777829 0.5609894 -21.3693886 -0.3236046 0.1828206 -0.8174131 0.5357013 -0.1069422
1403638575.877830 0.5538731 -21.5096321 -0.3112202 0.1873830 -0.8181359 0.5336169 -0.1038957
1403638575.977829 0.5525312 -21.6541195 -0.2885323 0.1881396 -0.8176894 0.5338463 -0.1048602
1403638576.077830 0.5550585 -21.8008404 -0.2585239 0.1894177 -0.8168836 0.5346748 -0.1046182
1403638576.327830 0.5801668 -22.1795979 -0.1769905 0.1918601 -0.8127495 0.5409133 -0.1002032
1403638576.427830 0.5974493 -22.3344994 -0.1536140 0.1948131 -0.8121480 0.5416467 -0.0953016
1403638576.527829 0.6199970 -22.4905777 -0.1359615 0.1999613 -0.8113136 0.5423924 -0.0871567
1403638576.727829 0.6892405 -22.8035278 -0.1115437 0.2044295 -0.8085785 0.5458727 -0.0802018
1403638576.827830 0.7369690 -22.9592323 -0.1046982 0.2031409 -0.8032908 0.5537838 -0.0823486
1403638577.177830 0.9498396 -23.4753075 -0.0983639 0.1866990 -0.7999913 0.5604705 -0.1050250
1403638577.277829 1.0159454 -23.6147423 -0.0877323 0.1872592 -0.8001245 0.5602593 -0.1041352
1403638577.377830 1.0836515 -23.7525330 -0.0698662 0.1936083 -0.7985809 0.5618691 -0.0953291
1403638577.477829 1.1546154 -23.8863087 -0.0459919 0.1974997 -0.7973360 0.5632033 -0.0897287
1403638577.877830 1.4809570 -24.3862686 0.0033398 0.1934740 -0.8008682 0.5580981 -0.0985120
1403638578.427830 2.0033569 -25.0204182 0.0712528 0.1803355 -0.8019560 0.5562106 -0.1223745
1403638578.727829 2.2709303 -25.3541698 0.0848732 0.1816252 -0.8005478 0.5588509 -0.1175629
1403638578.827830 2.3553343 -25.4627571 0.0827007 0.1868584 -0.7997971 0.5597170 -0.1101159
1403638578.927830 2.4414215 -25.5699730 0.0796356 0.1896327 -0.7981710 0.5618798 -0.1060827
1403638579.127830 2.6220007 -25.7798119 0.0920410 0.1926058 -0.7964891 0.5635306 -0.1046012
1403638581.727829 4.3131695 -27.2036057 0.0282855 0.4716196 -0.6615283 0.4871208 -0.3204192
1403638584.477829 4.8295555 -26.7933998 0.7672710 0.4598318 -0.6461408 0.5137456 -0.3272957
1403638584.877830 4.7694588 -26.5299435 0.8126769 0.4686249 -0.6625976 0.4904991 -0.3174363
1403638585.477829 4.6295300 -26.0795212 0.8387825 0.4679281 -0.6655617 0.4869150 -0.3177809
1403638586.077830 4.5181866 -25.6224403 0.9480350 0.4722250 -0.6754483 0.4736083 -0.3105937
1403638586.477829 4.4863033 -25.3354053 1.0190997 0.4701073 -0.6612550 0.4955116 -0.3101763
1403638586.777829 4.4532642 -25.1023846 1.0159914 0.4679736 -0.6642112 0.4917032 -0.3131328
1403638587.377830 4.3552437 -24.5936069 0.9426639 0.4695466 -0.6673824 0.4860297 -0.3128928
1403638587.677830 4.2983646 -24.3295746 0.9404273 0.4673871 -0.6699609 0.4836700 -0.3142691
1403638588.777829 4.0805645 -23.3461151 0.8003757 0.4658926 -0.6668788 0.4880121 -0.3163243
1403638589.177830 3.9839516 -22.9691277 0.7897773 0.4640186 -0.6680714 0.4880073 -0.3165697
1403638589.577830 3.8687172 -22.5967007 0.7357092 0.4631004 -0.6684108 0.4874936 -0.3179857
1403638589.777829 3.8038330 -22.4111614 0.7442052 0.4644945 -0.6698970 0.4856566 -0.3156273
1403638590.077830 3.7020378 -22.1372452 0.7447317 0.4633354 -0.6719120 0.4847184 -0.3144879
1403638590.377830 3.5988750 -21.8689232 0.7025542 0.4613014 -0.6720051 0.4859914 -0.3153135
1403638590.777829 3.4563522 -21.5203495 0.6516724 0.4634778 -0.6763687 0.4794929 -0.3127303
1403638591.477829 3.2641373 -20.9822044 0.6915746 0.4734692 -0.6961234 0.4516462 -0.2953895
1403638591.577830 3.2565632 -20.9197388 0.6801553 0.4744377 -0.6994811 0.4467397 -0.2933576
1403638591.877830 3.2823238 -20.7631588 0.6342342 0.4717350 -0.6964422 0.4516498 -0.2974000
1403638592.177830 3.3714943 -20.6496239 0.6407292 0.4673457 -0.6887670 0.4599289 -0.3092788
1403638592.577830 3.5222206 -20.5479031 0.7785771 0.4941743 -0.6566377 0.4492277 -0.3504473
1403638592.877830 3.6293926 -20.5195503 0.9212210 0.5242664 -0.6495726 0.4272115 -0.3474058
1403638592.977829 3.6704197 -20.5178223 0.9597148 0.5285442 -0.6481267 0.4253044 -0.3459610
1403638593.377830 3.8836823 -20.5419655 1.1127356 0.5292402 -0.6344066 0.4442219 -0.3465545
1403638593.677830 4.0624104 -20.5614777 1.2239697 0.5258302 -0.6243171 0.4628087 -0.3457440
1403638595.327830 4.4346447 -20.2879982 1.7430152 0.5335804 -0.6152560 0.4464528 -0.3707183
1403638595.627830 4.4178276 -20.2199974 1.7444198 0.5345119 -0.6159863 0.4453953 -0.3694333
1403638595.977829 4.3803120 -20.1376762 1.7511361 0.5390443 -0.6115499 0.4518101 -0.3623614
1403638596.427830 4.3199062 -19.9688072 1.6888049 0.5604804 -0.5885582 0.4798892 -0.3304048
1403638596.627830 4.2925053 -19.8228264 1.7128834 0.5674127 -0.5793468 0.4895611 -0.3205154
1403638596.727829 4.2796574 -19.7258739 1.7368507 0.5706932 -0.5756854 0.4934638 -0.3152604
1403638596.827830 4.2677231 -19.6109200 1.7685528 0.5724061 -0.5725692 0.4967091 -0.3127233
1403638597.027829 4.2432537 -19.3281879 1.8400271 -0.5717766 0.5697734 -0.5011856 0.3118377
1403638597.227829 4.2196846 -18.9806576 1.8908722 -0.5684418 0.5677710 -0.5063201 0.3132890
1403638597.327830 4.2069416 -18.7819595 1.9074337 0.5643893 -0.5696880 0.5056867 -0.3181214
1403638597.427830 4.1919498 -18.5682411 1.9182990 0.5591686 -0.5732136 0.5032800 -0.3247554
1403638597.527829 4.1745367 -18.3410606 1.9254072 0.5501851 -0.5779469 0.4987766 -0.3383723
1403638597.627830 4.1532288 -18.1050835 1.9270868 0.5430163 -0.5820546 0.4949266 -0.3484157
1403638597.727829 4.1275463 -17.8637943 1.9223301 0.5420111 -0.5821314 0.4952259 -0.3494256
1403638597.827830 4.0969954 -17.6167030 1.9114847 0.5498852 -0.5758687 0.4976600 -0.3440003
1403638597.927830 4.0615206 -17.3616447 1.8961453 0.5587471 -0.5683819 0.4993848 -0.3396450
1403638598.027829 4.0225925 -17.0966187 1.8822017 0.5634056 -0.5637535 0.4979881 -0.3417076
1403638598.127830 3.9803934 -16.8193359 1.8767979 0.5614895 -0.5673677 0.4876160 -0.3536299
1403638598.227829 3.9314232 -16.5344143 1.8772092 0.5565236 -0.5759546 0.4724084 -0.3679512
1403638598.327830 3.8789225 -16.2477226 1.8778629 0.5542422 -0.5834936 0.4598770 -0.3753186
1403638598.427830 3.8248911 -15.9629917 1.8727064 0.5537516 -0.5875876 0.4529442 -0.3780761
1403638598.527829 3.7680244 -15.6803637 1.8616023 0.5551434 -0.5884783 0.4490570 -0.3792848
1403638598.627830 3.7088213 -15.4002838 1.8414534 0.5607519 -0.5863526 0.4439550 -0.3803313
1403638598.727829 3.6490936 -15.1227760 1.8191391 0.5682697 -0.5793100 0.4397449 -0.3848298
1403638598.827830 3.5876846 -14.8475075 1.8004913 -0.5767592 0.5699835 -0.4342833 0.3922569
1403638598.927830 3.5249977 -14.5754585 1.7867684 -0.5881049 0.5592241 -0.4273898 0.3984206
1403638599.027829 3.4608088 -14.3056507 1.7771289 -0.5989193 0.5480565 -0.4184095 0.4072630
1403638599.127830 3.3958530 -14.0375404 1.7751851 -0.6107424 0.5345390 -0.4110013 0.4151383
1403638599.227829 3.3274078 -13.7711859 1.7779860 -0.6231068 0.5209783 -0.4022841 0.4224774
1403638599.377830 3.2217770 -13.3748360 1.7949376 -0.6423151 0.5025235 -0.3860916 0.4310856
1403638599.527829 3.1155357 -12.9839783 1.8225422 -0.6562537 0.4896964 -0.3749181 0.4347010
1403638599.627830 3.0463200 -12.7261658 1.8363013 -0.6607642 0.4866612 -0.3688312 0.4364805
1403638599.727829 2.9771566 -12.4711304 1.8412366 -0.6636332 0.4849059 -0.3660250 0.4364436
1403638599.827830 2.9120350 -12.2171917 1.8389130 -0.6636021 0.4860615 -0.3645703 0.4364229
1403638599.927830 2.8495197 -11.9650621 1.8322916 -0.6623641 0.4898641 -0.3612623 0.4368026
1403638600.027829 2.7908220 -11.7140732 1.8221793 -0.6580116 0.4947531 -0.3577873 0.4407134
1403638600.127830 2.7366915 -11.4658279 1.8094940 -0.6541147 0.5036087 -0.3492548 0.4433209
1403638600.227829 2.6857815 -11.2231712 1.7935057 -0.6494818 0.5146142 -0.3369142 0.4470283
1403638600.327830 2.6397786 -10.9891548 1.7732868 -0.6452239 0.5232660 -0.3278354 0.4498920
1403638600.427830 2.6013665 -10.7653999 1.7547889 -0.6412932 0.5307073 -0.3198735 0.4525193
1403638600.527829 2.5713959 -10.5551367 1.7439795 -0.6402870 0.5333527 -0.3179946 0.4521583
1403638600.627830 2.5502534 -10.3582821 1.7421365 -0.6406461 0.5351972 -0.3169771 0.4501801
1403638600.727829 2.5377564 -10.1740627 1.7483220 -0.6417105 0.5374397 -0.3144090 0.4477869
1403638600.827830 2.5349665 -10.0022602 1.7600255 -0.6468245 0.5371816 -0.3137000 0.4411874
1403638600.927830 2.5418434 -9.8420277 1.7729263 -0.6567581 0.5289137 -0.3239277 0.4289406
1403638601.127830 2.5825009 -9.5354290 1.7847576 -0.6664340 0.5149611 -0.3407587 0.4178090
1403638601.227829 2.6151185 -9.3848515 1.7845857 -0.6683619 0.5071556 -0.3506006 0.4161308
1403638601.327830 2.6551623 -9.2328167 1.7825069 -0.6662396 0.4974767 -0.3623951 0.4210838
1403638601.427830 2.6980071 -9.0764828 1.7838101 -0.6641570 0.4929813 -0.3583648 0.4329433
1403638601.527829 2.7420163 -8.9186621 1.7905719 -0.6665670 0.4829125 -0.3528977 0.4449126
1403638601.627830 2.7855778 -8.7612705 1.8023016 -0.6741137 0.4674844 -0.3466872 0.4547935
1403638601.727829 2.8278928 -8.6038475 1.8190947 -0.6859908 0.4476826 -0.3380368 0.4633876
1403638601.927830 2.9023776 -8.2875957 1.8720374 -0.7123589 0.3987092 -0.3176885 0.4823380
1403638602.027829 2.9358521 -8.1290274 1.8989310 -0.7226905 0.3814047 -0.3059914 0.4884857
1403638602.127830 2.9676175 -7.9706421 1.9192572 -0.7295514 0.3674861 -0.2992851 0.4930893
1403638602.227829 2.9958849 -7.8115082 1.9332089 -0.7346687 0.3504420 -0.2970275 0.4992265
1403638602.327830 3.0179698 -7.6501327 1.9439325 -0.7376293 0.3326614 -0.2894526 0.5113285
1403638602.427830 3.0319452 -7.4868526 1.9631300 -0.7299531 0.3174259 -0.2715860 0.5409717
1403638602.627830 3.0329847 -7.1846466 2.0285778 -0.7060621 0.2832884 -0.2378120 0.6038787
1403638602.727829 3.0167418 -7.0617499 2.0672088 -0.7115044 0.2663386 -0.2237446 0.6105437
1403638602.827830 2.9895020 -6.9596362 2.1109529 -0.7214695 0.2474184 -0.2133140 0.6105432
1403638603.577830 2.6122422 -6.6919665 2.3276162 -0.7908300 0.1778082 -0.1246499 0.5722190
1403638603.677830 2.5634584 -6.6921124 2.3309455 -0.7859973 0.1709665 -0.1275713 0.5802624
1403638603.927830 2.4380126 -6.7156644 2.3052020 -0.7780350 0.1482105 -0.1546416 0.5905769
1403638604.027829 2.3778610 -6.7352791 2.2842188 -0.7753963 0.1429725 -0.1631326 0.5930492
1403638604.677830 1.7786999 -6.9778595 2.2643633 -0.7934830 0.1611203 -0.1383939 0.5703262
1403638604.827830 1.6185111 -7.0526910 2.2629576 -0.7943020 0.1665504 -0.1312219 0.5693207
1403638604.927830 1.5126762 -7.1051598 2.2630906 -0.7982447 0.1683108 -0.1290919 0.5637482
1403638605.027829 1.4081905 -7.1581454 2.2679653 -0.8052545 0.1710864 -0.1251377 0.5537466
1403638605.727829 0.7541614 -7.4200191 2.3404765 -0.8013186 0.1384526 -0.1684495 0.5570855
1403638606.127830 0.2846739 -7.4847021 2.4026561 -0.8036668 0.1341252 -0.1784638 0.5516167
1403638606.477829 -0.2315936 -7.4915986 2.4008703 -0.8137847 0.1541493 -0.1561138 0.5381646
1403638606.577830 -0.3886453 -7.4833655 2.3848162 -0.8180425 0.1629811 -0.1432775 0.5326492
1403638606.677830 -0.5444053 -7.4687333 2.3631439 -0.8219784 0.1632168 -0.1336137 0.5290172
1403638606.777829 -0.6978675 -7.4475307 2.3362885 -0.8275294 0.1557578 -0.1242942 0.5248672
1403638606.877830 -0.8484229 -7.4187231 2.3075428 -0.8323631 0.1435145 -0.1123087 0.5234140
1403638606.977829 -0.9944863 -7.3794560 2.2839336 -0.8359838 0.1269010 -0.0992583 0.5245712
1403638607.077830 -1.1353776 -7.3310161 2.2701578 -0.8378251 0.1102647 -0.0841479 0.5280247
1403638607.277829 -1.3977392 -7.2094750 2.2611809 -0.8263833 0.0875634 -0.0644722 0.5525094
1403638607.427830 -1.5800755 -7.1085362 2.2409096 -0.8180358 0.0805042 -0.0547119 0.5668712
1403638607.577830 -1.7510834 -7.0080194 2.2029357 -0.8179818 0.0781123 -0.0497377 0.5677415
1403638607.977829 -2.1547928 -6.7515454 2.0563388 -0.8178038 0.0844409 -0.0452892 0.5674642
1403638608.227829 -2.3622687 -6.5947986 1.9295478 -0.8109636 0.0823183 -0.0570539 0.5764604
1403638608.327830 -2.4376581 -6.5353489 1.8715420 -0.8060122 0.0805576 -0.0621567 0.5830877
1403638608.427830 -2.5112464 -6.4798341 1.8085523 -0.8026487 0.0790532 -0.0649218 0.5876146
1403638608.527829 -2.5831194 -6.4296203 1.7391224 -0.8046129 0.0795438 -0.0648701 0.5848613
1403638608.727829 -2.7216008 -6.3439341 1.6025395 -0.7990188 0.0810473 -0.0628489 0.5924949
1403638608.827830 -2.7887466 -6.3110719 1.5405817 -0.8019793 0.0814141 -0.0617835 0.5885437
1403638608.927830 -2.8539531 -6.2834182 1.4868765 -0.8059141 0.0826504 -0.0595834 0.5831991
1403638609.177830 -3.0033445 -6.2317762 1.3820438 -0.8095926 0.0862378 -0.0537320 0.5781312
1403638609.277829 -3.0566051 -6.2156157 1.3458633 -0.8062479 0.0908142 -0.0470682 0.5826676
1403638609.677830 -3.2223523 -6.1860867 1.1228313 -0.8088481 0.0851049 -0.0567687 0.5790502
1403638609.877830 -3.2869856 -6.1820221 0.9998255 -0.8092721 0.0849101 -0.0571063 0.5784531
1403638610.277829 -3.3820763 -6.2024474 0.8283982 -0.7997032 0.0857745 -0.0571612 0.5914814
1403638610.377830 -3.4001408 -6.2161975 0.7798886 -0.7990086 0.0861438 -0.0567537 0.5924048
1403638610.827830 -3.4602838 -6.3580046 0.5308495 -0.7960846 0.0853391 -0.0558974 0.5965250
1403638611.227829 -3.4792333 -6.5808768 0.3604708 -0.7955039 0.0838026 -0.0522518 0.5978465
1403638611.327830 -3.4774144 -6.6489420 0.3159599 -0.7962762 0.0814256 -0.0547389 0.5969236
1403638611.727829 -3.4777868 -6.9719505 0.1940012 -0.8036847 0.0682150 -0.0770908 0.5860842
1403638611.927830 -3.4976637 -7.1451321 0.1322660 -0.8071494 0.0814358 -0.0608136 0.5815324
1403638612.127830 -3.5139089 -7.3185940 0.0654793 -0.8089188 0.0869031 -0.0549125 0.5788634
1403638612.427830 -3.5197933 -7.5746355 0.0169601 -0.8084984 0.0862606 -0.0582725 0.5792182
1403638612.527829 -3.5170124 -7.6598482 -0.0016022 -0.8068132 0.0850357 -0.0623972 0.5813158
1403638612.727829 -3.5094659 -7.8317442 -0.0587139 -0.8057684 0.0804552 -0.0743467 0.5820111
1403638612.927830 -3.5085793 -8.0067863 -0.1248484 -0.8022267 0.0827926 -0.0775835 0.5861385
1403638613.377830 -3.5394325 -8.4127140 -0.1800508 -0.8062497 0.0871213 -0.0751172 0.5802833
1403638613.677830 -3.5717216 -8.6846275 -0.1991968 -0.8005495 0.0977642 -0.0755025 0.5863974
1403638613.777829 -3.5836887 -8.7773619 -0.2172251 -0.7951329 0.1032465 -0.0757526 0.5927608
1403638613.877830 -3.5944021 -8.8742208 -0.2426214 -0.7921430 0.1111465 -0.0812484 0.5946046
1403638613.977829 -3.6042829 -8.9757309 -0.2726927 -0.7911045 0.1227916 -0.0896436 0.5924863
1403638614.077830 -3.6133592 -9.0815659 -0.3069782 -0.7904876 0.1371376 -0.1017689 0.5881885
1403638614.277829 -3.6318681 -9.3028069 -0.3702564 -0.7899544 0.1697411 -0.1252356 0.5757397
1403638614.377830 -3.6427720 -9.4164972 -0.3933315 -0.7896448 0.1812184 -0.1326499 0.5709860
1403638614.527829 -3.6602290 -9.5886536 -0.4106855 -0.7874132 0.1957986 -0.1366553 0.5683034
1403638614.727829 -3.6771789 -9.8194008 -0.4074497 -0.7823902 0.2222238 -0.1414266 0.5643408
1403638614.827830 -3.6808548 -9.9374027 -0.3926249 -0.7807229 0.2420699 -0.1433974 0.5579526
1403638614.977829 -3.6748753 -10.1166859 -0.3581715 -0.7760670 0.2733131 -0.1565736 0.5463559
1403638615.077830 -3.6612132 -10.2376432 -0.3307381 -0.7693105 0.2941157 -0.1744597 0.5396492
1403638615.177830 -3.6405456 -10.3599815 -0.2991905 -0.7584829 0.3136330 -0.1985773 0.5356352
1403638615.277829 -3.6151502 -10.4835243 -0.2638283 -0.7472107 0.3318473 -0.2256316 0.5297584
1403638615.377830 -3.5886443 -10.6073008 -0.2317305 -0.7346554 0.3540785 -0.2475096 0.5231146
1403638615.477829 -3.5614481 -10.7304096 -0.2049026 -0.7214051 0.3763956 -0.2677352 0.5159641
1403638615.577830 -3.5355129 -10.8529587 -0.1837139 -0.7093560 0.3976049 -0.2835312 0.5082663
1403638615.677830 -3.5119009 -10.9745884 -0.1658220 -0.7006007 0.4125048 -0.2953943 0.5017377
1403638615.777829 -3.4908032 -11.0948238 -0.1428785 -0.6941673 0.4231415 -0.3021757 0.4977680
1403638615.877830 -3.4721751 -11.2153034 -0.1125345 -0.6880978 0.4332389 -0.3065137 0.4948483
1403638616.027829 -3.4457521 -11.3967285 -0.0715895 -0.6787007 0.4485295 -0.3157365 0.4883617
1403638616.127830 -3.4293528 -11.5185280 -0.0539932 -0.6716229 0.4590315 -0.3238673 0.4830350
1403638616.227829 -3.4136777 -11.6407928 -0.0517025 -0.6626989 0.4728537 -0.3313949 0.4768826
1403638616.327830 -3.3977814 -11.7642393 -0.0668869 -0.6518400 0.4884374 -0.3410619 0.4692659
1403638616.427830 -3.3825216 -11.8886662 -0.0940886 -0.6408543 0.5037320 -0.3508191 0.4609618
1403638616.527829 -3.3687840 -12.0126467 -0.1263523 -0.6320769 0.5165517 -0.3572329 0.4539140
1403638616.627830 -3.3562365 -12.1367836 -0.1619501 -0.6278910 0.5269004 -0.3603686 0.4452679
1403638616.827830 -3.3298521 -12.3840179 -0.2421494 -0.6288149 0.5505374 -0.3434977 0.4283804
1403638616.927830 -3.3076839 -12.5091991 -0.2806702 -0.6289396 0.5539278 -0.3410947 0.4257385
1403638617.027829 -3.2761774 -12.6370945 -0.3095570 -0.6293322 0.5479376 -0.3499213 0.4257468
1403638617.127830 -3.2382307 -12.7656975 -0.3282967 -0.6304156 0.5400689 -0.3592598 0.4264202
1403638617.277829 -3.1743698 -12.9554157 -0.3414345 -0.6363441 0.5347465 -0.3609332 0.4228945
1403638617.677830 -2.9541578 -13.4244843 -0.2965937 -0.6493903 0.5279174 -0.3563324 0.4154788
1403638617.827830 -2.8474779 -13.5818624 -0.2471275 -0.6516273 0.5234815 -0.3584268 0.4157875
1403638618.077830 -2.6492672 -13.8203278 -0.1461430 -0.6519303 0.5199503 -0.3578875 0.4201847
1403638618.227829 -2.5198059 -13.9513874 -0.1005087 -0.6527072 0.5193754 -0.3559855 0.4213038
1403638618.377830 -2.3849545 -14.0741129 -0.0661564 -0.6531981 0.5175360 -0.3565240 0.4223500
1403638618.477829 -2.2920752 -14.1509647 -0.0465269 -0.6540467 0.5165544 -0.3561952 0.4225155
1403638618.877830 -1.8922377 -14.4195919 0.0330334 -0.6457182 0.5212667 -0.3672235 0.4200905
1403638619.027829 -1.7320299 -14.5040569 0.0719404 -0.6315072 0.5297218 -0.3802014 0.4195718
1403638619.177830 -1.5708790 -14.5831890 0.0929260 -0.6113435 0.5474863 -0.3983241 0.4097021
1403638619.327830 -1.4108047 -14.6557102 0.0958567 -0.5845919 0.5727269 -0.4162661 0.3961803
1403638619.477829 -1.2569818 -14.7221451 0.0813713 0.5590681 -0.5953729 0.4300475 -0.3847507
1403638619.627830 -1.1076384 -14.7801819 0.0613465 0.5408152 -0.6112331 0.4347631 -0.3806496
1403638619.977829 -0.7842684 -14.9214306 -0.0062728 0.5173561 -0.6307570 0.4310252 -0.3856235
1403638620.677830 -0.3001385 -15.3347301 -0.0361719 0.5230134 -0.6261787 0.4377597 -0.3777881
1403638622.077830 0.2826862 -16.1991539 -0.1810131 0.5346856 -0.5974578 0.4560343 -0.3862491
1403638623.327830 -0.0545616 -16.5874729 -0.1808496 0.5291533 -0.6071025 0.4496177 -0.3863514
1403638624.077830 -0.6615124 -16.7177696 -0.1311822 0.5332541 -0.6130967 0.4472199 -0.3738273
1403638624.377830 -0.9342709 -16.7632713 -0.1307273 0.5283507 -0.6180710 0.4435998 -0.3768993
1403638624.877830 -1.4232559 -16.8509293 -0.1774144 0.5366096 -0.6054350 0.4503227 -0.3777675
1403638625.177830 -1.7494545 -16.8963356 -0.1678157 0.5424230 -0.6064877 0.4322664 -0.3887105
1403638625.327830 -1.9116936 -16.9216099 -0.1748629 0.5443410 -0.6052571 0.4302464 -0.3901856
1403638625.777829 -2.3882446 -17.0142517 -0.1415234 0.5497324 -0.6083919 0.4240414 -0.3845029
1403638626.077830 -2.6868000 -17.0906410 -0.1272383 0.5518494 -0.6127991 0.4197462 -0.3791474
1403638626.277829 -2.8704567 -17.1478577 -0.1414318 0.5515410 -0.6113386 0.4230625 -0.3782670
1403638626.727829 -3.2511845 -17.2697983 -0.2123137 0.5581681 -0.6076033 0.4271126 -0.3699208
1403638627.027829 -3.4590530 -17.3321934 -0.2179327 0.5625314 -0.6111506 0.4204230 -0.3651000
1403638627.177830 -3.5450802 -17.3595123 -0.2203274 0.5626127 -0.6109359 0.4196804 -0.3661869
1403638627.477829 -3.6857090 -17.4095478 -0.2470932 0.5646439 -0.6079439 0.4227973 -0.3644504
1403638627.677830 -3.7569561 -17.4362507 -0.2738504 0.5620198 -0.6044741 0.4289086 -0.3671270
1403638627.827830 -3.8022194 -17.4514427 -0.2961273 0.5602542 -0.6023661 0.4325930 -0.3689632
1403638627.977829 -3.8432522 -17.4617081 -0.3201036 0.5620880 -0.6034211 0.4315825 -0.3656183
1403638628.427830 -3.9316368 -17.4587708 -0.3682499 0.5610602 -0.6080756 0.4283038 -0.3633338
1403638628.727829 -3.9598885 -17.4376488 -0.3705502 0.5430142 -0.6107011 0.4258344 -0.3883875
1403638629.177830 -4.0051403 -17.4388313 -0.4129210 0.5535724 -0.6036288 0.4361824 -0.3727394
1403638629.577830 -4.0327358 -17.4212341 -0.4192219 0.5601810 -0.6131400 0.4234855 -0.3618240
1403638629.727829 -4.0295391 -17.4087944 -0.4135885 0.5494958 -0.6201135 0.4148173 -0.3760856
1403638630.077830 -4.0063171 -17.4100437 -0.4379816 0.5399555 -0.6015201 0.4433609 -0.3873666
1403638630.177830 -4.0052624 -17.4131565 -0.4656630 0.5442457 -0.6003011 0.4445884 -0.3818065
1403638630.327830 -4.0091648 -17.4151154 -0.5175257 0.5521640 -0.6046525 0.4392156 -0.3695944
1403638630.427830 -4.0014553 -17.4086075 -0.5152740 0.5534560 -0.6136088 0.4227201 -0.3721270
1403638630.527829 -3.9888687 -17.4053001 -0.5050888 0.5500467 -0.6020420 0.4384252 -0.3778590
1403638630.627830 -3.9781055 -17.4012852 -0.5136929 0.5491762 -0.6018551 0.4395719 -0.3780906
1403638630.977829 -3.9847679 -17.4069672 -0.5299473 0.5730748 -0.6112269 0.4142326 -0.3555255
1403638631.427830 -3.9999199 -17.4092388 -0.5254269 0.5730421 -0.6113664 0.4140459 -0.3555557
1403638631.527829 -4.0024204 -17.4096870 -0.5232134 0.5730731 -0.6114976 0.4139460 -0.3553964
1403638631.627830 -4.0045681 -17.4101200 -0.5207415 0.5732425 -0.6114154 0.4140433 -0.3551514
