1403715528.562143087 -0.004505356 0.002596150 0.010158334 -0.821373477 -0.045522130 0.002695146 0.568564934
1403715528.612143040 -0.007146064 0.004374028 0.016745841 -0.820656942 -0.044153072 0.003330327 0.569703079
1403715528.662142992 -0.010407823 0.006987993 0.024857684 -0.819440540 -0.042393073 0.004158468 0.571579160
1403715528.712142944 -0.014177046 0.010149480 0.034597199 -0.818290410 -0.041040032 0.004357521 0.573321491
1403715528.762142897 -0.018071903 0.013221947 0.045100508 -0.817289261 -0.039785415 0.004656547 0.574833629
1403715528.812143087 -0.022022134 0.016470723 0.056182222 -0.816541309 -0.039191082 0.003942156 0.575941672
1403715528.862143040 -0.026446086 0.019657274 0.068078284 -0.815079685 -0.039034913 0.003221606 0.578023359
1403715528.912142992 -0.031401486 0.022831125 0.080364230 -0.814453682 -0.038492201 0.002769378 0.578943762
1403715528.962142944 -0.036838723 0.025835225 0.092853705 -0.814180512 -0.038564318 0.001758295 0.579327019
1403715529.012142897 -0.042720942 0.028682518 0.105190967 -0.814838988 -0.040313536 0.000652901 0.578283509
1403715529.062143087 -0.049768774 0.030906076 0.117791661 -0.815821630 -0.041587257 0.002955688 0.576798780
1403715529.112143040 -0.057659580 0.032986478 0.132675777 -0.815894032 -0.044192191 0.006868535 0.576469255
1403715529.162142992 -0.066316750 0.034707946 0.149900684 -0.815991617 -0.048887686 0.011297525 0.575881969
1403715529.212142944 -0.075332590 0.036389291 0.169121420 -0.816802826 -0.054819448 0.016132767 0.574079877
1403715529.262142897 -0.084619200 0.038333007 0.189469200 -0.818106662 -0.061928526 0.021127146 0.571331770
1403715529.312143087 -0.094241458 0.040296133 0.209490360 -0.819360417 -0.070184242 0.026114138 0.568366722
1403715529.362143040 -0.104160807 0.042514684 0.227828542 -0.820464140 -0.079443103 0.030670198 0.565320022
1403715529.412142992 -0.114385867 0.045520639 0.244360419 -0.820246349 -0.088802716 0.035470155 0.563960879
1403715529.462142944 -0.124945038 0.049440572 0.259021975 -0.819205192 -0.096996208 0.040075287 0.563816070
1403715529.512142897 -0.135823287 0.054322184 0.271700947 -0.817972151 -0.104029673 0.043751908 0.564079036
1403715529.562143087 -0.146985936 0.059722932 0.282229122 -0.816991108 -0.109732154 0.047321730 0.564132110
1403715529.612143040 -0.158305018 0.065767872 0.290933555 -0.815676221 -0.114698071 0.049926174 0.564822124
1403715529.662142992 -0.170015262 0.072389750 0.298119516 -0.814107545 -0.118714592 0.052462212 0.566024263
1403715529.712142944 -0.182295134 0.079503701 0.304841657 -0.812458890 -0.123527994 0.053377851 0.567276117
1403715529.762142897 -0.195332768 0.086907629 0.311965600 -0.811770494 -0.127533566 0.054471451 0.567271289
1403715529.812143087 -0.209061680 0.094670642 0.320558615 -0.810790597 -0.129679385 0.056776491 0.567959766
1403715529.862143040 -0.223288672 0.102428847 0.330018261 -0.810201236 -0.131627265 0.058313915 0.568196891
1403715529.912142992 -0.238222592 0.110212999 0.341019495 -0.809119679 -0.132212786 0.060855955 0.569334416
1403715529.962142944 -0.253484455 0.118212421 0.353068669 -0.807603895 -0.132535074 0.062957426 0.571180151
1403715530.012142897 -0.268904541 0.126509623 0.365933877 -0.805261188 -0.133938599 0.063063046 0.574141031
1403715530.062143087 -0.284645633 0.134697995 0.379911094 -0.801762510 -0.135847733 0.061957636 0.578691215
1403715530.112143040 -0.300794173 0.142354296 0.394703578 -0.798219031 -0.138281487 0.059396952 0.583263758
1403715530.162142992 -0.317599589 0.148948817 0.410356102 -0.796922064 -0.140392490 0.056344580 0.584833704
1403715530.212142944 -0.335227766 0.154153535 0.428212765 -0.797597766 -0.142597769 0.053050377 0.583685993
1403715530.262142897 -0.353880442 0.158210319 0.448731607 -0.799400075 -0.144712761 0.049279258 0.581024347
1403715530.312143087 -0.374193375 0.161343699 0.473366154 -0.800899016 -0.146112193 0.046558593 0.578830105
1403715530.362143040 -0.396321488 0.163583001 0.501741776 -0.802606754 -0.144613768 0.047676455 0.576746229
1403715530.412142992 -0.420200054 0.164895695 0.533521765 -0.804079312 -0.142456640 0.050630166 0.574977522
1403715530.462142944 -0.445525036 0.165610830 0.567650393 -0.805166089 -0.141286253 0.055078336 0.573334231
1403715530.512142897 -0.471878103 0.165771192 0.602069936 -0.805318973 -0.142554834 0.058962326 0.572418479
1403715530.562143087 -0.499027344 0.165406203 0.634898177 -0.805510227 -0.144579665 0.063093119 0.571199836
1403715530.612143040 -0.526468031 0.164791984 0.664671188 -0.805207168 -0.146820186 0.066426812 0.570677429
1403715530.662142992 -0.554341432 0.163837503 0.690991751 -0.804496359 -0.148525664 0.070088915 0.570800560
1403715530.712142944 -0.582448343 0.162493693 0.714072703 -0.803922918 -0.150630496 0.073701057 0.570601919
1403715530.762142897 -0.611095995 0.160844046 0.735427824 -0.803415180 -0.154078741 0.078021109 0.569821461
1403715530.812143087 -0.640364594 0.158672644 0.756262979 -0.802692466 -0.159271079 0.083244767 0.568671994
1403715530.862143040 -0.669852098 0.156275785 0.776825478 -0.801537002 -0.165146724 0.089217687 0.567719295
1403715530.912142992 -0.699528593 0.153962685 0.797017943 -0.800586197 -0.170924276 0.094494787 0.566495691
1403715530.962142944 -0.728938502 0.152106322 0.816725976 -0.799993992 -0.177275382 0.097017545 0.564951899
1403715531.012142897 -0.758315094 0.150248728 0.835281505 -0.802094312 -0.182134237 0.100324268 0.559827541
1403715531.062143087 -0.787727734 0.148398972 0.852331440 -0.806101764 -0.187193493 0.101957148 0.552053695
1403715531.112143040 -0.817303128 0.146702788 0.867791342 -0.811963745 -0.191165683 0.103295220 0.541757009
1403715531.162142992 -0.847366759 0.146194078 0.882530545 -0.816887285 -0.194361337 0.104613929 0.532892823
1403715531.212142944 -0.878669098 0.147131194 0.897168701 -0.821452984 -0.193209318 0.111131381 0.524914250
1403715531.262142897 -0.911013998 0.150869066 0.913251171 -0.821320663 -0.189754133 0.120245398 0.524372750
1403715531.312143087 -0.943585997 0.157470616 0.930246592 -0.818031220 -0.185906328 0.129078242 0.528774591
1403715531.362143040 -0.975661956 0.166581910 0.947385687 -0.813376189 -0.183005002 0.136003181 0.535192937
1403715531.412142992 -1.006653673 0.177434438 0.963846731 -0.809037460 -0.181376649 0.140595596 0.541104221
1403715531.462142944 -1.035825877 0.189464731 0.977053114 -0.805196470 -0.181652201 0.141979511 0.546354227
1403715531.512142897 -1.063601318 0.202545545 0.986403268 -0.802172445 -0.181918773 0.143109996 0.550403903
1403715531.562143087 -1.090072912 0.216126450 0.992619415 -0.800400864 -0.182149726 0.143984090 0.552673970
1403715531.612143040 -1.115495385 0.230030007 0.995534766 -0.800134980 -0.181676703 0.145727300 0.552757762
1403715531.662142992 -1.139789571 0.244463834 0.995585578 -0.800832179 -0.180955870 0.147308567 0.551564122
1403715531.712142944 -1.162618579 0.260122576 0.994179384 -0.800259396 -0.182553161 0.145222632 0.552421605
1403715531.762142897 -1.183954134 0.276629111 0.992335232 -0.798909659 -0.185663201 0.140289938 0.554609111
1403715531.812143087 -1.204178148 0.293999816 0.991338439 -0.795503294 -0.188351036 0.135573678 0.559748314
1403715531.862143040 -1.223459418 0.311525959 0.991139986 -0.791485066 -0.190335025 0.131618804 0.565685830
1403715531.912142992 -1.242097386 0.328854291 0.991490123 -0.787748739 -0.190940297 0.129404471 0.571181416
1403715531.962142944 -1.259740598 0.345381527 0.991655810 -0.784513159 -0.191557637 0.126782933 0.575995541
1403715532.012142897 -1.276749368 0.360616436 0.991431454 -0.782821080 -0.191459922 0.125502415 0.578604700
1403715532.062143087 -1.293152723 0.374859109 0.990981264 -0.781269718 -0.192114194 0.123370591 0.580938431
1403715532.112143040 -1.308655036 0.387910066 0.990244687 -0.780278069 -0.193056786 0.120983466 0.582458766
1403715532.162142992 -1.323676923 0.399646017 0.989630715 -0.779468161 -0.193223931 0.120103642 0.583668582
1403715532.212142944 -1.338179670 0.409958773 0.988819192 -0.779005322 -0.193000616 0.120442848 0.584290160
1403715532.262142897 -1.352241654 0.418626143 0.987951647 -0.778220224 -0.193710543 0.122252240 0.584725490
1403715532.312143087 -1.365934887 0.425536234 0.986770648 -0.778550375 -0.194388865 0.125528793 0.583365071
1403715532.362143040 -1.379088631 0.431142886 0.985003702 -0.780480903 -0.194356687 0.129554583 0.579905723
1403715532.412142992 -1.391655044 0.435793051 0.983552774 -0.781989769 -0.193048973 0.134709215 0.577128688
1403715532.462142944 -1.403050952 0.439609492 0.981598626 -0.783357064 -0.192726816 0.138583950 0.574458505
1403715532.512142897 -1.413511758 0.443076102 0.979762995 -0.784573105 -0.191618601 0.142947919 0.572095488
1403715532.562143087 -1.422799016 0.446164189 0.977729775 -0.785597739 -0.188844672 0.149249604 0.569998629
1403715532.612143040 -1.430524727 0.449058731 0.975925635 -0.785878104 -0.185121317 0.156582784 0.568865129
1403715532.662142992 -1.436394060 0.452097423 0.974157485 -0.785492258 -0.180828331 0.164494949 0.568545898
1403715532.712142944 -1.439771278 0.455203880 0.972233436 -0.784495882 -0.176951925 0.171533341 0.569061104
1403715532.762142897 -1.440081657 0.458210399 0.969414220 -0.783576959 -0.174179454 0.177163102 0.569457551
1403715532.812143087 -1.437103869 0.461460070 0.965780727 -0.782999246 -0.171717942 0.180684110 0.569893308
1403715532.862143040 -1.430846158 0.465197189 0.961520308 -0.782901287 -0.168864778 0.182015029 0.570456650
1403715532.912142992 -1.421343901 0.469526625 0.955912121 -0.783954308 -0.164851976 0.181576181 0.570324083
1403715532.962142944 -1.408456244 0.474487709 0.948023158 -0.785907506 -0.158618748 0.179935058 0.569923557
1403715533.012142897 -1.392222745 0.480158599 0.937198004 -0.788212017 -0.150775643 0.176904263 0.569818746
1403715533.062143087 -1.372590170 0.486567566 0.923379505 -0.791166592 -0.141955853 0.172056430 0.569473918
1403715533.112143040 -1.349414533 0.493318329 0.906939371 -0.793658116 -0.132124258 0.165535573 0.570305137
1403715533.162142992 -1.322751814 0.500890430 0.889450045 -0.794218615 -0.122258092 0.156638609 0.574224779
1403715533.212142944 -1.292145910 0.508984679 0.873903548 -0.791725289 -0.113201404 0.145343472 0.582436077
1403715533.262142897 -1.257871576 0.516517870 0.861708145 -0.789519289 -0.103728011 0.134817157 0.589681377
1403715533.312143087 -1.219811974 0.522524263 0.852490167 -0.788234997 -0.095757734 0.123610535 0.595177688
1403715533.362143040 -1.178868863 0.527040996 0.847103145 -0.789126562 -0.089581184 0.113670128 0.596936833
1403715533.412142992 -1.135326107 0.530868411 0.845975998 -0.790852819 -0.084444992 0.104764936 0.597030292
1403715533.462142944 -1.089365073 0.532798177 0.848127599 -0.794275358 -0.079499182 0.097945978 0.594317357
1403715533.512142897 -1.041502034 0.533644314 0.854899129 -0.798140323 -0.073102856 0.095237161 0.590387906
1403715533.562143087 -0.991528034 0.533386439 0.865589446 -0.801900940 -0.064885643 0.096682589 0.586001035
1403715533.612143040 -0.939101805 0.532019801 0.879717016 -0.805377855 -0.057648648 0.098841654 0.581612819
1403715533.662142992 -0.883927656 0.529987518 0.897337432 -0.809207606 -0.050328135 0.102424008 0.576332761
1403715533.712142944 -0.825115671 0.528130896 0.918757346 -0.812138271 -0.044563184 0.104830294 0.572237854
1403715533.762142897 -0.762928206 0.526864540 0.943368217 -0.814120029 -0.039622154 0.106853048 0.569404154
1403715533.812143087 -0.697163423 0.526692618 0.969184651 -0.815969119 -0.038734624 0.104301212 0.567287655
1403715533.862143040 -0.628060360 0.527504464 0.994804914 -0.816988615 -0.039840007 0.099576567 0.566592344
1403715533.912142992 -0.556341280 0.529194092 1.018113399 -0.817976168 -0.043708540 0.091972103 0.566167542
1403715533.962142944 -0.482790584 0.531804610 1.039241311 -0.818013047 -0.047146767 0.085475337 0.566856071
1403715534.012142897 -0.407613444 0.534698577 1.056763568 -0.818260771 -0.051044742 0.079222390 0.567069270
1403715534.062143087 -0.330943769 0.537918403 1.070721057 -0.818170733 -0.054807479 0.073618516 0.567602947
1403715534.112143040 -0.253004598 0.542212875 1.081444604 -0.817388579 -0.059658195 0.066707736 0.569093041
1403715534.162142992 -0.174462634 0.546557507 1.088667540 -0.816983253 -0.064788302 0.060519714 0.569805409
1403715534.212142944 -0.095549668 0.551127197 1.092659474 -0.816661426 -0.070188343 0.053671029 0.570313188
1403715534.262142897 -0.016714250 0.555997186 1.093815302 -0.816322693 -0.074896912 0.048100169 0.570696143
1403715534.312143087 0.061469687 0.561508494 1.092378015 -0.816070217 -0.078303596 0.044745606 0.570872822
1403715534.362143040 0.139083293 0.567211149 1.088174427 -0.815877288 -0.080569124 0.041738109 0.571061115
1403715534.412142992 0.216108591 0.573345748 1.080762631 -0.816132159 -0.080608449 0.038956253 0.570887894
1403715534.462142944 0.292564302 0.580010622 1.070755409 -0.816490283 -0.078993064 0.036089032 0.570790062
1403715534.512142897 0.368534327 0.587138455 1.058275194 -0.816739090 -0.076049841 0.032151614 0.571069133
1403715534.562143087 0.443691310 0.595171899 1.045049286 -0.817117159 -0.071245085 0.028073371 0.571362908
1403715534.612143040 0.517860866 0.604071397 1.031800903 -0.817931975 -0.064380338 0.024397850 0.571180533
1403715534.662142992 0.591431422 0.613135433 1.018163376 -0.819056566 -0.056973687 0.018948122 0.570562274
1403715534.712142944 0.664302601 0.622448892 1.004284887 -0.820365060 -0.048261960 0.012919083 0.569653446
1403715534.762142897 0.736358251 0.632207465 0.989777936 -0.823120456 -0.038346110 0.005664233 0.566542326
1403715534.812143087 0.807694617 0.642278698 0.974731701 -0.826258206 -0.027782411 -0.003332840 0.562596131
1403715534.862143040 0.878123708 0.653173217 0.959467921 -0.829335183 -0.016171261 -0.012879810 0.558368834
1403715534.912142992 0.947479864 0.665053455 0.943858414 -0.832232465 -0.004076896 -0.022523545 0.553954144
1403715534.962142944 1.015813952 0.678458192 0.928547107 -0.834149168 0.007560710 -0.032538945 0.550526310
1403715535.012142897 1.082728656 0.693322356 0.913465684 -0.835160841 0.018334173 -0.041662696 0.548119009
1403715535.062143087 1.148162703 0.709547063 0.898227372 -0.836481679 0.028096222 -0.049328285 0.545046533
1403715535.112143040 1.212180778 0.727113790 0.882871320 -0.838627784 0.036989705 -0.056128245 0.540541231
1403715535.162142992 1.274610856 0.746400018 0.867729773 -0.841045629 0.045168095 -0.060754748 0.535640695
1403715535.212142944 1.335396277 0.767784519 0.852434496 -0.843891802 0.052362202 -0.064108391 0.530089559
1403715535.262142897 1.394881601 0.791847818 0.838079419 -0.846100502 0.058492166 -0.066637807 0.525596812
1403715535.312143087 1.453414810 0.818752689 0.824681607 -0.847798549 0.063873054 -0.068329894 0.522004673
1403715535.362143040 1.510812907 0.849358298 0.812452406 -0.848634346 0.069322444 -0.068550817 0.519918196
1403715535.412142992 1.567306039 0.882916921 0.801339994 -0.848148682 0.077808011 -0.062981361 0.520214450
1403715535.462142944 1.623782344 0.919665428 0.791148447 -0.845299888 0.085724934 -0.057232529 0.524255446
1403715535.512142897 1.680641533 0.959186420 0.781691117 -0.840835896 0.091679281 -0.052152798 0.530914297
1403715535.562143087 1.738326614 1.000519295 0.772330287 -0.835778648 0.094089195 -0.050205657 0.538609940
1403715535.612143040 1.796835982 1.043482728 0.763390406 -0.829809048 0.094090631 -0.049799173 0.547799178
1403715535.662142992 1.855709994 1.087499675 0.753683827 -0.825841428 0.091786264 -0.050053742 0.554126196
1403715535.712142944 1.914652646 1.132392830 0.743594192 -0.823398374 0.086637926 -0.050611843 0.558522541
1403715535.762142897 1.973659734 1.177271657 0.733271309 -0.822267887 0.079866303 -0.049749341 0.561268116
1403715535.812143087 2.032768655 1.221982460 0.722741900 -0.821276425 0.069763812 -0.050682487 0.563976356
1403715535.862143040 2.091561012 1.266430538 0.711382478 -0.821424115 0.057080065 -0.052659791 0.565005518
1403715535.912142992 2.149523449 1.311032647 0.699580776 -0.823428764 0.044940367 -0.052116001 0.563231176
1403715535.962142944 2.206585041 1.356012581 0.687810368 -0.825869024 0.032751419 -0.050506232 0.560639652
1403715536.012142897 2.262585325 1.401387662 0.676037709 -0.829091970 0.023319326 -0.046601949 0.556678518
1403715536.062143087 2.317499646 1.447486169 0.665089326 -0.832521839 0.014406412 -0.043547591 0.552090075
1403715536.112143040 2.370977467 1.495186666 0.654752373 -0.835541729 0.007229021 -0.039768801 0.547938138
1403715536.162142992 2.423332072 1.544444428 0.645006850 -0.838130474 0.000297741 -0.036863222 0.544222678
1403715536.212142944 2.474730348 1.595833150 0.635828496 -0.840285709 -0.007211223 -0.036225181 0.540884148
1403715536.262142897 2.524307215 1.649230137 0.627421972 -0.841859064 -0.014533276 -0.036401415 0.538272270
1403715536.312143087 2.571796643 1.704601708 0.620152350 -0.842265819 -0.021446154 -0.036769166 0.537379179
1403715536.362143040 2.617140745 1.761893989 0.614140332 -0.840945695 -0.028755210 -0.038099941 0.539010084
1403715536.412142992 2.660307847 1.821120095 0.609046843 -0.838440896 -0.036956679 -0.041895850 0.542121579
1403715536.462142944 2.700816502 1.881997303 0.604870217 -0.835190550 -0.044854983 -0.046462258 0.546155686
1403715536.512142897 2.738057842 1.944153877 0.601493649 -0.831863994 -0.051389802 -0.050564852 0.550276820
1403715536.562143087 2.771691709 2.007377232 0.598972389 -0.828234091 -0.056643216 -0.053789590 0.554911270
1403715536.612143040 2.801445118 2.071317907 0.597089717 -0.824691527 -0.060374111 -0.055686880 0.559587190
1403715536.662142992 2.827292905 2.135894871 0.595893971 -0.820325158 -0.063489072 -0.057435864 0.565452823
1403715536.712142944 2.848917158 2.200407500 0.595513752 -0.815343956 -0.064958026 -0.057393402 0.572451470
1403715536.762142897 2.865996487 2.264368475 0.596642736 -0.808317216 -0.066007562 -0.055661680 0.582381368
1403715536.812143087 2.878873234 2.326883267 0.598226668 -0.801568074 -0.068082276 -0.053814832 0.591571965
1403715536.862143040 2.888004363 2.387538394 0.600201951 -0.794906427 -0.071753588 -0.053767948 0.600070164
1403715536.912142992 2.893594357 2.445740620 0.602310955 -0.788080636 -0.076250475 -0.056064521 0.608252863
1403715536.962142944 2.895618920 2.500667809 0.604666311 -0.781004840 -0.081545308 -0.061070224 0.616159257
1403715537.012142897 2.893664955 2.551958494 0.607531998 -0.773973957 -0.086237757 -0.066036706 0.623832122
1403715537.062143087 2.886791049 2.599389528 0.611766388 -0.765813702 -0.089169866 -0.069306543 0.633067699
1403715537.112143040 2.875016175 2.642389677 0.617319943 -0.756332339 -0.091581752 -0.072068994 0.643723726
1403715537.162142992 2.858123304 2.679689094 0.624150528 -0.746082621 -0.092855238 -0.073670218 0.655218533
1403715537.212142944 2.836053110 2.710519747 0.631941744 -0.736584144 -0.092632942 -0.073544578 0.665923518
1403715537.262142897 2.808889573 2.734276725 0.640825193 -0.728474867 -0.090614415 -0.071002126 0.675331100
1403715537.312143087 2.776219576 2.750094856 0.651006860 -0.724757926 -0.083301180 -0.060041988 0.681308903
1403715537.362143040 2.739246409 2.757588443 0.661711515 -0.726840356 -0.073496483 -0.045331881 0.681356283
1403715537.412142992 2.699617063 2.757367128 0.671595379 -0.734987348 -0.063611249 -0.031961621 0.674333494
1403715537.462142944 2.658074151 2.749982328 0.681331912 -0.747230209 -0.053089485 -0.017862589 0.662200460
1403715537.512142897 2.615755117 2.736576613 0.690788458 -0.761998889 -0.043763505 -0.006407462 0.646066090
1403715537.562143087 2.573306746 2.718334076 0.699903716 -0.776902993 -0.036210614 0.002414535 0.628573544
1403715537.612143040 2.531020602 2.696830544 0.709678994 -0.789597112 -0.029567581 0.009644938 0.612836955
1403715537.662142992 2.489537358 2.673286673 0.720308855 -0.798596692 -0.024462960 0.013864157 0.601209342
1403715537.712142944 2.449045857 2.649275460 0.732960233 -0.800735054 -0.019598234 0.017592210 0.598439468
1403715537.762142897 2.409713414 2.624537249 0.746471324 -0.798514099 -0.016314048 0.019037576 0.601453785
1403715537.812143087 2.371517785 2.598608702 0.760650674 -0.793263426 -0.013211561 0.020918293 0.608375720
1403715537.862143040 2.335099526 2.570875588 0.774165115 -0.788423408 -0.012159581 0.019887908 0.614691097
1403715537.912142992 2.299973966 2.540672132 0.786900588 -0.785459307 -0.010740205 0.020373392 0.618484640
1403715537.962142944 2.266374056 2.507757450 0.797509216 -0.786342739 -0.011156188 0.018693820 0.617406817
1403715538.012142897 2.233891846 2.472322786 0.807317303 -0.789757317 -0.009886968 0.020530268 0.612996032
1403715538.062143087 2.203021850 2.435285031 0.816965757 -0.793015928 -0.007948931 0.021095874 0.608783637
1403715538.112143040 2.173778446 2.396652330 0.826490959 -0.796940159 -0.003994443 0.023069775 0.603604352
1403715538.162142992 2.146700412 2.356890058 0.834811976 -0.800656621 0.001100669 0.023751429 0.598651513
1403715538.212142944 2.121871610 2.316375333 0.840624824 -0.803817842 0.006718882 0.022247243 0.594421394
1403715538.262142897 2.099043257 2.275350394 0.843381058 -0.805799766 0.012655942 0.018888214 0.591751468
1403715538.312143087 2.077983638 2.234125425 0.843756220 -0.805939655 0.019507682 0.014756986 0.591492142
1403715538.362143040 2.059030062 2.192760428 0.841195500 -0.804811722 0.026312173 0.009115257 0.592876610
1403715538.412142992 2.042201526 2.151038754 0.836861664 -0.800322344 0.032548179 0.000869350 0.598685231
1403715538.462142944 2.027376454 2.108308355 0.831448601 -0.794597813 0.036939806 -0.011450373 0.605903174
1403715538.512142897 2.013874430 2.063715705 0.826876006 -0.788233695 0.042021670 -0.023823296 0.613477197
1403715538.562143087 2.001402034 2.017215017 0.822568388 -0.783080653 0.047339752 -0.037065752 0.619007083
1403715538.612143040 1.989355845 1.967982855 0.818433531 -0.779318293 0.054680541 -0.048443703 0.622355401
1403715538.662142992 1.977385250 1.916171738 0.814465800 -0.777658989 0.063680924 -0.058659383 0.622696004
1403715538.712142944 1.965605025 1.861916260 0.810132760 -0.777721584 0.074502497 -0.068317921 0.620428221
1403715538.762142897 1.953792106 1.805100834 0.804675701 -0.780493437 0.086620506 -0.078045073 0.614195285
1403715538.812143087 1.941917373 1.746366628 0.798680426 -0.784939014 0.100195309 -0.087593227 0.605110793
1403715538.862143040 1.930178179 1.686005921 0.792789942 -0.788256521 0.114322538 -0.098524558 0.596552534
1403715538.912142992 1.918491192 1.624403341 0.785822052 -0.790518918 0.129716883 -0.109723132 0.588399699
1403715538.962142944 1.906964351 1.562526497 0.776584831 -0.790861775 0.146006827 -0.121592818 0.581751533
1403715539.012142897 1.895596181 1.500203864 0.764690438 -0.789326417 0.162768117 -0.134606425 0.576499314
1403715539.062143087 1.883982396 1.437564863 0.749726535 -0.786878565 0.180859895 -0.147020453 0.571398992
1403715539.112143040 1.872120538 1.374543544 0.731697401 -0.783660348 0.199100820 -0.159849398 0.566289230
1403715539.162142992 1.860063437 1.311582353 0.710967924 -0.779151311 0.217721423 -0.172347085 0.561976067
1403715539.212142944 1.847448120 1.248528386 0.687289734 -0.774345699 0.236712217 -0.183957079 0.557239498
1403715539.262142897 1.834399727 1.185662507 0.660563175 -0.770493664 0.254586617 -0.195585007 0.550701075
1403715539.312143087 1.820773019 1.122613073 0.630553397 -0.767410744 0.271915893 -0.206353716 0.542734411
1403715539.362143040 1.806474899 1.059690206 0.598138451 -0.764496324 0.288383007 -0.216110663 0.534487411
1403715539.412142992 1.792373444 0.997485776 0.564983059 -0.761349026 0.303072237 -0.225632292 0.526863312
1403715539.462142944 1.778282553 0.936730684 0.534641575 -0.756735902 0.315139826 -0.234787855 0.522410114
1403715539.512142897 1.763758165 0.877212018 0.507795660 -0.753262190 0.326788385 -0.240708764 0.517556485
1403715539.562143087 1.748896843 0.819319661 0.485871004 -0.749664343 0.339252008 -0.241611834 0.514329825
1403715539.612143040 1.734877957 0.763289920 0.468795916 -0.745291136 0.350220917 -0.241314108 0.513472426
1403715539.662142992 1.721395707 0.708616560 0.456800659 -0.740832563 0.358953524 -0.241102525 0.513993243
1403715539.712142944 1.708764709 0.654982198 0.449525175 -0.735783560 0.365382009 -0.242062167 0.516260058
1403715539.762142897 1.697177476 0.602036459 0.446367713 -0.732512031 0.369174482 -0.244004267 0.517298989
1403715539.812143087 1.686205917 0.548974691 0.446996975 -0.730163888 0.370822666 -0.246051091 0.518469004
1403715539.862143040 1.675711127 0.495921774 0.450370509 -0.730855417 0.370758889 -0.247178330 0.517002010
1403715539.912142992 1.665840815 0.443224675 0.457422673 -0.734551128 0.371063176 -0.244879500 0.512621488
1403715539.962142944 1.657159445 0.390852089 0.469346252 -0.737724661 0.372707994 -0.239342277 0.509476545
1403715540.012142897 1.650198257 0.338676691 0.482981667 -0.742961612 0.373782799 -0.233858585 0.503591724
1403715540.062143087 1.645221569 0.287608726 0.497769180 0.747655931 -0.376892822 0.225627647 -0.498050775
1403715540.112143040 1.642730288 0.237646490 0.512918688 0.752986431 -0.380398126 0.216196580 -0.491495411
1403715540.162142992 1.643770363 0.189559425 0.530357621 0.755542907 -0.383457179 0.207432047 -0.488965697
1403715540.212142944 1.648628081 0.142762399 0.548123960 0.757605066 -0.385379172 0.201406214 -0.486778178
1403715540.262142897 1.658062571 0.097137954 0.566853542 0.757168369 -0.384970403 0.199707439 -0.488478032
1403715540.312143087 1.671407309 0.052365798 0.585339417 0.757628743 -0.381643931 0.201987581 -0.489436016
1403715540.362143040 1.688488865 0.008481556 0.603443504 0.759045035 -0.376092166 0.207560728 -0.489207381
1403715540.412142992 1.708285014 -0.034303282 0.620549662 0.761460212 -0.370854429 0.212515200 -0.487321894
1403715540.462142944 1.730939940 -0.075492814 0.636944848 0.763948519 -0.365721587 0.217820550 -0.484958338
1403715540.512142897 1.755741698 -0.115699320 0.651549413 0.769020129 -0.361554540 0.222342950 -0.477964401
1403715540.562143087 1.783223712 -0.153612704 0.665347278 0.773001828 -0.360427510 0.224361962 -0.471404173
