1403715529.962143 0.5653876 -1.0062792 -0.5573895 -0.8097032 -0.1315283 0.0706060 0.5675350
1403715531.362143 -0.1456690 -0.9276762 0.0396069 -0.8140336 -0.1818117 0.1451382 0.5321925
1403715531.612143 -0.2852152 -0.8591483 0.0877212 -0.8011299 -0.1803944 0.1546652 0.5492973
1403715532.312143 -0.5294914 -0.6619155 0.0851685 -0.7796204 -0.1929746 0.1351708 0.5802429
1403715532.562143 -0.5849743 -0.6392793 0.0753617 -0.7864549 -0.1873180 0.1589335 0.5666930
1403715532.712143 -0.6009169 -0.6297615 0.0703569 -0.7850164 -0.1753967 0.1811372 0.5658398
1403715532.962143 -0.5687196 -0.6125224 0.0438165 -0.7863275 -0.1569512 0.1893449 0.5667486
1403715533.312143 -0.3797176 -0.5734990 -0.0559819 -0.7891254 -0.0939205 0.1325758 0.5923545
1403715533.462143 -0.2493189 -0.5681091 -0.0623875 -0.7954022 -0.0781451 0.1070789 0.5914075
1403715533.512143 -0.2016499 -0.5685679 -0.0561818 -0.7992669 -0.0716693 0.1046497 0.5874388
1403715533.562143 -0.1520289 -0.5698833 -0.0461720 -0.8030163 -0.0633787 0.1061040 0.5830008
1403715533.612143 -0.0999115 -0.5723368 -0.0327278 -0.8064434 -0.0564714 0.1081743 0.5785831
1403715533.662143 -0.0447447 -0.5754619 -0.0158068 -0.8102173 -0.0491699 0.1118485 0.5732541
1403715534.062143 0.5101818 -0.5819722 0.1631973 -0.8199618 -0.0544011 0.0825240 0.5638200
1403715534.212143 0.7474692 -0.5791919 0.1888674 -0.8187056 -0.0702047 0.0625422 0.5664636
1403715534.362143 0.9831752 -0.5688241 0.1789016 -0.8175057 -0.0806040 0.0510373 0.5679637
1403715534.412143 1.0603942 -0.5638072 0.1691210 -0.8177957 -0.0806104 0.0482712 0.5677871
1403715535.062143 1.9984239 -0.4444496 -0.0385487 -0.8391897 0.0283395 -0.0408297 0.5415629
1403715536.112143 3.2214499 0.2903666 -0.2860621 -0.8386571 0.0062387 -0.0309167 0.5437458
1403715536.312143 3.4246342 0.4908454 -0.3246394 -0.8450667 -0.0226350 -0.0279813 0.5334482
1403715536.512143 3.5940704 0.7222940 -0.3455888 -0.8344079 -0.0528486 -0.0419084 0.5470048
1403715536.612143 3.6589160 0.8463439 -0.3510646 -0.8273626 -0.0615945 -0.0469172 0.5563058
1403715536.912143 3.7565317 1.2134026 -0.3501210 -0.7905684 -0.0773948 -0.0473128 0.6056182
1403715537.212143 3.7050860 1.4739745 -0.3226290 -0.7392541 -0.0932682 -0.0646380 0.6637970
1403715537.312143 3.6476789 1.5136075 -0.3029551 -0.7276826 -0.0833617 -0.0505399 0.6789512
1403715537.412143 3.5739968 1.5222318 -0.2819684 -0.7383842 -0.0636997 -0.0224668 0.6709891
1403715537.512143 3.4930437 1.5032877 -0.2629732 -0.7652401 -0.0442896 0.0029322 0.6422130
1403715537.612143 3.4102111 1.4661033 -0.2431384 -0.7924362 -0.0305143 0.0188152 0.6089004
1403715537.712143 3.3290713 1.4212842 -0.2180967 -0.8031301 -0.0207918 0.0266281 0.5948451
1403715537.812143 3.2514973 1.3742796 -0.1895307 -0.7954608 -0.0144007 0.0298304 0.6050992
1403715537.912143 3.1800687 1.3194776 -0.1632774 -0.7876490 -0.0119058 0.0292103 0.6153164
1403715540.262143 2.4876466 -1.0679442 -0.3669799 -0.7612950 0.3836503 -0.1938507 0.4854527
1403715540.562143 2.6066172 -1.3162621 -0.2726422 -0.7772378 0.3590075 -0.2187226 0.4681619
1403715540.762143 2.7375054 -1.4406976 -0.2220990 -0.7801655 0.3739054 -0.2069709 0.4568366
1403715542.462143 4.8455195 -1.4887092 -0.0241374 -0.7499519 0.2387141 -0.2446402 0.5663381
1403715542.562143 4.9072380 -1.4271332 -0.0039260 -0.7453884 0.2282891 -0.2194385 0.5866233
1403715542.762143 5.0046468 -1.3258266 0.0086342 -0.7603937 0.2135634 -0.1888817 0.5835374
1403715542.962143 5.0703807 -1.2510521 0.0062741 -0.7731317 0.2110771 -0.1695868 0.5735454
1403715543.062143 5.0959320 -1.2209007 -0.0031523 -0.7722464 0.2149055 -0.1594739 0.5762111
1403715543.162143 5.1197305 -1.1959894 -0.0178573 -0.7700861 0.2176634 -0.1553345 0.5791902
1403715543.712143 5.2187071 -1.1918981 -0.1060415 -0.7521521 0.2102412 -0.1869555 0.5959141
1403715544.062143 5.1832252 -1.3136476 -0.1899091 -0.7426252 0.2360223 -0.2698809 0.5656551
1403715544.462143 4.9573393 -1.4806664 -0.4037490 -0.6905142 0.4120100 -0.3133340 0.5052323
1403715544.612143 4.8463478 -1.5431352 -0.5087075 -0.6628839 0.4595080 -0.3356792 0.4865766
1403715544.762143 4.7259908 -1.6034737 -0.5696704 -0.6436369 0.4767393 -0.3571506 0.4805150
1403715545.212143 4.2804480 -1.7852294 -0.5190654 -0.6380039 0.4981385 -0.3708434 0.4552849
1403715545.312143 4.1738081 -1.8247097 -0.5197303 -0.6323285 0.5109779 -0.3754340 0.4450973
1403715545.412143 4.0660715 -1.8618186 -0.5274429 -0.6214882 0.5258975 -0.3750407 0.4433157
1403715545.512143 3.9573846 -1.8976717 -0.5323806 -0.6087043 0.5421019 -0.3672395 0.4480398
1403715545.662143 3.7978907 -1.9590778 -0.5261779 -0.5941131 0.5588264 -0.3568492 0.4554133
1403715545.762143 3.6934671 -2.0095787 -0.5202129 -0.5936296 0.5598488 -0.3538558 0.4571207
1403715545.862143 3.5903296 -2.0685546 -0.5174234 -0.6010843 0.5520038 -0.3542183 0.4566388
1403715545.962143 3.4876404 -2.1338716 -0.5135365 -0.6166139 0.5342167 -0.3558721 0.4558015
1403715546.062143 3.3849201 -2.2019088 -0.5076394 -0.6366480 0.5093063 -0.3532394 0.4588120
1403715546.162143 3.2811661 -2.2691791 -0.4985484 -0.6581492 0.4810874 -0.3410538 0.4680564
1403715546.262143 3.1771598 -2.3354864 -0.4867945 -0.6805114 0.4493630 -0.3217461 0.4810995
1403715546.862143 2.5692167 -2.7180500 -0.4139460 -0.8109419 0.2295652 -0.1567099 0.5148932
1403715546.962143 2.4806869 -2.7705328 -0.4030044 -0.8256888 0.1901183 -0.1301256 0.5149373
1403715547.062143 2.3992510 -2.8141298 -0.3924425 -0.8365327 0.1450475 -0.1126905 0.5162123
1403715547.162143 2.3199935 -2.8467207 -0.3817098 -0.8434332 0.1026222 -0.0921328 0.5192308
1403715547.262143 2.2431576 -2.8685901 -0.3697574 -0.8473971 0.0603593 -0.0722492 0.5225465
1403715547.362143 2.1659129 -2.8786955 -0.3579237 -0.8500764 0.0222732 -0.0532679 0.5234851
1403715547.462143 2.0862775 -2.8762896 -0.3491430 -0.8545533 -0.0089480 -0.0318110 0.5183114
1403715547.562143 2.0036926 -2.8617120 -0.3436191 -0.8577789 -0.0402419 -0.0104185 0.5123352
1403715547.662143 1.9163685 -2.8334327 -0.3399625 -0.8578816 -0.0749902 0.0100246 0.5082472
1403715547.762143 1.8237540 -2.7919600 -0.3351974 -0.8554451 -0.1103999 0.0288855 0.5051645
1403715547.862143 1.7241945 -2.7361162 -0.3295534 -0.8509408 -0.1426759 0.0499150 0.5030425
1403715547.962143 1.6172165 -2.6663589 -0.3225226 -0.8406575 -0.1705010 0.0714251 0.5090412
1403715548.062143 1.5025456 -2.5839915 -0.3149791 -0.8263008 -0.1871595 0.0919501 0.5232051
1403715548.562143 0.8698100 -2.1295848 -0.3427119 -0.7955998 -0.2032511 0.1076272 0.5604699
1403715549.062143 0.2057233 -1.7182887 -0.4373928 -0.7976795 -0.1840384 0.1154019 0.5626009
1403715549.112143 0.1392209 -1.6797013 -0.4459846 -0.7940250 -0.1867582 0.1202463 0.5658503
1403715549.262143 -0.0572881 -1.5673959 -0.4668072 -0.7774044 -0.1951661 0.1331442 0.5829453
1403715549.462143 -0.3022842 -1.4429221 -0.4922179 -0.7713077 -0.1928491 0.1610433 0.5847724
1403715549.662143 -0.5120984 -1.3394995 -0.5176811 -0.7892490 -0.1840255 0.1802540 0.5574309
1403715549.762143 -0.5986779 -1.2852992 -0.5276107 -0.7958118 -0.1686387 0.1825423 0.5521982
1403715549.862143 -0.6722279 -1.2252952 -0.5347899 -0.7985952 -0.1470659 0.1783426 0.5557078
1403715550.012143 -0.7547883 -1.1261096 -0.5413798 -0.8073779 -0.0984474 0.1716634 0.5558605
1403715550.212143 -0.7961050 -0.9767621 -0.5432091 -0.8219103 -0.0407933 0.1209632 0.5551282
1403715550.412143 -0.7636429 -0.8127909 -0.4950602 -0.8273226 0.0077085 0.0574877 0.5587245
1403715550.562143 -0.7052346 -0.6823655 -0.4441465 -0.8242800 0.0465291 0.0094535 0.5641882
1403715550.662143 -0.6571843 -0.5949195 -0.4201265 -0.8210413 0.0804246 -0.0122090 0.5650433
1403715550.762143 -0.6033447 -0.5077212 -0.4087650 -0.8162500 0.1189607 -0.0272122 0.5646626
1403715550.862143 -0.5420015 -0.4239928 -0.4080432 -0.8098601 0.1596677 -0.0375228 0.5632272
1403715550.962143 -0.4702619 -0.3435187 -0.4165723 -0.8020518 0.1982354 -0.0497030 0.5612000
1403715551.112143 -0.3326377 -0.2308882 -0.4274024 -0.7897602 0.2424589 -0.0866211 0.5567669
1403715551.212143 -0.2222545 -0.1637935 -0.4200089 -0.7794974 0.2712276 -0.1110595 0.5536110
1403715551.362143 -0.0320470 -0.0763663 -0.3895358 -0.7584037 0.3228105 -0.1364698 0.5495391
1403715551.512143 0.1856072 -0.0108086 -0.3584799 -0.7337835 0.3715423 -0.1666127 0.5438366
1403715551.662143 0.4252228 0.0271120 -0.3282747 -0.7080552 0.4045719 -0.2177473 0.5362514
1403715551.762143 0.5903267 0.0363660 -0.3062006 -0.6872712 0.4231058 -0.2546714 0.5327122
1403715551.912143 0.8343747 0.0267131 -0.2701079 -0.6468188 0.4544563 -0.2990345 0.5344843
1403715552.062143 1.0631025 -0.0135484 -0.2391344 -0.6169331 0.4799393 -0.3482083 0.5174968
1403715552.212143 1.2624177 -0.0772077 -0.2161355 -0.5935675 0.5087525 -0.3850058 0.4905294
1403715552.362143 1.4318620 -0.1552839 -0.1941004 -0.5588723 0.5323374 -0.4282276 0.4699999
1403715552.662143 1.6551325 -0.3290205 -0.1568955 0.4687149 -0.6030701 0.4887582 -0.4215783
1403715552.812143 1.7029738 -0.4195818 -0.1458292 0.4135681 -0.6471211 0.5065153 -0.3919668
1403715552.912143 1.7092147 -0.4824235 -0.1438601 0.3757264 -0.6776841 0.5133270 -0.3688760
1403715553.012143 1.6956744 -0.5476012 -0.1462224 0.3357111 -0.7089110 0.5128434 -0.3489054
1403715554.212143 0.3374496 -1.2322831 -0.3360370 0.1319786 -0.8449830 0.5134273 -0.0705534
1403715554.512143 -0.0387592 -1.3829069 -0.3950219 0.2156245 -0.8182572 0.5328775 0.0017007
1403715554.612143 -0.1286842 -1.4485613 -0.4322418 0.2661286 -0.7774764 0.5678965 0.0469009
1403715554.712143 -0.1842861 -1.5041506 -0.4802283 0.2991399 -0.7447979 0.5912687 0.0786948
1403715554.862143 -0.1760150 -1.5399718 -0.5495808 0.3169172 -0.7133542 0.6176000 0.0962271
1403715556.612143 1.1902475 -0.7122388 0.0192529 0.1596678 -0.8079847 0.5465235 -0.1515884
1403715558.162143 0.8725516 -1.9055912 -0.0700042 0.1720930 -0.8117816 0.5487732 -0.1012060
1403715558.662143 1.0243334 -2.4634376 0.0346775 0.1637294 -0.7743123 0.6023642 -0.1038779
1403715558.862143 1.0934930 -2.6380825 0.0183995 0.1761699 -0.7678770 0.6057936 -0.1111005
1403715558.962143 1.1241784 -2.7061687 0.0112560 0.1954506 -0.7625221 0.6063705 -0.1125784
1403715559.162143 1.1868279 -2.7984006 0.0100694 0.2368200 -0.7505091 0.6029926 -0.1305841
1403715559.862143 1.4224613 -2.7505083 -0.0870831 0.3609203 -0.7370137 0.5349162 -0.2010278
1403715560.412143 1.7545445 -2.4936652 -0.1790266 0.4530648 -0.6928051 0.4877042 -0.2773049
1403715560.712143 2.0060463 -2.3158185 -0.1755784 0.5026282 -0.6574011 0.4613465 -0.3199189
1403715561.062143 2.3260396 -2.0880990 -0.1636932 0.5776680 -0.5927040 0.4324450 -0.3577614
1403715561.462143 2.7164922 -1.7860456 -0.1458502 -0.6150891 0.5519769 -0.3616387 0.4315141
1403715561.662143 2.9229543 -1.6555187 -0.1412482 -0.6406988 0.5110943 -0.3648075 0.4418179
1403715561.862143 3.1227443 -1.5254008 -0.1318213 -0.6587834 0.4649704 -0.3650164 0.4653709
1403715562.162143 3.3618696 -1.3215767 -0.1005244 -0.6683221 0.3972702 -0.3585357 0.5166954
1403715562.512143 3.4771140 -1.0955999 -0.0762202 -0.7089334 0.3705736 -0.3613329 0.4790899
1403715562.662143 3.4722357 -0.9742594 -0.0659434 -0.7230039 0.3562261 -0.3518681 0.4759802
1403715562.812143 3.4425147 -0.8296551 -0.0536983 -0.7259759 0.3691669 -0.3081378 0.4916562
1403715563.162143 3.3371913 -0.4795754 -0.0326536 -0.7402804 0.3296474 -0.2488350 0.5304702
1403715563.962143 2.8716617 0.1259538 -0.1539702 -0.7789877 0.0441115 -0.0742991 0.6210572
1403715564.262143 2.5991833 0.1878633 -0.3016123 -0.7867857 -0.0360076 0.0496341 0.6141728
1403715565.662143 1.8055754 -0.2653965 0.0253491 -0.5804323 -0.5310419 0.4071230 0.4640514
1403715565.812143 1.7796510 -0.3498129 0.0642648 -0.5369856 -0.5794706 0.4381475 0.4288205
1403715565.962143 1.7850304 -0.4338467 0.1128819 -0.4838743 -0.6306895 0.4703900 0.3831838
1403715566.112143 1.8133886 -0.5133506 0.1656313 -0.4221444 -0.6756068 0.5018468 0.3368966
1403715566.262143 1.8602506 -0.5813259 0.2121705 -0.3577246 -0.7120857 0.5290860 0.2916079
1403715566.412143 1.9225618 -0.6369652 0.2509135 -0.2927319 -0.7419180 0.5509288 0.2456486
1403715566.712143 2.0840943 -0.7140694 0.2611064 -0.1687506 -0.7744386 0.5877659 0.1621711
1403715566.812143 2.1508689 -0.7269294 0.2522783 -0.1249512 -0.7836040 0.5945356 0.1299210
1403715567.062143 2.3448358 -0.7207414 0.2382315 -0.0049182 -0.7957816 0.6048446 0.0295062
1403715567.212143 2.4705765 -0.6879596 0.2304987 0.0732249 -0.7967384 0.5982822 -0.0436421
1403715567.512143 2.7078166 -0.5849979 0.1791954 0.2573763 -0.7759928 0.5533204 -0.1594653
1403715567.612143 2.7822685 -0.5463259 0.1428089 0.3129500 -0.7581898 0.5382528 -0.1936352
1403715567.812143 2.9300804 -0.4580218 0.0599995 0.4084543 -0.7046150 0.5152878 -0.2667608
1403715567.962143 3.0364230 -0.3831547 -0.0032578 0.4755267 -0.6569253 0.4929537 -0.3151510
1403715568.112143 3.1356077 -0.2997908 -0.0609593 0.5322463 -0.6030682 0.4719429 -0.3609605
1403715568.262143 3.2203689 -0.2032372 -0.1132579 -0.5807781 0.5499321 -0.4425899 0.4054452
1403715568.412143 3.2866204 -0.0972112 -0.1613955 -0.6238093 0.4988661 -0.4054919 0.4444893
1403715568.562143 3.3326275 0.0132882 -0.2008514 -0.6634553 0.4440338 -0.3674272 0.4771357
1403715568.712143 3.3551478 0.1261962 -0.2285399 -0.7000675 0.3864592 -0.3277282 0.5031393
1403715568.862143 3.3558786 0.2401276 -0.2466037 -0.7321523 0.3291459 -0.2845538 0.5240659
1403715569.262143 3.2848692 0.5350608 -0.2881608 -0.7893231 0.2041524 -0.1720111 0.5529041
1403715570.062143 2.9197588 0.9508629 -0.3210327 -0.7965111 -0.0232989 -0.0175124 0.6039210
1403715570.362143 2.6998365 0.9834951 -0.3272673 -0.7805613 -0.1341780 0.0672016 0.6067985
1403715570.512143 2.5846734 0.9675168 -0.3367695 -0.7640139 -0.1932853 0.1150972 0.6047117
1403715570.662143 2.4742043 0.9226635 -0.3512684 -0.7458143 -0.2563456 0.1606082 0.5935091
1403715570.812143 2.3721583 0.8502334 -0.3701577 -0.7287430 -0.3198934 0.2058259 0.5694187
1403715571.312143 2.0786252 0.5186546 -0.4350168 -0.6619722 -0.4368796 0.3203921 0.5179557
1403715571.462143 2.0173082 0.4092641 -0.4503851 -0.6558577 -0.4439553 0.3244952 0.5171627
1403715571.862143 1.9146862 0.1181674 -0.5448369 -0.7373903 -0.4225732 0.3497149 0.3941917
1403715572.012143 1.8730093 0.0765929 -0.5996338 -0.7614778 -0.4229780 0.3381554 0.3562192
1403715572.162143 1.8105475 0.1067833 -0.6506245 -0.7582396 -0.4524472 0.3006661 0.3605055
1403715572.312143 1.7088189 0.1889397 -0.6905819 -0.7081634 -0.4934207 0.2797354 0.4204624
1403715572.712143 1.3293207 0.3612332 -0.7888385 -0.5843762 -0.5568456 0.3446926 0.4791811
1403715572.862143 1.1951482 0.3696699 -0.8146580 -0.5627456 -0.5856735 0.3684637 0.4522593
1403715573.012143 1.0677843 0.3512540 -0.8066314 -0.5386834 -0.6064915 0.4012743 0.4254024
1403715573.112143 0.9887245 0.3294968 -0.7861336 -0.5202106 -0.6202377 0.4226254 0.4075217
1403715573.412143 0.7857019 0.2412679 -0.7067173 -0.4663944 -0.6678221 0.4694076 0.3408026
1403715573.512143 0.7243304 0.2139743 -0.6836507 -0.4516293 -0.6816495 0.4841911 0.3113584
1403715573.612143 0.6634406 0.1907094 -0.6618158 -0.4331703 -0.6961870 0.4947473 0.2879452
1403715574.012143 0.4027768 0.1067941 -0.5904037 -0.3215798 -0.7791247 0.4896084 0.2232375
1403715574.112143 0.3301837 0.0765152 -0.5718154 -0.2901146 -0.7959003 0.4938992 0.1960612
1403715574.212143 0.2522965 0.0378311 -0.5497648 -0.2539081 -0.8061857 0.5057694 0.1726059
1403715574.312143 0.1691661 -0.0073110 -0.5271853 -0.2088135 -0.8093020 0.5244198 0.1625151
1403715574.412143 0.0849472 -0.0577581 -0.5070397 -0.1634222 -0.8107844 0.5380361 0.1626010
1403715574.512143 0.0047606 -0.1136153 -0.4910839 -0.1299364 -0.8128974 0.5433465 0.1645878
1403715574.612143 -0.0653885 -0.1747238 -0.4780755 -0.1075761 -0.8172902 0.5427144 0.1610132
1403715574.912143 -0.1997680 -0.3974910 -0.4418544 -0.0871396 -0.8262126 0.5447001 0.1143737
1403715575.012143 -0.2266625 -0.4849811 -0.4253744 -0.0905172 -0.8209969 0.5544512 0.1017571
1403715575.112143 -0.2502447 -0.5751803 -0.4068529 -0.0902672 -0.8130547 0.5661799 0.1011643
1403715575.312143 -0.2820293 -0.7491090 -0.3646848 -0.0878987 -0.7874383 0.5985183 0.1182826
1403715575.512143 -0.2797601 -0.8935651 -0.3313452 -0.1014124 -0.8019590 0.5749072 0.1267237
1403715575.612143 -0.2682920 -0.9616191 -0.3109174 -0.0952268 -0.7992357 0.5744069 0.1490334
1403715575.712143 -0.2447791 -1.0286398 -0.2888609 -0.0886781 -0.7949550 0.5755325 0.1701330
1403715575.812143 -0.2040921 -1.0950911 -0.2667810 -0.0886928 -0.7949698 0.5724081 0.1802933
1403715575.912143 -0.1448681 -1.1613692 -0.2463115 -0.0956157 -0.7962851 0.5702469 0.1777818
1403715576.012143 -0.0686597 -1.2273782 -0.2264421 -0.1121677 -0.7981979 0.5700048 0.1593523
1403715576.112143 0.0184977 -1.2924513 -0.2072361 -0.1238859 -0.7986226 0.5707959 0.1450737
1403715576.212143 0.1125966 -1.3561161 -0.1904249 -0.1326948 -0.7975436 0.5732320 0.1331215
1403715576.312143 0.2098122 -1.4183924 -0.1740896 -0.1345445 -0.7947739 0.5775838 0.1289545
1403715576.412143 0.3099376 -1.4771484 -0.1536471 -0.1314130 -0.7855430 0.5905371 0.1300726
1403715576.512143 0.4144871 -1.5301079 -0.1296926 -0.1282227 -0.7739788 0.6057796 0.1324640
1403715576.612143 0.5240575 -1.5740297 -0.1057587 -0.1269077 -0.7629865 0.6183917 0.1390605
1403715576.712143 0.6406291 -1.6047062 -0.0824563 -0.1293785 -0.7608210 0.6187860 0.1466853
1403715576.812143 0.7648230 -1.6224697 -0.0609357 -0.1390851 -0.7665722 0.6083986 0.1512401
1403715577.012143 1.0345393 -1.6296570 -0.0149285 -0.1643229 -0.7842100 0.5782104 0.1539009
1403715577.112143 1.1763272 -1.6270161 0.0079333 -0.1846643 -0.7844685 0.5734466 0.1471984
1403715577.312143 1.4559107 -1.6127179 0.0256454 -0.2161441 -0.7793654 0.5699279 0.1450983
1403715577.512143 1.7259631 -1.5843656 -0.0278931 -0.2193751 -0.7778305 0.5666229 0.1606016
1403715577.612143 1.8595815 -1.5648488 -0.0529567 -0.2205177 -0.7779351 0.5652146 0.1634669
1403715577.712143 1.9921393 -1.5418994 -0.0634530 -0.2231695 -0.7784216 0.5640041 0.1617241
1403715578.062143 2.4235070 -1.4339441 -0.1049513 -0.2761578 -0.7691452 0.5583311 0.1428954
1403715578.162143 2.5304558 -1.3911403 -0.1471895 -0.3112108 -0.7684736 0.5437832 0.1299847
1403715578.562143 2.7786911 -1.1630685 -0.3475454 -0.3984770 -0.7469969 0.4837736 0.2217541
1403715578.712143 2.8200376 -1.0681329 -0.4293354 -0.4215097 -0.7635871 0.4249110 0.2423120
1403715578.812143 2.8276017 -1.0193300 -0.4783955 -0.4341126 -0.7676969 0.4016997 0.2466279
1403715578.912143 2.8147540 -0.9868194 -0.5230215 -0.4387065 -0.7651554 0.3959526 0.2555299
1403715579.012143 2.7804143 -0.9721956 -0.5607312 -0.4266499 -0.7582137 0.4050072 0.2811603
1403715579.162143 2.7042778 -0.9847279 -0.5973234 -0.3898918 -0.7496976 0.4169978 0.3347397
1403715579.262143 2.6518378 -1.0210258 -0.6042705 -0.3655943 -0.7409992 0.4280710 0.3660825
1403715579.412143 2.5929542 -1.1160097 -0.6108100 -0.3602224 -0.7343315 0.4359571 0.3754176
1403715579.512143 2.5680504 -1.2040861 -0.6170955 -0.3700786 -0.7343946 0.4368388 0.3645246
1403715579.612143 2.5519149 -1.3094389 -0.6228034 -0.3827060 -0.7336147 0.4408450 0.3478526
1403715579.712143 2.5393836 -1.4292648 -0.6243756 -0.3859684 -0.7290834 0.4515217 0.3399913
1403715579.812143 2.5311592 -1.5599067 -0.6193476 -0.3840803 -0.7250466 0.4612974 0.3376307
1403715579.962143 2.5287826 -1.7733498 -0.5936930 -0.3856751 -0.7185081 0.4681154 0.3403951
1403715580.612143 2.6155457 -2.7563710 -0.6111128 -0.5397716 -0.6104193 0.4559286 0.3580002
1403715580.762143 2.6505342 -2.9547079 -0.6192267 -0.5730048 -0.5913650 0.4534911 0.3410261
1403715581.062143 2.6881106 -3.2354689 -0.6276639 -0.6181787 -0.5707344 0.4511610 0.2976090
1403715581.162143 2.6806011 -3.2803028 -0.6300173 -0.6184735 -0.5795594 0.4365590 0.3016916
1403715581.312143 2.6440682 -3.3084440 -0.6249607 -0.6055955 -0.5857643 0.4306239 0.3235699
1403715581.762143 2.4453738 -3.2482524 -0.6353652 -0.4813148 -0.6691936 0.4369659 0.3599679
1403715582.362143 2.2099233 -3.2730160 -0.6189439 -0.3518931 -0.7243587 0.5159424 0.2920260
1403715582.612143 2.1603913 -3.3056026 -0.6365168 -0.3566364 -0.7492134 0.4854615 0.2753487
1403715582.912143 2.0975680 -3.3905501 -0.6192497 -0.3786081 -0.7583987 0.4565667 0.2702480
1403715583.412143 1.8981624 -3.6894104 -0.7273573 -0.3875357 -0.7003937 0.5227165 0.2933128
1403715583.612143 1.8253837 -3.8105245 -0.7722156 -0.3722121 -0.6616657 0.5732043 0.3083724
1403715583.812143 1.8132572 -3.8742948 -0.8150119 0.3390500 0.6152081 -0.6259342 -0.3387779
1403715584.012143 1.9297733 -3.8426883 -0.8196592 0.3411556 0.6082866 -0.6378599 -0.3267036
1403715584.112143 2.0389934 -3.7825913 -0.7976301 0.3577422 0.6230447 -0.6253272 -0.3046339
1403715584.212143 2.1712279 -3.6945620 -0.7618207 -0.3784497 -0.6481971 0.5993897 0.2781156
1403715584.312143 2.3155227 -3.5829699 -0.7190353 -0.3970467 -0.6806997 0.5613540 0.2527518
1403715584.412143 2.4584436 -3.4603982 -0.6900098 -0.4079590 -0.7047293 0.5305690 0.2354203
1403715584.512143 2.5948696 -3.3307099 -0.6776357 -0.4115192 -0.7199524 0.5097336 0.2291118
1403715584.612143 2.7205086 -3.1973102 -0.6689845 -0.4118879 -0.7292423 0.4965565 0.2280039
1403715584.762143 2.8816676 -2.9966476 -0.6536685 -0.3993386 -0.7461983 0.4729565 0.2450082
1403715585.062143 3.1244850 -2.6476734 -0.6060210 -0.3908959 -0.7722445 0.4262184 0.2630147
1403715585.362143 3.2583609 -2.4406924 -0.5524521 -0.3945756 -0.7725942 0.4236672 0.2606041
1403715585.862143 3.2798748 -2.3913968 -0.4972029 -0.3737250 -0.7527587 0.4662520 0.2762120
1403715586.112143 3.2551470 -2.4426150 -0.5551311 -0.4064377 -0.7273001 0.5002887 0.2356995
1403715586.962143 3.2032466 -2.4725170 -0.5596254 -0.3856373 -0.7245132 0.5005227 0.2753933
1403715587.412143 3.2980940 -2.4696209 -0.5113044 -0.3759592 -0.7128196 0.5205660 0.2820532
1403715587.662143 3.3623168 -2.4561374 -0.4705019 -0.4104486 -0.6996183 0.5267070 0.2542557
1403715588.062143 3.3994591 -2.3082507 -0.4118621 -0.4925911 -0.6411625 0.4864951 0.3310394
1403715588.212143 3.4029522 -2.2189150 -0.4087515 -0.5184506 -0.6047254 0.4700129 0.3802684
1403715588.362143 3.4234390 -2.1211832 -0.4506536 -0.5514120 -0.5666530 0.4516439 0.4133608
1403715588.512143 3.4677672 -2.0146933 -0.5072632 -0.5823707 -0.5340133 0.4278002 0.4389317
1403715588.662143 3.5337377 -1.9021553 -0.5608854 -0.6156715 -0.5061904 0.3995740 0.4528362
1403715588.812143 3.6166990 -1.7836626 -0.6168151 -0.6524414 -0.4889727 0.3573514 0.4555503
1403715588.962143 3.7015576 -1.6607512 -0.6766939 -0.6913478 -0.4782121 0.3022407 0.4494464
1403715589.112143 3.7664022 -1.5347933 -0.7287664 -0.7233064 -0.4595214 0.2590168 0.4456212
1403715589.312143 3.7949500 -1.3566184 -0.7520766 -0.7500686 -0.4283901 0.2262701 0.4502009
1403715589.462143 3.7689772 -1.2111309 -0.7392724 -0.7720755 -0.4045683 0.2034218 0.4459189
1403715589.612143 3.7007208 -1.0501838 -0.7208476 -0.7869126 -0.3869087 0.1833172 0.4443707
1403715589.762143 3.5853403 -0.8678726 -0.6697373 -0.7832449 -0.3741825 0.1814782 0.4621478
1403715589.912143 3.4253864 -0.6641660 -0.5846579 -0.7525764 -0.3581551 0.2039994 0.5135542
1403715590.062143 3.2513461 -0.4665245 -0.5034544 -0.7349092 -0.3488986 0.2216133 0.5376486
1403715590.212143 3.0811677 -0.2846068 -0.4315867 -0.7318310 -0.3555962 0.2205376 0.5379014
1403715590.512143 2.7361429 0.0189880 -0.2869369 -0.7043069 -0.4206528 0.2157232 0.5295909
1403715590.662143 2.5428269 0.1326711 -0.2246217 -0.6832584 -0.4637600 0.2318028 0.5141518
1403715591.112143 1.8916140 0.3406307 -0.0434773 -0.6009473 -0.5680089 0.3531038 0.4376598
1403715591.312143 1.6024207 0.3929467 0.0223497 -0.5342534 -0.6367278 0.3760934 0.4095179
1403715591.512143 1.3107846 0.4026203 0.0769161 -0.4675683 -0.6901715 0.4057577 0.3747053
1403715591.712143 1.0187210 0.3656625 0.0858796 -0.4091229 -0.7280374 0.4404175 0.3295639
1403715591.912143 0.7323474 0.2918499 0.0476711 -0.3474538 -0.7564057 0.4661130 0.2997748
1403715592.062143 0.5302643 0.2102178 -0.0120696 -0.2936809 -0.7779115 0.4764110 0.2857230
1403715592.262143 0.2964782 0.0541555 -0.0906138 -0.2155875 -0.7930469 0.5061356 0.2615829
1403715592.412143 0.1651112 -0.0981051 -0.1139007 -0.1560529 -0.8023030 0.5250066 0.2373298
1403715592.612143 0.0604098 -0.3333604 -0.1224606 -0.0777388 -0.8121681 0.5413831 0.2030863
1403715592.762143 0.0415977 -0.5280004 -0.1285204 -0.0190414 -0.8161134 0.5509666 0.1732982
1403715592.962143 0.1027741 -0.7986999 -0.1278685 0.0145166 -0.8252014 0.5599530 0.0726947
1403715593.162143 0.2087323 -1.0707586 -0.1284847 0.0599915 -0.8210686 0.5672963 -0.0205509
1403715593.362143 0.3162903 -1.3380761 -0.1380254 0.1363672 -0.8075813 0.5702792 -0.0632306
1403715593.662143 0.5054019 -1.7124767 -0.1526401 0.2534749 -0.7721178 0.5733860 -0.1039858
1403715594.162143 0.9420199 -2.1086111 -0.1696557 0.4128767 -0.7032449 0.5339245 -0.2233922
1403715594.662143 1.4549252 -2.2136724 -0.1691501 0.5632218 -0.6018991 0.4750122 -0.3079971
1403715595.162143 2.0748458 -2.0427091 -0.1723081 -0.6819631 0.5098640 -0.3302976 0.4072698
1403715595.662143 2.8600316 -1.7802659 -0.1964293 -0.7454998 0.3192992 -0.2687863 0.5196460
1403715596.012143 3.2981782 -1.5812984 -0.1976119 -0.7307008 0.1458273 -0.2813938 0.6046721
1403715596.512143 3.2509813 -1.5163172 -0.0717121 -0.8186467 0.1355262 -0.1618060 0.5341061
1403715596.712143 3.1135848 -1.5043379 -0.0091350 -0.8599444 0.1254010 -0.1091412 0.4825542
1403715596.962143 2.9553733 -1.3774184 0.0649600 -0.8873388 0.0967291 -0.0636751 0.4463393
1403715597.162143 2.8606579 -1.1587101 0.1197439 -0.8854919 0.0816162 -0.0500141 0.4546884
1403715597.612143 2.7390680 -0.4088397 0.2382450 -0.8115250 0.0224357 0.0014232 0.5838851
1403715597.812143 2.7131691 -0.0891273 0.2682513 -0.8111521 -0.0253884 0.0257793 0.5837150
1403715598.012143 2.7025614 0.2161544 0.2922442 -0.7998343 -0.0509850 0.0389492 0.5967818
1403715598.212143 2.7025232 0.4945338 0.2999528 -0.7880887 -0.0632620 0.0362996 0.6112254
1403715598.412143 2.7048016 0.7327223 0.2744145 -0.7571079 -0.0566914 0.0426947 0.6494235
1403715598.612143 2.7211165 0.8867303 0.2437089 -0.7329849 -0.0443007 0.0520895 0.6767993
1403715598.812143 2.7592845 0.9348919 0.1962316 -0.7692025 -0.0479654 0.0381530 0.6360590
1403715599.212143 2.8436072 0.8778924 0.0636601 -0.8018976 -0.0532613 0.0264240 0.5944958
1403715599.412143 2.8795609 0.8198133 -0.0200179 -0.8117267 -0.0377421 0.0478581 0.5808483
1403715599.812143 3.0223844 0.6922553 -0.1891665 -0.7978978 -0.0222599 0.0669559 0.5986490
1403715600.412143 3.3401167 0.4047557 -0.4548943 -0.8041785 -0.1528700 0.0048179 0.5743732
1403715600.612143 3.3466995 0.2881316 -0.5402558 -0.8140696 -0.1972640 0.0750498 0.5410594
1403715600.812143 3.3114216 0.1856138 -0.5900329 -0.8016291 -0.2548464 0.1352673 0.5235904
1403715601.012143 3.2452862 0.1061766 -0.5855772 -0.7748550 -0.3122069 0.1753826 0.5209295
1403715601.262143 3.1264799 0.0310824 -0.5111377 -0.7514575 -0.3478604 0.1926170 0.5265012
1403715601.762143 2.7860909 -0.1425059 -0.3127789 -0.7425457 -0.3505280 0.2103667 0.5305676
1403715602.012143 2.5831766 -0.2473929 -0.2317930 -0.7307130 -0.3251418 0.2146791 0.5605837
1403715602.162143 2.4674959 -0.3224545 -0.1907479 -0.7237253 -0.2936639 0.2122478 0.5873109
1403715602.562143 2.2492208 -0.5960667 -0.1316569 -0.7838188 -0.2194143 0.1438695 0.5628384
1403715602.912143 2.0905862 -0.8583973 -0.1681321 -0.8066619 -0.1502019 0.0712895 0.5671452
1403715603.712143 1.6021099 -1.3923860 -0.4736700 -0.8283035 -0.0011220 0.0232924 0.5597942
1403715603.912143 1.4893880 -1.4866081 -0.5045213 -0.8315957 0.0189039 0.0420577 0.5534642
1403715604.112143 1.4221438 -1.5527589 -0.5100635 -0.8463632 0.0062944 0.0259921 0.5319343
1403715604.312143 1.3825279 -1.5783074 -0.5183500 -0.8378893 -0.0101865 0.0022978 0.5457404
1403715604.612143 1.3232226 -1.5661577 -0.5455770 -0.8278304 -0.0122596 -0.0021297 0.5608405
1403715604.762143 1.2918081 -1.5470184 -0.5587226 -0.8210297 -0.0142935 -0.0059919 0.5706752
1403715604.912143 1.2569189 -1.5267675 -0.5705382 -0.8210007 -0.0148472 -0.0066424 0.5706955
1403715605.062143 1.2201957 -1.5058953 -0.5788696 -0.8244373 -0.0160959 -0.0067233 0.5656844
1403715605.212143 1.1798159 -1.4797487 -0.5798054 -0.8218865 -0.0177221 -0.0053905 0.5693500
1403715605.362143 1.1365577 -1.4497831 -0.5748625 -0.8193134 -0.0144975 0.0046062 0.5731441
1403715605.512143 1.0955625 -1.4183160 -0.5817586 -0.8196859 -0.0116758 0.0145417 0.5725095
1403715605.662143 1.0600703 -1.3856537 -0.6111904 -0.8223027 -0.0116156 0.0191807 0.5686083
1403715605.812143 1.0327684 -1.3484828 -0.6463634 -0.8199443 -0.0207258 0.0081778 0.5720095
1403715605.962143 1.0077449 -1.3089340 -0.6745120 -0.8173234 -0.0256032 0.0036300 0.5755987
1403715606.412143 0.9206171 -1.1981575 -0.7778623 -0.8167884 -0.0245363 0.0190993 0.5760988
1403715606.562143 0.8932053 -1.1630017 -0.7829661 -0.8149725 -0.0236675 0.0259637 0.5784338
1403715606.712143 0.8713177 -1.1321247 -0.7909358 -0.8136835 -0.0212292 0.0370578 0.5797372
1403715606.862143 0.8587253 -1.1039867 -0.8117945 -0.8087599 -0.0209073 0.0432938 0.5861707
1403715607.262143 0.8541813 -1.0695784 -0.8506628 -0.8100569 -0.0450272 0.0154936 0.5844145
1403715607.462143 0.8458407 -1.0719445 -0.8572849 -0.8093974 -0.0452184 0.0146260 0.5853353
1403715607.762143 0.8188879 -1.0916406 -0.8610312 -0.8117880 -0.0428939 0.0108160 0.5822745
1403715607.862143 0.8054343 -1.1013547 -0.8730114 -0.8131160 -0.0384859 0.0142038 0.5806545
1403715608.162143 0.7969543 -1.1033528 -0.8868526 -0.8148564 -0.0477983 0.0089579 0.5776194
1403715608.462143 0.7976515 -1.1021264 -0.8954940 -0.8140107 -0.0474143 0.0095230 0.5788333
1403715608.862143 0.7988481 -1.0994072 -0.9090424 -0.8139668 -0.0472455 0.0094316 0.5789104
1403715609.012143 0.7996455 -1.0995173 -0.9141358 -0.8136659 -0.0471413 0.0095759 0.5793391
1403715609.212143 0.8016771 -1.0995579 -0.9204521 -0.8137497 -0.0469393 0.0097385 0.5792351
1403715609.312143 0.8030413 -1.0996267 -0.9240801 -0.8137820 -0.0468208 0.0097457 0.5791994
