1403715529.962143 4.0511656 -1.8786285 -4.0983768 -0.7921473 -0.2114388 0.1260940 0.5584770
1403715531.612143 3.1708074 -1.9009066 -3.4438074 -0.7789152 -0.2593311 0.2077150 0.5318769
1403715531.862143 3.0501099 -1.8419325 -3.4452052 -0.7694389 -0.2671024 0.1949865 0.5464435
1403715532.162143 2.9350610 -1.7729146 -3.4427032 -0.7573499 -0.2685899 0.1857890 0.5654759
1403715532.312143 2.8885880 -1.7541335 -3.4456685 -0.7562785 -0.2696964 0.1913323 0.5645340
1403715532.812143 2.8133469 -1.7305791 -3.4670076 -0.7622749 -0.2473980 0.2447385 0.5457422
1403715533.312143 3.0200233 -1.6362917 -3.5877848 -0.7755144 -0.1720241 0.1900322 0.5769514
1403715533.412143 3.1031404 -1.6138716 -3.5957494 -0.7794907 -0.1614342 0.1714817 0.5804544
1403715533.462143 3.1485417 -1.6040337 -3.5940256 -0.7833183 -0.1569217 0.1645797 0.5785339
1403715533.562143 3.2460718 -1.5859463 -3.5775509 -0.7923747 -0.1429750 0.1627703 0.5702686
1403715533.612143 3.2985721 -1.5777509 -3.5638776 -0.7964765 -0.1364357 0.1643874 0.5656741
1403715534.362143 4.3762579 -1.3572168 -3.3437119 -0.8055388 -0.1615751 0.1061058 0.5601271
1403715534.462143 4.5277843 -1.3160164 -3.3664465 -0.8062577 -0.1600850 0.1005818 0.5605396
1403715535.212143 5.5463667 -0.9427547 -3.6188192 -0.8473449 -0.0330336 -0.0034921 0.5300030
1403715536.312143 6.6037412 0.1866441 -3.8548360 -0.8380654 -0.1072991 0.0248739 0.5343356
1403715536.512143 6.7265553 0.4525452 -3.8765178 -0.8245779 -0.1363023 0.0122489 0.5489472
1403715536.612143 6.7664700 0.5898261 -3.8823378 -0.8165774 -0.1444003 0.0081889 0.5588228
1403715536.662143 6.7802734 0.6584821 -3.8839121 -0.8119549 -0.1469581 0.0069711 0.5648753
1403715536.762143 6.7951021 0.7926993 -3.8840020 -0.7997797 -0.1481174 0.0106279 0.5816363
1403715537.162143 6.7118192 1.1998081 -3.8598204 -0.7352687 -0.1683451 -0.0001191 0.6565363
1403715537.212143 6.6845202 1.2258401 -3.8517568 -0.7258664 -0.1671494 0.0010493 0.6672166
1403715537.262143 6.6536736 1.2438927 -3.8424351 -0.7180636 -0.1640910 0.0047658 0.6763402
1403715537.312143 6.6188912 1.2533715 -3.8319216 -0.7153169 -0.1560822 0.0165997 0.6809438
1403715537.362143 6.5818305 1.2539120 -3.8209667 -0.7184430 -0.1466342 0.0312037 0.6792381
1403715537.412143 6.5438285 1.2467413 -3.8111227 -0.7279558 -0.1376080 0.0437272 0.6702480
1403715537.512143 6.4669137 1.2112262 -3.7923374 -0.7566507 -0.1209779 0.0661222 0.6391180
1403715537.612143 6.3918462 1.1571579 -3.7727215 -0.7849910 -0.1099265 0.0785887 0.6045901
1403715537.812143 6.2525325 1.0337343 -3.7185969 -0.7896681 -0.0942240 0.0892003 0.5996577
1403715537.962143 6.1654530 0.9265566 -3.6808858 -0.7828934 -0.0916001 0.0877839 0.6090824
1403715538.012143 6.1398396 0.8862896 -3.6714611 -0.7863860 -0.0906341 0.0892832 0.6044924
1403715539.862143 5.9297829 -1.1589208 -4.0162535 -0.7684148 0.2942264 -0.1892313 0.5358741
1403715540.462143 6.0910482 -1.7145753 -3.8352194 -0.8002974 0.2852940 -0.1632940 0.5014644
1403715541.112143 6.6941032 -1.9427581 -3.6838880 -0.7942528 0.2944304 -0.1736386 0.5023175
1403715541.612143 7.3883343 -1.9355183 -3.6277676 -0.7897198 0.2962767 -0.1839311 0.5047098
1403715541.662143 7.4634972 -1.9311337 -3.6267319 -0.7934159 0.2938853 -0.1875054 0.4989633
1403715541.762143 7.6171713 -1.9157128 -3.6228147 -0.7969972 0.2813330 -0.2040812 0.4939616
1403715541.862143 7.7729373 -1.8893046 -3.6171770 -0.7953498 0.2627782 -0.2279411 0.4963962
1403715543.012143 8.6126060 -1.1998105 -3.5217483 -0.7903566 0.1344652 -0.1061274 0.5882114
1403715543.162143 8.6406822 -1.1518254 -3.5419014 -0.7878001 0.1393385 -0.0973462 0.5920132
1403715543.362143 8.6786566 -1.1135745 -3.5720592 -0.7813984 0.1453219 -0.0958709 0.5992553
1403715543.512143 8.7072859 -1.1088071 -3.5971284 -0.7806824 0.1424409 -0.1062135 0.5991362
1403715543.962143 8.7494469 -1.2091141 -3.6932931 -0.7613237 0.1414967 -0.1880805 0.6041446
1403715544.212143 8.6756363 -1.3332262 -3.7829742 -0.7578176 0.2217466 -0.2275139 0.5698933
1403715544.512143 8.5077877 -1.4969320 -3.9808729 -0.7195151 0.3600923 -0.2702325 0.5287778
1403715544.762143 8.3322277 -1.6382771 -4.1095238 -0.6874858 0.4102457 -0.3073879 0.5143680
1403715544.812143 8.2934971 -1.6673708 -4.1170425 -0.6831095 0.4117023 -0.3132179 0.5155164
1403715545.262143 7.8758450 -1.9422636 -4.0584755 -0.6823894 0.4381470 -0.3263745 0.4856455
1403715545.312143 7.8266406 -1.9727983 -4.0598869 -0.6795807 0.4453345 -0.3290918 0.4811921
1403715545.412143 7.7263021 -2.0319200 -4.0666866 -0.6703849 0.4613210 -0.3288147 0.4792159
1403715545.462143 7.6754627 -2.0608721 -4.0695333 -0.6648399 0.4701075 -0.3253457 0.4807671
1403715545.612143 7.5258656 -2.1501632 -4.0685949 -0.6495914 0.4926367 -0.3123207 0.4876433
1403715545.862143 7.2927747 -2.3334045 -4.0562959 -0.6526084 0.4893506 -0.3066454 0.4905170
1403715546.112143 7.0704184 -2.5505247 -4.0460405 -0.6929887 0.4284419 -0.3011366 0.4955007
1403715546.162143 7.0247364 -2.5947366 -4.0383844 -0.7023504 0.4133267 -0.2927034 0.5001898
1403715546.212143 6.9786611 -2.6387644 -4.0308132 -0.7120713 0.3963464 -0.2838420 0.5052700
1403715546.312143 6.8864784 -2.7259264 -4.0171728 -0.7306820 0.3623369 -0.2597222 0.5170688
1403715546.762143 6.4851885 -3.1091809 -3.9636002 -0.8105265 0.1851050 -0.1378573 0.5383106
1403715546.812143 6.4427662 -3.1495786 -3.9591074 -0.8211287 0.1658807 -0.1216488 0.5323841
1403715546.862143 6.4006181 -3.1877308 -3.9539132 -0.8294699 0.1474265 -0.1051655 0.5283800
1403715546.912143 6.3607445 -3.2239408 -3.9482245 -0.8351206 0.1291767 -0.0889888 0.5272267
1403715547.312143 6.0705647 -3.4163208 -3.9082367 -0.8479214 -0.0450171 -0.0111859 0.5280886
1403715547.412143 5.9946260 -3.4352789 -3.8994646 -0.8476645 -0.0796274 0.0088936 0.5244477
1403715547.462143 5.9539971 -3.4403477 -3.8961604 -0.8487589 -0.0948921 0.0193368 0.5198364
1403715547.562143 5.8694839 -3.4419928 -3.8909919 -0.8488672 -0.1263996 0.0400562 0.5117062
1403715547.662143 5.7774043 -3.4311066 -3.8872836 -0.8455111 -0.1610709 0.0600451 0.5055311
1403715547.762143 5.6773000 -3.4082851 -3.8819993 -0.8395433 -0.1961176 0.0785476 0.5005350
1403715547.862143 5.5667658 -3.3724480 -3.8762212 -0.8318375 -0.2278151 0.0992156 0.4962891
1403715547.962143 5.4450502 -3.3249545 -3.8701336 -0.8188753 -0.2543360 0.1212162 0.5000630
1403715548.062143 5.3104663 -3.2662477 -3.8620961 -0.8031362 -0.2693921 0.1428153 0.5118631
1403715548.562143 4.5747223 -2.9403737 -3.8888917 -0.7711862 -0.2816408 0.1615646 0.5475830
1403715548.962143 3.9793587 -2.7162189 -3.9598370 -0.7786693 -0.2591901 0.1647031 0.5471448
1403715549.012143 3.9055920 -2.6899586 -3.9671741 -0.7776713 -0.2599536 0.1664266 0.5476803
1403715549.062143 3.8316822 -2.6644495 -3.9747405 -0.7754479 -0.2626824 0.1691440 0.5486975
1403715549.112143 3.7572961 -2.6392369 -3.9819951 -0.7715209 -0.2650124 0.1743346 0.5514811
1403715549.562143 3.1489637 -2.4566636 -4.0442510 -0.7557651 -0.2676111 0.2273216 0.5527461
1403715549.662143 3.0404475 -2.4263523 -4.0579929 -0.7667533 -0.2620680 0.2334971 0.5374838
1403715549.762143 2.9423850 -2.3893042 -4.0695705 -0.7747782 -0.2472987 0.2352705 0.5321746
1403715549.962143 2.7840960 -2.2912192 -4.0841827 -0.7880225 -0.1959928 0.2278799 0.5372879
1403715550.012143 2.7540803 -2.2610903 -4.0864511 -0.7932963 -0.1786015 0.2247209 0.5369200
1403715550.262143 2.6771343 -2.0811498 -4.0811357 -0.8174745 -0.1107852 0.1580599 0.5426594
1403715550.362143 2.6782422 -1.9956474 -4.0548086 -0.8228464 -0.0864078 0.1277145 0.5469428
1403715550.562143 2.7165389 -1.8094888 -3.9837532 -0.8244554 -0.0355648 0.0644429 0.5611199
1403715550.662143 2.7468569 -1.7131326 -3.9584291 -0.8245950 -0.0015248 0.0429998 0.5640849
1403715550.712143 2.7644095 -1.6644228 -3.9512587 -0.8241840 0.0171214 0.0341693 0.5650310
1403715550.812143 2.8049335 -1.5683179 -3.9446063 -0.8226363 0.0580133 0.0231517 0.5651265
1403715550.962143 2.8852499 -1.4271612 -3.9539065 -0.8173451 0.1174485 0.0053694 0.5640247
1403715551.062143 2.9571676 -1.3339925 -3.9639554 -0.8126526 0.1488424 -0.0176956 0.5631416
1403715551.162143 3.0475197 -1.2439995 -3.9631891 -0.8060572 0.1764264 -0.0456085 0.5630857
1403715551.262143 3.1513288 -1.1570168 -3.9481506 -0.7969201 0.2088065 -0.0659263 0.5630026
1403715551.362143 3.2697504 -1.0757833 -3.9262371 -0.7863053 0.2455129 -0.0817261 0.5610421
1403715551.462143 3.4035490 -1.0017886 -3.9056399 -0.7733757 0.2804123 -0.1005607 0.5595951
1403715551.562143 3.5490174 -0.9364705 -3.8856366 -0.7593738 0.3100817 -0.1269159 0.5577572
1403715551.662143 3.7060537 -0.8821220 -3.8654242 -0.7443641 0.3316394 -0.1637806 0.5559797
1403715551.762143 3.8713679 -0.8393312 -3.8439486 -0.7252809 0.3520463 -0.2010253 0.5564350
1403715551.862143 4.0362062 -0.8090820 -3.8200572 -0.7020023 0.3756219 -0.2309945 0.5592338
1403715551.962143 4.1980033 -0.7924919 -3.7964058 -0.6765386 0.3978233 -0.2605614 0.5622632
1403715552.062143 4.3530321 -0.7924600 -3.7769132 -0.6612220 0.4154344 -0.2953960 0.5504008
1403715552.562143 4.9425354 -0.9425235 -3.7082093 -0.5588993 0.5233889 -0.4265502 0.4814048
1403715552.662143 5.0102305 -0.9901209 -3.6964805 0.5259240 -0.5526205 0.4446022 -0.4694075
1403715552.762143 5.0580201 -1.0420690 -3.6879268 0.4925619 -0.5857111 0.4583665 -0.4519131
1403715552.862143 5.0863109 -1.1001449 -3.6818571 0.4588901 -0.6189765 0.4706095 -0.4299006
1403715552.962143 5.0953417 -1.1644182 -3.6801219 0.4237598 -0.6543891 0.4746075 -0.4085955
1403715554.262143 3.8454242 -2.1745062 -3.8858595 0.2198386 -0.8322161 0.4950719 -0.1182832
1403715554.312143 3.7832420 -2.2064016 -3.8926239 0.2250977 -0.8353201 0.4887496 -0.1126729
1403715554.362143 3.7239752 -2.2425785 -3.9016728 0.2346042 -0.8345522 0.4877015 -0.1031056
1403715554.412143 3.6684430 -2.2823329 -3.9122596 0.2491147 -0.8282013 0.4937736 -0.0906212
1403715554.462143 3.6173382 -2.3245950 -3.9225531 0.2716896 -0.8123485 0.5109933 -0.0718362
1403715554.512143 3.5707152 -2.3676844 -3.9358535 0.2965366 -0.7922747 0.5306872 -0.0523260
1403715554.612143 3.4955058 -2.4501395 -3.9760485 0.3426368 -0.7464430 0.5703551 -0.0108613
1403715554.712143 3.4525828 -2.5163989 -4.0232019 0.3722606 -0.7106261 0.5967346 0.0184502
1403715554.762143 3.4453712 -2.5384049 -4.0482631 0.3808866 -0.6973303 0.6065175 0.0281496
1403715554.812143 3.4499519 -2.5509355 -4.0722437 0.3867694 -0.6849602 0.6164654 0.0347775
1403715554.912143 3.4991217 -2.5377660 -4.1059327 0.3826851 -0.6741925 0.6310691 0.0277213
1403715554.962143 3.5435498 -2.5103767 -4.1118107 0.3745107 -0.6716355 0.6390211 0.0173052
1403715555.462143 4.2675738 -1.8596523 -4.0252132 0.1710190 -0.8080942 0.5099559 -0.2401692
1403715555.512143 4.3275928 -1.8049679 -4.0176654 0.1729302 -0.8042455 0.5169038 -0.2368437
1403715555.562143 4.3823094 -1.7551267 -4.0074520 0.1790181 -0.7992944 0.5260338 -0.2288439
1403715555.612143 4.4321156 -1.7087522 -3.9944754 0.1851400 -0.7950363 0.5332959 -0.2218922
1403715555.712143 4.5172563 -1.6234274 -3.9585881 0.1995890 -0.7917941 0.5385610 -0.2077944
1403715555.862143 4.6193295 -1.5098262 -3.8782678 0.1999560 -0.8003222 0.5205752 -0.2202349
1403715556.012143 4.6906080 -1.4278569 -3.7758813 0.1975664 -0.8070802 0.5050599 -0.2334599
1403715556.062143 4.7086010 -1.4081066 -3.7438421 0.1924313 -0.8112940 0.4960561 -0.2422822
1403715556.162143 4.7340069 -1.3818688 -3.6881385 0.1870455 -0.8117255 0.4926564 -0.2518043
1403715558.712143 4.8624544 -3.2588658 -3.5090303 0.2383228 -0.7514543 0.5920787 -0.1672171
1403715558.812143 4.9142575 -3.3380544 -3.5200911 0.2448221 -0.7483557 0.5924947 -0.1702233
1403715558.862143 4.9377027 -3.3732841 -3.5258527 0.2517933 -0.7460658 0.5921822 -0.1711907
1403715558.912143 4.9597178 -3.4053872 -3.5309625 0.2611512 -0.7431099 0.5919340 -0.1708855
1403715559.312143 5.1168213 -3.5368688 -3.5255237 0.3432742 -0.7076907 0.5810133 -0.2091898
1403715560.562143 5.6569977 -3.0025260 -3.7192969 0.5408833 -0.6259950 0.4418229 -0.3469410
1403715561.062143 6.0402970 -2.6042776 -3.7034183 -0.6335044 0.5317634 -0.3945996 0.4002389
1403715561.262143 6.1993694 -2.4174786 -3.6918697 -0.6584646 0.5014469 -0.3558320 0.4340035
1403715561.712143 6.5891662 -2.0144138 -3.6735654 -0.6911421 0.4327969 -0.3196535 0.4825257
1403715562.062143 6.8546028 -1.7168818 -3.6398435 -0.7061111 0.3486418 -0.3047682 0.5356981
1403715562.662143 6.9493332 -1.2675261 -3.5974491 -0.7542124 0.2823318 -0.3025392 0.5098259
1403715565.012143 5.3994117 -0.5201004 -3.7745390 -0.6827529 -0.4355057 0.2772017 0.5170517
1403715565.712143 5.1358461 -0.9171507 -3.4901745 -0.5093558 -0.5989969 0.4623043 0.4099198
1403715565.812143 5.1334581 -0.9751172 -3.4641500 -0.4764284 -0.6296194 0.4792537 0.3832904
1403715565.912143 5.1450696 -1.0299425 -3.4337399 -0.4394504 -0.6608165 0.4970836 0.3508744
1403715566.262143 5.2561259 -1.1952157 -3.3171122 -0.2856503 -0.7442675 0.5547357 0.2381978
1403715566.362143 5.3052516 -1.2225041 -3.2863827 -0.2406996 -0.7606119 0.5668498 0.2054619
1403715566.512143 5.3870621 -1.2543299 -3.2592475 -0.1749647 -0.7772918 0.5827330 0.1600850
1403715566.562143 5.4159293 -1.2604384 -3.2542355 -0.1547144 -0.7807326 0.5877467 0.1451689
1403715567.012143 5.7351651 -1.2477083 -3.2943556 0.0482176 -0.7925544 0.6078427 -0.0077446
1403715567.062143 5.7746005 -1.2321620 -3.2948930 0.0732824 -0.7925459 0.6046213 -0.0305610
1403715567.562143 6.1430416 -0.9965498 -3.3675933 0.3601860 -0.7356855 0.5256615 -0.2295929
1403715567.612143 6.1758757 -0.9697244 -3.3865581 0.3860699 -0.7237270 0.5164255 -0.2459143
1403715567.812143 6.3053446 -0.8533871 -3.4683733 0.4759032 -0.6609102 0.4864163 -0.3164064
1403715567.962143 6.3945918 -0.7584085 -3.5297794 0.5380816 -0.6066974 0.4594804 -0.3623043
1403715568.062143 6.4489965 -0.6913204 -3.5682268 -0.5738513 0.5675344 -0.4426519 0.3907156
1403715568.162143 6.4972868 -0.6192636 -3.6028018 -0.6040088 0.5277016 -0.4241859 0.4204412
1403715568.262143 6.5367355 -0.5436087 -3.6365037 -0.6323958 0.4899336 -0.4003629 0.4469342
1403715568.362143 6.5675836 -0.4649501 -3.6683130 -0.6580781 0.4534730 -0.3733412 0.4710752
1403715568.562143 6.6011119 -0.3087358 -3.7179394 -0.7044837 0.3765044 -0.3183186 0.5105101
1403715568.762143 6.5939474 -0.1566963 -3.7469034 -0.7443795 0.2950903 -0.2610503 0.5391418
1403715568.962143 6.5522022 -0.0096960 -3.7681944 -0.7775702 0.2185036 -0.1999214 0.5546820
1403715569.062143 6.5250411 0.0625739 -3.7858438 -0.7909905 0.1839253 -0.1721093 0.5575697
1403715569.212143 6.4708028 0.1672878 -3.8020260 -0.8050122 0.1373899 -0.1294587 0.5624232
1403715569.312143 6.4382739 0.2384696 -3.8246932 -0.8033294 0.1104254 -0.1063519 0.5754629
1403715570.362143 5.7730961 0.5305047 -3.8494267 -0.7638069 -0.2104501 0.1259778 0.5970255
1403715570.462143 5.6978040 0.5082834 -3.8567529 -0.7496884 -0.2483521 0.1573689 0.5928943
1403715570.862143 5.4488821 0.2993388 -3.9054971 -0.6849383 -0.4104604 0.2739247 0.5360477
1403715571.912143 5.1605186 -0.5005136 -4.0980096 -0.7017341 -0.4929939 0.3851460 0.3408650
1403715572.012143 5.1349750 -0.5263481 -4.1346731 -0.7160540 -0.4970128 0.3720918 0.3190495
1403715572.112143 5.0937548 -0.5216589 -4.1703448 -0.7171671 -0.5133097 0.3483695 0.3175266
1403715572.212143 5.0316129 -0.4910340 -4.2008390 -0.6981201 -0.5378783 0.3265283 0.3416058
1403715572.512143 4.7400608 -0.3744285 -4.2763977 -0.5723887 -0.5870354 0.3530504 0.4506841
1403715572.662143 4.5854478 -0.3527539 -4.3146458 -0.5363259 -0.6043379 0.3837269 0.4470839
1403715572.762143 4.4900923 -0.3549469 -4.3393221 -0.5160079 -0.6225930 0.3970037 0.4341680
1403715572.862143 4.4024773 -0.3707247 -4.3537107 -0.5012779 -0.6394510 0.4122597 0.4121466
1403715572.962143 4.3197842 -0.3979061 -4.3515768 -0.4851295 -0.6520676 0.4321121 0.3908149
1403715573.062143 4.2429638 -0.4323275 -4.3366141 -0.4652948 -0.6635808 0.4523526 0.3722076
1403715573.162143 4.1724091 -0.4725730 -4.3111973 -0.4462826 -0.6753120 0.4712655 0.3502777
1403715573.612143 3.9191008 -0.6575823 -4.1961279 -0.3609706 -0.7364313 0.5210469 0.2363881
1403715573.662143 3.8905835 -0.6727862 -4.1864781 -0.3476639 -0.7443088 0.5222726 0.2288354
1403715573.962143 3.7133017 -0.7685771 -4.1312714 -0.2567366 -0.8001919 0.5094082 0.1851558
1403715574.062143 3.6504951 -0.8076625 -4.1117411 -0.2252183 -0.8155353 0.5088683 0.1588461
1403715574.162143 3.5844970 -0.8560138 -4.0892162 -0.1909651 -0.8254365 0.5146636 0.1315611
1403715574.262143 3.5143685 -0.9129853 -4.0650458 -0.1498523 -0.8277734 0.5288566 0.1124560
1403715574.362143 3.4421554 -0.9762874 -4.0428586 -0.1029377 -0.8251228 0.5450663 0.1071399
1403715574.462143 3.3723874 -1.0443485 -4.0247712 -0.0628189 -0.8231900 0.5537697 0.1084033
1403715574.762143 3.2278090 -1.2710650 -3.9904065 -0.0015328 -0.8291112 0.5515181 0.0916519
1403715574.862143 3.2072906 -1.3550725 -3.9778767 -0.0015492 -0.8315018 0.5511514 0.0695303
1403715574.962143 3.1961944 -1.4443283 -3.9627957 -0.0058578 -0.8286740 0.5573304 0.0514595
1403715575.062143 3.1899817 -1.5363851 -3.9451120 -0.0082707 -0.8224265 0.5671191 0.0438436
1403715575.162143 3.1877146 -1.6294451 -3.9245870 -0.0089431 -0.8113468 0.5827456 0.0452096
1403715575.362143 3.1991744 -1.7986693 -3.8832037 -0.0122155 -0.7958950 0.6023324 0.0599814
1403715575.512143 3.2253447 -1.9033337 -3.8596168 -0.0207938 -0.8083860 0.5842416 0.0688576
1403715575.612143 3.2509336 -1.9685760 -3.8395808 -0.0148688 -0.8049898 0.5860553 0.0911576
1403715575.712143 3.2882185 -2.0301247 -3.8179224 -0.0089159 -0.8000868 0.5892459 0.1121205
1403715575.812143 3.3429790 -2.0873208 -3.7953606 -0.0089473 -0.8000576 0.5872065 0.1225414
1403715575.912143 3.4157777 -2.1410666 -3.7750187 -0.0157681 -0.8022457 0.5845563 0.1201960
1403715576.012143 3.5053892 -2.1899703 -3.7536135 -0.0322231 -0.8060902 0.5820667 0.1018760
1403715576.112143 3.6057730 -2.2353485 -3.7318785 -0.0439538 -0.8077875 0.5812885 0.0874713
1403715576.212143 3.7119751 -2.2786386 -3.7115390 -0.0528813 -0.8073734 0.5828311 0.0752297
1403715576.312143 3.8205380 -2.3214340 -3.6946151 -0.0550074 -0.8048816 0.5866409 0.0706560
1403715576.512143 4.0447946 -2.3934209 -3.6521764 -0.0506963 -0.7835012 0.6151835 0.0714491
1403715576.612143 4.1612663 -2.4157906 -3.6294036 -0.0505746 -0.7724931 0.6283396 0.0767201
1403715576.712143 4.2819405 -2.4234693 -3.6073368 -0.0533048 -0.7705417 0.6295411 0.0842741
1403715576.812143 4.4073663 -2.4168336 -3.5863743 -0.0623684 -0.7770728 0.6198305 0.0898797
1403715576.912143 4.5378861 -2.3975849 -3.5657220 -0.0727601 -0.7892584 0.6023467 0.0946348
1403715577.012143 4.6732793 -2.3715558 -3.5437067 -0.0857375 -0.7969184 0.5902737 0.0956414
1403715577.162143 4.8799424 -2.3253536 -3.5118029 -0.1165717 -0.7991161 0.5833022 0.0870808
1403715577.562143 5.4013696 -2.1728504 -3.5690084 -0.1414651 -0.7962179 0.5786817 0.1056042
1403715577.662143 5.5270476 -2.1254444 -3.5871749 -0.1431884 -0.7963715 0.5778455 0.1066972
1403715577.762143 5.6512518 -2.0755949 -3.5902123 -0.1480049 -0.7970609 0.5766904 0.1010767
1403715577.862143 5.7712374 -2.0238650 -3.5902300 -0.1591553 -0.7953072 0.5773953 0.0936522
1403715578.462143 6.2576265 -1.6432958 -3.8172245 -0.3062719 -0.7798316 0.5277534 0.1397729
1403715578.562143 6.2841392 -1.5703840 -3.8705006 -0.3224615 -0.7833734 0.5027689 0.1719541
1403715578.662143 6.3018227 -1.4997544 -3.9262166 -0.3365780 -0.7964930 0.4639271 0.1925769
1403715578.762143 6.3074317 -1.4411445 -3.9779813 -0.3496261 -0.8059840 0.4324954 0.2027287
1403715578.812143 6.3044944 -1.4184670 -4.0021400 -0.3558547 -0.8075104 0.4235045 0.2047887
1403715578.912143 6.2853971 -1.3887057 -4.0467110 -0.3605482 -0.8055041 0.4186703 0.2142038
1403715579.012143 6.2483783 -1.3808045 -4.0843325 -0.3492775 -0.7973172 0.4303918 0.2388585
1403715579.112143 6.2004724 -1.3936892 -4.1125350 -0.3264796 -0.7897696 0.4416056 0.2732390
1403715579.212143 6.1516771 -1.4281843 -4.1272659 -0.2983410 -0.7796790 0.4549773 0.3099820
1403715579.312143 6.1145315 -1.4846191 -4.1314716 -0.2854823 -0.7698688 0.4673619 0.3276811
1403715579.412143 6.0933571 -1.5587556 -4.1352091 -0.2854682 -0.7670674 0.4706270 0.3295842
1403715579.512143 6.0869179 -1.6497904 -4.1411662 -0.2953618 -0.7681876 0.4702280 0.3186453
1403715579.612143 6.0923033 -1.7559690 -4.1468077 -0.3080527 -0.7686488 0.4725141 0.3016837
1403715580.612143 6.4458337 -3.1604366 -4.1318636 -0.4765903 -0.6615257 0.4884308 0.3109353
1403715580.812143 6.5406041 -3.4042749 -4.1420679 -0.5215051 -0.6403968 0.4849844 0.2876016
1403715581.012143 6.6046100 -3.5852761 -4.1460857 -0.5560564 -0.6264533 0.4836748 0.2538038
1403715581.112143 6.6152301 -3.6413965 -4.1495490 -0.5596310 -0.6343349 0.4699089 0.2522261
1403715581.312143 6.5841513 -3.6983476 -4.1408463 -0.5449480 -0.6433846 0.4594751 0.2792320
1403715581.612143 6.4557538 -3.6946917 -4.1335363 -0.4700826 -0.6819291 0.4677434 0.3085630
1403715582.912143 6.0647898 -3.8938258 -4.1432538 -0.3022036 -0.7924408 0.4800074 0.2242842
1403715583.312143 5.9607983 -4.1449165 -4.2286825 -0.3173016 -0.7583425 0.5172890 0.2380093
1403715583.512143 5.9022703 -4.2926030 -4.2724147 -0.3131787 -0.7178753 0.5718173 0.2441295
1403715583.812143 5.8813467 -4.4184542 -4.3379788 0.2767856 0.6467171 -0.6551353 -0.2755804
1403715583.912143 5.9196119 -4.4092989 -4.3493447 0.2723678 0.6365172 -0.6667870 -0.2757841
1403715584.012143 5.9887342 -4.3646388 -4.3433957 0.2795417 0.6399270 -0.6659635 -0.2623784
1403715584.112143 6.0833426 -4.2842932 -4.3209233 -0.2945231 -0.6562429 0.6513368 0.2415819
1403715584.212143 6.1951752 -4.1721354 -4.2845116 -0.3127016 -0.6833302 0.6228273 0.2176321
1403715584.312143 6.3142557 -4.0344768 -4.2410336 -0.3280068 -0.7174461 0.5824392 0.1960794
1403715584.412143 6.4298139 -3.8862486 -4.2113438 -0.3365712 -0.7423404 0.5500706 0.1818597
1403715584.512143 6.5376625 -3.7323415 -4.1983938 -0.3385966 -0.7577201 0.5288162 0.1776688
1403715584.662143 6.6758900 -3.4990711 -4.1837826 -0.3344515 -0.7717258 0.5093102 0.1821667
1403715584.762143 6.7514863 -3.3478014 -4.1743793 -0.3236737 -0.7825231 0.4940236 0.1970625
1403715584.862143 6.8158092 -3.2056830 -4.1606555 -0.3174176 -0.7881049 0.4844050 0.2085391
1403715584.962143 6.8721542 -3.0739393 -4.1458774 -0.3113616 -0.7967675 0.4692652 0.2191019
1403715585.162143 6.9644742 -2.8584836 -4.1161718 -0.3189172 -0.8146340 0.4346359 0.2139042
1403715585.362143 7.0117373 -2.7287934 -4.0778995 -0.3162949 -0.8080086 0.4470140 0.2173899
1403715585.462143 7.0197921 -2.6934917 -4.0557866 -0.3095686 -0.8008981 0.4611905 0.2236803
1403715585.812143 7.0219193 -2.6684294 -4.0147514 -0.2943189 -0.7868044 0.4897037 0.2334643
1403715586.712143 6.9117703 -2.7823038 -4.0881448 -0.2818640 -0.7375457 0.5564455 0.2587418
1403715587.212143 7.0121775 -2.7542713 -4.0679655 -0.3100160 -0.7551726 0.5292252 0.2313550
1403715587.912143 7.1328392 -2.6388218 -3.9617567 -0.3970018 -0.7150569 0.5280028 0.2286839
1403715588.012143 7.1239114 -2.5932560 -3.9485717 -0.4172411 -0.6972113 0.5204116 0.2626371
1403715588.112143 7.1122999 -2.5396025 -3.9371440 -0.4360414 -0.6760185 0.5136625 0.2983586
1403715588.212143 7.1036897 -2.4798179 -3.9399309 -0.4560266 -0.6528582 0.5060174 0.3313040
1403715588.312143 7.1021261 -2.4154005 -3.9640880 -0.4803259 -0.6293916 0.4966013 0.3557255
1403715588.412143 7.1104259 -2.3444369 -4.0013533 -0.5043402 -0.6076940 0.4845122 0.3762938
1403715588.512143 7.1284137 -2.2682042 -4.0392156 -0.5268994 -0.5888137 0.4698450 0.3936004
1403715588.612143 7.1557736 -2.1872189 -4.0751677 -0.5500105 -0.5713620 0.4534379 0.4067285
1403715588.712143 7.1912942 -2.1020832 -4.1110764 -0.5753994 -0.5591164 0.4309300 0.4130423
1403715588.812143 7.2327170 -2.0129089 -4.1482954 -0.6012116 -0.5512077 0.4013308 0.4167114
1403715588.912143 7.2745895 -1.9217882 -4.1877351 -0.6278369 -0.5472088 0.3642681 0.4167639
1403715589.012143 7.3112688 -1.8299417 -4.2270098 -0.6533175 -0.5414469 0.3283286 0.4149842
1403715589.112143 7.3357162 -1.7391477 -4.2586246 -0.6746055 -0.5296453 0.3022198 0.4159885
1403715589.212143 7.3423371 -1.6481075 -4.2769060 -0.6900942 -0.5156465 0.2853419 0.4200698
1403715589.312143 7.3308816 -1.5565548 -4.2808528 -0.7041803 -0.5017424 0.2701388 0.4235679
1403715589.412143 7.3009877 -1.4642200 -4.2721691 -0.7202045 -0.4883508 0.2537450 0.4224126
1403715589.512143 7.2512827 -1.3696933 -4.2598324 -0.7351919 -0.4740707 0.2391070 0.4213997
1403715589.612143 7.1806817 -1.2706566 -4.2455125 -0.7446833 -0.4648274 0.2264075 0.4220451
1403715589.712143 7.0858188 -1.1652503 -4.2179718 -0.7466396 -0.4567346 0.2234675 0.4289349
1403715589.812143 6.9652462 -1.0524755 -4.1711502 -0.7323336 -0.4462644 0.2348030 0.4576059
1403715590.012143 6.6864157 -0.8303730 -4.0588107 -0.7005711 -0.4232801 0.2709469 0.5065787
1403715590.112143 6.5464654 -0.7289352 -4.0078773 -0.6939800 -0.4220678 0.2761809 0.5137848
1403715590.212143 6.4111433 -0.6347525 -3.9594595 -0.6928633 -0.4278769 0.2739647 0.5116690
1403715590.312143 6.2776780 -0.5488703 -3.9106820 -0.6881055 -0.4415981 0.2702462 0.5083983
1403715590.612143 5.8643765 -0.3546896 -3.7697556 -0.6398451 -0.5180206 0.2747829 0.4967366
1403715590.712143 5.7171001 -0.3182607 -3.7296162 -0.6302575 -0.5399247 0.2951283 0.4734514
1403715591.262143 4.8801708 -0.2606206 -3.5320334 -0.4877229 -0.6710976 0.4131619 0.3755684
1403715591.412143 4.6531935 -0.2819550 -3.4979711 -0.4297487 -0.7107552 0.4312975 0.3523147
1403715591.512143 4.5089502 -0.3131678 -3.4737000 -0.3954847 -0.7336382 0.4421286 0.3314955
1403715591.612143 4.3702407 -0.3564332 -3.4577980 -0.3651727 -0.7518122 0.4564283 0.3051239
1403715591.712143 4.2331843 -0.4100235 -3.4550588 -0.3336928 -0.7655135 0.4717706 0.2829678
1403715591.812143 4.0984459 -0.4714875 -3.4633706 -0.3008895 -0.7770827 0.4843623 0.2664606
1403715591.962143 3.9094648 -0.5811141 -3.5016804 -0.2519634 -0.7928272 0.4979868 0.2448442
1403715592.062143 3.7918863 -0.6642106 -3.5419168 -0.2140015 -0.8037902 0.5025169 0.2357998
1403715592.162143 3.6867847 -0.7588611 -3.5871837 -0.1752636 -0.8103424 0.5123789 0.2238207
1403715592.312143 3.5615926 -0.9240203 -3.6302497 -0.1148181 -0.8115038 0.5366091 0.2008208
1403715592.462143 3.4822669 -1.1076496 -3.6458404 -0.0558683 -0.8161724 0.5482578 0.1736511
1403715592.612143 3.4522166 -1.3013980 -3.6506124 0.0036049 -0.8159944 0.5589148 0.1474940
1403715592.762143 3.4741812 -1.5004630 -3.6608057 0.0622854 -0.8140359 0.5655072 0.1169093
1403715592.912143 3.5549216 -1.6954535 -3.6650534 0.0902599 -0.8183166 0.5659071 0.0442755
1403715593.062143 3.6697245 -1.8848259 -3.6668200 0.1130652 -0.8173810 0.5636652 -0.0372326
1403715593.212143 3.7926989 -2.0699406 -3.6730142 0.1577248 -0.8057028 0.5632541 -0.0933314
1403715593.362143 3.9139907 -2.2526543 -3.6842642 0.2157597 -0.7894951 0.5618568 -0.1202591
1403715593.512143 4.0384779 -2.4281101 -3.6965771 0.2801154 -0.7695531 0.5587228 -0.1309666
1403715593.662143 4.1771464 -2.5858233 -3.7000384 0.3288405 -0.7429329 0.5603918 -0.1608594
1403715594.162143 4.6940012 -2.8956196 -3.7211738 0.4810432 -0.6586317 0.5087935 -0.2755555
1403715594.662143 5.2083654 -2.8980117 -3.7142115 -0.6204960 0.5429083 -0.4412299 0.3543325
1403715594.812143 5.3632116 -2.8341293 -3.7033052 -0.6616899 0.5188751 -0.3887449 0.3765801
1403715595.012143 5.5907078 -2.7154450 -3.7045028 -0.7045954 0.4786098 -0.3243542 0.4114271
1403715595.162143 5.7838569 -2.6069739 -3.7109087 -0.7294130 0.4388808 -0.2876578 0.4388545
1403715595.312143 5.9930615 -2.4871163 -3.7140622 -0.7470716 0.3923187 -0.2558134 0.4717306
1403715595.812143 6.7100735 -2.0683498 -3.7344003 -0.7713675 0.1539209 -0.2277693 0.5739528
1403715596.012143 6.9023657 -1.9123311 -3.7260737 -0.7415226 0.0721267 -0.2191788 0.6300021
1403715596.162143 6.9575000 -1.8358006 -3.6951251 -0.7157167 0.0509590 -0.1859718 0.6712432
1403715596.312143 6.9436631 -1.8214827 -3.6560047 -0.7514988 0.0474484 -0.1600315 0.6382695
1403715596.712143 6.7032456 -1.8682418 -3.5348940 -0.8678215 0.0387476 -0.0599828 0.4917181
1403715596.862143 6.5931849 -1.8289347 -3.4902377 -0.8835994 0.0187247 -0.0320000 0.4667735
1403715597.012143 6.4854460 -1.7333870 -3.4485412 -0.8944958 0.0019972 -0.0142751 0.4468440
1403715597.162143 6.3822942 -1.5713258 -3.4063859 -0.8887824 -0.0075491 -0.0039867 0.4582498
1403715597.312143 6.2803612 -1.3508110 -3.3602908 -0.8624853 -0.0117354 0.0175377 0.5056422
1403715597.612143 6.1056356 -0.8549728 -3.2785840 -0.8093293 -0.0591632 0.0598721 0.5812927
1403715597.762143 6.0363641 -0.6176922 -3.2560730 -0.8044223 -0.0972919 0.0778394 0.5808442
1403715597.912143 5.9768887 -0.3873236 -3.2383218 -0.7988516 -0.1222162 0.0920585 0.5817426
1403715598.062143 5.9269662 -0.1665332 -3.2221313 -0.7872721 -0.1347666 0.0988367 0.5935250
1403715598.362143 5.8505478 0.2225122 -3.2347007 -0.7571858 -0.1370139 0.1029843 0.6303103
1403715598.512143 5.8264885 0.3689604 -3.2601359 -0.7305691 -0.1233104 0.1156914 0.6615731
1403715598.612143 5.8248510 0.4348011 -3.2784047 -0.7240695 -0.1177314 0.1190245 0.6691009
1403715598.762143 5.8428946 0.4858568 -3.3130932 -0.7483128 -0.1223454 0.1061090 0.6432732
1403715599.162143 5.9355741 0.4615543 -3.4407196 -0.7889212 -0.1347915 0.0826327 0.5938067
1403715599.562143 6.0401063 0.3617628 -3.6176159 -0.8039308 -0.1055674 0.1235056 0.5720990
1403715599.662143 6.0810151 0.3394506 -3.6592178 -0.8000082 -0.0987064 0.1326570 0.5767547
1403715599.762143 6.1324363 0.3178129 -3.7003694 -0.7937671 -0.0992385 0.1305829 0.5856907
1403715599.962143 6.2658596 0.2632930 -3.7898247 -0.7944869 -0.1188368 0.0989181 0.5872679
1403715600.262143 6.4719734 0.1527171 -3.9271581 -0.7919595 -0.1866552 0.0498883 0.5791987
1403715600.362143 6.5182304 0.1091356 -3.9692116 -0.7860335 -0.2183267 0.0522794 0.5759790
1403715600.462143 6.5474772 0.0581727 -4.0119076 -0.7840148 -0.2460582 0.0724046 0.5652732
1403715600.562143 6.5609822 0.0002637 -4.0544438 -0.7891384 -0.2663631 0.1094830 0.5425169
1403715600.662143 6.5632896 -0.0580735 -4.0934458 -0.7887820 -0.2897958 0.1445715 0.5224370
1403715600.812143 6.5489836 -0.1382408 -4.1254930 -0.7720038 -0.3334980 0.1860636 0.5081038
1403715600.962143 6.5143771 -0.2091713 -4.1268601 -0.7473345 -0.3765365 0.2172966 0.5024874
1403715601.212143 6.4175076 -0.3108830 -4.0654879 -0.7169587 -0.4164079 0.2433162 0.5033606
1403715601.362143 6.3442860 -0.3715110 -4.0016336 -0.7060614 -0.4295718 0.2418223 0.5083970
1403715601.862143 6.0158129 -0.6265118 -3.8077543 -0.7019807 -0.4183038 0.2648679 0.5119475
1403715602.012143 5.9072723 -0.7155766 -3.7597921 -0.6947803 -0.3964195 0.2687457 0.5365703
1403715602.162143 5.8073239 -0.8130505 -3.7186334 -0.6908681 -0.3644309 0.2689953 0.5635006
1403715602.312143 5.7302389 -0.9252918 -3.6901896 -0.7085273 -0.3335789 0.2545752 0.5673673
1403715602.512143 5.6572518 -1.0894873 -3.6663291 -0.7503105 -0.3043604 0.2087463 0.5484740
1403715602.962143 5.5191617 -1.4674146 -3.7155468 -0.7925127 -0.2195961 0.1175655 0.5566684
1403715603.312143 5.3740864 -1.7583714 -3.8661423 -0.8141354 -0.1470107 0.0652884 0.5579507
1403715603.462143 5.2977371 -1.8781781 -3.9238391 -0.8209923 -0.1234864 0.0569355 0.5545098
1403715603.612143 5.2131381 -1.9907629 -3.9679585 -0.8238494 -0.0996975 0.0661503 0.5540366
1403715604.062143 5.0217342 -2.2400460 -4.0363932 -0.8433216 -0.0706116 0.0872071 0.5255640
1403715604.212143 4.9931560 -2.2765903 -4.0422487 -0.8380771 -0.0880307 0.0630375 0.5346996
1403715604.462143 4.9464269 -2.2947445 -4.0689774 -0.8322303 -0.0954401 0.0513119 0.5437381
1403715604.762143 4.8764424 -2.2785504 -4.0974431 -0.8154778 -0.0955577 0.0496345 0.5686838
1403715604.912143 4.8372312 -2.2649548 -4.1065435 -0.8149970 -0.0960639 0.0491190 0.5693321
1403715605.062143 4.7966995 -2.2477965 -4.1187196 -0.8181423 -0.0976863 0.0485946 0.5645699
1403715605.212143 4.7511430 -2.2261820 -4.1250420 -0.8156438 -0.0990811 0.0500625 0.5678045
1403715605.362143 4.7024746 -2.2055142 -4.1204071 -0.8134956 -0.0956956 0.0603482 0.5704607
1403715605.512143 4.6561961 -2.1832106 -4.1254272 -0.8141600 -0.0929047 0.0701889 0.5688458
1403715605.662143 4.6155195 -2.1596181 -4.1527634 -0.8167313 -0.0929151 0.0745575 0.5645865
1403715605.812143 4.5814805 -2.1289926 -4.1887569 -0.8133327 -0.1018292 0.0639470 0.5692376
1403715605.962143 4.5488667 -2.0955334 -4.2178855 -0.8102388 -0.1064236 0.0597534 0.5732509
1403715606.112143 4.5155582 -2.0621214 -4.2562332 -0.8081672 -0.1096340 0.0589658 0.5756469
1403715606.362143 4.4523282 -2.0159397 -4.3179412 -0.8095058 -0.1062623 0.0718679 0.5729257
1403715606.462143 4.4288082 -1.9987636 -4.3250656 -0.8092517 -0.1054535 0.0762301 0.5728702
1403715606.562143 4.4072423 -1.9820452 -4.3246317 -0.8084146 -0.1048706 0.0810529 0.5734968
1403715606.662143 4.3882504 -1.9687309 -4.3247442 -0.8078631 -0.1039735 0.0873856 0.5735072
1403715606.762143 4.3718243 -1.9588163 -4.3270712 -0.8075242 -0.1009780 0.0956243 0.5732052
1403715606.862143 4.3600960 -1.9498124 -4.3324475 -0.8035580 -0.1016734 0.0976812 0.5782868
1403715606.962143 4.3552475 -1.9371860 -4.3552237 -0.7921632 -0.1102850 0.0901344 0.5934565
1403715607.012143 4.3573670 -1.9250293 -4.3948498 -0.7922114 -0.1142662 0.0853093 0.5933523
1403715607.112143 4.3628058 -1.9086351 -4.4668131 -0.7939826 -0.1223694 0.0754157 0.5907030
1403715607.212143 4.3663831 -1.8987336 -4.5309825 -0.7959593 -0.1269843 0.0702346 0.5876997
1403715607.312143 4.3665738 -1.8950620 -4.5886030 -0.7965323 -0.1287115 0.0696471 0.5866166
1403715607.412143 4.3650990 -1.8957310 -4.6440477 -0.7947513 -0.1287577 0.0695964 0.5890232
1403715607.512143 4.3636580 -1.8974118 -4.6816640 -0.7947325 -0.1279553 0.0710626 0.5890483
1403715607.562143 4.3621335 -1.8972101 -4.6897087 -0.7956516 -0.1283705 0.0706715 0.5877628
1403715607.612143 4.3600793 -1.8969951 -4.6959238 -0.7962004 -0.1275697 0.0704512 0.5872202
1403715607.812143 4.3454814 -1.9048948 -4.7279277 -0.7976010 -0.1249423 0.0691561 0.5860372
1403715608.062143 4.3359032 -1.9136839 -4.7680340 -0.7971300 -0.1327789 0.0653850 0.5853874
1403715608.412143 4.3388424 -1.9247317 -4.8037095 -0.7983032 -0.1319579 0.0665682 0.5838389
1403715608.812143 4.3397255 -1.9665375 -4.8334055 -0.7983077 -0.1314279 0.0673133 0.5838670
1403715609.262143 4.3420138 -2.0500646 -4.8545690 -0.7983136 -0.1310383 0.0676159 0.5839114
1403715609.312143 4.3423452 -2.0615759 -4.8563733 -0.7983918 -0.1309696 0.0676579 0.5838150
1403715609.362143 4.3427601 -2.0735836 -4.8579564 -0.7984664 -0.1309212 0.0676574 0.5837239
