1403715529012142848.000000 0.981484950 -0.715802968 -0.288317680 -0.479629815 -0.666442275 -0.338694572 0.459451854
1403715529962142976.000000 0.763195872 -0.661559522 -0.122104883 -0.403103441 -0.717383027 -0.284011036 0.492145389
1403715531712142848.000000 -0.157066882 -0.682484388 0.526456714 -0.358250707 -0.741154730 -0.206884369 0.528720200
1403715532012142848.000000 -0.287630469 -0.611788273 0.529440939 -0.340540648 -0.733584881 -0.238532886 0.537575483
1403715532212142848.000000 -0.357505560 -0.576031268 0.527869105 -0.336943060 -0.731574953 -0.245993897 0.539216518
1403715532412143104.000000 -0.415587366 -0.559001386 0.519029021 -0.338653475 -0.733707070 -0.229966193 0.542312920
1403715532662142976.000000 -0.462162614 -0.548564792 0.504914165 -0.349928021 -0.727747560 -0.201400682 0.554411054
1403715533312143104.000000 -0.253609240 -0.452902257 0.372339457 -0.418240368 -0.676655471 -0.251802266 0.551187932
1403715533362142976.000000 -0.213451564 -0.442576528 0.366583228 -0.423636377 -0.673906982 -0.260626256 0.546310961
1403715533462142976.000000 -0.125284791 -0.422288597 0.366111696 -0.434666514 -0.671815872 -0.271291643 0.534910560
1403715534212142848.000000 0.854284167 -0.214536205 0.616920590 -0.456043541 -0.684955418 -0.290817767 0.488144785
1403715534362142976.000000 1.081066012 -0.152432561 0.610034645 -0.447381824 -0.690831304 -0.300705403 0.481848449
1403715534462142976.000000 1.228862166 -0.108615831 0.589176953 -0.448971748 -0.690341413 -0.304976553 0.478374749
1403715535062142976.000000 2.046106100 0.176221460 0.394298464 -0.545772731 -0.640031338 -0.357004941 0.406250507
1403715535262142976.000000 2.270064354 0.299492806 0.327810735 -0.575494826 -0.628841460 -0.358430028 0.380646795
1403715536062142976.000000 3.035436869 1.110942125 0.156426758 -0.531654894 -0.646504521 -0.356002867 0.415496230
1403715536362142976.000000 3.262955904 1.480136395 0.099613547 -0.502775252 -0.680040061 -0.343723208 0.408187449
1403715536612143104.000000 3.378839731 1.816996932 0.082385927 -0.467764139 -0.687466562 -0.370628655 0.413788319
1403715536712142848.000000 3.398520470 1.951236129 0.080448478 -0.458296716 -0.683034480 -0.380108297 0.423019797
1403715536812143104.000000 3.402444839 2.079069853 0.082129821 -0.446997821 -0.674435854 -0.389341146 0.440162182
1403715536912143104.000000 3.392368555 2.196473598 0.085532539 -0.432100356 -0.669281125 -0.401680261 0.451669127
1403715537012142848.000000 3.370387793 2.297438145 0.091206089 -0.415541470 -0.664923251 -0.419319242 0.457573801
1403715537112143104.000000 3.333827496 2.378525972 0.101421818 -0.400242597 -0.654598713 -0.436609209 0.469764709
1403715537212142848.000000 3.282710791 2.433849335 0.116130553 -0.387007624 -0.640086770 -0.451760739 0.486236960
1403715537312143104.000000 3.218805790 2.458800793 0.133471817 -0.387167692 -0.624795198 -0.450241446 0.506966233
1403715537412143104.000000 3.146830797 2.452147722 0.149909481 -0.408942401 -0.620437145 -0.423242003 0.518353343
1403715537612143104.000000 3.001061201 2.364710808 0.181298479 -0.468752295 -0.640534520 -0.352186948 0.495934725
1403715537812143104.000000 2.867853165 2.239045620 0.232042402 -0.483062804 -0.632645726 -0.341217577 0.499980360
1403715537912143104.000000 2.810728550 2.168473244 0.257975757 -0.479981065 -0.625097811 -0.348111749 0.507630885
1403715538012142848.000000 2.760572195 2.089833021 0.277970105 -0.483237535 -0.627802551 -0.344590902 0.503589749
1403715540512142848.000000 2.795120716 -0.559483349 0.130114168 -0.763819039 -0.380862176 -0.456955969 0.250431389
1403715540962142976.000000 3.185051918 -0.724850476 0.236182183 -0.773788273 -0.362201899 -0.453017265 0.254630983
1403715541412143104.000000 3.754117250 -0.724780202 0.307564139 -0.755468130 -0.344364226 -0.485393137 0.273997635
1403715541712142848.000000 4.189248085 -0.695372522 0.317904532 -0.764176130 -0.368620723 -0.474988759 0.233536720
1403715541812143104.000000 4.340598106 -0.670265615 0.325452119 -0.752887249 -0.381537586 -0.490413964 0.216988727
1403715541912143104.000000 4.489185333 -0.633900106 0.334364325 -0.737772644 -0.393089145 -0.509264767 0.204504088
1403715542562142976.000000 5.099532127 -0.171288982 0.416058779 -0.643021405 -0.443209141 -0.527664602 0.334154665
1403715542862142976.000000 5.201084614 0.001476828 0.430695921 -0.643072426 -0.472914726 -0.490258217 0.349937886
1403715543362142976.000000 5.295660019 0.146746382 0.365221858 -0.649480045 -0.459422588 -0.476485014 0.374257505
1403715543812143104.000000 5.363010406 0.109068617 0.294243276 -0.626787841 -0.457968265 -0.526528120 0.346655875
1403715544062142976.000000 5.339565277 0.001539402 0.231586203 -0.647729754 -0.435931772 -0.555002809 0.287021786
1403715544312143104.000000 5.233825207 -0.140267894 0.113265321 -0.716945887 -0.349788278 -0.552012503 0.242732599
1403715544462142976.000000 5.145071983 -0.229025945 0.005763836 -0.752851605 -0.284467101 -0.553488255 0.214345142
1403715544612143104.000000 5.044726372 -0.318650305 -0.100239597 -0.772992790 -0.233000264 -0.559911430 0.186258882
1403715545112143104.000000 4.635639191 -0.619322956 -0.121096827 -0.782283366 -0.197998315 -0.571475685 0.149147421
1403715545362142976.000000 4.392969608 -0.777750194 -0.111434385 -0.797643542 -0.169062033 -0.565063834 0.126038581
1403715545562142976.000000 4.193739414 -0.899817407 -0.124315545 -0.806033194 -0.129929215 -0.560039222 0.140658930
1403715545912143104.000000 3.879723072 -1.158740878 -0.108424969 -0.805537522 -0.136777729 -0.556817889 0.149515495
1403715546062142976.000000 3.753216743 -1.289686680 -0.092857458 -0.796146333 -0.180830479 -0.556893110 0.152713820
1403715546412143104.000000 3.464447021 -1.584671021 -0.057470817 -0.756612718 -0.309003741 -0.529018819 0.228458032
1403715546762142976.000000 3.179256916 -1.866245389 -0.012519332 -0.699290872 -0.451871425 -0.465053111 0.300882369
1403715546862142976.000000 3.100998402 -1.939780474 -0.002753690 -0.685647249 -0.491443068 -0.434109747 0.316101789
1403715547112143104.000000 2.920901299 -2.084762812 0.031394228 -0.621661127 -0.580796778 -0.391765922 0.350331455
1403715547362142976.000000 2.739988327 -2.162415504 0.062130198 -0.548119426 -0.651726961 -0.356447339 0.384398788
1403715547562142976.000000 2.575583458 -2.174434423 0.076702259 -0.504076660 -0.696782649 -0.315338045 0.401201606
1403715547662142976.000000 2.482357025 -2.162441015 0.081275590 -0.476919353 -0.718638718 -0.296398103 0.410188377
1403715547762142976.000000 2.380679369 -2.139228821 0.087716632 -0.447779119 -0.738871992 -0.279322892 0.418976009
1403715547862142976.000000 2.269224882 -2.104038000 0.094097450 -0.419731259 -0.755559206 -0.261250079 0.429772526
1403715547962142976.000000 2.147662401 -2.058697939 0.100693166 -0.391478360 -0.764978051 -0.247898743 0.447324812
1403715548462142976.000000 1.450986147 -1.767329335 0.112349257 -0.332026005 -0.752592385 -0.254005045 0.508768141
1403715548612143104.000000 1.233455896 -1.684014559 0.078521296 -0.341286182 -0.749415994 -0.249986485 0.509319425
1403715548862142976.000000 0.865416169 -1.556169271 0.030544396 -0.356130511 -0.742393792 -0.249062046 0.509892762
1403715549312143104.000000 0.207094401 -1.342505217 -0.040544003 -0.326903701 -0.729323447 -0.246059015 0.548339546
1403715549462142976.000000 0.009478614 -1.293808103 -0.061524700 -0.329398662 -0.724848568 -0.225037172 0.561648846
1403715549662142976.000000 -0.219976217 -1.235990047 -0.091390900 -0.347517997 -0.732663274 -0.192924902 0.552463353
1403715549862142976.000000 -0.402485758 -1.160831690 -0.114854112 -0.382156014 -0.716370642 -0.193766862 0.550658166
1403715550012142848.000000 -0.502659440 -1.085161328 -0.126662016 -0.425452858 -0.692688107 -0.199345842 0.547205985
1403715550262142976.000000 -0.578835607 -0.919809818 -0.121174388 -0.491152555 -0.662734032 -0.251844019 0.506090224
1403715550462142976.000000 -0.565772653 -0.753273070 -0.057628348 -0.530398786 -0.634187162 -0.306447595 0.471777201
1403715550612143104.000000 -0.530013442 -0.617289782 -0.008211737 -0.561973155 -0.604674160 -0.342498064 0.448609442
1403715550762142976.000000 -0.481284052 -0.478969455 0.012024306 -0.601680398 -0.564325929 -0.362272650 0.433907181
1403715550912143104.000000 -0.415132821 -0.343532324 0.006226079 -0.642611742 -0.518354416 -0.373430938 0.422975361
1403715551062142976.000000 -0.320138991 -0.209079310 -0.010329710 -0.673811615 -0.478110731 -0.394902647 0.401795924
1403715551162142976.000000 -0.235978752 -0.121828049 -0.009121776 -0.689164460 -0.454105288 -0.415320069 0.382557333
1403715551312143104.000000 -0.083326809 0.002496393 0.014933914 -0.715443313 -0.408362091 -0.435397774 0.363056660
1403715551512142848.000000 0.167323261 0.146384478 0.055983040 -0.747322321 -0.342288166 -0.461016923 0.334382385
1403715551662142976.000000 0.386464149 0.230829313 0.087730847 -0.757323682 -0.301917344 -0.497034818 0.297091335
1403715551862142976.000000 0.699272037 0.303779393 0.134544149 -0.759435534 -0.241556913 -0.548469484 0.253158480
1403715552362142976.000000 1.381366849 0.258308738 0.221199006 -0.765053689 -0.107393712 -0.624254346 0.116043106
1403715552512142848.000000 1.519364953 0.202021390 0.238229707 -0.766553462 -0.057044160 -0.635367095 0.073826730
1403715552662142976.000000 1.616808891 0.135785878 0.252529889 0.764252603 -0.007044693 0.643572330 -0.041024659
1403715552812143104.000000 1.671202421 0.059464999 0.260570943 0.764320016 -0.077749126 0.640093148 -0.007125760
1403715552912143104.000000 1.684060931 0.000973433 0.261542112 0.764576137 -0.126444131 0.631826878 0.015171684
1403715554312143104.000000 0.358050793 -1.075473070 0.047763973 0.756429732 -0.423012465 0.434274971 0.245519534
1403715554512142848.000000 0.157998979 -1.239150047 0.017430905 0.777096033 -0.342219800 0.421533525 0.318303317
1403715554612143104.000000 0.090895154 -1.318898797 -0.010372534 0.777899265 -0.277590066 0.420248449 0.375776142
1403715554712142848.000000 0.053364009 -1.380687714 -0.051931232 0.773749292 -0.231724218 0.418393940 0.415406406
1403715557112143104.000000 0.995562315 -0.564806759 0.371385157 0.768756032 -0.350691617 0.484633118 0.226186633
1403715557612143104.000000 0.979513049 -0.964258492 0.314109653 0.764479816 -0.359454393 0.484692901 0.226795286
1403715558662142976.000000 1.429398298 -2.054390430 0.439765602 0.710220456 -0.353066385 0.541292071 0.279166639
1403715558862142976.000000 1.540944099 -2.208081007 0.428339779 0.713381350 -0.339649558 0.547388673 0.275845647
1403715559112143104.000000 1.655334353 -2.335363865 0.422823966 0.734689236 -0.291321546 0.552410603 0.264964521
1403715560012142848.000000 1.961657286 -2.200730562 0.280128062 0.812613189 -0.142085359 0.544578671 0.151346102
1403715560462142976.000000 2.215521812 -1.908300161 0.235301852 0.827230394 -0.067208730 0.554388106 0.061861284
1403715560962142976.000000 2.596143723 -1.514272332 0.248233348 -0.826919675 -0.055276755 -0.559538543 0.008063569
1403715561262142976.000000 2.839359522 -1.233896732 0.261429161 -0.820437908 -0.122187339 -0.553191662 0.077013306
1403715561512142848.000000 3.049459457 -0.997777879 0.268951446 -0.812292993 -0.148086324 -0.548753500 0.130843922
1403715561812143104.000000 3.309743166 -0.735936999 0.284377187 -0.781732857 -0.215828285 -0.566776812 0.145175472
1403715563862142976.000000 2.866723776 0.884224355 0.325849414 -0.538630545 -0.567538321 -0.459662974 0.420103937
1403715564162142976.000000 2.582283735 0.940799475 0.170831323 -0.484626591 -0.618691444 -0.362958014 0.500619173
1403715565512142848.000000 1.806072116 0.456365585 0.420562983 0.001850975 -0.792595446 -0.000160070 0.609745085
1403715565662142976.000000 1.760228992 0.366166681 0.448186040 0.056148637 -0.785388470 0.042884205 0.614957869
1403715565812143104.000000 1.741237760 0.276518703 0.483665526 0.121184371 -0.781381488 0.088746473 0.605707407
1403715565962142976.000000 1.751866579 0.191013440 0.528120637 0.194321841 -0.771836042 0.141899228 0.588534474
1403715566112143104.000000 1.786555290 0.111456349 0.578827977 0.267756760 -0.751640975 0.194528520 0.570526898
1403715566312143104.000000 1.858737588 0.022146970 0.635648787 0.357838362 -0.714005709 0.259334892 0.543040574
1403715566512142848.000000 1.956891179 -0.036354125 0.672093034 0.436981022 -0.667888403 0.316547453 0.512611330
1403715566762142976.000000 2.107686043 -0.073312595 0.658871472 0.519690394 -0.600964427 0.379994124 0.473675132
1403715566912143104.000000 2.214019060 -0.069655225 0.651231766 0.569966614 -0.554246545 0.421322644 0.436389923
1403715567062142976.000000 2.328516006 -0.043611214 0.641427577 0.621288538 -0.500353575 0.461933017 0.387639970
1403715567462142976.000000 2.632338524 0.117672116 0.604214907 0.755072892 -0.311341286 0.531963408 0.223487109
1403715567612143104.000000 2.738258362 0.191197902 0.554837584 0.789654791 -0.228349045 0.543752491 0.169219524
1403715567762142976.000000 2.841315746 0.274099022 0.495209128 0.804966807 -0.146659046 0.563108146 0.115882814
1403715567912143104.000000 2.940397978 0.365686893 0.434595555 0.810825229 -0.065142177 0.578281105 0.062529340
1403715568062142976.000000 3.031148672 0.464930952 0.377944529 -0.808726728 -0.016009938 -0.587797940 -0.014085615
1403715568262142976.000000 3.128606558 0.613721848 0.312662065 -0.793914855 -0.112487458 -0.594963789 0.055351831
1403715568412143104.000000 3.177700281 0.733886838 0.267524302 -0.780770957 -0.178048745 -0.589014232 0.108432606
1403715568612143104.000000 3.210015774 0.894270003 0.224488124 -0.755442023 -0.265753329 -0.573771894 0.171663582
1403715569062142976.000000 3.147579670 1.241335034 0.179089889 -0.685550749 -0.440341741 -0.501854122 0.290278912
1403715569462142976.000000 2.999418736 1.525661588 0.125090674 -0.609007597 -0.518447816 -0.463801175 0.381064504
1403715569612143104.000000 2.923110723 1.607265592 0.119513348 -0.578959346 -0.545789540 -0.455831945 0.398920029
1403715571812143104.000000 1.797208071 0.798635066 -0.117689297 -0.119287409 -0.833292544 0.030869197 0.538926005
1403715571962142976.000000 1.773939371 0.729553223 -0.177898511 -0.141950756 -0.851656854 0.056119256 0.501379371
1403715572162142976.000000 1.694101930 0.734948754 -0.243284225 -0.119380884 -0.874131799 0.025053527 0.470121294
1403715572462142976.000000 1.413736701 0.842196167 -0.302994132 0.007276146 -0.828601778 -0.052953191 0.557280958
1403715572612143104.000000 1.252822876 0.870182753 -0.338717788 0.046561945 -0.810669243 -0.034130130 0.582651317
1403715572762142976.000000 1.102108955 0.868606389 -0.375047177 0.087010421 -0.805246234 -0.006779194 0.586482584
1403715572912143104.000000 0.967022419 0.837882102 -0.391876191 0.118861996 -0.805508316 0.034546953 0.579512537
1403715573062142976.000000 0.843799472 0.784610569 -0.377145112 0.152053222 -0.796982706 0.075942084 0.579595685
1403715573212142848.000000 0.734938383 0.719052911 -0.340285331 0.186428532 -0.788790405 0.116213940 0.574063182
1403715573362142976.000000 0.640268207 0.650016308 -0.302497208 0.222394988 -0.782830954 0.155110419 0.560050905
1403715573662142976.000000 0.463364363 0.526335359 -0.241397098 0.292090535 -0.768069327 0.225973502 0.523152590
1403715573812143104.000000 0.370059252 0.472523808 -0.213258594 0.344686240 -0.756324589 0.231759667 0.505422533
1403715574012142848.000000 0.242381781 0.389452428 -0.175266221 0.411376208 -0.737102211 0.255106568 0.471561849
1403715574162142976.000000 0.141585246 0.309427977 -0.144500032 0.459102839 -0.713247657 0.286986142 0.445130765
1403715574312143104.000000 0.035169922 0.210522234 -0.108321637 0.505576909 -0.667710662 0.318760306 0.443786472
1403715574462142976.000000 -0.068032600 0.100592211 -0.076637208 0.547968507 -0.619934320 0.330154270 0.454323739
1403715574612143104.000000 -0.153157264 -0.015768344 -0.055159971 0.575280607 -0.594011605 0.333096534 0.453044355
1403715574762142976.000000 -0.209202245 -0.137982488 -0.040564012 0.594974995 -0.580648601 0.339720964 0.439820021
1403715574962142976.000000 -0.240404278 -0.314262807 -0.019392869 0.591398835 -0.582913399 0.372112155 0.414718986
1403715575112143104.000000 -0.246297091 -0.452128530 0.005670602 0.582513630 -0.577249646 0.388437897 0.420210242
1403715575212142848.000000 -0.243820161 -0.542382121 0.027777813 0.571143806 -0.566442728 0.401280463 0.438076854
1403715575312143104.000000 -0.236162260 -0.625543177 0.049070418 0.564433873 -0.559163213 0.403153569 0.454112411
1403715575512142848.000000 -0.201997250 -0.767253399 0.080099411 0.567125201 -0.578855693 0.379620671 0.446299493
1403715575612143104.000000 -0.174042106 -0.830471635 0.102075204 0.569067538 -0.572466493 0.365358979 0.463634551
1403715575712142848.000000 -0.134559885 -0.889698982 0.125606000 0.569973290 -0.564889371 0.353066146 0.481014252
1403715575812143104.000000 -0.078615390 -0.944702268 0.148729369 0.569898427 -0.565070570 0.344322175 0.487189323
1403715575912143104.000000 -0.005581424 -0.995841384 0.168080986 0.566542566 -0.571500599 0.344014585 0.483808488
1403715576012142848.000000 0.083209656 -1.041818738 0.186317429 0.557506382 -0.585784733 0.355100185 0.468984842
1403715576112143104.000000 0.183199123 -1.084033608 0.205511287 0.550304413 -0.595227242 0.364592195 0.458194405
1403715576212142848.000000 0.289278120 -1.123903990 0.223749429 0.543601274 -0.601290286 0.374207348 0.450462639
1403715576312143104.000000 0.398319960 -1.163250089 0.239969805 0.540339947 -0.601000905 0.380126476 0.449816167
1403715576412143104.000000 0.509857535 -1.198482275 0.259443551 0.535267889 -0.592614055 0.389580160 0.458829254
1403715576512142848.000000 0.624262691 -1.226870298 0.282502443 0.528610647 -0.582695842 0.399888158 0.470240176
1403715576762142976.000000 0.923541784 -1.245122075 0.341257691 0.516649187 -0.579755068 0.397239447 0.489038497
1403715577012142848.000000 1.250268817 -1.183964849 0.395987004 0.513839960 -0.617534518 0.365666956 0.470007777
1403715577162142976.000000 1.455920458 -1.129124284 0.424334526 0.493480593 -0.641001880 0.366904616 0.459319651
1403715577412143104.000000 1.786473632 -1.027470946 0.406141102 0.474866241 -0.655683935 0.358320862 0.464958996
1403715577562142976.000000 1.977169514 -0.957394898 0.363077313 0.473944485 -0.656568885 0.351058513 0.470161617
1403715578412143104.000000 2.813185692 -0.430151194 0.132026628 0.354433715 -0.757443130 0.307638526 0.453889042
1403715578512142848.000000 2.846150398 -0.353860676 0.083611086 0.340161830 -0.769666195 0.273503065 0.465939909
1403715578612143104.000000 2.868396282 -0.279042155 0.031655427 0.336416155 -0.787541211 0.229802653 0.462378472
1403715578712142848.000000 2.880012274 -0.212179914 -0.019701939 0.335403115 -0.806351483 0.192988411 0.447277933
1403715578862142976.000000 2.870073795 -0.143676639 -0.090770803 0.327316880 -0.821725428 0.166782334 0.435677260
1403715579012142848.000000 2.822274923 -0.124420196 -0.147006705 0.328069270 -0.807286501 0.153593555 0.465905696
1403715579212142848.000000 2.731369495 -0.176223695 -0.182612762 0.352046698 -0.758987188 0.121416882 0.534096956
1403715579312143104.000000 2.696999788 -0.233603895 -0.185446233 0.354401112 -0.742981732 0.117931485 0.555400848
1403715579462142976.000000 2.672863722 -0.351885706 -0.193163455 0.349937171 -0.743229508 0.121872500 0.557046592
1403715579562142976.000000 2.674166679 -0.449970841 -0.202480912 0.340407968 -0.755428374 0.134860694 0.543381155
1403715579712142848.000000 2.692216873 -0.623644829 -0.209390402 0.332167298 -0.757443666 0.153023809 0.540858388
1403715579812143104.000000 2.713716984 -0.752388060 -0.205329955 0.330267012 -0.753347576 0.162129074 0.545073628
1403715579962142976.000000 2.760518312 -0.959520459 -0.179406196 0.324416578 -0.750409901 0.165512100 0.551583827
1403715580062142976.000000 2.799254417 -1.103637695 -0.163610891 0.306261569 -0.755697548 0.168884397 0.553717613
1403715580162142976.000000 2.843097925 -1.248419642 -0.160178557 0.282377094 -0.762975872 0.166479081 0.557149768
1403715580712142848.000000 3.137596130 -2.006064415 -0.214388490 0.117400303 -0.812238872 0.152005240 0.550799131
1403715580862142976.000000 3.207584620 -2.171649218 -0.223764986 0.085129380 -0.823342562 0.166466922 0.535862744
1403715581012142848.000000 3.254650116 -2.297075987 -0.230893463 0.061783463 -0.834179461 0.182800934 0.516634583
1403715581112143104.000000 3.266504765 -2.352628946 -0.232987553 0.064733341 -0.842333019 0.174087733 0.505942941
1403715581312143104.000000 3.237119913 -2.408139944 -0.220001802 0.081829958 -0.838445485 0.148046345 0.518068969
1403715581562142976.000000 3.129650116 -2.412860632 -0.202513292 0.142689943 -0.818175018 0.137069166 0.539853036
1403715581812143104.000000 2.990349531 -2.401801348 -0.231675446 0.247574672 -0.787250936 0.129773840 0.549637556
1403715582612143104.000000 2.734511137 -2.533776999 -0.228267178 0.365947247 -0.746407926 0.219339520 0.510732889
1403715582812143104.000000 2.707429409 -2.591826916 -0.206908971 0.361565977 -0.759997427 0.208444089 0.498221874
1403715582912143104.000000 2.693246841 -2.629436970 -0.210188955 0.358966023 -0.769426346 0.200154960 0.488942325
1403715583012142848.000000 2.676423550 -2.675752640 -0.229996279 0.356107593 -0.778159082 0.192434877 0.480233997
1403715583412143104.000000 2.569022417 -2.959249496 -0.323821872 0.309186876 -0.739507079 0.237531111 0.548736513
1403715583712142848.000000 2.518913269 -3.135380507 -0.393038183 0.280918896 -0.673061788 0.280514777 0.624006331
1403715583812143104.000000 2.529811144 -3.155270338 -0.415644675 -0.275109023 0.647556186 -0.289827585 -0.648834467
1403715583912143104.000000 2.567841530 -3.145011425 -0.427442849 -0.271045178 0.637202024 -0.297895998 -0.657089174
1403715584012142848.000000 2.634874344 -3.099030018 -0.422922552 -0.268270314 0.644637644 -0.306669682 -0.646859467
1403715584112143104.000000 2.726027250 -3.017210007 -0.402072638 0.268993825 -0.666829407 0.310713559 0.621641457
1403715584262142976.000000 2.889302015 -2.836154222 -0.342940986 0.281213552 -0.717723250 0.300242156 0.561824620
1403715584362142976.000000 3.002718449 -2.690570831 -0.304906994 0.293129623 -0.747612119 0.287260413 0.522142351
1403715584662142976.000000 3.289997101 -2.227248907 -0.256480396 0.321235359 -0.777981102 0.249765486 0.478717655
1403715585012142848.000000 3.502180815 -1.739940643 -0.200131491 0.359359205 -0.783429444 0.186434105 0.471531212
1403715585162142976.000000 3.565741301 -1.583414912 -0.179496706 0.361648798 -0.798169017 0.173709691 0.449401081
1403715585662142976.000000 3.620306730 -1.387974381 -0.082579777 0.360578120 -0.761516035 0.194910735 0.502082348
1403715586162142976.000000 3.596700668 -1.462815404 -0.155877039 0.311936587 -0.765028298 0.261981100 0.498791814
1403715586662142976.000000 3.513438225 -1.506299376 -0.147646010 0.335925400 -0.713700473 0.228177696 0.570719481
1403715587662142976.000000 3.716337681 -1.436689377 -0.066613831 0.293635458 -0.756814420 0.265075654 0.520331681
1403715587862142976.000000 3.739446878 -1.372305393 -0.039194286 0.249979183 -0.779744744 0.242633089 0.520228446
1403715588012142848.000000 3.735813141 -1.301429033 -0.016251160 0.210903764 -0.785317242 0.201437756 0.546094656
1403715588162142976.000000 3.726624489 -1.213683844 -0.000642888 0.168160319 -0.783273339 0.157400146 0.577434182
1403715588312143104.000000 3.727109671 -1.114662409 -0.027362969 0.119151101 -0.783397496 0.119937144 0.598085821
1403715588462142976.000000 3.747077465 -1.002860308 -0.083411664 0.072208025 -0.786528945 0.085490614 0.607329905
1403715588612143104.000000 3.786824942 -0.880411923 -0.137902886 0.028728506 -0.792848825 0.053715687 0.606366217
1403715588762142976.000000 3.843224525 -0.749275684 -0.191371217 -0.010821782 -0.808320284 0.022311406 0.588220537
1403715588912143104.000000 3.905551672 -0.612625897 -0.247636467 -0.044581462 -0.831793547 -0.016828634 0.553036094
1403715589062142976.000000 3.955893278 -0.475777447 -0.302542835 -0.079526342 -0.850940764 -0.051139589 0.516681731
1403715589212142848.000000 3.973045349 -0.340962052 -0.333967537 -0.112217709 -0.854473650 -0.075709328 0.501547813
1403715589562142976.000000 3.854917288 -0.027446643 -0.307891846 -0.181755066 -0.857792616 -0.115129314 0.466800034
1403715589712142848.000000 3.720378399 0.121953353 -0.270167828 -0.195196822 -0.853828490 -0.126164645 0.465786964
1403715589962142976.000000 3.394384146 0.387721479 -0.126771435 -0.186486959 -0.804963291 -0.146498784 0.543870330
1403715590312143104.000000 2.909565449 0.710820436 0.053196695 -0.163511142 -0.802547634 -0.147904009 0.554351628
1403715590562142976.000000 2.560776472 0.875735879 0.176120609 -0.091361083 -0.818125844 -0.142986640 0.549434364
1403715590862142976.000000 2.099877357 0.969747424 0.293186396 -0.017554246 -0.830041647 -0.050801672 0.555105448
1403715591012142848.000000 1.859178901 0.982785463 0.349579215 0.032355171 -0.825342953 -0.007316322 0.563656509
1403715591212142848.000000 1.543024063 0.980846524 0.414252937 0.117317691 -0.821979880 0.038703345 0.555956483
1403715591412143104.000000 1.232058764 0.943933070 0.462933272 0.210732475 -0.805453360 0.075208135 0.548799157
1403715591612143104.000000 0.944793046 0.852023721 0.504281461 0.284860432 -0.787766159 0.125228330 0.531598508
1403715591762142976.000000 0.733860314 0.758541644 0.502874076 0.332545012 -0.766951263 0.162025377 0.524354279
1403715592012142848.000000 0.415172577 0.558457017 0.439938903 0.411059976 -0.725963831 0.199859530 0.513869941
1403715592212142848.000000 0.202906549 0.358114690 0.355848432 0.474487185 -0.678601384 0.231637299 0.510594130
1403715592412143104.000000 0.064250082 0.116096824 0.318091273 0.533618093 -0.624023318 0.271856040 0.501937091
1403715592662142976.000000 0.015433840 -0.214438215 0.307554245 0.604344904 -0.553479373 0.312713712 0.480247885
1403715592862142976.000000 0.086497240 -0.481161803 0.296262383 0.646608531 -0.511539459 0.362352937 0.434655190
1403715593062142976.000000 0.233337551 -0.737541437 0.286255985 0.666787684 -0.490326345 0.435914785 0.353486359
1403715593262142976.000000 0.402499169 -0.986102462 0.275907218 0.697986722 -0.434052944 0.482704282 0.302339435
1403715593462142976.000000 0.576075971 -1.226946235 0.262755156 0.739787161 -0.356735021 0.493877918 0.285551816
1403715593962142976.000000 1.089433312 -1.667609811 0.250269890 0.784757972 -0.178153589 0.558204889 0.202048630
1403715594462142976.000000 1.634078383 -1.773298979 0.247699618 0.822787106 -0.016907305 0.563010335 0.075860322
1403715594962142976.000000 2.189577579 -1.575435400 0.247389466 -0.837925971 -0.153795928 -0.519201517 0.068240821
1403715595462142976.000000 2.879154682 -1.161898017 0.228660971 -0.774607599 -0.307233214 -0.508164108 0.217623964
1403715595962142976.000000 3.522409439 -0.715950131 0.225007325 -0.588373363 -0.481070071 -0.580575526 0.292096764
1403715596462142976.000000 3.533985376 -0.602217853 0.335709542 -0.605610728 -0.546153903 -0.473438144 0.332878292
1403715596662142976.000000 3.406625271 -0.623644590 0.390508354 -0.634117603 -0.585396230 -0.390177608 0.320885509
1403715596962142976.000000 3.189958811 -0.521120965 0.477220058 -0.629707336 -0.633136272 -0.316931307 0.319627464
1403715597212142848.000000 3.014240742 -0.257942885 0.546106279 -0.610474706 -0.636789978 -0.316402584 0.348867685
1403715597662142976.000000 2.739817142 0.459092021 0.664239109 -0.510708392 -0.628236115 -0.347819507 0.472776890
1403715597862142976.000000 2.646590948 0.768092275 0.693452418 -0.477366865 -0.656267405 -0.327975869 0.483596742
1403715598062142976.000000 2.571440697 1.059168935 0.718056262 -0.452722847 -0.659311831 -0.330402374 0.501182854
1403715598262142976.000000 2.512019157 1.321389198 0.719718277 -0.436695367 -0.652895749 -0.344033122 0.514456630
1403715598462142976.000000 2.468083620 1.535777807 0.689530194 -0.422220767 -0.620293081 -0.363040507 0.552419960
1403715598612143104.000000 2.458728552 1.640463710 0.664380074 -0.419461280 -0.603180707 -0.368722409 0.569446325
1403715598862142976.000000 2.494650602 1.698876023 0.609295845 -0.444859982 -0.641646862 -0.349523276 0.517902017
1403715599062142976.000000 2.541734457 1.686471939 0.544527054 -0.453516811 -0.659643352 -0.341790438 0.492313445
1403715599262142976.000000 2.589349508 1.651570320 0.465858221 -0.460840225 -0.662586570 -0.332105428 0.488171369
1403715599412143104.000000 2.626338005 1.614928484 0.396559447 -0.475206286 -0.659031987 -0.312220782 0.492314935
1403715600262142976.000000 3.096852303 1.388908029 0.041742217 -0.419598430 -0.699819863 -0.354754031 0.456441671
1403715600462142976.000000 3.172021151 1.303863168 -0.045746624 -0.371735215 -0.735612929 -0.328431875 0.461323112
1403715600662142976.000000 3.187757969 1.199693084 -0.135519519 -0.343775719 -0.768524587 -0.246494442 0.480029941
1403715601162142976.000000 3.058392763 0.978023767 -0.130004227 -0.209167391 -0.804870248 -0.162265837 0.531133533
1403715601662142976.000000 2.788126707 0.748022795 0.069366597 -0.186373085 -0.804419994 -0.154479489 0.542503178
1403715602062142976.000000 2.517094135 0.513247013 0.198910505 -0.204397872 -0.765521407 -0.174444884 0.584608793
1403715602562142976.000000 2.312000036 0.122531779 0.279431939 -0.315771937 -0.750220180 -0.225049227 0.535547018
1403715602912143104.000000 2.223665714 -0.178765908 0.247337312 -0.384638160 -0.725280643 -0.284893900 0.494830310
1403715603312143104.000000 2.078837633 -0.522913575 0.076445393 -0.462187946 -0.686353207 -0.329774082 0.454478532
1403715603712142848.000000 1.874493122 -0.829342842 -0.056315809 -0.514922261 -0.649096370 -0.318136156 0.460780293
1403715603912143104.000000 1.787040114 -0.947283447 -0.093432620 -0.532385588 -0.638769925 -0.299520999 0.467788279
1403715604112143104.000000 1.735433698 -1.026297092 -0.099384025 -0.532136738 -0.657854199 -0.298670739 0.441422999
1403715604412143104.000000 1.682396650 -1.066874623 -0.118140794 -0.512521207 -0.662735760 -0.328751296 0.435919732
1403715604912143104.000000 1.564910293 -1.042908072 -0.159455568 -0.499286413 -0.651539028 -0.349218011 0.451947808
1403715605412143104.000000 1.416320205 -0.980298936 -0.175451145 -0.498671800 -0.648523211 -0.339636773 0.464102328
1403715605612143104.000000 1.358658791 -0.951819360 -0.197043985 -0.503275216 -0.649751782 -0.327340841 0.466245383
1403715605812143104.000000 1.311497331 -0.914261222 -0.240395412 -0.493815899 -0.654250324 -0.338390052 0.462163061
1403715606012142848.000000 1.266914606 -0.873655379 -0.280926764 -0.486579567 -0.654836297 -0.346016079 0.463360280
1403715606212142848.000000 1.221070528 -0.831475616 -0.344659299 -0.483517319 -0.656099737 -0.345538855 0.465131283
1403715606412143104.000000 1.171082139 -0.797330141 -0.385142565 -0.487879246 -0.653505027 -0.333304763 0.473088861
1403715606562142976.000000 1.137858391 -0.772765934 -0.387941897 -0.487230718 -0.651729524 -0.329499334 0.478837132
1403715606712142848.000000 1.110182643 -0.753274918 -0.390498370 -0.488139659 -0.649214506 -0.321659952 0.486595511
1403715606862142976.000000 1.091213465 -0.736707091 -0.399773479 -0.485031933 -0.645225704 -0.320888698 0.495437533
1403715607012142848.000000 1.088340521 -0.706185579 -0.464680612 -0.467126191 -0.645751059 -0.340942174 0.498555183
1403715607162142976.000000 1.096993089 -0.671582520 -0.584446609 -0.462087959 -0.654979587 -0.346680790 0.487123251
1403715607262142976.000000 1.101071835 -0.655859828 -0.658527315 -0.461695582 -0.658210099 -0.346586674 0.483191997
1403715607362142976.000000 1.103256583 -0.645280361 -0.730621457 -0.461504787 -0.658370614 -0.346441120 0.483259887
1403715607462142976.000000 1.105560541 -0.639166117 -0.801042497 -0.460475534 -0.657665074 -0.348320901 0.483850658
1403715607562142976.000000 1.106723309 -0.638345718 -0.871707201 -0.461165011 -0.658240974 -0.348685771 0.482145220
1403715607662142976.000000 1.105912805 -0.642778635 -0.940427303 -0.462818295 -0.658351064 -0.348647416 0.480435282
1403715607762142976.000000 1.102359772 -0.652124166 -1.008685350 -0.463426322 -0.657901108 -0.349543929 0.479813874
1403715607862142976.000000 1.096761107 -0.666593671 -1.083749652 -0.467536449 -0.656158090 -0.345905572 0.480848938
1403715607962142976.000000 1.093278408 -0.679980874 -1.150137186 -0.459197372 -0.659775436 -0.352265686 0.479315132
1403715608062142976.000000 1.098634005 -0.688388705 -1.204563618 -0.458881885 -0.662386060 -0.350975156 0.476957738
1403715608162142976.000000 1.102319598 -0.699837565 -1.259711266 -0.461093932 -0.663332760 -0.348302931 0.475465238
1403715608212142848.000000 1.104657650 -0.708242178 -1.285226464 -0.459825397 -0.663090527 -0.349557430 0.476110488
1403715608612143104.000000 1.120349050 -0.799181283 -1.464103460 -0.460563004 -0.662485003 -0.348601073 0.476940960
1403715608762142976.000000 1.125705242 -0.848470688 -1.518483162 -0.460305721 -0.662112176 -0.348919779 0.477473617
1403715608862142976.000000 1.129342437 -0.885136306 -1.550976515 -0.460537463 -0.662298858 -0.348588437 0.477233291
1403715609112143104.000000 1.138811231 -0.993646324 -1.618422866 -0.460590005 -0.661922336 -0.348600924 0.477695733
1403715609212142848.000000 1.142758846 -1.043404818 -1.640160918 -0.460610032 -0.661792397 -0.348592997 0.477862120
1403715609312143104.000000 1.147001624 -1.096393466 -1.659408331 -0.460718691 -0.661721945 -0.348569572 0.477872044
