1403715529.012143 0.9197351 -0.7342305 -0.3127112 -0.8093038 -0.1306919 0.0709968 0.5682487
1403715529.962143 0.7071525 -0.6933594 -0.1465091 -0.7913678 -0.2207578 0.1333017 0.5542867
1403715531.712143 -0.2078101 -0.7250555 0.5074704 -0.7771927 -0.2693764 0.2141932 0.5268103
1403715532.012143 -0.3385625 -0.6523412 0.5068789 -0.7590016 -0.2760756 0.1981085 0.5553845
1403715532.212143 -0.4085205 -0.6160266 0.5045131 -0.7549629 -0.2770938 0.1939989 0.5617958
1403715532.412143 -0.4661921 -0.6004445 0.4973660 -0.7578696 -0.2775033 0.2075539 0.5527630
1403715532.662143 -0.5130438 -0.5916621 0.4875538 -0.7621115 -0.2654395 0.2363186 0.5411852
1403715533.312143 -0.3125013 -0.4851255 0.3568140 -0.7743624 -0.1807535 0.1978322 0.5731959
1403715533.362143 -0.2729008 -0.4734585 0.3504665 -0.7761471 -0.1749923 0.1880890 0.5758438
1403715533.462143 -0.1854878 -0.4512253 0.3492024 -0.7823366 -0.1657999 0.1723921 0.5751008
1403715534.212143 0.7938823 -0.2404693 0.5962629 -0.8062187 -0.1604983 0.1253399 0.5554652
1403715534.362143 1.0213815 -0.1783221 0.5873377 -0.8040200 -0.1707520 0.1139241 0.5580474
1403715534.462143 1.1691163 -0.1339418 0.5660106 -0.8047372 -0.1692908 0.1084311 0.5585530
1403715535.062143 1.9824872 0.1665540 0.3696643 -0.8372812 -0.0658808 0.0201292 0.5424156
1403715535.262143 2.2059891 0.2932384 0.3032568 -0.8503876 -0.0373105 0.0009209 0.5248316
1403715536.062143 2.9722199 1.0995982 0.1314752 -0.8318494 -0.0803095 0.0274296 0.5484748
1403715536.362143 3.2020128 1.4633282 0.0722078 -0.8348846 -0.1246348 0.0310922 0.5352262
1403715536.612143 3.3199849 1.7999089 0.0508934 -0.8149185 -0.1542276 0.0161682 0.5584446
1403715536.712143 3.3397830 1.9347267 0.0484329 -0.8050362 -0.1575444 0.0160276 0.5716989
1403715536.812143 3.3434777 2.0632291 0.0501986 -0.7909890 -0.1590975 0.0216656 0.5903854
1403715536.912143 3.3336957 2.1812594 0.0527656 -0.7767194 -0.1656642 0.0211476 0.6073016
1403715537.012143 3.3123817 2.2833889 0.0567738 -0.7617266 -0.1739824 0.0129344 0.6239675
1403715537.112143 3.2759569 2.3660638 0.0661606 -0.7434963 -0.1771030 0.0094140 0.6447939
1403715537.212143 3.2245021 2.4230978 0.0808629 -0.7238531 -0.1757641 0.0104318 0.6671094
1403715537.312143 3.1592231 2.4485166 0.1004294 -0.7134120 -0.1645536 0.0261770 0.6806470
1403715537.412143 3.0854909 2.4401007 0.1209278 -0.7262350 -0.1462574 0.0532046 0.6695974
1403715537.612143 2.9381208 2.3480532 0.1587441 -0.7835144 -0.1193841 0.0873021 0.6035156
1403715537.812143 2.8040028 2.2227457 0.2119155 -0.7883181 -0.1037645 0.0978651 0.5985064
1403715537.912143 2.7466278 2.1529856 0.2380034 -0.7808128 -0.1004173 0.0984137 0.6087384
1403715538.012143 2.6965034 2.0741224 0.2580700 -0.7850363 -0.1001281 0.0980307 0.6033924
1403715540.512143 2.7413399 -0.5221522 0.1086279 -0.8084729 0.2708747 -0.1607044 0.4971647
1403715540.962143 3.1318653 -0.6855824 0.2167692 -0.8025528 0.2911761 -0.1549126 0.4971193
1403715541.412143 3.7022946 -0.6833162 0.2890489 -0.7767950 0.2914785 -0.1640536 0.5335880
1403715541.712143 4.1378999 -0.6557807 0.2945915 -0.7998172 0.2798065 -0.1853145 0.4976539
1403715541.812143 4.2903652 -0.6314592 0.2986497 -0.8005511 0.2626289 -0.2078955 0.4969140
1403715541.912143 4.4402666 -0.5957764 0.3043442 -0.7975972 0.2438083 -0.2300144 0.5014876
1403715542.562143 5.0425229 -0.1423636 0.3903500 -0.7660835 0.1431187 -0.1515295 0.6080065
1403715542.862143 5.1409345 0.0246114 0.4063150 -0.7874803 0.1218727 -0.1140384 0.5933104
1403715543.362143 5.2340150 0.1698709 0.3449045 -0.7829083 0.1361289 -0.0871246 0.6007769
1403715543.812143 5.3050656 0.1355419 0.2679901 -0.7649859 0.1213364 -0.1418905 0.6163937
1403715544.062143 5.2869492 0.0340468 0.2012138 -0.7636802 0.1513224 -0.2040715 0.5935057
1403715544.312143 5.1869965 -0.0968903 0.0873206 -0.7522215 0.2607671 -0.2330843 0.5584220
1403715544.462143 5.1041241 -0.1786381 -0.0173008 -0.7317236 0.3322057 -0.2539300 0.5382746
1403715544.612143 5.0098572 -0.2633801 -0.1220801 -0.7096693 0.3827544 -0.2780297 0.5220807
1403715545.112143 4.6069617 -0.5610998 -0.1442339 -0.6913168 0.4139055 -0.3121378 0.5033222
1403715545.362143 4.3681555 -0.7177322 -0.1344507 -0.6818410 0.4450039 -0.3237256 0.4819401
1403715545.562143 4.1711664 -0.8373542 -0.1426589 -0.6605209 0.4788805 -0.3096731 0.4883526
1403715545.912143 3.8556900 -1.0966834 -0.1262836 -0.6650759 0.4737226 -0.3012111 0.4924763
1403715546.062143 3.7249484 -1.2304449 -0.1138089 -0.6893244 0.4357876 -0.2992611 0.4953421
1403715546.412143 3.4196444 -1.5373853 -0.0799309 -0.7519870 0.3173272 -0.2268253 0.5313844
1403715546.762143 3.1205533 -1.8390596 -0.0362359 -0.8126441 0.1756040 -0.1309377 0.5400261
1403715546.862143 3.0394225 -1.9194756 -0.0260727 -0.8311375 0.1377639 -0.0983781 0.5296729
1403715547.112143 2.8568318 -2.0805447 0.0063951 -0.8489727 0.0292477 -0.0442127 0.5257711
1403715547.362143 2.6772161 -2.1726332 0.0356178 -0.8469977 -0.0727986 0.0050772 0.5265640
1403715547.562143 2.5150952 -2.1948271 0.0507605 -0.8478050 -0.1359394 0.0462659 0.5104966
1403715547.662143 2.4238000 -2.1878858 0.0553663 -0.8440665 -0.1706168 0.0661801 0.5040455
1403715547.762143 2.3244889 -2.1694007 0.0616410 -0.8377556 -0.2055176 0.0846595 0.4987594
1403715547.862143 2.2154803 -2.1385510 0.0682511 -0.8297604 -0.2371125 0.1052751 0.4941585
1403715547.962143 2.0961170 -2.0966063 0.0751259 -0.8165209 -0.2635667 0.1273267 0.4976083
1403715548.462143 1.4017546 -1.8075569 0.0857849 -0.7658907 -0.2957730 0.1668149 0.5459877
1403715548.612143 1.1834584 -1.7240136 0.0530655 -0.7703041 -0.2870373 0.1699915 0.5434557
1403715548.862143 0.8140004 -1.5951717 0.0064013 -0.7759640 -0.2716195 0.1709506 0.5430272
1403715549.312143 0.1565340 -1.3829677 -0.0640831 -0.7463015 -0.2824389 0.2004773 0.5683935
1403715549.462143 -0.0409980 -1.3359318 -0.0821489 -0.7452617 -0.2775229 0.2247994 0.5630555
1403715549.662143 -0.2701218 -1.2800967 -0.1083521 -0.7639185 -0.2707179 0.2409766 0.5339201
1403715549.862143 -0.4557919 -1.2021387 -0.1289909 -0.7771350 -0.2348178 0.2388719 0.5327871
1403715550.012143 -0.5598180 -1.1220399 -0.1376403 -0.7912709 -0.1875583 0.2322034 0.5336608
1403715550.262143 -0.6414674 -0.9454977 -0.1340216 -0.8161805 -0.1201441 0.1654968 0.5403939
1403715550.462143 -0.6308351 -0.7689900 -0.0739843 -0.8232650 -0.0722084 0.1023313 0.5536687
1403715550.612143 -0.5961287 -0.6249880 -0.0260208 -0.8244876 -0.0289942 0.0602904 0.5619116
1403715550.762143 -0.5482433 -0.4785994 -0.0042230 -0.8241357 0.0276086 0.0357817 0.5645863
1403715550.912143 -0.4822215 -0.3352032 -0.0070927 -0.8208292 0.0890491 0.0200868 0.5638319
1403715551.062143 -0.3858813 -0.1929131 -0.0231459 -0.8144230 0.1395524 -0.0100877 0.5631505
1403715551.162143 -0.3000551 -0.1005508 -0.0228755 -0.8081504 0.1673808 -0.0381080 0.5634044
1403715551.312143 -0.1445813 0.0313342 0.0021307 -0.7944073 0.2183550 -0.0660174 0.5629209
1403715551.512143 0.1114375 0.1850433 0.0445839 -0.7702572 0.2876872 -0.1042137 0.5595350
1403715551.662143 0.3364094 0.2761521 0.0740184 -0.7483853 0.3233479 -0.1558322 0.5577472
1403715551.862143 0.6584594 0.3570602 0.1189510 -0.7066528 0.3677598 -0.2228562 0.5618982
1403715552.362143 1.3662200 0.3223886 0.2009013 -0.6146528 0.4664115 -0.3720840 0.5159611
1403715552.512143 1.5130875 0.2675316 0.2178174 -0.5799462 0.5029705 -0.4092527 0.4931485
1403715552.662143 1.6200347 0.2021407 0.2342463 0.5329937 -0.5467252 0.4375982 -0.4748865
1403715552.812143 1.6842639 0.1252532 0.2447922 0.4831999 -0.5967526 0.4583644 -0.4475558
1403715552.912143 1.7035769 0.0655266 0.2474117 0.4491254 -0.6313201 0.4677509 -0.4253592
1403715554.312143 0.4119081 -1.0397545 0.0238634 0.2355040 -0.8329083 0.4863105 -0.1195985
1403715554.512143 0.2051644 -1.2047093 -0.0191330 0.3064938 -0.7889999 0.5291506 -0.0595022
1403715554.612143 0.1329612 -1.2879688 -0.0553329 0.3519906 -0.7429144 0.5690735 -0.0183347
1403715554.712143 0.0917624 -1.3532495 -0.1021345 0.3809351 -0.7069014 0.5958731 0.0106818
1403715557.112143 1.0442169 -0.5224788 0.3471212 0.2946556 -0.7906352 0.5093005 -0.1693726
1403715557.612143 1.0290689 -0.9226334 0.2904617 0.2854550 -0.7938702 0.5096578 -0.1689220
1403715558.662143 1.4834265 -2.0192468 0.4154028 0.2502909 -0.7511296 0.5862048 -0.1718217
1403715558.862143 1.5939631 -2.1717267 0.4035404 0.2619193 -0.7438729 0.5883535 -0.1785820
1403715559.112143 1.7036426 -2.2947953 0.3951082 0.3110424 -0.7245545 0.5848908 -0.1902000
1403715560.012143 1.9875841 -2.1441293 0.2506025 0.4722326 -0.6740693 0.5015485 -0.2666008
1403715560.462143 2.2279241 -1.8455157 0.2097684 0.5357760 -0.6320074 0.4464701 -0.3378983
1403715560.962143 2.5907598 -1.4510443 0.2213839 -0.6219940 0.5453166 -0.4020096 0.3926086
1403715561.262143 2.8218527 -1.1718470 0.2371187 -0.6649298 0.4937825 -0.3495506 0.4380201
1403715561.512143 3.0253198 -0.9365708 0.2484910 -0.6777644 0.4701499 -0.3087277 0.4735840
1403715561.812143 3.2796330 -0.6791258 0.2596077 -0.7034557 0.4007410 -0.3117097 0.4973870
1403715563.862143 2.8038270 0.8890930 0.2981375 -0.7803506 -0.0183193 -0.0426389 0.6236179
1403715564.162143 2.5179973 0.9275977 0.1498403 -0.7794162 -0.0925532 0.0829188 0.6140593
1403715565.512143 1.8023155 0.3917371 0.3969684 -0.5595854 -0.5594627 0.4216871 0.4427706
1403715565.662143 1.7650514 0.3015642 0.4247142 -0.5163437 -0.5927097 0.4566313 0.4166201
1403715565.812143 1.7564900 0.2137310 0.4597337 -0.4676169 -0.6359451 0.4835212 0.3783061
1403715565.962143 1.7787130 0.1323095 0.5040214 -0.4092482 -0.6810603 0.5101723 0.3292372
1403715566.112143 1.8240020 0.0589888 0.5544854 -0.3431822 -0.7188031 0.5359501 0.2798316
1403715566.312143 1.9075522 -0.0197500 0.6109622 -0.2530749 -0.7559986 0.5640590 0.2150741
1403715566.512143 2.0136328 -0.0663040 0.6469722 -0.1647047 -0.7794482 0.5846441 0.1533760
1403715566.762143 2.1698980 -0.0879598 0.6331265 -0.0591927 -0.7907175 0.6038979 0.0810526
1403715566.912143 2.2779694 -0.0730956 0.6258117 0.0092570 -0.7934317 0.6080592 0.0253889
1403715567.062143 2.3921461 -0.0343121 0.6166809 0.0835826 -0.7918838 0.6037298 -0.0380045
1403715567.462143 2.6794453 0.1618178 0.5801364 0.3120471 -0.7533969 0.5412792 -0.2050283
1403715567.612143 2.7745655 0.2441894 0.5299106 0.3952144 -0.7192099 0.5125969 -0.2525611
1403715567.762143 2.8666029 0.3330912 0.4701462 0.4636552 -0.6724765 0.4897451 -0.3048754
1403715567.912143 2.9540448 0.4282963 0.4092679 0.5252848 -0.6192002 0.4638017 -0.3543375
1403715568.062143 3.0332012 0.5285915 0.3516619 -0.5810122 0.5605047 -0.4371884 0.3963908
1403715568.262143 3.1161685 0.6761013 0.2861714 -0.6386250 0.4821737 -0.3941528 0.4520069
1403715568.412143 3.1548488 0.7934088 0.2413976 -0.6757419 0.4267620 -0.3530327 0.4864310
1403715568.612143 3.1745806 0.9471099 0.1980317 -0.7198944 0.3470616 -0.2982129 0.5218902
1403715569.062143 3.0915818 1.2715111 0.1526077 -0.7942979 0.1743467 -0.1643590 0.5582833
1403715569.462143 2.9366839 1.5400419 0.1004899 -0.7956865 0.0656573 -0.0733431 0.5976562
1403715569.612143 2.8598659 1.6164321 0.0937505 -0.7936915 0.0252212 -0.0550317 0.6053010
1403715571.812143 1.7860720 0.7316566 -0.1294163 -0.6742117 -0.5044248 0.3925062 0.3700449
1403715571.962143 1.7632945 0.6618987 -0.1854624 -0.7032177 -0.5021904 0.3837640 0.3255992
1403715572.162143 1.6854625 0.6678417 -0.2563099 -0.7023461 -0.5341266 0.3397641 0.3255444
1403715572.462143 1.4098279 0.7802082 -0.3328249 -0.5800300 -0.5890611 0.3470451 0.4428679
1403715572.612143 1.2526875 0.8084418 -0.3693069 -0.5398555 -0.6037353 0.3788072 0.4478446
1403715572.762143 1.1078055 0.8072250 -0.4058292 -0.5075551 -0.6284279 0.4014443 0.4316348
1403715572.912143 0.9794119 0.7765668 -0.4207655 -0.4854313 -0.6513582 0.4263222 0.3979176
1403715573.062143 0.8624319 0.7240933 -0.4043142 -0.4562415 -0.6688957 0.4562805 0.3690940
1403715573.212143 0.7600032 0.6601972 -0.3658865 -0.4263872 -0.6875517 0.4815078 0.3370712
1403715573.362143 0.6720240 0.5937981 -0.3265541 -0.3968865 -0.7089932 0.4998042 0.3000091
1403715573.662143 0.5071896 0.4774891 -0.2623984 -0.3373429 -0.7483211 0.5252321 0.2243802
1403715573.812143 0.4184421 0.4295187 -0.2368661 -0.2915612 -0.7770953 0.5175543 0.2079727
1403715574.012143 0.2970969 0.3555055 -0.1997922 -0.2305526 -0.8107385 0.5112709 0.1677821
1403715574.162143 0.2007650 0.2832865 -0.1682075 -0.1799478 -0.8277623 0.5161155 0.1267010
1403715574.312143 0.0965371 0.1919619 -0.1335654 -0.1152118 -0.8281986 0.5386439 0.1033259
1403715574.462143 -0.0069535 0.0881658 -0.1060070 -0.0516898 -0.8238931 0.5549678 0.1026609
1403715574.612143 -0.0925206 -0.0240214 -0.0868260 -0.0140651 -0.8246307 0.5566522 0.0996232
1403715574.762143 -0.1482846 -0.1424598 -0.0724490 0.0093731 -0.8291227 0.5524004 0.0855663
1403715574.962143 -0.1772158 -0.3166140 -0.0467671 0.0050898 -0.8287396 0.5578030 0.0449524
1403715575.112143 -0.1826950 -0.4551091 -0.0206648 0.0025217 -0.8185382 0.5732357 0.0372792
1403715575.212143 -0.1803882 -0.5470095 0.0012705 0.0017342 -0.8027731 0.5948853 0.0407922
1403715575.312143 -0.1732459 -0.6317020 0.0216612 0.0019199 -0.7927251 0.6074581 0.0507718
1403715575.512143 -0.1393623 -0.7740873 0.0522100 -0.0096750 -0.8085415 0.5850894 0.0619484
1403715575.612143 -0.1127978 -0.8385046 0.0715421 -0.0037917 -0.8050616 0.5871654 0.0842523
1403715575.712143 -0.0747606 -0.8989362 0.0926458 0.0021658 -0.8000227 0.5906733 0.1051858
1403715575.812143 -0.0195008 -0.9546193 0.1147474 0.0020295 -0.7999670 0.5887761 0.1157218
1403715575.912143 0.0538468 -1.0061171 0.1347589 -0.0048439 -0.8022252 0.5860997 0.1135711
1403715576.012143 0.1441588 -1.0522648 0.1559243 -0.0213064 -0.8062997 0.5833885 0.0953132
1403715576.112143 0.2452114 -1.0946021 0.1773964 -0.0330791 -0.8081582 0.5824291 0.0810097
1403715576.212143 0.3521090 -1.1346116 0.1975713 -0.0421500 -0.8079282 0.5837350 0.0687669
1403715576.312143 0.4614172 -1.1740658 0.2144861 -0.0443271 -0.8054858 0.5874656 0.0641245
1403715576.412143 0.5728964 -1.2098219 0.2340432 -0.0422231 -0.7959307 0.6005358 0.0637832
1403715576.512143 0.6871777 -1.2389739 0.2571474 -0.0402011 -0.7841539 0.6158925 0.0645221
1403715576.762143 0.9856167 -1.2597797 0.3151900 -0.0467746 -0.7734474 0.6270946 0.0796479
1403715577.012143 1.3121898 -1.2000666 0.3704099 -0.0748094 -0.7983428 0.5909299 0.0886233
1403715577.162143 1.5183825 -1.1475526 0.4018280 -0.1057102 -0.8008932 0.5839164 0.0802311
1403715577.412143 1.8481812 -1.0490477 0.3843631 -0.1292259 -0.7981632 0.5814511 0.0902824
1403715577.562143 2.0383308 -0.9796448 0.3404520 -0.1304673 -0.7980361 0.5799125 0.0990868
1403715578.412143 2.8686552 -0.4684890 0.1178488 -0.2858024 -0.7858582 0.5355328 0.1181040
1403715578.512143 2.8985260 -0.3953185 0.0667081 -0.3042804 -0.7841597 0.5194308 0.1506608
1403715578.612143 2.9182727 -0.3219836 0.0112588 -0.3190060 -0.7939641 0.4856266 0.1789497
1403715578.712143 2.9284682 -0.2555151 -0.0425434 -0.3324248 -0.8065267 0.4486513 0.1942177
1403715578.862143 2.9170992 -0.1878882 -0.1148872 -0.3486088 -0.8117229 0.4216405 0.2044438
1403715579.012143 2.8669863 -0.1691899 -0.1742873 -0.3380348 -0.8015469 0.4335781 0.2350850
1403715579.212143 2.7711358 -0.2197018 -0.2183332 -0.2872493 -0.7830056 0.4591360 0.3059155
1403715579.312143 2.7351098 -0.2772549 -0.2227273 -0.2744679 -0.7730065 0.4717516 0.3233863
1403715579.462143 2.7109118 -0.3960851 -0.2298570 -0.2778755 -0.7700635 0.4756649 0.3217611
1403715579.562143 2.7136021 -0.4949763 -0.2366426 -0.2932548 -0.7723091 0.4751325 0.3029673
1403715579.712143 2.7326312 -0.6695127 -0.2411785 -0.3007101 -0.7681282 0.4861977 0.2883820
1403715579.812143 2.7543864 -0.7985406 -0.2363720 -0.2993174 -0.7639031 0.4956532 0.2849373
1403715579.962143 2.8006673 -1.0064029 -0.2100289 -0.3015088 -0.7576627 0.5025926 0.2871245
1403715580.062143 2.8384039 -1.1523545 -0.1926222 -0.3182031 -0.7486923 0.5062608 0.2861935
1403715580.162143 2.8803005 -1.2994664 -0.1877077 -0.3403248 -0.7370611 0.5066491 0.2902185
1403715580.712143 3.1602461 -2.0691576 -0.2303221 -0.4922076 -0.6563334 0.4897709 0.2950977
1403715580.862143 3.2287097 -2.2362158 -0.2352779 -0.5230229 -0.6418647 0.4891660 0.2741778
1403715581.012143 3.2752216 -2.3624120 -0.2383564 -0.5472804 -0.6335285 0.4869787 0.2489530
1403715581.112143 3.2871904 -2.4178157 -0.2413816 -0.5507271 -0.6414515 0.4732375 0.2475602
1403715581.312143 3.2573650 -2.4727330 -0.2328675 -0.5356411 -0.6503519 0.4634070 0.2745631
1403715581.562143 3.1541858 -2.4743354 -0.2216578 -0.4781182 -0.6783086 0.4716703 0.2980394
1403715581.812143 3.0228403 -2.4556975 -0.2597327 -0.3817065 -0.7297257 0.4746797 0.3106122
1403715582.612143 2.7829840 -2.5748143 -0.2549878 -0.2693684 -0.7848001 0.5127336 0.2205308
1403715582.812143 2.7556961 -2.6332178 -0.2334564 -0.2818148 -0.7914527 0.4960424 0.2193740
1403715582.912143 2.7413778 -2.6710110 -0.2366970 -0.2901250 -0.7963780 0.4835261 0.2186601
1403715583.012143 2.7244051 -2.7175360 -0.2564462 -0.2981411 -0.8006244 0.4718187 0.2179444
1403715583.412143 2.6134081 -3.0067835 -0.3465834 -0.3054401 -0.7397941 0.5518179 0.2343249
1403715583.712143 2.5606909 -3.1862075 -0.4135053 -0.2799786 -0.6721688 0.6354713 0.2568604
1403715583.812143 2.5706449 -3.2069049 -0.4359949 0.2665075 0.6497351 -0.6596636 -0.2676976
1403715583.912143 2.6086450 -3.1969223 -0.4471405 0.2622845 0.6394836 -0.6712407 -0.2677754
1403715584.012143 2.6767526 -3.1506171 -0.4411610 0.2694922 0.6430077 -0.6702250 -0.2543885
1403715584.112143 2.7695045 -3.0679820 -0.4187939 -0.2843981 -0.6596186 0.6552452 0.2338264
1403715584.262143 2.9355307 -2.8848348 -0.3584582 -0.3108380 -0.7049929 0.6055459 0.1991957
1403715584.362143 3.0505824 -2.7376831 -0.3203068 -0.3228826 -0.7349616 0.5683466 0.1804455
1403715584.662143 3.3393130 -2.2716968 -0.2749190 -0.3234459 -0.7764837 0.5112265 0.1763617
1403715585.012143 3.5504637 -1.7812276 -0.2268112 -0.2993933 -0.8067054 0.4614306 0.2160368
1403715585.162143 3.6146114 -1.6240655 -0.2060845 -0.3078018 -0.8189453 0.4367476 0.2093752
1403715585.662143 3.6674638 -1.4297349 -0.1105070 -0.2834718 -0.7916964 0.4890896 0.2316293
1403715586.162143 3.6452501 -1.5083402 -0.1737125 -0.3212628 -0.7606153 0.5340170 0.1818806
1403715586.662143 3.5574665 -1.5518614 -0.1747248 -0.2683555 -0.7398729 0.5610617 0.2564824
1403715587.662143 3.7629161 -1.4844098 -0.0839593 -0.3287331 -0.7417194 0.5512081 0.1948245
1403715587.862143 3.7814412 -1.4245747 -0.0550704 -0.3756846 -0.7272449 0.5345147 0.2104045
1403715588.012143 3.7706938 -1.3580600 -0.0342493 -0.4071953 -0.7032037 0.5228696 0.2574953
1403715588.162143 3.7530494 -1.2740556 -0.0207586 -0.4359865 -0.6710842 0.5130612 0.3103711
1403715588.312143 3.7450938 -1.1779488 -0.0478339 -0.4707487 -0.6362746 0.5003530 0.3509946
1403715588.462143 3.7573390 -1.0678864 -0.1037579 -0.5060934 -0.6052002 0.4817868 0.3814232
1403715588.612143 3.7902727 -0.9462103 -0.1580610 -0.5411580 -0.5789553 0.4579720 0.4027662
1403715588.762143 3.8411164 -0.8150487 -0.2117949 -0.5797172 -0.5621696 0.4223344 0.4117366
1403715588.912143 3.8988566 -0.6774529 -0.2700038 -0.6195546 -0.5552663 0.3692288 0.4141276
1403715589.062143 3.9449868 -0.5394232 -0.3265829 -0.6572421 -0.5444996 0.3187628 0.4122419
1403715589.212143 3.9576960 -0.4034016 -0.3587337 -0.6826327 -0.5240443 0.2902710 0.4184890
1403715589.562143 3.8311315 -0.0869551 -0.3332026 -0.7338117 -0.4776714 0.2370520 0.4209001
1403715589.712143 3.6944990 0.0634918 -0.2958612 -0.7404809 -0.4653406 0.2283700 0.4277773
1403715589.962143 3.3639386 0.3315746 -0.1526220 -0.7003738 -0.4356694 0.2691492 0.4972198
1403715590.312143 2.8809128 0.6544083 0.0259138 -0.6823789 -0.4499512 0.2757635 0.5058236
1403715590.562143 2.5405955 0.8182287 0.1439754 -0.6419321 -0.5117686 0.2764528 0.4995898
1403715590.862143 2.0936117 0.9070526 0.2652980 -0.5987329 -0.5727013 0.3467791 0.4396322
1403715591.012143 1.8608114 0.9193457 0.3227391 -0.5604075 -0.6046239 0.3843148 0.4155425
1403715591.212143 1.5570709 0.9194820 0.3862396 -0.4979524 -0.6622866 0.4126091 0.3783829
1403715591.412143 1.2576743 0.8878341 0.4322020 -0.4201435 -0.7164253 0.4346970 0.3482138
1403715591.612143 0.9808120 0.8017958 0.4738274 -0.3553226 -0.7564123 0.4591704 0.3012455
1403715591.762143 0.7759618 0.7130670 0.4727546 -0.3070804 -0.7754083 0.4809585 0.2704120
1403715592.012143 0.4642491 0.5222828 0.4078363 -0.2227075 -0.8017126 0.5016906 0.2365685
1403715592.212143 0.2558266 0.3304797 0.3214473 -0.1445999 -0.8127658 0.5230581 0.2119266
1403715592.412143 0.1200873 0.0977351 0.2821370 -0.0645360 -0.8157860 0.5466725 0.1774193
1403715592.662143 0.0724715 -0.2203352 0.2693497 0.0350853 -0.8157127 0.5618412 0.1331025
1403715592.862143 0.1452586 -0.4764240 0.2605929 0.0944515 -0.8163587 0.5659714 0.0656777
1403715593.062143 0.2948530 -0.7214644 0.2597035 0.1235647 -0.8168286 0.5617846 -0.0438285
1403715593.262143 0.4612010 -0.9590759 0.2520049 0.1851809 -0.7995366 0.5599816 -0.1134456
1403715593.462143 0.6280507 -1.1915619 0.2345728 0.2692254 -0.7740589 0.5571946 -0.1337341
1403715593.962143 1.1232154 -1.6162119 0.2192105 0.4265464 -0.6797860 0.5462646 -0.2398835
1403715594.462143 1.6425581 -1.7120613 0.2172743 0.5677118 -0.5929791 0.4627767 -0.3345398
1403715594.962143 2.1677058 -1.5157757 0.2207435 -0.6998572 0.4831859 -0.3319228 0.4081159
1403715595.462143 2.8340983 -1.1147000 0.2065265 -0.7636977 0.3309418 -0.2197486 0.5088752
1403715595.962143 3.4707694 -0.6883042 0.1887212 -0.7528471 0.0777672 -0.2184503 0.6159977
1403715596.462143 3.4738441 -0.5889238 0.3048233 -0.8122372 0.0431067 -0.1142002 0.5704129
1403715596.662143 3.3433616 -0.6187881 0.3636421 -0.8608629 0.0343915 -0.0639113 0.5036345
1403715596.962143 3.1252849 -0.5264967 0.4540676 -0.8919825 -0.0032865 -0.0129423 0.4518728
1403715597.212143 2.9493506 -0.2653779 0.5241598 -0.8810779 -0.0190826 0.0081275 0.4725162
1403715597.662143 2.6753788 0.4460585 0.6436121 -0.8046367 -0.0814578 0.0738162 0.5835029
1403715597.862143 2.5840509 0.7488655 0.6718488 -0.8008503 -0.1248615 0.0956777 0.5778359
1403715598.062143 2.5097599 1.0380998 0.6957127 -0.7855428 -0.1441206 0.1065257 0.5922872
1403715598.262143 2.4505329 1.3008263 0.6963890 -0.7695830 -0.1505534 0.1063492 0.6113637
1403715598.462143 2.4052646 1.5175494 0.6678702 -0.7364868 -0.1369430 0.1198543 0.6515127
1403715598.612143 2.3951263 1.6233206 0.6441683 -0.7225841 -0.1264678 0.1279162 0.6674696
1403715598.862143 2.4323087 1.6800027 0.5868251 -0.7674737 -0.1367327 0.1048573 0.6174895
1403715599.062143 2.4801886 1.6666511 0.5207171 -0.7861531 -0.1438050 0.0921789 0.5939584
1403715599.262143 2.5276711 1.6311649 0.4429009 -0.7935047 -0.1408804 0.0960713 0.5841860
1403715599.412143 2.5638659 1.5937982 0.3765996 -0.8014839 -0.1283768 0.1130195 0.5730354
1403715600.262143 3.0395792 1.3662131 0.0108817 -0.7897744 -0.1965018 0.0578183 0.5781874
1403715600.462143 3.1192355 1.2738421 -0.0783053 -0.7811132 -0.2557371 0.0802199 0.5639375
1403715600.662143 3.1392531 1.1588043 -0.1624091 -0.7852979 -0.2992358 0.1517515 0.5203236
1403715601.162143 3.0252824 0.9235983 -0.1562574 -0.7162001 -0.4196992 0.2487429 0.4990362
1403715601.662143 2.7572942 0.6924864 0.0426697 -0.6998171 -0.4353152 0.2625106 0.5018417
1403715602.062143 2.4806209 0.4605172 0.1736732 -0.6854739 -0.3943628 0.2779475 0.5452970
1403715602.562143 2.2641883 0.0788987 0.2558134 -0.7531586 -0.3054316 0.2064212 0.5448429
1403715602.912143 2.1690919 -0.2119901 0.2215399 -0.7837686 -0.2393064 0.1346899 0.5570439
1403715603.312143 2.0187416 -0.5445711 0.0506173 -0.8109077 -0.1572353 0.0738905 0.5587897
1403715603.712143 1.8106176 -0.8460442 -0.0760298 -0.8224962 -0.0937143 0.0863360 0.5543138
1403715603.912143 1.7220943 -0.9637060 -0.1095573 -0.8279381 -0.0741737 0.1044097 0.5459994
1403715604.112143 1.6714686 -1.0437868 -0.1180989 -0.8409591 -0.0882255 0.0863689 0.5268250
1403715604.412143 1.6196063 -1.0834326 -0.1411813 -0.8300543 -0.1052938 0.0612490 0.5442166
1403715604.912143 1.5020692 -1.0579200 -0.1833992 -0.8126785 -0.1062799 0.0581435 0.5699804
1403715605.412143 1.3530704 -0.9961994 -0.1976838 -0.8103186 -0.1045092 0.0735274 0.5718875
1403715605.612143 1.2951751 -0.9686421 -0.2178879 -0.8146053 -0.1022262 0.0837319 0.5647627
1403715605.812143 1.2486634 -0.9309748 -0.2632035 -0.8108768 -0.1120263 0.0730614 0.5697288
1403715606.012143 1.2044098 -0.8902009 -0.3047398 -0.8060628 -0.1174504 0.0685410 0.5759951
1403715606.212143 1.1586934 -0.8483794 -0.3685552 -0.8047868 -0.1204844 0.0701461 0.5769585
1403715606.412143 1.1082191 -0.8150191 -0.4071199 -0.8062628 -0.1155859 0.0844189 0.5739806
1403715606.562143 1.0748429 -0.7908145 -0.4091775 -0.8046392 -0.1147454 0.0911839 0.5753911
1403715606.712143 1.0469052 -0.7719294 -0.4103887 -0.8036638 -0.1122950 0.1022222 0.5753826
1403715606.862143 1.0277830 -0.7555197 -0.4190171 -0.7987272 -0.1115478 0.1090398 0.5811216
1403715607.012143 1.0255803 -0.7244095 -0.4865142 -0.7861550 -0.1243001 0.0971275 0.5975584
1403715607.162143 1.0350100 -0.6900105 -0.6082408 -0.7888941 -0.1344850 0.0849993 0.5935782
1403715607.262143 1.0393084 -0.6744761 -0.6827424 -0.7908524 -0.1371034 0.0822867 0.5907489
1403715607.362143 1.0415056 -0.6639342 -0.7548394 -0.7908311 -0.1373521 0.0824388 0.5906983
1403715607.462143 1.0438205 -0.6576672 -0.8254051 -0.7895877 -0.1375511 0.0815307 0.5924388
1403715607.562143 1.0450127 -0.6567811 -0.8961939 -0.7904660 -0.1374925 0.0800623 0.5914807
1403715607.662143 1.0441715 -0.6610954 -0.9649255 -0.7917081 -0.1364290 0.0788715 0.5902243
1403715607.762143 1.0405921 -0.6702776 -1.0332386 -0.7918112 -0.1356814 0.0777939 0.5904014
1403715607.862143 1.0347178 -0.6847319 -1.1076095 -0.7935619 -0.1315728 0.0810821 0.5885354
1403715607.962143 1.0317869 -0.6982561 -1.1752863 -0.7900819 -0.1399685 0.0755351 0.5920084
1403715608.062143 1.0373039 -0.7069471 -1.2298987 -0.7916845 -0.1420841 0.0747832 0.5894534
1403715608.162143 1.0409508 -0.7185555 -1.2848341 -0.7939410 -0.1412424 0.0756088 0.5865080
1403715608.212143 1.0433261 -0.7269125 -1.3104758 -0.7928593 -0.1419436 0.0751832 0.5878551
1403715608.612143 1.0589395 -0.8178686 -1.4891496 -0.7929761 -0.1409933 0.0764442 0.5877635
1403715608.762143 1.0642822 -0.8671265 -1.5435196 -0.7925321 -0.1409002 0.0765965 0.5883647
1403715608.862143 1.0679203 -0.9038182 -1.5759959 -0.7928298 -0.1408757 0.0766600 0.5879611
1403715609.112143 1.0773623 -1.0123054 -1.6433933 -0.7926064 -0.1405657 0.0769780 0.5882949
1403715609.212143 1.0813003 -1.0620571 -1.6651129 -0.7925308 -0.1404574 0.0771011 0.5884063
1403715609.312143 1.0855353 -1.1150367 -1.6843479 -0.7925591 -0.1403310 0.0771242 0.5883954
