1403715529.312143087 -0.0534 0.07678 0.14296 -0.01526 0.80223 0.04473 0.59514
1403715529.412142992 -0.02226 0.13663 0.27803 -0.02147 0.80458 0.06194 0.59021
1403715529.512142897 -0.02432 0.18959 0.37545 -0.02845 0.80292 0.07735 0.59036
1403715529.612143040 -0.02706 0.23983 0.44916 -0.03366 0.80115 0.08829 0.59096
1403715529.712142944 -0.0281 0.28989 0.50831 -0.03638 0.79837 0.09762 0.59309
1403715529.812143087 -0.02899 0.34173 0.56489 -0.03969 0.79713 0.1042 0.59342
1403715529.912142992 -0.0313 0.39706 0.62124 -0.04366 0.79573 0.10723 0.59449
1403715530.012142897 -0.0309 0.45419 0.68217 -0.04566 0.7921 0.10985 0.59868
1403715530.112143040 -0.02999 0.51286 0.74592 -0.0416 0.78548 0.11513 0.60665
1403715530.212142944 -0.03571 0.57114 0.80771 -0.03565 0.78568 0.12002 0.60583
1403715530.312143087 -0.03916 0.63452 0.87747 -0.02986 0.78994 0.12381 0.59982
1403715530.412142992 -0.03748 0.70198 0.95117 -0.03511 0.79384 0.12095 0.59494
1403715530.512142897 -0.05111 0.76506 1.02136 -0.04455 0.79553 0.12231 0.59176
1403715530.612143040 -0.03127 0.82128 1.07114 -0.05358 0.79668 0.12825 0.5882
1403715530.712142944 0.02471 0.83363 1.07444 -0.06518 0.79712 0.13569 0.58476
1403715530.812143087 0.12358 0.78191 1.0059 -0.08236 0.79831 0.15015 0.57739
1403715530.912142992 0.17444 0.81219 1.00703 -0.09523 0.79862 0.16323 0.57139
1403715531.012142897 0.18702 0.87818 1.04446 -0.09966 0.80159 0.17327 0.56347
1403715531.112143040 0.19441 0.94467 1.07726 -0.10116 0.81255 0.18039 0.54496
1403715531.212142944 0.20434 1.00969 1.1044 -0.10809 0.82244 0.18052 0.52851
1403715531.312143087 0.22188 1.07302 1.1325 -0.12479 0.81858 0.17254 0.53347
1403715531.412142992 0.24829 1.13346 1.1606 -0.13458 0.80945 0.16797 0.54632
1403715531.512142897 0.2802 1.1883 1.17799 -0.13554 0.80276 0.16802 0.55586
1403715531.612143040 0.3152 1.23795 1.18168 -0.13678 0.80095 0.16698 0.55848
1403715531.712142944 0.35395 1.28255 1.17578 -0.13468 0.80128 0.1671 0.55847
1403715531.812143087 0.39689 1.3244 1.17451 -0.12357 0.79688 0.1723 0.56571
1403715531.912142992 0.4377 1.36109 1.17351 -0.11586 0.78937 0.17449 0.57709
1403715532.012142897 0.47674 1.39411 1.17343 -0.11073 0.78465 0.17465 0.58443
1403715532.112143040 0.50985 1.4234 1.17087 -0.10503 0.7823 0.17591 0.58825
1403715532.212142944 0.53665 1.45049 1.16691 -0.1036 0.78109 0.17556 0.59021
1403715532.312143087 0.55806 1.47763 1.16133 -0.10782 0.78087 0.17661 0.58943
1403715532.412142992 0.57362 1.50155 1.15567 -0.11642 0.78432 0.17473 0.58374
1403715532.512142897 0.58471 1.52113 1.14954 -0.12409 0.78696 0.17284 0.57916
1403715532.612143040 0.59385 1.53505 1.14272 -0.13728 0.788 0.16597 0.57677
1403715532.712142944 0.60095 1.54049 1.13563 -0.15148 0.78629 0.15764 0.57788
1403715532.812143087 0.60662 1.53433 1.12673 -0.15966 0.78465 0.15223 0.57935
1403715532.912142992 0.61215 1.5156 1.11543 -0.15973 0.78545 0.14484 0.58014
1403715533.012142897 0.61807 1.48266 1.0949 -0.15438 0.78916 0.12996 0.58009
1403715533.112143040 0.62347 1.43446 1.06353 -0.14252 0.79364 0.11055 0.58103
1403715533.212142944 0.62908 1.37128 1.03298 -0.1216 0.7904 0.0916 0.59337
1403715533.312143087 0.62935 1.29445 1.01431 -0.0993 0.78601 0.07419 0.60566
1403715533.412142992 0.62368 1.2069 1.01069 -0.0805 0.78807 0.06255 0.60709
1403715533.512142897 0.61117 1.11089 1.02155 -0.07162 0.79475 0.05048 0.60058
1403715533.612143040 0.59224 1.00746 1.04778 -0.0759 0.80119 0.03466 0.59256
1403715533.712142944 0.56971 0.89416 1.08988 -0.0827 0.80724 0.02141 0.584
1403715533.812143087 0.54857 0.76796 1.14512 -0.0827 0.81071 0.01608 0.57935
1403715533.912142992 0.53146 0.62946 1.20111 -0.07114 0.81285 0.02164 0.5777
1403715534.012142897 0.51729 0.48165 1.2468 -0.05952 0.81336 0.02983 0.57794
1403715534.112143040 0.50487 0.32614 1.27732 -0.04824 0.81273 0.0396 0.57929
1403715534.212142944 0.49481 0.16589 1.29347 -0.03694 0.81235 0.05141 0.57973
1403715534.312143087 0.48833 0.00367 1.29701 -0.03029 0.81196 0.06112 0.57972
1403715534.412142992 0.48558 -0.15866 1.28897 -0.02676 0.81201 0.06527 0.57936
1403715534.512142897 0.48687 -0.3218 1.27003 -0.02254 0.81243 0.06246 0.57926
1403715534.612143040 0.49345 -0.48435 1.24734 -0.01752 0.81333 0.05238 0.57918
1403715534.712142944 0.50235 -0.6418 1.22221 -0.00849 0.81553 0.03742 0.57745
1403715534.812143087 0.51338 -0.79397 1.19418 0.00537 0.82138 0.01775 0.57008
1403715534.912142992 0.52919 -0.93994 1.16468 0.02207 0.82736 -0.00502 0.56122
1403715535.012142897 0.55196 -1.07974 1.13617 0.0386 0.83044 -0.02604 0.55515
1403715535.112143040 0.58344 -1.2099 1.10761 0.05043 0.83444 -0.04319 0.54708
1403715535.212142944 0.62602 -1.33059 1.07895 0.05588 0.84033 -0.05668 0.53619
1403715535.312143087 0.68431 -1.43958 1.05411 0.05765 0.84502 -0.06613 0.52749
1403715535.412142992 0.75808 -1.54095 1.03103 0.04952 0.84607 -0.07782 0.52504
1403715535.512142897 0.84502 -1.64282 1.00882 0.03613 0.83948 -0.08871 0.53488
1403715535.612143040 0.93898 -1.75117 0.98706 0.03119 0.8293 -0.08835 0.55089
1403715535.712142944 1.03494 -1.86611 0.96475 0.02956 0.82366 -0.07865 0.56083
1403715535.812143087 1.13129 -1.98347 0.94168 0.02776 0.82197 -0.06007 0.56568
1403715535.912142992 1.22521 -2.0984 0.9179 0.02783 0.82435 -0.03434 0.56436
1403715536.012142897 1.31898 -2.21149 0.8937 0.02153 0.82991 -0.01219 0.55735
1403715536.112143040 1.41649 -2.32237 0.87248 0.01429 0.83625 0.00414 0.54815
1403715536.212142944 1.51765 -2.42613 0.85483 0.01087 0.84092 0.01885 0.54073
1403715536.312143087 1.62586 -2.52403 0.84172 0.01159 0.84261 0.03316 0.53738
1403715536.412142992 1.7415 -2.6133 0.83275 0.01692 0.83864 0.04883 0.54223
1403715536.512142897 1.86373 -2.69198 0.8271 0.02567 0.83209 0.06328 0.55043
1403715536.612143040 1.98732 -2.75455 0.824 0.03075 0.82492 0.07212 0.55979
1403715536.712142944 2.11463 -2.80358 0.82289 0.03239 0.8155 0.07675 0.57273
1403715536.812143087 2.236 -2.83318 0.82598 0.02874 0.80156 0.08017 0.59181
1403715536.912142992 2.35156 -2.84823 0.83097 0.03105 0.78805 0.08859 0.60841
1403715537.012142897 2.45497 -2.84845 0.83788 0.04104 0.77409 0.09876 0.62397
1403715537.112143040 2.54257 -2.83011 0.84866 0.04683 0.75633 0.10424 0.64413
1403715537.212142944 2.60792 -2.79163 0.8631 0.04803 0.73663 0.10542 0.6663
1403715537.312143087 2.64849 -2.73401 0.8801 0.03368 0.72497 0.09607 0.68121
1403715537.412142992 2.65804 -2.66054 0.89748 0.00538 0.73548 0.07664 0.67317
1403715537.512142897 2.63995 -2.57944 0.91399 -0.02004 0.76236 0.05709 0.64431
1403715537.612143040 2.60325 -2.49671 0.93184 -0.03575 0.7896 0.04318 0.61106
1403715537.712142944 2.55749 -2.41561 0.95449 -0.04368 0.80021 0.03345 0.59719
1403715537.812143087 2.50717 -2.33781 0.98151 -0.0473 0.79246 0.02749 0.60746
1403715537.912142992 2.44774 -2.26572 1.00671 -0.04713 0.78478 0.02539 0.61746
1403715538.012142897 2.37914 -2.1988 1.02587 -0.04762 0.78922 0.02481 0.61175
1403715538.112143040 2.30298 -2.13848 1.04371 -0.05042 0.79642 0.01917 0.60233
1403715538.212142944 2.22086 -2.08664 1.05688 -0.04973 0.80336 0.00872 0.59335
1403715538.312143087 2.13547 -2.04208 1.05965 -0.04251 0.80557 -0.00371 0.59096
1403715538.412142992 2.04755 -2.00539 1.05326 -0.02898 0.80009 -0.0163 0.59896
1403715538.512142897 1.95435 -1.97468 1.04477 -0.00459 0.78841 -0.02576 0.6146
1403715538.612143040 1.85208 -1.94727 1.03747 0.01982 0.78013 -0.03862 0.62411
1403715538.712142944 1.74018 -1.92096 1.02866 0.03973 0.77917 -0.05867 0.62279
1403715538.812143087 1.62036 -1.89492 1.0165 0.05924 0.78711 -0.08462 0.6081
1403715538.912142992 1.49144 -1.86659 1.00373 0.08188 0.79322 -0.1146 0.59242
1403715539.012142897 1.35912 -1.838 0.98243 0.10721 0.79259 -0.14803 0.58171
1403715539.112143040 1.22448 -1.80744 0.94941 0.13278 0.78766 -0.18479 0.57255
1403715539.212142944 1.08894 -1.77575 0.90466 0.15718 0.77906 -0.2228 0.56455
1403715539.312143087 0.95451 -1.74224 0.84849 0.17993 0.77291 -0.25831 0.55092
1403715539.412142992 0.82346 -1.70699 0.78417 0.19967 0.76753 -0.2897 0.53582
1403715539.512142897 0.69675 -1.67254 0.7286 0.21485 0.76008 -0.31355 0.52708
1403715539.612143040 0.57973 -1.64001 0.69041 0.21536 0.75258 -0.33684 0.52325
1403715539.712142944 0.46888 -1.61148 0.67102 0.21603 0.7436 -0.35158 0.52611
1403715539.812143087 0.36018 -1.58562 0.66876 0.21995 0.73845 -0.35672 0.52826
1403715539.912142992 0.25274 -1.56403 0.6784 0.21845 0.74338 -0.35679 0.52189
1403715540.012142897 0.15196 -1.55121 0.70392 0.20701 0.75224 -0.35909 0.51219
1403715540.112143040 0.05844 -1.54868 0.73428 0.18887 0.76229 -0.36529 0.4998
1403715540.212142944 -0.02766 -1.55992 0.76995 0.1736 0.76715 -0.36981 0.49455
1403715540.312143087 -0.10872 -1.58812 0.80853 0.17379 0.76743 -0.36545 0.49728
1403715540.412142992 -0.1876 -1.62934 0.84647 0.18387 0.77164 -0.35434 0.49519
1403715540.512142897 -0.26336 -1.67949 0.87963 0.19357 0.77941 -0.34499 0.48582
1403715540.612143040 -0.33439 -1.73696 0.90759 0.19741 0.78705 -0.34358 0.4728
1403715540.712142944 -0.39592 -1.80386 0.93251 0.18928 0.78811 -0.35306 0.46734
1403715540.812143087 -0.44564 -1.8838 0.95612 0.18244 0.78256 -0.36301 0.47174
1403715540.912142992 -0.4854 -1.97704 0.97855 0.18426 0.77479 -0.36596 0.48148
1403715541.012142897 -0.51905 -2.08261 0.99937 0.19266 0.76906 -0.36251 0.4899
1403715541.112143040 -0.54651 -2.19727 1.01681 0.19974 0.76744 -0.35792 0.49298
1403715541.212142944 -0.56954 -2.31988 1.03135 0.19394 0.7615 -0.36153 0.5018
1403715541.312143087 -0.59024 -2.45153 1.04644 0.18972 0.74938 -0.36622 0.518
1403715541.412142992 -0.61314 -2.58906 1.0594 0.20127 0.7457 -0.36189 0.52197
1403715541.512142897 -0.63718 -2.73132 1.06746 0.20827 0.75391 -0.35921 0.50912
1403715541.612143040 -0.65835 -2.87736 1.07427 0.20979 0.76342 -0.35923 0.4941
1403715541.712142944 -0.67411 -3.02764 1.08285 0.21836 0.77064 -0.35316 0.48344
1403715541.812143087 -0.67976 -3.18127 1.09356 0.24082 0.77342 -0.33621 0.48041
1403715541.912142992 -0.67413 -3.33355 1.10492 0.26333 0.77267 -0.31719 0.48273
1403715542.012142897 -0.6547 -3.47902 1.11428 0.27635 0.77518 -0.29886 0.48313
1403715542.112143040 -0.61992 -3.61406 1.12364 0.281 0.77445 -0.27854 0.49364
1403715542.212142944 -0.57133 -3.73369 1.13307 0.27779 0.77019 -0.25788 0.51297
1403715542.312143087 -0.51006 -3.83847 1.14389 0.26179 0.76518 -0.24157 0.53629
1403715542.412142992 -0.4422 -3.92499 1.15636 0.23548 0.75984 -0.22767 0.56157
1403715542.512142897 -0.37274 -3.99872 1.17059 0.20489 0.75181 -0.21673 0.58807
1403715542.612143040 -0.3091 -4.06112 1.18108 0.18329 0.7535 -0.20673 0.59658
1403715542.712142944 -0.25498 -4.11274 1.18681 0.16709 0.76113 -0.19976 0.59402
1403715542.812143087 -0.20995 -4.15341 1.19044 0.15858 0.76916 -0.19325 0.58814
1403715542.912142992 -0.17147 -4.1856 1.18898 0.14914 0.77604 -0.19181 0.58201
1403715543.012142897 -0.13846 -4.21213 1.18103 0.13706 0.77745 -0.19536 0.58191
1403715543.112143040 -0.1102 -4.23614 1.16642 0.12933 0.77571 -0.19885 0.58482
1403715543.212142944 -0.08896 -4.25864 1.15036 0.12808 0.7724 -0.20097 0.58873
1403715543.312143087 -0.07081 -4.2817 1.13235 0.12622 0.76802 -0.20477 0.59353
1403715543.412142992 -0.06321 -4.3033 1.11644 0.12942 0.76664 -0.2054 0.59441
1403715543.512142897 -0.05921 -4.32529 1.09892 0.13792 0.76738 -0.20223 0.59263
1403715543.612143040 -0.06552 -4.34266 1.08397 0.1461 0.76322 -0.19877 0.59719
1403715543.712142944 -0.07881 -4.35609 1.06674 0.16002 0.7572 -0.19247 0.60333
1403715543.812143087 -0.10558 -4.36016 1.04772 0.18386 0.75239 -0.18874 0.60373
1403715543.912142992 -0.14023 -4.35358 1.02465 0.2089 0.74983 -0.19374 0.59714
1403715544.012142897 -0.18193 -4.3322 0.99898 0.23275 0.74967 -0.20824 0.5835
1403715544.112143040 -0.22786 -4.29451 0.96782 0.24896 0.74721 -0.23702 0.56879
1403715544.212142944 -0.27546 -4.24327 0.92429 0.25752 0.73987 -0.28024 0.55475
1403715544.312143087 -0.32356 -4.18234 0.86735 0.2699 0.72697 -0.32739 0.5399
1403715544.412142992 -0.37121 -4.11357 0.79712 0.28157 0.70972 -0.37537 0.52547
1403715544.512142897 -0.41883 -4.03859 0.72099 0.29746 0.69019 -0.41529 0.51253
1403715544.612143040 -0.46501 -3.95914 0.65313 0.31221 0.67305 -0.44481 0.50167
1403715544.712142944 -0.50838 -3.87658 0.60574 0.32679 0.66024 -0.45983 0.49583
1403715544.812143087 -0.55196 -3.78949 0.58488 0.34001 0.64996 -0.46361 0.497
1403715544.912142992 -0.59604 -3.69514 0.58962 0.34597 0.64659 -0.46433 0.49661
1403715545.012142897 -0.64066 -3.59384 0.60708 0.34443 0.65044 -0.46805 0.48911
1403715545.112143040 -0.68468 -3.48981 0.62791 0.34474 0.65188 -0.47443 0.48075
1403715545.212142944 -0.72809 -3.38412 0.64142 0.34841 0.6494 -0.48425 0.47159
1403715545.312143087 -0.77172 -3.27596 0.64196 0.35326 0.64402 -0.49726 0.46171
1403715545.412142992 -0.81315 -3.16742 0.63506 0.35295 0.63345 -0.51231 0.46012
1403715545.512142897 -0.85422 -3.05749 0.6293 0.34505 0.62086 -0.52855 0.46486
1403715545.612143040 -0.8992 -2.95056 0.63233 0.33723 0.61005 -0.54136 0.47015
1403715545.712142944 -0.95002 -2.84819 0.63976 0.33219 0.6052 -0.54661 0.47391
1403715545.812143087 -1.00801 -2.74915 0.64589 0.3312 0.60937 -0.54323 0.47316
1403715545.912142992 -1.07336 -2.65003 0.65181 0.33232 0.6203 -0.5304 0.47273
1403715546.012142897 -1.14349 -2.55117 0.65805 0.33269 0.63807 -0.50814 0.47325
1403715546.112143040 -1.21501 -2.45236 0.66539 0.32621 0.65842 -0.48043 0.47881
1403715546.212142944 -1.28483 -2.3555 0.67375 0.3097 0.67939 -0.4497 0.4902
1403715546.312143087 -1.35345 -2.25871 0.68273 0.28629 0.70055 -0.41717 0.50323
1403715546.412142992 -1.42018 -2.16202 0.69314 0.26043 0.72114 -0.38263 0.5155
1403715546.512142897 -1.48633 -2.06634 0.7056 0.23298 0.7407 -0.34658 0.52627
1403715546.612143040 -1.55161 -1.97146 0.71796 0.20659 0.75945 -0.30764 0.53472
1403715546.712142944 -1.61745 -1.8764 0.72824 0.17958 0.78131 -0.26698 0.53481
1403715546.812143087 -1.67943 -1.78439 0.73517 0.14782 0.80618 -0.22912 0.52509
1403715546.912142992 -1.73555 -1.69567 0.74388 0.11459 0.8229 -0.19394 0.52162
1403715547.012142897 -1.7835 -1.61448 0.7546 0.09601 0.83512 -0.14862 0.52083
1403715547.112143040 -1.82004 -1.53927 0.76539 0.07631 0.84333 -0.10503 0.52148
1403715547.212142944 -1.84541 -1.46427 0.77643 0.0556 0.84769 -0.06251 0.52386
1403715547.312143087 -1.85821 -1.39083 0.78814 0.03719 0.85006 -0.02123 0.52494
1403715547.412142992 -1.85816 -1.31853 0.79769 0.01677 0.85268 0.01299 0.522
1403715547.512142897 -1.84528 -1.24406 0.80339 -0.00497 0.85667 0.04293 0.51405
1403715547.612143040 -1.81371 -1.17036 0.80629 -0.02578 0.85768 0.07634 0.50783
1403715547.712142944 -1.77413 -1.08415 0.80995 -0.04472 0.85595 0.11193 0.50281
1403715547.812143087 -1.72387 -0.98733 0.8156 -0.06427 0.85188 0.146 0.49885
1403715547.912142992 -1.66123 -0.8814 0.82155 -0.08521 0.84406 0.17698 0.49899
1403715548.012142897 -1.58549 -0.76853 0.8273 -0.10847 0.83127 0.1985 0.50776
1403715548.112143040 -1.5016 -0.64853 0.83401 -0.12388 0.81471 0.2133 0.52479
1403715548.212142944 -1.41382 -0.52625 0.83923 -0.13152 0.80137 0.22284 0.5393
1403715548.312143087 -1.32465 -0.40069 0.84211 -0.13362 0.79226 0.22812 0.54993
1403715548.412142992 -1.23601 -0.27264 0.83309 -0.13215 0.78959 0.22963 0.55349
1403715548.512142897 -1.1475 -0.14038 0.81396 -0.13186 0.79084 0.22681 0.55294
1403715548.612143040 -1.0602 -0.00339 0.79265 -0.13513 0.79375 0.2194 0.55097
1403715548.712142944 -0.9765 0.13237 0.77144 -0.13679 0.79578 0.2122 0.55045
1403715548.812143087 -0.89453 0.27013 0.75172 -0.13702 0.7973 0.20626 0.55046
1403715548.912142992 -0.81576 0.40278 0.73398 -0.13677 0.79753 0.20103 0.55212
1403715549.012142897 -0.73714 0.53808 0.71598 -0.13927 0.79603 0.20153 0.55347
1403715549.112143040 -0.66328 0.67283 0.69989 -0.14718 0.7901 0.2073 0.55777
1403715549.212142944 -0.59036 0.80775 0.68743 -0.15578 0.77879 0.21375 0.5688
1403715549.312143087 -0.52364 0.93917 0.67536 -0.16389 0.76808 0.21843 0.57921
1403715549.412142992 -0.46789 1.06189 0.66185 -0.18014 0.76477 0.21588 0.57971
1403715549.512142897 -0.41821 1.17709 0.64648 -0.19483 0.76875 0.21257 0.57086
1403715549.612143040 -0.37095 1.28336 0.63028 -0.20441 0.77817 0.20925 0.55578
1403715549.712142944 -0.32058 1.38151 0.61517 -0.20889 0.78787 0.19809 0.54441
1403715549.812143087 -0.26597 1.46666 0.60389 -0.20759 0.7921 0.17963 0.54518
1403715549.912142992 -0.21037 1.53302 0.59575 -0.20346 0.7964 0.15414 0.54827
1403715550.012142897 -0.14967 1.58347 0.5904 -0.19913 0.80311 0.11976 0.54866
1403715550.112143040 -0.0849 1.61404 0.58604 -0.18096 0.81215 0.08772 0.54769
1403715550.212142944 -0.01836 1.61913 0.59269 -0.1497 0.81913 0.06263 0.55017
1403715550.312143087 0.05499 1.61151 0.61179 -0.11819 0.8251 0.03855 0.55114
1403715550.412142992 0.13287 1.59099 0.64518 -0.08681 0.8264 0.01439 0.55617
1403715550.512142897 0.21443 1.56016 0.68215 -0.05361 0.82532 -0.01056 0.56201
1403715550.612143040 0.29622 1.52105 0.71307 -0.02716 0.82419 -0.04087 0.56419
1403715550.712142944 0.37875 1.47658 0.73068 -0.00888 0.8211 -0.0774 0.56544
1403715550.812143087 0.46019 1.42503 0.73608 0.00223 0.81622 -0.11809 0.56554
1403715550.912142992 0.54087 1.36501 0.72928 0.01287 0.8102 -0.15826 0.56423
1403715551.012142897 0.61953 1.29243 0.71727 0.02899 0.80311 -0.19416 0.56257
1403715551.112143040 0.69506 1.20446 0.71518 0.05675 0.79557 -0.22165 0.561
1403715551.212142944 0.76331 1.10143 0.72585 0.0812 0.78629 -0.25073 0.55883
1403715551.312143087 0.82724 0.98518 0.74637 0.09867 0.77327 -0.28498 0.55777
1403715551.412142992 0.88143 0.85713 0.76953 0.11508 0.75921 -0.32019 0.55483
1403715551.512142897 0.92425 0.71849 0.79287 0.13689 0.7434 -0.35175 0.55217
1403715551.612143040 0.95825 0.56731 0.81689 0.16881 0.72774 -0.37606 0.54815
1403715551.712142944 0.97763 0.40883 0.84158 0.20794 0.70892 -0.39435 0.54651
1403715551.812143087 0.98409 0.24885 0.86546 0.2417 0.68692 -0.4147 0.54566
1403715551.912142992 0.97927 0.09046 0.88953 0.27071 0.65943 -0.43635 0.54906
1403715552.012142897 0.96282 -0.06367 0.91166 0.30327 0.63719 -0.45434 0.54368
1403715552.112143040 0.93084 -0.20347 0.93022 0.33312 0.62394 -0.47274 0.52559
1403715552.212142944 0.89185 -0.33341 0.94585 0.35869 0.60858 -0.49214 0.50869
1403715552.312143087 0.84691 -0.45092 0.9607 0.3894 0.58636 -0.50764 0.49683
1403715552.412142992 0.79689 -0.55301 0.97394 0.41601 0.56354 -0.52727 0.48099
1403715552.512142897 0.74361 -0.63611 0.98535 -0.43904 -0.53733 0.55031 -0.46442
1403715552.612143040 0.68763 -0.69455 0.99585 -0.45891 -0.50467 0.57565 -0.45093
1403715552.712142944 0.63144 -0.73963 1.00361 -0.47386 -0.46884 0.60428 -0.43646
1403715552.812143087 0.57316 -0.76045 1.00841 -0.48607 -0.43278 0.63488 -0.41638
1403715552.912142992 0.51121 -0.7585 1.01007 -0.49417 -0.39566 0.66632 -0.39403
1403715553.012142897 0.44643 -0.74345 1.00686 -0.49475 -0.35625 0.69862 -0.37449
1403715553.112143040 0.37511 -0.70981 1.00132 -0.49798 -0.31668 0.72531 -0.35448
1403715553.212142944 0.29616 -0.65959 0.99527 0.5127 0.28094 -0.7413 0.32968
1403715553.312143087 0.20837 -0.59174 0.98933 0.53186 0.2432 -0.75009 0.30876
1403715553.412142992 0.11798 -0.50215 0.98217 0.56176 0.2089 -0.74956 0.28099
1403715553.512142897 0.0299 -0.39476 0.97294 0.59574 0.18022 -0.74344 0.24477
1403715553.612143040 -0.04984 -0.27148 0.95776 0.61825 0.15587 -0.74149 0.20897
1403715553.712142944 -0.11482 -0.13441 0.93841 0.62614 0.14097 -0.74589 0.17809
1403715553.812143087 -0.16463 0.01199 0.9143 0.61069 0.13913 -0.76539 0.14792
1403715553.912142992 -0.20105 0.16374 0.89269 0.59073 0.14355 -0.78446 0.12265
1403715554.012142897 -0.22965 0.31478 0.87286 0.56614 0.14696 -0.8038 0.10862
1403715554.112143040 -0.25489 0.46271 0.85261 0.535 0.14905 -0.82519 0.10306
1403715554.212142944 -0.28572 0.6057 0.83534 0.50717 0.15309 -0.84243 0.09825
1403715554.312143087 -0.33086 0.73988 0.82086 -0.49091 -0.16152 0.85132 -0.0904
1403715554.412142992 -0.39065 0.86228 0.80324 -0.49431 -0.18641 0.84633 -0.06808
1403715554.512142897 -0.4631 0.96739 0.77988 0.52849 0.23718 -0.81468 0.02715
1403715554.612143040 -0.53279 1.04761 0.7452 0.5645 0.28735 -0.77361 -0.01749
1403715554.712142944 -0.58895 1.09455 0.69902 0.5884 0.31986 -0.741 -0.04893
1403715554.812143087 -0.62038 1.09973 0.64805 0.60665 0.33671 -0.71704 -0.06674
1403715554.912142992 -0.61557 1.06405 0.6089 0.62187 0.33414 -0.70569 -0.06016
1403715555.012142897 -0.56209 0.94839 0.59885 0.63235 0.30918 -0.70967 -0.03016
1403715555.112143040 -0.46879 0.79829 0.60837 0.61672 0.25743 -0.74313 0.03383
1403715555.212142944 -0.35405 0.62668 0.62831 0.58187 0.20045 -0.78111 0.10544
1403715555.312143087 -0.23417 0.45113 0.63886 0.53617 0.14144 -0.81221 0.1812
1403715555.412142992 -0.12465 0.28754 0.64059 0.5169 0.11335 -0.82068 0.21553
1403715555.512142897 -0.03335 0.14724 0.65495 0.52791 0.11414 -0.81433 0.2125
1403715555.612143040 0.04212 0.02927 0.68561 0.5433 0.12757 -0.80618 0.19656
1403715555.712142944 0.11018 -0.06963 0.72736 0.54774 0.14234 -0.80405 0.18227
1403715555.812143087 0.17887 -0.15187 0.77825 0.5374 0.14414 -0.80917 0.18889
1403715555.912142992 0.2459 -0.21686 0.83828 0.5274 0.14127 -0.81356 0.20006
1403715556.012142897 0.29497 -0.26875 0.90597 0.51682 0.13841 -0.81827 0.21017
1403715556.112143040 0.32854 -0.30581 0.96657 0.50388 0.12946 -0.82352 0.22618
1403715556.212142944 0.34307 -0.32237 1.01659 0.5098 0.12675 -0.81868 0.23195
1403715556.312143087 0.33884 -0.31956 1.06064 0.5212 0.13073 -0.81131 0.2303
1403715556.412142992 0.32193 -0.29824 1.10148 0.52782 0.13887 -0.80688 0.22597
1403715556.512142897 0.29714 -0.26094 1.13354 0.53417 0.15914 -0.80437 0.20572
1403715556.612143040 0.26658 -0.21314 1.15239 0.53855 0.18245 -0.80249 0.18076
1403715556.712142944 0.23141 -0.1602 1.15582 0.53283 0.1983 -0.80598 0.16482
1403715556.812143087 0.19144 -0.10759 1.14749 0.53195 0.21234 -0.80569 0.15102
1403715556.912142992 0.14696 -0.05748 1.13523 0.5371 0.22344 -0.80126 0.1399
1403715557.012142897 0.09982 -0.0117 1.12133 0.53491 0.22841 -0.80219 0.13488
1403715557.112143040 0.0495 0.02658 1.10546 0.51878 0.22633 -0.81279 0.13792
1403715557.212142944 -0.00676 0.05823 1.09205 0.50013 0.22171 -0.82489 0.14237
1403715557.312143087 -0.07406 0.08312 1.08125 -0.48769 -0.21865 0.83293 -0.14347
1403715557.412142992 -0.15515 0.1014 1.07167 -0.48451 -0.21595 0.83541 -0.14385
1403715557.512142897 -0.25064 0.11313 1.06389 -0.49905 -0.2152 0.8272 -0.14273
1403715557.612143040 -0.35612 0.1177 1.05392 0.51944 0.21676 -0.81495 0.13803
1403715557.712142944 -0.46782 0.11606 1.04119 0.53741 0.21888 -0.80372 0.1316
1403715557.812143087 -0.58102 0.10795 1.02758 0.54445 0.21496 -0.80005 0.13147
1403715557.912142992 -0.69384 0.09534 1.0238 0.54394 0.20742 -0.80214 0.13295
1403715558.012142897 -0.80564 0.07842 1.0342 0.5444 0.19987 -0.8036 0.13379
1403715558.112143040 -0.91738 0.05722 1.05618 0.54367 0.19536 -0.80553 0.13183
1403715558.212142944 -1.03007 0.03215 1.08659 0.54166 0.19538 -0.80781 0.12599
1403715558.312143087 -1.14523 0.0032 1.11769 0.54524 0.20073 -0.80577 0.11472
1403715558.412142992 -1.26062 -0.03189 1.14727 0.55791 0.20461 -0.79704 0.10765
1403715558.512142897 -1.37311 -0.07394 1.1708 0.57551 0.19754 -0.78472 0.11824
1403715558.612143040 -1.47898 -0.11739 1.18305 0.59227 0.18943 -0.77221 0.13048
1403715558.712142944 -1.57777 -0.15884 1.18043 0.5982 0.18485 -0.7674 0.13819
1403715558.812143087 -1.66697 -0.19899 1.17003 0.59874 0.1918 -0.76471 0.14122
1403715558.912142992 -1.74691 -0.23729 1.16052 0.59836 0.20858 -0.76044 0.14211
1403715559.012142897 -1.81461 -0.27337 1.15441 0.59893 0.22955 -0.75346 0.14452
1403715559.112143040 -1.86673 -0.30881 1.15176 0.59646 0.24972 -0.74692 0.15488
1403715559.212142944 -1.90439 -0.34478 1.15273 0.59353 0.27035 -0.73897 0.16898
1403715559.312143087 -1.92624 -0.37942 1.15482 0.59064 0.29348 -0.72944 0.18145
1403715559.412142992 -1.93317 -0.41267 1.15619 0.58285 0.31821 -0.72263 0.1919
1403715559.512142897 -1.92733 -0.44653 1.15176 0.56356 0.34013 -0.72604 0.19892
1403715559.612143040 -1.91166 -0.4816 1.13539 0.54132 0.34942 -0.73407 0.21454
1403715559.712142944 -1.89003 -0.51747 1.1079 0.53001 0.36008 -0.73493 0.22206
1403715559.812143087 -1.86502 -0.55709 1.0753 0.52576 0.37495 -0.72932 0.22602
1403715559.912142992 -1.83496 -0.59946 1.04157 0.52136 0.39288 -0.7214 0.23111
1403715560.012142897 -1.7998 -0.64695 1.0082 0.51718 0.41502 -0.71064 0.23511
1403715560.112143040 -1.7574 -0.70233 0.97781 0.51052 0.43572 -0.7003 0.24309
1403715560.212142944 -1.70649 -0.76575 0.95848 -0.49847 -0.45058 0.69314 -0.26089
1403715560.312143087 -1.64949 -0.83605 0.95276 -0.48369 -0.46187 0.68751 -0.28293
1403715560.412142992 -1.5905 -0.91127 0.95572 -0.47147 -0.47477 0.67893 -0.30227
1403715560.512142897 -1.53066 -0.99059 0.9589 -0.46129 -0.4905 0.66841 -0.31599
1403715560.612143040 -1.47009 -1.07254 0.96006 -0.45175 -0.50632 0.65652 -0.32947
1403715560.712142944 -1.40764 -1.15837 0.96311 -0.4425 -0.52354 0.64228 -0.34288
1403715560.812143087 -1.34439 -1.24746 0.96671 -0.43517 -0.54302 0.62488 -0.35395
1403715560.912142992 -1.27813 -1.33821 0.97055 -0.42853 -0.5657 0.60494 -0.36109
1403715561.012142897 -1.20629 -1.43079 0.97484 0.41852 0.5868 -0.58462 0.37245
1403715561.112143040 -1.12999 -1.52496 0.97814 0.40341 0.60545 -0.56616 0.3875
1403715561.212142944 -1.04942 -1.62024 0.97969 0.38549 0.62042 -0.55046 0.40432
1403715561.312143087 -0.96773 -1.71694 0.98059 0.36331 0.62508 -0.54395 0.42591
1403715561.412142992 -0.88803 -1.81698 0.98036 0.34312 0.62849 -0.53841 0.44427
1403715561.512142897 -0.81249 -1.91828 0.98289 0.33642 0.63816 -0.52325 0.45363
1403715561.612143040 -0.74118 -2.02147 0.98739 0.33761 0.65033 -0.50253 0.45886
1403715561.712142944 -0.67266 -2.12285 0.99255 0.3408 0.66138 -0.47939 0.46542
1403715561.812143087 -0.6046 -2.22 0.99828 0.34051 0.67005 -0.45561 0.47697
1403715561.912142992 -0.53235 -2.3142 1.00508 0.33501 0.67806 -0.43192 0.49138
1403715562.012142897 -0.46058 -2.39792 1.01453 0.33111 0.68221 -0.40621 0.50985
1403715562.112143040 -0.38975 -2.47173 1.02497 0.32907 0.68271 -0.38407 0.52736
1403715562.212142944 -0.3216 -2.53276 1.03558 0.3315 0.68325 -0.3665 0.53754
1403715562.312143087 -0.2558 -2.57744 1.04349 0.33529 0.69135 -0.35515 0.53243
1403715562.412142992 -0.19067 -2.60334 1.04827 0.33545 0.70634 -0.3516 0.51471
1403715562.512142897 -0.12016 -2.61433 1.0527 0.3336 0.72285 -0.34768 0.49529
1403715562.612143040 -0.03982 -2.61265 1.06029 0.33366 0.73294 -0.33406 0.48978
1403715562.712142944 0.05023 -2.59726 1.06594 0.30825 0.73851 -0.33762 0.49558
1403715562.812143087 0.14833 -2.57296 1.07186 0.27953 0.73969 -0.34598 0.50499
1403715562.912142992 0.24948 -2.54276 1.07819 0.25329 0.74196 -0.34803 0.51403
1403715563.012142897 0.35259 -2.51188 1.08448 0.23332 0.74617 -0.34004 0.52265
1403715563.112143040 0.457 -2.48093 1.09063 0.22271 0.75025 -0.3196 0.53421
1403715563.212142944 0.55875 -2.44763 1.09689 0.21394 0.7537 -0.28961 0.5498
1403715563.312143087 0.66155 -2.41038 1.10212 0.19867 0.75717 -0.25362 0.56824
1403715563.412142992 0.7583 -2.36549 1.10573 0.17604 0.76424 -0.21371 0.58247
1403715563.512142897 0.84794 -2.31456 1.10507 0.1548 0.77359 -0.17123 0.59015
1403715563.612143040 0.92635 -2.25717 1.09315 0.13555 0.77983 -0.12931 0.5973
1403715563.712142944 0.99407 -2.1933 1.06868 0.11815 0.78246 -0.09024 0.6047
1403715563.812143087 1.05106 -2.12244 1.03479 0.09661 0.78196 -0.05564 0.61328
1403715563.912142992 1.09763 -2.04307 0.98992 0.06015 0.78116 -0.02951 0.62073
1403715564.012142897 1.13359 -1.95665 0.93632 0.01702 0.783 -0.00608 0.62176
1403715564.112143040 1.15813 -1.86632 0.8814 -0.02755 0.78575 0.01828 0.61766
1403715564.212142944 1.16973 -1.77855 0.82945 -0.06665 0.78583 0.04664 0.61307
1403715564.312143087 1.17255 -1.69634 0.78537 -0.0966 0.78442 0.08372 0.60691
1403715564.412142992 1.16602 -1.62139 0.75452 -0.12351 0.78424 0.12774 0.59447
1403715564.512142897 1.15295 -1.55397 0.73683 -0.14708 0.78677 0.17588 0.57309
1403715564.612143040 1.13519 -1.49172 0.73493 -0.16878 0.78244 0.22389 0.55604
1403715564.712142944 1.11379 -1.43306 0.74806 -0.18839 0.77111 0.27053 0.54471
1403715564.812143087 1.09013 -1.37401 0.77532 -0.20825 0.75519 0.31462 0.53604
1403715564.912142992 1.06541 -1.31533 0.81604 -0.22962 0.73586 0.35369 0.5298
1403715565.012142897 1.03718 -1.25623 0.87024 -0.2517 0.71324 0.38902 0.52593
1403715565.112143040 1.00162 -1.19757 0.9339 -0.27627 0.6927 0.42219 0.51536
1403715565.212142944 0.95879 -1.14211 0.99402 -0.30567 0.67477 0.45107 0.49778
1403715565.312143087 0.91364 -1.08813 1.04151 -0.33539 0.65509 0.47471 0.48272
1403715565.412142992 0.86717 -1.03916 1.07873 -0.36476 0.63064 0.49478 0.47374
1403715565.512142897 0.81922 -0.99599 1.10473 -0.39356 0.6057 0.5139 0.46277
1403715565.612143040 0.76876 -0.95901 1.12599 -0.41768 0.57906 0.53786 0.44827
1403715565.712142944 0.71725 -0.93162 1.15055 -0.44085 0.55108 0.56476 0.42781
1403715565.812143087 0.66287 -0.91625 1.17868 -0.45889 0.52037 0.59747 0.40207
1403715565.912142992 0.60825 -0.91373 1.20861 -0.47827 0.48561 0.63096 0.37058
1403715566.012142897 0.55541 -0.9244 1.23884 -0.49994 0.44417 0.66143 0.33953
1403715566.112143040 0.50471 -0.94076 1.26922 0.51832 -0.40195 -0.68934 -0.30756
1403715566.212142944 0.45704 -0.96355 1.29875 0.53486 -0.35818 -0.71329 -0.27724
1403715566.312143087 0.41347 -0.99349 1.32727 0.55057 -0.31441 -0.73343 -0.24515
1403715566.412142992 0.37634 -1.03114 1.35069 0.5622 -0.27044 -0.75146 -0.21471
1403715566.512142897 0.34371 -1.07413 1.36302 0.57482 -0.22771 -0.76378 -0.18536
1403715566.612143040 0.3154 -1.12258 1.36446 0.58608 -0.18762 -0.77242 -0.1571
1403715566.712142944 0.29219 -1.17687 1.35573 0.59406 -0.14519 -0.78043 -0.13017
1403715566.812143087 0.27665 -1.23866 1.34458 0.599 -0.1012 -0.78831 -0.09762
1403715566.912142992 0.26756 -1.30905 1.3371 0.60475 -0.05516 -0.79221 -0.0602
1403715567.012142897 0.26649 -1.38444 1.32889 0.60622 -0.00569 -0.79502 -0.0201
1403715567.112143040 0.27336 -1.46233 1.31993 0.60157 0.04377 -0.79712 0.02812
1403715567.212142944 0.29008 -1.54153 1.31196 0.59404 0.09744 -0.79494 0.07541
1403715567.312143087 0.31419 -1.61994 1.30213 0.57771 0.15558 -0.7924 0.11893
1403715567.412142992 0.34236 -1.6965 1.28851 0.56039 0.21893 -0.7835 0.15546
1403715567.512142897 0.37447 -1.77162 1.26359 0.54177 0.28064 -0.76952 0.18857
1403715567.612143040 0.40913 -1.84709 1.22514 0.52517 0.33545 -0.74996 0.2219
1403715567.712142944 0.44742 -1.92682 1.17827 0.51105 0.38491 -0.72461 0.25616
1403715567.812143087 0.49056 -2.00797 1.12935 -0.4986 -0.4293 0.69381 -0.2928
1403715567.912142992 0.53855 -2.08919 1.08075 -0.48254 -0.47308 0.66159 -0.32505
1403715568.012142897 0.59122 -2.16818 1.03421 -0.4664 -0.51535 0.62637 -0.35291
1403715568.112143040 0.65133 -2.24465 0.99158 -0.45082 -0.5501 0.58935 -0.38316
1403715568.212142944 0.71732 -2.3153 0.95112 0.4324 0.5824 -0.55193 0.41135
1403715568.312143087 0.78994 -2.3754 0.91155 0.40675 0.61181 -0.51789 0.43822
1403715568.412142992 0.87064 -2.42496 0.87743 0.38089 0.63885 -0.48292 0.46216
1403715568.512142897 0.95763 -2.46344 0.8507 0.35571 0.66476 -0.44547 0.48282
1403715568.612143040 1.04443 -2.49015 0.83089 0.32918 0.68911 -0.40731 0.50087
1403715568.712142944 1.12854 -2.50435 0.81659 0.30113 0.71182 -0.3683 0.51671
1403715568.812143087 1.20975 -2.50797 0.80528 0.27115 0.73264 -0.32923 0.53041
1403715568.912142992 1.28826 -2.50254 0.79677 0.24231 0.75147 -0.29085 0.54035
1403715569.012142897 1.36219 -2.48908 0.78768 0.21175 0.76978 -0.25789 0.54415
1403715569.112143040 1.43452 -2.47052 0.77824 0.18433 0.78408 -0.22479 0.54837
1403715569.212142944 1.5083 -2.44836 0.76762 0.15535 0.79418 -0.19561 0.55397
1403715569.312143087 1.58314 -2.42376 0.75891 0.13316 0.79482 -0.16874 0.5675
1403715569.412142992 1.65644 -2.39568 0.75246 0.11717 0.79038 -0.14366 0.5839
1403715569.512142897 1.72383 -2.36222 0.74756 0.10485 0.78849 -0.11802 0.59444
1403715569.612143040 1.78294 -2.32218 0.74376 0.09244 0.79045 -0.09116 0.59861
1403715569.712142944 1.83473 -2.2756 0.73938 0.07622 0.79596 -0.06421 0.59709
1403715569.812143087 1.87867 -2.22175 0.73592 0.05299 0.80099 -0.0361 0.59523
1403715569.912142992 1.91574 -2.16229 0.73433 0.02596 0.80192 -0.00497 0.59685
1403715570.012142897 1.94911 -2.09709 0.73388 2e-05 0.79888 0.02862 0.60081
1403715570.112143040 1.97435 -2.02803 0.73258 -0.02617 0.79485 0.06368 0.60288
1403715570.212142944 1.99104 -1.95593 0.73038 -0.05356 0.79002 0.09962 0.60255
1403715570.312143087 1.99669 -1.88231 0.72725 -0.08228 0.78291 0.13707 0.60124
1403715570.412142992 1.99286 -1.80683 0.72127 -0.11195 0.77254 0.1764 0.59961
1403715570.512142897 1.97808 -1.73046 0.71392 -0.14458 0.75981 0.21528 0.59618
1403715570.612143040 1.95116 -1.65604 0.70418 -0.17406 0.74488 0.25706 0.59057
1403715570.712142944 1.91337 -1.5835 0.68957 -0.20421 0.73547 0.29819 0.57311
1403715570.812143087 1.86476 -1.51219 0.67584 -0.23308 0.7215 0.34035 0.55612
1403715570.912142992 1.80622 -1.44343 0.66147 -0.26198 0.70534 0.38024 0.53785
1403715571.012142897 1.73988 -1.37821 0.64581 -0.2861 0.69154 0.41611 0.5165
1403715571.112143040 1.66928 -1.31565 0.63003 -0.30876 0.68016 0.43932 0.49905
1403715571.212142944 1.59712 -1.25538 0.61642 -0.33028 0.66756 0.44983 0.49288
1403715571.312143087 1.52452 -1.2012 0.60603 -0.34395 0.6519 0.45508 0.49962
1403715571.412142992 1.44897 -1.15754 0.59608 -0.34981 0.64409 0.45839 0.50266
1403715571.512142897 1.36988 -1.1231 0.58548 -0.34543 0.64939 0.46486 0.49283
1403715571.612143040 1.28898 -1.09481 0.57027 -0.34832 0.66577 0.46416 0.46902
1403715571.712142944 1.20934 -1.06807 0.54302 -0.3611 0.69036 0.45359 0.43275
1403715571.812143087 1.13805 -1.04101 0.5047 -0.36906 0.71659 0.44346 0.39197
1403715571.912142992 1.0884 -1.0161 0.46683 -0.36896 0.73652 0.43792 0.36004
1403715572.012142897 1.06798 -0.98607 0.43139 -0.35783 0.75105 0.44061 0.33725
1403715572.112143040 1.08463 -0.95121 0.40171 -0.33467 0.75348 0.45713 0.33362
1403715572.212142944 1.1208 -0.89915 0.37722 -0.31117 0.73681 0.48347 0.35574
1403715572.312143087 1.17382 -0.82502 0.35773 -0.30171 0.69675 0.51168 0.40212
1403715572.412142992 1.22724 -0.73412 0.33756 -0.31055 0.65086 0.53132 0.44457
1403715572.512142897 1.27181 -0.63513 0.31293 -0.32948 0.61557 0.54425 0.46509
1403715572.612143040 1.30497 -0.53472 0.28495 -0.35013 0.592 0.55699 0.46552
1403715572.712142944 1.32528 -0.435 0.25879 -0.36767 0.57094 0.57403 0.45754
1403715572.812143087 1.33016 -0.33777 0.23679 -0.38147 0.5552 0.59371 0.44016
1403715572.912142992 1.32365 -0.24506 0.22746 -0.40108 0.54128 0.609 0.41865
1403715573.012142897 1.30805 -0.15398 0.23152 -0.42208 0.52294 0.62228 0.40142
1403715573.112143040 1.28469 -0.0671 0.24747 -0.44262 0.50378 0.63544 0.38276
1403715573.212142944 1.25621 0.01305 0.27223 -0.46017 0.48488 0.6497 0.36198
1403715573.312143087 1.22497 0.08652 0.29679 -0.47469 0.46633 0.6653 0.3385
1403715573.412142992 1.19346 0.15518 0.31938 -0.48668 0.44768 0.68135 0.31383
1403715573.512142897 1.16271 0.22184 0.3403 0.50012 -0.43246 -0.69454 -0.28368
1403715573.612143040 1.13489 0.28505 0.36244 0.50958 -0.41328 -0.70859 -0.25967
1403715573.712142944 1.11104 0.35121 0.38392 0.50977 -0.38623 -0.72801 -0.24689
1403715573.812143087 1.08756 0.42033 0.40381 0.50432 -0.35752 -0.75018 -0.2347
1403715573.912142992 1.06037 0.49207 0.42296 -0.49998 0.32862 0.77115 0.21762
1403715574.012142897 1.02968 0.56094 0.44295 0.50089 -0.29936 -0.78868 -0.19359
1403715574.112143040 0.9899 0.63601 0.46357 0.50384 -0.26724 -0.80444 -0.16615
1403715574.212142944 0.94066 0.71692 0.48622 0.5145 -0.23046 -0.81362 -0.14211
1403715574.312143087 0.88672 0.79819 0.51028 0.53239 -0.18488 -0.81554 -0.13148
1403715574.412142992 0.82606 0.88217 0.53349 0.54545 -0.13909 -0.81603 -0.13128
1403715574.512142897 0.76457 0.95731 0.54977 0.55043 -0.10546 -0.81743 -0.13306
1403715574.612143040 0.69405 1.03032 0.56411 0.54946 -0.0829 -0.82128 -0.1293
1403715574.712142944 0.6207 1.08713 0.5744 0.54694 -0.06538 -0.82567 -0.12185
1403715574.812143087 0.54205 1.12918 0.58179 0.54613 -0.0577 -0.82911 -0.10486
1403715574.912142992 0.45536 1.16368 0.59202 0.54948 -0.06158 -0.8292 -0.08187
1403715575.012142897 0.36356 1.19248 0.60825 0.55871 -0.06475 -0.82397 -0.06869
1403715575.112143040 0.26953 1.21623 0.62761 0.57031 -0.06444 -0.81609 -0.06774
1403715575.212142944 0.17805 1.23344 0.64894 0.59167 -0.06347 -0.80036 -0.07292
1403715575.312143087 0.09303 1.24256 0.66877 0.60338 -0.06204 -0.79057 -0.08413
1403715575.412142992 0.01441 1.24219 0.68332 0.59221 -0.07022 -0.79808 -0.0861
1403715575.512142897 -0.05154 1.23268 0.70001 0.58041 -0.07515 -0.80541 -0.09377
1403715575.612143040 -0.11778 1.21714 0.72112 0.5807 -0.06903 -0.80281 -0.11625
1403715575.712142944 -0.17873 1.18691 0.74571 0.58258 -0.06255 -0.79858 -0.1377
1403715575.812143087 -0.23952 1.14057 0.76879 0.57984 -0.06276 -0.79868 -0.1482
1403715575.912142992 -0.30216 1.07626 0.79079 0.5777 -0.06973 -0.80007 -0.14589
1403715576.012142897 -0.36613 0.99582 0.80938 0.57677 -0.08613 -0.80228 -0.12755
1403715576.112143040 -0.43083 0.90405 0.82738 0.57704 -0.09777 -0.8029 -0.11327
1403715576.212142944 -0.49071 0.80472 0.84277 0.57907 -0.10654 -0.80193 -0.10122
1403715576.312143087 -0.54869 0.70188 0.85936 0.58326 -0.10839 -0.79916 -0.09694
1403715576.412142992 -0.60257 0.5963 0.88028 0.59646 -0.10525 -0.78968 -0.09778
1403715576.512142897 -0.65186 0.48487 0.90407 0.61158 -0.10218 -0.77819 -0.09976
1403715576.612143040 -0.6893 0.36889 0.92887 0.62447 -0.1009 -0.76722 -0.10601
1403715576.712142944 -0.7136 0.24616 0.95274 0.62524 -0.10344 -0.76517 -0.11357
1403715576.812143087 -0.72551 0.11555 0.97534 0.61517 -0.11309 -0.7712 -0.11844
1403715576.912142992 -0.72584 -0.02248 0.9972 0.59751 -0.12465 -0.78268 -0.1219
1403715577.012142897 -0.71871 -0.16631 1.02004 0.5857 -0.13827 -0.78926 -0.12211
1403715577.112143040 -0.70712 -0.31378 1.0419 0.58104 -0.15873 -0.78982 -0.11566
1403715577.212142944 -0.69192 -0.46127 1.05899 0.57879 -0.17884 -0.78778 -0.11147
1403715577.312143087 -0.67414 -0.60581 1.05791 0.57807 -0.19036 -0.78525 -0.11387
1403715577.412142992 -0.65276 -0.74674 1.03548 0.57675 -0.19272 -0.78428 -0.12299
1403715577.512142897 -0.62773 -0.88576 1.0064 0.57533 -0.19367 -0.78407 -0.12932
1403715577.612143040 -0.59874 -1.02084 0.98123 0.57414 -0.19464 -0.78428 -0.13181
1403715577.712142944 -0.56657 -1.15565 0.97028 0.57312 -0.19709 -0.78476 -0.12977
1403715577.812143087 -0.53102 -1.28768 0.96975 0.5745 -0.20449 -0.78314 -0.1218
1403715577.912142992 -0.49116 -1.41323 0.96195 0.57488 -0.21766 -0.78021 -0.11582
1403715578.012142897 -0.44563 -1.53094 0.938 0.57139 -0.23722 -0.77764 -0.1119
1403715578.112143040 -0.39584 -1.63918 0.89864 0.56144 -0.26524 -0.77686 -0.10454
1403715578.212142944 -0.34148 -1.73481 0.84892 0.54705 -0.30161 -0.77498 -0.09581
1403715578.312143087 -0.2825 -1.81119 0.80067 0.53957 -0.32631 -0.76767 -0.11433
1403715578.412142992 -0.21626 -1.8724 0.7542 0.53193 -0.34657 -0.75916 -0.14357
1403715578.512142897 -0.14532 -1.92064 0.70704 0.51402 -0.36521 -0.75624 -0.17464
1403715578.612143040 -0.07373 -1.9573 0.65717 -0.47853 0.38127 0.76525 0.2001
1403715578.712142944 -0.00953 -1.97901 0.6079 -0.44074 0.39606 0.77701 0.21246
1403715578.812143087 0.04009 -1.98305 0.56231 -0.41796 0.40884 0.78159 0.21745
1403715578.912142992 0.0708 -1.96764 0.52001 -0.4127 0.41349 0.77932 0.22664
1403715579.012142897 0.0819 -1.93195 0.48405 -0.42271 0.40159 0.77235 0.25202
1403715579.112143040 0.07537 -1.88417 0.45717 -0.43166 0.37839 0.76686 0.28706
1403715579.212142944 0.04659 -1.83313 0.4445 -0.44254 0.34968 0.75922 0.32477
1403715579.312143087 -0.00669 -1.78847 0.44062 -0.45379 0.33603 0.75045 0.34349
1403715579.412142992 -0.07885 -1.75563 0.43471 -0.45651 0.33596 0.74786 0.34559
1403715579.512142897 -0.16835 -1.73445 0.42589 -0.4572 0.3457 0.74802 0.33455
1403715579.612143040 -0.27426 -1.72269 0.41764 -0.46058 0.35819 0.74745 0.31764
1403715579.712142944 -0.39437 -1.71583 0.41492 -0.47092 0.36134 0.74291 0.30943
1403715579.812143087 -0.5256 -1.71403 0.41987 -0.48053 0.35941 0.73881 0.30673
1403715579.912142992 -0.6659 -1.71883 0.4358 -0.48386 0.35664 0.7363 0.31072
1403715580.012142897 -0.81403 -1.7299 0.45536 -0.48949 0.36793 0.72799 0.30832
1403715580.112143040 -0.96509 -1.74652 0.46626 -0.49181 0.3866 0.71576 0.3104
1403715580.212142944 -1.11573 -1.76809 0.46425 -0.49006 0.40922 0.70153 0.31659
1403715580.312143087 -1.26857 -1.79357 0.45464 -0.48611 0.43438 0.68534 0.32454
1403715580.412142992 -1.41996 -1.82307 0.44499 -0.4841 0.46383 0.66476 0.32955
1403715580.512142897 -1.56916 -1.85595 0.43707 -0.48119 0.49272 0.64432 0.33247
1403715580.612143040 -1.71315 -1.89063 0.42958 -0.47785 0.51781 0.62879 0.32887
1403715580.712142944 -1.84717 -1.92497 0.42223 -0.47618 0.54153 0.61564 0.31778
1403715580.812143087 -1.96852 -1.95552 0.41644 -0.47646 0.56096 0.60417 0.30542
1403715580.912142992 -2.07221 -1.98064 0.41237 -0.4801 0.58092 0.59205 0.2855
1403715581.012142897 -2.15327 -1.99676 0.41114 -0.47757 0.59412 0.58775 0.27109
1403715581.112143040 -2.20822 -2.00046 0.41328 -0.4638 0.59844 0.59568 0.26819
1403715581.212142944 -2.24175 -1.98925 0.4201 -0.45092 0.59332 0.6045 0.28148
1403715581.312143087 -2.26023 -1.9641 0.42918 -0.4519 0.5846 0.60606 0.29447
1403715581.412142992 -2.26468 -1.9272 0.437 -0.4577 0.57149 0.61145 0.30006
1403715581.512142897 -2.25745 -1.88157 0.44243 -0.45847 0.54685 0.62772 0.311
1403715581.612143040 -2.24332 -1.82852 0.43859 -0.45806 0.51245 0.64992 0.32433
1403715581.712142944 -2.2279 -1.77237 0.42268 -0.45898 0.47694 0.67313 0.3298
1403715581.812143087 -2.21607 -1.71576 0.4036 -0.46001 0.43797 0.6977 0.33134
1403715581.912142992 -2.21243 -1.66129 0.39332 -0.46672 0.40464 0.71758 0.32175
1403715582.012142897 -2.21884 -1.61079 0.39484 -0.48621 0.38164 0.72648 0.30029
1403715582.112143040 -2.23177 -1.56468 0.40837 0.51462 -0.35785 -0.72527 -0.28476
1403715582.212142944 -2.24489 -1.5255 0.42054 0.53666 -0.33769 -0.72305 -0.27416
1403715582.312143087 -2.25706 -1.49338 0.41783 0.53803 -0.32734 -0.73032 -0.26456
1403715582.412142992 -2.26875 -1.46757 0.40645 0.5278 -0.32433 -0.74194 -0.25644
1403715582.512142897 -2.28205 -1.44763 0.39714 0.51311 -0.32611 -0.75381 -0.24929
1403715582.612143040 -2.29982 -1.43035 0.39872 0.50211 -0.33017 -0.76086 -0.2449
1403715582.712142944 -2.32403 -1.4149 0.41175 -0.49375 0.33623 0.76426 0.24306
1403715582.812143087 -2.35421 -1.39875 0.4222 -0.48575 0.34377 0.76602 0.24306
1403715582.912142992 -2.38996 -1.38035 0.4191 -0.47335 0.35273 0.77011 0.24176
1403715583.012142897 -2.43396 -1.35843 0.40432 -0.46127 0.36158 0.7739 0.23991
1403715583.112143040 -2.49024 -1.32672 0.37922 -0.45811 0.36763 0.77266 0.24081
1403715583.212142944 -2.55683 -1.28728 0.35577 -0.47897 0.36673 0.75721 0.25048
1403715583.312143087 -2.62827 -1.24509 0.3335 0.50945 -0.36508 -0.73533 -0.25782
1403715583.412142992 -2.70176 -1.20245 0.31075 0.53954 -0.36256 -0.71312 -0.26251
1403715583.512142897 -2.77148 -1.16424 0.28568 0.56312 -0.35739 -0.69543 -0.26748
1403715583.612143040 -2.82993 -1.13517 0.26214 0.59013 -0.34752 -0.67449 -0.27575
1403715583.712142944 -2.87353 -1.12038 0.23934 0.62032 -0.3307 -0.64868 -0.29164
1403715583.812143087 -2.89634 -1.12794 0.21659 0.64328 -0.31502 -0.62778 -0.3047
1403715583.912142992 -2.89253 -1.1662 0.2045 0.65477 -0.30942 -0.61805 -0.30586
1403715584.012142897 -2.85774 -1.23897 0.20996 0.65485 -0.31666 -0.62084 -0.29232
1403715584.112143040 -2.79048 -1.34167 0.23307 0.64152 -0.33295 -0.63608 -0.27019
1403715584.212142944 -2.69463 -1.46581 0.27139 0.61465 -0.35332 -0.66161 -0.24422
1403715584.312143087 -2.57542 -1.5998 0.31726 0.57555 -0.37162 -0.69447 -0.21988
1403715584.412142992 -2.4452 -1.73234 0.35203 0.54398 -0.38248 -0.71867 -0.20326
1403715584.512142897 -2.30722 -1.85856 0.3682 0.52296 -0.38585 -0.73385 -0.19772
1403715584.612143040 -2.167 -1.97348 0.37954 0.50983 -0.38634 -0.743 -0.1969
1403715584.712142944 -2.0266 -2.07556 0.39303 -0.49491 0.37842 0.75402 0.20813
1403715584.812143087 -1.89011 -2.16368 0.40863 -0.48143 0.37032 0.76306 0.22099
1403715584.912142992 -1.76019 -2.24134 0.42594 -0.47029 0.36532 0.76997 0.22918
1403715585.012142897 -1.64123 -2.31123 0.44116 -0.45126 0.36086 0.78137 0.23582
1403715585.112143040 -1.5397 -2.37459 0.45334 -0.43415 0.36748 0.78968 0.22995
1403715585.212142944 -1.45813 -2.42519 0.46739 -0.4245 0.37341 0.79383 0.22404
1403715585.312143087 -1.3973 -2.45781 0.48571 -0.43235 0.37144 0.78971 0.22686
1403715585.412142992 -1.35399 -2.47602 0.5067 -0.4472 0.3633 0.78266 0.23551
1403715585.512142897 -1.32393 -2.48628 0.52685 -0.46049 0.35519 0.77643 0.24278
1403715585.612143040 -1.30496 -2.49233 0.54568 -0.47362 0.34633 0.77003 0.25058
1403715585.712142944 -1.29628 -2.49571 0.55906 -0.47907 0.34177 0.7678 0.25331
1403715585.812143087 -1.29932 -2.4968 0.55962 -0.48159 0.34301 0.76685 0.24969
1403715585.912142992 -1.3139 -2.49467 0.53675 -0.48621 0.35223 0.76402 0.23626
1403715586.012142897 -1.33268 -2.48895 0.50469 -0.49548 0.36861 0.75665 0.21475
1403715586.112143040 -1.3541 -2.47346 0.48278 0.51595 -0.37889 -0.74086 -0.20337
1403715586.212142944 -1.3714 -2.44844 0.47535 0.53463 -0.37237 -0.72763 -0.21462
1403715586.312143087 -1.38299 -2.42172 0.47651 0.53976 -0.35574 -0.72438 -0.23953
1403715586.412142992 -1.38984 -2.39701 0.47753 0.54123 -0.33736 -0.723 -0.26559
1403715586.512142897 -1.39463 -2.37904 0.47737 0.5449 -0.32564 -0.72 -0.28043
1403715586.612143040 -1.39921 -2.37206 0.47851 0.54811 -0.32222 -0.7175 -0.28451
1403715586.712142944 -1.40157 -2.37604 0.47888 0.54534 -0.32619 -0.71954 -0.28011
1403715586.812143087 -1.40081 -2.3917 0.4767 0.53608 -0.33969 -0.72625 -0.26416
1403715586.912142992 -1.39849 -2.41168 0.47634 0.52203 -0.35368 -0.7355 -0.24787
1403715587.012142897 -1.39721 -2.43297 0.48222 0.51305 -0.36106 -0.74048 -0.24105
1403715587.112143040 -1.39492 -2.45354 0.48826 0.51222 -0.36372 -0.73994 -0.24046
1403715587.212142944 -1.39315 -2.47189 0.49957 0.51962 -0.35566 -0.73519 -0.251
1403715587.312143087 -1.39248 -2.49197 0.51327 0.52724 -0.34783 -0.73126 -0.25748
1403715587.412142992 -1.39179 -2.51552 0.5278 0.53639 -0.34827 -0.72714 -0.24953
1403715587.512142897 -1.38798 -2.54154 0.54242 0.54157 -0.35615 -0.72376 -0.23671
1403715587.612143040 -1.37683 -2.56719 0.55837 0.54327 -0.37268 -0.71794 -0.22478
1403715587.712142944 -1.35607 -2.59052 0.5753 0.53764 -0.39365 -0.7124 -0.22016
1403715587.812143087 -1.32439 -2.60899 0.59364 0.52884 -0.4171 -0.70337 -0.22722
1403715587.912142992 -1.28265 -2.62118 0.61347 0.51919 -0.43988 -0.68947 -0.24815
1403715588.012142897 -1.23084 -2.62876 0.63391 0.50996 -0.4588 -0.67078 -0.28197
1403715588.112143040 -1.17081 -2.63608 0.65094 0.50138 -0.47617 -0.64888 -0.31753
1403715588.212142944 -1.10477 -2.64715 0.65188 -0.49239 0.49454 0.6247 0.35035
1403715588.312143087 -1.03673 -2.66376 0.629 -0.48218 0.51713 0.59981 0.37457
1403715588.412142992 -0.96725 -2.68917 0.59187 -0.46909 0.5399 0.57678 0.39469
1403715588.512142897 -0.8956 -2.72437 0.55362 -0.45367 0.56137 0.55649 0.41153
1403715588.612143040 -0.81978 -2.76839 0.51734 -0.43675 0.58346 0.53751 0.42416
1403715588.712142944 -0.74014 -2.82036 0.48127 -0.41416 0.60818 0.52356 0.42951
1403715588.812143087 -0.65811 -2.8778 0.44481 -0.38507 0.6336 0.51355 0.43191
1403715588.912142992 -0.57477 -2.93619 0.40658 -0.34845 0.66041 0.50743 0.43007
1403715589.012142897 -0.49113 -2.98908 0.36894 -0.31298 0.68597 0.49971 0.42636
1403715589.112143040 -0.40689 -3.03026 0.33928 -0.28731 0.70684 0.48609 0.42609
1403715589.212142944 -0.31987 -3.05309 0.32333 -0.27019 0.72192 0.47086 0.4291
1403715589.312143087 -0.23056 -3.05424 0.32188 -0.25496 0.7354 0.45594 0.43163
1403715589.412142992 -0.14117 -3.03329 0.33334 -0.23857 0.75096 0.44123 0.42949
1403715589.512142897 -0.04759 -2.99482 0.34775 -0.22387 0.76548 0.42577 0.42737
1403715589.612143040 0.05624 -2.93726 0.3635 -0.21104 0.77473 0.41606 0.4268
1403715589.712142944 0.17117 -2.85721 0.39408 -0.20759 0.77659 0.40808 0.43277
1403715589.812143087 0.29437 -2.75446 0.44662 -0.21695 0.76197 0.3991 0.46158
1403715589.912142992 0.42195 -2.63669 0.51034 -0.23531 0.74168 0.38777 0.49413
1403715590.012142897 0.54702 -2.51259 0.56884 -0.25017 0.7284 0.37957 0.51262
1403715590.112143040 0.66827 -2.38714 0.62114 -0.25515 0.72136 0.37909 0.52042
1403715590.212142944 0.78245 -2.26361 0.66665 -0.25315 0.72048 0.38511 0.51818
1403715590.312143087 0.89134 -2.13802 0.70895 -0.24985 0.7166 0.3993 0.51441
1403715590.412142992 0.99092 -2.0097 0.75037 -0.24574 0.70585 0.42239 0.5128
1403715590.512142897 1.08146 -1.87325 0.78936 -0.24851 0.69012 0.44927 0.51004
1403715590.612143040 1.15963 -1.72921 0.8262 -0.25498 0.67299 0.47921 0.50243
1403715590.712142944 1.22462 -1.5788 0.85951 -0.27641 0.66413 0.50194 0.48019
1403715590.812143087 1.27751 -1.42264 0.89362 -0.30833 0.65169 0.51914 0.45905
1403715590.912142992 1.32142 -1.26302 0.93008 -0.34014 0.63019 0.53752 0.44524
1403715591.012142897 1.35703 -1.10332 0.9655 -0.36306 0.60587 0.56262 0.42962
1403715591.112143040 1.38443 -0.94541 0.99929 -0.38089 0.58007 0.59155 0.41049
1403715591.212142944 1.40442 -0.79003 1.02972 -0.3926 0.54797 0.62467 0.39418
1403715591.312143087 1.41641 -0.63462 1.05768 -0.40165 0.51078 0.65771 0.38105
1403715591.412142992 1.41618 -0.47949 1.08421 -0.41429 0.47519 0.6853 0.36459
1403715591.512142897 1.40373 -0.32489 1.10606 -0.42808 0.44232 0.70894 0.34425
1403715591.612143040 1.37871 -0.17504 1.11794 -0.44308 0.41322 0.72908 0.31839
1403715591.712142944 1.34255 -0.02329 1.11838 -0.45934 0.38232 0.74467 0.29716
1403715591.812143087 1.29682 0.12535 1.10678 -0.47229 0.35034 0.7583 0.28139
1403715591.912142992 1.24041 0.27396 1.08279 -0.48223 0.31976 0.771 0.26601
1403715592.012142897 1.17527 0.41272 1.04705 -0.48835 0.28366 0.7844 0.25645
1403715592.112143040 1.09774 0.55078 1.00382 -0.49444 0.24619 0.79645 0.24615
1403715592.212142944 1.00515 0.67604 0.96757 0.51049 -0.2065 -0.80143 -0.23339
1403715592.312143087 0.90041 0.77949 0.94405 0.52592 -0.16618 -0.80513 -0.21808
1403715592.412142992 0.78516 0.86004 0.93301 0.5356 -0.12634 -0.81044 -0.20087
1403715592.512142897 0.66187 0.9186 0.93077 0.542 -0.08713 -0.81554 -0.18311
1403715592.612143040 0.53358 0.95397 0.92816 0.54935 -0.04743 -0.81752 -0.16622
1403715592.712142944 0.40031 0.96525 0.92427 0.55487 -0.00643 -0.81845 -0.14903
1403715592.812143087 0.26546 0.94924 0.92124 0.55902 0.02506 -0.82041 -0.11746
1403715592.912142992 0.12932 0.91227 0.91679 0.56083 0.03958 -0.82452 -0.06383
1403715593.012142897 -0.00714 0.8607 0.91177 0.5617 0.05351 -0.82557 -0.00807
1403715593.112143040 -0.14482 0.80263 0.90698 0.56307 0.07598 -0.82196 0.03953
1403715593.212142944 -0.28213 0.74224 0.90264 0.56433 0.1086 -0.81507 0.07344
1403715593.312143087 -0.41622 0.68134 0.89825 0.56313 0.14578 -0.80775 0.0958
1403715593.412142992 -0.54657 0.61942 0.89511 0.56225 0.19004 -0.79821 0.10306
1403715593.512142897 -0.67207 0.55322 0.89159 0.56005 0.23339 -0.7872 0.11038
1403715593.612143040 -0.79127 0.47909 0.88931 0.56085 0.26919 -0.77253 0.1272
1403715593.712142944 -0.90066 0.39736 0.8889 0.56693 0.29804 -0.75274 0.15214
1403715593.812143087 -0.9984 0.30954 0.88866 0.56901 0.32659 -0.73347 0.17771
1403715593.912142992 -1.08319 0.21763 0.8855 0.56241 0.35971 -0.71716 0.19995
1403715594.012142897 -1.15237 0.12205 0.87913 0.5467 0.3947 -0.70452 0.22133
1403715594.112143040 -1.20913 0.02244 0.87262 0.52573 0.42608 -0.69453 0.24431
1403715594.212142944 -1.25311 -0.07984 0.86761 0.50741 0.45421 -0.68206 0.26648
1403715594.312143087 -1.28914 -0.18696 0.86566 -0.49242 -0.48079 0.6668 -0.28589
1403715594.412142992 -1.31442 -0.29697 0.86633 -0.48206 -0.50835 0.64629 -0.30248
1403715594.512142897 -1.32724 -0.40904 0.86739 -0.47243 -0.53921 0.62149 -0.31594
1403715594.612143040 -1.3286 -0.52423 0.86728 -0.46023 -0.57083 0.59476 -0.32954
1403715594.712142944 -1.31552 -0.64204 0.86506 0.43698 0.60264 -0.57364 0.34178
1403715594.812143087 -1.28727 -0.76253 0.85952 0.39915 0.62879 -0.5616 0.36041
1403715594.912142992 -1.24829 -0.887 0.85487 0.36406 0.6515 -0.5457 0.38107
1403715595.012142897 -1.20268 -1.0185 0.84972 0.33609 0.67383 -0.52373 0.39837
1403715595.112143040 -1.1502 -1.16174 0.84428 0.31273 0.69417 -0.4981 0.415
1403715595.212142944 -1.0921 -1.31353 0.84054 0.29015 0.70808 -0.47118 0.43866
1403715595.312143087 -1.03003 -1.47328 0.83614 0.27048 0.7212 -0.43993 0.4617
1403715595.412142992 -0.96497 -1.63913 0.82832 0.25187 0.73287 -0.4059 0.48447
1403715595.512142897 -0.89831 -1.80596 0.82157 0.23627 0.74284 -0.36746 0.50728
1403715595.612143040 -0.83216 -1.97244 0.8158 0.23162 0.75383 -0.31987 0.52514
1403715595.712142944 -0.76526 -2.13294 0.8109 0.23919 0.76074 -0.26179 0.54363
1403715595.812143087 -0.6977 -2.27811 0.80679 0.24827 0.76211 -0.20262 0.56258
1403715595.912142992 -0.6309 -2.40069 0.80566 0.25101 0.7554 -0.15353 0.58549
1403715596.012142897 -0.56844 -2.49106 0.8103 0.24383 0.73811 -0.11826 0.61787
1403715596.112143040 -0.51959 -2.54429 0.82212 0.22231 0.71722 -0.09999 0.65282
1403715596.212142944 -0.49109 -2.55978 0.84205 0.20487 0.71709 -0.09189 0.65983
1403715596.312143087 -0.48615 -2.54024 0.86765 0.18578 0.74936 -0.09426 0.62854
1403715596.412142992 -0.4943 -2.49759 0.89398 0.15821 0.79104 -0.10132 0.58221
1403715596.512142897 -0.50089 -2.44291 0.92248 0.12693 0.82409 -0.10611 0.54176
1403715596.612143040 -0.49797 -2.3797 0.95418 0.09921 0.84762 -0.10414 0.51074
1403715596.712142944 -0.47815 -2.31489 0.98769 0.07613 0.86448 -0.09557 0.48759
1403715596.812143087 -0.44346 -2.2509 1.02075 0.05636 0.87605 -0.08187 0.47186
1403715596.912142992 -0.38865 -2.18999 1.05056 0.03782 0.88593 -0.07117 0.45676
1403715597.012142897 -0.30916 -2.13218 1.07604 0.02706 0.8928 -0.06111 0.44546
1403715597.112143040 -0.20007 -2.07905 1.10193 0.02096 0.89218 -0.05395 0.44796
1403715597.212142944 -0.0612 -2.02911 1.1294 0.01211 0.88003 -0.04979 0.47215
1403715597.312143087 0.09879 -1.98273 1.15739 -0.00069 0.86116 -0.04503 0.50634
1403715597.412142992 0.27046 -1.9421 1.18295 -0.01642 0.84204 -0.0366 0.53792
1403715597.512142897 0.44641 -1.90735 1.20788 -0.02664 0.82198 -0.01788 0.56862
1403715597.612143040 0.61648 -1.87943 1.22842 -0.03775 0.81103 0.00679 0.58375
1403715597.712142944 0.78445 -1.85203 1.24279 -0.04992 0.80861 0.03308 0.58528
1403715597.812143087 0.94471 -1.83148 1.2544 -0.0619 0.80909 0.05452 0.58186
1403715597.912142992 1.10091 -1.81612 1.26567 -0.06992 0.80486 0.07052 0.58509
1403715598.012142897 1.25313 -1.80397 1.27806 -0.07546 0.79693 0.08018 0.59395
1403715598.112143040 1.39725 -1.79517 1.28864 -0.07384 0.79251 0.08853 0.59886
1403715598.212142944 1.53339 -1.78804 1.29171 -0.07316 0.78512 0.09243 0.60802
1403715598.312143087 1.65968 -1.78203 1.28373 -0.07502 0.77251 0.09122 0.62392
1403715598.412142992 1.77232 -1.77793 1.26761 -0.08034 0.75434 0.0857 0.64588
1403715598.512142897 1.86314 -1.77899 1.25138 -0.08752 0.73719 0.07795 0.66544
1403715598.612143040 1.92592 -1.78777 1.23471 -0.09014 0.73043 0.07285 0.67308
1403715598.712142944 1.96611 -1.80301 1.21499 -0.08313 0.7438 0.07364 0.65911
1403715598.812143087 1.98631 -1.82193 1.1895 -0.07432 0.76675 0.07658 0.63302
1403715598.912142992 1.99025 -1.84276 1.15958 -0.06623 0.78434 0.07981 0.6116
1403715599.012142897 1.98122 -1.8633 1.12669 -0.06008 0.79394 0.08233 0.5994
1403715599.112143040 1.96115 -1.88267 1.09352 -0.05691 0.79615 0.0836 0.59659
1403715599.212142944 1.93557 -1.90053 1.05706 -0.05991 0.79948 0.08102 0.59218
1403715599.312143087 1.90858 -1.91876 1.0151 -0.06798 0.80579 0.07531 0.58345
1403715599.412142992 1.8813 -1.93938 0.96985 -0.08141 0.80926 0.06602 0.57802
1403715599.512142897 1.85371 -1.96446 0.92245 -0.09549 0.80903 0.05658 0.57719
1403715599.612143040 1.82484 -1.99784 0.87731 -0.10512 0.80658 0.05056 0.5795
1403715599.712142944 1.79447 -2.04196 0.8361 -0.10936 0.80115 0.04768 0.58645
1403715599.812143087 1.76284 -2.09441 0.79559 -0.102 0.79558 0.05147 0.59498
1403715599.912142992 1.72501 -2.157 0.75517 -0.08413 0.79658 0.06279 0.59534
1403715600.012142897 1.68257 -2.22453 0.71316 -0.06799 0.80387 0.07259 0.58643
1403715600.112143040 1.63844 -2.29094 0.67145 -0.04987 0.80724 0.09003 0.58117
1403715600.212142944 1.59191 -2.35107 0.62866 -0.03105 0.80594 0.11986 0.5789
1403715600.312143087 1.54344 -2.39865 0.58471 -0.02662 0.80286 0.1512 0.57606
1403715600.412142992 1.49121 -2.43026 0.54069 -0.03842 0.79986 0.18151 0.57079
1403715600.512142897 1.43527 -2.44458 0.49697 -0.06771 0.80352 0.20573 0.55448
1403715600.612143040 1.37809 -2.4454 0.45552 -0.10709 0.80792 0.2256 0.53375
1403715600.712142944 1.32499 -2.43491 0.42342 -0.13951 0.80429 0.25159 0.51996
1403715600.812143087 1.27724 -2.41441 0.40636 -0.16623 0.79337 0.28209 0.51319
1403715600.912142992 1.2342 -2.3861 0.40443 -0.18797 0.77896 0.31306 0.50979
1403715601.012142897 1.19639 -2.35018 0.41653 -0.20548 0.76504 0.3386 0.50778
1403715601.112143040 1.16234 -2.30845 0.44045 -0.21845 0.75287 0.35629 0.50845
1403715601.212142944 1.13062 -2.26133 0.47602 -0.22304 0.74404 0.36872 0.51058
1403715601.312143087 1.09758 -2.20877 0.52046 -0.22174 0.73722 0.37839 0.51396
1403715601.412142992 1.06205 -2.14932 0.5649 -0.22279 0.73278 0.38458 0.51527
1403715601.512142897 1.02443 -2.08382 0.60359 -0.22725 0.73234 0.38462 0.51391
1403715601.612143040 0.98464 -2.01227 0.63854 -0.23234 0.73274 0.3819 0.51308
1403715601.712142944 0.94408 -1.93626 0.67124 -0.23769 0.73341 0.37795 0.51261
1403715601.812143087 0.90169 -1.8572 0.70374 -0.24226 0.73012 0.37478 0.51748
1403715601.912142992 0.8566 -1.77602 0.73507 -0.24397 0.72751 0.36713 0.52576
1403715602.012142897 0.80803 -1.6961 0.76699 -0.24606 0.71993 0.35091 0.54591
1403715602.112143040 0.75438 -1.61979 0.79528 -0.24625 0.71318 0.33058 0.56696
1403715602.212142944 0.69368 -1.55283 0.81717 -0.24112 0.71762 0.30889 0.57574
1403715602.312143087 0.62456 -1.49587 0.83448 -0.22991 0.72926 0.288 0.57652
1403715602.412142992 0.54933 -1.44704 0.84738 -0.20767 0.74962 0.2725 0.56629
1403715602.512142897 0.47015 -1.40372 0.86065 -0.18605 0.76878 0.25544 0.55598
1403715602.612143040 0.3908 -1.36498 0.87158 -0.16468 0.78109 0.23811 0.55324
1403715602.712142944 0.31064 -1.32768 0.87398 -0.14126 0.78654 0.22016 0.5594
1403715602.812143087 0.22961 -1.29191 0.85951 -0.11968 0.79432 0.2005 0.56084
1403715602.912142992 0.14817 -1.25125 0.83286 -0.10397 0.8016 0.17778 0.56127
1403715603.012142897 0.06846 -1.20648 0.79507 -0.08768 0.80816 0.15671 0.56091
1403715603.112143040 -0.0125 -1.1563 0.75065 -0.07329 0.8104 0.13372 0.56569
1403715603.212142944 -0.09139 -1.10325 0.70518 -0.05778 0.81497 0.11181 0.56568
1403715603.312143087 -0.16987 -1.04668 0.66008 -0.04298 0.82214 0.09305 0.55998
1403715603.412142992 -0.24456 -0.98596 0.61855 -0.03508 0.82689 0.07697 0.55597
1403715603.512142897 -0.31398 -0.91987 0.5826 -0.03714 0.82749 0.06059 0.55696
1403715603.612143040 -0.37783 -0.85225 0.55105 -0.04435 0.82823 0.04505 0.55681
1403715603.712142944 -0.43636 -0.78685 0.5219 -0.05586 0.8278 0.02858 0.5575
1403715603.812143087 -0.48869 -0.72807 0.49897 -0.06643 0.82487 0.01614 0.56117
1403715603.912142992 -0.53576 -0.68035 0.4866 -0.07476 0.83153 0.00883 0.55035
1403715604.012142897 -0.57614 -0.64361 0.48283 -0.07512 0.8427 0.00904 0.53303
1403715604.112143040 -0.60384 -0.61803 0.4851 -0.05835 0.84589 0.02161 0.52972
1403715604.212142944 -0.62199 -0.59768 0.48431 -0.04301 0.84215 0.03246 0.53654
1403715604.312143087 -0.6314 -0.57905 0.48037 -0.03525 0.83734 0.03797 0.54422
1403715604.412142992 -0.63467 -0.56103 0.47291 -0.03226 0.83698 0.03974 0.54484
1403715604.512142897 -0.63052 -0.54234 0.46499 -0.03147 0.83479 0.04008 0.5482
1403715604.612143040 -0.62122 -0.52324 0.45702 -0.03168 0.82726 0.04013 0.55949
1403715604.712142944 -0.60895 -0.50303 0.44791 -0.02971 0.82177 0.0411 0.56755
1403715604.812143087 -0.59678 -0.48123 0.43845 -0.02826 0.82053 0.04201 0.56936
1403715604.912142992 -0.58405 -0.45795 0.43027 -0.02764 0.82053 0.04277 0.56933
1403715605.012142897 -0.57065 -0.43369 0.4229 -0.02719 0.8235 0.04376 0.56497
1403715605.112143040 -0.55464 -0.40841 0.41937 -0.02784 0.82356 0.04411 0.56483
1403715605.212142944 -0.53724 -0.38073 0.41907 -0.02876 0.82135 0.04562 0.56787
1403715605.312143087 -0.51801 -0.35203 0.42055 -0.03422 0.8196 0.04439 0.57018
1403715605.412142992 -0.49878 -0.32327 0.42106 -0.04276 0.81781 0.04123 0.57241
1403715605.512142897 -0.47894 -0.29604 0.41248 -0.04868 0.819 0.03978 0.57034
1403715605.612143040 -0.45872 -0.26993 0.39385 -0.05346 0.82164 0.03866 0.56618
1403715605.712142944 -0.43782 -0.24809 0.37164 -0.05011 0.8211 0.04283 0.56697
1403715605.812143087 -0.41518 -0.23033 0.35256 -0.0426 0.81908 0.0489 0.57
1403715605.912142992 -0.3906 -0.21225 0.3359 -0.03921 0.81771 0.05237 0.57189
1403715606.012142897 -0.36599 -0.19279 0.31881 -0.0374 0.81582 0.05471 0.57449
1403715606.112143040 -0.3422 -0.1735 0.29513 -0.03685 0.81473 0.05708 0.57585
1403715606.212142944 -0.3199 -0.15205 0.26691 -0.03876 0.81498 0.05767 0.57531
1403715606.312143087 -0.2989 -0.12886 0.24197 -0.04676 0.81525 0.05473 0.57462
1403715606.412142992 -0.2785 -0.10766 0.22769 -0.0532 0.81592 0.05282 0.57328
1403715606.512142897 -0.25713 -0.08801 0.22339 -0.05703 0.81435 0.05244 0.57519
1403715606.612143040 -0.23613 -0.06888 0.2202 -0.06329 0.8135 0.05143 0.57582
1403715606.712142944 -0.21628 -0.05264 0.21391 -0.07122 0.81245 0.04945 0.57655
1403715606.812143087 -0.19734 -0.04166 0.20409 -0.07859 0.81011 0.04743 0.57905
1403715606.912142992 -0.18017 -0.03697 0.19281 -0.07497 0.80445 0.05206 0.58697
1403715607.012142897 -0.16718 -0.03671 0.18013 -0.06423 0.80225 0.06111 0.59037
1403715607.112143040 -0.15922 -0.03819 0.16489 -0.05484 0.80494 0.06864 0.58682
1403715607.212142944 -0.15456 -0.03875 0.15008 -0.0511 0.80757 0.07256 0.58305
1403715607.312143087 -0.15216 -0.03681 0.13711 -0.05007 0.80916 0.07365 0.58081
1403715607.412142992 -0.15395 -0.03456 0.12877 -0.0504 0.80828 0.07318 0.58206
1403715607.512142897 -0.15799 -0.03023 0.12204 -0.04874 0.80856 0.07326 0.58179
1403715607.612143040 -0.16496 -0.02425 0.11787 -0.04761 0.80929 0.07251 0.58097
1403715607.712142944 -0.17365 -0.01579 0.11476 -0.04597 0.80963 0.072 0.58069
1403715607.812143087 -0.18463 -0.00584 0.10702 -0.04665 0.81068 0.06987 0.57944
1403715607.912142992 -0.19616 0.00551 0.0909 -0.04594 0.81195 0.07284 0.57734
1403715608.012142897 -0.19572 0.00587 0.09373 -0.04305 0.81134 0.07717 0.57786
1403715608.112143040 -0.19448 0.00495 0.09068 -0.04366 0.81259 0.07675 0.5761
1403715608.212142944 -0.19503 0.00604 0.09117 -0.04321 0.81238 0.07688 0.57642
1403715608.312143087 -0.19472 0.00603 0.09049 -0.0437 0.81251 0.07625 0.57629
1403715608.412142992 -0.19459 0.00561 0.09032 -0.04369 0.81231 0.07616 0.57657
1403715608.512142897 -0.19493 0.00618 0.09007 -0.04396 0.81215 0.07599 0.5768
1403715608.612143040 -0.19456 0.0059 0.09011 -0.04409 0.81261 0.07569 0.57619
1403715608.712142944 -0.1948 0.00605 0.08982 -0.0443 0.81255 0.07565 0.57626
1403715608.812143087 -0.19479 0.00595 0.08981 -0.04431 0.81242 0.07554 0.57646
1403715608.912142992 -0.19474 0.00587 0.08982 -0.04427 0.8126 0.07548 0.57622
1403715609.012142897 -0.19493 0.00599 0.08974 -0.04434 0.81241 0.07542 0.57649
1403715609.112143040 -0.19478 0.00585 0.08983 -0.0443 0.8126 0.07529 0.57624
1403715609.212142944 -0.19493 0.00592 0.08983 -0.04439 0.81257 0.07522 0.57629
1403715609.312143087 -0.19484 0.00588 0.0898 -0.04437 0.81264 0.07507 0.57621
