1403715523.962142944 0.0 0.0 0.0 0.028066769598189503 -0.8138057752330854 0.0 0.5804587984014016
1403715524.162142992 -4.777441819711723e-05 1.2421227543376475e-06 -0.00011453934670435332 0.02806988355211507 -0.813882923875864 1.8922642689262441e-06 0.5803504698516787
1403715524.362143040 -6.201556841258213e-05 4.4373615014757224e-05 -0.0003076750390138601 0.02809631816134823 -0.8139779835857387 -3.4076859987902116e-05 0.5802158546456989
1403715524.562143087 -0.00014785790069850796 -4.7414090560987505e-05 -0.0004863522323126301 0.02807587607716555 -0.8140284858866803 -7.148178908946668e-05 0.5801459852811982
1403715524.762142897 -9.242526159998607e-05 -0.0001350821643396485 -0.00035811195055504845 0.028051335577496093 -0.8141064025340297 -7.358294317439236e-05 0.580037828517218
1403715524.962142944 -0.00016916185404505899 9.532634121820987e-05 -0.00027560719003744876 0.02796893106163853 -0.8140477659656836 0.0001519588131329022 0.5801240820118297
1403715525.162142992 -0.0002519950592698475 -8.548852548667202e-05 -0.00044412705414664734 0.027954277596414646 -0.8140928457520396 0.00031333019609316206 0.5800614611259715
1403715525.362143040 -0.0004711477882887711 -5.11228436328962e-05 -0.0006306263816022822 0.027447233803556074 -0.8142967948026264 0.00013042470372727602 0.5797994155913743
1403715525.562143087 -0.0006379763220466397 -0.00040800060286458014 -0.0009209060660434931 0.027744916414744622 -0.8144631664705713 0.0001580960512699002 0.5795515033899128
1403715525.762142897 -0.0006054899967289206 -0.0004250336536075871 -0.0011899359210966196 0.027732285185101013 -0.8145348058654854 -0.00028364449249950423 0.5794513697782501
1403715525.962142944 -0.0006617972951227219 -0.00108264445461727 -0.0013780689056449888 0.02813069473775316 -0.814388481881716 -0.0003168601275931336 0.5796377870632875
1403715526.162142992 -0.0007615764201950568 -0.0016853906142577251 -0.0017080974319721057 0.02808340208091694 -0.8143608095183156 -0.0003662816679242472 0.5796789286199514
1403715526.362143040 -0.0008049798199573515 -0.0019370897943608097 -0.001960608590238779 0.028050743122726148 -0.8144558858002151 -0.00039247427232688996 0.579546902208609
1403715526.562143087 -0.0007224837672256672 -0.002117012260782576 -0.001955578795080714 0.028001325953580895 -0.814428909133679 -0.0003535161208549754 0.57958722616921
1403715526.762142897 -0.0006133952874555925 -0.0023010768307930056 -0.0018959451516031114 0.027994362365942653 -0.8144677676212883 -0.00029813636987250795 0.5795329863747399
1403715526.962142944 -0.0006234026080517884 -0.002325905820199603 -0.0010291396167663458 0.02788487106900276 -0.8144992419509446 -0.00024749668001959406 0.5794940530947625
1403715527.162142992 -0.0006517386192856072 -0.002435686904458642 -0.0008836043236040608 0.027947247120537096 -0.8144630394174062 -0.00027266132485657637 0.5795419177739839
1403715527.362143040 -0.0009148141682837434 -0.0026841401212775065 0.00015433678831798926 0.028045740796251 -0.8145046594570137 -0.00014870784260601123 0.5794787088685674
1403715527.562143087 -0.0013513194618508537 -0.0028437023497577215 0.0023054305809634664 0.028029739770635997 -0.8144530815813127 -5.7435430134769865e-05 0.5795519892919583
1403715527.762142897 -0.0017989292858960806 -0.0034438434468666403 0.005707689912548088 0.027996390474631955 -0.8145817904757008 3.528452972010362e-05 0.5793726844620793
1403715527.962142944 -0.003210678136299826 -0.0036850898505003497 0.009408232676469635 0.02805211140210914 -0.8150258475124765 -7.635503590517904e-05 0.5787451434805846
1403715528.162142992 -0.0037913715711056883 -0.004022254638872497 0.011696043105452613 0.028293275566502483 -0.8149813007980963 -0.00041608318412412446 0.5787959889131451
1403715528.362143040 -0.007126239117522453 -0.004772564983164696 0.015017571775120975 0.028163925119158658 -0.8163832648390275 -0.00027279554390561894 0.5768232691173657
1403715528.562143087 -0.014901980880188966 -0.008083281329045977 0.025317006587100392 0.024020959897056625 -0.8238977160226358 0.0017112144725767435 0.5662266496407049
1403715528.762142897 -0.03074826137501062 -0.02079270838323232 0.062216157921835755 0.018570532679503014 -0.819506199216477 0.0034635183181824254 0.5727588749226183
1403715528.962142944 -0.04527804457687981 -0.0405010670585851 0.113041328539387 0.017545748947057124 -0.8164266805154903 0.0002677491568412997 0.5771824238026778
1403715529.162142992 -0.058557724626427714 -0.07013711429334954 0.17049020917777163 0.027836471492050766 -0.8183828037181666 0.00982015198625848 0.5739148735206574
1403715529.362143040 -0.07283965393303181 -0.1080640488939475 0.24822190519221918 0.05822655537839737 -0.8236487407429247 0.02933379670992153 0.5633399936911472
1403715529.562143087 -0.0957529713232565 -0.1500963312949882 0.30320715450434765 0.08874880787761644 -0.821049399636166 0.04582545577398917 0.5620512076852957
1403715529.762142897 -0.12870864918729918 -0.19567897316789523 0.3325721196682652 0.10693993959697416 -0.8162609613098866 0.052762438203199695 0.5652415567483594
1403715529.962142944 -0.16755740188039048 -0.24933294607778994 0.37238186911424564 0.11220540411564928 -0.8121288398118071 0.061204139132611024 0.5693072528838962
1403715530.162142992 -0.20766807274284657 -0.30979745644501017 0.42989741446883256 0.12068085690415527 -0.8018332608588851 0.054043155600138615 0.5827339786644214
1403715530.362143040 -0.23287785263556746 -0.3874394042912796 0.5201781639415435 0.12475981832043881 -0.8076001560987774 0.04553834064020823 0.5745809213101484
1403715530.562143087 -0.24535117853540897 -0.48965926746633737 0.6491393071533906 0.12454573430410192 -0.8103249252614267 0.061089227069424365 0.5693241448443731
1403715530.762142897 -0.2525550057739727 -0.6013970414133873 0.7446387919967357 0.13414871122060673 -0.8081542159843901 0.0760216885009418 0.5684290539213962
1403715530.962142944 -0.256937973383533 -0.7192916394150892 0.8208757181277654 0.15752445739332008 -0.8051739934295639 0.09502855245427021 0.5637822805357374
1403715531.162142992 -0.264219675506916 -0.8373591835105126 0.881743181924509 0.17365482786951536 -0.8223923495649147 0.1034069777698584 0.5318099482740174
1403715531.362143040 -0.29580799975445227 -0.9600706323076483 0.9383417632359679 0.16262528249540634 -0.8181563133040536 0.13477199355351252 0.5347988166101552
1403715531.562143087 -0.356516948235937 -1.0658151180330335 0.9773114575731209 0.16249596334935473 -0.8048824534576109 0.14237346391075958 0.5527106790946568
1403715531.762142897 -0.42598103041888474 -1.1515862486990638 0.9749788953283129 0.16607627240497108 -0.8034415292312203 0.138738782806798 0.5546637999689176
1403715531.962142944 -0.4992262880923841 -1.221723551633701 0.9769613046801412 0.1727981134112304 -0.789311353920975 0.12455478971086885 0.5758597945099504
1403715532.162142992 -0.5564417725233718 -1.2814822045442418 0.9756637825157655 0.17476425822233072 -0.7842118178340531 0.11765826044443921 0.5836315726266029
1403715532.362143040 -0.5920434334065725 -1.3359340901954555 0.9693925807937492 0.17594043780114052 -0.7850625598570052 0.12708490001639647 0.5801475395491535
1403715532.562143087 -0.6113492877346306 -1.3799208242046925 0.9587029366578728 0.17030665871165118 -0.7896941408613033 0.14690896445861032 0.570785916127496
1403715532.762142897 -0.6242284644637662 -1.3945988188291587 0.9482428454254863 0.15596524746634002 -0.7867480955347678 0.1748280663295418 0.5710844271897612
1403715532.962142944 -0.6360963080605715 -1.3584739901937286 0.9248439286751596 0.1405515829068347 -0.7883483283958954 0.17769524871762404 0.5719935001737065
1403715533.162142992 -0.651331109847717 -1.2657414329280734 0.8664793793137529 0.10392670217705555 -0.7956959228617689 0.15458461001584184 0.5763426387679594
1403715533.362143040 -0.661648448765165 -1.1161320535702584 0.8266767839949986 0.07168360247195804 -0.7898945183494911 0.1110550150041428 0.5988279341016944
1403715533.562143087 -0.6542554506196256 -0.9253195908291816 0.8436330467229343 0.04647168264874703 -0.8019095771621145 0.09427437836150479 0.5881273283499326
1403715533.762142897 -0.6294473387272829 -0.6961275513497198 0.9191464570306142 0.02078299212883478 -0.8130997862122539 0.1049002005158557 0.572217399972682
1403715533.962142944 -0.6108365591413243 -0.4173159020579558 1.02058438647254 0.028117577576297986 -0.8175464126428289 0.08342890903312117 0.569093034699624
1403715534.162142992 -0.5968418062566612 -0.10796532996735936 1.0766543947989278 0.04590669792146978 -0.8173226702666745 0.05819088256679293 0.5713930774346151
1403715534.362143040 -0.5870330967039074 0.2088568990576733 1.0811506834651095 0.06179443143468335 -0.8168760551701586 0.039130413093496186 0.5721571195960415
1403715534.562143087 -0.5827291496272743 0.5229131366087301 1.0416647338008922 0.05251183202659633 -0.8179739024053646 0.025365424964528614 0.5722917068220725
1403715534.762142897 -0.586500888358942 0.8240500742274735 0.9885141613915146 0.0194533281251976 -0.8230826130294662 0.003137591228811684 0.5675797174624211
1403715534.962142944 -0.5965504545263819 1.110452648471515 0.9313168962637639 -0.027139382742272122 -0.832977941162579 -0.03450534853841524 0.5515619497057067
1403715535.162142992 -0.6310866179493256 1.3733721796393374 0.8752572079200587 -0.06523911442291223 -0.8388426549742585 -0.0623629996246555 0.536840492532803
1403715535.362143040 -0.7087506687716236 1.612217661936032 0.8237610199969345 -0.08972818991222932 -0.8456669525390481 -0.06990208125235914 0.5214498598666752
1403715535.562143087 -0.8341109991263111 1.8489629318391048 0.7863687308658796 -0.1135957340645267 -0.8319411429006466 -0.051963321809355 0.5406197898135422
1403715535.762142897 -0.9883895438752909 2.096414192327818 0.7545954511705424 -0.09844007718510611 -0.8188833952094213 -0.052262825513639526 0.5630347532110328
1403715535.962142944 -1.1497301373391264 2.343153644523421 0.7159363003606122 -0.05121710299221465 -0.8239015404877237 -0.05351955776003992 0.5618707296880718
1403715536.162142992 -1.3222981478384257 2.576484085010722 0.6793036027188075 -0.019250037054948235 -0.8372773960131916 -0.039745379708175245 0.5449920210338838
1403715536.362143040 -1.5249248096180037 2.7885401031823926 0.657876082393996 0.009823495605340505 -0.8411927088171841 -0.041242724678352376 0.5390708332195279
1403715536.562143087 -1.7575347180959864 2.9624603596283015 0.6534235345001175 0.03854975508279823 -0.8295284832832637 -0.0576741560919327 0.5541390651487231
1403715536.762142897 -2.005812934338042 3.0780924413236974 0.6573740482126949 0.04933997170667549 -0.809874998189573 -0.06046152744193564 0.5813883884279152
1403715536.962142944 -2.2407827447938473 3.127945620942931 0.6698251550962737 0.0665809431107453 -0.7830776688037776 -0.06688365441955284 0.6147218227839422
1403715537.162142992 -2.4215414385730116 3.1046077803391774 0.6916144175608939 0.0799637973004871 -0.7484828634614283 -0.08067101662666867 0.653353947950339
1403715537.362143040 -2.5081338545205503 2.994909700876253 0.7228842843863262 0.062195810452077144 -0.7279912250719421 -0.05296249055305107 0.6807021609888491
1403715537.562143087 -2.4854204134216076 2.829825601165577 0.7487948469396202 0.02264937600706842 -0.7763345210946686 -0.003714149112938559 0.6299031054214352
1403715537.762142897 -2.408199894660463 2.6545612922202393 0.7901282142705435 0.0017107671072515783 -0.7972246474864915 0.013600418679697345 0.6035271023969621
1403715537.962142944 -2.3003978929663114 2.499025213177614 0.8369945906099071 -0.002678585471138694 -0.7845270727365112 0.012877215781188814 0.6199550585623719
1403715538.162142992 -2.157642437703499 2.365068801340703 0.8691889345048706 -0.015605288337455812 -0.7983227528085844 0.018429384295923286 0.6017454737000444
1403715538.362143040 -1.9955482986163897 2.263566041627632 0.8723571916214747 -0.04107292343040708 -0.801691475928358 0.004072313656725832 0.5963113353326082
1403715538.562143087 -1.8161377002902928 2.190441634244355 0.8548768005100882 -0.06118978377883766 -0.7794002400192911 -0.04257886544786208 0.6220756516985166
1403715538.762142897 -1.60055247007414 2.1239636660965977 0.8344419178958301 -0.10078486784648961 -0.7754924895618154 -0.08329131033002297 0.6176701115238459
1403715538.962142944 -1.3530750514775498 2.0539683088723684 0.8029243230723427 -0.16134463630014473 -0.7842703090070899 -0.12584778922967474 0.5857049809358643
1403715539.162142992 -1.0911646313573438 1.9805804282255153 0.7344083080638955 -0.2334603242854987 -0.7704473322792944 -0.1758999687189052 0.5665389538000835
1403715539.362143040 -0.8281123647782839 1.8993018949795837 0.6176497388108766 -0.30467958743515666 -0.7536736488696433 -0.21881008838678725 0.539692991635058
1403715539.562143087 -0.5776521471679651 1.8134235944096218 0.5016094093449427 -0.35556927035311237 -0.737227994751227 -0.24401832954562977 0.5201157876678706
1403715539.762142897 -0.3519328389492104 1.7337729944556288 0.4553459869406494 -0.3851881021161779 -0.7190442856092621 -0.24629525531989088 0.5233966837186533
1403715539.962142944 -0.1386966903936632 1.6684239870460515 0.4739411202756749 -0.38899929136479006 -0.723943174592877 -0.24163208896001695 0.5159455057104994
1403715540.162142992 0.05851010586149305 1.636071406668783 0.5278472672427071 0.4004824295594615 0.7412444794927812 0.20923861120329745 -0.4963765192043142
1403715540.362143040 0.23617211751865574 1.6636508803718757 0.5977912039212802 0.39352066667094726 0.7449510209812522 0.20928616241607384 -0.496375627386201
1403715540.562143087 0.3999272663150792 1.7412873807654914 0.66214761292315 0.37884938518019623 0.7596147094515971 0.2258830216132851 -0.47794926203547494
1403715540.762142897 0.5307412496087558 1.8625261681673697 0.7120327155110657 0.3937938930052373 0.762427308603318 0.21407501806873552 -0.46669353495265425
1403715540.962142944 0.6255157890962905 2.037474514233839 0.7581335044088608 0.3988917579119301 0.7468339217047207 0.21817610527818737 -0.4853077847580567
1403715541.162142992 0.6994947359220112 2.255595533793172 0.7982032326656139 0.39191737018261663 0.7417662623021142 0.22968639967052812 -0.49338397305337867
1403715541.362143040 0.761827963618025 2.503664986168613 0.8321690080632481 -0.3971264130459223 -0.7217086650292805 -0.22666581478727418 0.519663182542024
1403715541.562143087 0.8306358349009464 2.772393197411904 0.8511920060961395 0.39230367226321705 0.7341426203810666 0.24120544493232937 -0.4989512751801204
1403715541.762142897 0.8842805130549829 3.059232387361587 0.8712791428762218 0.38042640028176394 0.7478387424000303 0.25868143348305606 -0.4786406640742185
1403715541.962142944 0.8982673021353279 3.355135006366675 0.8974191990849318 0.34392528741669237 0.7503873287470832 0.3010535388257404 -0.4774945238342702
1403715542.162142992 0.8536358094545353 3.621162707953554 0.9232710691983612 0.30364891508953173 0.7518876951517398 0.3128797520580864 -0.49453866481446723
1403715542.362143040 0.7530113959781334 3.829196785069676 0.9550257840064637 -0.26806745637558155 -0.7434673012161198 -0.2861922830568501 0.5417473469924899
1403715542.562143087 0.6314887869069913 3.9795406080401907 0.992151091070085 -0.2444420978326039 -0.7322486159436632 -0.2314777126300424 0.5920119034371805
1403715542.762142897 0.5353679842229319 4.085650893338698 1.0121180872874311 -0.23019555651529205 -0.7475910393729984 -0.20064207320598093 0.5897969159544483
1403715542.962142944 0.4629874195584076 4.158727670728548 1.0118837407739862 -0.22794481231198754 -0.760660922647877 -0.18121746536470743 0.5801692456027574
1403715543.162142992 0.40942857980098846 4.215878262940159 0.9861634404515216 -0.23415123534426444 -0.7575284386674246 -0.1667553673752362 0.5861028161068227
1403715543.362143040 0.38136863752227235 4.2653671314067285 0.9518953025234119 -0.23916235424973023 -0.750172733762247 -0.1660120613010198 0.5937021419297238
1403715543.562143087 0.3857274424450209 4.305449333136782 0.9196055864529629 -0.2347991894310977 -0.7483303676896014 -0.18025384610075576 0.5936156605092915
1403715543.762142897 0.42225116201570345 4.326494927947283 0.8862739072961433 -0.22376330124290456 -0.7370820434591745 -0.20938413584139043 0.6023274274718338
1403715543.962142944 0.49167589941079776 4.3075114845633315 0.8392687465391527 -0.2336797077565331 -0.7312975572394083 -0.2578564045167208 0.5866069822361132
1403715544.162142992 0.5764909136178098 4.227084366848377 0.7715448371584139 -0.2909019297452907 -0.7230172149620061 -0.28847680504514944 0.556240332131655
1403715544.362143040 0.6602785426937214 4.100763719362966 0.6509449434877221 -0.3836631956170684 -0.692800719299627 -0.3088849611969258 0.5267065562655578
1403715544.562143087 0.7386361350766177 3.947828949252666 0.49363116258695894 -0.4627372355320091 -0.6505302262932794 -0.33553029403241896 0.5001040864834629
1403715544.762142897 0.8102640536397432 3.7776438163868 0.39173728151785 0.49310336362888574 0.6217135978584288 0.36324603442066405 -0.4882351825642834
1403715544.962142944 0.8792566630090553 3.5805251489660597 0.3922954993576567 0.4962041903147723 0.6147430256958217 0.3748366072369497 -0.48514939116484135
1403715545.162142992 0.9483876399175665 3.362870882046435 0.42324381472896194 0.5094091093926824 0.6177845869686825 0.3747204410512558 -0.46736404914174345
1403715545.362143040 1.0145689732302987 3.137333540095194 0.4183243564605798 0.5346765320176909 0.604648768296701 0.3817471041910967 -0.45032213086708506
1403715545.562143087 1.0758624815911202 2.9095502193675644 0.4006775250451051 0.5645653073732867 0.5785374376931061 0.3685258708866512 -0.4590742090178848
1403715545.762142897 1.1564500625882552 2.6885363889498137 0.4050423568526381 0.5750414457945823 0.5685278012990512 0.35886524140161696 -0.46617508865499446
1403715545.962142944 1.2667314024643521 2.4734262803012337 0.409653261664843 0.5508095450074948 0.5917035499491581 0.3612817187645148 -0.4647270960390759
1403715546.162142992 1.385766340549282 2.2631965253587727 0.4186619777351614 0.49884254425088465 0.6349280825606044 0.34795572575515704 -0.4763919173700853
1403715546.362143040 1.4986905529046828 2.0539007958656375 0.4323878082113842 -0.4344278901907989 -0.6806923674432005 -0.3066499452452666 0.5038810576018029
1403715546.562143087 1.6086462024548431 1.8426078184804613 0.4529484382123492 -0.36428764076828085 -0.7238914219419779 -0.2539200612627386 0.5280154604843661
1403715546.762142897 1.7176669980401595 1.6363594525345753 0.47022497542634806 -0.2858761947963084 -0.7731703576694529 -0.20070667627622987 0.5293384827953573
1403715546.962142944 1.8103376694131528 1.4443439795833566 0.48421250760023105 -0.21233593238846565 -0.8138932104504621 -0.1404214154130265 0.5222768613413887
1403715547.162142992 1.8696829927536398 1.2764248894052912 0.504965456986863 -0.12469466925391809 -0.8352935991240777 -0.10347580373975503 0.5253842410676859
1403715547.362143040 1.8818042117385871 1.120074439879727 0.5258692423714729 -0.043835336307816095 -0.8452241915874852 -0.06577845121772065 0.5285335605250939
1403715547.562143087 1.8448409494027043 0.9596087134464305 0.5379841335456954 0.01849383850676503 -0.8556469244352468 -0.023261095467821184 0.516706144805054
1403715547.762142897 1.754724742164374 0.7818991757286767 0.5475367212946995 0.08922069548469772 -0.8562991728492902 0.015562860020523595 0.5084773263998343
1403715547.962142944 1.6056316056104958 0.5812460437036558 0.5588406051894695 0.15100934835661553 -0.8441118013128472 0.05713473824990968 0.5112798306977632
1403715548.162142992 1.413067756100181 0.3622945611851591 0.5738492855552632 0.18218516754332265 -0.8153703099535206 0.08837733241993231 0.5423737359863785
1403715548.362143040 1.2075534005392567 0.13294411382652574 0.5748843037841351 0.19385265956660364 -0.7986185778788322 0.09247067087421718 0.5622087588021127
1403715548.562143087 1.0109097762217358 -0.10500461115946036 0.5367692115071003 0.18829302553606986 -0.799524037298767 0.09241272511269435 0.5628205207285816
1403715548.762142897 0.8236024446515473 -0.3520437837699968 0.49183317737717597 0.17405539196113895 -0.8028596363868644 0.09640522607332297 0.5619850150811377
1403715548.962142944 0.6438413498089879 -0.6012503527186714 0.4520724960081681 0.16511380859695163 -0.8034025848856884 0.09620315716540682 0.5639385333181266
1403715549.162142992 0.47143592281297264 -0.8514957247023297 0.41809902785355146 0.175901666923393 -0.792089400938237 0.1092017600569794 0.5742194354907694
1403715549.362143040 0.31899971889088485 -1.0920863950435533 0.3931812542359082 0.1840555697678543 -0.7731349327423365 0.12855535054202102 0.5931774143188312
1403715549.562143087 0.19552094575159668 -1.3084509561855742 0.3604475582576719 0.17787868635565213 -0.7814551518159567 0.1571669602973959 0.5770490145833228
1403715549.762142897 0.08204547766710582 -1.481769141939331 0.329551006073567 0.15512108494096025 -0.7979376674513144 0.16773911196283822 0.5577602694590356
1403715549.962142944 -0.04266654187904209 -1.5999678822140926 0.3094871426862137 0.10276573466985557 -0.8036725274745905 0.1605740122397894 0.5637070683906407
1403715550.162142992 -0.17752399398884441 -1.6451554563386601 0.30051161810695937 0.03866790848291639 -0.8167214095698979 0.12458844275846276 0.562093098992232
1403715550.362143040 -0.32340782730048356 -1.6159733128936191 0.3366987648831259 -0.011269922491632825 -0.823413324738006 0.06188847160074304 0.5639444144361987
1403715550.562143087 -0.4784923589660379 -1.5351685278709706 0.4086413740728625 -0.062127994105455345 -0.818561221256458 -0.00242524222831919 0.5710444445081435
1403715550.762142897 -0.6352759392686789 -1.427215730781986 0.444880968321436 -0.13436828600689235 -0.8080269865585866 -0.038340492670239854 0.5723351809301244
1403715550.962142944 -0.7850613939276023 -1.2891808334325006 0.4342872122846546 -0.21344565501148122 -0.7910439586397039 -0.05992060379660382 0.5701753494293479
1403715551.162142992 -0.9154415172991923 -1.098701476170362 0.42948182697580534 -0.27127984272382827 -0.7720108133707339 -0.10920814553166971 0.5643404397345624
1403715551.362143040 -1.0167957542046382 -0.8584919248822127 0.47477632998405717 -0.33744521797270827 -0.7433223112667647 -0.1444422627612246 0.5592308102820119
1403715551.562143087 -1.0731709811766914 -0.5777745661488103 0.5298934650122933 -0.3985665808356527 -0.7080822282369779 -0.1876137876765132 0.5518743565065184
1403715551.762142897 -1.0776642056233008 -0.2701733602989138 0.5865297284808371 -0.43642513662914484 -0.6689388932486959 -0.2605088314179576 0.5423919302225892
1403715551.962142944 -1.0339622989977018 0.03110144279201149 0.6394839485634545 -0.47586865931666794 -0.6141244268441739 -0.32019580043290197 0.5421022567915939
1403715552.162142992 -0.9464318483416752 0.29266416072785056 0.6807273109341077 -0.5121499229593065 -0.5819449877793526 -0.3768867141960379 0.5069505816879182
1403715552.362143040 -0.8337034434751127 0.5003668612854052 0.7155169266987992 0.5442090943840764 0.5370740840675389 0.43229824357071606 -0.47802313586135514
1403715552.562143087 -0.7123569820564717 0.6426697600235952 0.7406743011430666 0.5879897055588413 0.4816363886795224 0.4751349110613408 -0.4433297999769645
1403715552.762142897 -0.5923639817979628 0.7107687746926012 0.7556274175830798 0.6413599321503752 0.4079291862024235 0.5029458223396571 -0.41145682187519134
1403715552.962142944 -0.472713132964361 0.6988120529768902 0.7541971699012919 0.7009075084668612 0.3306176730122636 0.5138206934441854 -0.3679795019501473
1403715553.162142992 -0.33803052548989954 0.6134942098629897 0.7372786383342631 0.749210583938044 0.25024077957613355 0.5195402550826025 -0.3257928429251171
1403715553.362143040 -0.17983855583878267 0.4548645607865449 0.7173329359335385 0.7621891707698435 0.1759075207059787 0.5578688410067608 -0.2773203352698592
1403715553.562143087 -0.02767584175393495 0.22051501075403301 0.6879547452415966 0.7516542576662034 0.11833150376864959 0.6158509397256758 -0.2043065152834163
1403715553.762142897 0.07280546396463422 -0.06756044276104678 0.6379479080669722 0.7633354330808432 0.08949420844583042 0.6242792378545821 -0.13994726307347102
1403715553.962142944 0.11180966574140061 -0.3770179962889555 0.5825139373001514 0.8033161593752203 0.0951393097953998 0.5803460491448061 -0.093968734483539
1403715554.162142992 0.1305785967348294 -0.6781513566612822 0.5339924153507991 0.8444171723219117 0.09956452519923278 0.519740624534789 -0.08316386004774892
1403715554.362143040 0.18507837960905738 -0.9595545819132603 0.4963592431055529 0.8624376791020623 0.11811836902882375 0.48763719278694123 -0.06677775658131307
1403715554.562143087 0.2956056546801058 -1.186378566531984 0.4429630825938613 0.8130184560024881 0.2128990208679494 0.5417667094516562 0.012799595417820792
1403715554.762142897 0.3895660194853924 -1.2832411935867292 0.35229831375746257 0.7518049281872935 0.2824892668559755 0.5904467316071714 0.07976102556393588
1403715554.962142944 0.3818207776612952 -1.1752930660143344 0.28906676438120177 0.7252106797111244 0.2807120405987052 0.6242012858628238 0.07511973790661315
1403715555.162142992 0.23341297844292316 -0.8598367174132955 0.31881366025753916 0.7779494307484403 0.1798356228364307 0.6002950853385787 -0.045821855873504534
1403715555.362143040 0.03463820318732605 -0.4809540937956821 0.3574321892232514 0.8258943912921036 0.07171468744179443 0.5283875977003347 -0.18319935762442732
1403715555.562143087 -0.12175531068775802 -0.17165501959288393 0.39567143877119104 0.8176723917526484 0.06759863250750214 0.5410031291156565 -0.18481855679517253
1403715555.762142897 -0.24329602754946622 0.04443053256693272 0.47904795639850195 0.815123865804755 0.09155172819918155 0.5479615526484941 -0.16410210625847702
1403715555.962142944 -0.3335199268336768 0.18772226972415415 0.5995694292840437 0.8243069295904041 0.0883071084630059 0.5275941357786218 -0.1853762884414397
1403715556.162142992 -0.38270141956676146 0.2598957658062006 0.7151389494430145 0.8297157176154482 0.07463264989810987 0.5109791332615544 -0.21190120547679397
1403715556.362143040 -0.37917720580501846 0.25151118885306667 0.811944468399219 0.8173251085052672 0.08120341117104883 0.5303589448973974 -0.21001205343631574
1403715556.562143087 -0.338267783184682 0.16958573967336277 0.8778124238459714 0.8141649391593113 0.11880003036065617 0.5411613639679591 -0.1736847223521304
1403715556.762142897 -0.2766550442262132 0.05529004005670117 0.8817476859426432 0.8204290617569817 0.15267664149891322 0.5327378770398667 -0.14062841865143857
1403715556.962142944 -0.19646092190192355 -0.05615134159838733 0.852216113330121 0.8141781839112741 0.17573747567133316 0.5406967385540364 -0.11780178863163505
1403715557.162142992 -0.10445466298070614 -0.14199309729711357 0.8152572079929004 0.8328677524156983 0.17172717370540663 0.5113340860625513 -0.12401023033579188
1403715557.362143040 0.023739595402143918 -0.2004830664682549 0.7854062109019461 0.848628579450574 0.1648533162299107 0.48592737179440104 -0.1285593544199643
1403715557.562143087 0.20887057569898798 -0.23675217743533838 0.7637817489262707 0.8345390239237795 0.16312113159105288 0.5112835199410937 -0.12460046634597015
1403715557.762142897 0.42924579575695854 -0.2528460261405423 0.7379264503185181 0.8149400101017055 0.16657322840406602 0.5437366127798071 -0.11169886050181789
1403715557.962142944 0.6548923946278091 -0.2481842749054147 0.7289059321516543 0.8163687820655929 0.15200516276918477 0.5453317687155048 -0.11423530185567589
1403715558.162142992 0.8815959762318741 -0.22915949273450772 0.7668709439742428 0.8195842557309251 0.14209370207857236 0.5436932364732819 -0.11175281741855303
1403715558.362143040 1.1162284634042272 -0.19673861815215815 0.8239287497719318 0.8158606350096014 0.15105034753536062 0.5506614148502722 -0.09125361881293484
1403715558.562143087 1.3488479147632717 -0.1381401720130398 0.8676666008311853 0.7918111264455449 0.14224324723141737 0.5849371743759185 -0.10320126301259268
1403715558.762142897 1.5521908789058503 -0.07223776691157928 0.8636827371320339 0.7794892508112802 0.1357830383444356 0.6001512224703613 -0.11737965980157125
1403715558.962142944 1.718615567116714 -0.006163654900694315 0.8459290644458186 0.7719391134599572 0.1669470576412006 0.601341654457031 -0.12094172014101649
1403715559.162142992 1.8296143562248732 0.061013755652165255 0.8416090354404319 0.7603903213006976 0.208612221886781 0.5991244844714597 -0.13905880863393857
1403715559.362143040 1.8829925901277287 0.13282674368180064 0.8469793343101919 0.7444030572247976 0.2554394252916251 0.5946575423824342 -0.1643082337832254
1403715559.562143087 1.8776395920718063 0.20201662597375947 0.8364899645135235 0.7510740719187522 0.29546360909981395 0.5601462100345516 -0.18661515901252634
1403715559.762142897 1.846764003274108 0.28178673427659706 0.7825287346851056 0.7541023324299484 0.3171336224283559 0.5370577989398766 -0.20573006184633597
1403715559.962142944 1.801257907670211 0.380270270376525 0.7179175707530165 0.7401067035871809 0.35397764005372606 0.5295253008448896 -0.2157425628213432
1403715560.162142992 1.7296188846140845 0.5013380748098601 0.666866577186398 0.7215956278535689 0.3956621909398744 0.5178487978572692 -0.23363176813387446
1403715560.362143040 1.63362038178516 0.6483575444827759 0.6608980900818662 0.7101881848623774 0.4199255982004136 0.49213908219939767 -0.2776587074632793
1403715560.562143087 1.5331243150154008 0.8124575692334796 0.6728917311791296 0.6905825467615595 0.45040115322400986 0.4739178104469964 -0.3092514449833619
1403715560.762142897 1.4299165150949813 0.9904868837395226 0.6867325371567472 0.6631449509760118 0.4873285596951963 0.4587587017154363 -0.33509715382439725
1403715560.962142944 1.3179383912262082 1.1802544142690314 0.7028565033411212 0.6265155903932897 0.5327437737714326 0.44597109695292086 -0.3532308978345545
1403715561.162142992 1.188834179280153 1.3797535576947755 0.7171432250537728 0.5913351252925302 0.5716344313379178 0.4188254792658443 -0.3848922763872142
1403715561.362143040 1.0515100863160842 1.5846021738679634 0.7278607615111644 0.5750801471040724 0.5862867231387554 0.3796348671260447 -0.4259437408163413
1403715561.562143087 0.9285372859166003 1.792384164088899 0.7404483099419936 0.5475882059024417 0.604852417916072 0.36494924711193755 -0.4484559692215739
1403715561.762142897 0.8164031945902298 2.003127318383957 0.7586377842671985 0.5027614228858759 0.6299624236679358 0.37234614569709673 -0.4601485023436061
1403715561.962142944 0.6982903000957714 2.1944969458790036 0.7810398912771422 0.45512124508002905 0.6466297143934281 0.3664374995055456 -0.4903653981437818
1403715562.162142992 0.5778639933220288 2.348114077283817 0.8090418509619344 -0.4108765959070996 -0.6507678784478335 -0.3652892677116281 0.5236843917961544
1403715562.362143040 0.46558354724731543 2.4382190123136094 0.830500539825811 -0.3894607310439707 -0.6670852163015705 -0.37137672189836707 0.5151669473078488
1403715562.562143087 0.3358319282499347 2.4680564218397802 0.8442029307300063 0.38033465406394795 0.6989561484815525 0.36846457287636536 -0.4806659047126186
1403715562.762142897 0.16079120702852753 2.4532505898575976 0.8573090308320971 0.3812707572566804 0.709930850142507 0.3281513767231688 -0.49289701929694285
1403715562.962142944 -0.04085810647693075 2.4125136114901666 0.8693456146366915 -0.3837897130551952 -0.7145861064151173 -0.27873740697330424 0.5141766336825275
1403715563.162142992 -0.24634932315107183 2.3667742229041346 0.8820712570510161 -0.3451430041379671 -0.7251028387930321 -0.25590070692192696 0.5381607641454388
1403715563.362143040 -0.4504843980898756 2.3102895469127764 0.8975052919457892 -0.273319914047402 -0.7375160782463032 -0.2287245944959406 0.5736299493452881
1403715563.562143087 -0.636972586973781 2.226826757395809 0.9017135721038091 -0.19025976150324383 -0.7591842705056661 -0.18772269017474613 0.5934649595072943
1403715563.762142897 -0.7921107965412593 2.117811254495954 0.8598538173780139 -0.11244363895987612 -0.769780955734507 -0.15432471940279116 0.6090792963376361
1403715563.962142944 -0.9122378211553415 1.9761350544259915 0.7740795984143188 -0.05717893655868205 -0.7726832076909282 -0.08749941362742765 0.6261270497122324
1403715564.162142992 -0.9863711662499022 1.8088655843084105 0.6642094370460677 -0.007971123291304005 -0.7808539807518124 -0.0003211063137672109 0.6246626440153915
1403715564.362143040 -1.0137525235391318 1.651950685932794 0.5742601033096387 0.06493633257279528 -0.7833818953063086 0.06352178731931842 0.6148667021022827
1403715564.562143087 -1.0026549478250026 1.5196384652825927 0.536863236275856 0.16007944169796995 -0.7929532434358187 0.11224401619849089 0.5770623942850995
1403715564.762142897 -0.9720318302512692 1.4068504554932344 0.562943477083713 0.2542632911410495 -0.777594101067013 0.15434081928859295 0.5539643528833448
1403715564.962142944 -0.9354170990295358 1.2940817912712113 0.64407101072218 0.3359906466062899 -0.7431761225668515 0.19666041977647233 0.5441729647210276
1403715565.162142992 -0.8744644453589296 1.1677117738871636 0.7636558403563289 0.4038074020952091 -0.707051042071556 0.2483683458807972 0.5247204690914461
1403715565.362143040 -0.7932185434660023 1.0455465989887507 0.8584407453532428 -0.4548121934348941 0.6708245638461322 -0.30807324227195615 -0.49822801069395495
1403715565.562143087 -0.706341937104545 0.9448191131054304 0.9044443580501531 -0.49797558887243576 0.6235700004307803 -0.3652790465634565 -0.4793245096926726
1403715565.762142897 -0.6066693848343585 0.8785595851566255 0.9480120471097166 -0.555605082065904 0.5717552112292227 -0.4129406941590157 -0.44031687944355175
1403715565.962142944 -0.497164864466926 0.8550744911161587 1.0045185066212625 0.6258252017598737 -0.5067456218241831 0.45444856409589995 0.38082567428635217
1403715566.162142992 -0.3906662573995994 0.8694625671547458 1.0636773271366249 0.6852738705885446 -0.42579059442904704 0.49708815708513343 0.3193829301485357
1403715566.362143040 -0.302199059620649 0.9184192304200568 1.117616141046094 0.7312435218640818 -0.34169963761792976 0.5315489194226841 0.256865754129184
1403715566.562143087 -0.2275765334883133 0.9966846960921035 1.1464803773447065 0.7616259290628867 -0.2593812695129088 0.5597719556315124 0.19824898207461525
1403715566.762142897 -0.16752792486310866 1.1019821425249476 1.1342999717658928 0.7818227543344575 -0.17658513713902013 0.5807313334716718 0.14255521200880558
1403715566.962142944 -0.13165411150440498 1.2365770747466374 1.1204507554027507 0.7955179515520552 -0.08540347059549908 0.5960219641095559 0.06793566271005068
1403715567.162142992 -0.1276175397098076 1.3964013621088065 1.1086883063437483 0.8035415522390631 0.014514394396181908 0.594531514457582 -0.02534925043382946
1403715567.362143040 -0.15363549051248995 1.560518465468239 1.093383739502198 0.8014038374524326 0.13078080542874146 0.5723190004738747 -0.11445187610865834
1403715567.562143087 -0.19905094900366338 1.7227313712563088 1.0500950745638706 0.7794219274251343 0.2542349139458268 0.542107759767903 -0.18435087301017322
1403715567.762142897 -0.2633549733163029 1.8933216147941592 0.9644592927466615 0.7333394434697658 0.35573230351110124 0.5196601965869966 -0.2561660964564191
1403715567.962142944 -0.3528362975667783 2.0657693009551887 0.8772218191166823 0.672425962478693 0.44701468086376045 0.4935682346588762 -0.3231278350948986
1403715568.162142992 -0.46132351268373806 2.222527468012003 0.8040925449989852 0.6014789325789568 0.5228512014063281 0.46625433481646794 -0.3840007944225721
1403715568.362143040 -0.5953374433481526 2.354089445554091 0.7384961327532892 0.5331359702719461 0.586338319982447 0.42283467875000247 -0.43952729854844697
1403715568.562143087 -0.7481912384314264 2.4514406321268347 0.6857479696742108 0.4618074149279088 0.6422980484233036 0.3739301946023076 -0.48411087374105666
1403715568.762142897 -0.9170610297647463 2.5081045755477405 0.6521000393620685 -0.38523115084228515 -0.6924724292759984 -0.3215977286338668 0.5183182381999755
1403715568.962142944 -1.0962696373768286 2.5251305927204513 0.6276931264634893 -0.3128129433176525 -0.7358621156040357 -0.26363563726866723 0.5395843400929092
1403715569.162142992 -1.270088062776399 2.509183938462844 0.603822609692686 -0.24941985721711318 -0.7688818375590428 -0.20908257857139564 0.5503589101989897
1403715569.362143040 -1.4421118031292843 2.4756046629675854 0.586128719804878 -0.19516326484967747 -0.7756205557847511 -0.1658238235417382 0.576911182976449
1403715569.562143087 -1.6008095925846697 2.422488496849976 0.577551607733599 -0.14363642969072768 -0.7749637317262731 -0.1407464151901009 0.5991579401006887
1403715569.762142897 -1.726951740797537 2.3380464364899884 0.5684325095381504 -0.08988500102283184 -0.7877382206736351 -0.10824677291389695 0.5997264530056887
1403715569.962142944 -1.8245879241819678 2.2216365796036968 0.5643305200951003 -0.02755659025035872 -0.7939772767704422 -0.057224452940139274 0.6046206085568941
1403715570.162142992 -1.8935120833870962 2.0827280896021754 0.559310137029216 0.043065258910852895 -0.7905943449312747 -0.005174546167679663 0.6108020868576769
1403715570.362143040 -1.926314282821514 1.9255035879635896 0.5487289266718098 0.11904058093641467 -0.7811982335121975 0.05173169978375828 0.6106410494598321
1403715570.562143087 -1.9145457313847896 1.7578095421378759 0.5303616517116487 0.20041541740470176 -0.760820062076734 0.11366883698485311 0.6066843405815225
1403715570.762142897 -1.8485023320794818 1.5927916637315407 0.4993341887158858 0.2849213084629829 -0.7433927140922945 0.1740234906786948 0.5795713461780314
1403715570.962142944 -1.73622541965461 1.438358796881406 0.4640840464388989 0.36714843345373 -0.718028353287622 0.23132826770239534 0.5441732667541364
1403715571.162142992 -1.5963061753483412 1.2922457335636843 0.42683482088286956 0.41573022271360116 -0.6977322143112485 0.27917016041912274 0.5122520478895495
1403715571.362143040 -1.4472887913407038 1.1641061635728638 0.39821329272690564 0.4283480157158049 -0.6696498197901428 0.3083796869194407 0.5224835547493558
1403715571.562143087 -1.2825133001439915 1.070201624769006 0.36795724856804257 0.43687713791580074 -0.6801515223493159 0.3069687928471629 0.5022971563040114
1403715571.762142897 -1.1159314472636148 1.0008163087722928 0.30679455877228684 -0.41611163873267587 0.727179116825954 -0.331036729229808 -0.43413859545630956
1403715571.962142944 -1.0316518891866486 0.946035045683668 0.22326405639640834 -0.4031116108833581 0.7684486631641894 -0.33255945725370845 -0.3693127247250203
1403715572.162142992 -1.0637779840761588 0.8696020251842492 0.16050561850193065 -0.4337677720790871 0.7734702378605989 -0.28855318412106534 -0.3610074389586834
1403715572.362143040 -1.1837081823390119 0.7290178827853239 0.12113698505213664 -0.4903392164644657 0.7035267606915226 -0.2661329128731938 -0.44021679031366673
1403715572.562143087 -1.2948034643300672 0.5415865743550587 0.07546320809610493 -0.5230335313663482 0.6340441730848071 -0.299173108172456 -0.4846848078810494
1403715572.762142897 -1.3549418361096466 0.34953146907834437 0.02403873721237193 -0.559437268757385 0.5954047198528141 -0.3334799065631523 -0.47044055290930664
1403715572.962142944 -1.360041439916959 0.16715411949066736 0.0043257878444296835 0.5923631971669987 -0.5690159938663193 0.3733680250019593 0.4311878468521269
1403715573.162142992 -1.3279439224597847 -0.006641771952847264 0.03255172382581878 0.6202898947141123 -0.5340814971109925 0.4170248991334405 0.3950792761742108
1403715573.362143040 -1.279461206880235 -0.16069305299036146 0.07585746378472288 0.6535748771215696 -0.49889602417187157 0.4480130852630859 0.3510369104444675
1403715573.562143087 -1.2311960834009632 -0.30216352488753623 0.10948987937970936 0.6827050444158099 -0.4686207010843659 0.47649973779431415 0.295392045808034
1403715573.762142897 -1.1953388566201246 -0.44368686948216773 0.14416646671493136 0.7228946602020914 -0.4202041650442474 0.4804015009192469 0.2647001470449169
1403715573.962142944 -1.155290621387355 -0.5939063137885237 0.1789036341967362 0.7671098125832919 -0.36451670996904156 0.4752894851022356 0.22971723693124102
1403715574.162142992 -1.0889399677887037 -0.7577644781064075 0.21436756673998267 0.8000637967804392 -0.3033465915722259 0.48684180471947186 0.17568102811791847
1403715574.362143040 -0.994928509060499 -0.9412842610115477 0.25679767000643816 0.8117137920811079 -0.21631395834344996 0.5202940748100819 0.15369797294987797
1403715574.562143087 -0.8816855232017583 -1.1156037366030027 0.28830660158915755 0.8187285590104333 -0.14864133321070974 0.5325628972324135 0.1548097581347527
1403715574.762142897 -0.7466937236360327 -1.2464472154440462 0.3053251271795565 0.8294636502897849 -0.11482972859078563 0.528914888548043 0.13803342693787296
1403715574.962142944 -0.5827458255286517 -1.33162159479323 0.3241408870476517 0.8278494927733854 -0.11880806183920424 0.5393273529087127 0.0983659908791499
1403715575.162142992 -0.406040158003919 -1.3938417798824367 0.35816783108498007 0.8107355923945647 -0.11934889576386627 0.5652038014177732 0.09491208125293599
1403715575.362143040 -0.2437457418467067 -1.431009659089387 0.3937003651143326 0.7949825050797178 -0.11947217692810094 0.583975704373178 0.11270134098296705
1403715575.562143087 -0.10097664764054767 -1.433208267006969 0.42586430568318334 0.8065253297383506 -0.12744199309640714 0.5627956161636339 0.12859442178157457
1403715575.762142897 0.031902445176638206 -1.3910597624545618 0.47190290080708225 0.8001342193268123 -0.11480633569038973 0.5636909543599363 0.16987420145706572
1403715575.962142944 0.16936777074921053 -1.2782718785857563 0.5132011523462734 0.8027396917762291 -0.13111423434011638 0.5585764747898331 0.16251266600499834
1403715576.162142992 0.3093896083202632 -1.1084835880845962 0.5498789121036562 0.8016306827616512 -0.1563259520710785 0.5615965953265645 0.1325130532515842
1403715576.362143040 0.45011176877815845 -0.9123089225975307 0.5888284525974032 0.7950473914353677 -0.16066916383103477 0.571647094294275 0.12371202346922557
1403715576.562143087 0.5716194261171045 -0.6991642332874322 0.6414875532782429 0.7728521173811456 -0.15444399841675435 0.6016283507691439 0.12996146953459065
1403715576.762142897 0.6487907166765456 -0.45621160420027496 0.6949837751236478 0.7664917237309672 -0.15973302030533354 0.6050823133543232 0.144399424313624
1403715576.962142944 0.6795987757562519 -0.18335201347510932 0.7450100081185472 0.7851703416202003 -0.18332601860542844 0.572285548446586 0.14962739248470688
1403715577.162142992 0.6888437185725307 0.10727245714359229 0.7950585512851753 0.7845248592850927 -0.22199026949366663 0.5619192871324218 0.13959863954465715
1403715577.362143040 0.6849515813300836 0.39176625137484183 0.79899322129142 0.7787306767743583 -0.24490820985256884 0.5591661857900709 0.14467784373095904
1403715577.562143087 0.6692049345151514 0.6708348237080357 0.7488295486833878 0.7781583176308693 -0.24676236595114429 0.5555143012355406 0.1580564094719799
1403715577.762142897 0.6392496166043513 0.9451182881606277 0.7325876763113189 0.7779501462928046 -0.25331718036842327 0.5541044306384797 0.15359770818701413
1403715577.962142944 0.5921154519081527 1.203922231423046 0.7203561655637213 0.7702861529248343 -0.27960763789052406 0.5550435255529642 0.14284780778011005
1403715578.162142992 0.5179773996664782 1.435507855185219 0.6478090850084046 0.7641863463284154 -0.3372587266342161 0.5351554481970772 0.1260334307222202
1403715578.362143040 0.41309692814849686 1.6071267594113832 0.5531645326363112 0.747247114251269 -0.38861488690129314 0.5158930722156726 0.1563795317874643
1403715578.562143087 0.27887181467457833 1.7186624457680093 0.4583680625563876 0.7408227013493549 -0.42353770558913884 0.47447819913813843 0.21602771963969625
1403715578.762142897 0.1523693434368024 1.7817866005722405 0.3559652202832398 0.7596578187663277 -0.45367936205651477 0.4004499082836233 0.23819090198249449
1403715578.962142944 0.08511054262471497 1.7627662198707228 0.2724560844602896 0.7555206071214564 -0.4600382782749049 0.38772879151146794 0.2592677746465404
1403715579.162142992 0.08746278018155855 1.6693783720061401 0.22185979757318897 0.7459758354952281 -0.41562827311047085 0.40456146339669646 0.3272662735191641
1403715579.362143040 0.1784100190613548 1.571815793378469 0.20681343398745552 0.7338870700794663 -0.38271977594095313 0.42165844242933875 0.3703235064133996
1403715579.562143087 0.35219284327331113 1.5079627746751358 0.18471092275123546 0.7314635375781587 -0.40302142431262544 0.42597125038414346 0.3479702840548488
1403715579.762142897 0.5931574713287276 1.4662770957980282 0.17379101820508536 0.722967429756393 -0.4101092705193259 0.4455992049696796 0.3325204208410315
1403715579.962142944 0.8788663581426877 1.4421547004558772 0.1979290330963491 0.7158241286846755 -0.4088030037098515 0.4555223659611316 0.336117977888954
1403715580.162142992 1.188932212171918 1.4380803242414255 0.21427908054472633 0.6901169218805927 -0.4435284571771053 0.45955733550818306 0.34033541865215117
1403715580.362143040 1.504064055022603 1.4519474814473667 0.19077303803699389 0.65317162268758 -0.4925047646944608 0.45281406538389557 0.35463405118490776
1403715580.562143087 1.810744943222638 1.4823558289853203 0.1669548308064622 0.6105336223068396 -0.5461869456520998 0.44594051767283566 0.3606460468800688
1403715580.762142897 2.0900455814599472 1.5199775084341203 0.1441043776705814 -0.5818747179989476 0.5907589809249554 -0.44265238052077854 -0.34129826989095124
1403715580.962142944 2.3087235745991324 1.5474790021116476 0.12817339380080187 -0.5561669013658739 0.6281557786463391 -0.45057488541634827 -0.30509173736987405
1403715581.162142992 2.424150037182432 1.5415767706657402 0.12805158595519567 -0.5675943090045417 0.6367071155601721 -0.4267841261369025 -0.30049302664000704
1403715581.362143040 2.452433878071006 1.4869257533919402 0.14331051083555427 -0.576909330878449 0.6185952869259271 -0.422653991791258 -0.32539068542657423
1403715581.562143087 2.426936970125095 1.398884678127257 0.15502007919596766 0.6106819036144212 -0.5718666430400543 0.4251054795563875 0.34542942322213144
1403715581.762142897 2.3844684537102796 1.2912381139106746 0.12864967117172937 0.6623043580140379 -0.502945571996937 0.42550059714655225 0.3568584184135831
1403715581.962142944 2.366731515658965 1.1815714597336904 0.10876254530235129 0.7049281824013254 -0.4414150019214068 0.4417322268720281 0.33630595218961873
1403715582.162142992 2.3840493464618593 1.0838836319478518 0.1311529010143176 0.7088126775350917 -0.3953615527331377 0.4961437703805899 0.308407506229757
1403715582.362143040 2.4031508677535682 1.0148749713807288 0.12868195658212664 0.721689696483297 -0.3745239008888515 0.5053866534618775 0.2889293341905511
1403715582.562143087 2.426971976095358 0.9663036416232267 0.10571026278041308 0.7427170711062867 -0.37809553161179293 0.48041911757745365 0.2731530573304517
1403715582.762142897 2.4711811619978663 0.9234622333213417 0.12056887107466245 0.7492824753724884 -0.38961504290385335 0.46338441826394006 0.2684227474587274
1403715582.962142944 2.538661230861619 0.8741518034086304 0.11157388521690884 0.7552359942741538 -0.40725175746318343 0.4403677231600038 0.2642742276408632
1403715583.162142992 2.643888034141331 0.7981265915391272 0.06186908235418161 0.748866854033369 -0.41710704529834053 0.4392215932992728 0.26889503467473586
1403715583.362143040 2.7813152139103896 0.6952079721065046 0.013737956763125496 0.7077659118309853 -0.4115341011319588 0.4966893087898452 0.2881090560704432
1403715583.562143087 2.912366139636349 0.6031260483407433 -0.03808548039096509 0.6715314501898466 -0.3997738194050365 0.5463510076234454 0.30120919838773824
1403715583.762142897 2.997591623573961 0.5665486840187604 -0.08236347735242791 0.6253136927170688 -0.3659365347512478 0.6032668495545496 0.3333801830695903
1403715583.962142944 3.0012384129612935 0.6466074880624921 -0.10013245080407673 0.6062379466557148 -0.3537894691064742 0.6270836900336725 0.3377493290567034
1403715584.162142992 2.89027610932519 0.8701325836642357 -0.04626551579750458 0.632850691912722 -0.3864131826951594 0.6031598077027926 0.2939100208518634
1403715584.362143040 2.6924980686471987 1.1667832516648446 0.05231224310689456 0.6885602140000877 -0.4259223872187417 0.535376988943056 0.2405128509511992
1403715584.562143087 2.450302049823495 1.4562953637275675 0.10142078145401287 0.7195053910060533 -0.4361233867510653 0.4918639497473293 0.2240049972241363
1403715584.762142897 2.19615706708493 1.6953170147240033 0.13685558604122555 0.740672812285768 -0.4243747586572678 0.4621380631613476 0.2402878688847925
1403715584.962142944 1.9620222370543965 1.8834908208876402 0.1776573335031757 0.756453170996729 -0.4142456113697506 0.4348140626067806 0.25906737446026695
1403715585.162142992 1.7807784642939495 2.0262149694306517 0.21081249831755156 0.7726717852766718 -0.4242961520614325 0.4006074751630918 0.24992946690448742
1403715585.362143040 1.672641714960618 2.103229981172778 0.252233398468495 0.7667532173699327 -0.42098904359461625 0.4122223794540218 0.2548145182360897
1403715585.562143087 1.6240049800291396 2.127603726123124 0.29700106467246296 0.7544642374946591 -0.4036881335194195 0.4397112752244568 0.27289851527288395
1403715585.762142897 1.6179645455636174 2.130337152406845 0.3225215811988834 0.7501869581586504 -0.3944983610083319 0.4509992119494043 0.2796252524216468
1403715585.962142944 1.6397482000423533 2.129185518808535 0.2785722536937812 0.7423509124167101 -0.4123453905623826 0.46260042552501923 0.2547297548786811
1403715586.162142992 1.6708914372048738 2.1015467930897955 0.23021665925170992 0.7132326201394503 -0.4293740186560958 0.5007885939845566 0.23695561991125627
1403715586.362143040 1.6829005416996334 2.0454733418620035 0.22588903493065182 0.706504974250798 -0.39759714765963006 0.5121231837655147 0.28372006305876357
1403715586.562143087 1.6875503131062917 2.005307854264845 0.22123774287056847 0.7027618123060982 -0.3740690241248227 0.5172122779072909 0.31414910462529105
1403715586.762142897 1.6906395272448649 2.013607812247984 0.21816875023321156 0.705271646217998 -0.3827867673340292 0.5132001151640279 0.30445334222328546
1403715586.962142944 1.6915133730427598 2.058801692078541 0.21801626765955484 0.7195723605911537 -0.4099599852095074 0.48943220540873283 0.27313832523003245
1403715587.162142992 1.6909420345614468 2.1040108680955676 0.23185324441215424 0.718743630601889 -0.41278267119999335 0.487600146951585 0.2743431364540365
1403715587.362143040 1.6961874954718987 2.1450501483762947 0.2648374694280674 0.7114077070847884 -0.3989649289454244 0.5033626019151657 0.2852229842869269
1403715587.562143087 1.6988652572801413 2.1995491851030726 0.3021831469287325 0.701679582972588 -0.41444338831190136 0.5168052642389142 0.26228755132358395
1403715587.762142897 1.665257204739105 2.2560613019973186 0.34296592356558997 0.6864222762294896 -0.45497638550414765 0.5074461387402057 0.25361262509504534
1403715587.962142944 1.5856860971650606 2.2866580350212984 0.38280472863488857 0.6558250958051633 -0.49717993392534227 0.4858007584081811 0.2944540374058991
1403715588.162142992 1.4640741398259096 2.3160402133435913 0.41841606812598847 0.6106869989453313 -0.5289574983672422 0.4635025353191929 0.3639103653282825
1403715588.362143040 1.3319958976449413 2.3642555180976697 0.3794914453856445 -0.5591578111021782 0.5683680718043476 -0.43952317283816983 -0.41366611871954023
1403715588.562143087 1.1930454132466388 2.447653764865518 0.309829497649489 -0.5149332202375477 0.607945889342163 -0.4072548621228373 -0.4465300119882697
1403715588.762142897 1.0468975245344605 2.5634696711376073 0.24081598446518282 -0.4825309320596428 0.6539988697852522 -0.3618112917036575 -0.45666395426177947
1403715588.962142944 0.8940391216577503 2.6923961376671968 0.1663990898249597 -0.4643714766946385 0.7050203135871589 -0.29144471493220503 -0.44985049427655155
1403715589.162142992 0.7381693955965014 2.78410155432527 0.1114288000374502 -0.43594146873381223 0.744713561666286 -0.2384238003201061 -0.4455455513751851
1403715589.362143040 0.5624668744172406 2.8098289170639763 0.10737868633822696 -0.40448038993027313 0.7701088743715548 -0.20618081926693188 -0.44812655081257313
1403715589.562143087 0.3610596415472913 2.7671852336305482 0.13478089689648876 -0.37349906993652937 0.7951512534989398 -0.17784644237788513 -0.44340001324969514
1403715589.762142897 0.12082248656619357 2.6420103121191336 0.20200611591214224 -0.35656974653523454 0.795720091497145 -0.16987567702752013 -0.45916206964283246
1403715589.962142944 -0.15592792061492192 2.4414463712386314 0.3263714660960615 0.3390084519689726 -0.7563659177089314 0.19858430811253552 0.5230182985272479
1403715590.162142992 -0.42399383263993484 2.22433864029212 0.4315186604537644 0.33773239979161335 -0.7420480733695576 0.20901315510566135 0.5400138738340365
1403715590.362143040 -0.668018500706114 2.004764414703925 0.5213372228622055 0.3665120928975117 -0.7359397177986853 0.2019918779234546 0.5322226026581725
1403715590.562143087 -0.8758591884670094 1.7620049726266869 0.6060632337635969 0.42250192171454853 -0.7089221572036465 0.20555655796273212 0.5259923979040939
1403715590.762142897 -1.033260897793212 1.4874728938515074 0.6788282282191743 -0.47075246693842476 0.6910106568425861 -0.24755154426276924 -0.48950446365211353
1403715590.962142944 -1.1497652280597064 1.1890945686352528 0.7538776973680739 -0.5120090618845181 0.6538593938911464 -0.31097406631885804 -0.4621793414320635
1403715591.162142992 -1.2412752779048066 0.8834502293680935 0.8222283474347275 -0.573958901897812 0.6052473512722306 -0.34792228677013315 -0.4280150757626392
1403715591.362143040 -1.3024875325531502 0.5753972797287795 0.8775939453188719 0.6425795543490948 -0.5390456467287198 0.3708315435702769 0.398754653100419
1403715591.562143087 -1.3156973287455704 0.26584450091528905 0.9167995397198098 0.6948658404745397 -0.4767249118036067 0.40115277129290383 0.35912571098715595
1403715591.762142897 -1.2816443558420583 -0.046613965299543536 0.9161112008228682 0.7309877959267147 -0.4189788870402693 0.4353369382824964 0.3171675970020177
1403715591.962142944 -1.2067617982974987 -0.3514199363996962 0.8684163968767977 0.7611337902715924 -0.3574823060338535 0.4578509063256488 0.288538215418321
1403715592.162142992 -1.084985510013382 -0.6277430459053794 0.7811021781528554 0.7889018300992187 -0.2837068967955451 0.4744366704099897 0.2684290314915764
1403715592.362143040 -0.9000431576553964 -0.854522359979601 0.7263836617273712 0.80192120458414 -0.20457240361067097 0.507589436492196 0.23963613517429388
1403715592.562143087 -0.6595608230441832 -1.0095831388807275 0.710618589214119 0.8163510223381695 -0.12640924045776664 0.5249411184384369 0.20500862037336454
1403715592.762142897 -0.3879083726154419 -1.0688569850507144 0.6990398974876115 0.8239658386762473 -0.048348088913637524 0.5393118290914442 0.16698955055774564
1403715592.962142944 -0.09580378050678012 -1.0295441578461533 0.6883774495596555 0.8320223974910022 -0.015161554873343813 0.5504984525080711 0.06678556066916695
1403715593.162142992 0.2013423618914859 -0.9395498170949651 0.6800515101843498 0.8277201688431745 0.02961189743214825 0.5597120545604707 -0.026923476762241872
1403715593.362143040 0.4940855510894153 -0.8416019088447904 0.6711379689533213 0.8162831177966746 0.10597606918527172 0.5634999072775929 -0.07013414902129841
1403715593.562143087 0.7734191674060973 -0.7308632566460568 0.6621801093718642 0.7999847294064968 0.19091045247002822 0.5618309207881707 -0.0890148768526144
1403715593.762142897 1.0244999202878142 -0.5847339716992674 0.6589797560374564 0.7659449300359576 0.2535702802709147 0.5751872939107745 -0.13487050841408435
1403715593.962142944 1.222955987363517 -0.4108100341532081 0.6536282027426424 0.7374610463197202 0.32025147211731453 0.5661204288733692 -0.1819281720371277
1403715594.162142992 1.3654943020756085 -0.21401654639658932 0.6442021643517317 0.7187606239939462 0.3853683609147705 0.5311864266553721 -0.22959828383443717
1403715594.362143040 1.4657065852365796 0.0038102812708556144 0.6433055160974152 0.6900725580963132 0.4413094204694541 0.5055417726736284 -0.2710597278283338
1403715594.562143087 1.5209950125973766 0.23692828307833821 0.6484119559685358 0.6447792203119045 0.5053090126428208 0.488620734879086 -0.30028708970473267
1403715594.762142897 1.520419643119395 0.4814383973748615 0.6487724442276946 0.6075461925683914 0.569683280903156 0.44341316959249394 -0.33126023665451193
1403715594.962142944 1.4725270275768545 0.7483675239024264 0.6466003077241297 0.5781760697226414 0.6183425596871581 0.3774795609626732 -0.37533197617083497
1403715595.162142992 1.4012524425873303 1.046027820569688 0.6474849970376826 0.5301901251653458 0.6601432432942012 0.33242586686884773 -0.41545441693131274
1403715595.362143040 1.3152281150984393 1.3793200604608655 0.6493380405996558 0.46817637846616084 0.6908960908570249 0.2980008847216612 -0.46332379929248024
1403715595.562143087 1.2237346234446593 1.7301483881986002 0.64567434813284 -0.392798202887037 -0.7171787884827626 -0.270224992137465 0.5082741492375171
1403715595.762142897 1.1260458878428468 2.074934910412696 0.6479238571531485 -0.28041550368216756 -0.7380086485643752 -0.28542853558639664 0.5433607742667382
1403715595.962142944 1.0170346652598092 2.348272452555873 0.660259728121964 -0.1801627841605838 -0.7308629514485235 -0.2953182635658799 0.58836029829349
1403715596.162142992 0.9273960056339294 2.482003839032199 0.6957119624012328 -0.137284901254678 -0.6984982298013327 -0.2636818479952675 0.6509415963740391
1403715596.362143040 0.9009867718185237 2.468056671794073 0.7450331737456561 -0.1432866610285191 -0.7552905285988645 -0.22045819326824911 0.6003360185772466
1403715596.562143087 0.9001819512893806 2.3555656130152767 0.7973635500736415 -0.1565520280417809 -0.8218772737931833 -0.15428796719230292 0.5255515507710018
1403715596.762142897 0.85391263898502 2.2221981563258804 0.8565475720646659 0.14149732713429128 0.8577922627302967 0.10567635359854269 -0.4827043077336697
1403715596.962142944 0.7242305288113681 2.107438221283677 0.9145656962504204 0.12061792531769036 0.8797215299571869 0.06889865557149442 -0.4547464360310401
1403715597.162142992 0.4905547960337598 2.027261679544408 0.9735896613925381 0.10522731285046658 0.8786485142041918 0.055231880616879545 -0.4624429051041948
1403715597.362143040 0.16096010940556427 1.975781009519717 1.0386353307960348 -0.09162972669817235 -0.8437512393804691 -0.033652845202564736 0.5277834075062416
1403715597.562143087 -0.19938799028528825 1.9487737074125182 1.1003927121643675 -0.053752600668688026 -0.8089397694141857 -0.013179435741437507 0.585280624875997
1403715597.762142897 -0.5403439406687964 1.9381879520304195 1.1388671676287485 -0.0020782515261810225 -0.8056178997099825 0.009857077607984448 0.5923498278541354
1403715597.962142944 -0.8588684103594633 1.9430069016826093 1.1711837695792697 0.029697543057318546 -0.7996176183280613 0.026882690368902177 0.5991719630912655
1403715598.162142992 -1.146197372796993 1.9591006962130701 1.197469367317187 0.04622851355157173 -0.7898156480458597 0.025666177025761645 0.6110608922145402
1403715598.362143040 -1.3923198829387382 1.9773597972411063 1.18852928049182 0.04597836665571379 -0.7648785149060685 0.028486951040868118 0.6418997903533216
1403715598.562143087 -1.5673681471287737 2.0023210853703306 1.1630256362951485 0.03407204623931794 -0.7310412649074707 0.03960839897845803 0.6803300224144442
1403715598.762142897 -1.6361712067875585 2.04091161578641 1.1251285934222153 0.032821734224730385 -0.7530692446248715 0.030381177720024074 0.6564194014526397
1403715598.962142944 -1.6276392634971208 2.086285157651242 1.066836986558086 0.03643828714439431 -0.7887136544655842 0.01770592590224174 0.6134244229551823
1403715599.162142992 -1.5883680977489831 2.1280733103702447 0.9944254724393997 0.03851773865337505 -0.7959208604673871 0.013129114273997454 0.6040314512015742
1403715599.362143040 -1.5324238547950786 2.1646520199313035 0.9024377599456433 0.026097765352555768 -0.8070327677029894 0.030562065855417615 0.5891374870336207
1403715599.562143087 -1.4667530452759407 2.2125314589784035 0.7994995205488117 0.007910660950857485 -0.8068239392653357 0.05677109319705597 0.588004758015849
1403715599.762142897 -1.3978378851548718 2.2949999003178263 0.7103914156368437 0.0033736916122234168 -0.7956755800170486 0.062449835534661546 0.6024856907940122
1403715599.962142944 -1.3104540251694643 2.413074752127643 0.6249793122530359 0.022236666506439618 -0.7988233453987881 0.03099205194309781 0.6003551334213189
1403715600.162142992 -1.208899521163379 2.53870320637397 0.5397151000031014 0.05677018181017658 -0.807650612198213 -0.004221082696502558 0.5869069922350321
1403715600.362143040 -1.104476530677971 2.6235529065233996 0.45511356791830054 0.12067673471440496 -0.8053356772871492 -0.015736038660348277 0.5801930279440715
1403715600.562143087 -0.9953882873598369 2.637471838946355 0.3678970485448317 0.1679028247733336 -0.8144918935832884 0.044021405762298814 0.5536006796921219
1403715600.762142897 -0.8965601331090587 2.600002151276378 0.30225519865376826 0.22066963253488456 -0.8112899104980092 0.11084422867944076 0.529931270421286
1403715600.962142944 -0.8190269116320699 2.5295391479227103 0.2918225161471251 0.2827942179208359 -0.7883951946365791 0.15522433971805502 0.5237994384729865
1403715601.162142992 -0.7587031893529408 2.4330654270354115 0.3342080869522382 0.3211390642645365 -0.7672481047159182 0.1795349967803381 0.5253258342642004
1403715601.362143040 -0.7039503773552047 2.315665620904099 0.418262070757062 0.34164388191131184 -0.7542950706582242 0.17894212008844804 0.5313173458421426
1403715601.562143087 -0.6414553202824395 2.1738816630301976 0.49635280228723494 0.3427833103814623 -0.7519855481798399 0.18766744649724107 0.5308467452843905
1403715601.762142897 -0.5727292560405557 2.0117681543369574 0.5634330756715897 0.33561965827947327 -0.750760267235548 0.19847662786896347 0.5332218059192388
1403715601.962142944 -0.49905568653604726 1.8389559151564538 0.6278534847017104 0.3205871359799125 -0.7433607312687648 0.201656598494211 0.5513377619360796
1403715602.162142992 -0.4112904195414562 1.6731779202078578 0.6841768264255272 0.28165399409044767 -0.7291034356265521 0.1997890994700433 0.5909006037435212
1403715602.362143040 -0.293188982132754 1.5431246589541863 0.7109801496366245 0.2400864683532266 -0.7515569358164776 0.17552235817515252 0.588823030902669
1403715602.562143087 -0.15204788403265135 1.4411361696063223 0.7277391556320641 0.20396879830751935 -0.7864085955244905 0.1331920128107655 0.567642614614544
1403715602.762142897 -0.005196117797396843 1.3486817189822495 0.7250511912022559 0.16687221072318228 -0.7979784168964197 0.08725760723130749 0.5725122019981929
1403715602.962142944 0.14447580887463618 1.2472102406166066 0.6660117018766833 0.1227680742640153 -0.8104783219916238 0.05282528944650399 0.5703177871315488
1403715603.162142992 0.29141659189280955 1.1328175133279006 0.5721380594303501 0.07781502344121669 -0.8142678225595942 0.022614057574246962 0.5748054798550615
1403715603.362143040 0.43228512242978506 1.0053503623743647 0.4757467036462571 0.039030972983782844 -0.8243279531805822 -0.0037694881717518273 0.5647528660505758
1403715603.562143087 0.5535491874236542 0.8618297217825125 0.3984972609357592 0.0063625648897867055 -0.8250243315904909 -0.0011276180976521454 0.5650602609717135
1403715603.762142897 0.6537961378303069 0.7212712754181115 0.336412151381384 -0.02434119064231711 -0.8217871465043609 0.019761857450531897 0.5689313326480825
1403715603.962142944 0.7366659968499026 0.6141898789093501 0.3060757238796359 -0.03952199315310424 -0.8314571989878198 0.03588587582051566 0.5530182114771296
1403715604.162142992 0.7876662241168955 0.5544977877923158 0.3031193456838331 -0.020664651241688814 -0.8404284011042883 0.010079929254025186 0.5414346404071243
1403715604.362143040 0.8011118589723732 0.5156973139035224 0.29467452865520777 -0.008384778562646215 -0.8327356004669764 -0.008110802906659586 0.5535479474081911
1403715604.562143087 0.7899921690055083 0.47922901282278196 0.27795101729020744 -0.007153161583597626 -0.8274152053832677 -0.010737417233060285 0.5614424441128075
1403715604.762142897 0.7627271277463076 0.4410810827248639 0.2599366402652394 -0.004568008301656185 -0.816410289872217 -0.01482762113766725 0.5772638162423103
1403715604.962142944 0.7315909582489523 0.39828564674630523 0.24203067570582454 -0.003347310080088354 -0.8177218803807159 -0.01615467025252282 0.5753770489784977
1403715605.162142992 0.6955796348725942 0.35104620642890655 0.23374198973940777 -0.0017675338144887047 -0.8184246758576547 -0.014962254267890504 0.5744162747686142
1403715605.362143040 0.6515592707509911 0.29886279546118183 0.23612201020280651 -0.003951514430176296 -0.8145587733930497 -0.004405995709138758 0.5800508403789025
1403715605.562143087 0.6061311249040974 0.25055893298774035 0.21916192756671285 -0.007360848303469792 -0.8163604344237234 0.008296919156849176 0.5774362476954574
1403715605.762142897 0.5590068378015461 0.21443842409994535 0.17709070095802892 -0.000667376500990512 -0.8159129702337825 0.0030996076364873237 0.5781660419341024
1403715605.962142944 0.5077626678382667 0.18656692600206917 0.14406171447117977 0.0070830778893693 -0.8130505701177884 -0.004909093297374195 0.5821292822407436
1403715606.162142992 0.4575327062352764 0.15619307162601248 0.099021033486337 0.011085243169549622 -0.8114822294508981 -0.005067137960055721 0.5842499745678669
1403715606.362143040 0.41008470972204586 0.11830558138348285 0.05113494588512538 0.0074420375777290455 -0.8122980742128579 0.007114938753259259 0.5831516375298126
1403715606.562143087 0.36310583188528256 0.08235819524260019 0.03952423394775904 0.00573572115675068 -0.8107530476399513 0.017095332159823885 0.5851105424311641
1403715606.762142897 0.32163657426864595 0.05599397875050311 0.02921292701385253 0.0023286058843454143 -0.8083271333690218 0.03235494735158545 0.58783924710447
1403715606.962142944 0.2870360414288239 0.04974853885776155 0.007298010641922849 0.011268587040521671 -0.7987088115193618 0.02606587012127915 0.6010472724858815
1403715607.162142992 0.27225049678810076 0.05467431002509717 -0.020337197026746506 0.02502780947753641 -0.8037257561901601 0.009285754935034581 0.594400784273588
1403715607.362143040 0.26735367982926717 0.052226595689816906 -0.044215875530740106 0.02743030567634618 -0.806643863302378 0.007027158547189228 0.5903591069597602
1403715607.562143087 0.2734022417739376 0.043815521337254325 -0.05744608031338691 0.027320449596371258 -0.8067212696651328 0.004694792147227855 0.5902815811380869
1403715607.762142897 0.28841582880663674 0.025588001526998236 -0.06453537530727399 0.02524178677071568 -0.8077992929069291 0.0023083576512103834 0.588912409501696
1403715607.962142944 0.30447044397113626 0.004941676191710119 -0.08527012783167091 0.029644531093871312 -0.8067009564310782 -0.00032722688655465175 0.5902157754520266
1403715608.162142992 0.30128483639415365 0.007314488105484019 -0.08772566196567165 0.02987766937807632 -0.8112539570997145 0.0007683961262221296 0.5839295775437637
1403715608.362143040 0.3037685953109913 0.008279200863723959 -0.08956243066430516 0.02971366888755251 -0.8106461622869435 0.0013435969478317515 0.5847803794574458
1403715608.562143087 0.304434083208555 0.00904610696836793 -0.0910933813854355 0.02955839941397796 -0.8101631313093146 0.0013931185400386857 0.5854571384075599
1403715608.762142897 0.30544063414776357 0.009800313075273367 -0.09232271698872657 0.029493012059094433 -0.8100961018435785 0.0013930110772908877 0.5855531807941343
1403715608.962142944 0.30655431165992586 0.011024224894434722 -0.0936151250899287 0.02934861748767367 -0.8101959645469359 0.0015994289823813112 0.5854217279114471
1403715609.162142992 0.3075074085874102 0.012176851455938947 -0.09412140117269698 0.029151315820574702 -0.8103969600841832 0.0018523202414255562 0.5851525756436874
1403715609.362143040 0.3084677812016181 0.013299785418010983 -0.09415691871579225 0.02895694824093307 -0.8104565906364781 0.0018989849683630033 0.5850794849411787
