1403715529.262142897 -0.00659 0.03753 0.09475 0.02264 0.81291 -0.02256 0.58151
1403715529.362143040 -0.01383 0.04417 0.10151 -0.00351 0.82547 0.0069 0.56439
1403715529.462142944 -0.02244 0.05737 0.09527 0.0648 0.82064 -0.0322 0.56685
1403715529.562143087 -0.02177 0.06833 0.10161 0.06736 0.82008 -0.02614 0.56766
1403715529.662142992 0.00459 0.08497 0.11637 0.12952 0.81644 -0.06438 0.55902
1403715529.762142897 0.04651 0.13522 0.15472 0.31002 0.75162 -0.20274 0.54576
1403715529.862143040 0.07804 0.15609 0.17135 0.33185 0.75329 -0.211 0.52717
1403715529.962142944 0.10531 0.13605 0.17458 0.3044 0.76449 -0.18681 0.53666
1403715530.062143087 0.13605 0.13642 0.19155 0.29809 0.76414 -0.17221 0.5455
1403715530.162142992 0.17358 0.14867 0.21625 0.30369 0.76202 -0.16395 0.54792
1403715530.262142897 0.21646 0.16903 0.25021 0.30735 0.76576 -0.16111 0.54147
1403715530.362143040 0.26472 0.20253 0.29916 0.30633 0.76769 -0.16334 0.53863
1403715530.462142944 0.32166 0.25087 0.36128 0.29933 0.76719 -0.16923 0.54146
1403715530.562143087 0.37978 0.30298 0.4248 0.29055 0.76899 -0.16645 0.54454
1403715530.662142992 0.43146 0.35766 0.47653 0.2816 0.7703 -0.16109 0.549
1403715530.762142897 0.48552 0.40613 0.51445 0.27043 0.77353 -0.15307 0.55234
1403715530.862143040 0.53322 0.45417 0.54424 0.25341 0.77951 -0.13818 0.55592
1403715530.962142944 0.57078 0.50033 0.5663 0.23666 0.78641 -0.12076 0.55765
1403715531.062143087 0.59633 0.54652 0.57883 0.21752 0.79902 -0.10895 0.54989
1403715531.162142992 0.62447 0.58635 0.58946 0.20012 0.81425 -0.10309 0.53508
1403715531.262142897 0.65967 0.62459 0.60105 0.17578 0.81825 -0.10496 0.53717
1403715531.362143040 0.71391 0.65423 0.61757 0.1603 0.81008 -0.10257 0.55457
1403715531.462142944 0.77312 0.6769 0.63268 0.15478 0.80287 -0.09618 0.56763
1403715531.562143087 0.83529 0.69299 0.63649 0.1523 0.79889 -0.09124 0.57468
1403715531.662142992 0.91023 0.71961 0.64529 0.14998 0.79748 -0.09405 0.57679
1403715531.762142897 0.97787 0.73236 0.64167 0.15648 0.79645 -0.08806 0.57743
1403715531.862143040 1.04275 0.74386 0.64459 0.1664 0.78983 -0.07921 0.58498
1403715531.962142944 1.11339 0.74762 0.64389 0.17428 0.78272 -0.07487 0.59276
1403715532.062143087 1.15527 0.75855 0.64875 0.17385 0.77977 -0.06943 0.59743
1403715532.162142992 1.18314 0.76892 0.65156 0.17253 0.77817 -0.06469 0.60042
1403715532.262142897 1.2178 0.77658 0.64735 0.16849 0.77704 -0.06231 0.60328
1403715532.362143040 1.21554 0.7893 0.64252 0.15421 0.77994 -0.05946 0.60364
1403715532.462142944 1.22624 0.79883 0.63447 0.14155 0.78234 -0.06081 0.6035
1403715532.562143087 1.21905 0.80739 0.63041 0.12608 0.7834 -0.06307 0.60532
1403715532.662142992 1.2175 0.80991 0.62548 0.10847 0.78099 -0.06814 0.61127
1403715532.762142897 1.21428 0.80621 0.61895 0.09511 0.77724 -0.07172 0.61783
1403715532.862143040 1.20636 0.7927 0.61089 0.08962 0.7747 -0.07536 0.62139
1403715532.962142944 1.19407 0.76764 0.59936 0.09054 0.77315 -0.08584 0.62183
1403715533.062143087 1.17396 0.72995 0.57887 0.09637 0.77094 -0.10309 0.62108
1403715533.162142992 1.14603 0.67814 0.55105 0.1107 0.76483 -0.12224 0.62276
1403715533.262142897 1.10822 0.61704 0.53273 0.13393 0.75137 -0.13705 0.63144
1403715533.362143040 1.05668 0.55193 0.52815 0.15428 0.7442 -0.15005 0.63233
1403715533.462142944 0.99301 0.48352 0.53867 0.1666 0.74429 -0.16215 0.62608
1403715533.562143087 0.91666 0.4149 0.56348 0.16327 0.74612 -0.17891 0.62019
1403715533.662142992 0.83035 0.34313 0.60209 0.15222 0.74864 -0.19411 0.61538
1403715533.762142897 0.73597 0.26343 0.65741 0.1423 0.75046 -0.20351 0.61249
1403715533.862143040 0.63838 0.1657 0.72089 0.14299 0.75443 -0.20023 0.60852
1403715533.962142944 0.54245 0.05177 0.77915 0.15001 0.75922 -0.18886 0.6045
1403715534.062143087 0.44584 -0.07499 0.82379 0.1553 0.76333 -0.17691 0.60159
1403715534.162142992 0.34668 -0.20891 0.85631 0.16356 0.76646 -0.16311 0.59932
1403715534.262142897 0.25466 -0.3546 0.87706 0.16941 0.77049 -0.1479 0.59646
1403715534.362143040 0.1705 -0.50895 0.88801 0.16811 0.77353 -0.1358 0.59578
1403715534.462142944 0.09914 -0.66709 0.88732 0.16567 0.77567 -0.13096 0.59476
1403715534.562143087 0.03471 -0.82177 0.87773 0.16708 0.77584 -0.13427 0.59341
1403715534.662142992 -0.02396 -0.96432 0.86495 0.17173 0.7753 -0.14687 0.58979
1403715534.762142897 -0.08398 -1.09684 0.85004 0.18098 0.77541 -0.16652 0.5816
1403715534.862143040 -0.14383 -1.22577 0.83418 0.19455 0.77619 -0.19064 0.56863
1403715534.962142944 -0.19508 -1.3553 0.81904 0.2085 0.77526 -0.2149 0.55617
1403715535.062143087 -0.23577 -1.47971 0.80426 0.22033 0.77336 -0.23474 0.54614
1403715535.162142992 -0.25553 -1.60206 0.78989 0.2248 0.77589 -0.2503 0.53367
1403715535.262142897 -0.26526 -1.72106 0.77631 0.22458 0.78005 -0.26201 0.52196
1403715535.362143040 -0.25294 -1.83977 0.76545 0.22065 0.78304 -0.26954 0.51527
1403715535.462142944 -0.23239 -1.9604 0.75588 0.20673 0.77863 -0.28034 0.52193
1403715535.562143087 -0.20227 -2.08633 0.74836 0.19943 0.77038 -0.28109 0.53641
1403715535.662142992 -0.17287 -2.22335 0.74229 0.19957 0.76381 -0.27238 0.55007
1403715535.762142897 -0.15672 -2.36033 0.73667 0.20047 0.76436 -0.25877 0.55552
1403715535.862143040 -0.13888 -2.49882 0.73012 0.20382 0.77034 -0.23549 0.5564
1403715535.962142944 -0.12022 -2.6304 0.72198 0.2009 0.78175 -0.21323 0.55049
1403715536.062143087 -0.07507 -2.76378 0.7089 0.19022 0.79519 -0.19599 0.54136
1403715536.162142992 -0.03547 -2.89131 0.69986 0.1823 0.80506 -0.18396 0.53367
1403715536.262142897 0.00636 -3.01902 0.69524 0.18125 0.81258 -0.17106 0.52688
1403715536.362143040 0.05449 -3.14325 0.69637 0.18405 0.81506 -0.15725 0.52637
1403715536.462142944 0.11243 -3.26471 0.70173 0.19432 0.81308 -0.14023 0.53054
1403715536.562143087 0.18144 -3.38093 0.70923 0.20339 0.809 -0.12678 0.53674
1403715536.662142992 0.26066 -3.48647 0.71771 0.20904 0.80281 -0.11745 0.54589
1403715536.762142897 0.34916 -3.5804 0.7279 0.21011 0.79167 -0.1105 0.56295
1403715536.862143040 0.4424 -3.65749 0.74012 0.2115 0.78021 -0.09992 0.58013
1403715536.962142944 0.53781 -3.71873 0.75187 0.22113 0.76913 -0.08522 0.59353
1403715537.062143087 0.62694 -3.7559 0.76416 0.23165 0.75613 -0.07271 0.60771
1403715537.162142992 0.71214 -3.7685 0.77947 0.23913 0.73798 -0.06245 0.62793
1403715537.262142897 0.78911 -3.75308 0.79526 0.23865 0.72092 -0.05844 0.648
1403715537.362143040 0.84804 -3.70542 0.81519 0.21326 0.71658 -0.0734 0.66003
1403715537.462142944 0.88816 -3.63228 0.83276 0.18104 0.73309 -0.09766 0.64828
1403715537.562143087 0.90821 -3.54113 0.84753 0.15265 0.75926 -0.12114 0.62092
1403715537.662142992 0.92144 -3.44 0.84981 0.13159 0.77965 -0.13543 0.59707
1403715537.762142897 0.91216 -3.34113 0.86723 0.12528 0.7779 -0.14205 0.59916
1403715537.862143040 0.89729 -3.24495 0.88573 0.12556 0.76762 -0.142 0.61223
1403715537.962142944 0.86823 -3.15135 0.90042 0.12591 0.76579 -0.14169 0.61452
1403715538.062143087 0.83035 -3.06033 0.91248 0.12064 0.77188 -0.14615 0.60687
1403715538.162142992 0.78507 -2.97265 0.92347 0.11504 0.77752 -0.15665 0.59807
1403715538.262142897 0.73313 -2.89009 0.92694 0.11783 0.77996 -0.16891 0.59097
1403715538.362143040 0.67469 -2.81451 0.91881 0.12703 0.77579 -0.18148 0.59083
1403715538.462142944 0.60976 -2.745 0.90525 0.14932 0.76315 -0.1886 0.59979
1403715538.562143087 0.53699 -2.67664 0.89293 0.17697 0.74921 -0.19588 0.60745
1403715538.662142992 0.45214 -2.60284 0.88199 0.19849 0.73991 -0.21088 0.60718
1403715538.762142897 0.3608 -2.52767 0.86644 0.21587 0.73736 -0.23488 0.59542
1403715538.862143040 0.26158 -2.44819 0.84984 0.23264 0.73838 -0.26492 0.57488
1403715538.962142944 0.15672 -2.3642 0.83001 0.25235 0.73334 -0.29757 0.55676
1403715539.062143087 0.05082 -2.28131 0.79989 0.27485 0.72137 -0.33146 0.54242
1403715539.162142992 -0.055 -2.19727 0.75823 0.29729 0.70549 -0.36623 0.52894
1403715539.262142897 -0.16014 -2.11379 0.70686 0.3169 0.68925 -0.40059 0.51385
1403715539.362143040 -0.26371 -2.02907 0.64685 0.3329 0.67656 -0.43244 0.49441
1403715539.462142944 -0.37341 -1.94092 0.5867 0.34862 0.66298 -0.45716 0.47951
1403715539.562143087 -0.47924 -1.85296 0.54055 0.35282 0.65144 -0.47898 0.47087
1403715539.662142992 -0.57778 -1.77024 0.51526 0.35178 0.63983 -0.49511 0.47089
1403715539.762142897 -0.66875 -1.68832 0.50368 0.35406 0.63224 -0.50164 0.47251
1403715539.862143040 -0.76736 -1.60788 0.50939 0.35628 0.63182 -0.50225 0.47075
1403715539.962142944 -0.86443 -1.53864 0.53106 0.34536 0.64014 -0.50464 0.46507
1403715540.062143087 -0.95862 -1.47877 0.56543 0.32808 0.65099 -0.51025 0.45631
1403715540.162142992 -1.04878 -1.43596 0.60502 0.30706 0.65912 -0.51742 0.45115
1403715540.262142897 -1.13575 -1.41932 0.65109 0.29732 0.66267 -0.51767 0.45221
1403715540.362143040 -1.2176 -1.42664 0.70048 0.30278 0.66865 -0.50815 0.45057
1403715540.462142944 -1.30668 -1.43366 0.74591 0.31095 0.67653 -0.49926 0.44313
1403715540.562143087 -1.38373 -1.46085 0.78234 0.31351 0.68739 -0.49637 0.42758
1403715540.662142992 -1.46294 -1.49446 0.81249 0.30972 0.69299 -0.50049 0.41635
1403715540.762142897 -1.53516 -1.54232 0.84015 0.29832 0.6885 -0.51259 0.4174
1403715540.862143040 -1.60628 -1.60662 0.86787 0.29859 0.68027 -0.51659 0.4257
1403715540.962142944 -1.67652 -1.68393 0.89313 0.30509 0.67319 -0.51519 0.43396
1403715541.062143087 -1.74817 -1.77358 0.91672 0.31428 0.67042 -0.50991 0.43789
1403715541.162142992 -1.81749 -1.87028 0.93688 0.31728 0.66959 -0.50798 0.43925
1403715541.262142897 -1.88473 -1.97221 0.9561 0.31222 0.65762 -0.51186 0.45613
1403715541.362143040 -1.96165 -2.08297 0.97688 0.32034 0.64908 -0.5096 0.46517
1403715541.462142944 -2.04404 -2.19805 0.99186 0.32976 0.65239 -0.50592 0.45791
1403715541.562143087 -2.12735 -2.31658 1.00443 0.33089 0.66215 -0.50716 0.44143
1403715541.662142992 -2.20909 -2.44278 1.01832 0.33088 0.67031 -0.50776 0.42823
1403715541.762142897 -2.28714 -2.57288 1.03517 0.34537 0.67737 -0.49706 0.41811
1403715541.862143040 -2.35179 -2.70972 1.05119 0.36884 0.68146 -0.47896 0.4125
1403715541.962142944 -2.40721 -2.85051 1.06585 0.38635 0.68597 -0.46103 0.40943
1403715542.062143087 -2.44432 -2.9924 1.0786 0.3963 0.69261 -0.4417 0.41005
1403715542.162142992 -2.46374 -3.12218 1.09745 0.40014 0.69459 -0.4211 0.42439
1403715542.262142897 -2.46278 -3.24544 1.1177 0.3964 0.69408 -0.40079 0.44776
1403715542.362143040 -2.44632 -3.35306 1.14216 0.38094 0.69331 -0.38519 0.47522
1403715542.462142944 -2.40982 -3.43603 1.1617 0.35712 0.68905 -0.37267 0.50871
1403715542.562143087 -2.37434 -3.52216 1.18031 0.336 0.68743 -0.361 0.53313
1403715542.662142992 -2.34486 -3.60923 1.18463 0.31724 0.69748 -0.35457 0.53588
1403715542.762142897 -2.31816 -3.67265 1.18379 0.30435 0.70565 -0.34987 0.53575
1403715542.862143040 -2.29476 -3.72305 1.18161 0.29462 0.71489 -0.34782 0.53024
1403715542.962142944 -2.2747 -3.7616 1.17671 0.28319 0.7187 -0.35023 0.52973
1403715543.062143087 -2.2587 -3.79537 1.16401 0.27348 0.71714 -0.35362 0.53466
1403715543.162142992 -2.2484 -3.8214 1.14779 0.27001 0.71454 -0.3559 0.53839
1403715543.262142897 -2.24404 -3.84442 1.1299 0.26956 0.70938 -0.35744 0.54439
1403715543.362143040 -2.24379 -3.8667 1.115 0.27029 0.70669 -0.35949 0.54616
1403715543.462142944 -2.25141 -3.8828 1.09923 0.27607 0.70621 -0.35804 0.54485
1403715543.562143087 -2.26365 -3.89546 1.08564 0.28447 0.70545 -0.35459 0.54377
1403715543.662142992 -2.28033 -3.90135 1.07144 0.29589 0.7008 -0.34753 0.54823
1403715543.762142897 -2.30249 -3.90013 1.05514 0.31466 0.69634 -0.34083 0.54766
1403715543.862143040 -2.33019 -3.88531 1.03656 0.33857 0.69247 -0.33999 0.53876
1403715543.962142944 -2.3578 -3.85697 1.01469 0.36005 0.68853 -0.34948 0.5236
1403715544.062143087 -2.38348 -3.81389 0.98956 0.37943 0.68326 -0.36774 0.50394
1403715544.162142992 -2.40558 -3.75917 0.95407 0.38501 0.67017 -0.40434 0.48903
1403715544.262142897 -2.42505 -3.69393 0.906 0.39225 0.65012 -0.44615 0.47374
1403715544.362143040 -2.44255 -3.62074 0.8441 0.40089 0.62455 -0.49004 0.45727
1403715544.462142944 -2.4573 -3.54116 0.7724 0.4109 0.59569 -0.52974 0.44237
1403715544.562143087 -2.46976 -3.45685 0.7016 0.42339 0.56964 -0.55996 0.42743
1403715544.662142992 -2.47839 -3.36951 0.64544 -0.43407 -0.55071 0.57924 -0.41567
1403715544.762142897 -2.48509 -3.27783 0.61332 -0.44875 -0.53729 0.58352 -0.41164
1403715544.862143040 -2.48943 -3.17667 0.6059 -0.4588 -0.53049 0.58279 -0.41041
1403715544.962142944 -2.49086 -3.06494 0.6177 -0.45851 -0.53152 0.58482 -0.40649
1403715545.062143087 -2.48865 -2.94662 0.63311 -0.455 -0.53438 0.59044 -0.39848
1403715545.162142992 -2.48575 -2.82466 0.64738 -0.45497 -0.53338 0.59785 -0.3887
1403715545.262142897 -2.47962 -2.70334 0.65111 -0.45701 -0.52719 0.60829 -0.37841
1403715545.362143040 -2.47183 -2.58274 0.64458 -0.45881 -0.517 0.62027 -0.37076
1403715545.462142944 -2.4621 -2.46278 0.6355 -0.45432 -0.50184 0.63357 -0.37462
1403715545.562143087 -2.45384 -2.34268 0.63252 -0.447 -0.48724 0.64572 -0.38189
1403715545.662142992 -2.45006 -2.22416 0.63833 -0.44148 -0.4769 0.65357 -0.38796
1403715545.762142897 -2.45504 -2.10422 0.64485 -0.43854 -0.4763 0.65482 -0.38992
1403715545.862143040 -2.46873 -1.98518 0.6499 -0.4386 -0.48519 0.64877 -0.38899
1403715545.962142944 -2.48695 -1.86098 0.65544 -0.44011 -0.50355 0.63473 -0.38713
1403715546.062143087 -2.50753 -1.73316 0.66004 -0.4381 -0.52791 0.61461 -0.38939
1403715546.162142992 -2.52841 -1.60937 0.66738 -0.42762 -0.55475 0.5913 -0.3997
1403715546.262142897 -2.54787 -1.48701 0.67569 0.41086 0.58312 -0.56478 0.41495
1403715546.362143040 -2.56643 -1.36162 0.68498 0.38996 0.61075 -0.53645 0.43259
1403715546.462142944 -2.58486 -1.23638 0.69714 0.36549 0.63846 -0.50715 0.44899
1403715546.562143087 -2.6037 -1.11255 0.711 0.34036 0.66519 -0.47545 0.46434
1403715546.662142992 -2.6236 -0.99062 0.72426 0.31557 0.69429 -0.44087 0.47329
1403715546.762142897 -2.64129 -0.87045 0.73392 0.28603 0.72673 -0.40744 0.47333
1403715546.862143040 -2.65797 -0.757 0.74191 0.25095 0.7559 -0.37761 0.47229
1403715546.962142944 -2.67048 -0.65216 0.75109 0.22401 0.77844 -0.34195 0.47637
1403715547.062143087 -2.67692 -0.55429 0.76127 0.20627 0.79829 -0.29972 0.47996
1403715547.162142992 -2.673 -0.46794 0.77053 0.18585 0.81372 -0.2592 0.48593
1403715547.262142897 -2.65756 -0.38854 0.77942 0.16606 0.82619 -0.21822 0.49215
1403715547.362143040 -2.63141 -0.31093 0.78664 0.14681 0.83663 -0.18097 0.49572
1403715547.462142944 -2.58975 -0.23934 0.79048 0.12412 0.84725 -0.15109 0.49389
1403715547.562143087 -2.54056 -0.15844 0.79258 0.1011 0.85654 -0.12037 0.49155
1403715547.662142992 -2.47164 -0.08025 0.79336 0.07955 0.86328 -0.08598 0.49094
1403715547.762142897 -2.3884 0.00576 0.79351 0.0598 0.86771 -0.04984 0.49094
1403715547.862143040 -2.28466 0.09345 0.79524 0.03837 0.86951 -0.01671 0.49214
1403715547.962142944 -2.16094 0.18417 0.80041 0.01814 0.86482 0.01309 0.50158
1403715548.062143087 -2.02088 0.2765 0.80681 0.00052 0.85406 0.03283 0.51914
1403715548.162142992 -1.86814 0.37221 0.81461 -0.00725 0.84139 0.04772 0.53827
1403715548.262142897 -1.71021 0.46617 0.81942 -0.00825 0.83186 0.05793 0.5519
1403715548.362143040 -1.54708 0.56145 0.81579 -0.00789 0.82712 0.06171 0.55857
1403715548.462142944 -1.38449 0.65956 0.79804 -0.00568 0.82613 0.06196 0.56004
1403715548.562143087 -1.22333 0.76402 0.7732 -0.00807 0.82664 0.05643 0.55984
1403715548.662142992 -1.06392 0.86804 0.74857 -0.01123 0.82754 0.04924 0.55914
1403715548.762142897 -0.90638 0.97398 0.72583 -0.01292 0.82711 0.0428 0.56025
1403715548.862143040 -0.74517 1.08057 0.70251 -0.01239 0.8271 0.03775 0.56065
1403715548.962142944 -0.59708 1.18639 0.67981 -0.01385 0.82565 0.03482 0.56293
1403715549.062143087 -0.45293 1.29454 0.65694 -0.01865 0.82301 0.03961 0.56633
1403715549.162142992 -0.32316 1.3973 0.63841 -0.02715 0.81476 0.04818 0.57716
1403715549.262142897 -0.2072 1.48894 0.62818 -0.03519 0.80402 0.05622 0.59089
1403715549.362143040 -0.09298 1.58331 0.61594 -0.04608 0.79637 0.05969 0.60009
1403715549.462142944 0.0083 1.67325 0.60082 -0.06405 0.79647 0.05615 0.59864
1403715549.562143087 0.07969 1.75765 0.58066 -0.07859 0.80204 0.05273 0.58973
1403715549.662142992 0.13755 1.82197 0.56617 -0.09009 0.81019 0.04492 0.57746
1403715549.762142897 0.18678 1.87143 0.55715 -0.09468 0.8128 0.02955 0.57404
1403715549.862143040 0.23847 1.90695 0.55309 -0.09134 0.81083 0.00882 0.57804
1403715549.962142944 0.30878 1.93155 0.54834 -0.08866 0.81023 -0.02195 0.57895
1403715550.062143087 0.38183 1.94086 0.54367 -0.08006 0.81166 -0.05752 0.57576
1403715550.162142992 0.44984 1.92877 0.54287 -0.05341 0.81419 -0.08616 0.57168
1403715550.262142897 0.5186 1.90222 0.55552 -0.02141 0.81531 -0.1116 0.56776
1403715550.362143040 0.57965 1.85633 0.58343 0.00874 0.81404 -0.13653 0.56447
1403715550.462142944 0.64187 1.79659 0.62114 0.04253 0.80912 -0.1599 0.56387
1403715550.562143087 0.70395 1.72769 0.65803 0.0735 0.80258 -0.18638 0.5619
1403715550.662142992 0.76378 1.65244 0.68387 0.09463 0.79375 -0.21934 0.55937
1403715550.762142897 0.82305 1.57185 0.69726 0.10934 0.78214 -0.2565 0.55723
1403715550.862143040 0.87797 1.48451 0.69856 0.11932 0.76877 -0.29535 0.55455
1403715550.962142944 0.92744 1.38725 0.69071 0.13115 0.75424 -0.33225 0.55093
1403715551.062143087 0.96969 1.27722 0.68268 0.15334 0.74122 -0.36133 0.54454
1403715551.162142992 0.99725 1.15456 0.68974 0.18024 0.72758 -0.38642 0.53742
1403715551.262142897 1.01342 1.02157 0.70825 0.20018 0.70989 -0.41539 0.53238
1403715551.362143040 1.0206 0.87697 0.73384 0.21489 0.68983 -0.44786 0.52667
1403715551.462142944 1.01316 0.72669 0.75985 0.23283 0.66797 -0.47803 0.52067
1403715551.562143087 0.98754 0.57064 0.78655 0.25798 0.64644 -0.50281 0.51259
1403715551.662142992 0.94854 0.4058 0.81422 0.29304 0.6266 -0.51963 0.50149
1403715551.762142897 0.89448 0.23941 0.84285 0.3289 0.60336 -0.5342 0.49235
1403715551.862143040 0.82813 0.07876 0.86917 0.35906 0.57461 -0.5505 0.4877
1403715551.962142944 0.74832 -0.06875 0.89492 -0.38877 -0.54399 0.56513 -0.48328
1403715552.062143087 0.66002 -0.21081 0.91857 -0.41936 -0.52509 0.57825 -0.46264
1403715552.162142992 0.56575 -0.34024 0.93878 -0.44001 -0.50797 0.5959 -0.43961
1403715552.262142897 0.46446 -0.42816 0.95083 -0.4665 -0.48511 0.60853 -0.42039
1403715552.362143040 0.36695 -0.52036 0.97052 -0.49241 -0.45842 0.62088 -0.40236
1403715552.462142944 0.27084 -0.59252 0.98605 0.51335 0.4309 -0.63763 0.37977
1403715552.562143087 0.18008 -0.64309 1.00115 0.53118 0.39687 -0.65592 0.3607
1403715552.662142992 0.09508 -0.6671 1.01541 0.54646 0.35669 -0.67496 0.34436
1403715552.762142897 0.02185 -0.66519 1.02415 0.55643 0.31483 -0.69745 0.32376
1403715552.862143040 -0.03843 -0.63113 1.02778 0.56416 0.27195 -0.72003 0.29888
1403715552.962142944 -0.09722 -0.58779 1.02729 0.56373 0.2269 -0.74419 0.27732
1403715553.062143087 -0.14764 -0.5218 1.02348 0.56164 0.17937 -0.76548 0.25774
1403715553.162142992 -0.19635 -0.43894 1.01698 0.56612 0.13723 -0.77898 0.23208
1403715553.262142897 -0.24874 -0.34113 1.01179 0.57808 0.09713 -0.78345 0.20638
1403715553.362143040 -0.30058 -0.22339 1.00507 0.59831 0.0601 -0.7792 0.17682
1403715553.462142944 -0.33849 -0.0842 0.99523 0.62418 0.02984 -0.76883 0.13567
1403715553.562143087 -0.36459 0.06735 0.98076 0.64509 0.00282 -0.75836 0.09355
1403715553.662142992 -0.36817 0.22847 0.96089 0.65366 -0.01804 -0.75455 0.0553
1403715553.762142897 -0.35739 0.39363 0.9371 0.64292 -0.02952 -0.76489 0.02688
1403715553.862143040 -0.32927 0.55912 0.91234 0.61709 -0.03276 -0.7862 0.00325
1403715553.962142944 -0.28177 0.7195 0.89177 0.59252 -0.03265 -0.80479 -0.01305
1403715554.062143087 -0.23108 0.87417 0.87329 0.56286 -0.03575 -0.82563 -0.01587
1403715554.162142992 -0.1815 1.02403 0.85539 0.53137 -0.03706 -0.84619 -0.01542
1403715554.262142897 -0.14633 1.17187 0.84184 0.50899 -0.03559 -0.8599 -0.01535
1403715554.362143040 -0.12949 1.31718 0.8276 -0.4976 0.02256 0.86666 0.028
1403715554.462142944 -0.1303 1.45611 0.80578 0.51093 0.01925 -0.85693 -0.06514
1403715554.562143087 -0.14955 1.57759 0.775 0.53652 0.07866 -0.83198 -0.1173
1403715554.662142992 -0.17012 1.66712 0.7353 0.55753 0.12761 -0.80381 -0.16359
1403715554.762142897 -0.19351 1.69108 0.68771 0.56961 0.15376 -0.78375 -0.19403
1403715554.862143040 -0.20645 1.65836 0.64731 0.58445 0.16448 -0.76725 -0.2066
1403715554.962142944 -0.21611 1.56132 0.63296 0.60186 0.15419 -0.75855 -0.19646
1403715555.062143087 -0.20812 1.40654 0.64041 0.61007 0.10944 -0.77072 -0.14775
1403715555.162142992 -0.18717 1.20924 0.66452 0.6003 0.04513 -0.79518 -0.07278
1403715555.262142897 -0.1612 0.99747 0.68887 0.57691 -0.02031 -0.81649 0.01045
1403715555.362143040 -0.13868 0.79137 0.70002 0.5562 -0.06887 -0.82485 0.07425
1403715555.462142944 -0.12218 0.60686 0.71096 0.55757 -0.081 -0.82147 0.08802
1403715555.562143087 -0.10905 0.4527 0.73688 0.56954 -0.07014 -0.81576 0.07232
1403715555.662142992 -0.09021 0.32195 0.77209 0.57674 -0.05487 -0.81327 0.05431
1403715555.762142897 -0.06463 0.20626 0.81189 0.57241 -0.04672 -0.81708 0.05044
1403715555.862143040 -0.04631 0.10679 0.86727 0.56267 -0.05015 -0.8226 0.06491
1403715555.962142944 -0.01846 0.02194 0.92936 0.5569 -0.05194 -0.82563 0.07412
1403715556.062143087 -0.00306 -0.03835 0.99094 0.54653 -0.06134 -0.83001 0.09285
1403715556.162142992 0.00322 -0.07235 1.04315 0.54582 -0.06617 -0.82885 0.10344
1403715556.262142897 0.006 -0.07899 1.09236 0.55626 -0.06433 -0.82201 0.1036
1403715556.362143040 0.00083 -0.06239 1.14002 0.56383 -0.05654 -0.81802 0.09868
1403715556.462142944 -0.00342 -0.02452 1.18027 0.56769 -0.0436 -0.81735 0.08809
1403715556.562143087 -0.00803 0.02793 1.20634 0.56725 -0.01854 -0.8211 0.0606
1403715556.662142992 -0.01518 0.08838 1.21714 0.5623 3e-05 -0.82592 0.04089
1403715556.762142897 -0.02509 0.15335 1.21247 0.55234 0.01265 -0.83302 0.02912
1403715556.862143040 -0.03953 0.22024 1.19996 0.55358 0.02568 -0.83225 0.01598
1403715556.962142944 -0.05848 0.28497 1.18591 0.55572 0.03617 -0.83057 0.00526
1403715557.062143087 -0.08041 0.34477 1.17064 0.54515 0.03508 -0.83756 0.00794
1403715557.162142992 -0.11064 0.40033 1.15659 0.5278 0.02827 -0.84873 0.01658
1403715557.262142897 -0.15051 0.45409 1.14551 0.51255 0.02184 -0.85806 0.02356
1403715557.362143040 -0.20525 0.50796 1.1382 0.50427 0.01822 -0.86298 0.02536
1403715557.462142944 -0.27682 0.56155 1.13176 0.5097 0.01647 -0.85986 0.02418
1403715557.562143087 -0.3638 0.61358 1.12447 0.52899 0.01935 -0.84824 0.01684
1403715557.662142992 -0.46143 0.66401 1.11469 0.54606 0.02447 -0.83736 0.00659
1403715557.762142897 -0.56553 0.71084 1.10227 0.558 0.0267 -0.82941 -0.00123
1403715557.862143040 -0.67352 0.75296 1.09389 0.56035 0.0202 -0.82801 4e-05
1403715557.962142944 -0.78237 0.79053 1.09695 0.56005 0.01227 -0.82837 0.00102
1403715558.062143087 -0.89225 0.82476 1.11312 0.56087 0.00635 -0.82788 0.00012
1403715558.162142992 -1.00484 0.85654 1.13942 0.55827 0.0023 -0.82966 -0.00128
1403715558.262142897 -1.1211 0.88604 1.16939 0.55591 0.0047 -0.83118 -0.00962
1403715558.362143040 -1.2405 0.91231 1.1988 0.56195 0.01196 -0.82677 -0.02264
1403715558.462142944 -1.36071 0.93106 1.22688 0.57682 0.01307 -0.81641 -0.02421
1403715558.562143087 -1.47913 0.94422 1.24601 0.59812 0.00816 -0.80121 -0.01586
1403715558.662142992 -1.59252 0.95537 1.25202 0.6114 0.00348 -0.79127 -0.00882
1403715558.762142897 -1.69623 0.96173 1.24708 0.61516 0.0049 -0.78837 -0.00476
1403715558.862143040 -1.79075 0.96782 1.2373 0.61587 0.01763 -0.78765 -0.00242
1403715558.962142944 -1.87052 0.96913 1.23007 0.61665 0.03789 -0.78632 -0.00098
1403715559.062143087 -1.93616 0.9628 1.22563 0.61657 0.06067 -0.78495 0.00326
1403715559.162142992 -1.98951 0.94958 1.22571 0.61699 0.08135 -0.78256 0.0173
1403715559.262142897 -2.02935 0.92981 1.22754 0.61765 0.10479 -0.77883 0.03082
1403715559.362143040 -2.0559 0.90464 1.22849 0.61607 0.13071 -0.7756 0.04275
1403715559.462142944 -2.06991 0.87435 1.22638 0.60517 0.15564 -0.77894 0.05302
1403715559.562143087 -2.07483 0.83835 1.21481 0.58529 0.16781 -0.79012 0.07062
1403715559.662142992 -2.07376 0.79851 1.19186 0.57147 0.17444 -0.79707 0.08756
1403715559.762142897 -2.0706 0.75319 1.16062 0.56602 0.18848 -0.79717 0.09282
1403715559.862143040 -2.06467 0.70333 1.1259 0.56253 0.20507 -0.79476 0.09932
1403715559.962142944 -2.05557 0.64798 1.09153 0.55957 0.22765 -0.79007 0.10413
1403715560.062143087 -2.04396 0.58461 1.05944 0.55593 0.25108 -0.78447 0.11188
1403715560.162142992 -2.02913 0.51064 1.03364 0.55005 0.27216 -0.77967 0.12447
1403715560.262142897 -2.01171 0.42527 1.02101 0.54131 0.28454 -0.77697 0.14946
1403715560.362143040 -1.99208 0.33175 1.01971 0.53203 0.29768 -0.77368 0.17248
1403715560.462142944 -1.97207 0.2337 1.02304 0.52508 0.3144 -0.76765 0.19016
1403715560.562143087 -1.95319 0.13174 1.02452 0.51935 0.33102 -0.76025 0.20671
1403715560.662142992 -1.93382 0.02603 1.02632 0.5138 0.35069 -0.75106 0.22122
1403715560.762142897 -1.91514 -0.0842 1.02909 0.50843 0.37229 -0.74006 0.23499
1403715560.862143040 -1.89691 -0.19705 1.03177 0.50444 0.39753 -0.72633 0.24485
1403715560.962142944 -1.87585 -0.31294 1.03482 -0.49806 -0.4236 0.71214 -0.25565
1403715561.062143087 -1.85063 -0.43347 1.03781 -0.48895 -0.4477 0.69769 -0.27153
1403715561.162142992 -1.82258 -0.55544 1.04002 -0.4759 -0.4679 0.68493 -0.29233
1403715561.262142897 -1.79317 -0.68105 1.04233 -0.46131 -0.48068 0.67589 -0.31514
1403715561.362143040 -1.76447 -0.80841 1.04485 -0.44396 -0.48468 0.67247 -0.34024
1403715561.462142944 -1.73876 -0.93723 1.04704 -0.43291 -0.49272 0.66463 -0.35788
1403715561.562143087 -1.71791 -1.06409 1.05153 -0.43335 -0.5083 0.64854 -0.36502
1403715561.662142992 -1.70049 -1.19037 1.05627 -0.43728 -0.52683 0.62967 -0.36708
1403715561.762142897 -1.68231 -1.31357 1.06095 -0.44166 -0.54149 0.60846 -0.37615
1403715561.862143040 -1.66077 -1.43419 1.06677 -0.44149 -0.55477 0.58764 -0.38987
1403715561.962142944 -1.63465 -1.54923 1.07482 0.44021 0.56666 -0.56468 0.40774
1403715562.062143087 -1.60554 -1.6561 1.08464 0.4401 0.57414 -0.54198 0.42771
1403715562.162142992 -1.57236 -1.75074 1.09617 0.44438 0.57886 -0.52217 0.44134
1403715562.262142897 -1.5344 -1.82891 1.107 0.44857 0.58656 -0.50852 0.44288
1403715562.362143040 -1.49013 -1.88848 1.11575 0.44823 0.59921 -0.50401 0.4313
1403715562.462142944 -1.43818 -1.93034 1.12082 0.44219 0.6162 -0.50538 0.41153
1403715562.562143087 -1.37415 -1.96266 1.12703 0.43874 0.63196 -0.49937 0.39845
1403715562.662142992 -1.29546 -1.98725 1.13382 0.42823 0.64153 -0.49335 0.40208
1403715562.762142897 -1.20331 -2.00895 1.13899 0.40004 0.64202 -0.50286 0.41822
1403715562.862143040 -1.10292 -2.02732 1.14425 0.37553 0.64201 -0.50877 0.43354
1403715562.962142944 -0.99904 -2.04373 1.14891 0.35522 0.6457 -0.50622 0.44792
1403715563.062143087 -0.89339 -2.06078 1.1534 0.34136 0.65245 -0.49454 0.46175
1403715563.162142992 -0.78933 -2.07626 1.1599 0.33671 0.66243 -0.47005 0.4763
1403715563.262142897 -0.68439 -2.08932 1.16646 0.32955 0.67269 -0.43814 0.49691
1403715563.362143040 -0.57836 -2.09586 1.17183 0.31495 0.68697 -0.4019 0.51707
1403715563.462142944 -0.47551 -2.09398 1.17634 0.29562 0.70499 -0.36323 0.5326
1403715563.562143087 -0.37453 -2.08417 1.17287 0.27692 0.7223 -0.32419 0.54451
1403715563.662142992 -0.27836 -2.06423 1.15875 0.26067 0.73609 -0.28623 0.55524
1403715563.762142897 -0.20189 -2.03212 1.12037 0.24524 0.74574 -0.24933 0.56707
1403715563.862143040 -0.12436 -1.9875 1.08122 0.21728 0.75103 -0.22049 0.58321
1403715563.962142944 -0.05248 -1.92988 1.0335 0.18073 0.75735 -0.19556 0.59625
1403715564.062143087 0.01258 -1.86417 0.97966 0.13562 0.76599 -0.17392 0.60384
1403715564.162142992 0.06775 -1.79234 0.9283 0.09428 0.77259 -0.1483 0.61011
1403715564.262142897 0.1117 -1.72118 0.88038 0.05809 0.78004 -0.11755 0.61183
1403715564.362143040 0.14349 -1.65174 0.84448 0.02986 0.78675 -0.07674 0.61176
1403715564.462142944 0.16235 -1.58604 0.8198 0.00169 0.80102 -0.03086 0.59784
1403715564.562143087 0.17532 -1.52063 0.8104 -0.02484 0.8113 0.01601 0.58388
1403715564.662142992 0.18455 -1.45609 0.81298 -0.04867 0.81406 0.06377 0.57522
1403715564.762142897 0.19221 -1.39146 0.83016 -0.06966 0.8112 0.11127 0.56984
1403715564.862143040 0.19684 -1.32538 0.86084 -0.09093 0.80373 0.15601 0.56694
1403715564.962142944 0.20066 -1.25947 0.90743 -0.11277 0.79049 0.19714 0.5688
1403715565.062143087 0.19913 -1.18905 0.96533 -0.136 0.77734 0.23579 0.56713
1403715565.162142992 0.18938 -1.11657 1.02843 -0.16721 0.76576 0.26988 0.55929
1403715565.262142897 0.17355 -1.04048 1.08066 -0.19912 0.75429 0.30035 0.5488
1403715565.362143040 0.15476 -0.97249 1.12504 -0.23096 0.73721 0.32643 0.54463
1403715565.462142944 0.13019 -0.90779 1.1573 -0.26294 0.7172 0.35024 0.54205
1403715565.562143087 0.10303 -0.84788 1.1795 -0.29071 0.69671 0.37769 0.53613
1403715565.662142992 0.06912 -0.79659 1.20101 -0.31825 0.67578 0.40862 0.52447
1403715565.762142897 0.02771 -0.75501 1.22617 -0.34423 0.65366 0.44444 0.50666
1403715565.862143040 -0.02014 -0.72422 1.25421 -0.36854 0.63045 0.48467 0.48146
1403715565.962142944 -0.07309 -0.70456 1.2844 -0.39482 0.59969 0.5256 0.45634
1403715566.062143087 -0.12893 -0.69542 1.31316 -0.42266 0.5651 0.56319 0.42992
1403715566.162142992 -0.18605 -0.68974 1.34343 -0.44612 0.52852 0.59844 0.40437
1403715566.262142897 -0.24177 -0.69465 1.37293 -0.46875 0.49085 0.62997 0.37746
1403715566.362143040 -0.29433 -0.71092 1.40131 -0.48979 0.45213 0.65844 0.34947
1403715566.462142944 -0.34349 -0.73443 1.41907 0.50794 -0.4132 -0.6836 -0.32242
1403715566.562143087 -0.39176 -0.7636 1.42427 0.52638 -0.37497 -0.70282 -0.29727
1403715566.662142992 -0.43692 -0.8006 1.41853 0.54204 -0.33671 -0.71982 -0.27327
1403715566.762142897 -0.47821 -0.84676 1.40566 0.55518 -0.29562 -0.73739 -0.24628
1403715566.862143040 -0.5179 -0.90254 1.39366 0.5677 -0.25369 -0.75385 -0.21229
1403715566.962142944 -0.55319 -0.96509 1.38497 0.5814 -0.20704 -0.76697 -0.17567
1403715567.062143087 -0.58108 -1.03493 1.3758 0.58866 -0.15892 -0.78148 -0.13235
1403715567.162142992 -0.60287 -1.1104 1.36707 0.59406 -0.10889 -0.79264 -0.08342
1403715567.262142897 -0.61664 -1.18838 1.35772 0.59166 -0.05384 -0.80359 -0.03585
1403715567.362143040 -0.62666 -1.26506 1.34512 0.58476 0.007 -0.81114 0.00777
1403715567.462142944 -0.6301 -1.34186 1.32575 0.57456 0.07131 -0.81403 0.04634
1403715567.562143087 -0.63419 -1.42131 1.29402 0.56439 0.13259 -0.81067 0.08187
1403715567.662142992 -0.63667 -1.50604 1.25213 0.55692 0.18769 -0.80037 0.11842
1403715567.762142897 -0.63464 -1.59436 1.20654 0.55246 0.23997 -0.78276 0.1565
1403715567.862143040 -0.62817 -1.68644 1.16161 0.54635 0.28968 -0.76161 0.19375
1403715567.962142944 -0.61292 -1.78381 1.1196 0.53606 0.3397 -0.73886 0.22657
1403715568.062143087 -0.5914 -1.87289 1.08105 0.52766 0.38561 -0.71138 0.2585
1403715568.162142992 -0.56669 -1.9607 1.04499 0.51779 0.42608 -0.68203 0.29186
1403715568.262142897 -0.53196 -2.03956 1.01112 0.50205 0.46463 -0.6536 0.32383
1403715568.362143040 -0.48706 -2.11266 0.98152 -0.48273 -0.49998 0.62547 -0.35465
1403715568.462142944 -0.43981 -2.18509 0.95153 -0.46272 -0.53359 0.59604 -0.38198
1403715568.562143087 -0.38339 -2.24223 0.92971 0.44105 0.56643 -0.56477 0.40701
1403715568.662142992 -0.33823 -2.33489 0.8914 0.41855 0.59818 -0.53295 0.42774
1403715568.762142897 -0.26639 -2.33767 0.89598 0.39406 0.62771 -0.4982 0.45
1403715568.862143040 -0.19931 -2.36875 0.88651 0.36773 0.65606 -0.46445 0.4676
1403715568.962142944 -0.12968 -2.39324 0.87659 0.33938 0.68184 -0.43433 0.48091
1403715569.062143087 -0.05551 -2.41347 0.86444 0.31347 0.70473 -0.40585 0.49028
1403715569.162142992 0.01802 -2.42713 0.8527 0.28698 0.72385 -0.37791 0.50087
1403715569.262142897 0.09524 -2.43952 0.8415 0.26278 0.73588 -0.35307 0.51455
1403715569.362143040 0.17076 -2.44875 0.83422 0.24917 0.73857 -0.32659 0.53458
1403715569.462142944 0.24321 -2.45154 0.82969 0.23775 0.74013 -0.30198 0.55181
1403715569.562143087 0.31523 -2.44838 0.82536 0.22798 0.74629 -0.27625 0.56103
1403715569.662142992 0.38166 -2.4357 0.8212 0.21497 0.75601 -0.25054 0.56522
1403715569.762142897 0.44273 -2.41035 0.81356 0.19519 0.76743 -0.22539 0.56758
1403715569.862143040 0.50143 -2.3794 0.81086 0.16856 0.77787 -0.19817 0.57204
1403715569.962142944 0.56086 -2.34077 0.8099 0.14543 0.78306 -0.16517 0.58171
1403715570.062143087 0.61719 -2.29492 0.80886 0.1208 0.78722 -0.13112 0.59034
1403715570.162142992 0.66781 -2.2419 0.80665 0.09496 0.79093 -0.09554 0.5969
1403715570.262142897 0.7096 -2.18171 0.80398 0.06733 0.79385 -0.05856 0.60153
1403715570.362143040 0.74383 -2.11502 0.79938 0.03879 0.79344 -0.01905 0.60712
1403715570.462142944 0.7697 -2.04483 0.79243 0.00734 0.79088 0.02139 0.61155
1403715570.562143087 0.78745 -1.96873 0.7846 -0.02335 0.78608 0.06431 0.61433
1403715570.662142992 0.78975 -1.8888 0.77298 -0.05503 0.78346 0.10763 0.60958
1403715570.762142897 0.78227 -1.80542 0.75843 -0.08746 0.78207 0.15067 0.59834
1403715570.862143040 0.76452 -1.71934 0.74505 -0.11957 0.77635 0.19458 0.58747
1403715570.962142944 0.73641 -1.6337 0.73058 -0.1499 0.76983 0.23577 0.57385
1403715571.062143087 0.70078 -1.54886 0.71607 -0.17754 0.7637 0.26821 0.55974
1403715571.162142992 0.66357 -1.46584 0.69981 -0.20235 0.75694 0.28659 0.55133
1403715571.262142897 0.62296 -1.38674 0.68795 -0.22041 0.74335 0.297 0.55736
1403715571.362143040 0.57833 -1.31317 0.67761 -0.22888 0.73098 0.30339 0.56677
1403715571.462142944 0.52506 -1.24813 0.66805 -0.22907 0.73193 0.3094 0.56221
1403715571.562143087 0.47002 -1.18757 0.65501 -0.23132 0.74312 0.31037 0.54583
1403715571.662142992 0.41107 -1.1296 0.63451 -0.24622 0.76213 0.29992 0.51826
1403715571.762142897 0.35466 -1.07317 0.60141 -0.26677 0.78555 0.28241 0.48165
1403715571.862143040 0.31199 -1.02819 0.56322 -0.27832 0.80633 0.27026 0.44646
1403715571.962142944 0.29446 -0.99784 0.52693 -0.27975 0.82294 0.2647 0.41765
1403715572.062143087 0.29593 -0.98094 0.49305 -0.26769 0.83345 0.27085 0.40043
1403715572.162142992 0.33129 -0.9466 0.46023 -0.23869 0.83181 0.29525 0.4049
1403715572.262142897 0.3996 -0.90346 0.4345 -0.21488 0.81031 0.32772 0.43569
1403715572.362143040 0.48589 -0.84778 0.41426 -0.20428 0.77196 0.36156 0.48128
1403715572.462142944 0.57333 -0.7808 0.39246 -0.2108 0.73346 0.38693 0.51757
1403715572.562143087 0.65308 -0.70678 0.36771 -0.23015 0.7087 0.40473 0.53007
1403715572.662142992 0.7224 -0.6276 0.3435 -0.25002 0.68992 0.42421 0.53061
1403715572.762142897 0.77752 -0.5455 0.32194 -0.2662 0.67578 0.44786 0.52142
1403715572.862143040 0.81789 -0.46037 0.30937 -0.2869 0.66631 0.46839 0.50431
1403715572.962142944 0.84738 -0.37345 0.31011 -0.31206 0.65388 0.48518 0.48955
1403715573.062143087 0.86684 -0.2847 0.32338 -0.33625 0.63813 0.50212 0.47708
1403715573.162142992 0.87832 -0.19769 0.34747 -0.36035 0.62306 0.51887 0.46121
1403715573.262142897 0.88071 -0.11393 0.3734 -0.37985 0.60751 0.53799 0.44409
1403715573.362143040 0.88142 -0.03379 0.39632 -0.39716 0.59282 0.55804 0.42358
1403715573.462142944 0.87972 0.04228 0.41787 -0.41575 0.57977 0.57592 0.39916
1403715573.562143087 0.87962 0.11495 0.44006 -0.43394 0.56683 0.59206 0.37399
1403715573.662142992 0.88196 0.18542 0.46342 -0.44285 0.54754 0.61315 0.35795
1403715573.762142897 0.88764 0.25973 0.48361 -0.44181 0.52494 0.64016 0.34559
1403715573.862143040 0.89389 0.33813 0.50218 -0.4389 0.50078 0.66836 0.33149
1403715573.962142944 0.89768 0.41934 0.52111 -0.4422 0.47658 0.69326 0.311
1403715574.062143087 0.89554 0.50017 0.53983 -0.44907 0.45047 0.71697 0.28525
1403715574.162142992 0.88857 0.59087 0.56094 -0.46231 0.42007 0.73628 0.26018
1403715574.262142897 0.87708 0.68468 0.58346 -0.48141 0.38051 0.75043 0.24556
1403715574.362143040 0.86193 0.79104 0.60855 -0.49837 0.33419 0.76162 0.24472
1403715574.462142944 0.84 0.8937 0.62973 0.50596 -0.29468 -0.77166 -0.2484
1403715574.562143087 0.81032 0.99004 0.64478 0.50907 -0.26859 -0.77918 -0.24815
1403715574.662142992 0.77214 1.07512 0.65377 0.50691 -0.24971 -0.78841 -0.24308
1403715574.762142897 0.72121 1.16265 0.66302 0.50752 -0.23702 -0.79548 -0.23119
1403715574.862143040 0.66025 1.23517 0.67333 0.51343 -0.23735 -0.7976 -0.2095
1403715574.962142944 0.59028 1.30481 0.6882 0.52454 -0.24016 -0.79356 -0.19349
1403715575.062143087 0.51454 1.37102 0.70846 0.53619 -0.24026 -0.7869 -0.18859
1403715575.162142992 0.43782 1.42841 0.73033 0.55095 -0.23701 -0.77624 -0.19425
1403715575.262142897 0.36082 1.47928 0.75457 0.5686 -0.23167 -0.76158 -0.2074
1403715575.362143040 0.28905 1.51712 0.77322 0.56548 -0.23491 -0.76097 -0.21443
1403715575.462142944 0.22073 1.5451 0.78996 0.55192 -0.24442 -0.76796 -0.21418
1403715575.562143087 0.15058 1.56516 0.81145 0.54235 -0.24452 -0.77077 -0.22801
1403715575.662142992 0.07597 1.57522 0.83662 0.53968 -0.2364 -0.76792 -0.2513
1403715575.762142897 -0.00531 1.57154 0.86094 0.53621 -0.23114 -0.76598 -0.26895
1403715575.862143040 -0.0922 1.54933 0.88136 0.53144 -0.2355 -0.76687 -0.27207
1403715575.962142944 -0.18185 1.50926 0.89899 0.53289 -0.24794 -0.76594 -0.26056
1403715576.062143087 -0.27778 1.457 0.91576 0.53646 -0.26302 -0.76423 -0.24287
1403715576.162142992 -0.37671 1.39553 0.93275 0.54089 -0.27235 -0.76143 -0.23127
1403715576.262142897 -0.47719 1.32811 0.94868 0.54443 -0.27795 -0.75938 -0.22291
1403715576.362143040 -0.57435 1.25638 0.96708 0.55253 -0.2753 -0.75402 -0.22444
1403715576.462142944 -0.66987 1.17795 0.98925 0.56837 -0.26964 -0.74299 -0.22852
1403715576.562143087 -0.75837 1.09164 1.01266 0.5811 -0.26516 -0.73262 -0.23511
1403715576.662142992 -0.83803 0.99509 1.03626 0.58712 -0.26368 -0.72559 -0.24346
1403715576.762142897 -0.90714 0.88653 1.0584 0.58203 -0.26963 -0.72562 -0.24904
1403715576.862143040 -0.96581 0.76581 1.07847 0.56625 -0.28284 -0.73285 -0.24959
1403715576.962142944 -1.0201 0.63545 1.10002 0.54972 -0.29639 -0.74036 -0.24864
1403715577.062143087 -1.07052 0.49969 1.1225 0.54416 -0.31379 -0.73924 -0.24281
1403715577.162142992 -1.11939 0.3611 1.14283 0.54203 -0.33461 -0.73385 -0.23602
1403715577.262142897 -1.16456 0.22248 1.15225 0.54152 -0.35034 -0.72756 -0.23384
1403715577.362143040 -1.20293 0.08735 1.1391 0.53903 -0.35594 -0.7247 -0.23991
1403715577.462142944 -1.23866 -0.04658 1.11145 0.53566 -0.35702 -0.72422 -0.2472
1403715577.562143087 -1.2698 -0.17947 1.082 0.53368 -0.35761 -0.72402 -0.25119
1403715577.662142992 -1.29808 -0.31421 1.06354 0.53258 -0.35938 -0.72382 -0.25159
1403715577.762142897 -1.32248 -0.44882 1.05877 0.53334 -0.36419 -0.72301 -0.24529
1403715577.862143040 -1.34305 -0.5824 1.05634 0.53632 -0.37428 -0.71806 -0.23805
1403715577.962142944 -1.35648 -0.71076 1.04202 0.5359 -0.38922 -0.71178 -0.23385
1403715578.062143087 -1.36238 -0.83668 1.01159 0.53082 -0.41152 -0.70471 -0.22862
1403715578.162142992 -1.35846 -0.95709 0.96824 0.51933 -0.4458 -0.69725 -0.21305
1403715578.262142897 -1.34331 -1.06174 0.92048 0.50788 -0.47405 -0.68566 -0.21726
1403715578.362143040 -1.31526 -1.14829 0.87509 -0.49602 0.4939 0.67257 0.24019
1403715578.462142944 -1.27346 -1.22165 0.82933 -0.47814 0.51138 0.66196 0.26773
1403715578.562143087 -1.22526 -1.28562 0.78225 -0.44542 0.5285 0.66117 0.29182
1403715578.662142992 -1.17697 -1.34104 0.73149 -0.40256 0.54664 0.66976 0.30092
1403715578.762142897 -1.13313 -1.38074 0.68189 -0.36961 0.56254 0.67496 0.30226
1403715578.862143040 -1.09537 -1.39221 0.6361 -0.35517 0.573 0.67322 0.30381
1403715578.962142944 -1.06608 -1.3789 0.59405 -0.35446 0.56809 0.66934 0.32191
1403715579.062143087 -1.04417 -1.34555 0.55958 -0.35881 0.54933 0.66642 0.35408
1403715579.162142992 -1.03816 -1.29406 0.54058 -0.35999 0.52251 0.66594 0.39233
1403715579.262142897 -1.05451 -1.23371 0.53419 -0.36492 0.49699 0.66241 0.4255
1403715579.362143040 -1.0946 -1.17352 0.52991 -0.36919 0.48899 0.65852 0.43696
1403715579.462142944 -1.15624 -1.11591 0.52314 -0.37191 0.49357 0.6561 0.43314
1403715579.562143087 -1.23746 -1.05979 0.51508 -0.3771 0.50869 0.65334 0.41494
1403715579.662142992 -1.33628 -1.00288 0.51064 -0.38535 0.51322 0.64994 0.40704
1403715579.762142897 -1.44934 -0.9455 0.51078 -0.39886 0.51358 0.64399 0.40302
1403715579.862143040 -1.57387 -0.8889 0.52079 -0.40355 0.50805 0.64269 0.4074
1403715579.962142944 -1.7089 -0.83434 0.53986 -0.40787 0.51127 0.63696 0.40808
1403715580.062143087 -1.85133 -0.7827 0.55667 -0.41204 0.52419 0.62338 0.40846
1403715580.162142992 -1.99729 -0.73472 0.56076 -0.41139 0.54188 0.60575 0.41255
1403715580.262142897 -2.14443 -0.68885 0.5544 -0.40612 0.56179 0.58622 0.41929
1403715580.362143040 -2.29484 -0.64828 0.54367 -0.40326 0.58493 0.56122 0.42458
1403715580.462142944 -2.4439 -0.61184 0.53414 -0.3998 0.60931 0.53431 0.42828
1403715580.562143087 -2.59046 -0.58055 0.52669 -0.3962 0.63134 0.51087 0.42831
1403715580.662142992 -2.73044 -0.55251 0.51866 -0.3958 0.65235 0.49166 0.41959
1403715580.762142897 -2.86009 -0.52896 0.51007 -0.39684 0.67074 0.47571 0.40783
1403715580.862143040 -2.9745 -0.50525 0.50322 -0.4026 0.68691 0.45967 0.39341
1403715580.962142944 -3.0688 -0.4825 0.49895 -0.41072 0.7032 0.4449 0.37267
1403715581.062143087 -3.13762 -0.46216 0.49877 -0.40289 0.71112 0.44647 0.36421
1403715581.162142992 -3.17894 -0.4411 0.50231 -0.38807 0.71342 0.4549 0.36537
1403715581.262142897 -3.19507 -0.41604 0.51 -0.37738 0.70657 0.46211 0.38052
1403715581.362143040 -3.19219 -0.38439 0.51812 -0.38072 0.69724 0.46591 0.38966
1403715581.462142944 -3.17148 -0.34972 0.52448 -0.3831 0.6825 0.47998 0.39629
1403715581.562143087 -3.13815 -0.31115 0.52665 -0.37948 0.65629 0.50647 0.41081
1403715581.662142992 -3.10086 -0.26764 0.51584 -0.37786 0.62725 0.53594 0.42017
1403715581.762142897 -3.0631 -0.22186 0.49591 -0.37747 0.59657 0.56788 0.42324
1403715581.862143040 -3.03045 -0.17401 0.48002 -0.38009 0.56438 0.59912 0.42198
1403715581.962142944 -3.00945 -0.1249 0.47513 -0.39651 0.54253 0.61925 0.40616
1403715582.062143087 -2.99896 -0.07602 0.48443 -0.42632 0.52036 0.62658 0.39354
1403715582.162142992 -2.99478 -0.03026 0.49998 -0.45346 0.49691 0.62993 0.38814
1403715582.262142897 -2.99257 0.00776 0.50647 -0.46875 0.48162 0.63438 0.38194
1403715582.362143040 -2.99101 0.03829 0.498 -0.46437 0.47851 0.64639 0.3709
1403715582.462142944 -2.99205 0.06328 0.48607 -0.45365 0.48053 0.65805 0.36092
1403715582.562143087 -2.99801 0.08616 0.48015 -0.4421 0.48586 0.66669 0.35216
1403715582.662142992 -3.0102 0.11114 0.48733 -0.43308 0.49172 0.67075 0.3475
1403715582.762142897 -3.0279 0.13788 0.50011 -0.42596 0.49872 0.67122 0.34539
1403715582.862143040 -3.04952 0.16777 0.5047 -0.41626 0.50791 0.67217 0.34198
1403715582.962142944 -3.07934 0.20328 0.49448 -0.40362 0.51773 0.67452 0.33775
1403715583.062143087 -3.11176 0.24859 0.4737 -0.39455 0.52567 0.67519 0.33483
1403715583.162142992 -3.15239 0.30857 0.44994 -0.4024 0.52622 0.66635 0.34227
1403715583.262142897 -3.1988 0.37833 0.42851 -0.42722 0.52052 0.64734 0.35707
1403715583.362143040 -3.24601 0.44977 0.40759 -0.45566 0.51369 0.62598 0.36965
1403715583.462142944 -3.29283 0.51818 0.38447 -0.48094 0.50623 0.60705 0.37936
1403715583.562143087 -3.33505 0.57553 0.35963 0.5018 -0.49564 -0.59179 -0.39029
1403715583.662142992 -3.3718 0.6179 0.33805 0.5286 -0.47583 -0.57081 -0.4103
1403715583.762142897 -3.40097 0.63645 0.31505 0.552 -0.45371 -0.55114 -0.43092
1403715583.862143040 -3.41902 0.61859 0.29677 0.56832 -0.43795 -0.53748 -0.4431
1403715583.962142944 -3.42574 0.55759 0.29374 0.57433 -0.43854 -0.53473 -0.43806
1403715584.062143087 -3.41758 0.45325 0.30901 0.57255 -0.45207 -0.5407 -0.41888
1403715584.162142992 -3.39137 0.31257 0.3406 0.55776 -0.47515 -0.5573 -0.39058
1403715584.262142897 -3.34859 0.1455 0.38535 0.53013 -0.5021 -0.5826 -0.35699
1403715584.362143040 -3.29172 -0.03283 0.42756 0.50007 -0.52305 -0.60742 -0.3277
1403715584.462142944 -3.22429 -0.21085 0.45146 -0.4753 0.53356 0.62602 0.31224
1403715584.562143087 -3.15169 -0.38312 0.4632 -0.46045 0.53804 0.63661 0.30534
1403715584.662142992 -3.06496 -0.54281 0.47313 -0.44767 0.53635 0.64646 0.30661
1403715584.762142897 -2.97693 -0.69078 0.48588 -0.42895 0.5292 0.66017 0.31642
1403715584.862143040 -2.88981 -0.82502 0.50145 -0.41674 0.52472 0.66766 0.32438
1403715584.962142944 -2.80801 -0.9477 0.51768 -0.39942 0.52092 0.67844 0.32989
1403715585.062143087 -2.73638 -1.05866 0.53051 -0.38068 0.52547 0.68804 0.3249
1403715585.162142992 -2.67785 -1.15099 0.54429 -0.36729 0.53448 0.69289 0.31518
1403715585.262142897 -2.63064 -1.21841 0.56166 -0.36615 0.53695 0.69268 0.31275
1403715585.362143040 -2.59469 -1.26298 0.58359 -0.37823 0.52989 0.6873 0.32215
1403715585.462142944 -2.56561 -1.29306 0.60581 -0.39037 0.52114 0.68244 0.33211
1403715585.562143087 -2.54521 -1.31215 0.62766 -0.40274 0.51025 0.67757 0.34401
1403715585.662142992 -2.5373 -1.31808 0.64588 -0.41089 0.50265 0.6746 0.35133
1403715585.762142897 -2.53712 -1.31892 0.65405 -0.41264 0.50058 0.67472 0.352
1403715585.862143040 -2.54742 -1.31297 0.64309 -0.41721 0.50503 0.67221 0.345
1403715585.962142944 -2.56124 -1.30255 0.61295 -0.42805 0.51708 0.66437 0.32866
1403715586.062143087 -2.57608 -1.28375 0.58343 -0.44583 0.5309 0.65025 0.31075
1403715586.162142992 -2.58558 -1.2551 0.56938 -0.46848 0.52799 0.63332 0.31727
1403715586.262142897 -2.5869 -1.22419 0.56781 -0.47593 0.51365 0.62821 0.33912
1403715586.362143040 -2.57948 -1.19511 0.56856 -0.4719 0.49496 0.63154 0.36535
1403715586.462142944 -2.57631 -1.17199 0.56894 -0.4701 0.47934 0.63232 0.38653
1403715586.562143087 -2.57295 -1.15736 0.56878 -0.47195 0.47145 0.6311 0.39587
1403715586.662142992 -2.57328 -1.154 0.56897 -0.47205 0.47095 0.63098 0.39653
1403715586.762142897 -2.5728 -1.16165 0.56767 -0.46994 0.48021 0.63307 0.38443
1403715586.862143040 -2.58373 -1.18233 0.56832 -0.46094 0.49743 0.63815 0.3645
1403715586.962142944 -2.59146 -1.20467 0.57055 -0.45094 0.50972 0.6433 0.35072
1403715587.062143087 -2.59827 -1.22616 0.57464 -0.44721 0.51519 0.6442 0.34582
1403715587.162142992 -2.60485 -1.24472 0.58228 -0.44939 0.51192 0.64196 0.35196
1403715587.262142897 -2.61185 -1.26232 0.59557 -0.45556 0.50194 0.63899 0.36359
1403715587.362143040 -2.62103 -1.28256 0.61041 -0.46326 0.49709 0.63661 0.36472
1403715587.462142944 -2.63069 -1.30545 0.62584 -0.47405 0.50019 0.63154 0.35531
1403715587.562143087 -2.63559 -1.33178 0.6417 -0.47997 0.51118 0.62475 0.34354
1403715587.662142992 -2.63281 -1.36104 0.65872 -0.48064 0.5289 0.61436 0.33439
1403715587.762142897 -2.6184 -1.39125 0.67592 -0.47197 0.54912 0.60374 0.33349
1403715587.862143040 -2.59185 -1.42009 0.69474 -0.4607 0.56988 0.58673 0.3446
1403715587.962142944 -2.55241 -1.44801 0.71483 -0.4445 0.58665 0.56665 0.37036
1403715588.062143087 -2.50345 -1.47678 0.73416 -0.42841 0.59951 0.54274 0.40311
1403715588.162142992 -2.44932 -1.51007 0.74467 -0.41212 0.61169 0.51675 0.43471
1403715588.262142897 -2.39384 -1.54923 0.73374 -0.39664 0.62588 0.48822 0.46108
1403715588.362143040 -2.33968 -1.59425 0.70095 -0.38088 0.64363 0.45957 0.47902
1403715588.462142944 -2.29057 -1.64742 0.66064 -0.36244 0.65979 0.43385 0.49506
1403715588.562143087 -2.24074 -1.71215 0.62424 -0.3438 0.6766 0.40975 0.50608
1403715588.662142992 -2.19087 -1.78555 0.58885 -0.3231 0.6963 0.38831 0.50988
1403715588.762142897 -2.14069 -1.86617 0.55284 -0.29743 0.71795 0.37111 0.50829
1403715588.862143040 -2.08986 -1.95006 0.51472 -0.26455 0.74184 0.35798 0.50154
1403715588.962142944 -2.03635 -2.03242 0.47572 -0.22938 0.76647 0.34609 0.49003
1403715589.062143087 -1.97955 -2.10609 0.43937 -0.19946 0.78768 0.33058 0.48009
1403715589.162142992 -1.91539 -2.16709 0.41511 -0.17857 0.80171 0.31231 0.47733
1403715589.262142897 -1.83752 -2.21078 0.40572 -0.16282 0.81104 0.29481 0.47832
1403715589.362143040 -1.74902 -2.24182 0.40739 -0.14701 0.82249 0.27795 0.47396
1403715589.462142944 -1.64936 -2.259 0.41768 -0.13414 0.83408 0.25882 0.46833
1403715589.562143087 -1.5385 -2.26183 0.43133 -0.12023 0.84289 0.24404 0.46424
1403715589.662142992 -1.41265 -2.24792 0.45543 -0.11183 0.84757 0.23358 0.46321
1403715589.762142897 -1.26751 -2.2165 0.49718 -0.11033 0.84066 0.22689 0.4792
1403715589.862143040 -1.10635 -2.1702 0.55862 -0.1176 0.81783 0.22105 0.51813
1403715589.962142944 -0.93906 -2.11446 0.62232 -0.12908 0.7993 0.21461 0.54626
1403715590.062143087 -0.77898 -2.05481 0.67861 -0.1366 0.78859 0.21213 0.56077
1403715590.162142992 -0.61877 -1.99411 0.73027 -0.13646 0.78524 0.21553 0.5642
1403715590.262142897 -0.46384 -1.93021 0.77571 -0.13448 0.78667 0.22544 0.55878
1403715590.362143040 -0.31581 -1.86162 0.81997 -0.13081 0.78348 0.24565 0.5556
1403715590.462142944 -0.17508 -1.78418 0.86226 -0.13042 0.77548 0.27354 0.55389
1403715590.562143087 -0.04249 -1.69505 0.89983 -0.13566 0.76503 0.30542 0.55049
1403715590.662142992 0.08097 -1.59554 0.93646 -0.1512 0.75796 0.33497 0.53891
1403715590.762142897 0.19214 -1.4841 0.9701 -0.18359 0.75371 0.35567 0.52126
1403715590.862143040 0.29611 -1.36469 1.00759 -0.21931 0.74051 0.37603 0.51201
1403715590.962142944 0.39699 -1.2402 1.04622 -0.25005 0.72174 0.40225 0.50473
1403715591.062143087 0.49005 -1.11398 1.08204 -0.27319 0.70371 0.43433 0.49145
1403715591.162142992 0.57381 -0.98625 1.11646 -0.29137 0.68191 0.47111 0.47767
1403715591.262142897 0.64981 -0.85506 1.14708 -0.30384 0.65532 0.51136 0.46556
1403715591.362143040 0.71776 -0.71885 1.17526 -0.3175 0.6263 0.54879 0.45362
1403715591.462142944 0.77548 -0.5776 1.20157 -0.33447 0.5974 0.58152 0.43941
1403715591.562143087 0.81988 -0.43577 1.22047 -0.35307 0.57194 0.61007 0.41956
1403715591.662142992 0.8535 -0.2905 1.22811 -0.37486 0.54826 0.63339 0.39712
1403715591.762142897 0.8795 -0.14042 1.2237 -0.39296 0.51944 0.65441 0.38406
1403715591.862143040 0.89874 0.01842 1.2082 -0.40731 0.4924 0.67393 0.37076
1403715591.962142944 0.90498 0.17752 1.18125 -0.41826 0.46305 0.69361 0.35992
1403715592.062143087 0.89847 0.33269 1.14132 -0.42487 0.42963 0.7147 0.35228
1403715592.162142992 0.87512 0.48129 1.09762 -0.43725 0.39395 0.73194 0.34333
1403715592.262142897 0.83297 0.62058 1.06604 -0.45759 0.35495 0.74392 0.33346
1403715592.362143040 0.77279 0.74383 1.04805 -0.47395 0.3166 0.75673 0.32016
1403715592.462142944 0.69608 0.85315 1.04159 -0.48501 0.27935 0.77089 0.30406
1403715592.562143087 0.60268 0.95513 1.03717 -0.49581 0.24063 0.78278 0.28901
1403715592.662142992 0.49303 1.03708 1.03192 0.50538 -0.20132 -0.79294 -0.27442
1403715592.762142897 0.369 1.09366 1.0279 0.51457 -0.16401 -0.80239 -0.25394
1403715592.862143040 0.23612 1.12393 1.02486 0.52746 -0.14367 -0.8103 -0.21108
1403715592.962142944 0.09553 1.13607 1.02382 0.54033 -0.13163 -0.81629 -0.15617
1403715593.062143087 -0.05149 1.13935 1.0233 0.55336 -0.11456 -0.81835 -0.10475
1403715593.162142992 -0.20255 1.13926 1.02245 0.5626 -0.08556 -0.81965 -0.06588
1403715593.262142897 -0.35188 1.13716 1.02002 0.56952 -0.05016 -0.81955 -0.03824
1403715593.362143040 -0.4956 1.13313 1.01829 0.57144 -0.00785 -0.82022 -0.02505
1403715593.462142944 -0.64051 1.12674 1.01534 0.57101 0.03788 -0.81986 -0.01857
1403715593.562143087 -0.78695 1.11395 1.01128 0.57112 0.07869 -0.81706 -0.00607
1403715593.662142992 -0.93006 1.08999 1.00815 0.57881 0.11453 -0.80725 0.01423
1403715593.762142897 -1.06562 1.05466 1.00605 0.58962 0.14656 -0.79337 0.038
1403715593.862143040 -1.19074 1.00898 1.00317 0.59264 0.18145 -0.78243 0.06052
1403715593.962142944 -1.30621 0.95349 0.99713 0.58583 0.21716 -0.77603 0.08622
1403715594.062143087 -1.4055 0.88825 0.99099 0.57214 0.25265 -0.77222 0.11182
1403715594.162142992 -1.49334 0.81586 0.98568 0.55699 0.28386 -0.76809 0.13865
1403715594.262142897 -1.57373 0.73452 0.98268 0.54525 0.31304 -0.76038 0.16287
1403715594.362143040 -1.64735 0.64636 0.98114 0.53725 0.34322 -0.74832 0.18326
1403715594.462142944 -1.70266 0.54906 0.97364 0.53119 0.37606 -0.73256 0.19941
1403715594.562143087 -1.76026 0.44848 0.98067 0.52366 0.41348 -0.71321 0.21483
1403715594.662142992 -1.80259 0.33804 0.97845 0.51083 0.44972 -0.69528 0.23106
1403715594.762142897 -1.83266 0.21824 0.97312 -0.48195 -0.48179 0.68691 -0.25251
1403715594.862143040 -1.85327 0.08931 0.96783 -0.45023 -0.50733 0.6789 -0.28108
1403715594.962142944 -1.86631 -0.04821 0.96248 -0.42302 -0.53324 0.66563 -0.30602
1403715595.062143087 -1.87853 -0.19606 0.9499 -0.40302 -0.55994 0.64599 -0.32671
1403715595.162142992 -1.8857 -0.35188 0.95245 -0.38427 -0.58071 0.62482 -0.35314
1403715595.262142897 -1.89527 -0.52201 0.9487 0.36898 0.60072 -0.59915 0.37949
1403715595.362143040 -1.90357 -0.69671 0.94307 0.35704 0.61975 -0.56872 0.40619
1403715595.462142944 -1.91171 -0.87515 0.93608 0.34357 0.63712 -0.537 0.4332
1403715595.562143087 -1.92015 -1.05667 0.92995 0.33617 0.65689 -0.49833 0.45514
1403715595.662142992 -1.92805 -1.23595 0.92509 0.34292 0.6778 -0.44752 0.47193
1403715595.762142897 -1.92992 -1.40302 0.92034 0.35627 0.69464 -0.38989 0.4884
1403715595.862143040 -1.92285 -1.55454 0.91903 0.36633 0.70451 -0.33594 0.50656
1403715595.962142944 -1.90645 -1.67842 0.92385 0.3724 0.70229 -0.29052 0.53265
1403715596.062143087 -1.8823 -1.77085 0.93572 0.36542 0.68752 -0.26012 0.57108
1403715596.162142992 -1.85648 -1.81307 0.9588 0.35091 0.67728 -0.24495 0.59846
1403715596.262142897 -1.83832 -1.81004 0.98632 0.33208 0.6935 -0.24528 0.59044
1403715596.362143040 -1.82731 -1.78031 1.01376 0.30021 0.73282 -0.25904 0.55295
1403715596.462142944 -1.81196 -1.73347 1.0415 0.26002 0.76836 -0.27419 0.51655
1403715596.562143087 -1.78863 -1.67742 1.07228 0.22333 0.7953 -0.28157 0.4882
1403715596.662142992 -1.75254 -1.62086 1.10429 0.19209 0.81653 -0.28101 0.46627
1403715596.762142897 -1.70188 -1.56764 1.13539 0.16873 0.83207 -0.27174 0.45315
1403715596.862143040 -1.63489 -1.52425 1.16452 0.14531 0.84512 -0.26259 0.44239
1403715596.962142944 -1.54493 -1.49536 1.18848 0.12799 0.85598 -0.25456 0.43141
1403715597.062143087 -1.43301 -1.48139 1.21283 0.11947 0.8614 -0.24671 0.42761
1403715597.162142992 -1.29743 -1.48549 1.23856 0.11605 0.85636 -0.23982 0.44233
1403715597.262142897 -1.14018 -1.50456 1.26694 0.11161 0.8414 -0.23224 0.47504
1403715597.362143040 -0.97028 -1.53441 1.29355 0.1044 0.8241 -0.22154 0.51076
1403715597.462142944 -0.79469 -1.57314 1.32028 0.0979 0.80657 -0.20431 0.546
1403715597.562143087 -0.62045 -1.61625 1.34565 0.09276 0.79586 -0.17902 0.57092
1403715597.662142992 -0.45499 -1.66299 1.36837 0.08236 0.79471 -0.15233 0.58176
1403715597.762142897 -0.29722 -1.71442 1.38017 0.07023 0.80035 -0.12757 0.58158
1403715597.862143040 -0.14161 -1.76625 1.39198 0.05949 0.8036 -0.10951 0.58198
1403715597.962142944 0.00804 -1.81894 1.40415 0.0546 0.79877 -0.09537 0.59151
1403715598.062143087 0.15069 -1.87132 1.41589 0.05333 0.79479 -0.08601 0.59838
1403715598.162142992 0.28357 -1.92301 1.42221 0.05775 0.79156 -0.07762 0.60339
1403715598.262142897 0.40817 -1.97157 1.42058 0.05899 0.78151 -0.0748 0.61658
1403715598.362143040 0.51861 -2.01638 1.40707 0.05987 0.76672 -0.07459 0.63481
1403715598.462142944 0.61995 -2.06144 1.39262 0.05801 0.74624 -0.07747 0.65861
1403715598.562143087 0.6888 -2.10068 1.37897 0.0546 0.73204 -0.0819 0.67411
1403715598.662142992 0.73039 -2.13612 1.36373 0.05614 0.73462 -0.08422 0.67089
1403715598.762142897 0.74218 -2.16218 1.34117 0.06059 0.75418 -0.0863 0.64814
1403715598.862143040 0.74135 -2.18478 1.31567 0.06331 0.77554 -0.08803 0.62192
1403715598.962142944 0.72427 -2.20221 1.28286 0.06703 0.7893 -0.0882 0.60393
1403715599.062143087 0.70305 -2.217 1.24819 0.06936 0.79547 -0.08785 0.59557
1403715599.162142992 0.6734 -2.22595 1.21284 0.07056 0.79627 -0.08794 0.59434
1403715599.262142897 0.64238 -2.23489 1.17214 0.06299 0.80132 -0.0935 0.58752
1403715599.362143040 0.60612 -2.24102 1.12739 0.05101 0.8049 -0.10252 0.58225
1403715599.462142944 0.56972 -2.25079 1.08006 0.03578 0.80409 -0.11315 0.58255
1403715599.562143087 0.53138 -2.26456 1.03359 0.02506 0.80161 -0.12057 0.58502
1403715599.662142992 0.48753 -2.28424 0.99201 0.01844 0.79561 -0.1268 0.5921
1403715599.762142897 0.43798 -2.31398 0.95132 0.02337 0.78957 -0.12469 0.6004
1403715599.862143040 0.38207 -2.35111 0.91084 0.03834 0.78805 -0.11594 0.60338
1403715599.962142944 0.31866 -2.39293 0.8693 0.05432 0.79616 -0.10655 0.59315
1403715600.062143087 0.25459 -2.43645 0.82654 0.06835 0.80453 -0.09687 0.58196
1403715600.162142992 0.1914 -2.47488 0.78423 0.0871 0.81062 -0.07331 0.5744
1403715600.262142897 0.12691 -2.50287 0.74168 0.09964 0.81502 -0.04181 0.56927
1403715600.362143040 0.06542 -2.51802 0.69863 0.09615 0.81832 -0.00989 0.56658
1403715600.462142944 0.00728 -2.51454 0.65695 0.0739 0.82399 0.01713 0.5615
1403715600.562143087 -0.04668 -2.49571 0.61574 0.032 0.83422 0.03493 0.54939
1403715600.662142992 -0.09324 -2.46362 0.58209 -0.00717 0.84016 0.05713 0.53927
1403715600.762142897 -0.13193 -2.4262 0.55876 -0.03745 0.83817 0.08755 0.53703
1403715600.862143040 -0.16179 -2.38415 0.54692 -0.06148 0.83218 0.1213 0.53757
1403715600.962142944 -0.18592 -2.33761 0.54829 -0.08215 0.82479 0.15218 0.53835
1403715601.062143087 -0.20084 -2.2861 0.56407 -0.09786 0.81615 0.17603 0.54161
1403715601.162142992 -0.21154 -2.23036 0.59154 -0.10569 0.80983 0.193 0.54384
1403715601.262142897 -0.21943 -2.16932 0.63044 -0.10625 0.80463 0.20479 0.54712
1403715601.362143040 -0.22548 -2.10196 0.6746 -0.10394 0.80048 0.21506 0.5497
1403715601.462142944 -0.23182 -2.02871 0.71678 -0.10781 0.79882 0.21786 0.55027
1403715601.562143087 -0.23842 -1.94943 0.75374 -0.11291 0.7984 0.21647 0.55041
1403715601.662142992 -0.24447 -1.86506 0.7887 -0.118 0.79921 0.2131 0.54947
1403715601.762142897 -0.24988 -1.77667 0.82248 -0.1233 0.79584 0.20964 0.55451
1403715601.862143040 -0.25613 -1.68488 0.85598 -0.1251 0.7924 0.20617 0.5603
1403715601.962142944 -0.26449 -1.59241 0.88855 -0.12335 0.78605 0.19564 0.57327
1403715602.062143087 -0.27613 -1.49952 0.91995 -0.12029 0.77318 0.17927 0.59631
1403715602.162142992 -0.29526 -1.40975 0.94564 -0.11491 0.76644 0.1589 0.61165
1403715602.262142897 -0.32723 -1.32635 0.96656 -0.10722 0.77027 0.13511 0.61395
1403715602.362143040 -0.37223 -1.24833 0.98174 -0.09061 0.78261 0.11467 0.60511
1403715602.462142944 -0.42443 -1.17586 0.99227 -0.07117 0.79934 0.09407 0.58919
1403715602.562143087 -0.48167 -1.10904 1.00236 -0.05217 0.8112 0.07371 0.57775
1403715602.662142992 -0.54031 -1.04486 1.00803 -0.02833 0.81484 0.05578 0.57629
1403715602.762142897 -0.5985 -0.98007 1.00197 -0.00626 0.81708 0.03515 0.57542
1403715602.862143040 -0.65534 -0.91143 0.98191 0.01129 0.81984 0.01211 0.57236
1403715602.962142944 -0.71031 -0.83838 0.94993 0.02732 0.82287 -0.01033 0.56748
1403715603.062143087 -0.75955 -0.76473 0.90816 0.04254 0.82206 -0.03225 0.5669
1403715603.162142992 -0.80875 -0.68424 0.86408 0.05843 0.82025 -0.05545 0.56631
1403715603.262142897 -0.85583 -0.60219 0.82001 0.07197 0.8218 -0.07798 0.5598
1403715603.362143040 -0.89878 -0.51854 0.77764 0.08299 0.82454 -0.09571 0.55144
1403715603.462142944 -0.93438 -0.43359 0.7402 0.08541 0.82299 -0.11203 0.55031
1403715603.562143087 -0.96468 -0.34836 0.70728 0.08004 0.82004 -0.12835 0.55196
1403715603.662142992 -0.99213 -0.26506 0.67724 0.06958 0.81725 -0.145 0.55338
1403715603.762142897 -1.01627 -0.18626 0.64987 0.0601 0.81178 -0.15835 0.55887
1403715603.862143040 -1.04019 -0.11773 0.6311 0.05045 0.80905 -0.1682 0.5609
1403715603.962142944 -1.06228 -0.06146 0.62332 0.04169 0.8191 -0.17453 0.54486
1403715604.062143087 -1.08033 -0.01803 0.62162 0.04793 0.82868 -0.16932 0.53134
1403715604.162142992 -1.09316 0.01746 0.62122 0.06608 0.83072 -0.15691 0.53002
1403715604.262142897 -1.09975 0.04329 0.61844 0.07952 0.82718 -0.1478 0.53629
1403715604.362143040 -1.09842 0.06258 0.61255 0.08539 0.82528 -0.14381 0.5394
1403715604.462142944 -1.09091 0.08084 0.6039 0.08739 0.82575 -0.14297 0.53857
1403715604.562143087 -1.07677 0.0954 0.59609 0.08918 0.82024 -0.14185 0.54693
1403715604.662142992 -1.05909 0.11055 0.58785 0.09259 0.8132 -0.13976 0.55732
1403715604.762142897 -1.03882 0.12453 0.57871 0.09591 0.81019 -0.13786 0.56159
1403715604.862143040 -1.01777 0.13977 0.56982 0.09566 0.81016 -0.13815 0.5616
1403715604.962142944 -0.9957 0.15609 0.56225 0.09689 0.8119 -0.13679 0.55921
1403715605.062143087 -0.97185 0.17249 0.55617 0.09576 0.81402 -0.13691 0.55629
1403715605.162142992 -0.94503 0.19107 0.55395 0.09586 0.81276 -0.13531 0.55851
1403715605.262142897 -0.91661 0.20825 0.55438 0.09349 0.81095 -0.13458 0.56171
1403715605.362143040 -0.88714 0.22602 0.55695 0.08629 0.80851 -0.1369 0.56579
1403715605.462142944 -0.85744 0.24357 0.55338 0.0799 0.80757 -0.13852 0.56768
1403715605.562143087 -0.82897 0.25891 0.53981 0.0736 0.80953 -0.14045 0.56526
1403715605.662142992 -0.8 0.27201 0.51792 0.07102 0.81052 -0.14017 0.56424
1403715605.762142897 -0.77241 0.27937 0.49679 0.0791 0.80993 -0.1335 0.56563
1403715605.862143040 -0.74315 0.2853 0.47868 0.08478 0.80979 -0.12902 0.56605
1403715605.962142944 -0.71328 0.29153 0.46335 0.088 0.80854 -0.12571 0.56808
1403715606.062143087 -0.68183 0.29948 0.44227 0.08917 0.80779 -0.12362 0.56943
1403715606.162142992 -0.65426 0.30709 0.41707 0.08863 0.80762 -0.12171 0.57016
1403715606.262142897 -0.6252 0.31792 0.38915 0.08361 0.80762 -0.12329 0.57058
1403715606.362143040 -0.59793 0.32876 0.36954 0.07623 0.80771 -0.12552 0.571
1403715606.462142944 -0.57058 0.33812 0.36055 0.07155 0.80724 -0.12663 0.57203
1403715606.562143087 -0.54326 0.34636 0.35799 0.06678 0.80596 -0.12708 0.5743
1403715606.662142992 -0.51577 0.35421 0.35225 0.06063 0.80468 -0.12771 0.57663
1403715606.762142897 -0.49231 0.35824 0.34404 0.05223 0.80289 -0.13016 0.5794
1403715606.862143040 -0.47254 0.35784 0.33336 0.0513 0.79873 -0.12798 0.58568
1403715606.962142944 -0.45841 0.35332 0.32245 0.06115 0.79494 -0.11943 0.59167
1403715607.062143087 -0.44983 0.34813 0.30768 0.07167 0.79838 -0.11113 0.58745
1403715607.162142992 -0.44523 0.34426 0.29272 0.07649 0.80226 -0.10644 0.58241
1403715607.262142897 -0.44117 0.34324 0.27866 0.07799 0.80517 -0.10465 0.57851
1403715607.362143040 -0.43996 0.34523 0.26795 0.07781 0.80553 -0.10454 0.57805
1403715607.462142944 -0.44104 0.3493 0.26068 0.07924 0.80471 -0.10411 0.57907
1403715607.562143087 -0.44356 0.3564 0.25474 0.08036 0.80574 -0.10438 0.57743
1403715607.662142992 -0.44775 0.36583 0.25159 0.081 0.80662 -0.10558 0.5759
1403715607.762142897 -0.45246 0.37849 0.24701 0.08189 0.80659 -0.10633 0.57568
1403715607.862143040 -0.45858 0.39262 0.23519 0.07812 0.80707 -0.11087 0.57467
1403715607.962142944 -0.46012 0.40118 0.22868 0.08404 0.80667 -0.10193 0.57604
1403715608.062143087 -0.45988 0.40096 0.22785 0.08453 0.80879 -0.10074 0.57321
1403715608.162142992 -0.45922 0.40157 0.22549 0.08277 0.81088 -0.10227 0.57023
1403715608.262142897 -0.4604 0.40128 0.2253 0.08308 0.809 -0.10187 0.57292
1403715608.362143040 -0.45991 0.40201 0.22457 0.08256 0.81022 -0.10222 0.57121
1403715608.462142944 -0.46006 0.40205 0.22457 0.08239 0.81005 -0.10225 0.57148
1403715608.562143087 -0.46013 0.4019 0.22441 0.08266 0.8098 -0.10211 0.57181
1403715608.662142992 -0.46002 0.40186 0.22436 0.08269 0.81002 -0.1021 0.57149
1403715608.762142897 -0.46019 0.40188 0.22439 0.08273 0.80979 -0.10207 0.57181
1403715608.862143040 -0.46 0.40181 0.22424 0.08272 0.81007 -0.10216 0.57141
1403715608.962142944 -0.46012 0.40185 0.22427 0.08265 0.80989 -0.10215 0.57168
1403715609.062143087 -0.46007 0.40181 0.22422 0.08255 0.80995 -0.1022 0.5716
1403715609.162142992 -0.46006 0.40181 0.22421 0.0825 0.81001 -0.10221 0.57152
1403715609.262142897 -0.46011 0.40182 0.22422 0.08259 0.80992 -0.10218 0.57164
1403715609.362143040 -0.46004 0.40177 0.22417 0.08261 0.81001 -0.10224 0.57149
