1403636868.501667 0.2347728 4.1141124 -0.0574923 -0.9360349 0.0180590 0.0143034 0.3511526
1403636868.651666 0.2260894 4.1064954 -0.0509000 -0.9317523 0.0248129 0.0090038 0.3621337
1403636869.151666 0.2065670 4.0887513 -0.0442791 -0.9319925 0.0124493 0.0144247 0.3619764
1403636869.401666 0.2035262 4.0905046 -0.0480981 -0.9318921 0.0077812 0.0165543 0.3622743
1403636870.151666 0.4017662 4.1441603 -0.0541134 -0.9318644 0.0398375 -0.0018134 0.3606085
1403636870.651666 0.6147593 4.1945319 -0.0657015 -0.9319198 0.0637573 -0.0236125 0.3562345
1403636870.701667 0.6285839 4.1975355 -0.0672846 -0.9316911 0.0658659 -0.0266299 0.3562364
1403636871.401666 0.6284243 4.2016029 -0.0772338 -0.9281068 0.0768112 -0.0221782 0.3636289
1403636871.801666 0.4606237 4.1811409 -0.0621123 -0.9300300 0.0638541 -0.0020776 0.3618876
1403636873.801666 0.6036202 4.2087221 -0.1002541 -0.9350142 0.0713015 -0.0102696 0.3472162
1403636874.001667 0.6272794 4.2075224 -0.1069775 -0.9340039 0.0762855 -0.0123297 0.3488055
1403636874.601666 0.4692072 4.2046785 -0.0980973 -0.9350581 0.0553258 0.0032413 0.3501357
1403636875.401666 0.1581857 4.1992278 -0.1127639 -0.9136428 0.1076489 0.0096116 0.3918880
1403636875.751667 0.1623933 4.0972981 -0.1134572 -0.9112995 0.1620914 0.0071931 0.3784283
1403636875.951667 0.2158553 4.0263281 -0.1151333 -0.9072532 0.1978304 -0.0176692 0.3707325
1403636876.051666 0.2542368 3.9981675 -0.1131144 -0.9017652 0.2201929 -0.0358853 0.3701984
1403636876.151666 0.2997413 3.9806418 -0.1097655 -0.8935884 0.2417937 -0.0561489 0.3740092
1403636876.251667 0.3487275 3.9755282 -0.1075692 -0.8871437 0.2603313 -0.0702807 0.3745188
1403636876.351666 0.4010984 3.9833519 -0.1085625 -0.8846131 0.2746027 -0.0792633 0.3684703
1403636876.451667 0.4571626 4.0041084 -0.1116753 -0.8836493 0.2836427 -0.0883564 0.3618065
1403636876.551666 0.5125712 4.0373993 -0.1138906 -0.8813344 0.2829688 -0.0994631 0.3650828
1403636876.651666 0.5609792 4.0822506 -0.1139126 -0.8792510 0.2719776 -0.1077437 0.3759485
1403636876.751667 0.5936807 4.1336718 -0.1120505 -0.8799546 0.2558330 -0.1055895 0.3861091
1403636877.351666 0.3992290 4.3792524 -0.1085181 -0.9019532 0.0576264 -0.0012239 0.4279700
1403636877.951667 0.1268772 4.2023144 -0.1148481 -0.9233864 -0.0048977 0.0654577 0.3782181
1403636878.051666 0.1257210 4.1549401 -0.1206474 -0.9268094 0.0108760 0.0531433 0.3715939
1403636878.151666 0.1406420 4.1133671 -0.1266956 -0.9275702 0.0350948 0.0375177 0.3701005
1403636878.351666 0.2106836 4.0483065 -0.1369004 -0.9226599 0.0884552 0.0129598 0.3751088
1403636878.451667 0.2621012 4.0283713 -0.1399107 -0.9192989 0.1158835 -0.0005203 0.3761122
1403636878.551666 0.3205742 4.0199838 -0.1390400 -0.9155671 0.1405289 -0.0174949 0.3764074
1403636878.651666 0.3813781 4.0245481 -0.1348844 -0.9113796 0.1606772 -0.0360397 0.3771887
1403636878.751667 0.4417289 4.0405946 -0.1286559 -0.9067560 0.1736440 -0.0558216 0.3801650
1403636878.901666 0.5224721 4.0809860 -0.1194000 -0.9016285 0.1860020 -0.0688820 0.3843496
1403636879.151666 0.6054354 4.1753292 -0.1093831 -0.8985530 0.1872152 -0.0662366 0.3913641
1403636879.451667 0.5877656 4.2961822 -0.0902233 -0.8910377 0.1410946 -0.0510150 0.4284176
1403636879.551666 0.5509954 4.3208890 -0.0851984 -0.8937852 0.1129021 -0.0364410 0.4325196
1403636879.651666 0.5032238 4.3351851 -0.0785389 -0.8964921 0.0896038 -0.0178628 0.4335367
1403636880.251667 0.2899013 4.1887093 -0.0579629 -0.9115459 0.0457271 0.0221198 0.4080489
1403636880.651666 0.3351465 4.0176253 -0.0372095 -0.9017136 0.1230728 -0.0462550 0.4118569
1403636880.951667 0.2531261 3.9370368 -0.0230622 -0.9067092 0.1235779 -0.0336988 0.4018351
1403636881.151666 0.1825426 3.9481394 -0.0183825 -0.9001843 0.0908596 -0.0161018 0.4256214
1403636881.301666 0.1406773 3.9817078 -0.0143142 -0.8980621 0.0572601 0.0091106 0.4360307
1403636881.401666 0.1287606 4.0155082 -0.0119162 -0.8975654 0.0372772 0.0175783 0.4389508
1403636881.501667 0.1321248 4.0578036 -0.0114703 -0.8958763 0.0216455 0.0173295 0.4434376
1403636881.601666 0.1503272 4.1041718 -0.0127816 -0.8930451 0.0082718 0.0129319 0.4497052
1403636882.301666 0.4357674 4.2631426 -0.0809212 -0.8893629 0.0430439 -0.0219940 0.4546397
1403636882.401666 0.4460694 4.2440014 -0.0950336 -0.8871655 0.0434698 -0.0205847 0.4589381
1403636882.501667 0.4400227 4.2252684 -0.1085258 -0.8857738 0.0402546 -0.0115213 0.4622247
1403636882.601666 0.4250612 4.2165356 -0.1196098 -0.8826981 0.0332945 -0.0006518 0.4687592
1403636882.701667 0.4059359 4.2225914 -0.1290541 -0.8731647 0.0233382 0.0099968 0.4867635
1403636883.001667 0.3531611 4.2744350 -0.1802707 -0.8371673 -0.0328330 0.0600702 0.5426459
1403636883.101666 0.3386663 4.2905359 -0.2032561 -0.8357067 -0.0515407 0.0722836 0.5419529
1403636883.201667 0.3269292 4.3059945 -0.2256942 -0.8310812 -0.0672184 0.0747642 0.5469883
1403636883.301666 0.3166839 4.3188009 -0.2456946 -0.8253382 -0.0772328 0.0783047 0.5538235
1403636883.401666 0.3096381 4.3282714 -0.2606459 -0.8221305 -0.0821525 0.0831862 0.5571647
1403636883.801666 0.3000377 4.3456411 -0.2859001 -0.8064444 -0.1067378 0.0981850 0.5732488
1403636886.501667 0.3007255 4.3470488 -0.2928195 -0.7909643 -0.1139915 0.1119356 0.5906368
1403636889.401666 0.3049142 4.3471947 -0.2897134 -0.7933186 -0.1310119 0.1174379 0.5828292
1403636892.201667 0.3007998 4.3470163 -0.2929039 -0.7904999 -0.1129341 0.1130114 0.5912566
1403636894.801666 0.2994668 4.3455892 -0.2964020 -0.7835957 -0.1143719 0.1071153 0.6011848
1403636897.651666 0.4544317 4.0500183 -0.1995163 -0.8249149 -0.1114598 0.0870953 0.5472720
1403636897.801666 0.4779462 4.0424080 -0.1008811 -0.8349290 -0.1200788 0.0718934 0.5322650
1403636897.901666 0.4915259 4.0494776 -0.0260525 -0.8401632 -0.1225536 0.0679101 0.5239223
1403636898.001667 0.4966366 4.0661893 0.0385313 -0.8338639 -0.1247466 0.0691568 0.5332230
1403636898.201667 0.5086002 4.1111360 0.1454039 -0.8245833 -0.1223314 0.0814012 0.5463254
1403636898.451667 0.5215273 4.1921368 0.2760811 -0.8241787 -0.1278411 0.0896075 0.5443865
1403636898.501667 0.5235960 4.2128215 0.3071704 -0.8239768 -0.1280038 0.0922457 0.5442132
1403636898.551666 0.5252664 4.2356482 0.3384576 -0.8233839 -0.1277332 0.0947335 0.5447466
1403636898.651666 0.5223395 4.2799459 0.3937602 -0.8243905 -0.1292177 0.0943991 0.5429291
1403636898.801666 0.5026538 4.3485913 0.5008125 -0.8239052 -0.1322188 0.0967015 0.5425378
1403636898.901666 0.4898226 4.4005899 0.5700078 -0.8250119 -0.1314845 0.1003784 0.5403624
1403636899.001667 0.4769733 4.4560556 0.6295781 -0.8254102 -0.1284924 0.1068669 0.5392283
1403636899.051666 0.4771920 4.4895363 0.6576915 -0.8252692 -0.1245868 0.1084551 0.5400431
1403636899.201667 0.4899799 4.5984411 0.7444096 -0.8250797 -0.1093374 0.0998620 0.5452673
1403636899.251667 0.4992126 4.6415148 0.7790537 -0.8229173 -0.1014069 0.0948915 0.5509259
1403636899.351666 0.5191600 4.7331996 0.8303819 -0.8212074 -0.0830574 0.0813771 0.5586570
1403636900.101666 0.7180266 5.4298038 0.9838662 -0.8255721 -0.0145838 0.0249092 0.5635580
1403636900.201667 0.7654361 5.5306258 1.0162177 -0.8221909 -0.0153061 0.0230396 0.5685394
1403636900.301666 0.8160748 5.6329021 1.0490718 -0.8228524 -0.0169164 0.0226506 0.5675516
1403636900.401666 0.8675017 5.7381945 1.0805058 -0.8267601 -0.0182689 0.0255314 0.5616782
1403636900.751667 1.0600276 6.1473207 1.0893250 -0.8358966 -0.0289170 0.0302022 0.5472922
1403636900.801666 1.0965745 6.2117319 1.0741487 -0.8364632 -0.0285346 0.0327873 0.5462968
1403636900.951667 1.2083163 6.4119549 1.0176606 -0.8342153 -0.0202904 0.0454155 0.5491909
1403636901.051666 1.2954941 6.5506816 0.9805613 -0.8325356 -0.0170139 0.0485712 0.5515758
1403636901.201667 1.4649279 6.7567086 0.9505310 -0.8320283 -0.0158860 0.0510323 0.5521525
1403636901.451667 1.7877187 7.1056576 0.9416857 -0.8296022 -0.0208276 0.0418628 0.5563937
1403636901.551666 1.9288527 7.2511034 0.9487066 -0.8294613 -0.0235922 0.0363055 0.5568836
1403636901.601666 2.0028770 7.3221011 0.9542322 -0.8289868 -0.0243499 0.0350983 0.5576345
1403636901.701667 2.1488285 7.4623337 0.9689903 -0.8288173 -0.0220930 0.0353886 0.5579619
1403636901.901666 2.4202068 7.7571087 1.0362844 -0.8277171 -0.0233443 0.0335157 0.5596573
1403636902.001667 2.5666223 7.9269300 1.0547934 -0.8286219 -0.0245365 0.0319143 0.5583594
1403636902.101666 2.7260771 8.1078835 1.0889349 -0.8292151 -0.0250119 0.0327230 0.5574101
1403636902.301666 3.0419316 8.4755440 1.1884079 -0.8305741 -0.0252564 0.0331022 0.5553495
1403636902.401666 3.2006018 8.6554317 1.2212868 -0.8325001 -0.0227424 0.0337583 0.5525277
1403636902.601666 3.5325909 9.0307598 1.1754923 -0.8344797 -0.0250080 0.0219167 0.5500345
1403636902.651666 3.6148119 9.1271038 1.1571760 -0.8352942 -0.0265404 0.0176573 0.5488783
1403636902.751667 3.7787318 9.3230438 1.1159563 -0.8330129 -0.0268255 0.0140579 0.5524240
1403636902.801666 3.8616722 9.4202480 1.1071129 -0.8347406 -0.0249057 0.0153069 0.5498670
1403636902.901666 4.0318599 9.6153889 1.0916195 -0.8324542 -0.0271738 0.0158684 0.5531996
1403636903.001667 4.2039337 9.8060656 1.0709696 -0.8359885 -0.0259083 0.0169930 0.5478716
1403636903.151666 4.4756284 10.0724583 1.0404100 -0.8353246 -0.0309904 0.0188793 0.5485581
1403636903.251667 4.6637087 10.2544813 1.0248127 -0.8338187 -0.0338325 0.0203330 0.5506253
1403636903.301666 4.7588515 10.3477030 1.0195990 -0.8338421 -0.0357469 0.0202142 0.5504733
1403636903.501667 5.1398401 10.7204370 0.9649525 -0.8378188 -0.0390933 0.0186116 0.5442289
1403636903.551666 5.2359962 10.8098879 0.9414997 -0.8364280 -0.0428131 0.0168487 0.5461423
1403636903.751667 5.6382141 11.1157417 0.8726377 -0.8387603 -0.0472936 0.0205134 0.5420551
1403636903.851666 5.8412919 11.2601986 0.8375120 -0.8386992 -0.0489691 0.0233905 0.5418844
1403636903.951667 6.0424924 11.3964443 0.8046598 -0.8392637 -0.0536574 0.0213293 0.5406498
1403636904.151666 6.4426451 11.6963072 0.7798624 -0.8373213 -0.0499531 0.0250729 0.5438467
1403636904.251667 6.6499481 11.8573761 0.7979059 -0.8376259 -0.0486756 0.0242155 0.5435323
1403636904.351666 6.8565884 12.0168657 0.8192778 -0.8397558 -0.0481661 0.0230121 0.5403340
1403636904.451667 7.0499773 12.1743660 0.8326073 -0.8389935 -0.0466756 0.0205894 0.5417449
1403636904.501667 7.1407852 12.2521229 0.8360519 -0.8386574 -0.0460042 0.0197753 0.5423527
1403636904.651666 7.4084458 12.4961748 0.8285360 -0.8355889 -0.0477074 0.0129515 0.5471266
1403636904.751667 7.5782075 12.6696167 0.8053322 -0.8354822 -0.0470214 0.0091028 0.5474264
1403636904.951667 7.9078269 13.0047617 0.7511024 -0.8363135 -0.0464894 0.0007506 0.5462764
1403636905.051666 8.0711050 13.1684675 0.7296095 -0.8339410 -0.0465720 -0.0021694 0.5498807
1403636905.151666 8.2275496 13.3460474 0.7140465 -0.8348296 -0.0411940 -0.0043450 0.5489478
1403636905.351666 8.5032206 13.7168179 0.6592865 -0.8360538 -0.0405178 -0.0100459 0.5470572
1403636905.551666 8.7455511 14.0899591 0.5990429 -0.8370497 -0.0478260 -0.0094858 0.5449500
1403636905.751667 8.9579334 14.4759302 0.5196209 -0.8350112 -0.0544918 -0.0021917 0.5475236
1403636905.851666 9.0526972 14.6659222 0.5213013 -0.8350363 -0.0553802 0.0023630 0.5473955
1403636906.151666 9.3242321 15.2101650 0.5567341 -0.8417121 -0.0596552 0.0076496 0.5365664
1403636906.251667 9.4091549 15.3857651 0.5869904 -0.8418340 -0.0577992 0.0108277 0.5365236
1403636906.451667 9.5717783 15.7441444 0.6351566 -0.8345392 -0.0493492 0.0256527 0.5481340
1403636906.551666 9.6496391 15.9249840 0.6813011 -0.8366091 -0.0432143 0.0344028 0.5450085
1403636906.951667 9.9038897 16.7076683 0.6447678 -0.8360801 -0.0599946 0.0158135 0.5450878
1403636907.251667 10.1153984 17.3400536 0.5770168 -0.8402399 -0.0659459 0.0169937 0.5379214
1403636907.501667 10.3168421 17.8932190 0.5672092 -0.8426383 -0.0602366 0.0305692 0.5342263
1403636907.601666 10.3992672 18.1313477 0.5662270 -0.8432586 -0.0580292 0.0352015 0.5332059
1403636907.701667 10.4849501 18.3800011 0.5724621 -0.8413895 -0.0552513 0.0397858 0.5361232
1403636907.901666 10.6574917 18.9084206 0.5608864 -0.8404487 -0.0534205 0.0422140 0.5375968
1403636908.001667 10.7461214 19.1988850 0.5252800 -0.8359799 -0.0589058 0.0362078 0.5443866
1403636908.101666 10.8315849 19.5042439 0.4709835 -0.8317004 -0.0620749 0.0328244 0.5507665
1403636908.301666 10.9656992 20.1395607 0.4047470 -0.8276749 -0.0701021 0.0295804 0.5560262
1403636908.401666 11.0416317 20.4495068 0.3293076 -0.8276901 -0.0722243 0.0303996 0.5556875
1403636908.501667 11.1127396 20.7600174 0.2517338 -0.8307755 -0.0718251 0.0319854 0.5510265
1403636908.601666 11.1784296 21.0724297 0.1833992 -0.8289126 -0.0736515 0.0331478 0.5535166
1403636908.701667 11.2370405 21.3878822 0.1434326 -0.8310869 -0.0766606 0.0324772 0.5498756
1403636908.901666 11.3427858 22.0075111 0.0871143 -0.8322630 -0.0734726 0.0396518 0.5480582
1403636909.001667 11.4025192 22.3126450 0.0921936 -0.8318649 -0.0695343 0.0435328 0.5488814
1403636909.151666 11.4981461 22.7701950 0.0705738 -0.8323650 -0.0675936 0.0466133 0.5481122
1403636909.251667 11.5645247 23.0774803 0.0492153 -0.8345544 -0.0648667 0.0470758 0.5450644
1403636909.351666 11.6361418 23.3728333 0.0247898 -0.8325862 -0.0645516 0.0464791 0.5481544
1403636909.451667 11.7056789 23.6606712 0.0046310 -0.8291314 -0.0666322 0.0428004 0.5534162
1403636909.551666 11.7714195 23.9435959 -0.0194397 -0.8271688 -0.0653070 0.0406545 0.5566633
1403636909.751667 11.9225388 24.4769917 -0.0425034 -0.8236831 -0.0598502 0.0425819 0.5622731
1403636909.951667 12.0710297 24.9959984 -0.1126366 -0.8169343 -0.0750830 0.0192312 0.5714990
1403636910.151666 12.1888924 25.5185680 -0.2229824 -0.8149496 -0.0738801 0.0216686 0.5743948
1403636910.251667 12.2321558 25.7695541 -0.2605572 -0.8182908 -0.0700448 0.0289757 0.5697846
1403636910.351666 12.2696571 26.0160332 -0.2766151 -0.8238366 -0.0669461 0.0341064 0.5618259
1403636910.451667 12.3120165 26.2598801 -0.2869854 -0.8251104 -0.0698349 0.0334947 0.5596374
1403636910.551666 12.3590012 26.5082951 -0.3108921 -0.8254477 -0.0712362 0.0340718 0.5589281
1403636910.651666 12.4054012 26.7575645 -0.3415222 -0.8251800 -0.0728102 0.0337381 0.5591409
1403636910.851666 12.4855556 27.2469692 -0.3935471 -0.8256316 -0.0725639 0.0370108 0.5582985
1403636910.951667 12.5265713 27.4873772 -0.4095001 -0.8247995 -0.0704629 0.0407583 0.5595351
1403636911.251667 12.6511106 28.2060318 -0.4313698 -0.8237885 -0.0669970 0.0442568 0.5611820
1403636911.351666 12.6945114 28.4325199 -0.4267807 -0.8273197 -0.0690845 0.0399567 0.5560333
1403636911.551666 12.7793474 28.8796463 -0.4062309 -0.8254612 -0.0700323 0.0387506 0.5587554
1403636911.651666 12.8250341 29.1053696 -0.4083519 -0.8254011 -0.0695816 0.0385972 0.5589112
1403636912.051666 13.0039215 29.9876862 -0.4693527 -0.8307245 -0.0615343 0.0497456 0.5510315
1403636912.201667 13.1166744 30.2855530 -0.5030403 -0.8291073 -0.0626156 0.0488117 0.5534238
1403636912.951667 13.6893330 31.8290825 -0.8449936 -0.8261454 -0.0550693 0.0516412 0.5583766
1403636913.051666 13.7905054 32.0012817 -0.9160385 -0.8225373 -0.0594267 0.0449413 0.5638096
1403636913.151666 13.8959694 32.1638832 -0.9740028 -0.8207159 -0.0626020 0.0411093 0.5664067
1403636913.351666 14.1096821 32.4681435 -1.0097809 -0.8221118 -0.0647113 0.0406474 0.5641742
1403636913.701667 14.5223980 33.0513458 -1.1581345 -0.8260159 -0.0623597 0.0404884 0.5587215
1403636913.801666 14.6230316 33.2047653 -1.1642227 -0.8267593 -0.0634953 0.0380347 0.5576656
1403636914.151666 14.9683571 33.7556381 -1.1639977 -0.8247234 -0.0608269 0.0396768 0.5608539
1403636914.351666 15.1862278 34.0546074 -1.1824608 -0.8242688 -0.0612225 0.0359975 0.5617269
1403636914.451667 15.3015509 34.1890182 -1.2212791 -0.8219167 -0.0641611 0.0321209 0.5650704
1403636915.151666 16.1322632 35.0951004 -1.5760956 -0.8245258 -0.0662864 0.0198388 0.5615779
1403636915.351666 16.3590927 35.3660240 -1.6883469 -0.8296002 -0.0687257 0.0158656 0.5538850
1403636915.451667 16.4675922 35.5169487 -1.7260170 -0.8319405 -0.0687922 0.0161012 0.5503486
1403636915.551666 16.5696182 35.6737900 -1.7556534 -0.8276280 -0.0636115 0.0240945 0.5571399
1403636915.651666 16.6730003 35.8323364 -1.7726250 -0.8231011 -0.0550989 0.0347136 0.5641485
1403636916.051666 17.1057549 36.3715248 -1.7807465 -0.8185047 -0.0622373 0.0292978 0.5703667
1403636916.151666 17.2142410 36.4915962 -1.7739029 -0.8175740 -0.0694058 0.0202095 0.5712681
1403636916.451667 17.5283146 36.8320808 -1.6990509 -0.8187962 -0.0706344 0.0154171 0.5695137
1403636916.551666 17.6233978 36.9421234 -1.6670227 -0.8169469 -0.0644803 0.0060855 0.5730647
1403636916.651666 17.7144508 37.0513496 -1.6485443 -0.8161523 -0.0536688 -0.0030798 0.5753309
1403636916.801666 17.8364162 37.2083893 -1.6375389 -0.8160631 -0.0396361 -0.0125049 0.5764666
1403636916.951667 17.9513664 37.3653793 -1.6563988 -0.8163342 -0.0365171 -0.0224352 0.5759875
1403636918.201667 18.3831520 38.3256149 -2.2514763 -0.8149831 0.0673795 -0.0857134 0.5691359
1403636919.301666 18.2280540 38.9851875 -2.3889008 -0.8036271 0.0973854 -0.0650035 0.5835016
1403636919.401666 18.2165470 39.0202484 -2.3710785 -0.8016219 0.0992040 -0.0722748 0.5850960
1403636919.501667 18.2137871 39.0424194 -2.3484383 -0.7976515 0.0938720 -0.0859427 0.5895372
1403636919.601666 18.2172413 39.0568581 -2.3441544 -0.7982340 0.0913716 -0.0975598 0.5873293
1403636919.701667 18.2103500 39.0668335 -2.3646660 -0.7986231 0.0928253 -0.1012036 0.5859542
1403636919.851666 18.1640453 39.0783844 -2.3955040 -0.7978306 0.0963869 -0.0991478 0.5868098
1403636920.001667 18.1086731 39.0644150 -2.4275551 -0.7940903 0.0991714 -0.0938032 0.5922725
1403636920.101666 18.0723457 39.0496483 -2.4682159 -0.7937606 0.1031411 -0.0875362 0.5929953
1403636920.251667 18.0221310 39.0095139 -2.5420532 -0.7940379 0.1070224 -0.0802839 0.5929625
1403636920.401666 17.9701595 38.9230270 -2.6193466 -0.7941928 0.0953155 -0.0934494 0.5928238
1403636920.551666 17.9031410 38.8084793 -2.6750832 -0.7973292 0.0876366 -0.1019582 0.5883796
1403636920.651666 17.8542480 38.7352180 -2.6847000 -0.8013926 0.0900031 -0.1001097 0.5827929
1403636920.751667 17.8016872 38.6574173 -2.6779366 -0.8049563 0.0912313 -0.0995462 0.5777653
1403636920.901666 17.7162399 38.5401382 -2.6488075 -0.8132353 0.0936418 -0.0986855 0.5658098
1403636921.001667 17.6612930 38.4644165 -2.6351585 -0.8137276 0.0930741 -0.0998088 0.5649981
1403636921.151666 17.5752029 38.3508415 -2.6113091 -0.8147534 0.0946148 -0.0998121 0.5632606
1403636921.201667 17.5409527 38.3095551 -2.6005745 -0.8134254 0.0946096 -0.1003082 0.5650898
1403636921.301666 17.4716606 38.2275848 -2.5817909 -0.8057484 0.0936758 -0.1015424 0.5759198
1403636921.401666 17.3943310 38.1422806 -2.5490685 -0.8031784 0.0994262 -0.0948618 0.5796726
1403636921.451667 17.3511066 38.0967941 -2.5188637 -0.7989626 0.1002164 -0.0928286 0.5856606
1403636921.501667 17.3066063 38.0498810 -2.4892998 -0.8009530 0.1034098 -0.0899833 0.5828241
1403636921.551666 17.2606792 38.0032616 -2.4653854 -0.8012124 0.1061860 -0.0868919 0.5824371
1403636921.601666 17.2142658 37.9543953 -2.4362183 -0.8033004 0.1088290 -0.0838039 0.5795186
1403636921.651666 17.1681595 37.9041672 -2.4083443 -0.8067211 0.1105267 -0.0819692 0.5746878
1403636921.951667 16.9070568 37.6261597 -2.2813454 -0.8199149 0.1048298 -0.0935996 0.5549680
1403636922.051666 16.8217087 37.5455818 -2.2324142 -0.8127504 0.1040317 -0.1019870 0.5641035
1403636922.151666 16.7352982 37.4698792 -2.1909981 -0.8075060 0.1057807 -0.1083531 0.5700914
1403636922.251667 16.6440048 37.3931351 -2.1452408 -0.8092265 0.1078430 -0.1143854 0.5660728
1403636922.351666 16.5476265 37.3192406 -2.0862617 -0.8123195 0.1116987 -0.1172689 0.5602753
1403636922.501667 16.3903332 37.1973038 -1.9613800 -0.8201764 0.1238118 -0.1198904 0.5455344
1403636922.601666 16.2716808 37.1097870 -1.8729515 -0.8197096 0.1308303 -0.1278476 0.5427842
1403636922.651666 16.2082291 37.0706100 -1.8374748 -0.8170782 0.1355324 -0.1306333 0.5449305
1403636922.751667 16.0790367 36.9939499 -1.7664948 -0.8076779 0.1405676 -0.1385117 0.5556182
1403636922.901666 15.8737059 36.8685570 -1.6634941 -0.7949464 0.1516186 -0.1378661 0.5710210
1403636923.001667 15.7266979 36.7621040 -1.6049500 -0.7895350 0.1610694 -0.1308394 0.5775571
1403636923.151666 15.5092897 36.6110001 -1.5031509 -0.7879053 0.1686306 -0.1356802 0.5765066
1403636923.201667 15.4420099 36.5630341 -1.4809952 -0.7899312 0.1743332 -0.1389918 0.5712249
1403636923.301666 15.3127327 36.4688034 -1.4247627 -0.7915788 0.1796027 -0.1518117 0.5640028
1403636923.401666 15.1835880 36.3773537 -1.3766708 -0.7984899 0.1878196 -0.1585623 0.5495413
1403636923.501667 15.0456810 36.2792397 -1.3167152 -0.8012111 0.1904804 -0.1653965 0.5426065
1403636923.601666 14.9093170 36.1809692 -1.2565231 -0.8074837 0.1978103 -0.1649925 0.5306774
1403636923.701667 14.7703667 36.0836678 -1.1921349 -0.8110048 0.1994672 -0.1672127 0.5239503
1403636923.801666 14.6333761 35.9910507 -1.1222229 -0.8122684 0.2014932 -0.1682591 0.5208735
1403636924.001667 14.3520184 35.8241959 -1.0541000 -0.8138772 0.2016903 -0.1672047 0.5186209
1403636924.101666 14.2070475 35.7449188 -1.0655289 -0.8123087 0.1994010 -0.1681610 0.5216472
1403636924.251667 13.9772863 35.6280937 -1.0959091 -0.8139766 0.1985378 -0.1676759 0.5195283
1403636924.301666 13.8941441 35.5881653 -1.0971642 -0.8126018 0.1986815 -0.1667916 0.5219047
1403636924.401666 13.7286148 35.5107727 -1.0855141 -0.8079875 0.1975935 -0.1633346 0.5305044
1403636924.451667 13.6478100 35.4759140 -1.0819321 -0.8054122 0.1996201 -0.1598061 0.5347197
1403636924.551666 13.4878416 35.4091492 -1.0651245 -0.7987697 0.2024366 -0.1536875 0.5453134
1403636924.651666 13.3271561 35.3472443 -1.0418739 -0.7930686 0.2072616 -0.1454666 0.5540074
1403636924.751667 13.1659040 35.2914314 -1.0054932 -0.7852607 0.2080175 -0.1423235 0.5655425
1403636924.851666 13.0039263 35.2308960 -0.9738426 -0.7805389 0.2087644 -0.1385942 0.5726851
1403636924.951667 12.8439541 35.1609802 -0.9487457 -0.7782844 0.2121660 -0.1404218 0.5740563
1403636925.051666 12.6856356 35.0806503 -0.9406700 -0.7789696 0.2183523 -0.1482054 0.5688266
1403636925.151666 12.5310726 34.9885445 -0.9431458 -0.7804937 0.2181293 -0.1619422 0.5630487
1403636925.201667 12.4532576 34.9425735 -0.9466858 -0.7806738 0.2134499 -0.1723248 0.5615084
1403636925.301666 12.2905569 34.8404427 -0.9695129 -0.7869439 0.2124811 -0.1819818 0.5499578
1403636925.351666 12.2050056 34.7856598 -0.9837990 -0.7922786 0.2152049 -0.1839810 0.5404928
1403636925.401666 12.1164074 34.7346268 -0.9986115 -0.7963590 0.2166253 -0.1854842 0.5333681
1403636925.501667 11.9385605 34.6328201 -1.0226974 -0.8021759 0.2177107 -0.1887548 0.5229603
1403636925.601666 11.7583389 34.5348587 -1.0355415 -0.8063023 0.2197157 -0.1891257 0.5155900
1403636925.701667 11.5788536 34.4432907 -1.0526237 -0.8118773 0.2213873 -0.1889186 0.5061153
1403636925.851666 11.2952118 34.3031235 -1.0426254 -0.8096147 0.2228017 -0.1901647 0.5086461
1403636926.001667 11.0049648 34.1758194 -1.0034332 -0.7919499 0.2147783 -0.1982935 0.5360646
1403636926.151666 10.7036839 34.0572052 -0.9923096 -0.7752375 0.2153289 -0.1972416 0.5601214
1403636926.251667 10.4871473 33.9760208 -1.0117912 -0.7699661 0.2188735 -0.1897292 0.5685504
1403636926.351666 10.2626047 33.8757820 -1.0355682 -0.7677211 0.2232751 -0.1825275 0.5722206
1403636926.451667 10.0325222 33.7642555 -1.0665665 -0.7658384 0.2243162 -0.1785191 0.5755908
1403636926.551666 9.8004322 33.6296310 -1.0791702 -0.7681622 0.2239090 -0.1768672 0.5731576
1403636926.651666 9.5646210 33.4815636 -1.0699425 -0.7718169 0.2213159 -0.1792812 0.5684860
1403636926.751667 9.3245173 33.3258858 -1.0513077 -0.7771733 0.2197571 -0.1797760 0.5615952
1403636926.851666 9.0793362 33.1599884 -1.0323944 -0.7787005 0.2261723 -0.1809713 0.5565259
1403636926.951667 8.8401318 32.9879723 -1.0276375 -0.7764677 0.2423299 -0.1798290 0.5532050
1403636927.051666 8.5994005 32.8105659 -1.0081139 -0.7713374 0.2574240 -0.1875189 0.5510066
1403636927.151666 8.3559551 32.6322556 -0.9950714 -0.7653055 0.2730817 -0.2001106 0.5474393
1403636927.301666 7.9850740 32.3598709 -0.9937515 -0.7563909 0.2962232 -0.2245419 0.5382429
1403636927.401666 7.7346916 32.1773338 -1.0152321 -0.7541631 0.3095723 -0.2373852 0.5282531
1403636927.501667 7.4775715 31.9918728 -1.0350037 -0.7574034 0.3199244 -0.2450406 0.5137545
1403636927.601666 7.2133350 31.8053970 -1.0321693 -0.7631358 0.3295991 -0.2477380 0.4976084
1403636927.701667 6.9457846 31.6227570 -1.0028229 -0.7645488 0.3362094 -0.2500200 0.4898148
1403636927.801666 6.6773386 31.4471741 -0.9464073 -0.7633930 0.3363465 -0.2531562 0.4899123
1403636927.901666 6.4105196 31.2811127 -0.8689957 -0.7615540 0.3378184 -0.2539707 0.4913382
1403636928.001667 6.1573620 31.1322289 -0.7921982 -0.7614322 0.3371706 -0.2558092 0.4910181
1403636928.101666 5.9085474 30.9929466 -0.7178192 -0.7580412 0.3355088 -0.2579712 0.4962442
1403636928.201667 5.6576881 30.8611794 -0.6266975 -0.7520383 0.3323883 -0.2596041 0.5065196
1403636928.301666 5.3958721 30.7293930 -0.5248375 -0.7442425 0.3308594 -0.2591853 0.5190936
1403636928.401666 5.1231966 30.5956211 -0.4403114 -0.7393600 0.3300798 -0.2598097 0.5262064
1403636928.501667 4.8344488 30.4561653 -0.3715401 -0.7373965 0.3277437 -0.2620414 0.5293058
1403636928.601666 4.5372381 30.3108120 -0.2957993 -0.7393855 0.3255698 -0.2640311 0.5268785
1403636928.701667 4.2247047 30.1655006 -0.2113800 -0.7426090 0.3243508 -0.2636467 0.5232772
1403636928.801666 3.9009848 30.0199966 -0.1050377 -0.7481808 0.3254582 -0.2619188 0.5154621
1403636928.901666 3.5650778 29.8670807 0.0032845 -0.7512207 0.3268997 -0.2612806 0.5104279
1403636929.001667 3.2176666 29.7103233 0.1246643 -0.7426466 0.3246991 -0.2627804 0.5234436
1403636929.101666 2.8699207 29.5549068 0.2545738 -0.7324012 0.3272649 -0.2588516 0.5380354
1403636929.201667 2.5074263 29.3928375 0.4171524 -0.7275662 0.3299700 -0.2544342 0.5450050
1403636929.301666 2.1235781 29.2140846 0.5703373 -0.7269977 0.3333143 -0.2484474 0.5464887
1403636929.401666 1.7331781 29.0276947 0.7209244 -0.7267731 0.3295803 -0.2506530 0.5480425
1403636929.501667 1.3396740 28.8361092 0.8683128 -0.7294986 0.3265182 -0.2539308 0.5447357
1403636929.601666 0.9410820 28.6411591 1.0011597 -0.7335857 0.3207350 -0.2609023 0.5393617
1403636929.701667 0.5401497 28.4522896 1.1262627 -0.7356178 0.3157118 -0.2675054 0.5363148
1403636929.801666 0.1344280 28.2719078 1.2424011 -0.7372472 0.3130371 -0.2707622 0.5340058
1403636929.901666 -0.2830219 28.0847740 1.3445797 -0.7359041 0.3138580 -0.2689151 0.5363050
1403636930.001667 -0.7188301 27.8938408 1.4550247 -0.7354173 0.3170685 -0.2641352 0.5374585
1403636930.101666 -1.1603241 27.6993790 1.5803871 -0.7349029 0.3176809 -0.2618026 0.5389399
1403636930.201667 -1.6137791 27.5026321 1.7182407 -0.7347219 0.3238560 -0.2573097 0.5376736
1403636930.301666 -2.0779800 27.2940598 1.8940735 -0.7342094 0.3294883 -0.2517815 0.5375689
1403636930.401666 -2.5377579 27.0811691 2.0860767 -0.7335597 0.3290986 -0.2544694 0.5374287
1403636930.501667 -2.9932384 26.8648949 2.2804794 -0.7354323 0.3250498 -0.2591645 0.5350847
1403636930.601666 -3.4486790 26.6345272 2.4636421 -0.7356213 0.3225660 -0.2620589 0.5349182
1403636930.701667 -3.9253578 26.3873997 2.6186733 -0.7339500 0.3268172 -0.2562474 0.5374433
1403636930.801666 -4.4081211 26.1183090 2.7794552 -0.7325433 0.3323684 -0.2467165 0.5404096
1403636930.901666 -4.8891220 25.8365421 2.9099407 -0.7290212 0.3369597 -0.2411666 0.5448165
1403636931.001667 -5.3608913 25.5376968 3.0356598 -0.7246490 0.3474612 -0.2359706 0.5463263
1403636931.051666 -5.5956049 25.3811111 3.1032734 -0.7223036 0.3524506 -0.2372764 0.5456702
1403636931.151666 -6.0627918 25.0538139 3.2375793 -0.7175593 0.3534113 -0.2524446 0.5445006
1403636931.251667 -6.5183935 24.7214851 3.3601494 -0.7169533 0.3504473 -0.2663846 0.5405589
1403636931.301666 -6.7476397 24.5531807 3.4183311 -0.7142133 0.3497054 -0.2724019 0.5416667
1403636931.401666 -7.2115736 24.2084656 3.5348110 -0.7155774 0.3488789 -0.2811460 0.5359007
1403636931.501667 -7.6811743 23.8578529 3.6495972 -0.7182144 0.3434277 -0.2934139 0.5292768
1403636931.601666 -8.1565380 23.5027847 3.7710037 -0.7195315 0.3391162 -0.3041089 0.5242066
1403636931.751667 -8.8893385 22.9624023 3.9581795 -0.7221698 0.3410823 -0.3047021 0.5189319
1403636931.851666 -9.3859329 22.5994396 4.0670214 -0.7240973 0.3499445 -0.2948039 0.5160549
1403636931.951667 -9.8885174 22.2397938 4.1705008 -0.7264652 0.3564950 -0.2874729 0.5123661
1403636932.051666 -10.3911467 21.8738213 4.2744026 -0.7241731 0.3580930 -0.2868032 0.5148658
1403636932.351666 -11.9164581 20.7724457 4.5694151 -0.7166927 0.3494144 -0.3059625 0.5202386
1403636932.451667 -12.4394875 20.4010830 4.6763353 -0.7151727 0.3492704 -0.3130435 0.5182102
1403636932.651666 -13.5057936 19.6479855 4.8857212 -0.7074496 0.3726903 -0.3181758 0.5092949
1403636932.751667 -14.0525446 19.2737026 5.0034204 -0.6998742 0.3863047 -0.3219746 0.5072250
1403636932.851666 -14.6075726 18.8962193 5.1228528 -0.6931431 0.3960040 -0.3274321 0.5054916
1403636933.351666 -17.4922638 16.9471626 5.4902821 -0.6968920 0.4432994 -0.3249071 0.4607195
1403636933.751667 -19.8255634 15.3800240 5.6759863 -0.6876624 0.4377883 -0.3326150 0.4741615
1403636933.851666 -20.4108276 14.9905529 5.7347383 -0.6840958 0.4357624 -0.3328009 0.4810070
1403636934.001667 -21.2974854 14.3963375 5.8488779 -0.6778036 0.4424574 -0.3318928 0.4844181
1403636934.201667 -22.4903679 13.5838785 5.9933453 -0.6606498 0.4653656 -0.3496218 0.4740689
1403636934.351666 -23.3813114 12.9560108 6.0527229 -0.6424658 0.4922263 -0.3648631 0.4602455
1403636934.501667 -24.2719822 12.2971630 6.0818148 -0.6118057 0.5241535 -0.3764043 0.4574678
1403636934.601666 -24.8719559 11.8447237 6.1137524 -0.5920815 0.5433749 -0.3885177 0.4508185
1403636934.701667 -25.4645367 11.3722725 6.1855125 -0.5797691 0.5616188 -0.3961169 0.4376570
1403636934.801666 -26.0692081 10.8893738 6.2755070 -0.5750588 0.5710972 -0.4051982 0.4230484
1403636935.001667 -27.3177204 9.9060020 6.5020218 0.5779819 -0.5836678 0.4095148 -0.3969465
1403636935.101666 -27.9456787 9.4111328 6.6316204 0.5729234 -0.5816214 0.4148104 -0.4017559
1403636935.201667 -28.5741024 8.9155579 6.7827339 0.5683933 -0.5798441 0.4156713 -0.4097891
1403636935.401666 -29.8421288 7.9256210 7.0888424 0.5689746 -0.5796387 0.4096656 -0.4152843
1403636935.601666 -31.1518440 6.9367046 7.3835831 0.5714176 -0.5744481 0.4083115 -0.4204437
1403636935.701667 -31.8213768 6.4369507 7.5117683 0.5721866 -0.5731342 0.4080749 -0.4214197
1403636935.851666 -32.8379364 5.6695166 7.6890793 -0.5799618 0.5764050 -0.4020326 0.4120334
1403636935.951667 -33.5242920 5.1543922 7.7960701 -0.5854961 0.5811157 -0.3947944 0.4045200
1403636936.051666 -34.2115555 4.6343164 7.9100990 -0.5892169 0.5885603 -0.3849687 0.3977677
1403636936.151666 -34.8949471 4.0998363 8.0274010 -0.5906765 0.5901983 -0.3829801 0.3950866
1403636936.251667 -35.5799637 3.5529919 8.1670532 0.5858117 -0.5859575 0.3903071 -0.4014210
1403636936.351666 -36.2722549 2.9955120 8.3212852 0.5772567 -0.5823444 0.3982071 -0.4111944
1403636936.451667 -36.9656715 2.4280491 8.4854698 0.5712733 -0.5814121 0.4021872 -0.4169561
1403636936.551666 -37.6644745 1.8530741 8.6596031 0.5659133 -0.5781062 0.4090382 -0.4221648
1403636936.751667 -39.0683975 0.6778898 8.9945068 0.5604421 -0.5789011 0.4137425 -0.4237871
1403636936.951667 -40.4840050 -0.5264645 9.2951279 0.5593026 -0.5783339 0.4180714 -0.4218140
1403636937.051666 -41.1991768 -1.1376514 9.4618454 0.5575624 -0.5783580 0.4192407 -0.4229224
1403636937.151666 -41.9260101 -1.7573547 9.6465721 0.5557038 -0.5798323 0.4177020 -0.4248682
1403636937.351666 -43.3964615 -3.0077477 10.0026970 0.5530969 -0.5840516 0.4143277 -0.4257937
1403636937.651666 -45.6252937 -4.9083233 10.4252167 0.5528141 -0.5856969 0.4155016 -0.4227459
1403636937.851666 -47.0974655 -6.2145987 10.7012596 0.5550038 -0.5778065 0.4276274 -0.4186232
1403636937.951667 -47.8304214 -6.8731899 10.8163757 0.5517135 -0.5734072 0.4362521 -0.4201198
1403636938.151666 -49.3704338 -8.2097454 11.0279007 0.5397246 -0.5714768 0.4446592 -0.4294065
1403636938.351666 -50.9879265 -9.5879803 11.2226295 0.5190389 -0.5879210 0.4308634 -0.4464352
1403636938.451667 -51.8249359 -10.2956161 11.3270569 0.5091276 -0.5999742 0.4163702 -0.4554734
1403636938.551666 -52.6836853 -11.0268879 11.4473648 0.5069064 -0.6100521 0.4045517 -0.4552145
1403636938.651666 -53.5495224 -11.7880135 11.5668373 0.5062767 -0.6148549 0.3986097 -0.4546951
1403636938.851666 -55.2993813 -13.3750477 11.8491135 0.5144433 -0.6132960 0.4037532 -0.4429442
1403636939.001667 -56.6333923 -14.6250401 12.0880585 0.5262538 -0.6079124 0.4131408 -0.4275678
1403636939.101666 -57.5278702 -15.4785089 12.2385559 0.5295495 -0.6075620 0.4140112 -0.4231320
1403636939.301666 -59.3452911 -17.2089310 12.5205307 0.5281740 -0.6048538 0.4153758 -0.4273723
1403636939.401666 -60.2591248 -18.0960579 12.6616440 0.5289396 -0.6044042 0.4135675 -0.4288127
1403636939.601666 -62.1046829 -19.9119740 12.9140701 0.5311414 -0.5952846 0.4196875 -0.4328827
1403636939.701667 -63.0431786 -20.8466492 13.0288620 0.5289831 -0.5935889 0.4201975 -0.4373364
1403636939.801666 -63.9940338 -21.7929153 13.1461334 0.5288940 -0.5914649 0.4226187 -0.4379885
1403636939.901666 -64.9393463 -22.7517433 13.2401581 0.5300432 -0.5935685 0.4190061 -0.4372237
1403636940.001667 -65.8875809 -23.7177811 13.3052521 0.5246730 -0.5967501 0.4195517 -0.4388438
1403636940.101666 -66.8375015 -24.6975880 13.3627853 0.5223045 -0.6036016 0.4188547 -0.4329247
1403636940.301666 -68.7467499 -26.6824436 13.4481354 0.5163125 -0.6176089 0.4137351 -0.4252106
1403636940.501667 -70.6607895 -28.7230377 13.5177307 0.5111741 -0.6218805 0.4174282 -0.4215677
1403636940.601666 -71.6208496 -29.7719402 13.5525360 0.5138015 -0.6279243 0.4130114 -0.4136917
1403636940.801666 -73.5452728 -31.9155006 13.6396027 0.5204840 -0.6274790 0.4157183 -0.4031685
1403636940.901666 -74.5138321 -33.0038452 13.7012482 0.5240671 -0.6296560 0.4135767 -0.3972927
1403636941.051666 -75.9607239 -34.6437302 13.7897949 0.5246236 -0.6295153 0.4140303 -0.3963073
1403636941.151666 -76.9266205 -35.7447739 13.8402100 0.5218171 -0.6272491 0.4175084 -0.3999405
1403636941.251667 -77.8855591 -36.8461075 13.8658524 0.5200248 -0.6250625 0.4195567 -0.4035386
1403636941.351666 -78.8511734 -37.9544334 13.8800278 0.5196568 -0.6202206 0.4239669 -0.4068604
1403636941.451667 -79.8275833 -39.0714226 13.8883667 0.5209968 -0.6186567 0.4231934 -0.4083304
1403636941.551666 -80.8216858 -40.1923676 13.8903809 0.5223305 -0.6148337 0.4246704 -0.4108594
1403636941.651666 -81.8314514 -41.3218460 13.8713913 0.5260055 -0.6116927 0.4242076 -0.4113370
1403636941.851666 -83.8748779 -43.5908470 13.8346558 0.5295104 -0.6087356 0.4225731 -0.4129064
1403636942.051666 -85.9199677 -45.8896446 13.8093414 0.5287090 -0.6081204 0.4185859 -0.4188584
1403636942.151666 -86.9437790 -47.0490150 13.7977142 0.5265871 -0.6085985 0.4171203 -0.4222849
1403636942.301666 -88.5021744 -48.8023071 13.7651520 0.5236427 -0.6098481 0.4159235 -0.4253133
1403636942.401666 -89.5538635 -49.9765930 13.7100220 0.5198796 -0.6115040 0.4144781 -0.4289475
1403636942.501667 -90.6149979 -51.1639404 13.6496811 0.5181964 -0.6152911 0.4110950 -0.4288244
1403636942.601666 -91.6892319 -52.3632851 13.5917664 0.5206279 -0.6218924 0.4049187 -0.4221818
1403636942.701667 -92.7725220 -53.5747871 13.5297775 0.5224513 -0.6228759 0.4058467 -0.4175631
1403636942.801666 -93.8604050 -54.7949944 13.4682159 0.5247281 -0.6208941 0.4097983 -0.4137830
1403636942.901666 -94.9498749 -56.0195084 13.4202347 0.5222671 -0.6175405 0.4177800 -0.4139332
1403636943.001667 -96.0412979 -57.2490463 13.3780823 0.5175831 -0.6130140 0.4270132 -0.4171106
1403636943.101666 -97.1486893 -58.4845352 13.3660431 0.5173473 -0.6131812 0.4284217 -0.4157108
1403636943.201667 -98.2598343 -59.7210960 13.3447571 0.5140271 -0.6119245 0.4319499 -0.4180239
1403636943.351666 -99.9566498 -61.5376854 13.3159943 0.5121428 -0.6128923 0.4354709 -0.4152565
1403636943.451667 -101.1165390 -62.7077255 13.2897034 0.5101578 -0.6139705 0.4368853 -0.4146208
1403636943.551666 -102.2907333 -63.8786926 13.2573242 0.5091805 -0.6130786 0.4400751 -0.4137678
1403636943.651666 -103.4855270 -65.0453262 13.2238617 0.5100986 -0.6122286 0.4438726 -0.4098203
1403636943.751667 -104.6818542 -66.2097397 13.1924438 0.5089431 -0.6103433 0.4467780 -0.4109104
1403636943.851666 -105.8888855 -67.3774796 13.1554565 0.5101695 -0.6118121 0.4440228 -0.4101913
1403636943.951667 -107.0995407 -68.5346985 13.1111145 0.5213618 -0.6152097 0.4308263 -0.4050775
1403636944.051666 -108.3235550 -69.6902313 13.0770264 0.5334088 -0.6149713 0.4194351 -0.4016960
1403636944.151666 -109.5580139 -70.8508224 13.0410614 0.5441962 -0.6169845 0.4066521 -0.3972589
1403636944.251667 -110.7896042 -72.0178299 13.0061493 0.5484699 -0.6142749 0.4023632 -0.3999387
1403636944.351666 -112.0219955 -73.1928711 12.9673462 0.5525094 -0.6068441 0.4073510 -0.4006730
1403636944.451667 -113.2649689 -74.3733444 12.9221649 0.5505285 -0.5999597 0.4152527 -0.4056252
1403636944.551666 -114.5102692 -75.5581055 12.8867035 0.5481766 -0.5917440 0.4266566 -0.4090302
1403636944.651666 -115.7561264 -76.7447662 12.8563538 0.5478182 -0.5795989 0.4412878 -0.4113702
1403636944.751667 -117.0107269 -77.9387360 12.8382874 0.5495106 -0.5718813 0.4443989 -0.4165329
1403636944.851666 -118.2762451 -79.1232758 12.8234406 0.5482439 -0.5696177 0.4413416 -0.4244783
1403636945.051666 -120.8726501 -81.3507385 12.8445129 0.5483450 -0.5659689 0.4361815 -0.4344453
1403636945.351666 -124.8433533 -84.5427780 12.9523315 0.5517734 -0.5669715 0.4299415 -0.4350170
1403636945.451667 -126.1708984 -85.5893097 12.9826050 0.5508229 -0.5664428 0.4307395 -0.4361196
1403636945.551666 -127.5142288 -86.6382599 13.0270538 0.5494623 -0.5688719 0.4279355 -0.4374326
1403636945.651666 -128.8702850 -87.6848221 13.0873108 0.5529659 -0.5748147 0.4208087 -0.4321307
1403636945.851666 -131.6051331 -89.7856903 13.1994019 0.5646576 -0.5897843 0.4038408 -0.4125881
1403636945.951667 -132.9697266 -90.8340073 13.2549286 0.5632405 -0.5884752 0.4057676 -0.4144996
1403636946.151666 -135.6553650 -92.9526215 13.3502808 0.5528348 -0.5797855 0.4203552 -0.4260562
1403636946.251667 -136.9918365 -94.0269165 13.3742523 0.5508267 -0.5809283 0.4212993 -0.4261680
1403636946.351666 -138.3388977 -95.1054535 13.3746338 0.5487378 -0.5832455 0.4215696 -0.4254302
1403636946.451667 -139.6964111 -96.1950226 13.3566132 0.5455874 -0.5843445 0.4223613 -0.4271849
1403636946.551666 -141.0667572 -97.2896423 13.3391266 0.5447459 -0.5893733 0.4191987 -0.4244569
1403636946.651666 -142.4525757 -98.3908234 13.3357239 0.5465930 -0.5916075 0.4165044 -0.4216169
1403636946.751667 -143.8488312 -99.5037613 13.3271484 0.5376859 -0.5986879 0.4065574 -0.4326405
1403636946.851666 -145.2595673 -100.6262436 13.3255615 0.5294732 -0.6073700 0.3934209 -0.4426962
1403636946.951667 -146.6815491 -101.7683792 13.3255768 0.5247747 -0.6126836 0.3845438 -0.4487277
1403636947.051666 -148.1006012 -102.9244843 13.3141937 0.5211799 -0.6184879 0.3755361 -0.4525671
1403636947.151666 -149.5243530 -104.0987701 13.3079834 0.5263319 -0.6151271 0.3824698 -0.4453204
1403636947.251667 -150.9606934 -105.2967606 13.3202362 0.5411738 -0.6141619 0.3859611 -0.4254059
1403636947.351666 -152.4058533 -106.5100861 13.3432007 0.5571685 -0.6161566 0.3845712 -0.4025162
1403636947.451667 -153.8695221 -107.7323914 13.3713989 0.5613112 -0.6147080 0.3874977 -0.3961179
1403636947.551666 -155.3441620 -108.9574127 13.4174652 0.5566344 -0.6119936 0.3906592 -0.4037417
1403636947.851666 -159.7475281 -112.6974487 13.6217041 0.5533796 -0.5951358 0.4153547 -0.4087357
1403636947.951667 -161.2288818 -113.9605484 13.6883545 0.5556613 -0.5879183 0.4254540 -0.4056863
1403636948.051666 -162.7218475 -115.2305908 13.7623901 0.5557968 -0.5933725 0.4156775 -0.4076901
1403636948.151666 -164.2179718 -116.5093536 13.8527985 0.5581364 -0.5934045 0.4132255 -0.4069391
1403636948.351666 -167.2023926 -119.0790253 14.0295105 0.5609844 -0.5893493 0.4150991 -0.4070095
1403636948.451667 -168.6941223 -120.3771820 14.1088715 0.5630454 -0.5834910 0.4197866 -0.4077959
1403636948.751667 -173.2297516 -124.2912445 14.3013153 -0.5679913 0.5595050 -0.4430274 0.4099596
1403636948.951667 -176.3007660 -126.8959885 14.5325012 0.5471280 -0.5685010 0.4220418 -0.4464733
1403636949.051666 -177.8518982 -128.2049103 14.6609802 0.5402140 -0.5685638 0.4169471 -0.4594119
1403636949.151666 -179.4116211 -129.5195618 14.7888184 0.5416045 -0.5687078 0.4144614 -0.4598455
1403636949.251667 -180.9924164 -130.8475952 14.9205017 0.5433735 -0.5659116 0.4170734 -0.4588454
1403636949.351666 -182.5909119 -132.1863861 15.0477905 0.5423374 -0.5652461 0.4159205 -0.4619276
1403636949.451667 -184.2095795 -133.5339508 15.1827393 0.5395096 -0.5673951 0.4113519 -0.4666712
1403636949.551666 -185.8495789 -134.8934784 15.3229065 0.5396863 -0.5675797 0.4082960 -0.4689204
1403636949.701667 -188.3376465 -136.9563141 15.5419922 0.5393356 -0.5674813 0.4076916 -0.4699676
1403636949.801666 -190.0090942 -138.3527832 15.6780396 0.5451517 -0.5664885 0.4080536 -0.4641041
1403636950.001667 -193.3829803 -141.1870270 15.9045105 0.5519120 -0.5711296 0.4016447 -0.4559449
1403636950.051666 -194.2294312 -141.9022217 15.9692078 0.5536866 -0.5726024 0.3996069 -0.4537311
1403636950.101666 -195.0760193 -142.6194000 16.0311584 0.5543720 -0.5740272 0.3974242 -0.4530106
1403636950.201667 -196.7679443 -144.0661469 16.1513367 0.5568665 -0.5711421 0.3995228 -0.4517499
1403636950.301666 -198.4738007 -145.5349579 16.2775879 0.5581719 -0.5697277 0.4041972 -0.4477491
1403636950.401666 -200.1902771 -147.0107422 16.4024963 0.5568344 -0.5677416 0.4095676 -0.4470564
1403636950.501667 -201.9060669 -148.4936218 16.5179138 0.5562685 -0.5620759 0.4189513 -0.4462241
1403636950.601666 -203.6163635 -149.9884186 16.6215820 -0.5563205 0.5546801 -0.4294591 0.4454237
1403636950.701667 -205.3406830 -151.4852295 16.7422180 0.5538487 -0.5577680 0.4262474 -0.4477273
1403636950.801666 -207.0812531 -152.9857178 16.8784485 0.5505465 -0.5561857 0.4258106 -0.4541380
1403636950.901666 -208.8387756 -154.4944458 17.0284424 0.5452999 -0.5609181 0.4186938 -0.4612099
1403636950.951667 -209.7243958 -155.2534332 17.1060181 0.5449997 -0.5607916 0.4180191 -0.4623291
1403636951.051666 -211.5103760 -156.7776184 17.2767334 0.5407610 -0.5612401 0.4140072 -0.4703033
1403636951.101666 -212.4131622 -157.5438385 17.3745728 0.5384705 -0.5658926 0.4084166 -0.4722404
1403636951.151666 -213.3221588 -158.3098145 17.4759521 0.5389818 -0.5683123 0.4039218 -0.4726172
1403636951.201667 -214.2355957 -159.0782166 17.5756836 0.5407508 -0.5704600 0.4007038 -0.4707447
1403636951.251667 -215.1523132 -159.8492432 17.6736450 0.5425663 -0.5728016 0.3972387 -0.4687445
1403636951.351666 -216.9937592 -161.3929138 17.8581543 0.5468823 -0.5759759 0.3933746 -0.4630637
1403636951.451667 -218.8477020 -162.9496765 18.0372620 0.5531750 -0.5786350 0.3911510 -0.4540703
1403636951.501667 -219.7782440 -163.7322845 18.1245117 0.5540521 -0.5791290 0.3906790 -0.4527758
1403636951.601666 -221.6466980 -165.3061218 18.2884827 0.5566785 -0.5802397 0.3918942 -0.4470459
1403636951.701667 -223.5328369 -166.8882904 18.4500427 0.5560694 -0.5774800 0.3961252 -0.4476479
1403636951.751667 -224.4823151 -167.6808929 18.5369873 0.5545951 -0.5757649 0.3986659 -0.4494271
1403636951.851666 -226.3852081 -169.2734680 18.7239380 0.5505727 -0.5720297 0.4054729 -0.4530381
1403636951.901666 -227.3417664 -170.0714264 18.8226318 0.5499998 -0.5703051 0.4082797 -0.4533874
1403636951.951667 -228.3013763 -170.8726501 18.9214478 0.5489262 -0.5666596 0.4138057 -0.4542487
1403636952.001667 -229.2640686 -171.6773987 19.0194702 0.5490195 -0.5652664 0.4158221 -0.4540304
1403636952.051666 -230.2296143 -172.4844513 19.1162109 0.5486439 -0.5616990 0.4199179 -0.4551408
1403636952.151666 -232.1710663 -174.1103821 19.3025513 0.5454581 -0.5619964 0.4198374 -0.4586633
1403636952.201667 -233.1437378 -174.9263763 19.3912659 0.5430323 -0.5617166 0.4198265 -0.4618832
1403636952.301666 -235.1006165 -176.5652771 19.5636597 0.5371870 -0.5629670 0.4164695 -0.4701611
1403636952.401666 -237.0773010 -178.2144165 19.7330933 0.5337877 -0.5676423 0.4093273 -0.4746622
1403636952.551666 -240.0819092 -180.6971588 19.9472656 0.5350106 -0.5649872 0.4122469 -0.4739257
1403636952.651666 -242.0966187 -182.3551636 20.0928650 0.5381147 -0.5615452 0.4181430 -0.4693143
1403636952.751667 -244.1203003 -184.0204620 20.2417908 0.5428078 -0.5617607 0.4165321 -0.4650653
1403636952.801666 -245.1393127 -184.8582458 20.3171387 0.5452551 -0.5632187 0.4140587 -0.4626412
1403636952.951667 -248.2115631 -187.3871307 20.5515442 0.5482791 -0.5715715 0.4020863 -0.4593721
1403636953.101666 -251.2962646 -189.9481049 20.7562561 0.5464079 -0.5795649 0.3884841 -0.4632744
1403636953.151666 -252.3316498 -190.8126221 20.8239746 0.5462464 -0.5802748 0.3867908 -0.4639923
1403636953.201667 -253.3743591 -191.6807556 20.8868103 0.5461167 -0.5806857 0.3861358 -0.4641767
1403636953.251667 -254.4207458 -192.5529480 20.9506531 0.5470021 -0.5809820 0.3846916 -0.4639622
1403636953.301666 -255.4717560 -193.4294891 21.0212402 0.5473165 -0.5804917 0.3851007 -0.4638658
1403636953.351666 -256.5252686 -194.3101501 21.0918274 0.5481225 -0.5787936 0.3867777 -0.4636407
1403636953.401666 -257.5814819 -195.1948090 21.1614380 0.5486295 -0.5762137 0.3902655 -0.4633318
1403636953.451667 -258.6414490 -196.0837860 21.2327881 0.5486059 -0.5747377 0.3929005 -0.4629658
1403636953.551666 -260.7769470 -197.8783417 21.3911133 0.5477862 -0.5698202 0.4005157 -0.4634894
1403636953.651666 -262.9268188 -199.6876526 21.5508118 0.5524809 -0.5654908 0.4047647 -0.4595113
1403636953.701667 -264.0072632 -200.5968323 21.6312561 0.5556327 -0.5647317 0.4052080 -0.4562424
1403636953.801666 -266.1807861 -202.4247284 21.8017883 0.5591689 -0.5615999 0.4085777 -0.4527694
1403636953.851666 -267.2746277 -203.3459167 21.8978577 -0.5601604 0.5597484 -0.4102759 0.4523005
1403636953.901666 -268.3711548 -204.2694702 21.9942017 -0.5600643 0.5581241 -0.4102225 0.4544700
1403636954.001667 -270.5661621 -206.1223907 22.1672058 -0.5630302 0.5590646 -0.4059526 0.4534825
1403636954.101666 -272.7792053 -207.9809265 22.3359375 -0.5632727 0.5598750 -0.4038126 0.4540918
1403636954.201667 -275.0046997 -209.8466492 22.4972839 -0.5612550 0.5597169 -0.4034632 0.4570857
1403636954.301666 -277.2475586 -211.7235107 22.6890259 -0.5640243 0.5608380 -0.4014540 0.4540617
1403636954.351666 -278.3753357 -212.6687622 22.7921753 -0.5653577 0.5637463 -0.3986417 0.4512709
1403636954.401666 -279.5086975 -213.6191101 22.8883667 -0.5672996 0.5623837 -0.3997157 0.4495811
1403636954.451667 -280.6438599 -214.5730591 22.9754944 -0.5650840 0.5609978 -0.4021847 0.4518949
1403636954.551666 -282.9264526 -216.4842987 23.1482544 -0.5638255 0.5634190 -0.4011051 0.4514140
1403636954.601666 -284.0712891 -217.4438477 23.2351074 -0.5638429 0.5636079 -0.4024577 0.4499501
1403636954.651666 -285.2185059 -218.4054260 23.3199463 0.5613230 -0.5622507 0.4057975 -0.4517955
1403636954.751667 -287.5267334 -220.3331757 23.4897461 0.5583645 -0.5641767 0.4067418 -0.4522111
1403636954.801666 -288.6863708 -221.2990112 23.5742493 0.5561268 -0.5659692 0.4060036 -0.4533907
1403636954.851666 -289.8491211 -222.2644653 23.6622314 0.5533156 -0.5656700 0.4088226 -0.4546686
1403636954.901666 -291.0147705 -223.2316742 23.7475891 0.5494567 -0.5665296 0.4098605 -0.4573358
1403636954.951667 -292.1843872 -224.2003021 23.8270264 0.5483292 -0.5657274 0.4117266 -0.4580054
1403636955.001667 -293.3591003 -225.1710815 23.9066162 0.5464134 -0.5679193 0.4126432 -0.4567558
1403636955.051666 -294.5369568 -226.1443481 23.9893188 0.5456141 -0.5688432 0.4136000 -0.4556947
1403636955.101666 -295.7183533 -227.1205444 24.0715942 0.5458280 -0.5682412 0.4160095 -0.4539930
1403636955.201667 -298.0887451 -229.0845947 24.2386475 0.5434088 -0.5710216 0.4185938 -0.4510218
1403636955.251667 -299.2816162 -230.0697784 24.3304443 0.5435920 -0.5731732 0.4170099 -0.4495364
1403636955.301666 -300.4749146 -231.0573273 24.4173584 0.5400828 -0.5707336 0.4215643 -0.4526116
1403636955.351666 -301.6698608 -232.0490875 24.5074768 0.5411982 -0.5734547 0.4207964 -0.4485363
1403636955.401666 -302.8712158 -233.0439453 24.6010742 0.5394985 -0.5749961 0.4210078 -0.4484119
1403636955.451667 -304.0761414 -234.0412598 24.6943970 0.5378054 -0.5741107 0.4243368 -0.4484425
1403636955.501667 -305.2844543 -235.0399780 24.7904663 0.5392463 -0.5787132 0.4201753 -0.4446991
1403636955.551666 -306.4928894 -236.0390930 24.8917847 0.5407537 -0.5795950 0.4195724 -0.4422828
1403636955.601666 -307.7060852 -237.0392761 24.9951477 0.5383044 -0.5790357 0.4221973 -0.4435036
1403636955.651666 -308.9236450 -238.0420074 25.0963745 0.5381333 -0.5795937 0.4228586 -0.4423509
1403636955.701667 -310.1454468 -239.0473633 25.1989746 0.5373608 -0.5804380 0.4229441 -0.4421013
1403636955.751667 -311.3735962 -240.0548096 25.3092651 0.5381446 -0.5837971 0.4199992 -0.4395247
1403636955.801666 -312.6045227 -241.0624390 25.4262390 0.5372605 -0.5812158 0.4230821 -0.4410680
1403636955.851666 -313.8353577 -242.0738220 25.5388489 0.5383478 -0.5813924 0.4219337 -0.4406093
1403636955.901666 -315.0679932 -243.0887756 25.6513062 0.5340934 -0.5821291 0.4220820 -0.4446535
1403636955.951667 -316.3019409 -244.1056213 25.7696838 0.5332698 -0.5865106 0.4181597 -0.4435889
1403636956.001667 -317.5370178 -245.1265259 25.8906250 0.5299100 -0.5872561 0.4164312 -0.4482306
1403636956.051666 -318.7757874 -246.1521606 26.0131226 0.5277573 -0.5925317 0.4092297 -0.4504548
1403636956.101666 -320.0162048 -247.1839447 26.1315918 0.5229993 -0.5942854 0.4062937 -0.4563136
1403636956.151666 -321.2585449 -248.2221222 26.2491150 0.5222033 -0.5972694 0.4030822 -0.4561772
1403636956.201667 -322.5028076 -249.2642822 26.3615417 0.5216447 -0.5997567 0.3998047 -0.4564373
1403636956.251667 -323.7483215 -250.3090820 26.4676208 0.5230629 -0.6040354 0.3944698 -0.4538063
1403636956.301666 -324.9991760 -251.3565063 26.5735779 0.5246485 -0.6032623 0.3966241 -0.4511185
1403636956.351666 -326.2521057 -252.4083405 26.6767273 0.5264421 -0.5988632 0.4044471 -0.4479332
1403636956.401666 -327.5085144 -253.4662018 26.7829285 0.5315953 -0.5994080 0.4054054 -0.4401853
1403636956.451667 -328.7727051 -254.5303345 26.9039917 0.5333958 -0.5967304 0.4103965 -0.4370085
1403636956.501667 -330.0443420 -255.6006165 27.0325928 0.5354811 -0.5920327 0.4147608 -0.4367274
1403636956.551666 -331.3191223 -256.6724548 27.1661987 0.5334477 -0.5872564 0.4192941 -0.4413117
1403636956.601666 -332.5946045 -257.7466431 27.3074036 0.5300577 -0.5796444 0.4226376 -0.4521377
1403636956.651666 -333.8748779 -258.8243408 27.4573059 0.5291519 -0.5716447 0.4222315 -0.4636174
1403636956.701667 -335.1643066 -259.9110413 27.6186829 0.5301906 -0.5664832 0.4182411 -0.4723018
1403636956.751667 -336.4621582 -261.0041809 27.7910156 0.5327163 -0.5613027 0.4114774 -0.4814966
1403636956.801666 -337.7669983 -262.0996704 27.9719238 0.5379086 -0.5562944 0.4025564 -0.4890188
1403636956.851666 -339.0773315 -263.1982727 28.1538391 0.5457371 -0.5514821 0.3926533 -0.4938237
1403636956.901666 -340.3919067 -264.2971191 28.3320007 -0.5550267 0.5436904 -0.3844768 0.4985217
1403636956.951667 -341.7052307 -265.3951721 28.4993286 -0.5644301 0.5358070 -0.3788183 0.5008255
1403636957.001667 -343.0239563 -266.4966431 28.6613770 -0.5759442 0.5238991 -0.3734074 0.5043659
1403636957.051666 -344.3502808 -267.6028137 28.8313904 -0.5844580 0.5086544 -0.3721167 0.5110859
1403636957.101666 -345.6805420 -268.7151794 29.0073853 -0.5933422 0.4953667 -0.3703933 0.5151364
1403636957.151666 -347.0200806 -269.8318481 29.1865845 -0.6042789 0.4852539 -0.3628977 0.5173789
1403636957.201667 -348.3653564 -270.9525452 29.3713379 -0.6128928 0.4740533 -0.3592119 0.5201951
1403636957.251667 -349.7146301 -272.0769348 29.5585938 -0.6195318 0.4641824 -0.3549573 0.5241379
1403636957.301666 -351.0698242 -273.2060547 29.7501831 -0.6260822 0.4573981 -0.3487283 0.5264946
1403636957.351666 -352.4310608 -274.3432922 29.9421387 -0.6292316 0.4469647 -0.3484664 0.5318472
1403636957.401666 -353.7956543 -275.4860229 30.1274414 -0.6342490 0.4439632 -0.3427865 0.5320925
1403636957.451667 -355.1598511 -276.6292725 30.3056641 -0.6370541 0.4397164 -0.3399233 0.5341009
1403636957.501667 -356.5275574 -277.7744751 30.4840698 -0.6388040 0.4390319 -0.3353124 0.5354869
1403636957.551666 -357.9000244 -278.9207764 30.6665039 -0.6406170 0.4365889 -0.3319317 0.5374212
1403636957.601666 -359.2754211 -280.0701294 30.8469238 -0.6422147 0.4332958 -0.3288569 0.5400632
1403636957.651666 -360.6535645 -281.2231445 31.0278931 -0.6438060 0.4294198 -0.3257025 0.5431671
1403636957.701667 -362.0338745 -282.3812866 31.2144775 -0.6462215 0.4248387 -0.3216519 0.5463058
1403636957.751667 -363.4167480 -283.5431519 31.3989258 -0.6487229 0.4180898 -0.3172686 0.5510901
1403636957.801666 -364.8009949 -284.7102966 31.5805664 -0.6536329 0.4108360 -0.3100701 0.5548282
1403636957.851666 -366.1887817 -285.8812256 31.7609253 -0.6590602 0.4018998 -0.3021747 0.5592912
1403636957.901666 -367.5811157 -287.0563965 31.9414673 -0.6672678 0.3927792 -0.2920525 0.5614122
1403636957.951667 -368.9805298 -288.2378235 32.1234131 -0.6737195 0.3782064 -0.2872405 0.5661758
1403636958.051666 -371.7906494 -290.6143188 32.4871826 -0.6868919 0.3536674 -0.2688376 0.5751741
1403636958.101666 -373.2002869 -291.8072815 32.6652222 -0.6932850 0.3395469 -0.2645531 0.5779926
1403636958.201667 -376.0242310 -294.1991577 33.0139771 -0.7043049 0.3175932 -0.2513110 0.5830370
1403636958.301666 -378.8595581 -296.6091003 33.3763123 -0.7118154 0.2961367 -0.2415962 0.5892821
1403636958.351666 -380.2824097 -297.8226013 33.5625305 -0.7146214 0.2857082 -0.2376447 0.5926316
1403636958.451667 -383.1374817 -300.2610474 33.9501648 -0.7197194 0.2708157 -0.2326172 0.5954428
1403636958.751667 -391.7591553 -307.6615906 35.0730286 -0.7280608 0.2533806 -0.2294367 0.5942091
1403636958.901666 -396.1080322 -311.4039917 35.6308594 -0.7301202 0.2565517 -0.2267208 0.5913574
1403636959.051666 -400.4886475 -315.1731567 36.2117310 -0.7264194 0.2604433 -0.2288781 0.5933792
1403636959.101666 -401.9516602 -316.4344482 36.4038696 -0.7267594 0.2621337 -0.2286473 0.5923067
1403636959.201667 -404.8909912 -318.9645691 36.7915039 -0.7297456 0.2673366 -0.2250052 0.5876862
1403636959.251667 -406.3696289 -320.2312927 36.9877319 -0.7293130 0.2675328 -0.2267965 0.5874454
1403636959.351666 -409.3326721 -322.7720642 37.3748169 -0.7277177 0.2616041 -0.2353260 0.5887376
1403636959.401666 -410.8208618 -324.0456848 37.5665283 -0.7272361 0.2604875 -0.2373564 0.5890128
1403636959.451667 -412.3112793 -325.3201294 37.7542725 -0.7266753 0.2594556 -0.2396487 0.5892320
1403636959.501667 -413.8035278 -326.5963440 37.9404907 -0.7246963 0.2579252 -0.2404597 0.5920042
1403636959.551666 -415.2950439 -327.8705750 38.1275024 -0.7185246 0.2597848 -0.2386637 0.5993946
1403636959.601666 -416.7913208 -329.1468811 38.3182373 -0.7167302 0.2625549 -0.2338996 0.6022073
1403636959.651666 -418.2913513 -330.4278564 38.5093994 -0.7158788 0.2633936 -0.2327673 0.6032916
1403636959.701667 -419.7946777 -331.7133484 38.7020874 -0.7162256 0.2651808 -0.2312751 0.6026706
1403636960.051666 -430.3773193 -340.8149414 40.0650635 -0.7261960 0.2736427 -0.2290060 0.5876355
1403636960.101666 -431.8968201 -342.1283875 40.2632446 -0.7250085 0.2740302 -0.2301407 0.5884771
1403636960.401666 -441.0898743 -350.0808716 41.4342651 -0.7234985 0.2600419 -0.2475091 0.5896334
1403636960.601666 -447.2839966 -355.4432373 42.2321167 -0.7219419 0.2463243 -0.2485896 0.5969316
1403636960.801666 -453.5466003 -360.8737183 42.9805298 -0.7227250 0.2436008 -0.2271556 0.6055804
1403636960.851666 -455.1215515 -362.2377930 43.1619263 -0.7238379 0.2401318 -0.2203027 0.6081629
1403636960.951667 -458.2854004 -364.9739990 43.5288086 -0.7343152 0.2285137 -0.2037847 0.6058338
1403636961.151666 -464.6478577 -370.5003357 44.3011475 -0.7444169 0.1806688 -0.1781998 0.6176140
1403636961.201667 -466.2435303 -371.8908081 44.4962158 -0.7482919 0.1687595 -0.1700381 0.6186005
1403636961.251667 -467.8447876 -373.2824707 44.6990356 -0.7527091 0.1563966 -0.1615489 0.6187659
1403636961.451667 -474.3036499 -378.8645630 45.5813904 -0.7558582 0.1166852 -0.1396772 0.6289303
1403636961.651666 -480.9062805 -384.3862915 46.6530457 -0.7592853 0.0901436 -0.1187652 0.6334469
1403636961.701667 -482.5892639 -385.7503662 46.9548950 -0.7610869 0.0812714 -0.1144061 0.6332874
1403636961.801666 -485.9753723 -388.4752197 47.5689392 -0.7628449 0.0645111 -0.1042197 0.6348576
1403636961.851666 -487.6803284 -389.8384094 47.8844299 -0.7631401 0.0532346 -0.1009914 0.6360692
1403636962.101666 -496.2377319 -396.7169189 49.4340515 -0.7660600 0.0045266 -0.0726141 0.6386382
1403636962.201667 -499.6791077 -399.4934998 50.0523376 -0.7675906 -0.0178256 -0.0613982 0.6377439
1403636962.301666 -503.1362915 -402.2910461 50.6712646 -0.7658222 -0.0423421 -0.0506737 0.6396527
1403636962.451667 -508.3449097 -406.5207214 51.5915833 -0.7687797 -0.0782847 -0.0339323 0.6337965
1403636962.551666 -511.8302917 -409.3565063 52.1970825 -0.7657591 -0.1051918 -0.0271833 0.6338839
1403636962.601666 -513.5755005 -410.7795105 52.4981079 -0.7649194 -0.1182549 -0.0241354 0.6327177
1403636962.651666 -515.3223267 -412.2045288 52.8017273 -0.7635179 -0.1313503 -0.0203765 0.6319592
1403636962.851666 -522.3648682 -417.9389038 53.9905090 -0.7603828 -0.1656724 -0.0153503 0.6278018
1403636962.901666 -524.1320801 -419.3804321 54.2906494 -0.7587990 -0.1700277 -0.0105168 0.6286525
1403636963.051666 -529.4599609 -423.7187500 55.1870117 -0.7536790 -0.1675390 0.0043707 0.6355153
1403636963.151666 -533.0383301 -426.6172485 55.7805481 -0.7494870 -0.1648212 0.0083939 0.6411185
1403636963.301666 -538.4255981 -430.9827881 56.6644592 -0.7554700 -0.1574876 0.0121508 0.6358577
1403636963.401666 -542.0299072 -433.9165649 57.2505798 -0.7601241 -0.1502841 0.0147174 0.6319885
1403636963.601666 -549.2759399 -439.8429565 58.4559937 -0.7646794 -0.1444429 0.0066273 0.6279790
1403636963.751667 -554.7454834 -444.3237915 59.3589783 -0.7651065 -0.1401960 0.0009841 0.6284555
1403636964.101666 -567.6539917 -454.8766785 61.4060974 -0.7621575 -0.1353827 -0.0026111 0.6330724
1403636964.201667 -571.3815918 -457.9177246 61.9840088 -0.7600027 -0.1362276 -0.0027661 0.6354765
1403636964.301666 -575.1265259 -460.9726868 62.5494080 -0.7585121 -0.1386865 -0.0048204 0.6367121
1403636964.401666 -578.8920898 -464.0277405 63.0962830 -0.7586859 -0.1400812 -0.0047964 0.6361998
1403636964.551666 -584.5741577 -468.6437378 63.9089355 -0.7602096 -0.1460345 -0.0060062 0.6330239
1403636964.701667 -590.2781982 -473.3412476 64.6962280 -0.7572276 -0.1654582 -0.0060976 0.6318170
1403636964.801666 -594.0928955 -476.4983521 65.1921387 -0.7547617 -0.1826055 -0.0016653 0.6300693
1403636964.901666 -597.9165649 -479.6781006 65.6795044 -0.7517373 -0.1975582 0.0168219 0.6289506
1403636965.001667 -601.7481689 -482.8778381 66.1593018 -0.7463999 -0.2178678 0.0327006 0.6279742
1403636965.101666 -605.5922852 -486.0996399 66.6430054 -0.7451118 -0.2362775 0.0480413 0.6218309
1403636965.201667 -609.4473267 -489.3436584 67.1416321 -0.7499734 -0.2475853 0.0613454 0.6103100
1403636965.301666 -613.3096313 -492.6082153 67.6585999 -0.7581449 -0.2610317 0.0619547 0.5943402
1403636965.401666 -617.1774292 -495.8785706 68.1651001 -0.7686102 -0.2684284 0.0621964 0.5773353
1403636965.501667 -621.0552368 -499.1591492 68.6897278 -0.7771234 -0.2694572 0.0660693 0.5648955
1403636965.601666 -624.9557495 -502.4403381 69.2299805 -0.7770014 -0.2613318 0.0792033 0.5671874
1403636965.701667 -628.7927246 -505.7873230 69.7430725 -0.7665179 -0.2539046 0.0945084 0.5822808
1403636965.801666 -632.5332642 -509.2126465 70.1753540 -0.7571031 -0.2471850 0.1049255 0.5955545
1403636965.901666 -636.2506714 -512.6600342 70.5798645 -0.7516134 -0.2502348 0.0977988 0.6024079
1403636966.101666 -643.6605225 -519.6403809 71.3255005 -0.7440280 -0.2560194 0.0869388 0.6109976
1403636966.201667 -647.3643799 -523.1604004 71.6784973 -0.7470872 -0.2561478 0.0820079 0.6078846
1403636966.301666 -651.0774536 -526.7081299 72.0386963 -0.7418162 -0.2541390 0.0843927 0.6148171
1403636966.451667 -656.6682739 -532.0578613 72.5525818 -0.7448599 -0.2405320 0.1044467 0.6135300
1403636966.551666 -660.4104004 -535.6427612 72.8928223 -0.7499200 -0.2307393 0.1154851 0.6091328
1403636966.751667 -667.8679810 -542.8726807 73.5251770 -0.7467644 -0.2383830 0.0960427 0.6134267
1403636966.951667 -675.3349609 -550.1813354 74.1629333 -0.7510641 -0.2330316 0.0958568 0.6102546
1403636967.051666 -679.0836182 -553.8535767 74.4913635 -0.7529387 -0.2321792 0.0939283 0.6085668
1403636967.251667 -686.5364380 -561.2655029 75.0925598 -0.7545165 -0.2339083 0.0841980 0.6073734
1403636967.351666 -690.2478027 -564.9984741 75.3653870 -0.7561433 -0.2342628 0.0791551 0.6058900
1403636967.551666 -697.6907349 -572.5247192 75.9501343 -0.7565686 -0.2338160 0.0762152 0.6059086
1403636967.651666 -701.4185181 -576.3076782 76.2495117 -0.7566845 -0.2319481 0.0733843 0.6068305
1403636967.751667 -705.1589355 -580.1029053 76.5463562 -0.7587392 -0.2313318 0.0711737 0.6047601
1403636967.851666 -708.9072266 -583.9066162 76.8232727 -0.7561507 -0.2299262 0.0728799 0.6083245
1403636967.951667 -712.6611328 -587.7109985 77.0825806 -0.7544327 -0.2295610 0.0729222 0.6105861
1403636968.151666 -720.1867065 -595.3567505 77.5867615 -0.7591212 -0.2255767 0.0756215 0.6059138
1403636968.251667 -723.9531250 -599.1940308 77.8279114 -0.7578185 -0.2254119 0.0756680 0.6075976
1403636968.351666 -727.7165527 -603.0594482 78.0824890 -0.7625197 -0.2243162 0.0740070 0.6023030
1403636968.551666 -735.2684326 -610.8383789 78.6401367 -0.7678864 -0.2221684 0.0758400 0.5960201
1403636968.651666 -739.0565796 -614.7428589 78.9327698 -0.7703983 -0.2246708 0.0696939 0.5925811
1403636968.751667 -742.8454590 -618.6570435 79.2208862 -0.7695811 -0.2277412 0.0645316 0.5930551
1403636968.851666 -746.6389160 -622.5802002 79.5138245 -0.7689239 -0.2288993 0.0616790 0.5937650
1403636968.951667 -750.4416504 -626.5073242 79.7860413 -0.7686815 -0.2276534 0.0636717 0.5943473
1403636969.051666 -754.2559814 -630.4346924 80.0515442 -0.7683507 -0.2225674 0.0695933 0.5960350
1403636969.151666 -758.0803223 -634.3743286 80.3263855 -0.7715347 -0.2189039 0.0742585 0.5927066
1403636969.251667 -761.9113159 -638.3231201 80.6066895 -0.7776405 -0.2179589 0.0740649 0.5850502
1403636969.351666 -765.7438965 -642.2734375 80.8770752 -0.7799569 -0.2181755 0.0737550 0.5819167
1403636969.451667 -769.5865479 -646.2268677 81.1529846 -0.7844602 -0.2177534 0.0725896 0.5761393
1403636969.651666 -777.2940674 -654.1372681 81.6407471 -0.7854007 -0.2167421 0.0699627 0.5755640
1403636969.751667 -781.1591797 -658.0984497 81.8551941 -0.7853035 -0.2151426 0.0702253 0.5762643
1403636969.851666 -785.0291748 -662.0556030 82.0574951 -0.7865502 -0.2148954 0.0692537 0.5747718
1403636969.951667 -788.9042969 -666.0134277 82.2548218 -0.7837069 -0.2164190 0.0677401 0.5782540
1403636970.151666 -796.6930542 -673.9556274 82.6416931 -0.7762218 -0.2107500 0.0756299 0.5893592
1403636970.351666 -804.5246582 -681.9459229 83.0030212 -0.7732494 -0.2115532 0.0772147 0.5927634
1403636970.401666 -806.4876709 -683.9542847 83.0939636 -0.7769088 -0.2119679 0.0761737 0.5879455
1403636970.501667 -810.4186401 -687.9785156 83.2862244 -0.7852754 -0.2095436 0.0787290 0.5772658
1403636970.601666 -814.3511963 -692.0007935 83.4912415 -0.7891331 -0.2120973 0.0755888 0.5714632
1403636970.651666 -816.3189697 -694.0132446 83.5959167 -0.7911869 -0.2128345 0.0749152 0.5684299
1403636970.751667 -820.2622681 -698.0398560 83.8069458 -0.7937085 -0.2137635 0.0745343 0.5646031
1403636970.851666 -824.2144165 -702.0645752 84.0051880 -0.7973421 -0.2164657 0.0730709 0.5586134
1403636970.951667 -828.1690674 -706.1039429 84.2162476 -0.8026752 -0.2176766 0.0738825 0.5503371
1403636971.051666 -832.1263428 -710.1472168 84.4247742 -0.8021541 -0.2134448 0.0821256 0.5515844
1403636971.151666 -836.0861816 -714.1962891 84.6296387 -0.7996709 -0.2070178 0.0940383 0.5557219
1403636971.251667 -840.0496826 -718.2397461 84.8323975 -0.7974194 -0.1978754 0.1074096 0.5598490
1403636971.351666 -844.0182495 -722.2783203 85.0395508 -0.7966839 -0.1881179 0.1204924 0.5615942
1403636971.451667 -847.9925537 -726.3165894 85.2421265 -0.7928571 -0.1884890 0.1217790 0.5665857
1403636971.551666 -851.9730225 -730.3503418 85.4401245 -0.7913588 -0.1925332 0.1176259 0.5681958
1403636971.651666 -855.9434814 -734.3916016 85.6307373 -0.7866437 -0.1986104 0.1089888 0.5743406
1403636971.751667 -859.9141235 -738.4425659 85.8062744 -0.7815766 -0.2046059 0.1012925 0.5805294
1403636971.851666 -863.8889160 -742.5081787 85.9736328 -0.7771332 -0.2060837 0.1011863 0.5859650
1403636971.951667 -867.8718262 -746.5855713 86.1422119 -0.7772011 -0.2061914 0.1006541 0.5859287
1403636972.051666 -871.8537598 -750.6667480 86.3002319 -0.7779815 -0.2074974 0.1001875 0.5845102
1403636972.151666 -875.8447266 -754.7598877 86.4724731 -0.7807121 -0.2092993 0.0952797 0.5810372
1403636972.251667 -879.8459473 -758.8588257 86.6361084 -0.7852787 -0.2055144 0.0993672 0.5755237
1403636972.351666 -883.8485107 -762.9670410 86.8104248 -0.7928511 -0.2074940 0.0940788 0.5652279
1403636972.451667 -887.8558350 -767.0886230 87.0014038 -0.7947154 -0.2096132 0.0888667 0.5626654
1403636972.551666 -891.8670654 -771.2098389 87.1991577 -0.7953256 -0.2098662 0.0872249 0.5619653
1403636972.651666 -895.8872681 -775.3314209 87.3928223 -0.7917227 -0.2117775 0.0837314 0.5668462
1403636972.751667 -899.9185181 -779.4472046 87.5845337 -0.7925760 -0.2112526 0.0815206 0.5661716
1403636972.851666 -903.9587402 -783.5707397 87.7684326 -0.7930057 -0.2106386 0.0805540 0.5659369
1403636972.951667 -908.0065308 -787.6983032 87.9528809 -0.7951283 -0.2066912 0.0759268 0.5650531
1403636973.051666 -912.0668335 -791.8310547 88.1362305 -0.7989586 -0.1983105 0.0684336 0.5636089
1403636973.151666 -916.1337280 -795.9678955 88.3151245 -0.8038698 -0.1891614 0.0595316 0.5607738
1403636973.251667 -920.2038574 -800.1119995 88.4886475 -0.8063514 -0.1821292 0.0543767 0.5600621
1403636973.351666 -924.2820435 -804.2644043 88.6530151 -0.8081819 -0.1756260 0.0495425 0.5599493
1403636973.451667 -928.3653564 -808.4237671 88.8267212 -0.8088860 -0.1707854 0.0478653 0.5605754
1403636973.551666 -932.4560547 -812.5827026 89.0132446 -0.8092061 -0.1677881 0.0403367 0.5616100
1403636973.651666 -936.5622559 -816.7426758 89.2024536 -0.8067974 -0.1659193 0.0389558 0.5657129
1403636973.751667 -940.6725464 -820.9047241 89.3887939 -0.8026596 -0.1656448 0.0390274 0.5716435
1403636973.851666 -944.7905273 -825.0700073 89.5816040 -0.8008177 -0.1664268 0.0375103 0.5740960
1403636973.951667 -948.9185181 -829.2449951 89.7814941 -0.8031642 -0.1637944 0.0381363 0.5715280
1403636974.051666 -953.0516357 -833.4327393 89.9887085 -0.8069233 -0.1585234 0.0381866 0.5677033
1403636974.151666 -957.1917114 -837.6212158 90.1960449 -0.8119124 -0.1482735 0.0324397 0.5637029
1403636974.251667 -961.3309937 -841.8098755 90.3679810 -0.8140756 -0.1340275 0.0167311 0.5648341
1403636974.351666 -965.4702759 -845.9981079 90.5131836 -0.8153765 -0.1162744 -0.0047360 0.5671147
1403636974.451667 -969.6217651 -850.1869507 90.6271362 -0.8130227 -0.0926783 -0.0194388 0.5744799
1403636974.551666 -973.7838135 -854.3755493 90.7288818 -0.8091329 -0.0666518 -0.0371732 0.5826488
1403636974.651666 -977.9577637 -858.5682373 90.8425903 -0.8062043 -0.0400151 -0.0556923 0.5876495
1403636974.751667 -982.1390991 -862.7661743 90.9573975 -0.8082380 -0.0133301 -0.0712358 0.5843794
1403636974.851666 -986.3340454 -866.9697876 91.0883789 -0.8088494 0.0141689 -0.0800121 0.5823745
1403636974.951667 -990.5405273 -871.1790771 91.2335205 -0.8102081 0.0420355 -0.0851984 0.5783918
1403636975.051666 -994.7538452 -875.3847656 91.3822021 -0.8079085 0.0653424 -0.0933588 0.5781854
1403636975.151666 -998.9732666 -879.5958252 91.5419922 -0.8015075 0.0791299 -0.1075735 0.5828826
1403636975.251667 -1003.1985474 -883.8052368 91.6943359 -0.7954592 0.0860607 -0.1200839 0.5877227
1403636975.401666 -1009.5391846 -890.1273804 91.9265137 -0.7889149 0.0895716 -0.1298058 0.5939198
1403636975.501667 -1013.7604370 -894.3416138 92.0598145 -0.7844442 0.0888334 -0.1348942 0.5987985
1403636975.601666 -1017.9848022 -898.5574341 92.1778564 -0.7880298 0.0895363 -0.1349684 0.5939493
1403636975.801666 -1026.4576416 -906.9980469 92.4327393 -0.7890384 0.0882795 -0.1289872 0.5941275
1403636975.901666 -1030.7091064 -911.2263794 92.5855713 -0.7917021 0.0938004 -0.1320651 0.5890400
1403636976.001667 -1034.9682617 -915.4586182 92.7354736 -0.7917162 0.1081923 -0.1361469 0.5856142
1403636976.101666 -1039.2314453 -919.6800537 92.8780518 -0.7843056 0.1296014 -0.1375853 0.5908794
1403636976.201667 -1043.4945068 -923.9023438 93.0206299 -0.7723011 0.1569788 -0.1368628 0.6001477
1403636976.301666 -1047.7600098 -928.1327515 93.1564941 -0.7638176 0.1830249 -0.1428858 0.6022194
1403636976.401666 -1052.0270996 -932.3760376 93.2882080 -0.7537857 0.2093960 -0.1541629 0.6034851
1403636976.501667 -1056.2915039 -936.6312866 93.4230957 -0.7457278 0.2305959 -0.1740002 0.6003662
1403636976.601666 -1060.5678711 -940.9042969 93.5576172 -0.7407605 0.2400263 -0.1970923 0.5956643
1403636976.701667 -1064.8551025 -945.1909790 93.6828613 -0.7401651 0.2486818 -0.2131200 0.5872758
1403636976.801666 -1069.1567383 -949.4940186 93.8051758 -0.7394406 0.2569652 -0.2185967 0.5825906
1403636976.951667 -1075.6298828 -955.9758911 94.0083008 -0.7423832 0.2664832 -0.2155623 0.5756621
1403636977.051666 -1079.9566650 -960.3145752 94.1612549 -0.7434038 0.2683840 -0.2151896 0.5735978
1403636977.251667 -1088.6352539 -969.0421143 94.4931641 -0.7439070 0.2699132 -0.2087530 0.5746055
1403636977.351666 -1092.9719238 -973.4240112 94.6798096 -0.7423632 0.2645423 -0.2104306 0.5784750
1403636977.451667 -1097.3139648 -977.7965088 94.8569336 -0.7397466 0.2590067 -0.2127471 0.5834631
1403636977.551666 -1101.6684570 -982.1757812 95.0045166 -0.7391855 0.2537301 -0.2145076 0.5858433
1403636977.651666 -1106.0435791 -986.5679932 95.1439209 -0.7370024 0.2534012 -0.2139167 0.5889441
1403636977.751667 -1110.4237061 -990.9667358 95.2592773 -0.7364608 0.2582340 -0.2121924 0.5881455
1403636977.851666 -1114.8114014 -995.3764648 95.3542480 -0.7329075 0.2641225 -0.2105269 0.5905628
1403636977.951667 -1119.2082520 -999.8018799 95.4300537 -0.7290108 0.2666129 -0.2135770 0.5931659
1403636978.051666 -1123.6071777 -1004.2425537 95.4865723 -0.7285006 0.2636386 -0.2230670 0.5916272
1403636978.151666 -1128.0118408 -1008.6853027 95.5384521 -0.7287654 0.2636660 -0.2276941 0.5895224
1403636978.251667 -1132.4221191 -1013.1379395 95.5910645 -0.7313861 0.2634681 -0.2322814 0.5845547
1403636978.351666 -1136.8419189 -1017.6008911 95.6479492 -0.7326615 0.2649976 -0.2345782 0.5813402
1403636978.451667 -1141.2749023 -1022.0707397 95.7216797 -0.7391034 0.2657478 -0.2358503 0.5722578
1403636978.551666 -1145.7180176 -1026.5421143 95.7847900 -0.7418555 0.2664748 -0.2394688 0.5668300
1403636978.651666 -1150.1748047 -1031.0150146 95.8394775 -0.7480527 0.2672089 -0.2379859 0.5589091
1403636978.751667 -1154.6499023 -1035.4951172 95.9079590 -0.7514109 0.2703263 -0.2373205 0.5531585
1403636978.851666 -1159.1353760 -1039.9787598 95.9753418 -0.7519482 0.2700644 -0.2383272 0.5521223
1403636978.951667 -1163.6245117 -1044.4578857 96.0482178 -0.7460678 0.2678659 -0.2408766 0.5600083
1403636979.051666 -1168.1279297 -1048.9486084 96.1210938 -0.7360480 0.2619472 -0.2462792 0.5735535
1403636979.151666 -1172.6486816 -1053.4649658 96.1926270 -0.7293789 0.2579331 -0.2496358 0.5823736
1403636979.251667 -1177.1909180 -1057.9940186 96.2567139 -0.7322258 0.2602963 -0.2477894 0.5785255
1403636979.351666 -1181.7526855 -1062.5334473 96.3234863 -0.7401915 0.2621338 -0.2462618 0.5681176
1403636979.451667 -1186.3344727 -1067.0852051 96.3928223 -0.7477725 0.2652737 -0.2445199 0.5573835
1403636979.551666 -1190.9284668 -1071.6408691 96.4664307 -0.7548271 0.2658689 -0.2444736 0.5475240
1403636979.601666 -1193.2266846 -1073.9180908 96.5021973 -0.7550939 0.2664390 -0.2442040 0.5469989
1403636979.701667 -1197.8300781 -1078.4725342 96.5770264 -0.7589628 0.2658809 -0.2477196 0.5402942
1403636979.951667 -1209.3930664 -1089.8505859 96.7418213 -0.7542344 0.2655165 -0.2554912 0.5434664
1403636980.051666 -1214.0498047 -1094.4113770 96.8149414 -0.7521579 0.2676581 -0.2571599 0.5445057
1403636980.151666 -1218.7215576 -1098.9750977 96.8986816 -0.7498384 0.2688845 -0.2588126 0.5463147
1403636980.251667 -1223.4152832 -1103.5452881 96.9963379 -0.7486432 0.2721167 -0.2573900 0.5470248
1403636980.351666 -1228.1237793 -1108.1217041 97.0861816 -0.7441909 0.2708723 -0.2594563 0.5527120
1403636980.451667 -1232.8471680 -1112.6983643 97.1688232 -0.7408149 0.2726843 -0.2572566 0.5573649
1403636980.551666 -1237.5944824 -1117.2850342 97.2480469 -0.7359835 0.2740914 -0.2542948 0.5643902
1403636980.651666 -1242.3516846 -1121.8786621 97.3183594 -0.7328478 0.2737241 -0.2509581 0.5701135
1403636980.751667 -1247.1187744 -1126.4836426 97.3990479 -0.7317059 0.2700834 -0.2525555 0.5726057
1403636980.951667 -1256.6901855 -1135.7281494 97.5926514 -0.7412421 0.2663964 -0.2562857 0.5602774
1403636981.051666 -1261.4932861 -1140.3612061 97.6763916 -0.7418923 0.2661113 -0.2548172 0.5602220
1403636981.151666 -1266.3110352 -1145.0031738 97.7531738 -0.7437399 0.2728179 -0.2481143 0.5575489
1403636981.251667 -1271.1457520 -1149.6564941 97.8222656 -0.7368964 0.2759132 -0.2431946 0.5671967
1403636981.351666 -1275.9907227 -1154.3223877 97.8920898 -0.7303747 0.2848198 -0.2312318 0.5761618
1403636981.451667 -1280.8393555 -1159.0067139 97.9649658 -0.7315441 0.2874752 -0.2314972 0.5732455
1403636981.551666 -1285.6978760 -1163.6967773 98.0451660 -0.7353916 0.2837013 -0.2421528 0.5657516
1403636981.651666 -1290.5642090 -1168.3917236 98.1192627 -0.7417075 0.2785479 -0.2540501 0.5547429
1403636981.751667 -1295.4404297 -1173.0841064 98.1873779 -0.7443630 0.2789160 -0.2593036 0.5485356
1403636981.851666 -1300.3327637 -1177.7821045 98.2882080 -0.7474520 0.2820801 -0.2597628 0.5424663
1403636981.951667 -1305.2314453 -1182.4807129 98.4010010 -0.7534468 0.2851688 -0.2594580 0.5326146
1403636982.051666 -1310.1405029 -1187.1782227 98.5109863 -0.7572380 0.2905901 -0.2554918 0.5261862
1403636982.151666 -1315.0601807 -1191.8774414 98.6196289 -0.7604526 0.2951022 -0.2508917 0.5212293
1403636982.251667 -1319.9876709 -1196.5773926 98.7275391 -0.7596961 0.2995797 -0.2446418 0.5227469
1403636982.351666 -1324.9305420 -1201.2852783 98.8488770 -0.7535499 0.3007773 -0.2424668 0.5318885
1403636982.451667 -1329.8859863 -1206.0028076 98.9777832 -0.7459244 0.3013008 -0.2409429 0.5429191
1403636982.551666 -1334.8505859 -1210.7276611 99.1186523 -0.7381440 0.2975409 -0.2436027 0.5543200
1403636982.651666 -1339.8198242 -1215.4571533 99.2658691 -0.7373575 0.2967581 -0.2420042 0.5564823
1403636982.751667 -1344.7949219 -1220.1938477 99.4155273 -0.7401185 0.2956324 -0.2410426 0.5538273
1403636982.851666 -1349.7819824 -1224.9375000 99.5683594 -0.7450206 0.2944800 -0.2417200 0.5475376
1403636982.951667 -1354.7788086 -1229.6870117 99.7167969 -0.7456490 0.2899725 -0.2467081 0.5468627
1403636983.051666 -1359.7902832 -1234.4461670 99.8525391 -0.7445683 0.2895513 -0.2475947 0.5481559
1403636983.151666 -1364.8093262 -1239.2138672 99.9860840 -0.7386711 0.2844707 -0.2528710 0.5563252
1403636983.251667 -1369.8349609 -1243.9987793 100.1269531 -0.7392887 0.2820882 -0.2572499 0.5547081
1403636983.351666 -1374.8684082 -1248.7905273 100.2656250 -0.7377865 0.2808988 -0.2589982 0.5564952
1403636983.451667 -1379.9123535 -1253.5900879 100.4277344 -0.7376454 0.2809482 -0.2600801 0.5561527
1403636983.551666 -1384.9725342 -1258.3986816 100.6132812 -0.7390159 0.2853786 -0.2595505 0.5523116
1403636983.701667 -1392.5881348 -1265.6257324 100.9147949 -0.7433718 0.2922680 -0.2559232 0.5445008
1403636983.851666 -1400.2198486 -1272.8647461 101.2302246 -0.7482713 0.2950326 -0.2578511 0.5353118
1403636984.001667 -1407.8785400 -1280.1149902 101.5424805 -0.7540717 0.2989135 -0.2551525 0.5262356
1403636984.151666 -1415.5600586 -1287.3710938 101.8571777 -0.7549699 0.3033030 -0.2546037 0.5226900
1403636984.251667 -1420.6868896 -1292.2099609 102.0478516 -0.7497254 0.3018045 -0.2579913 0.5294020
1403636984.401666 -1428.3842773 -1299.4692383 102.2922363 -0.7444049 0.3010199 -0.2635787 0.5345789
1403636984.501667 -1433.5280762 -1304.3110352 102.4577637 -0.7408346 0.3003856 -0.2647323 0.5393046
1403636984.601666 -1438.6828613 -1309.1633301 102.6218262 -0.7376544 0.2979783 -0.2679618 0.5433888
1403636984.751667 -1446.4328613 -1316.4550781 102.9011230 -0.7360265 0.2979543 -0.2670337 0.5460598
1403636984.901666 -1454.2038574 -1323.7615967 103.2351074 -0.7344679 0.3028927 -0.2581949 0.5496804
1403636985.001667 -1459.3979492 -1328.6348877 103.4707031 -0.7333197 0.3021066 -0.2594521 0.5510521
1403636985.101666 -1464.5930176 -1333.5146484 103.7124023 -0.7358746 0.3010498 -0.2614013 0.5472907
1403636985.201667 -1469.7963867 -1338.4022217 103.9465332 -0.7379509 0.3004546 -0.2628654 0.5441115
1403636985.301666 -1475.0148926 -1343.2969971 104.1662598 -0.7362598 0.2978665 -0.2675815 0.5455248
1403636985.401666 -1480.2379150 -1348.1931152 104.3706055 -0.7384999 0.2955157 -0.2659591 0.5445680
1403636985.551666 -1488.0941162 -1355.5529785 104.6887207 -0.7454904 0.2806929 -0.2626062 0.5445122
1403636985.701667 -1495.9772949 -1362.9245605 105.0383301 -0.7481679 0.2664466 -0.2633766 0.5476165
1403636985.801666 -1501.2500000 -1367.8457031 105.2888184 -0.7485472 0.2592793 -0.2635863 0.5504305
1403636985.901666 -1506.5383301 -1372.7695312 105.5327148 -0.7396203 0.2499745 -0.2678838 0.5645466
1403636986.001667 -1511.8359375 -1377.7014160 105.7568359 -0.7283908 0.2437271 -0.2693495 0.5809430
1403636986.151666 -1519.8056641 -1385.0999756 106.0541992 -0.7350597 0.2465058 -0.2655192 0.5730809
1403636986.251667 -1525.1451416 -1390.0249023 106.2539062 -0.7432947 0.2487891 -0.2625380 0.5627530
1403636986.351666 -1530.5007324 -1394.9561768 106.4462891 -0.7518616 0.2518086 -0.2589311 0.5515897
1403636986.451667 -1535.8710938 -1399.8911133 106.6379395 -0.7538738 0.2569464 -0.2510054 0.5501356
1403636986.651666 -1546.6477051 -1409.7697754 107.0607910 -0.7497068 0.2617612 -0.2397649 0.5585102
1403636986.751667 -1552.0458984 -1414.7144775 107.2880859 -0.7463825 0.2652807 -0.2334432 0.5639536
1403636986.851666 -1557.4517822 -1419.6635742 107.5300293 -0.7463207 0.2696442 -0.2295728 0.5635546
1403636986.951667 -1562.8579102 -1424.6143799 107.7465820 -0.7415357 0.2681270 -0.2313949 0.5698150
1403636987.051666 -1568.2775879 -1429.5789795 107.9814453 -0.7419984 0.2656220 -0.2347866 0.5689978
1403636987.151666 -1573.7054443 -1434.5581055 108.2211914 -0.7405622 0.2643999 -0.2391346 0.5696271
1403636987.401666 -1587.3092041 -1447.0283203 108.7900391 -0.7346653 0.2600695 -0.2449415 0.5767447
1403636987.501667 -1592.7615967 -1452.0244141 109.0048828 -0.7328567 0.2540090 -0.2462334 0.5811796
1403636987.601666 -1598.2204590 -1457.0296631 109.2033691 -0.7321088 0.2493654 -0.2486894 0.5830843
1403636987.701667 -1603.6905518 -1462.0401611 109.3925781 -0.7319759 0.2449938 -0.2487520 0.5850743
1403636987.801666 -1609.1691895 -1467.0583496 109.5788574 -0.7311623 0.2424398 -0.2453982 0.5885614
1403636987.951667 -1617.4099121 -1474.6059570 109.8618164 -0.7317340 0.2450713 -0.2364077 0.5904379
1403636988.051666 -1622.9182129 -1479.6538086 110.0661621 -0.7354984 0.2496443 -0.2258933 0.5879558
1403636988.151666 -1628.4370117 -1484.7164307 110.2722168 -0.7356976 0.2543630 -0.2191385 0.5882405
1403636988.251667 -1633.9594727 -1489.7829590 110.4626465 -0.7358773 0.2586747 -0.2131666 0.5883299
1403636988.351666 -1639.4919434 -1494.8598633 110.6560059 -0.7305321 0.2601677 -0.2121658 0.5946607
1403636988.451667 -1645.0267334 -1499.9541016 110.8461914 -0.7260687 0.2590846 -0.2143713 0.5997870
1403636988.551666 -1650.5690918 -1505.0640869 111.0439453 -0.7233166 0.2585373 -0.2158345 0.6028160
1403636988.651666 -1656.1210938 -1510.1954346 111.2504883 -0.7237865 0.2592969 -0.2149896 0.6022274
1403636988.751667 -1661.6785889 -1515.3439941 111.4453125 -0.7217820 0.2576436 -0.2166020 0.6047597
1403636988.851666 -1667.2429199 -1520.5159912 111.6223145 -0.7186354 0.2566989 -0.2165748 0.6089042
1403636988.951667 -1672.8115234 -1525.7109375 111.7812500 -0.7143785 0.2552335 -0.2176144 0.6141361
1403636989.051666 -1678.3785400 -1530.9228516 111.9238281 -0.7108189 0.2545953 -0.2176047 0.6185192
1403636989.151666 -1683.9460449 -1536.1463623 112.0703125 -0.7104407 0.2558698 -0.2185692 0.6180876
1403636989.251667 -1689.5280762 -1541.3905029 112.2165527 -0.7125366 0.2552830 -0.2230674 0.6142989
1403636989.351666 -1695.1245117 -1546.6585693 112.3730469 -0.7213155 0.2543735 -0.2322922 0.6008648
1403636989.451667 -1700.7329102 -1551.9382324 112.5368652 -0.7289472 0.2556795 -0.2357205 0.5896608
1403636989.551666 -1706.3618164 -1557.2344971 112.7312012 -0.7348895 0.2586137 -0.2347709 0.5813253
1403636989.651666 -1712.0034180 -1562.5468750 112.9284668 -0.7379771 0.2559973 -0.2399921 0.5764191
1403636989.751667 -1717.6538086 -1567.8715820 113.0979004 -0.7413892 0.2549870 -0.2454119 0.5701727
1403636989.851666 -1723.3166504 -1573.2120361 113.2568359 -0.7416583 0.2544001 -0.2468724 0.5694538
1403636989.951667 -1728.9843750 -1578.5595703 113.4116211 -0.7371667 0.2544992 -0.2457006 0.5757141
1403636990.051666 -1734.6635742 -1583.9180908 113.5646973 -0.7336038 0.2541366 -0.2469799 0.5798630
1403636990.151666 -1740.3574219 -1589.2916260 113.7304688 -0.7286599 0.2521169 -0.2481015 0.5864618
1403636990.251667 -1746.0682373 -1594.6793213 113.9152832 -0.7306731 0.2515501 -0.2491264 0.5837598
1403636990.401666 -1754.6629639 -1602.7868652 114.2238770 -0.7332489 0.2493566 -0.2480755 0.5819158
1403636990.501667 -1760.4069824 -1608.2050781 114.4384766 -0.7349227 0.2495186 -0.2449645 0.5810520
1403636990.651666 -1769.0307617 -1616.3552246 114.7360840 -0.7370460 0.2452456 -0.2447509 0.5802714
1403636990.801666 -1777.6569824 -1624.5295410 115.0217285 -0.7364750 0.2388404 -0.2493777 0.5816963
1403636990.901666 -1783.4135742 -1630.0015869 115.1828613 -0.7351761 0.2421017 -0.2463229 0.5832906
1403636991.001667 -1789.1707764 -1635.4826660 115.3125000 -0.7349936 0.2385598 -0.2494578 0.5836475
1403636991.101666 -1794.9382324 -1640.9750977 115.4335938 -0.7330727 0.2384517 -0.2499173 0.5859067
1403636991.201667 -1800.7163086 -1646.4757080 115.5437012 -0.7351476 0.2386180 -0.2525030 0.5821184
1403636991.301666 -1806.5029297 -1651.9815674 115.6420898 -0.7384564 0.2385100 -0.2545016 0.5770824
1403636991.401666 -1812.3020020 -1657.4935303 115.7370605 -0.7367646 0.2385767 -0.2538716 0.5794898
1403636991.501667 -1818.1130371 -1663.0123291 115.8374023 -0.7376307 0.2389852 -0.2567687 0.5769375
1403636991.651666 -1826.8566895 -1671.3109131 116.0000000 -0.7393705 0.2460352 -0.2547680 0.5726178
1403636991.751667 -1832.6839600 -1676.8505859 116.0966797 -0.7356879 0.2510946 -0.2498622 0.5773073
1403636991.851666 -1838.5170898 -1682.4050293 116.2124023 -0.7350056 0.2585815 -0.2454994 0.5767429
1403636992.051666 -1850.2189941 -1693.5922852 116.4184570 -0.7306457 0.2582961 -0.2541309 0.5786688
1403636992.151666 -1856.0845947 -1699.2259521 116.5126953 -0.7292919 0.2574028 -0.2613651 0.5775513
1403636992.251667 -1861.9642334 -1704.8707275 116.5993652 -0.7264395 0.2548713 -0.2685894 0.5789525
1403636992.651666 -1885.5214844 -1727.5512695 116.9079590 -0.7327840 0.2631491 -0.2740428 0.5645182
1403636992.851666 -1897.3367920 -1738.9401855 117.1206055 -0.7327062 0.2645658 -0.2796941 0.5611753
1403636993.001667 -1906.2456055 -1747.4947510 117.2614746 -0.7315333 0.2662182 -0.2829822 0.5602750
1403636993.151666 -1915.1875000 -1756.0582275 117.3789062 -0.7242702 0.2641718 -0.2794881 0.5723047
1403636993.301666 -1924.1796875 -1764.6406250 117.5229492 -0.7267008 0.2528900 -0.2676258 0.5799389
1403636993.701667 -1948.3120117 -1787.5800781 118.0913086 -0.7462265 0.1919765 -0.2292516 0.5947559
1403636993.851666 -1957.3896484 -1796.1982422 118.2980957 -0.7546968 0.1788647 -0.2219030 0.5909309
1403636994.001667 -1966.5020752 -1804.8349609 118.5017090 -0.7550636 0.1713599 -0.2163350 0.5947387
1403636994.151666 -1975.6497803 -1813.5015869 118.6921387 -0.7488586 0.1636645 -0.2216251 0.6027496
1403636994.301666 -1984.8220215 -1822.1866455 118.8471680 -0.7420665 0.1602318 -0.2236883 0.6112500
1403636994.451667 -1994.0297852 -1830.8896484 118.9660645 -0.7399528 0.1585413 -0.2259592 0.6134142
1403636994.601666 -2003.2791748 -1839.6198730 119.0415039 -0.7435259 0.1609409 -0.2222401 0.6098169
1403636994.851666 -2018.7778320 -1854.2331543 119.1777344 -0.7572605 0.1805870 -0.2002809 0.5948381
1403636995.001667 -2028.1207275 -1863.0139160 119.2580566 -0.7564262 0.1825984 -0.1993204 0.5956078
1403636995.151666 -2037.4726562 -1871.7867432 119.3254395 -0.7524332 0.1772321 -0.2083389 0.5991893
1403636995.301666 -2046.8493652 -1880.5704346 119.4074707 -0.7474763 0.1688290 -0.2171701 0.6046595
1403636995.451667 -2056.2646484 -1889.3707275 119.5007324 -0.7534201 0.1654960 -0.2199956 0.5971358
1403636995.601666 -2065.7121582 -1898.1937256 119.5793457 -0.7560490 0.1635997 -0.2212422 0.5938661
1403636995.751667 -2075.1972656 -1907.0286865 119.6423340 -0.7584187 0.1733207 -0.2144937 0.5905537
1403636995.851666 -2081.5461426 -1912.9270020 119.6838379 -0.7578440 0.1770197 -0.2086432 0.5922876
1403636996.001667 -2091.1000977 -1921.7945557 119.7492676 -0.7593125 0.1868986 -0.1992908 0.5905902
1403636996.151666 -2100.6811523 -1930.6994629 119.7929688 -0.7600777 0.1835361 -0.2086604 0.5874158
1403636996.301666 -2110.2915039 -1939.6370850 119.8569336 -0.7600006 0.1778045 -0.2152705 0.5868928
1403636996.451667 -2119.9404297 -1948.5917969 119.9465332 -0.7643646 0.1713202 -0.2130155 0.5839697
1403636996.601666 -2129.6196289 -1957.5611572 120.0144043 -0.7692674 0.1536494 -0.2053144 0.5852056
1403636996.751667 -2139.3305664 -1966.5578613 120.0788574 -0.7861741 0.1329393 -0.1887517 0.5732626
1403636996.851666 -2145.8198242 -1972.5715332 120.1052246 -0.7913768 0.1140009 -0.1761625 0.5741893
1403636997.001667 -2155.5732422 -1981.6032715 120.1486816 -0.7968144 0.0834853 -0.1554757 0.5778791
1403636997.101666 -2162.0876465 -1987.6274414 120.1777344 -0.8011701 0.0658771 -0.1427494 0.5774161
1403636997.251667 -2171.8742676 -1996.6691895 120.2104492 -0.8030754 0.0454108 -0.1317820 0.5793456
1403636997.351666 -2178.4086914 -2002.7003174 120.2241211 -0.8048290 0.0383270 -0.1276589 0.5783465
1403636997.501667 -2188.2409668 -2011.7492676 120.2583008 -0.8064668 0.0314623 -0.1272368 0.5765694
1403636997.651666 -2198.1076660 -2020.7875977 120.2675781 -0.8087790 0.0303296 -0.1312942 0.5724671
1403636997.801666 -2207.9953613 -2029.8110352 120.2521973 -0.8047788 0.0287080 -0.1364225 0.5769712
1403636997.901666 -2214.6010742 -2035.8172607 120.2214355 -0.8022494 0.0318830 -0.1353296 0.5805733
1403636998.001667 -2221.2255859 -2041.8190918 120.2053223 -0.8001611 0.0389931 -0.1316382 0.5838606
1403636998.101666 -2227.8759766 -2047.8283691 120.2141113 -0.7989054 0.0420730 -0.1320100 0.5852807
1403636998.251667 -2237.8798828 -2056.8356934 120.1884766 -0.7955364 0.0450904 -0.1291385 0.5902643
1403636998.351666 -2244.5737305 -2062.8361816 120.1896973 -0.7967147 0.0469849 -0.1304934 0.5882258
1403636998.501667 -2254.6350098 -2071.8278809 120.1884766 -0.7961290 0.0488558 -0.1303710 0.5888930
1403636998.601666 -2261.3566895 -2077.8273926 120.1933594 -0.7924404 0.0499338 -0.1310036 0.5936185
1403636998.751667 -2271.4660645 -2086.8483887 120.2263184 -0.7785850 0.0466604 -0.1340955 0.6112663
1403636998.851666 -2278.2265625 -2092.8754883 120.2500000 -0.7759185 0.0429685 -0.1419107 0.6131605
1403636998.951667 -2285.0021973 -2098.9130859 120.2641602 -0.7740992 0.0404372 -0.1466368 0.6145185
1403636999.101666 -2295.1767578 -2107.9819336 120.2243652 -0.7739056 0.0372177 -0.1525749 0.6135192
1403636999.351666 -2312.2446289 -2123.1787109 120.0695801 -0.7814266 0.0420444 -0.1513936 0.6038913
1403636999.451667 -2319.1015625 -2129.2741699 119.9868164 -0.7812967 0.0451653 -0.1471210 0.6048892
1403636999.651666 -2332.8618164 -2141.4487305 119.7656250 -0.7793508 0.0479118 -0.1455380 0.6075653
1403636999.751667 -2339.7590332 -2147.5424805 119.6005859 -0.7791593 0.0476583 -0.1457469 0.6077806
1403637000.001667 -2357.0637207 -2162.8251953 119.1391602 -0.7787226 0.0452973 -0.1524530 0.6068751
1403637000.151666 -2367.4897461 -2172.0258789 118.8366699 -0.7763833 0.0428379 -0.1547353 0.6094676
1403637000.301666 -2377.9633789 -2181.2656250 118.5380859 -0.7803499 0.0429774 -0.1535970 0.6046611
1403637000.451667 -2388.4543457 -2190.5317383 118.2045898 -0.7830640 0.0453429 -0.1498156 0.6019220
1403637000.851666 -2416.5722656 -2215.2907715 117.3554688 -0.7800959 0.0459367 -0.1476327 0.6062547
1403637001.001667 -2427.1801758 -2224.6181641 117.0239258 -0.7800341 0.0458255 -0.1495900 0.6058629
1403637001.201667 -2441.3842773 -2237.0913086 116.5571289 -0.7803732 0.0475801 -0.1483948 0.6055846
1403637001.351666 -2452.0830078 -2246.4819336 116.2238770 -0.7803730 0.0510437 -0.1443652 0.6062766
1403637001.501667 -2462.8176270 -2255.8850098 115.9211426 -0.7838386 0.0553147 -0.1401351 0.6024114
1403637001.651666 -2473.5720215 -2265.2954102 115.6489258 -0.7869405 0.0568081 -0.1410309 0.5980033
1403637001.901666 -2491.5593262 -2281.0014648 115.1171875 -0.7877437 0.0568085 -0.1447682 0.5960494
1403637002.501667 -2534.9235840 -2318.6708984 113.5607910 -0.7869754 0.0553140 -0.1492157 0.5961082
1403637002.651666 -2545.8081055 -2328.1025391 113.1762695 -0.7897176 0.0536832 -0.1531476 0.5916166
1403637002.801666 -2556.7077637 -2337.5224609 112.7685547 -0.7880055 0.0547989 -0.1530764 0.5938115
1403637003.051666 -2574.9545898 -2353.2597656 112.0236816 -0.7892801 0.0605290 -0.1503005 0.5922694
1403637003.201667 -2585.9411621 -2362.7158203 111.5397949 -0.7895241 0.0610419 -0.1520824 0.5914360
1403637003.351666 -2596.9665527 -2372.1787109 111.0498047 -0.7900742 0.0650609 -0.1510742 0.5905306
1403637003.501667 -2608.0231934 -2381.6440430 110.5539551 -0.7853006 0.0665436 -0.1502241 0.5969152
1403637003.701667 -2622.8073730 -2394.2849121 109.8847656 -0.7879638 0.0684847 -0.1516050 0.5928228
1403637003.851666 -2633.9187012 -2403.7866211 109.3381348 -0.7888588 0.0686037 -0.1497671 0.5920855
1403637004.001667 -2645.0573730 -2413.3041992 108.7697754 -0.7941977 0.0653059 -0.1522821 0.5846326
1403637004.151666 -2656.2253418 -2422.8208008 108.1618652 -0.7969152 0.0615821 -0.1538344 0.5809206
1403637004.301666 -2667.4294434 -2432.3432617 107.5612793 -0.7963089 0.0630125 -0.1486710 0.5829395
1403637004.451667 -2678.6435547 -2441.8574219 106.9721680 -0.7922658 0.0640021 -0.1458647 0.5890180
1403637004.601666 -2689.8808594 -2451.3774414 106.3950195 -0.7874646 0.0642549 -0.1496611 0.5944513
1403637004.751667 -2701.1398926 -2460.9150391 105.8073730 -0.7873955 0.0771119 -0.1378552 0.5958676
1403637004.901666 -2712.4321289 -2470.4536133 105.1821289 -0.7809578 0.0779171 -0.1378974 0.6041675
1403637005.001667 -2719.9624023 -2476.8002930 104.7329102 -0.7827767 0.0750096 -0.1435011 0.6008676
1403637005.101666 -2727.5063477 -2483.1547852 104.2883301 -0.7799199 0.0683412 -0.1525035 0.6031559
1403637005.201667 -2735.0666504 -2489.5190430 103.8569336 -0.7789838 0.0643061 -0.1629754 0.6020699
1403637005.301666 -2742.6357422 -2495.8808594 103.4140625 -0.7813878 0.0625999 -0.1675022 0.5978774
1403637005.401666 -2750.2343750 -2502.2514648 102.9743652 -0.7817318 0.0605073 -0.1678319 0.5975506
1403637005.501667 -2757.8532715 -2508.6269531 102.5322266 -0.7785218 0.0562608 -0.1698238 0.6015798
1403637005.601666 -2765.4907227 -2515.0100098 102.0854492 -0.7775270 0.0547329 -0.1682230 0.6034542
1403637005.701667 -2773.1499023 -2521.4003906 101.6394043 -0.7818245 0.0586121 -0.1589954 0.6000296
1403637005.801666 -2780.8310547 -2527.7993164 101.1945801 -0.7859095 0.0601574 -0.1565664 0.5951591
1403637005.901666 -2788.5227051 -2534.1953125 100.7365723 -0.7836891 0.0563008 -0.1604142 0.5974352
1403637006.001667 -2796.2231445 -2540.5988770 100.2790527 -0.7799663 0.0538044 -0.1624449 0.6019713
1403637006.101666 -2803.9414062 -2547.0244141 99.8266602 -0.7787840 0.0548073 -0.1609083 0.6038213
1403637006.201667 -2811.6796875 -2553.4499512 99.3632812 -0.7785385 0.0562368 -0.1609248 0.6040021
1403637006.301666 -2819.4487305 -2559.8911133 98.9020996 -0.7837214 0.0563279 -0.1603589 0.5974053
1403637006.401666 -2827.2341309 -2566.3383789 98.4338379 -0.7907441 0.0590532 -0.1580307 0.5884410
1403637006.551666 -2838.9414062 -2576.0205078 97.7534180 -0.7900466 0.0631364 -0.1494762 0.5911827
1403637006.651666 -2846.7646484 -2582.4777832 97.3044434 -0.7853088 0.0549359 -0.1485583 0.5985003
1403637006.751667 -2854.6047363 -2588.9438477 96.8537598 -0.7810172 0.0408363 -0.1463492 0.6057445
1403637006.901666 -2866.4094238 -2598.6706543 96.1936035 -0.7796413 0.0151759 -0.1336305 0.6116143
1403637007.001667 -2874.3007812 -2605.1628418 95.7414551 -0.7806513 -0.0098123 -0.1253593 0.6121865
1403637007.101666 -2882.2048340 -2611.6530762 95.2873535 -0.7843724 -0.0281836 -0.1200638 0.6079066
1403637007.201667 -2890.1252441 -2618.1513672 94.8315430 -0.7821759 -0.0428434 -0.1129279 0.6112386
1403637007.351666 -2902.0305176 -2627.9248047 94.1459961 -0.7764772 -0.0591792 -0.1129609 0.6171069
1403637007.451667 -2909.9831543 -2634.4438477 93.6638184 -0.7761431 -0.0651436 -0.1128229 0.6169516
1403637007.551666 -2917.9509277 -2640.9736328 93.1689453 -0.7791364 -0.0677985 -0.1140743 0.6126474
1403637007.651666 -2925.9411621 -2647.5144043 92.6730957 -0.7891935 -0.0669366 -0.1134806 0.5998461
1403637007.751667 -2933.9582520 -2654.0571289 92.1713867 -0.7957765 -0.0655320 -0.1148793 0.5909722
1403637007.851666 -2942.0007324 -2660.6020508 91.6779785 -0.7935815 -0.0661299 -0.1164546 0.5935434
1403637007.951667 -2950.0651855 -2667.1547852 91.1882324 -0.7852895 -0.0605791 -0.1083314 0.6065598
1403637008.051666 -2958.1494141 -2673.7155762 90.6921387 -0.7822605 -0.0578990 -0.1082593 0.6107340
1403637008.201667 -2970.3105469 -2683.5761719 89.9443359 -0.7912036 -0.0565368 -0.1158855 0.5978052
1403637008.301666 -2978.4367676 -2690.1650391 89.4304199 -0.7984206 -0.0550141 -0.1194124 0.5875701
1403637008.401666 -2986.5874023 -2696.7614746 88.9028320 -0.7978625 -0.0536004 -0.1227409 0.5877730
1403637008.501667 -2994.7651367 -2703.3593750 88.3737793 -0.7931419 -0.0494473 -0.1190411 0.5952396
1403637008.651666 -3007.0776367 -2713.2712402 87.5766602 -0.7871511 -0.0436002 -0.1153698 0.6043028
1403637008.751667 -3015.3164062 -2719.8901367 87.0229492 -0.7868853 -0.0354270 -0.1062027 0.6068587
1403637008.851666 -3023.5708008 -2726.5131836 86.4597168 -0.7919202 -0.0249618 -0.0935749 0.6028955
1403637008.951667 -3031.8403320 -2733.1467285 85.8950195 -0.7962608 -0.0213081 -0.0913308 0.5976398
1403637009.051666 -3040.1203613 -2739.7875977 85.3261719 -0.7951998 -0.0256374 -0.1003677 0.5974332
1403637009.151666 -3048.4187012 -2746.4472656 84.7670898 -0.7938333 -0.0331768 -0.1127202 0.5966759
1403637009.251667 -3056.7324219 -2753.1181641 84.2009277 -0.7890520 -0.0418399 -0.1261794 0.5997710
1403637009.351666 -3065.0742188 -2759.7985840 83.6513672 -0.7848520 -0.0520883 -0.1420432 0.6009308
1403637009.451667 -3073.4487305 -2766.5031738 83.1149902 -0.7828755 -0.0599302 -0.1203785 0.6074729
1403637009.501667 -3077.6464844 -2769.8610840 82.8510742 -0.7739204 -0.0677431 -0.1063193 0.6206081
1403637009.601666 -3086.0639648 -2776.5922852 82.3427734 -0.7623923 -0.0571404 -0.0555755 0.6421872
1403637009.701667 -3094.4941406 -2783.3164062 81.8303223 -0.7760683 -0.0265858 -0.0682470 0.6263814
1403637009.801666 -3102.9340820 -2790.0139160 81.2763672 -0.7770995 -0.0146541 -0.0709175 0.6251978
1403637009.901666 -3111.3935547 -2796.7109375 80.6940918 -0.7774937 -0.0152442 -0.0722488 0.6245408
1403637010.001667 -3119.8732910 -2803.4143066 80.1152344 -0.7774609 -0.0130011 -0.0727147 0.6245783
1403637010.101666 -3128.3706055 -2810.1230469 79.5336914 -0.7769537 -0.0108627 -0.0738568 0.6251161
1403637010.201667 -3136.8833008 -2816.8344727 78.9406738 -0.7763174 -0.0107210 -0.0738156 0.6259134
1403637010.401666 -3153.9667969 -2830.2756348 77.7600098 -0.7784054 -0.0069218 -0.0740362 0.6233425
1403637010.501667 -3162.5344238 -2837.0034180 77.1665039 -0.7784141 -0.0067153 -0.0741619 0.6233190
1403637010.601666 -3171.1191406 -2843.7365723 76.5722656 -0.7783718 -0.0058100 -0.0741764 0.6233791
