1403636883.551666 0.1719097 1.0525470 -0.5746716 -0.8155096 0.0299285 0.0278871 0.5772960
1403636883.701667 0.1698698 1.0605057 -0.5856875 -0.8103814 0.0179608 0.0328770 0.5847039
1403636883.951667 0.1686748 1.0678339 -0.5983946 -0.8082532 0.0117728 0.0433047 0.5871226
1403636886.201667 0.1697111 1.0663683 -0.5997466 -0.7965306 0.0051981 0.0453913 0.6028696
1403636888.751667 0.1696984 1.0662612 -0.5996649 -0.7962105 0.0044720 0.0454302 0.6032952
1403636890.301666 0.1695554 1.0661154 -0.5996767 -0.7962512 0.0046346 0.0455817 0.6032287
1403636892.701667 0.1698530 1.0663009 -0.5996174 -0.7960711 0.0059445 0.0463591 0.6033957
1403636895.301666 0.1696309 1.0662005 -0.5995353 -0.7960894 0.0048809 0.0450683 0.6034790
1403636897.801666 0.2365815 0.9692047 -0.5884541 -0.8323442 0.0001248 0.0118258 0.5541329
1403636897.851666 0.2411074 0.9623502 -0.5767900 -0.8356139 -0.0011894 0.0102322 0.5492207
1403636897.901666 0.2464499 0.9565482 -0.5622686 -0.8387606 -0.0012848 0.0089700 0.5444250
1403636897.951667 0.2551666 0.9521059 -0.5460082 -0.8361960 -0.0042945 0.0081349 0.5483537
1403636898.151666 0.2756301 0.9476158 -0.5072229 -0.8255361 -0.0060400 0.0142130 0.5641381
1403636898.251667 0.2819421 0.9472473 -0.4906965 -0.8220790 -0.0086657 0.0157497 0.5690895
1403636898.301666 0.2841118 0.9511162 -0.4808215 -0.8233653 -0.0094543 0.0175381 0.5671620
1403636898.401666 0.2902707 0.9591998 -0.4549721 -0.8234315 -0.0124376 0.0198727 0.5669312
1403636898.451667 0.2922235 0.9629139 -0.4436399 -0.8236588 -0.0138202 0.0214108 0.5665129
1403636898.501667 0.2937186 0.9671241 -0.4318615 -0.8237811 -0.0148491 0.0232674 0.5662358
1403636898.551666 0.2949535 0.9718923 -0.4199947 -0.8236169 -0.0158214 0.0245391 0.5663946
1403636898.601666 0.2962698 0.9773690 -0.4065647 -0.8237035 -0.0180377 0.0245510 0.5662019
1403636898.651666 0.2971548 0.9841835 -0.3895227 -0.8250466 -0.0193267 0.0239920 0.5642244
1403636898.801666 0.2935285 1.0115516 -0.3487566 -0.8247200 -0.0227758 0.0245345 0.5645496
1403636899.001667 0.2879702 1.0517852 -0.3054428 -0.8259228 -0.0161853 0.0365044 0.5623673
1403636899.051666 0.2912570 1.0681323 -0.3019882 -0.8255118 -0.0125720 0.0378612 0.5629731
1403636899.101666 0.2958757 1.0838915 -0.2979352 -0.8234712 -0.0084434 0.0367207 0.5661056
1403636899.151666 0.3034289 1.0949057 -0.2888873 -0.8239858 -0.0030453 0.0336171 0.5656043
1403636899.551666 0.3795942 1.2074600 -0.2099198 -0.8136941 0.0677885 -0.0145669 0.5771433
1403636899.651666 0.3987811 1.2319989 -0.2118096 -0.8172147 0.0823672 -0.0186322 0.5701130
1403636899.851666 0.4487130 1.2727394 -0.1915536 -0.8217196 0.0944344 -0.0318086 0.5611126
1403636899.901666 0.4640052 1.2821079 -0.1883895 -0.8210962 0.0957595 -0.0356975 0.5615665
1403636900.351666 0.6174690 1.4035082 -0.1797498 -0.8108777 0.0884636 -0.0466413 0.5766074
1403636900.401666 0.6364633 1.4155025 -0.1662456 -0.8133942 0.0872763 -0.0454643 0.5733287
1403636900.451667 0.6539969 1.4259704 -0.1511493 -0.8171986 0.0884599 -0.0418381 0.5679884
1403636900.701667 0.7165860 1.4554036 -0.1016101 -0.8243282 0.0827788 -0.0371020 0.5587971
1403636900.951667 0.7998776 1.5074723 -0.1193755 -0.8224773 0.0874817 -0.0221650 0.5615932
1403636901.201667 0.9303976 1.5482063 -0.1147685 -0.8197884 0.0908625 -0.0148124 0.5652183
1403636901.351666 1.0271667 1.5611862 -0.0812435 -0.8192517 0.0871270 -0.0205748 0.5664030
1403636901.451667 1.0979004 1.5788040 -0.0606413 -0.8203928 0.0825187 -0.0252991 0.5652487
1403636902.001667 1.4654140 1.7120854 -0.1063633 -0.8165743 0.0779836 -0.0335516 0.5709636
1403636902.201667 1.6102089 1.7758164 -0.1027117 -0.8184737 0.0742240 -0.0355863 0.5686170
1403636902.251667 1.6430845 1.7905513 -0.1022842 -0.8177040 0.0763513 -0.0329431 0.5696012
1403636902.351666 1.7097319 1.8193705 -0.0985911 -0.8177992 0.0771064 -0.0327012 0.5693768
1403636902.651666 1.9314677 1.9215777 -0.2079816 -0.8204340 0.0770078 -0.0449285 0.5647472
1403636902.851666 2.0533266 1.9910932 -0.2575333 -0.8182330 0.0772128 -0.0488958 0.5675758
1403636903.301666 2.2840571 2.0890856 -0.2127078 -0.8197590 0.0723183 -0.0424766 0.5665340
1403636903.701667 2.4995809 2.1665568 -0.1665959 -0.8233004 0.0707854 -0.0375677 0.5619204
1403636903.851666 2.5804095 2.1868575 -0.1817136 -0.8264146 0.0771282 -0.0274001 0.5570812
1403636904.701667 3.1548085 2.4446490 0.0143492 -0.8189305 0.0793102 -0.0320007 0.5674844
1403636904.801666 3.2250776 2.4770436 0.0166805 -0.8185487 0.0791995 -0.0353940 0.5678493
1403636904.901666 3.2925124 2.5040131 0.0204616 -0.8195621 0.0767090 -0.0412261 0.5663340
1403636905.151666 3.4729543 2.5661197 0.0579517 -0.8196734 0.0791276 -0.0467760 0.5654081
1403636906.051666 3.9045441 2.9452200 0.0889058 -0.8316787 0.0608813 -0.0386915 0.5505517
1403636906.151666 3.9353292 2.9911261 0.0795546 -0.8315373 0.0572990 -0.0392072 0.5511129
1403636906.251667 3.9688289 3.0330777 0.0784841 -0.8298137 0.0584823 -0.0364225 0.5537712
1403636906.651666 4.0879087 3.2518458 0.0789838 -0.8220610 0.0735560 -0.0143784 0.5644454
1403636906.751667 4.1228991 3.3099642 0.0835233 -0.8217724 0.0681232 -0.0226087 0.5652772
1403636907.601666 4.4089012 3.8082213 0.1063862 -0.8321447 0.0619744 -0.0121266 0.5509514
1403636907.951667 4.5874691 4.0874901 0.1148686 -0.8271770 0.0633975 -0.0083247 0.5582917
1403636908.001667 4.6176476 4.1263576 0.1124778 -0.8251154 0.0596308 -0.0121345 0.5616774
1403636908.101666 4.6764026 4.2099075 0.0983510 -0.8215821 0.0553830 -0.0164659 0.5671548
1403636908.201667 4.7268844 4.2967749 0.0895519 -0.8194778 0.0517094 -0.0180405 0.5704883
1403636908.351666 4.8001590 4.4262924 0.0803652 -0.8197890 0.0493284 -0.0171899 0.5702783
1403636908.701667 4.9785333 4.7146468 0.1018376 -0.8290207 0.0367300 -0.0190314 0.5576858
1403636908.951667 5.0906515 4.9405627 0.0755911 -0.8290375 0.0415468 -0.0086073 0.5575811
1403636909.001667 5.1128397 4.9900732 0.0929441 -0.8289331 0.0453756 -0.0059949 0.5574721
1403636909.051666 5.1355839 5.0399303 0.1042056 -0.8294499 0.0464192 -0.0045981 0.5566301
1403636909.151666 5.1821752 5.1456566 0.1178823 -0.8297459 0.0490817 -0.0023177 0.5559744
1403636909.301666 5.2671518 5.3001499 0.1091022 -0.8285239 0.0500398 -0.0011412 0.5577123
1403636909.551666 5.4142222 5.5584707 0.0869684 -0.8220527 0.0483868 -0.0078873 0.5672972
1403636909.751667 5.5314455 5.7289066 0.0912018 -0.8178994 0.0525707 -0.0063211 0.5729197
1403636909.801666 5.5596657 5.7655916 0.0846839 -0.8172607 0.0513668 -0.0100783 0.5738857
1403636909.901666 5.6226001 5.8436012 0.0727024 -0.8152460 0.0421257 -0.0238227 0.5770892
1403636910.001667 5.6820908 5.9310560 0.0469112 -0.8115979 0.0343225 -0.0348898 0.5821629
1403636910.351666 5.8287206 6.2374935 -0.0350256 -0.8209452 0.0435102 -0.0160984 0.5691193
1403636910.501667 5.8832889 6.3504725 -0.0293617 -0.8233910 0.0405188 -0.0150955 0.5658248
1403636910.901666 6.0235176 6.6759214 -0.0638390 -0.8208922 0.0376078 -0.0116008 0.5697256
1403636911.101666 6.0829511 6.8608398 -0.0891161 -0.8082382 0.0399935 -0.0071936 0.5874519
1403636911.551666 6.2191100 7.2076845 -0.0807352 -0.8224431 0.0404774 -0.0128239 0.5672605
1403636911.751667 6.2639914 7.3438253 -0.0969563 -0.8216715 0.0423958 -0.0120452 0.5682548
1403636911.901666 6.2991419 7.4425306 -0.1079550 -0.8250175 0.0500503 -0.0009550 0.5628857
1403636912.351666 6.4562082 7.7518125 -0.1331511 -0.8209192 0.0461616 -0.0089622 0.5691051
1403636912.451667 6.5022783 7.8039942 -0.1434994 -0.8235819 0.0490765 -0.0055465 0.5650431
1403636912.601666 6.5728641 7.8917694 -0.1585188 -0.8250577 0.0545503 0.0008489 0.5624086
1403636913.351666 6.9643197 8.3742638 -0.3947906 -0.8139690 0.0505868 -0.0101051 0.5786134
1403636913.501667 7.0528631 8.4642143 -0.4046516 -0.8184644 0.0540302 -0.0037185 0.5719992
1403636913.801666 7.2420864 8.6466923 -0.4613428 -0.8174158 0.0543443 -0.0100067 0.5733917
1403636913.951667 7.3317566 8.7477331 -0.4632368 -0.8154916 0.0535691 -0.0125395 0.5761482
1403636914.351666 7.6011171 8.9513807 -0.4285507 -0.8166963 0.0571620 -0.0092712 0.5741548
1403636914.401666 7.6287956 8.9715357 -0.4281034 -0.8155965 0.0565194 -0.0115245 0.5757389
1403636914.451667 7.6549039 8.9912968 -0.4285688 -0.8163511 0.0579939 -0.0124074 0.5745031
1403636914.701667 7.7956114 9.0614471 -0.3959732 -0.8173912 0.0546054 -0.0168583 0.5732415
1403636914.801666 7.8478355 9.0793047 -0.3980999 -0.8172227 0.0551974 -0.0202520 0.5733151
1403636914.951667 7.9204731 9.1249485 -0.4305696 -0.8160694 0.0558167 -0.0218337 0.5748378
1403636915.151666 8.0208845 9.1911135 -0.4424248 -0.8208577 0.0588689 -0.0210963 0.5676990
1403636915.251667 8.0713692 9.2264194 -0.4897165 -0.8248994 0.0564296 -0.0229410 0.5619879
1403636915.301666 8.0951900 9.2461052 -0.5084572 -0.8275201 0.0604498 -0.0213962 0.5577620
1403636915.501667 8.1938047 9.3519030 -0.5400629 -0.8255358 0.0593168 -0.0195687 0.5608826
1403636915.801666 8.3293457 9.5055199 -0.5166378 -0.8118179 0.0701525 -0.0037349 0.5796692
1403636915.851666 8.3579788 9.5308113 -0.5031223 -0.8121813 0.0714450 -0.0028521 0.5790070
1403636915.901666 8.3879108 9.5555363 -0.4892578 -0.8132632 0.0708325 -0.0035253 0.5775582
1403636915.951667 8.4177914 9.5807991 -0.4768190 -0.8134082 0.0696357 -0.0053255 0.5774857
1403636916.351666 8.6453905 9.7374773 -0.4218330 -0.8146619 0.0517516 -0.0229257 0.5771675
1403636916.401666 8.6742754 9.7582512 -0.4064188 -0.8167772 0.0521209 -0.0236744 0.5741062
1403636916.551666 8.7582207 9.8226910 -0.3647366 -0.8177678 0.0602299 -0.0373076 0.5711710
1403636916.651666 8.8107357 9.8629179 -0.3366203 -0.8160223 0.0704075 -0.0466573 0.5718159
1403636917.051666 8.9678068 10.0230465 -0.2438860 -0.8069054 0.0898517 -0.0660967 0.5800531
1403636918.601666 9.1444063 10.3316402 -0.4948301 -0.8086147 0.1807768 -0.1263590 0.5454314
1403636918.951667 9.1498184 10.4023571 -0.4915209 -0.7897229 0.1976303 -0.0966304 0.5726628
1403636919.301666 9.2156363 10.4910450 -0.4113541 -0.7835420 0.2212040 -0.1020892 0.5715843
1403636919.351666 9.2303295 10.4962597 -0.3960857 -0.7824819 0.2228882 -0.1045744 0.5719328
1403636919.451667 9.2621603 10.5029716 -0.3660469 -0.7816164 0.2230701 -0.1141489 0.5712141
1403636920.751667 9.5802670 10.2054749 -0.4555006 -0.7866620 0.2090926 -0.1390738 0.5640051
1403636921.101666 9.6064062 10.0739584 -0.3388796 -0.7911728 0.2123847 -0.1375697 0.5567881
1403636921.251667 9.6089964 10.0191050 -0.2896118 -0.7903528 0.2149698 -0.1380696 0.5568368
1403636921.401666 9.6022720 9.9660759 -0.2811184 -0.7841019 0.2196144 -0.1343488 0.5647160
1403636922.301666 9.6836605 9.7232037 -0.2895546 -0.7885305 0.2325508 -0.1523373 0.5485738
1403636922.401666 9.7026157 9.7003479 -0.2961283 -0.7898445 0.2353047 -0.1539975 0.5450341
1403636922.651666 9.7256355 9.6570396 -0.3779564 -0.7901662 0.2560062 -0.1653984 0.5317346
1403636922.901666 9.7270374 9.6460495 -0.4899225 -0.7686518 0.2756449 -0.1720966 0.5509784
1403636922.951667 9.7216520 9.6370230 -0.5165520 -0.7650974 0.2797685 -0.1701929 0.5544277
1403636923.201667 9.7139893 9.5883503 -0.6157589 -0.7602698 0.2948807 -0.1762994 0.5513201
1403636923.601666 9.7557592 9.4809418 -0.8179035 -0.7782277 0.3194697 -0.1949333 0.5042834
1403636923.901666 9.8290396 9.4287949 -0.8093090 -0.7762775 0.3225206 -0.1954041 0.5051642
1403636924.301666 9.9423447 9.4386559 -0.8246403 -0.7784587 0.3160325 -0.1968727 0.5053381
1403636924.751667 10.1406536 9.6057930 -0.8811874 -0.7518367 0.3241476 -0.1758762 0.5465689
1403636924.951667 10.2642174 9.6821280 -0.8709145 -0.7427429 0.3263037 -0.1758354 0.5576206
1403636925.001667 10.3016090 9.7007275 -0.8700390 -0.7436003 0.3295809 -0.1783550 0.5537369
1403636925.651666 10.7347250 9.7830601 -1.2317390 -0.7720975 0.3381076 -0.2141591 0.4936443
1403636925.851666 10.9472027 9.9486866 -1.3219242 -0.7713826 0.3411817 -0.2157647 0.4919447
1403636926.101666 11.2240429 10.1967821 -1.3860416 -0.7426168 0.3330528 -0.2294395 0.5338106
1403636926.251667 11.3863468 10.3459206 -1.4587116 -0.7269107 0.3326192 -0.2264869 0.5564791
1403636926.651666 11.7784510 10.6273031 -1.7660961 -0.7272931 0.3319849 -0.2183690 0.5595944
1403636927.001667 12.0812569 10.7423754 -1.9273643 -0.7279831 0.3616217 -0.2206994 0.5390382
1403636927.051666 12.1268263 10.7538643 -1.9515076 -0.7243674 0.3692114 -0.2249022 0.5370231
1403636927.401666 12.4647532 10.8186474 -2.1185379 -0.7021798 0.4285742 -0.2628727 0.5041484
1403636927.651666 12.7306252 10.8694229 -2.2649479 -0.7103638 0.4492321 -0.2719502 0.4686331
1403636927.901666 13.0380554 10.9393072 -2.2815876 -0.7095811 0.4543378 -0.2750571 0.4630501
1403636928.151666 13.4352217 11.0554829 -2.2911167 -0.7054278 0.4493592 -0.2819703 0.4700435
1403636928.251667 13.5960979 11.1056366 -2.2891502 -0.6971833 0.4454434 -0.2852513 0.4838879
1403636928.701667 14.3025084 11.2951756 -2.2273502 -0.6922194 0.4344541 -0.2925507 0.4964838
1403636928.801666 14.4497461 11.3351288 -2.1866741 -0.6988717 0.4354616 -0.2892936 0.4881195
1403636928.851666 14.5209513 11.3530560 -2.1695194 -0.7012979 0.4358063 -0.2875369 0.4853624
1403636929.001667 14.7224894 11.3999662 -2.0956192 -0.6957200 0.4335545 -0.2891875 0.4943428
1403636929.201667 15.0006380 11.4584217 -1.9836693 -0.6818771 0.4355262 -0.2834101 0.5148197
1403636929.301666 15.1187325 11.4717417 -1.9329014 -0.6805753 0.4379051 -0.2774124 0.5177825
1403636929.501667 15.3417826 11.4757729 -1.8853359 -0.6874701 0.4331589 -0.2794458 0.5115353
1403636930.051666 15.9183836 11.5823097 -1.9506245 -0.6894171 0.4193980 -0.2930707 0.5127562
1403636930.401666 16.2306023 11.6022367 -1.9061546 -0.6882868 0.4251852 -0.2882597 0.5122356
1403636930.851666 16.5837421 11.5476255 -1.8868313 -0.6825995 0.4246603 -0.2882274 0.5202371
1403636931.101666 16.7772198 11.4412050 -1.9142742 -0.6696013 0.4454908 -0.2853268 0.5213068
1403636931.401666 16.9706097 11.2711515 -1.8718643 -0.6608996 0.4438049 -0.3229123 0.5118366
1403636931.551666 17.0274258 11.1794720 -1.8357601 -0.6648870 0.4382233 -0.3395680 0.5005789
1403636932.001667 17.0612774 10.9264860 -1.7022190 -0.6712286 0.4559273 -0.3233663 0.4868436
1403636932.451667 16.9056091 10.6901493 -1.6752415 -0.6629960 0.4443428 -0.3519830 0.4889825
1403636932.651666 16.7728386 10.5750275 -1.6356182 -0.6537182 0.4615991 -0.3587211 0.4805184
1403636932.701667 16.7359619 10.5458031 -1.6198635 -0.6482441 0.4681351 -0.3600897 0.4805876
1403636933.301666 16.1716919 10.2896194 -1.5683689 -0.6352218 0.5299878 -0.3591424 0.4319988
1403636933.451667 16.0088100 10.2403860 -1.6054535 -0.6380412 0.5385349 -0.3533150 0.4219622
1403636933.901666 15.5407715 10.1466618 -1.6507797 -0.6186258 0.5250447 -0.3709175 0.4517193
1403636934.151666 15.2923460 10.1110744 -1.6465530 -0.5996261 0.5476146 -0.3812270 0.4418518
1403636934.351666 15.0964909 10.0769968 -1.7451496 0.5725520 -0.5788825 0.4009488 -0.4199040
1403636934.451667 15.0050821 10.0508385 -1.8197384 0.5503140 -0.5995857 0.4062199 -0.4154959
1403636934.551666 14.9011745 10.0213652 -1.9062386 0.5264435 -0.6178418 0.4155464 -0.4104267
1403636934.651666 14.8105125 9.9796476 -1.9558601 0.5074318 -0.6340799 0.4257627 -0.3989760
1403636934.751667 14.7160587 9.9226122 -1.9873276 0.5001422 -0.6458232 0.4325984 -0.3816134
1403636934.801666 14.6690874 9.8902750 -2.0107002 0.4986311 -0.6498203 0.4350958 -0.3738880
1403636935.551666 14.0474052 9.4642391 -1.6058159 0.4990605 -0.6535983 0.4354079 -0.3662893
1403636935.701667 13.9144402 9.3682413 -1.6296444 0.5024223 -0.6511877 0.4344951 -0.3670701
1403636935.801666 13.8314114 9.3000317 -1.6570282 0.5121101 -0.6522265 0.4288760 -0.3583424
1403636936.051666 13.6533365 9.1305180 -1.7341900 0.5247161 -0.6591175 0.4137429 -0.3450420
1403636936.101666 13.6271009 9.0912189 -1.7620182 0.5271964 -0.6609517 0.4105727 -0.3415213
1403636936.151666 13.6073952 9.0520592 -1.7919083 0.5281987 -0.6597798 0.4125710 -0.3398266
1403636936.201667 13.5932341 9.0135231 -1.8215008 0.5280005 -0.6565067 0.4170890 -0.3409561
1403636936.301666 13.5628357 8.9358015 -1.8593102 0.5207161 -0.6535373 0.4244095 -0.3487411
1403636936.351666 13.5460405 8.8986740 -1.8760872 0.5162836 -0.6510843 0.4299968 -0.3530486
1403636936.401666 13.5318069 8.8603439 -1.8901234 0.5141513 -0.6504666 0.4324696 -0.3542761
1403636936.451667 13.5149231 8.8219948 -1.8997517 0.5104733 -0.6494215 0.4352842 -0.3580454
1403636936.751667 13.4133167 8.5992661 -1.9626255 0.5012931 -0.6478769 0.4457658 -0.3609067
1403636936.951667 13.3413811 8.4463196 -2.0681744 0.5020240 -0.6446998 0.4523360 -0.3573883
1403636937.301666 13.1752815 8.2104225 -2.1377831 0.4940279 -0.6477920 0.4519348 -0.3633963
1403636937.601666 13.0646257 8.0103397 -2.2026196 0.4921254 -0.6493415 0.4533720 -0.3614167
1403636937.651666 13.0421848 7.9781704 -2.2145443 0.4938996 -0.6501979 0.4525202 -0.3585130
1403636937.951667 12.9650879 7.7779498 -2.2780380 0.4946122 -0.6380764 0.4729205 -0.3529356
1403636938.201667 12.8440657 7.6577539 -2.3482227 0.4782709 -0.6405597 0.4785779 -0.3631852
1403636938.551666 12.5676174 7.5175362 -2.4046211 0.4478219 -0.6738337 0.4433121 -0.3858473
1403636938.651666 12.4623461 7.4557219 -2.4070520 0.4463122 -0.6787812 0.4371629 -0.3859404
1403636938.701667 12.4062881 7.4225512 -2.4064417 0.4462325 -0.6772533 0.4403284 -0.3851176
1403636938.851666 12.2326508 7.3192654 -2.4080973 0.4537636 -0.6752909 0.4449246 -0.3743300
1403636938.901666 12.1754007 7.2817726 -2.4105825 0.4581116 -0.6732751 0.4494088 -0.3672416
1403636938.951667 12.1194067 7.2422314 -2.4158039 0.4615065 -0.6732364 0.4493434 -0.3631185
1403636939.401666 11.6380692 6.9055824 -2.5506563 0.4707922 -0.6657124 0.4561729 -0.3564940
1403636939.451667 11.5900106 6.8678102 -2.5703068 0.4698953 -0.6649097 0.4567405 -0.3584435
1403636939.501667 11.5392323 6.8280745 -2.5825577 0.4701747 -0.6641875 0.4567028 -0.3594626
1403636939.751667 11.2735500 6.6245923 -2.6018457 0.4689258 -0.6572218 0.4630855 -0.3656774
1403636939.851666 11.1638889 6.5395937 -2.6080484 0.4700317 -0.6575558 0.4620905 -0.3649152
1403636939.901666 11.1134424 6.4992638 -2.6180267 0.4693069 -0.6599129 0.4589030 -0.3656147
1403636940.001667 11.0068398 6.4224696 -2.6439934 0.4630799 -0.6641487 0.4585615 -0.3663125
1403636940.101666 10.8989325 6.3412027 -2.6636868 0.4599220 -0.6716893 0.4570158 -0.3583880
1403636940.551666 10.3246260 5.9440746 -2.6540422 0.4425747 -0.6912363 0.4547720 -0.3456912
1403636940.601666 10.2525778 5.8923836 -2.6383972 0.4445809 -0.6957302 0.4510666 -0.3388897
1403636940.651666 10.1768055 5.8386884 -2.6205664 0.4459120 -0.6969821 0.4500729 -0.3358760
1403636940.701667 10.0997801 5.7825012 -2.5942078 0.4482153 -0.6990330 0.4485382 -0.3305593
1403636940.901666 9.7895794 5.5586948 -2.4757481 0.4551903 -0.7047774 0.4427327 -0.3163519
1403636940.951667 9.7147779 5.5045834 -2.4415369 0.4562566 -0.7050517 0.4429238 -0.3139277
1403636941.051666 9.5642090 5.3925738 -2.3615942 0.4533432 -0.7057471 0.4431786 -0.3162182
1403636941.251667 9.2603436 5.1688948 -2.2173443 0.4500286 -0.7024065 0.4487443 -0.3205119
1403636941.451667 8.9639397 4.9530129 -2.1483517 0.4508683 -0.6986085 0.4513727 -0.3239239
1403636941.551666 8.8048382 4.8541021 -2.1080914 0.4521819 -0.6961593 0.4523679 -0.3259711
1403636941.601666 8.7238493 4.8049169 -2.0932846 0.4541120 -0.6949662 0.4515562 -0.3269577
1403636941.901666 8.2130470 4.4921231 -2.0436182 0.4590783 -0.6954325 0.4453841 -0.3274963
1403636941.951667 8.1292152 4.4384489 -2.0250769 0.4605289 -0.6953824 0.4453706 -0.3255788
1403636942.001667 8.0465517 4.3876882 -2.0083313 0.4600702 -0.6960782 0.4428087 -0.3282241
1403636942.201667 7.7366228 4.1867590 -1.9631891 0.4551102 -0.6957610 0.4431534 -0.3352707
1403636942.301666 7.5924873 4.0815864 -1.9223108 0.4525435 -0.6977969 0.4416550 -0.3364889
1403636942.401666 7.4479685 3.9812927 -1.9027357 0.4497475 -0.6979272 0.4422066 -0.3392318
1403636942.451667 7.3742766 3.9301467 -1.9023323 0.4483574 -0.6983567 0.4421240 -0.3402941
1403636942.651666 7.0783954 3.7059295 -1.9524107 0.4493696 -0.7054821 0.4348228 -0.3336032
1403636942.751667 6.9289169 3.5838883 -1.9853449 0.4525793 -0.7061467 0.4357832 -0.3265302
1403636942.851666 6.7754545 3.4571009 -2.0031013 0.4542882 -0.7023850 0.4420545 -0.3238294
1403636942.901666 6.6984367 3.3935075 -2.0087438 0.4560419 -0.7005799 0.4457228 -0.3202261
1403636943.201667 6.2372603 2.9978557 -2.0272007 0.4522249 -0.6911355 0.4623085 -0.3226379
1403636943.301666 6.0797286 2.8699694 -2.0440297 0.4525479 -0.6873511 0.4685889 -0.3212061
1403636943.351666 6.0066485 2.8102133 -2.0580330 0.4525088 -0.6881753 0.4685264 -0.3195835
1403636943.401666 5.9338284 2.7547636 -2.0690460 0.4513221 -0.6877757 0.4704077 -0.3193582
1403636943.451667 5.8611898 2.7000093 -2.0810819 0.4508447 -0.6877719 0.4715064 -0.3184190
1403636943.601666 5.6300926 2.5332401 -2.1424499 0.4516258 -0.6854276 0.4760714 -0.3155617
1403636943.701667 5.4933724 2.4258890 -2.1647782 0.4498371 -0.6841737 0.4795754 -0.3155319
1403636943.851666 5.2955346 2.2643495 -2.2135334 0.4509901 -0.6818674 0.4813295 -0.3162071
1403636943.901666 5.2293983 2.2133303 -2.2418075 0.4545771 -0.6831840 0.4768302 -0.3150431
1403636944.051666 5.0375276 2.0806260 -2.3360133 0.4709830 -0.6887673 0.4547598 -0.3113973
1403636944.101666 4.9727607 2.0420787 -2.3638248 0.4757174 -0.6914722 0.4473830 -0.3088812
1403636944.151666 4.9112496 2.0062156 -2.3893375 0.4787620 -0.6924020 0.4432057 -0.3081153
1403636944.251667 4.7980447 1.9393698 -2.4450660 0.4813869 -0.6907451 0.4400769 -0.3122020
1403636944.351666 4.6898222 1.8708900 -2.4912701 0.4858520 -0.6871415 0.4420302 -0.3104736
1403636944.751667 4.3322043 1.4709542 -2.5708132 0.4893386 -0.6500668 0.4792856 -0.3290080
1403636944.901666 4.2119069 1.4117415 -2.5818458 0.4900568 -0.6464531 0.4758582 -0.3398555
1403636945.551666 3.7513638 1.1977878 -2.4480205 0.4935626 -0.6482044 0.4639806 -0.3477775
1403636945.601666 3.7054267 1.1990061 -2.4519062 0.4938309 -0.6511223 0.4608498 -0.3461043
1403636945.651666 3.6602383 1.2019984 -2.4585624 0.4963178 -0.6541977 0.4573880 -0.3413068
1403636945.701667 3.6179979 1.2075645 -2.4682336 0.4987790 -0.6583716 0.4522501 -0.3365059
1403636945.801666 3.5354025 1.2213738 -2.4924870 0.5051325 -0.6641122 0.4440952 -0.3264594
1403636946.201667 3.3290186 1.3034258 -2.6720619 0.4940059 -0.6569247 0.4617054 -0.3335211
1403636946.651666 3.2274060 1.4062526 -3.0652618 0.4883693 -0.6586131 0.4667243 -0.3315005
1403636946.801666 3.1803634 1.4401214 -3.2220159 0.4755951 -0.6686259 0.4531509 -0.3484295
1403636946.851666 3.1637375 1.4479074 -3.2715476 0.4711284 -0.6726366 0.4474680 -0.3540770
1403636946.901666 3.1472082 1.4528584 -3.3157420 0.4696409 -0.6731097 0.4466617 -0.3561659
1403636947.101666 3.0910149 1.4494598 -3.5321453 0.4632533 -0.6819803 0.4335573 -0.3637682
1403636947.251667 3.0488501 1.4237690 -3.6746962 0.4827758 -0.6805115 0.4382746 -0.3342859
1403636947.301666 3.0370171 1.4100502 -3.7101619 0.4878484 -0.6818231 0.4375570 -0.3250619
1403636947.751667 2.9822590 1.2693040 -3.8228688 0.4878639 -0.6744115 0.4521163 -0.3205447
1403636947.951667 3.0045478 1.2538252 -3.8462021 0.4957303 -0.6613157 0.4701616 -0.3096145
1403636948.001667 3.0129793 1.2568436 -3.8529305 0.4952756 -0.6639748 0.4663192 -0.3104610
1403636948.751667 3.3415627 1.3747883 -3.8948164 0.5140013 -0.6355907 0.4876890 -0.3065724
1403636948.801666 3.3741488 1.4017301 -3.8968277 0.5090629 -0.6380913 0.4834473 -0.3161854
1403636948.851666 3.4068010 1.4304972 -3.9000068 0.5067479 -0.6401808 0.4792767 -0.3219769
1403636949.051666 3.5401022 1.5575564 -3.9212608 0.4876646 -0.6438029 0.4697895 -0.3563692
1403636949.101666 3.5757856 1.5916119 -3.9311018 0.4878708 -0.6440489 0.4675401 -0.3585935
1403636949.201667 3.6471901 1.6599190 -3.9396353 0.4914638 -0.6432948 0.4675260 -0.3550418
1403636949.251667 3.6853428 1.6948893 -3.9489851 0.4936508 -0.6424773 0.4677696 -0.3531623
1403636949.401666 3.7954721 1.8091073 -3.9769187 0.4903531 -0.6445994 0.4636400 -0.3592820
1403636949.451667 3.8247030 1.8519368 -3.9778695 0.4901450 -0.6450683 0.4622237 -0.3605468
1403636949.751667 3.9701233 2.1350336 -3.9633274 0.4924833 -0.6504515 0.4542776 -0.3577777
1403636949.801666 3.9876199 2.1787925 -3.9674387 0.4952199 -0.6512755 0.4528202 -0.3543325
1403636949.851666 4.0055399 2.2226567 -3.9686117 0.4962052 -0.6565485 0.4458855 -0.3520094
1403636949.951667 4.0520649 2.3061533 -3.9728975 0.5002756 -0.6578367 0.4442477 -0.3458600
1403636950.001667 4.0805779 2.3470557 -3.9726295 0.4996614 -0.6603066 0.4416541 -0.3453627
1403636950.201667 4.2024150 2.5124180 -3.9481425 0.5039341 -0.6647941 0.4370029 -0.3363447
1403636950.351666 4.2762518 2.6339285 -3.9290361 0.5048314 -0.6588435 0.4478247 -0.3324507
1403636950.401666 4.3028970 2.6741817 -3.9297490 0.5050889 -0.6568465 0.4511180 -0.3315580
1403636950.651666 4.4358912 2.8665981 -3.9051590 0.5065678 -0.6397211 0.4749519 -0.3294949
1403636950.751667 4.4972510 2.9556339 -3.8660498 0.5036635 -0.6422296 0.4719702 -0.3333294
1403636950.901666 4.5910263 3.0999348 -3.7909803 0.4949982 -0.6458138 0.4670422 -0.3460821
1403636951.001667 4.6560102 3.1998959 -3.7292194 0.4943383 -0.6439442 0.4679355 -0.3492876
1403636951.051666 4.6911325 3.2509079 -3.6949000 0.4916768 -0.6437624 0.4668661 -0.3547673
1403636951.101666 4.7246099 3.3035440 -3.6517639 0.4885729 -0.6481881 0.4616823 -0.3577685
1403636951.201667 4.7883267 3.4182012 -3.5601492 0.4897474 -0.6533941 0.4535407 -0.3571057
1403636951.401666 4.9063330 3.6474719 -3.4111090 0.4987380 -0.6607043 0.4441969 -0.3426650
1403636951.501667 4.9671474 3.7643204 -3.3468108 0.5010459 -0.6618991 0.4430766 -0.3384163
1403636951.551666 4.9977202 3.8238149 -3.3129010 0.5000997 -0.6622208 0.4434386 -0.3387125
1403636951.601666 5.0253639 3.8856010 -3.2762327 0.5025654 -0.6629571 0.4433481 -0.3337039
1403636951.851666 5.1526470 4.2223935 -3.0552268 0.4982750 -0.6509590 0.4614845 -0.3391262
1403636951.901666 5.1777430 4.2941670 -3.0036583 0.4968234 -0.6498023 0.4638650 -0.3402245
1403636951.951667 5.2057195 4.3663745 -2.9525733 0.4988439 -0.6494214 0.4652919 -0.3360210
1403636952.051666 5.2719812 4.5159636 -2.8531141 0.5003322 -0.6498734 0.4649862 -0.3333468
1403636952.151666 5.3281651 4.6657343 -2.7613735 0.4968781 -0.6499861 0.4658177 -0.3371116
1403636952.201667 5.3595858 4.7416654 -2.7198834 0.4942067 -0.6499630 0.4662420 -0.3404796
1403636952.301666 5.4218931 4.8965182 -2.6409264 0.4878043 -0.6515903 0.4641010 -0.3494099
1403636952.501667 5.5337181 5.2073030 -2.5454326 0.4834396 -0.6478701 0.4667330 -0.3587630
1403636952.601666 5.5837631 5.3763556 -2.5164719 0.4879012 -0.6473617 0.4682855 -0.3515451
1403636952.651666 5.6170926 5.4634452 -2.4998198 0.4883746 -0.6465883 0.4692377 -0.3510410
1403636952.801666 5.7065740 5.7352810 -2.4393101 0.4906969 -0.6492887 0.4660691 -0.3470164
1403636953.001667 5.8096547 6.1153760 -2.3470645 0.4909443 -0.6595398 0.4507616 -0.3475558
1403636953.051666 5.8347158 6.2140765 -2.3234715 0.4908440 -0.6612536 0.4483810 -0.3475204
1403636953.201667 5.8959327 6.5003042 -2.2521071 0.4870024 -0.6670251 0.4410238 -0.3512893
1403636953.301666 5.9328337 6.6898041 -2.2207718 0.4884338 -0.6660349 0.4427521 -0.3489994
1403636953.501667 6.0266280 7.0742769 -2.1366191 0.4886293 -0.6598015 0.4540991 -0.3459732
1403636953.551666 6.0503726 7.1701803 -2.1058850 0.4888678 -0.6578330 0.4569892 -0.3455792
1403636953.751667 6.1460533 7.5608811 -1.9453602 0.4999075 -0.6561773 0.4559808 -0.3340741
1403636953.801666 6.1710887 7.6597614 -1.8927174 0.5009589 -0.6543698 0.4582156 -0.3329846
1403636953.851666 6.1953516 7.7575579 -1.8316107 0.5023826 -0.6526250 0.4597955 -0.3320850
1403636954.051666 6.3151059 8.1725998 -1.5779448 0.5013468 -0.6588204 0.4511552 -0.3332657
1403636954.151666 6.3798714 8.3924255 -1.4540882 0.5016670 -0.6578446 0.4511103 -0.3347690
1403636954.251667 6.4519663 8.6125231 -1.3391819 0.5023302 -0.6584709 0.4507244 -0.3330584
1403636954.301666 6.4896755 8.7228060 -1.2666149 0.5029859 -0.6597896 0.4494649 -0.3311560
1403636954.351666 6.5271683 8.8324184 -1.1940660 0.5036530 -0.6624398 0.4465689 -0.3287606
1403636954.401666 6.5618172 8.9409103 -1.1282320 0.5055182 -0.6615869 0.4473632 -0.3265275
1403636954.451667 6.5972109 9.0484238 -1.0714550 0.5035332 -0.6605183 0.4500049 -0.3281243
1403636954.501667 6.6336451 9.1574974 -1.0157995 0.5020060 -0.6617817 0.4490404 -0.3292378
1403636954.701667 6.7913895 9.6070662 -0.8055553 0.5006749 -0.6668350 0.4486969 -0.3214452
1403636954.751667 6.8352127 9.7237072 -0.7601643 0.4977979 -0.6661624 0.4517079 -0.3230867
1403636954.801666 6.8806105 9.8398800 -0.7191906 0.4951900 -0.6627573 0.4577380 -0.3256004
1403636954.851666 6.9297113 9.9544601 -0.6827374 0.4926028 -0.6624788 0.4604034 -0.3263327
1403636955.101666 7.1612978 10.5609207 -0.4834757 0.4848772 -0.6685866 0.4631914 -0.3214653
1403636955.151666 7.2086687 10.6847773 -0.4362402 0.4836650 -0.6682512 0.4665429 -0.3191337
1403636955.201667 7.2571115 10.8078976 -0.3835192 0.4824099 -0.6706073 0.4655558 -0.3175284
1403636955.251667 7.3052320 10.9340782 -0.3247452 0.4820749 -0.6724650 0.4642664 -0.3159925
1403636955.301666 7.3559732 11.0598984 -0.2708406 0.4793772 -0.6695539 0.4696774 -0.3182738
1403636955.401666 7.4596033 11.3101416 -0.1523933 0.4778866 -0.6732474 0.4690903 -0.3135549
1403636955.451667 7.5094709 11.4374475 -0.0913839 0.4779221 -0.6771840 0.4668989 -0.3082497
1403636955.501667 7.5584745 11.5675783 -0.0289259 0.4781452 -0.6817107 0.4623071 -0.3048279
1403636955.551666 7.6129494 11.6993408 0.0383987 0.4789963 -0.6829383 0.4612297 -0.3023658
1403636955.601666 7.6680603 11.8335390 0.1080341 0.4767559 -0.6821911 0.4643205 -0.3028623
1403636955.751667 7.8407679 12.2387218 0.3010035 0.4747611 -0.6868897 0.4623540 -0.2983509
1403636955.801666 7.9052935 12.3766203 0.3678875 0.4745106 -0.6846794 0.4655390 -0.2988768
1403636955.851666 7.9707613 12.5126038 0.4302082 0.4752217 -0.6854984 0.4635671 -0.2989346
1403636955.901666 8.0344839 12.6475983 0.4914846 0.4709126 -0.6857291 0.4648842 -0.3031496
1403636955.951667 8.1014090 12.7829571 0.5583582 0.4695738 -0.6889039 0.4607908 -0.3042761
1403636956.001667 8.1699743 12.9155445 0.6270208 0.4660086 -0.6890570 0.4606020 -0.3096486
1403636956.151666 8.3767090 13.2969456 0.8304424 0.4555827 -0.6986719 0.4498428 -0.3192860
1403636956.201667 8.4472437 13.4188061 0.8920240 0.4538994 -0.7012241 0.4469428 -0.3201599
1403636956.251667 8.5195608 13.5401897 0.9472275 0.4539180 -0.7056090 0.4416034 -0.3179008
1403636956.351666 8.6642542 13.7835999 1.0558958 0.4595791 -0.7052096 0.4433386 -0.3080868
1403636956.401666 8.7405119 13.9026623 1.1089964 0.4642946 -0.7050633 0.4437518 -0.3006671
1403636956.451667 8.8133030 14.0204058 1.1744452 0.4665662 -0.7024564 0.4479846 -0.2969528
1403636956.501667 8.8836498 14.1365862 1.2484503 0.4695663 -0.6982835 0.4519196 -0.2961020
1403636956.551666 8.9564037 14.2538900 1.3276320 0.4687254 -0.6935582 0.4571493 -0.3004799
1403636956.601666 9.0341110 14.3708630 1.4140654 0.4668366 -0.6865747 0.4624764 -0.3111179
1403636956.651666 9.1117649 14.4884911 1.5084181 0.4674467 -0.6789978 0.4645825 -0.3234482
1403636956.701667 9.1825676 14.6035490 1.6127596 0.4688790 -0.6745036 0.4623092 -0.3338678
1403636956.851666 9.3794355 14.9451675 1.9768381 0.4831609 -0.6619176 0.4454208 -0.3605842
1403636956.901666 9.4432955 15.0535011 2.1002150 0.4937447 -0.6557506 0.4377497 -0.3668547
1403636956.951667 9.5094080 15.1649532 2.2106314 0.5044106 -0.6493145 0.4321224 -0.3704469
1403636957.051666 9.6297159 15.3908062 2.4296627 0.5283881 -0.6275642 0.4254440 -0.3820557
1403636957.101666 9.6845484 15.5032196 2.5480251 0.5401354 -0.6152098 0.4242912 -0.3869726
1403636957.151666 9.7275724 15.6202469 2.6660490 0.5519325 -0.6073009 0.4168938 -0.3908399
1403636957.201667 9.7676268 15.7382154 2.7885733 0.5622972 -0.5975917 0.4130306 -0.3951098
1403636957.251667 9.8086872 15.8581476 2.9093618 0.5698420 -0.5901394 0.4085441 -0.4001342
1403636957.301666 9.8504934 15.9814854 3.0237627 0.5772234 -0.5843332 0.4028116 -0.4038697
1403636957.451667 9.9565516 16.3386173 3.3478088 -0.5912367 0.5689508 -0.3942534 0.4138820
1403636957.551666 10.0264130 16.5669613 3.5253029 -0.5953344 0.5609848 -0.3921007 0.4208682
1403636957.601666 10.0595798 16.6788025 3.6062698 -0.5977319 0.5573412 -0.3900611 0.4241930
1403636957.651666 10.0895042 16.7910233 3.6778355 -0.6021464 0.5529673 -0.3876040 0.4259226
1403636957.801666 10.1592607 17.1352062 3.8404007 -0.6196560 0.5377757 -0.3708785 0.4350551
1403636958.051666 10.2637968 17.7015381 4.1388512 -0.6582412 0.4794788 -0.3392817 0.4708573
1403636958.101666 10.2906322 17.8113995 4.2034664 -0.6682984 0.4645398 -0.3361466 0.4739046
1403636958.451667 10.4504967 18.5659294 4.6621399 -0.7075372 0.4035411 -0.3037678 0.4942377
1403636958.751667 10.5752068 19.1838169 5.0628052 -0.7181552 0.3873726 -0.2989905 0.4947729
1403636958.801666 10.5965462 19.2872086 5.1229725 -0.7194281 0.3859792 -0.3002688 0.4932362
1403636958.951667 10.6607952 19.5980816 5.3307781 -0.7199939 0.3884070 -0.3013909 0.4898084
1403636959.401666 10.8270044 20.4532700 5.8769474 -0.7167722 0.3923868 -0.3130106 0.4840398
1403636959.751667 10.8649397 21.0807419 6.1450615 -0.7048930 0.3979898 -0.3093400 0.4990379
1403636960.451667 10.8346224 22.2125778 6.8952084 -0.7106302 0.3916662 -0.3262420 0.4849418
1403636960.601666 10.8051968 22.4729080 7.0180740 -0.7124546 0.3810670 -0.3272784 0.4899851
1403636960.651666 10.7912903 22.5578442 7.0513268 -0.7124558 0.3779197 -0.3265015 0.4929302
1403636960.951667 10.6390581 23.0786877 7.1602554 -0.7272136 0.3718112 -0.2834474 0.5025678
1403636961.101666 10.5295811 23.3499069 7.2505150 -0.7422642 0.3451676 -0.2584745 0.5129270
1403636961.151666 10.4915619 23.4410019 7.2858658 -0.7473951 0.3352523 -0.2502469 0.5161231
1403636961.201667 10.4575291 23.5297012 7.3176670 -0.7531708 0.3251936 -0.2412910 0.5184221
1403636961.301666 10.3890285 23.7137566 7.3963776 -0.7620514 0.3042418 -0.2257999 0.5250991
1403636961.551666 10.2137680 24.1642933 7.6216011 -0.7746581 0.2678339 -0.2012447 0.5363491
1403636961.801666 10.0208797 24.6352863 7.8716335 -0.7839909 0.2316396 -0.1757832 0.5484539
1403636961.851666 9.9760685 24.7299385 7.9270401 -0.7860324 0.2215975 -0.1723478 0.5507665
1403636962.101666 9.7316017 25.1978951 8.1802139 -0.7979515 0.1766941 -0.1418163 0.5585166
1403636962.201667 9.6214333 25.3754406 8.2769451 -0.8019373 0.1566378 -0.1290779 0.5618719
1403636962.251667 9.5600071 25.4632339 8.3263245 -0.8021713 0.1454991 -0.1233921 0.5657965
1403636962.351666 9.4223747 25.6399403 8.4263496 -0.8049511 0.1256528 -0.1081826 0.5697032
1403636962.451667 9.2711143 25.8090839 8.5389824 -0.8082295 0.1058957 -0.0933098 0.5717032
1403636962.551666 9.1144485 25.9705715 8.6540375 -0.8094096 0.0795829 -0.0851886 0.5755568
1403636962.601666 9.0353832 26.0501499 8.7096691 -0.8106631 0.0667317 -0.0812393 0.5759970
1403636962.701667 8.8707695 26.2124100 8.8171120 -0.8121158 0.0429984 -0.0742174 0.5771576
1403636962.951667 8.3914251 26.6058540 9.0636616 -0.8114507 0.0168852 -0.0569555 0.5813939
1403636963.001667 8.2900085 26.6810684 9.1138382 -0.8086466 0.0166098 -0.0530578 0.5856619
1403636963.051666 8.1873531 26.7549057 9.1566811 -0.8046184 0.0190739 -0.0474290 0.5915875
1403636963.501667 7.2161031 27.3600960 9.4709644 -0.8016262 0.0349755 -0.0398657 0.5954686
1403636963.651666 6.8857355 27.5199718 9.5499878 -0.8027691 0.0380571 -0.0449973 0.5933708
1403636963.751667 6.6588273 27.6226196 9.6019306 -0.8024874 0.0399531 -0.0485098 0.5933502
1403636963.801666 6.5438223 27.6695652 9.6330338 -0.8016646 0.0420198 -0.0496664 0.5942234
1403636964.001667 6.0656419 27.8447437 9.7653713 -0.8039278 0.0457303 -0.0511557 0.5907553
1403636964.051666 5.9413509 27.8864994 9.7946033 -0.8025838 0.0448473 -0.0530725 0.5924789
1403636964.101666 5.8156509 27.9291077 9.8208466 -0.8020050 0.0452334 -0.0528362 0.5932541
1403636964.201667 5.5560293 28.0080605 9.8907413 -0.8004405 0.0444767 -0.0538401 0.5953302
1403636964.451667 4.9085231 28.2056541 10.0192528 -0.7991610 0.0399856 -0.0558867 0.5971764
1403636964.501667 4.7710276 28.2435608 10.0457287 -0.7990384 0.0360653 -0.0583603 0.5973533
1403636964.551666 4.6323357 28.2775917 10.0659084 -0.8027509 0.0357334 -0.0570807 0.5924996
1403636964.651666 4.3418083 28.3213806 10.1108265 -0.8013049 0.0235386 -0.0571088 0.5950590
1403636964.751667 4.0383377 28.3437691 10.1287079 -0.8028924 0.0083806 -0.0551035 0.5935127
1403636964.851666 3.7221885 28.3673515 10.1507797 -0.7985884 -0.0088856 -0.0447594 0.6001452
1403636964.951667 3.3979306 28.3888531 10.1713428 -0.7973669 -0.0246495 -0.0259622 0.6024321
1403636965.051666 3.0688968 28.3981380 10.1895065 -0.7941955 -0.0430740 -0.0042781 0.6061187
1403636965.151666 2.7460077 28.3924236 10.2201862 -0.7922050 -0.0611213 0.0126896 0.6070538
1403636965.251667 2.4283652 28.3782291 10.2636166 -0.7998840 -0.0721878 0.0232940 0.5953417
1403636965.351666 2.1172864 28.3610725 10.2948761 -0.8073997 -0.0842806 0.0284132 0.5832626
1403636965.401666 1.9683020 28.3538570 10.3067074 -0.8117524 -0.0862576 0.0335893 0.5766190
1403636965.451667 1.8258123 28.3462429 10.3178635 -0.8163428 -0.0873671 0.0368429 0.5697315
1403636965.501667 1.6835265 28.3381767 10.3321934 -0.8200526 -0.0854179 0.0434108 0.5642102
1403636965.551666 1.5421295 28.3297482 10.3508377 -0.8190119 -0.0803925 0.0521241 0.5657206
1403636965.601666 1.3999314 28.3204861 10.3731441 -0.8143858 -0.0747191 0.0616378 0.5721833
1403636965.651666 1.2594595 28.3086948 10.4026146 -0.8088449 -0.0693495 0.0674614 0.5800082
1403636965.701667 1.1193571 28.2980347 10.4340210 -0.8034488 -0.0666374 0.0729461 0.5871186
1403636965.751667 0.9777622 28.2923584 10.4666462 -0.7989845 -0.0611028 0.0788081 0.5930257
1403636965.801666 0.8402572 28.2855148 10.5008221 -0.7934518 -0.0600326 0.0785450 0.6005507
1403636965.851666 0.7075958 28.2740612 10.5288830 -0.7894740 -0.0639063 0.0725317 0.6061239
1403636965.951667 0.4438157 28.2448444 10.5743446 -0.7881404 -0.0652922 0.0649390 0.6085676
1403636966.001667 0.3133731 28.2237129 10.5904217 -0.7846222 -0.0681709 0.0619266 0.6130953
1403636966.101666 0.0610633 28.1692123 10.6001549 -0.7811719 -0.0692806 0.0594467 0.6176056
1403636966.451667 -0.8405869 27.8793144 10.6188450 -0.7757115 -0.0550787 0.0784647 0.6237639
1403636966.601666 -1.2321081 27.7163582 10.6114006 -0.7749482 -0.0467076 0.0894159 0.6239219
1403636966.701667 -1.4785118 27.5870285 10.5686970 -0.7760953 -0.0513479 0.0783560 0.6236184
1403636966.901666 -1.9531305 27.3034401 10.4908924 -0.7732400 -0.0525221 0.0723039 0.6277845
1403636967.051666 -2.3022783 27.1013336 10.4177494 -0.7702562 -0.0501254 0.0721050 0.6316596
1403636967.201667 -2.6678514 26.9111748 10.3158531 -0.7715380 -0.0516196 0.0645615 0.6307904
1403636967.251667 -2.7907305 26.8456802 10.2782879 -0.7713135 -0.0511198 0.0635309 0.6312101
1403636967.501667 -3.4065971 26.4906292 10.1028194 -0.7695934 -0.0512975 0.0557236 0.6340264
1403636967.601666 -3.6550307 26.3254490 10.0466404 -0.7686653 -0.0519659 0.0524342 0.6353769
1403636967.651666 -3.7823038 26.2361603 10.0196362 -0.7686911 -0.0512138 0.0506622 0.6355507
1403636968.001667 -4.6462312 25.5274086 9.8557014 -0.7647848 -0.0548342 0.0436510 0.6404625
1403636968.051666 -4.7623692 25.4104195 9.8231258 -0.7669057 -0.0566861 0.0425562 0.6378333
1403636968.151666 -4.9905744 25.1723919 9.7641220 -0.7707372 -0.0561398 0.0452258 0.6330616
1403636968.201667 -5.1010656 25.0554905 9.7324867 -0.7706578 -0.0582127 0.0447146 0.6330075
1403636968.301666 -5.3133287 24.8097916 9.6821194 -0.7754540 -0.0555067 0.0441396 0.6274087
1403636968.451667 -5.6308775 24.3925285 9.6260166 -0.7763448 -0.0557623 0.0440936 0.6262869
1403636968.551666 -5.8384457 24.1066399 9.6107407 -0.7790090 -0.0550619 0.0439039 0.6230456
1403636968.651666 -6.0457687 23.8139915 9.6070442 -0.7807721 -0.0597326 0.0370366 0.6208504
1403636968.951667 -6.6327109 22.8824692 9.6421127 -0.7807476 -0.0628227 0.0313687 0.6208884
1403636969.001667 -6.7271538 22.7299385 9.6491756 -0.7802655 -0.0607116 0.0334937 0.6215931
1403636969.051666 -6.8226871 22.5760078 9.6618462 -0.7798517 -0.0595983 0.0351192 0.6221302
1403636969.151666 -7.0140071 22.2717838 9.6829071 -0.7838688 -0.0576663 0.0372636 0.6171190
1403636969.201667 -7.1095443 22.1203117 9.6931515 -0.7868959 -0.0573257 0.0366804 0.6133215
1403636969.401666 -7.4975538 21.4938202 9.7282772 -0.7968048 -0.0568211 0.0387616 0.6003091
1403636969.451667 -7.5971580 21.3395672 9.7431526 -0.7986190 -0.0568037 0.0359906 0.5980684
1403636969.701667 -8.1112003 20.5784016 9.8038692 -0.8003078 -0.0551404 0.0341478 0.5960712
1403636969.751667 -8.2173481 20.4273243 9.8102169 -0.7999133 -0.0536177 0.0343010 0.5967305
1403636969.801666 -8.3258190 20.2816849 9.8203754 -0.8003544 -0.0541207 0.0332540 0.5961525
1403636969.951667 -8.6526766 19.8464432 9.8412895 -0.7984487 -0.0556981 0.0303806 0.5987107
1403636970.051666 -8.8801479 19.5659657 9.8500633 -0.7951859 -0.0521818 0.0343470 0.6031390
1403636970.101666 -8.9961195 19.4240780 9.8535080 -0.7933291 -0.0547316 0.0314725 0.6055104
1403636970.151666 -9.1135206 19.2817230 9.8534451 -0.7909112 -0.0540732 0.0315510 0.6087201
1403636970.251667 -9.3527899 18.9950733 9.8507328 -0.7878987 -0.0538756 0.0314845 0.6126352
1403636970.301666 -9.4735994 18.8485374 9.8471680 -0.7892871 -0.0550154 0.0307323 0.6107820
1403636970.351666 -9.5966635 18.7009544 9.8402786 -0.7903863 -0.0552908 0.0310261 0.6093192
1403636970.451667 -9.8424978 18.3950882 9.8398018 -0.7960584 -0.0590916 0.0268640 0.6017287
1403636970.501667 -9.9619932 18.2406635 9.8412399 -0.7995815 -0.0573655 0.0302225 0.5970473
1403636970.551666 -10.0786467 18.0900669 9.8464603 -0.8028197 -0.0593670 0.0279270 0.5926012
1403636970.601666 -10.1957760 17.9431648 9.8518543 -0.8038799 -0.0603023 0.0277561 0.5910757
1403636970.651666 -10.3118124 17.7967052 9.8603210 -0.8055657 -0.0612758 0.0272952 0.5886971
1403636970.701667 -10.4281731 17.6507072 9.8703060 -0.8089967 -0.0618019 0.0276090 0.5839029
1403636970.751667 -10.5442066 17.5093613 9.8791962 -0.8105220 -0.0618728 0.0279774 0.5817586
1403636970.801666 -10.6607265 17.3732033 9.8820839 -0.8120850 -0.0627708 0.0275797 0.5794972
1403636970.851666 -10.7784853 17.2394943 9.8817368 -0.8154944 -0.0640067 0.0263188 0.5746123
1403636970.901666 -10.8980742 17.1107693 9.8782558 -0.8182483 -0.0643242 0.0271808 0.5706079
1403636970.951667 -11.0176420 16.9805412 9.8776779 -0.8197202 -0.0640450 0.0290564 0.5684302
1403636971.001667 -11.1372128 16.8519135 9.8723068 -0.8203447 -0.0612356 0.0334833 0.5675948
1403636971.051666 -11.2563915 16.7232704 9.8683701 -0.8175883 -0.0591657 0.0377380 0.5715109
1403636971.101666 -11.3750401 16.5938339 9.8605556 -0.8175004 -0.0543802 0.0448340 0.5715994
1403636971.151666 -11.4913454 16.4664116 9.8533726 -0.8129377 -0.0521037 0.0500652 0.5778505
1403636971.201667 -11.6061134 16.3401546 9.8466816 -0.8117391 -0.0472815 0.0564153 0.5793629
1403636971.251667 -11.7218409 16.2191257 9.8355522 -0.8085335 -0.0432992 0.0620444 0.5835660
1403636971.301666 -11.8311262 16.0980053 9.8214664 -0.8049880 -0.0404883 0.0678014 0.5880120
1403636971.351666 -11.9292078 15.9769030 9.8023510 -0.8047604 -0.0355617 0.0738424 0.5879146
1403636971.401666 -12.0239220 15.8581429 9.7827396 -0.8023006 -0.0355046 0.0769863 0.5908691
1403636971.451667 -12.1095467 15.7505436 9.7614174 -0.8012560 -0.0356891 0.0766874 0.5923125
1403636971.501667 -12.1900692 15.6532965 9.7425480 -0.8035746 -0.0368099 0.0764626 0.5891235
1403636971.551666 -12.2658682 15.5541906 9.7261486 -0.8006058 -0.0404257 0.0733768 0.5933059
1403636971.601666 -12.3374882 15.4534397 9.7057095 -0.7988656 -0.0439209 0.0690227 0.5959200
1403636971.651666 -12.4056759 15.3523026 9.6861706 -0.7950284 -0.0481815 0.0656876 0.6010770
1403636971.701667 -12.4698000 15.2512884 9.6663723 -0.7939048 -0.0530823 0.0598732 0.6027542
1403636971.751667 -12.5351334 15.1468201 9.6410732 -0.7911923 -0.0551625 0.0587359 0.6062359
1403636971.901666 -12.7323837 14.8197498 9.5618019 -0.7876238 -0.0576579 0.0589873 0.6106104
1403636971.951667 -12.7997608 14.7068043 9.5354881 -0.7870813 -0.0582287 0.0595347 0.6112021
1403636972.001667 -12.8645906 14.5939589 9.5022049 -0.7871794 -0.0590098 0.0593154 0.6110223
1403636972.151666 -13.0515203 14.2531052 9.4260244 -0.7883354 -0.0622250 0.0567232 0.6094570
1403636972.201667 -13.1132984 14.1394768 9.4026060 -0.7906048 -0.0618783 0.0581181 0.6064135
1403636972.251667 -13.1747723 14.0254850 9.3721733 -0.7918648 -0.0586613 0.0622591 0.6046757
1403636972.301666 -13.2338610 13.9094343 9.3464642 -0.7967057 -0.0583792 0.0629411 0.5982394
1403636972.351666 -13.2910271 13.7866936 9.3277721 -0.8001222 -0.0602436 0.0592605 0.5938548
1403636972.401666 -13.3496628 13.6597843 9.3128424 -0.8009094 -0.0605361 0.0583462 0.5928535
1403636972.451667 -13.4079990 13.5309296 9.3022337 -0.7985997 -0.0610985 0.0572325 0.5960118
1403636972.501667 -13.4630489 13.3990402 9.2979355 -0.7971979 -0.0609339 0.0565503 0.5979670
1403636972.551666 -13.5126143 13.2672119 9.2946711 -0.7984204 -0.0612434 0.0556658 0.5963855
1403636972.701667 -13.6635551 12.8794880 9.2700043 -0.7948855 -0.0631524 0.0504190 0.6013541
1403636972.751667 -13.7140694 12.7523098 9.2614717 -0.7925106 -0.0638369 0.0484977 0.6045657
1403636972.801666 -13.7654009 12.6244392 9.2550354 -0.7950073 -0.0628022 0.0471556 0.6014945
1403636972.951667 -13.9250250 12.2267962 9.2325954 -0.7950265 -0.0591315 0.0443564 0.6020538
1403636973.001667 -13.9815235 12.0906897 9.2252617 -0.7965108 -0.0554458 0.0407941 0.6006932
1403636973.051666 -14.0386209 11.9530478 9.2166290 -0.7981834 -0.0503181 0.0377604 0.5991206
1403636973.151666 -14.1539831 11.6720800 9.1976757 -0.7976947 -0.0403858 0.0325804 0.6008250
1403636973.201667 -14.2120695 11.5279179 9.1911230 -0.7985339 -0.0359471 0.0304262 0.6001048
1403636973.251667 -14.2697802 11.3813429 9.1848755 -0.7960367 -0.0331677 0.0280766 0.6036863
1403636973.301666 -14.3262806 11.2293444 9.1799030 -0.7974764 -0.0294398 0.0256113 0.6020869
1403636973.351666 -14.3822041 11.0718489 9.1711035 -0.7974050 -0.0265314 0.0240128 0.6023825
1403636973.401666 -14.4396095 10.9139700 9.1554041 -0.7987033 -0.0240578 0.0205650 0.6008923
1403636973.451667 -14.5006056 10.7563047 9.1308966 -0.7995988 -0.0212421 0.0219723 0.5997565
1403636973.501667 -14.5618372 10.5971422 9.1103964 -0.7982091 -0.0210178 0.0187137 0.6017227
1403636973.751667 -14.8780069 9.7882748 8.9903374 -0.7921590 -0.0186334 0.0141697 0.6098656
1403636973.801666 -14.9413624 9.6205273 8.9680538 -0.7909300 -0.0189938 0.0135959 0.6114607
1403636973.851666 -15.0047646 9.4495363 8.9451122 -0.7907089 -0.0185815 0.0136258 0.6117586
1403636974.001667 -15.1898289 8.9211140 8.8867817 -0.7923006 -0.0128281 0.0191548 0.6096952
1403636974.201667 -15.4254112 8.1856194 8.8205681 -0.7992356 0.0083830 0.0088832 0.6008937
1403636974.251667 -15.4811411 8.0004520 8.7929401 -0.7994493 0.0168924 0.0010755 0.6004951
1403636974.351666 -15.6000757 7.6276827 8.7341280 -0.7998207 0.0374175 -0.0175461 0.5988147
1403636974.451667 -15.7308922 7.2546682 8.6503601 -0.7960494 0.0621868 -0.0321891 0.6011671
1403636974.501667 -15.7959681 7.0674329 8.6042910 -0.7926854 0.0759096 -0.0423349 0.6034032
1403636974.751667 -16.1379395 6.0943937 8.3952541 -0.7872850 0.1412608 -0.0830840 0.5944112
1403636975.001667 -16.4887981 5.0437713 8.2893705 -0.7857944 0.2040861 -0.0998875 0.5752379
1403636975.101666 -16.6269302 4.6153030 8.2560425 -0.7798828 0.2238606 -0.1101580 0.5740510
1403636975.151666 -16.6937809 4.3969946 8.2440863 -0.7746447 0.2290241 -0.1183505 0.5774658
1403636975.301666 -16.8891525 3.7428885 8.1968203 -0.7637971 0.2355424 -0.1383364 0.5848051
1403636975.401666 -17.0054817 3.3056993 8.1545057 -0.7627735 0.2395040 -0.1421183 0.5836239
1403636975.551666 -17.1576996 2.6445093 8.0407982 -0.7614451 0.2400645 -0.1459746 0.5841762
1403636975.651666 -17.2521343 2.2007542 7.9367981 -0.7616708 0.2386564 -0.1454850 0.5845810
1403636975.751667 -17.3442001 1.7531338 7.8402195 -0.7643281 0.2345734 -0.1455093 0.5827562
1403636975.801666 -17.3881493 1.5265121 7.7860832 -0.7630314 0.2343626 -0.1432594 0.5850931
1403636975.851666 -17.4303780 1.2973452 7.7337151 -0.7648253 0.2360489 -0.1429673 0.5821370
1403636976.001667 -17.5576916 0.5976725 7.5892916 -0.7617589 0.2546997 -0.1444469 0.5779158
1403636976.051666 -17.5949249 0.3661375 7.5372028 -0.7567961 0.2634827 -0.1463058 0.5800267
1403636976.151666 -17.6679382 -0.0986032 7.4343390 -0.7396795 0.2860331 -0.1479111 0.5909160
1403636976.351666 -17.7917004 -1.0532103 7.2108541 -0.7162491 0.3358864 -0.1592468 0.5905997
1403636976.401666 -17.8212795 -1.3037415 7.1496601 -0.7139075 0.3461827 -0.1670575 0.5853080
1403636976.701667 -17.9995556 -2.9092684 6.7848969 -0.7000183 0.3793765 -0.2270750 0.5607895
1403636976.751667 -18.0266781 -3.1903229 6.7206469 -0.6997843 0.3830712 -0.2298372 0.5574346
1403636976.801666 -18.0551205 -3.4769802 6.6603155 -0.6997994 0.3866056 -0.2316063 0.5542342
1403636977.001667 -18.1574039 -4.6506119 6.4366779 -0.7051414 0.3997021 -0.2233871 0.5413982
1403636977.201667 -18.2298222 -5.8799047 6.2467308 -0.7056488 0.3977832 -0.2214527 0.5429429
1403636977.251667 -18.2395744 -6.1920114 6.1989994 -0.7045662 0.3981848 -0.2191016 0.5450045
1403636977.301666 -18.2432404 -6.5081873 6.1534710 -0.7055265 0.3965079 -0.2189323 0.5450528
1403636977.551666 -18.2316132 -8.0626183 5.8767700 -0.7017853 0.3815851 -0.2255639 0.5576837
1403636977.601666 -18.2359028 -8.3772612 5.8112793 -0.7020030 0.3819990 -0.2242507 0.5576559
1403636977.651666 -18.2420425 -8.6924219 5.7408485 -0.7000710 0.3807234 -0.2256450 0.5603880
1403636977.851666 -18.2580738 -9.9656029 5.4116287 -0.6963906 0.3915776 -0.2188808 0.5601771
1403636977.901666 -18.2628307 -10.2889843 5.3176785 -0.6953946 0.3937757 -0.2189417 0.5598497
1403636978.101666 -18.2838116 -11.6084223 4.9506874 -0.6987141 0.3905406 -0.2316667 0.5528175
1403636978.151666 -18.2875004 -11.9406471 4.8582649 -0.6991630 0.3908007 -0.2327348 0.5516163
1403636978.251667 -18.3085651 -12.6198750 4.6944485 -0.7026414 0.3916011 -0.2335455 0.5462603
1403636978.401666 -18.3602219 -13.6662273 4.4702168 -0.7069845 0.3919272 -0.2358598 0.5393851
1403636978.551666 -18.4319878 -14.7401466 4.2534351 -0.7125664 0.3932486 -0.2362413 0.5308435
1403636978.601666 -18.4573994 -15.0976391 4.1734352 -0.7167326 0.3941662 -0.2337144 0.5256472
1403636978.701667 -18.5109653 -15.8172493 4.0307541 -0.7214050 0.3955428 -0.2334785 0.5182747
1403636978.751667 -18.5406723 -16.1775837 3.9600010 -0.7220312 0.3970142 -0.2310297 0.5173740
1403636979.051666 -18.6920319 -18.3766747 3.5327091 -0.7059933 0.3899835 -0.2436251 0.5386401
1403636979.201667 -18.7820702 -19.5265312 3.3090343 -0.6990463 0.3830777 -0.2507027 0.5493031
1403636979.251667 -18.8083916 -19.9147358 3.2261467 -0.7013525 0.3838425 -0.2488866 0.5466489
1403636979.301666 -18.8370934 -20.3042126 3.1455917 -0.7045169 0.3835870 -0.2469219 0.5436419
1403636979.351666 -18.8674736 -20.6930141 3.0701256 -0.7055434 0.3842063 -0.2455070 0.5425130
1403636979.401666 -18.8987598 -21.0809746 3.0004387 -0.7085835 0.3857304 -0.2436066 0.5383096
1403636979.451667 -18.9328136 -21.4712105 2.9340706 -0.7120842 0.3875798 -0.2409375 0.5335420
1403636979.551666 -19.0014420 -22.2494392 2.8058281 -0.7189255 0.3882830 -0.2386656 0.5248058
1403636979.601666 -19.0329609 -22.6375008 2.7406273 -0.7190550 0.3887283 -0.2378405 0.5246734
1403636979.651666 -19.0638313 -23.0268936 2.6767654 -0.7169968 0.3901553 -0.2356233 0.5274239
1403636979.751667 -19.1235657 -23.8113861 2.5417900 -0.7220874 0.3893739 -0.2376084 0.5201154
1403636979.851666 -19.1856422 -24.5908737 2.4008369 -0.7168467 0.3888623 -0.2412276 0.5260478
1403636979.901666 -19.2164974 -24.9877739 2.3391380 -0.7169816 0.3905314 -0.2414136 0.5245398
1403636979.951667 -19.2509556 -25.3872356 2.2779427 -0.7139872 0.3895758 -0.2440121 0.5281204
1403636980.001667 -19.2887459 -25.7896233 2.2206764 -0.7127265 0.3892699 -0.2461705 0.5290463
1403636980.051666 -19.3256645 -26.1916924 2.1635132 -0.7117520 0.3912069 -0.2453050 0.5293313
1403636980.101666 -19.3641510 -26.5940952 2.1085739 -0.7097636 0.3910258 -0.2465893 0.5315337
1403636980.151666 -19.4032288 -27.0010681 2.0594368 -0.7094756 0.3916393 -0.2476112 0.5309913
1403636980.201667 -19.4445877 -27.4078827 2.0138283 -0.7099593 0.3945433 -0.2443060 0.5297245
1403636980.251667 -19.4909573 -27.8189087 1.9700165 -0.7077820 0.3944826 -0.2460029 0.5318936
1403636980.401666 -19.6306992 -29.0567017 1.8188705 -0.7004239 0.3931277 -0.2502324 0.5405930
1403636980.451667 -19.6777496 -29.4711914 1.7595940 -0.7001199 0.3931049 -0.2496471 0.5412736
1403636980.501667 -19.7300491 -29.8879623 1.6988449 -0.6947106 0.3934521 -0.2492064 0.5481504
1403636980.701667 -19.9468231 -31.5820885 1.4373283 -0.6937515 0.3916385 -0.2472261 0.5515501
1403636980.851666 -20.1181087 -32.8930779 1.2511978 -0.7002757 0.3892975 -0.2479536 0.5445922
1403636980.901666 -20.1754436 -33.3368645 1.1955910 -0.7048817 0.3876592 -0.2491787 0.5392330
1403636980.951667 -20.2359352 -33.7848701 1.1443176 -0.7064670 0.3851916 -0.2511227 0.5380235
1403636981.051666 -20.3556271 -34.6880035 1.0331802 -0.7070431 0.3846726 -0.2495688 0.5383610
1403636981.451667 -20.8801079 -38.4023247 0.5289459 -0.6931086 0.3978197 -0.2292185 0.5556969
1403636981.501667 -20.9479656 -38.8767548 0.4657059 -0.6951063 0.3961585 -0.2331415 0.5527484
1403636981.551666 -21.0161400 -39.3541107 0.4026489 -0.6980046 0.3933719 -0.2386102 0.5487381
1403636981.701667 -21.2174339 -40.7925682 0.2333107 -0.7085075 0.3899853 -0.2472617 0.5336574
1403636981.801666 -21.3497658 -41.7532806 0.1262016 -0.7083306 0.3884156 -0.2509600 0.5333107
1403636981.951667 -21.5457878 -43.2033081 0.0083008 -0.7176806 0.3927425 -0.2475827 0.5190287
1403636982.001667 -21.6093788 -43.6865997 -0.0359497 -0.7210029 0.3939540 -0.2450655 0.5146824
1403636982.101666 -21.7381706 -44.6565094 -0.1341209 -0.7250463 0.3980462 -0.2387744 0.5087767
1403636982.151666 -21.8019600 -45.1419754 -0.1843529 -0.7260311 0.3997084 -0.2356519 0.5075237
1403636982.201667 -21.8650703 -45.6278572 -0.2353058 -0.7261137 0.4012127 -0.2330513 0.5074193
1403636982.351666 -22.0378113 -47.0777245 -0.4144974 -0.7185043 0.4023182 -0.2300126 0.5186385
1403636982.401666 -22.0943546 -47.5640259 -0.4765320 -0.7150890 0.4038349 -0.2276858 0.5231867
1403636982.451667 -22.1532383 -48.0534668 -0.5317078 -0.7104740 0.4021953 -0.2292486 0.5300103
1403636982.751667 -22.5049305 -51.0314941 -0.8300858 -0.7053903 0.3931713 -0.2323129 0.5420992
1403636982.851666 -22.6273289 -52.0427704 -0.9221573 -0.7066876 0.3933423 -0.2301628 0.5412019
1403636982.901666 -22.6885643 -52.5513344 -0.9683762 -0.7085365 0.3933506 -0.2307672 0.5385146
1403636982.951667 -22.7493744 -53.0609207 -1.0150299 -0.7077584 0.3908699 -0.2336059 0.5401176
1403636983.101666 -22.9446831 -54.6038742 -1.1723557 -0.7061992 0.3892580 -0.2352146 0.5426186
1403636983.151666 -23.0123596 -55.1216125 -1.2292099 -0.7033676 0.3861262 -0.2385950 0.5470402
1403636983.201667 -23.0797920 -55.6446991 -1.2832413 -0.7052993 0.3844984 -0.2411805 0.5445603
1403636983.251667 -23.1473331 -56.1722107 -1.3389130 -0.7047355 0.3830492 -0.2429567 0.5455212
1403636983.351666 -23.2857227 -57.2375565 -1.4518585 -0.7049594 0.3812375 -0.2444103 0.5458516
1403636983.401666 -23.3556595 -57.7758293 -1.4996185 -0.7067307 0.3804137 -0.2463695 0.5432488
1403636983.451667 -23.4261360 -58.3169937 -1.5421143 -0.7051790 0.3801163 -0.2460032 0.5456342
1403636983.501667 -23.4977570 -58.8609428 -1.5771561 -0.7057300 0.3831884 -0.2449383 0.5432469
1403636983.551666 -23.5721912 -59.4081039 -1.6077042 -0.7065575 0.3836593 -0.2449233 0.5418438
1403636983.701667 -23.8003960 -61.0650177 -1.7100220 -0.7077444 0.3888716 -0.2405780 0.5385156
1403636983.751667 -23.8746433 -61.6202049 -1.7429962 -0.7107564 0.3897498 -0.2406356 0.5338681
1403636983.851666 -24.0254230 -62.7416534 -1.8095169 -0.7132680 0.3906904 -0.2409571 0.5296692
1403636983.901666 -24.1019363 -63.3051453 -1.8369064 -0.7128990 0.3926096 -0.2409211 0.5287626
1403636984.101666 -24.4043980 -65.5763168 -1.8980408 -0.7161694 0.3963707 -0.2372632 0.5231615
1403636984.151666 -24.4747257 -66.1462555 -1.9113922 -0.7138370 0.3964338 -0.2388167 0.5255888
1403636984.201667 -24.5429726 -66.7203369 -1.9313736 -0.7114312 0.3948548 -0.2419104 0.5286158
1403636984.251667 -24.6106396 -67.2975922 -1.9576569 -0.7089745 0.3945672 -0.2431072 0.5315740
1403636984.451667 -24.8951206 -69.6335144 -2.0438156 -0.7033007 0.3940072 -0.2488987 0.5368202
1403636984.501667 -24.9686012 -70.2235718 -2.0722961 -0.7010872 0.3938716 -0.2492121 0.5396622
1403636984.551666 -25.0439472 -70.8184128 -2.1003876 -0.6987983 0.3914501 -0.2528083 0.5427116
1403636984.651666 -25.1952381 -72.0127258 -2.1647034 -0.6979366 0.3900941 -0.2545069 0.5440013
1403636984.701667 -25.2730293 -72.6151581 -2.1972504 -0.6970667 0.3892762 -0.2549278 0.5455034
1403636984.751667 -25.3505249 -73.2231903 -2.2195358 -0.6962386 0.3894375 -0.2536339 0.5470469
1403636984.801666 -25.4288464 -73.8326874 -2.2443619 -0.6975017 0.3890535 -0.2521651 0.5463896
1403636984.851666 -25.5069561 -74.4415665 -2.2750778 -0.6972234 0.3897244 -0.2494663 0.5475044
1403636984.901666 -25.5854530 -75.0513992 -2.3040619 -0.6975387 0.3931932 -0.2443330 0.5469373
1403636984.951667 -25.6651249 -75.6615448 -2.3313599 -0.6971753 0.3906580 -0.2459151 0.5485060
1403636985.051666 -25.8237877 -76.8911438 -2.3768768 -0.6988205 0.3917316 -0.2451290 0.5459929
1403636985.151666 -25.9778614 -78.1313629 -2.4291840 -0.7009615 0.3900354 -0.2470057 0.5436116
1403636985.201667 -26.0551796 -78.7539825 -2.4643707 -0.7002664 0.3881710 -0.2483655 0.5452200
1403636985.351666 -26.2802830 -80.6236572 -2.6645737 -0.7003955 0.3851823 -0.2509259 0.5460008
1403636985.401666 -26.3566647 -81.2515717 -2.7315140 -0.7016575 0.3828710 -0.2502265 0.5463271
1403636985.551666 -26.5871353 -83.1407776 -2.9140167 -0.7076244 0.3706538 -0.2426143 0.5504742
1403636985.601666 -26.6668758 -83.7759933 -2.9728851 -0.7109344 0.3670022 -0.2395030 0.5500182
1403636985.651666 -26.7503376 -84.4170990 -3.0337677 -0.7118549 0.3625107 -0.2405493 0.5513481
1403636985.701667 -26.8363228 -85.0620880 -3.0888062 -0.7144488 0.3590127 -0.2394238 0.5507714
1403636985.751667 -26.9225883 -85.7091522 -3.1416016 -0.7142662 0.3553963 -0.2396935 0.5532308
1403636985.801666 -27.0095692 -86.3583069 -3.1915131 -0.7111579 0.3530146 -0.2391087 0.5589833
1403636985.851666 -27.0971241 -87.0097351 -3.2395706 -0.7092914 0.3499229 -0.2395980 0.5630743
1403636985.901666 -27.1880226 -87.6638641 -3.2918396 -0.7025064 0.3434926 -0.2447634 0.5732265
1403636985.951667 -27.2787380 -88.3211899 -3.3466492 -0.6953152 0.3402081 -0.2454649 0.5835599
1403636986.001667 -27.3708534 -88.9802704 -3.4133301 -0.6911485 0.3369543 -0.2477615 0.5893978
1403636986.051666 -27.4657192 -89.6440125 -3.4800568 -0.6880044 0.3325842 -0.2516318 0.5939017
1403636986.101666 -27.5630970 -90.3124771 -3.5419235 -0.6905089 0.3329897 -0.2500449 0.5914330
1403636986.201667 -27.7676868 -91.6473694 -3.6586075 -0.6975449 0.3349649 -0.2446364 0.5842797
1403636986.251667 -27.8742485 -92.3164825 -3.7193451 -0.7037301 0.3363573 -0.2418877 0.5771639
1403636986.301666 -27.9822273 -92.9873886 -3.7785110 -0.7045509 0.3383991 -0.2382916 0.5764645
1403636986.351666 -28.0907917 -93.6595383 -3.8357849 -0.7078397 0.3387231 -0.2368855 0.5728133
1403636986.401666 -28.2013702 -94.3342285 -3.8933411 -0.7093611 0.3406606 -0.2328106 0.5714512
1403636986.451667 -28.3133621 -95.0114899 -3.9523239 -0.7101775 0.3411921 -0.2298519 0.5713179
1403636986.501667 -28.4266701 -95.6913910 -4.0114594 -0.7089064 0.3430335 -0.2258683 0.5733789
1403636986.551666 -28.5426979 -96.3755493 -4.0654526 -0.7078468 0.3451470 -0.2218798 0.5749747
1403636986.601666 -28.6618538 -97.0643768 -4.1185303 -0.7104098 0.3465459 -0.2180633 0.5724266
1403636986.651666 -28.7842808 -97.7571259 -4.1721039 -0.7101067 0.3452721 -0.2182618 0.5734959
1403636986.701667 -28.9062481 -98.4527588 -4.2251129 -0.7081000 0.3462116 -0.2154083 0.5764819
1403636986.751667 -29.0292053 -99.1539993 -4.2687225 -0.7058553 0.3485639 -0.2119355 0.5790984
1403636986.801666 -29.1529942 -99.8584213 -4.3061066 -0.7068228 0.3543616 -0.2056730 0.5766526
1403636986.851666 -29.2751713 -100.5629272 -4.3518066 -0.7058628 0.3525524 -0.2071660 0.5784003
1403636986.901666 -29.3969460 -101.2675552 -4.4062042 -0.7044505 0.3510111 -0.2074619 0.5809479
1403636986.951667 -29.5175610 -101.9768982 -4.4622879 -0.7008620 0.3504753 -0.2096855 0.5848004
1403636987.001667 -29.6409168 -102.6916962 -4.5117035 -0.7016227 0.3518787 -0.2081508 0.5835925
1403636987.051666 -29.7672386 -103.4117432 -4.5562439 -0.7015810 0.3478970 -0.2128157 0.5843470
1403636987.101666 -29.8929729 -104.1364365 -4.6031647 -0.7008650 0.3473720 -0.2157303 0.5844496
1403636987.151666 -30.0204105 -104.8664627 -4.6485138 -0.7004628 0.3473808 -0.2171383 0.5844053
1403636987.201667 -30.1478882 -105.5999222 -4.6927490 -0.6985599 0.3497798 -0.2182652 0.5848320
1403636987.251667 -30.2747154 -106.3369141 -4.7331009 -0.6973999 0.3507842 -0.2176543 0.5858417
1403636987.301666 -30.4024467 -107.0775604 -4.7759323 -0.6967211 0.3506838 -0.2196135 0.5859782
1403636987.351666 -30.5346870 -107.8228607 -4.8176422 -0.6974062 0.3526580 -0.2172012 0.5848765
1403636987.401666 -30.6741333 -108.5733948 -4.8526459 -0.6948945 0.3497166 -0.2194663 0.5887737
1403636987.451667 -30.8138084 -109.3254700 -4.8857880 -0.6951432 0.3468689 -0.2201102 0.5899231
1403636987.501667 -30.9548264 -110.0812531 -4.9197388 -0.6933466 0.3440121 -0.2214135 0.5932136
1403636987.551666 -31.0973015 -110.8406525 -4.9523468 -0.6872314 0.3419560 -0.2248533 0.6001834
1403636987.601666 -31.2428589 -111.6030655 -4.9833527 -0.6844464 0.3400511 -0.2258943 0.6040449
1403636987.651666 -31.3918304 -112.3667679 -5.0179443 -0.6827982 0.3411295 -0.2224186 0.6065866
1403636987.701667 -31.5403385 -113.1358795 -5.0448303 -0.6776227 0.3405598 -0.2225423 0.6126350
1403636987.751667 -31.6895485 -113.9075165 -5.0785217 -0.6772617 0.3396959 -0.2221467 0.6136565
1403636987.801666 -31.8412609 -114.6844711 -5.1111755 -0.6778166 0.3389315 -0.2215996 0.6136642
1403636987.851666 -31.9954357 -115.4661026 -5.1407776 -0.6773627 0.3391436 -0.2209008 0.6142998
1403636987.901666 -32.1522446 -116.2536774 -5.1693115 -0.6774444 0.3405600 -0.2172126 0.6147412
1403636988.001667 -32.4729004 -117.8426514 -5.2255249 -0.6784700 0.3440455 -0.2099926 0.6141777
1403636988.051666 -32.6379166 -118.6437912 -5.2479248 -0.6767663 0.3413987 -0.2011920 0.6204484
1403636988.101666 -32.8051224 -119.4499207 -5.2727814 -0.6757065 0.3428159 -0.1974427 0.6220245
1403636988.251667 -33.3125916 -121.8972702 -5.3728790 -0.6728175 0.3431689 -0.1928006 0.6264022
1403636988.301666 -33.4830322 -122.7208328 -5.4218445 -0.6726307 0.3453456 -0.1893580 0.6264567
1403636988.351666 -33.6552963 -123.5485687 -5.4757538 -0.6683979 0.3431621 -0.1927272 0.6311421
1403636988.451667 -34.0026436 -125.2260590 -5.5905457 -0.6645724 0.3397535 -0.1971103 0.6356562
1403636988.501667 -34.1789780 -126.0743713 -5.6494446 -0.6623523 0.3386383 -0.1991196 0.6379380
1403636988.601666 -34.5416183 -127.7973404 -5.7584534 -0.6609959 0.3385165 -0.1989632 0.6394566
1403636988.701667 -34.9173317 -129.5531921 -5.8619843 -0.6629889 0.3378220 -0.1966241 0.6384833
1403636989.351666 -37.7054520 -141.4926758 -6.9893646 -0.6671107 0.3356575 -0.2077534 0.6317720
1403636989.451667 -38.1896133 -143.4130249 -7.2183838 -0.6759428 0.3363578 -0.2112150 0.6207681
1403636989.551666 -38.6919785 -145.3591156 -7.4220886 -0.6825528 0.3385540 -0.2103154 0.6125931
1403636989.801666 -40.0411873 -150.3202362 -7.9572906 -0.6893642 0.3357438 -0.2181311 0.6037151
1403636989.851666 -40.3260040 -151.3264465 -8.0788116 -0.6912901 0.3364497 -0.2178524 0.6012154
1403636989.901666 -40.6114044 -152.3335724 -8.2020111 -0.6880849 0.3372203 -0.2175971 0.6045438
1403636990.101666 -41.8145752 -156.3931122 -8.6982880 -0.6787362 0.3359107 -0.2209464 0.6145436
1403636990.251667 -42.7861824 -159.4804688 -9.0408936 -0.6797970 0.3352345 -0.2216318 0.6134927
1403636990.351666 -43.4580612 -161.5532532 -9.2695923 -0.6804366 0.3317829 -0.2239348 0.6138237
1403636990.501667 -44.5079918 -164.6762543 -9.6167908 -0.6882866 0.3310585 -0.2207181 0.6065851
1403636990.551666 -44.8660278 -165.7223511 -9.7378387 -0.6910491 0.3312236 -0.2182382 0.6042469
1403636990.651666 -45.5872879 -167.8282776 -9.9872131 -0.6939880 0.3284498 -0.2180220 0.6024681
1403636990.951667 -48.0103951 -174.0359192 -10.7277832 -0.6922134 0.3219489 -0.2246800 0.6055646
1403636991.001667 -48.4603767 -175.0451050 -10.8646088 -0.6918706 0.3216603 -0.2250521 0.6059715
1403636991.151666 -49.8309212 -178.0910034 -11.2835693 -0.6919333 0.3243948 -0.2235412 0.6050007
1403636991.201667 -50.2931557 -179.1095428 -11.4119110 -0.6941937 0.3246153 -0.2251414 0.6016906
1403636991.251667 -50.7583122 -180.1285858 -11.5415802 -0.6966270 0.3245835 -0.2246887 0.5990588
1403636991.351666 -51.7614098 -182.1347961 -11.7855682 -0.6958655 0.3231716 -0.2270189 0.5998282
1403636991.601666 -54.5411949 -187.0511169 -12.2755737 -0.6990984 0.3286609 -0.2252985 0.5937037
1403636991.651666 -55.1169739 -188.0366364 -12.3576813 -0.6977758 0.3310911 -0.2246372 0.5941597
1403636991.851666 -57.5261345 -191.8990784 -12.6529694 -0.6925262 0.3424565 -0.2148934 0.5974546
1403636992.101666 -60.8348389 -196.6328735 -12.9628448 -0.6898164 0.3424832 -0.2269247 0.5961240
1403636992.201667 -62.2146721 -198.5313873 -13.0897522 -0.6865937 0.3400500 -0.2348688 0.5981570
1403636992.351666 -64.3323364 -201.4056396 -13.2740326 -0.6869829 0.3429807 -0.2365592 0.5953643
1403636992.401666 -65.0645218 -202.3524170 -13.3258972 -0.6875796 0.3419402 -0.2392241 0.5942080
1403636992.501667 -66.5984039 -204.1836853 -13.3912506 -0.6937541 0.3444060 -0.2392285 0.5855421
1403636992.701667 -69.7394867 -207.7956390 -13.4425507 -0.6929082 0.3475082 -0.2412704 0.5838706
1403636993.001667 -74.4955750 -213.2354431 -13.5015564 -0.6893919 0.3465464 -0.2504966 0.5847187
1403636993.151666 -76.9050598 -215.9906921 -13.5133362 -0.6855083 0.3508083 -0.2408741 0.5907551
1403636993.201667 -77.7130432 -216.9139557 -13.5247803 -0.6852446 0.3480074 -0.2372805 0.5941622
1403636993.251667 -78.5222855 -217.8385010 -13.5366516 -0.6861604 0.3432080 -0.2342026 0.5971109
1403636993.551666 -83.4045868 -223.4138336 -13.6033020 -0.7003347 0.2987768 -0.2084302 0.6138572
1403636993.951667 -90.0483322 -231.0835114 -13.7311096 -0.7203390 0.2535657 -0.1869169 0.6179631
1403636994.401666 -97.6376114 -239.9123535 -14.1804810 -0.7003811 0.2381317 -0.1979947 0.6430846
1403636994.451667 -98.4978104 -240.9156189 -14.2235413 -0.7004857 0.2371674 -0.1989205 0.6430413
1403636994.851666 -105.5139694 -249.1142883 -14.5685730 -0.7172238 0.2607123 -0.1649346 0.6248326
1403636994.951667 -107.2866440 -251.2184296 -14.6415710 -0.7176778 0.2640784 -0.1605092 0.6240497
1403636995.051666 -109.0529175 -253.3285217 -14.7236938 -0.7166189 0.2632644 -0.1636420 0.6247965
1403636995.201667 -111.6998138 -256.5140686 -14.8438416 -0.7132124 0.2552103 -0.1748513 0.6289856
1403636995.451667 -116.1294785 -261.9002380 -15.0242615 -0.7170578 0.2472931 -0.1821639 0.6256920
1403636995.551666 -117.9121857 -264.0850830 -15.0968323 -0.7192841 0.2457448 -0.1824729 0.6236535
1403636995.751667 -121.4960022 -268.4930725 -15.3011475 -0.7200009 0.2514750 -0.1762282 0.6223364
1403636995.851666 -123.3012390 -270.7238159 -15.4213867 -0.7193915 0.2549867 -0.1696426 0.6234414
1403636996.001667 -126.0096664 -274.1046143 -15.6161194 -0.7190828 0.2594236 -0.1638515 0.6235158
1403636996.101666 -127.8235168 -276.3866882 -15.7600403 -0.7214558 0.2566088 -0.1697692 0.6203483
1403636996.151666 -128.7319031 -277.5364075 -15.8316345 -0.7201276 0.2559063 -0.1737453 0.6210804
1403636996.301666 -131.4675293 -281.0141907 -16.0384216 -0.7232890 0.2516195 -0.1811021 0.6170436
1403636996.351666 -132.3823700 -282.1797485 -16.1052246 -0.7236623 0.2498368 -0.1798645 0.6176919
1403636996.551666 -136.0653534 -286.8862305 -16.3586731 -0.7292598 0.2304392 -0.1753590 0.6199412
1403636996.601666 -136.9920654 -288.0710449 -16.4253235 -0.7316341 0.2238596 -0.1715680 0.6206149
1403636996.651666 -137.9232483 -289.2579651 -16.4956970 -0.7349782 0.2170971 -0.1678474 0.6200832
1403636996.701667 -138.8630981 -290.4476929 -16.5758057 -0.7430632 0.2090557 -0.1622078 0.6146882
1403636996.801666 -140.7529907 -292.8447876 -16.7481689 -0.7528049 0.1918078 -0.1509953 0.6113060
1403636996.851666 -141.6992798 -294.0451355 -16.8441772 -0.7567304 0.1839683 -0.1424899 0.6109104
1403636996.901666 -142.6443787 -295.2434998 -16.9526062 -0.7582347 0.1726161 -0.1370902 0.6135879
1403636996.951667 -143.5896149 -296.4451294 -17.0636902 -0.7596503 0.1628651 -0.1293947 0.6161683
1403636997.251667 -149.2837677 -303.7045898 -17.7460938 -0.7734786 0.1160672 -0.0985216 0.6152664
1403636997.301666 -150.2372437 -304.9215088 -17.8611450 -0.7745014 0.1101235 -0.0971581 0.6152892
1403636997.351666 -151.1924286 -306.1411743 -17.9743652 -0.7750267 0.1064058 -0.0954963 0.6155420
1403636997.601666 -156.0110779 -312.2596130 -18.5149231 -0.7782881 0.0969534 -0.0979702 0.6125924
1403636997.651666 -156.9805450 -313.4819641 -18.6298828 -0.7781957 0.0970867 -0.0987690 0.6125606
1403636997.701667 -157.9531555 -314.7066650 -18.7452393 -0.7789515 0.0961468 -0.1023447 0.6111594
1403636997.801666 -159.9078217 -317.1563110 -18.9927368 -0.7758669 0.0942898 -0.1075734 0.6144656
1403636997.851666 -160.8892822 -318.3795471 -19.1222534 -0.7748968 0.0946708 -0.1091279 0.6153564
1403636997.951667 -162.8700562 -320.8134460 -19.3714294 -0.7703022 0.0993375 -0.1081966 0.6205322
1403636998.001667 -163.8722229 -322.0288696 -19.4788208 -0.7696353 0.1019589 -0.1046837 0.6215363
1403636998.151666 -166.9189148 -325.6888428 -19.7790833 -0.7691744 0.1036915 -0.1062940 0.6215469
1403636998.251667 -168.9729156 -328.1292114 -20.0053711 -0.7674417 0.1054400 -0.1054305 0.6235384
1403636998.551666 -175.4125061 -335.2141113 -20.6636963 -0.7666543 0.1079519 -0.1081080 0.6236187
1403636998.601666 -176.5276794 -336.3590393 -20.7694092 -0.7630103 0.1065412 -0.1089380 0.6281695
1403636998.651666 -177.6465454 -337.5066223 -20.8774414 -0.7549477 0.1037792 -0.1121882 0.6377285
1403636998.701667 -178.7702179 -338.6591797 -20.9822388 -0.7496215 0.1039735 -0.1132365 0.6437661
1403636998.951667 -184.5947571 -344.2808228 -21.5274658 -0.7454396 0.0989788 -0.1249354 0.6472359
1403636999.051666 -187.0104980 -346.4819336 -21.7535706 -0.7454066 0.0963815 -0.1294560 0.6467772
1403636999.501667 -198.1171112 -356.5923767 -23.0650330 -0.7495924 0.1015066 -0.1219422 0.6426025
1403636999.551666 -199.3744507 -357.7298584 -23.2386780 -0.7482842 0.1029326 -0.1211005 0.6440579
1403636999.801666 -205.7214966 -363.5023193 -24.1233215 -0.7429987 0.1027202 -0.1202229 0.6503446
1403636999.901666 -208.2847900 -365.8382568 -24.5117798 -0.7433603 0.1028749 -0.1211389 0.6497365
1403637000.001667 -210.8620911 -368.1935425 -24.9042969 -0.7443810 0.1012923 -0.1252880 0.6480276
1403637000.251667 -217.3985443 -374.1658936 -25.9415283 -0.7472644 0.1008523 -0.1235617 0.6451024
1403637000.301666 -218.7201538 -375.3730469 -26.1616211 -0.7463025 0.0992430 -0.1246904 0.6462474
1403637000.451667 -222.7093506 -379.0082397 -26.8684998 -0.7483958 0.1016700 -0.1197003 0.6443903
1403637000.601666 -226.7348633 -382.6612244 -27.6287231 -0.7479432 0.0986743 -0.1233088 0.6447011
1403637000.651666 -228.0810699 -383.8801880 -27.8873596 -0.7455977 0.0987068 -0.1220373 0.6476480
1403637000.701667 -229.4290771 -385.0997314 -28.1429443 -0.7433835 0.1003757 -0.1190479 0.6504870
1403637000.851666 -233.4980469 -388.7984314 -28.8991394 -0.7451820 0.1035800 -0.1149288 0.6486651
1403637000.951667 -236.2317352 -391.2880859 -29.4335022 -0.7464668 0.1037642 -0.1158105 0.6469994
1403637001.251667 -244.4969482 -398.8231506 -31.1784668 -0.7412372 0.1049440 -0.1156605 0.6528222
1403637001.301666 -245.8835144 -400.0968323 -31.4750671 -0.7389489 0.1041995 -0.1161805 0.6554382
1403637001.351666 -247.2709656 -401.3743286 -31.7747192 -0.7383133 0.1056151 -0.1135324 0.6563912
1403637001.701667 -257.0468750 -410.4087219 -33.9044495 -0.7435630 0.1089222 -0.1120038 0.6501578
1403637001.801666 -259.8671875 -413.0291443 -34.5393982 -0.7423896 0.1102938 -0.1111235 0.6514175
1403637001.851666 -261.2816162 -414.3461609 -34.8617554 -0.7439378 0.1102621 -0.1116944 0.6495562
1403637001.951667 -264.1231079 -416.9984741 -35.5092773 -0.7443580 0.1100077 -0.1127427 0.6489366
1403637002.051666 -266.9682617 -419.6540833 -36.1629944 -0.7439369 0.1091192 -0.1147684 0.6492144
1403637002.601666 -282.7613831 -434.4909058 -39.7036743 -0.7458674 0.1105317 -0.1153153 0.6466584
1403637002.801666 -288.5457153 -439.9930115 -40.9691162 -0.7448661 0.1089008 -0.1188952 0.6474404
1403637002.901666 -291.4577942 -442.7720337 -41.6089478 -0.7426664 0.1124124 -0.1136199 0.6503081
1403637003.051666 -295.8624878 -446.9782104 -42.5808716 -0.7433932 0.1149345 -0.1138569 0.6489940
1403637003.151666 -298.8121643 -449.8011475 -43.2327881 -0.7442981 0.1167995 -0.1139550 0.6476053
1403637003.351666 -304.7456055 -455.4932251 -44.5284424 -0.7398874 0.1186466 -0.1154179 0.6520494
1403637003.401666 -306.2371216 -456.9240723 -44.8523560 -0.7372360 0.1192627 -0.1148948 0.6550258
1403637003.451667 -307.7293091 -458.3594360 -45.1753540 -0.7361787 0.1196059 -0.1148397 0.6561611
1403637003.801666 -318.2368774 -468.5787659 -47.4145508 -0.7368326 0.1226431 -0.1098021 0.6557286
1403637003.901666 -321.2602539 -471.5447388 -48.0736694 -0.7399435 0.1213053 -0.1107713 0.6523024
1403637004.051666 -325.8202515 -476.0288696 -49.0602417 -0.7456288 0.1181222 -0.1118516 0.6461998
1403637004.101666 -327.3457947 -477.5303955 -49.3906250 -0.7476757 0.1187159 -0.1114455 0.6437916
1403637004.151666 -328.8735046 -479.0378723 -49.7161865 -0.7482438 0.1173532 -0.1124351 0.6432090
1403637004.251667 -331.9294128 -482.0632935 -50.3755493 -0.7458533 0.1144078 -0.1110106 0.6467538
1403637004.401666 -336.5172729 -486.6227722 -51.3593750 -0.7470618 0.1165422 -0.1068013 0.6456857
1403637004.451667 -338.0488281 -488.1481018 -51.6845093 -0.7428791 0.1167316 -0.1056509 0.6506476
1403637004.501667 -339.5836487 -489.6789246 -52.0048828 -0.7393847 0.1172215 -0.1065137 0.6543885
1403637004.601666 -342.6630859 -492.7587891 -52.6422729 -0.7390247 0.1196476 -0.1076413 0.6541715
1403637004.651666 -344.2046509 -494.3064880 -52.9627075 -0.7395580 0.1251174 -0.1025703 0.6533598
1403637004.701667 -345.7477722 -495.8591003 -53.2849731 -0.7391351 0.1294639 -0.0976794 0.6537409
1403637004.751667 -347.2908020 -497.4171753 -53.6081543 -0.7392180 0.1322073 -0.0940915 0.6536244
1403637004.801666 -348.8332825 -498.9800720 -53.9298706 -0.7372485 0.1351466 -0.0910286 0.6556782
1403637004.851666 -350.3786926 -500.5438538 -54.2566528 -0.7349070 0.1359940 -0.0913765 0.6580788
1403637004.901666 -351.9233398 -502.1063232 -54.5897217 -0.7344350 0.1358334 -0.0922513 0.6585167
1403637004.951667 -353.4661255 -503.6680298 -54.9307861 -0.7353097 0.1344845 -0.0948547 0.6574468
1403637005.001667 -355.0097046 -505.2304077 -55.2760010 -0.7376982 0.1340755 -0.0974762 0.6544644
1403637005.051666 -356.5545959 -506.7951355 -55.6235962 -0.7398176 0.1343571 -0.1000252 0.6516235
1403637005.101666 -358.1015320 -508.3607178 -55.9708862 -0.7380002 0.1310364 -0.1047399 0.6536167
1403637005.151666 -359.6514587 -509.9313965 -56.3143311 -0.7394164 0.1283104 -0.1123878 0.6512825
1403637005.201667 -361.2015991 -511.5016785 -56.6629639 -0.7384682 0.1274960 -0.1157881 0.6519224
1403637005.251667 -362.7511902 -513.0745850 -57.0120850 -0.7391766 0.1241215 -0.1200891 0.6509919
1403637005.401666 -367.4356689 -517.8132324 -58.0620728 -0.7433367 0.1217856 -0.1215225 0.6464140
1403637005.501667 -370.5740356 -520.9949951 -58.7418823 -0.7410644 0.1180921 -0.1235203 0.6493232
1403637005.551666 -372.1470642 -522.5930786 -59.0744019 -0.7414804 0.1185593 -0.1215413 0.6491366
1403637005.601666 -373.7220764 -524.1961060 -59.3993530 -0.7415361 0.1182684 -0.1198024 0.6494492
1403637005.651666 -375.3011780 -525.8065796 -59.7241211 -0.7432101 0.1170431 -0.1192328 0.6478605
1403637005.751667 -378.4737549 -529.0518799 -60.3730469 -0.7485818 0.1212647 -0.1086687 0.6427373
1403637005.801666 -380.0655518 -530.6803589 -60.6995239 -0.7488145 0.1196523 -0.1097737 0.6425806
1403637005.851666 -381.6577759 -532.3084106 -61.0304565 -0.7468032 0.1177258 -0.1114186 0.6449897
1403637005.951667 -384.8442383 -535.5737915 -61.6952515 -0.7461919 0.1154373 -0.1150029 0.6454814
1403637006.051666 -388.0357361 -538.8696899 -62.3549805 -0.7413351 0.1136590 -0.1163062 0.6511350
1403637006.101666 -389.6347656 -540.5280762 -62.6878052 -0.7386860 0.1141896 -0.1144044 0.6543817
1403637006.151666 -391.2333069 -542.1917725 -63.0260620 -0.7363961 0.1138317 -0.1157218 0.6567889
1403637006.301666 -396.0625916 -547.2139282 -64.0456543 -0.7434869 0.1140076 -0.1131779 0.6491690
1403637006.351666 -397.6792908 -548.8980713 -64.3886108 -0.7476436 0.1150344 -0.1114786 0.6444911
1403637006.401666 -399.2987976 -550.5865479 -64.7321167 -0.7508318 0.1159185 -0.1099933 0.6408712
1403637006.451667 -400.9210815 -552.2784424 -65.0798340 -0.7545352 0.1177070 -0.1070213 0.6366853
1403637006.501667 -402.5446777 -553.9741211 -65.4318848 -0.7556342 0.1220197 -0.1020840 0.6353795
1403637006.551666 -404.1666870 -555.6760254 -65.7782593 -0.7523486 0.1215313 -0.1003478 0.6396344
1403637006.651666 -407.4181824 -559.0842285 -66.4816895 -0.7470415 0.1137335 -0.1004736 0.6472239
1403637006.701667 -409.0476990 -560.7949829 -66.8352661 -0.7449597 0.1075342 -0.1004748 0.6506739
1403637006.751667 -410.6781616 -562.5057373 -67.1950073 -0.7440893 0.1009551 -0.1007557 0.6526771
1403637006.851666 -413.9414673 -565.9235229 -67.9389648 -0.7478640 0.0885114 -0.0913014 0.6515591
1403637007.151666 -423.8081665 -576.3084717 -70.1309204 -0.7503896 0.0297817 -0.0713139 0.6564624
1403637007.201667 -425.4592590 -578.0557861 -70.4876709 -0.7498031 0.0229510 -0.0690700 0.6576458
1403637007.251667 -427.1133728 -579.8082275 -70.8440552 -0.7475579 0.0169958 -0.0676212 0.6605268
1403637007.301666 -428.7702026 -581.5665283 -71.2025146 -0.7469225 0.0106255 -0.0706665 0.6610599
1403637007.451667 -433.7516785 -586.8543701 -72.3081055 -0.7433546 0.0026402 -0.0698164 0.6652388
1403637007.501667 -435.4146729 -588.6237793 -72.6849365 -0.7443916 -0.0003499 -0.0711731 0.6639394
1403637007.551666 -437.0841064 -590.3994141 -73.0640869 -0.7491190 0.0033147 -0.0707749 0.6586354
1403637007.601666 -438.7562561 -592.1795654 -73.4418945 -0.7529992 0.0029663 -0.0687886 0.6544093
1403637007.651666 -440.4319458 -593.9627075 -73.8223877 -0.7595798 0.0036145 -0.0686611 0.6467696
1403637007.701667 -442.1129150 -595.7473755 -74.2045898 -0.7638887 0.0046657 -0.0683602 0.6417002
1403637007.751667 -443.7976990 -597.5371094 -74.5910034 -0.7685689 0.0060219 -0.0688025 0.6360282
1403637007.801666 -445.4871826 -599.3330688 -74.9857178 -0.7698658 0.0067766 -0.0698534 0.6343355
1403637007.851666 -447.1808472 -601.1327515 -75.3815918 -0.7693847 0.0084696 -0.0695782 0.6349285
1403637007.901666 -448.8796082 -602.9379883 -75.7782593 -0.7635301 0.0113677 -0.0657487 0.6423159
1403637007.951667 -450.5817261 -604.7491455 -76.1726074 -0.7596602 0.0148726 -0.0616233 0.6472231
1403637008.001667 -452.2858276 -606.5675049 -76.5662231 -0.7545556 0.0173431 -0.0593582 0.6533160
1403637008.051666 -453.9916992 -608.3973389 -76.9565430 -0.7532572 0.0180946 -0.0605485 0.6546832
1403637008.101666 -455.7000427 -610.2308960 -77.3508911 -0.7575705 0.0200256 -0.0615250 0.6495388
1403637008.151666 -457.4106750 -612.0635986 -77.7521973 -0.7619600 0.0212597 -0.0622481 0.6442749
1403637008.201667 -459.1224060 -613.8951416 -78.1575928 -0.7659279 0.0212935 -0.0649245 0.6392854
1403637008.251667 -460.8353577 -615.7331543 -78.5698853 -0.7726636 0.0225190 -0.0650435 0.6310732
1403637008.301666 -462.5524292 -617.5791016 -78.9819946 -0.7740232 0.0223082 -0.0674510 0.6291589
1403637008.351666 -464.2737732 -619.4270020 -79.3966064 -0.7749165 0.0231672 -0.0698446 0.6277655
1403637008.401666 -465.9993286 -621.2755737 -79.8187256 -0.7737364 0.0238865 -0.0706935 0.6290976
1403637008.451667 -467.7279053 -623.1278076 -80.2409668 -0.7673059 0.0241879 -0.0696836 0.6370251
1403637008.501667 -469.4588013 -624.9829712 -80.6680298 -0.7647169 0.0264059 -0.0684227 0.6401790
1403637008.551666 -471.1928406 -626.8406982 -81.0972290 -0.7617967 0.0284638 -0.0676721 0.6436429
1403637008.601666 -472.9316101 -628.7059326 -81.5260620 -0.7586317 0.0302217 -0.0665882 0.6474029
1403637008.651666 -474.6717834 -630.5750122 -81.9558105 -0.7532818 0.0303211 -0.0669263 0.6535808
1403637008.701667 -476.4113159 -632.4460449 -82.3877563 -0.7507278 0.0336331 -0.0634206 0.6566997
1403637008.751667 -478.1522522 -634.3173218 -82.8281860 -0.7519708 0.0392969 -0.0569382 0.6555561
1403637008.851666 -481.6435852 -638.0789185 -83.7086792 -0.7634041 0.0504586 -0.0424379 0.6425475
1403637008.901666 -483.3924255 -639.9681396 -84.1484375 -0.7658781 0.0540025 -0.0390087 0.6395254
1403637008.951667 -485.1426697 -641.8621826 -84.5875854 -0.7644645 0.0550247 -0.0384141 0.6411636
1403637009.001667 -486.8954773 -643.7621460 -85.0239258 -0.7640721 0.0535836 -0.0421289 0.6415198
1403637009.051666 -488.6482239 -645.6649170 -85.4669800 -0.7596919 0.0492996 -0.0499389 0.6464859
1403637009.101666 -490.4010010 -647.5715332 -85.9250488 -0.7600659 0.0453024 -0.0569422 0.6457594
1403637009.151666 -492.1554871 -649.4865112 -86.3867188 -0.7594960 0.0424611 -0.0628184 0.6460779
1403637009.201667 -493.9139404 -651.4064331 -86.8464355 -0.7620298 0.0408285 -0.0683301 0.6426311
1403637009.251667 -495.6787109 -653.3300781 -87.2982788 -0.7614519 0.0376784 -0.0751561 0.6427463
1403637009.301666 -497.4476318 -655.2584229 -87.7419434 -0.7596510 0.0327180 -0.0839359 0.6440610
1403637009.351666 -499.2219543 -657.1943359 -88.1823120 -0.7587237 0.0283556 -0.0919551 0.6442659
1403637009.401666 -501.0028076 -659.1398315 -88.6163940 -0.7556857 0.0296747 -0.0709544 0.6504030
1403637009.451667 -502.7841187 -661.0916748 -89.0534058 -0.7546126 0.0197550 -0.0712310 0.6519936
1403637009.501667 -504.5722961 -663.0468140 -89.4906006 -0.7476162 0.0141036 -0.0604682 0.6612221
1403637009.551666 -506.3666382 -665.0057983 -89.9330444 -0.7372869 0.0112994 -0.0425830 0.6741418
1403637009.601666 -508.1628113 -666.9721680 -90.3665771 -0.7301241 0.0233542 -0.0111090 0.6828250
1403637009.651666 -509.9607544 -668.9346313 -90.8073120 -0.7225351 0.0310440 -0.0204906 0.6903329
1403637009.701667 -511.7556458 -670.8980713 -91.2457886 -0.7446036 0.0533484 -0.0205113 0.6650555
1403637009.751667 -513.5518188 -672.8537598 -91.6918945 -0.7470717 0.0657129 -0.0216929 0.6611317
1403637009.801666 -515.3513794 -674.8016968 -92.1643677 -0.7454586 0.0652185 -0.0224604 0.6629733
1403637009.951667 -520.7720947 -680.6700439 -93.5795898 -0.7445443 0.0698906 -0.0201724 0.6635979
1403637010.151666 -528.0152588 -688.5375977 -95.4901733 -0.7430297 0.0725081 -0.0224873 0.6649390
1403637010.201667 -529.8298950 -690.5119629 -95.9721069 -0.7437823 0.0721794 -0.0227957 0.6641223
1403637010.301666 -533.4667969 -694.4727173 -96.9338379 -0.7448482 0.0730277 -0.0232191 0.6628190
1403637010.501667 -540.7624512 -702.4312744 -98.8599243 -0.7454752 0.0754045 -0.0222811 0.6618795
1403637010.551666 -542.5900879 -704.4295044 -99.3419189 -0.7461562 0.0758855 -0.0218374 0.6610715
1403637010.601666 -544.4207153 -706.4315186 -99.8231201 -0.7465372 0.0766024 -0.0213406 0.6605746
