1403636911.101666 -2.6295483 -2.0159726 0.9096714 -0.8103961 -0.0176709 0.0006884 0.5856155
1403636911.251667 -2.5999482 -1.8986347 0.9226309 -0.8192671 -0.0180505 -0.0011934 0.5731267
1403636911.501667 -2.5376537 -1.7201083 0.9382170 -0.8217594 -0.0202042 -0.0064674 0.5694396
1403636911.751667 -2.5027514 -1.5562602 0.9342396 -0.8217942 -0.0191810 -0.0063611 0.5694262
1403636912.001667 -2.4557891 -1.4033103 0.9374354 -0.8260180 -0.0099445 0.0062443 0.5635214
1403636912.251667 -2.3869753 -1.2474520 0.9246367 -0.8235821 -0.0114624 0.0016140 0.5670791
1403636912.501667 -2.3029470 -1.0918373 0.9122803 -0.8234909 -0.0094774 0.0030540 0.5672421
1403636912.751667 -2.2126596 -0.9155495 0.8939850 -0.8230290 -0.0018015 0.0118259 0.5678735
1403636913.251667 -1.9888080 -0.5901935 0.7688577 -0.8130000 -0.0129818 -0.0056511 0.5820916
1403636913.451667 -1.8926352 -0.4482504 0.7403212 -0.8199072 -0.0069110 0.0023575 0.5724499
1403636913.551666 -1.8404669 -0.3807765 0.7426804 -0.8196136 -0.0062337 0.0021213 0.5728788
1403636914.801666 -1.1938425 0.2323664 0.7956209 -0.8200269 -0.0113435 -0.0153583 0.5720063
1403636914.951667 -1.1165863 0.2666854 0.7901155 -0.8193419 -0.0120539 -0.0170377 0.5729253
1403636915.151666 -1.0156294 0.3143193 0.7547764 -0.8222155 -0.0099334 -0.0170813 0.5688334
1403636915.551666 -0.8323070 0.4913893 0.7160151 -0.8269784 -0.0055995 -0.0099415 0.5621179
1403636916.351666 -0.4616721 0.8773687 0.8472813 -0.8191985 -0.0137611 -0.0129811 0.5731980
1403636916.451667 -0.4142862 0.9194873 0.8731455 -0.8206845 -0.0141703 -0.0188616 0.5708945
1403636916.601666 -0.3468482 0.9826016 0.8946000 -0.8195182 0.0001633 -0.0326057 0.5721249
1403636916.751667 -0.2867267 1.0378685 0.9066636 -0.8194455 0.0147402 -0.0438327 0.5712885
1403636919.201667 -0.0291460 1.6588670 0.8789829 -0.7993529 0.1538741 -0.0894009 0.5739034
1403636920.101666 0.1663467 1.6814805 1.0518272 -0.7904959 0.1587694 -0.1195405 0.5793262
1403636920.201667 0.1938087 1.6692786 1.0417897 -0.7883134 0.1609027 -0.1143132 0.5827563
1403636921.401666 0.3694446 1.2941554 1.0888683 -0.7971935 0.1513702 -0.1307950 0.5696158
1403636922.251667 0.4654148 1.0572386 0.9989657 -0.8047101 0.1650943 -0.1437249 0.5518411
1403636922.951667 0.5388327 0.9940450 0.8991377 -0.7831380 0.2132012 -0.1639150 0.5606890
1403636923.301666 0.5562585 0.9139655 0.7899787 -0.7804531 0.2337439 -0.1814104 0.5507697
1403636923.651666 0.6160541 0.8462759 0.6811368 -0.7956644 0.2551032 -0.1908178 0.5151981
1403636924.501667 0.8277221 0.9422165 0.7102327 -0.7884813 0.2533084 -0.1846758 0.5291758
1403636924.951667 1.0107718 1.1395333 0.6713982 -0.7642776 0.2629624 -0.1696496 0.5638702
1403636925.601666 1.4016182 1.3304081 0.5573788 -0.7967735 0.2754384 -0.2113763 0.4945764
1403636926.051666 1.6907691 1.5971262 0.5551784 -0.7778342 0.2710916 -0.2227520 0.5214067
1403636926.451667 1.9259157 1.8608894 0.4580393 -0.7552978 0.2786179 -0.2045138 0.5568407
1403636926.751667 2.0926776 1.9585333 0.4009576 -0.7662004 0.2721705 -0.2065857 0.5442265
1403636927.051666 2.2453451 2.0112331 0.3850927 -0.7580546 0.3092545 -0.2136573 0.5329779
1403636927.801666 2.7397256 2.1080143 0.2552238 -0.7456294 0.3893921 -0.2735921 0.4664312
1403636927.901666 2.8201995 2.1396179 0.2646685 -0.7436275 0.3911008 -0.2741685 0.4678567
1403636928.051666 2.9712515 2.2111759 0.2686563 -0.7427811 0.3893540 -0.2769792 0.4690014
1403636928.101666 3.0252042 2.2378087 0.2665691 -0.7404752 0.3874124 -0.2796890 0.4726332
1403636930.351666 4.7700014 2.8973334 0.4020748 -0.7229424 0.3753006 -0.2761711 0.5101308
1403636930.401666 4.7998381 2.8993363 0.4172096 -0.7238792 0.3759151 -0.2765175 0.5081583
1403636930.851666 4.9883299 2.8754897 0.3837066 -0.7152186 0.3736242 -0.2780908 0.5210882
1403636931.051666 5.1054564 2.8360043 0.3618474 -0.7064264 0.3918836 -0.2716710 0.5230525
1403636931.401666 5.2917695 2.7126155 0.3936234 -0.6951921 0.3906618 -0.3130079 0.5158658
1403636931.551666 5.3403883 2.6516073 0.4310222 -0.6997702 0.3845728 -0.3289802 0.5041800
1403636932.001667 5.3892527 2.4758453 0.5317564 -0.7078794 0.4003772 -0.3134817 0.4902388
1403636933.251667 4.9063759 1.9983920 0.7561145 -0.6744345 0.4675060 -0.3567099 0.4464689
1403636933.651666 4.7333288 1.9312005 0.8154039 -0.6792698 0.4809754 -0.3488339 0.4307787
1403636934.101666 4.4999290 1.8832557 0.9127808 -0.6588460 0.4914558 -0.3610447 0.4404995
1403636934.801666 4.1110015 1.7104932 0.7720828 0.5579085 -0.6066862 0.4265512 -0.3724567
1403636935.201667 3.9658780 1.5248213 0.8948755 0.5504155 -0.6123669 0.4362024 -0.3630113
1403636935.301666 3.9192157 1.4709655 0.9032707 0.5515752 -0.6101288 0.4347090 -0.3667913
1403636935.551666 3.8032134 1.3593646 0.9596469 0.5560206 -0.6071370 0.4280205 -0.3728596
1403636935.901666 3.6137509 1.2009003 0.9243636 0.5710799 -0.6085597 0.4172905 -0.3597102
1403636936.101666 3.5313509 1.1108789 0.8572598 0.5776296 -0.6154895 0.4051502 -0.3512410
1403636936.151666 3.5181983 1.0851091 0.8340752 0.5787606 -0.6140582 0.4072711 -0.3494266
1403636936.201667 3.5091236 1.0600784 0.8118751 0.5786358 -0.6111518 0.4113714 -0.3499255
1403636936.551666 3.4192679 0.8747762 0.7491977 0.5591906 -0.6005943 0.4333741 -0.3725310
1403636936.751667 3.3853655 0.7813065 0.7207937 0.5532208 -0.6020212 0.4381461 -0.3735576
1403636936.951667 3.3525231 0.6728435 0.6484611 0.5535010 -0.5986357 0.4448380 -0.3706631
1403636937.301666 3.2748408 0.4968482 0.6209090 0.5465127 -0.6020172 0.4441513 -0.3763362
1403636937.751667 3.2341008 0.2861197 0.5921192 0.5498546 -0.5990646 0.4533201 -0.3650785
1403636937.801666 3.2337966 0.2667383 0.5913086 0.5505808 -0.5986078 0.4543239 -0.3634822
1403636938.051666 3.2325583 0.1808301 0.5466290 0.5423725 -0.5893349 0.4712235 -0.3694114
1403636938.451667 3.0999043 0.1060349 0.4865546 0.5038054 -0.6224456 0.4465306 -0.3991892
1403636938.551666 3.0399728 0.0804799 0.4934399 0.5003187 -0.6328163 0.4356844 -0.3992541
1403636938.851666 2.8345654 -0.0535674 0.5173285 0.5055486 -0.6340338 0.4385838 -0.3873835
1403636939.751667 2.4038918 -0.5139212 0.5456593 0.5232077 -0.6173496 0.4545224 -0.3722133
1403636939.851666 2.3331773 -0.5708770 0.5418500 0.5241835 -0.6173663 0.4541671 -0.3712449
1403636939.951667 2.2701652 -0.6224132 0.5186756 0.5211787 -0.6205912 0.4519879 -0.3727552
1403636940.001667 2.2379165 -0.6482315 0.5023553 0.5164630 -0.6228365 0.4532054 -0.3740931
1403636940.101666 2.1739662 -0.7023807 0.4742335 0.5118389 -0.6295494 0.4535894 -0.3687075
1403636940.351666 1.9874444 -0.8494622 0.4256996 0.5019286 -0.6404259 0.4555668 -0.3610835
1403636940.451667 1.9109364 -0.9108650 0.4160069 0.4980476 -0.6471716 0.4529658 -0.3576864
1403636940.501667 1.8666347 -0.9432397 0.4148635 0.4970512 -0.6478665 0.4540015 -0.3564994
1403636940.601666 1.7784698 -1.0139511 0.4255790 0.4988565 -0.6554121 0.4481810 -0.3474348
1403636940.651666 1.7337792 -1.0512375 0.4336511 0.5007259 -0.6565691 0.4475334 -0.3433723
1403636941.101666 1.3542475 -1.3948221 0.6093087 0.5074683 -0.6620796 0.4450118 -0.3257163
1403636941.151666 1.3116535 -1.4341660 0.6415552 0.5065855 -0.6612408 0.4464206 -0.3268647
1403636941.201667 1.2667623 -1.4737368 0.6721577 0.5059679 -0.6610781 0.4469978 -0.3273611
1403636941.251667 1.2238457 -1.5123433 0.6969458 0.5047057 -0.6601333 0.4481497 -0.3296335
1403636941.851666 0.6628429 -1.9844785 0.8522976 0.5150982 -0.6502365 0.4458339 -0.3363014
1403636941.951667 0.5643241 -2.0664628 0.8778498 0.5163644 -0.6513757 0.4442498 -0.3342452
1403636942.001667 0.5145363 -2.1043172 0.8917918 0.5158199 -0.6522515 0.4416751 -0.3367802
1403636942.351666 0.2227927 -2.3675363 0.9459381 0.5074888 -0.6537931 0.4405510 -0.3477421
1403636942.401666 0.1837031 -2.4038041 0.9541416 0.5064235 -0.6539124 0.4405181 -0.3491099
1403636942.451667 0.1438191 -2.4410291 0.9561421 0.5049202 -0.6551153 0.4396650 -0.3501060
1403636942.501667 0.1045151 -2.4799137 0.9554600 0.5028133 -0.6534187 0.4423160 -0.3529581
1403636942.751667 -0.0884602 -2.6876740 0.8936185 0.5089794 -0.6631460 0.4336499 -0.3363408
1403636942.801666 -0.1257610 -2.7359159 0.8884840 0.5102276 -0.6616541 0.4354951 -0.3350013
1403636942.901666 -0.1954515 -2.8313036 0.8870490 0.5125960 -0.6582854 0.4411159 -0.3306394
1403636943.251667 -0.4678147 -3.1858768 0.8746157 0.5065494 -0.6454009 0.4606365 -0.3386436
1403636943.401666 -0.5830605 -3.3251281 0.8610117 0.5057614 -0.6423001 0.4669629 -0.3370485
1403636943.451667 -0.6221485 -3.3675461 0.8545237 0.5052421 -0.6421710 0.4679100 -0.3367600
1403636943.501667 -0.6620684 -3.4092562 0.8481702 0.5040040 -0.6436327 0.4675819 -0.3362800
1403636943.551666 -0.7059085 -3.4503503 0.8429408 0.5027239 -0.6437348 0.4682942 -0.3370087
1403636943.751667 -0.8774397 -3.6120496 0.8143140 0.5017411 -0.6413022 0.4742844 -0.3347262
1403636943.801666 -0.9185200 -3.6524353 0.8063412 0.5017228 -0.6409639 0.4751441 -0.3341821
1403636943.901666 -1.0032039 -3.7319632 0.7709808 0.5040071 -0.6385302 0.4736001 -0.3375782
1403636944.051666 -1.1253326 -3.8323267 0.6918865 0.5196376 -0.6429697 0.4531060 -0.3335592
1403636944.101666 -1.1665704 -3.8620102 0.6680567 0.5247383 -0.6451114 0.4462653 -0.3306485
1403636944.151666 -1.2054818 -3.8901081 0.6460669 0.5292307 -0.6449440 0.4423921 -0.3290159
1403636944.201667 -1.2406442 -3.9164481 0.6236415 0.5298817 -0.6436864 0.4413158 -0.3318638
1403636944.351666 -1.3400424 -3.9987206 0.5601857 0.5351720 -0.6397479 0.4406871 -0.3318261
1403636944.401666 -1.3744590 -4.0242119 0.5416803 0.5336160 -0.6369054 0.4435246 -0.3359932
1403636944.451667 -1.4075813 -4.0488348 0.5254929 0.5308656 -0.6322976 0.4508833 -0.3392431
1403636944.901666 -1.6054459 -4.3081479 0.5775275 0.5347341 -0.6028237 0.4701331 -0.3600527
1403636944.951667 -1.6347914 -4.3168430 0.5826240 0.5329158 -0.6066802 0.4652066 -0.3626609
1403636945.001667 -1.6686769 -4.3244209 0.5915647 0.5332885 -0.6084810 0.4620925 -0.3630767
1403636945.451667 -1.9653420 -4.4128199 0.7109179 0.5349951 -0.6049103 0.4607723 -0.3681750
1403636945.551666 -2.0345898 -4.4235172 0.7185545 0.5350528 -0.6087953 0.4570982 -0.3662624
1403636945.651666 -2.1051073 -4.4264097 0.7277224 0.5392607 -0.6136234 0.4520325 -0.3582332
1403636946.101666 -2.3278275 -4.3954587 0.6612525 0.5417899 -0.6138606 0.4570375 -0.3474991
1403636946.451667 -2.3632746 -4.3657713 0.5114703 0.5325377 -0.6141564 0.4638954 -0.3521601
1403636946.551666 -2.3688941 -4.3603063 0.4233496 0.5316493 -0.6156595 0.4641134 -0.3505869
1403636946.701667 -2.3886857 -4.3391137 0.3050792 0.5297601 -0.6187088 0.4607505 -0.3525092
1403636946.851666 -2.4142122 -4.3271303 0.1795049 0.5168040 -0.6325248 0.4424137 -0.3702651
1403636946.901666 -2.4212432 -4.3298025 0.1403289 0.5151283 -0.6325483 0.4421073 -0.3729165
1403636947.201667 -2.4975619 -4.3327665 -0.0497200 0.5198023 -0.6427678 0.4312132 -0.3615390
1403636947.251667 -2.5049844 -4.3519588 -0.0874233 0.5278882 -0.6414812 0.4332213 -0.3495075
1403636947.301666 -2.5093112 -4.3719120 -0.1200991 0.5329634 -0.6420451 0.4327351 -0.3412746
1403636947.501667 -2.5281186 -4.4464350 -0.1835546 0.5421243 -0.6435009 0.4331059 -0.3231518
1403636947.701667 -2.5184517 -4.5124202 -0.1998005 0.5324922 -0.6352483 0.4452126 -0.3386703
1403636947.751667 -2.5105338 -4.5254745 -0.2070329 0.5329884 -0.6345851 0.4470834 -0.3366623
1403636947.901666 -2.4936190 -4.5579367 -0.2153661 0.5388604 -0.6208709 0.4642228 -0.3296150
1403636948.101666 -2.4659929 -4.5778503 -0.2080302 0.5408379 -0.6271038 0.4543739 -0.3282982
1403636948.451667 -2.3394322 -4.5936584 -0.1753271 0.5499987 -0.6179966 0.4582292 -0.3249735
1403636948.901666 -2.1144242 -4.5110111 -0.2457864 0.5468482 -0.6010056 0.4679219 -0.3475608
1403636948.951667 -2.0873551 -4.4903026 -0.2520847 0.5405767 -0.6043465 0.4627631 -0.3583190
1403636949.101666 -1.9992552 -4.4193001 -0.2644956 0.5343775 -0.6057460 0.4565544 -0.3729218
1403636949.151666 -1.9703193 -4.3966413 -0.2694378 0.5356051 -0.6041818 0.4570954 -0.3730352
1403636949.251667 -1.9088941 -4.3511095 -0.2880223 0.5398193 -0.6031476 0.4574045 -0.3682245
1403636949.301666 -1.8780742 -4.3281293 -0.3007028 0.5402264 -0.6031159 0.4566226 -0.3686497
1403636949.401666 -1.8183403 -4.2771053 -0.3249702 0.5371022 -0.6056361 0.4526512 -0.3739426
1403636949.601666 -1.7349887 -4.1529732 -0.3421121 0.5320618 -0.6085533 0.4482057 -0.3816868
1403636949.651666 -1.7161150 -4.1229157 -0.3427835 0.5327469 -0.6102275 0.4456903 -0.3810033
1403636949.751667 -1.6837878 -4.0659285 -0.3460243 0.5389022 -0.6110584 0.4442347 -0.3726226
1403636949.851666 -1.6568484 -4.0172439 -0.3649127 0.5424061 -0.6171288 0.4363398 -0.3668176
1403636949.901666 -1.6398139 -3.9945159 -0.3726065 0.5465380 -0.6176942 0.4350679 -0.3612008
1403636950.001667 -1.5930600 -3.9525373 -0.3961835 0.5462238 -0.6204423 0.4322047 -0.3604026
1403636950.201667 -1.4975023 -3.8710608 -0.3548043 0.5513832 -0.6259267 0.4257541 -0.3506078
1403636950.351666 -1.3948092 -3.8466213 -0.2746584 0.5522096 -0.6264138 0.4273279 -0.3464986
1403636950.551666 -1.2553971 -3.7980623 -0.3491418 0.5525063 -0.6132110 0.4455743 -0.3466591
1403636950.651666 -1.1817045 -3.7686191 -0.3997533 0.5534773 -0.6070461 0.4529977 -0.3463395
1403636950.801666 -1.0700142 -3.7162173 -0.4364672 0.5481954 -0.6081395 0.4505466 -0.3558877
1403636950.851666 -1.0347874 -3.6955893 -0.4466786 0.5455083 -0.6086944 0.4488954 -0.3611161
1403636951.001667 -0.9267824 -3.6369438 -0.4523202 0.5425689 -0.6110453 0.4451692 -0.3661517
1403636951.051666 -0.8899179 -3.6170177 -0.4517683 0.5402450 -0.6114261 0.4431289 -0.3713899
1403636951.351666 -0.6928675 -3.4813285 -0.4102294 0.5457984 -0.6246809 0.4250980 -0.3621734
1403636951.401666 -0.6605768 -3.4621680 -0.4098197 0.5496559 -0.6268877 0.4221848 -0.3558795
1403636951.501667 -0.5923412 -3.4251909 -0.4165373 0.5522850 -0.6276726 0.4213241 -0.3514178
1403636951.551666 -0.5574443 -3.4071932 -0.4185462 0.5515231 -0.6279379 0.4216632 -0.3517334
1403636951.601666 -0.5252633 -3.3886201 -0.4181225 0.5535852 -0.6283442 0.4220654 -0.3472576
1403636952.001667 -0.2474048 -3.1964881 -0.3694189 0.5516545 -0.6125236 0.4468307 -0.3476127
1403636952.051666 -0.2088087 -3.1704168 -0.3562997 0.5522735 -0.6143128 0.4449595 -0.3458684
1403636952.101666 -0.1731427 -3.1459603 -0.3454168 0.5507406 -0.6128733 0.4468452 -0.3484257
1403636952.151666 -0.1383231 -3.1231258 -0.3373736 0.5493582 -0.6143109 0.4454717 -0.3498325
1403636952.201667 -0.0990932 -3.0997188 -0.3327972 0.5470261 -0.6142009 0.4457639 -0.3532907
1403636952.551666 0.1573210 -2.9163105 -0.4297030 0.5377399 -0.6130487 0.4462107 -0.3686504
1403636952.601666 0.1954336 -2.8928409 -0.4505156 0.5412560 -0.6101032 0.4493502 -0.3645551
1403636952.801666 0.3671870 -2.7852912 -0.5340558 0.5444587 -0.6110668 0.4478600 -0.3599774
1403636953.001667 0.5075924 -2.6633070 -0.6271148 0.5455967 -0.6194614 0.4356148 -0.3589311
1403636953.851666 1.1753161 -2.3027234 -0.9053395 0.5576793 -0.6074120 0.4456030 -0.3485435
1403636953.901666 1.2249223 -2.2781250 -0.8844278 0.5561919 -0.6095295 0.4434637 -0.3499491
1403636954.001667 1.3309170 -2.2206054 -0.8467820 0.5577626 -0.6108366 0.4398145 -0.3497753
1403636954.051666 1.3827682 -2.1903331 -0.8324736 0.5557426 -0.6133220 0.4378856 -0.3510593
1403636954.251667 1.5885087 -2.0581174 -0.7894077 0.5567729 -0.6131666 0.4369695 -0.3508395
1403636954.301666 1.6429191 -2.0250289 -0.7642895 0.5576295 -0.6146230 0.4356461 -0.3485692
1403636954.351666 1.6967210 -1.9934407 -0.7387971 0.5584317 -0.6174608 0.4326773 -0.3459574
1403636954.551666 1.8980389 -1.8775011 -0.6914862 0.5568221 -0.6175185 0.4350291 -0.3454991
1403636955.001667 2.3999259 -1.5723583 -0.7414188 0.5410767 -0.6198402 0.4508138 -0.3461230
1403636955.151666 2.5610297 -1.4559522 -0.7631364 0.5390773 -0.6226806 0.4543930 -0.3393987
1403636955.301666 2.7243764 -1.3370053 -0.7561665 0.5347275 -0.6242838 0.4578466 -0.3386928
1403636955.401666 2.8378968 -1.2581682 -0.7450273 0.5332786 -0.6280727 0.4577978 -0.3340057
1403636955.451667 2.8922086 -1.2173103 -0.7382231 0.5333241 -0.6319523 0.4562354 -0.3287112
1403636955.501667 2.9450021 -1.1740413 -0.7304709 0.5337216 -0.6365196 0.4520775 -0.3249772
1403636955.601666 3.0603645 -1.0806093 -0.7044926 0.5323175 -0.6370069 0.4542902 -0.3232351
1403636955.651666 3.1172071 -1.0323476 -0.6927361 0.5319734 -0.6375157 0.4548594 -0.3219951
1403636955.751667 3.2386193 -0.9360205 -0.6811035 0.5308273 -0.6419477 0.4524819 -0.3184111
1403636955.851666 3.3722777 -0.8350935 -0.6667812 0.5314896 -0.6404402 0.4541631 -0.3179483
1403636955.901666 3.4425960 -0.7865908 -0.6623616 0.5274668 -0.6410952 0.4549831 -0.3221275
1403636956.001667 3.5935755 -0.6887859 -0.6402435 0.5229926 -0.6462579 0.4500833 -0.3259669
1403636956.101666 3.7423897 -0.6013604 -0.6146846 0.5165743 -0.6534529 0.4410325 -0.3341269
1403636956.151666 3.8127553 -0.5646783 -0.6026521 0.5153459 -0.6557841 0.4385012 -0.3347874
1403636956.201667 3.8818440 -0.5306036 -0.5963392 0.5133467 -0.6581662 0.4361710 -0.3362253
1403636956.251667 3.9500833 -0.4975487 -0.5972452 0.5129524 -0.6622400 0.4317646 -0.3345105
1403636956.301666 4.0146680 -0.4636692 -0.5989637 0.5143201 -0.6613501 0.4337896 -0.3315383
1403636956.351666 4.0802002 -0.4314224 -0.6043644 0.5177872 -0.6608428 0.4350368 -0.3254630
1403636956.401666 4.1468935 -0.4005553 -0.6099358 0.5220996 -0.6613098 0.4348177 -0.3178286
1403636956.451667 4.2101736 -0.3709934 -0.6018124 0.5244741 -0.6586625 0.4388511 -0.3138475
1403636956.501667 4.2703924 -0.3429822 -0.5855031 0.5275634 -0.6545582 0.4423150 -0.3123907
1403636956.551666 4.3324366 -0.3132840 -0.5638909 0.5266383 -0.6502837 0.4465320 -0.3168478
1403636956.601666 4.3994126 -0.2835273 -0.5351253 0.5240475 -0.6437465 0.4508465 -0.3281802
1403636956.651666 4.4673443 -0.2535113 -0.4976110 0.5241311 -0.6367394 0.4520240 -0.3398881
1403636956.701667 4.5311799 -0.2274016 -0.4471607 0.5254320 -0.6327589 0.4487494 -0.3495163
1403636956.751667 4.5918169 -0.2031659 -0.3854418 0.5282288 -0.6291978 0.4430200 -0.3589121
1403636956.801666 4.6507316 -0.1770768 -0.3157511 0.5336628 -0.6259720 0.4346054 -0.3667167
1403636956.851666 4.7090516 -0.1536651 -0.2445602 0.5398228 -0.6196488 0.4294309 -0.3744541
1403636956.901666 4.7680550 -0.1351105 -0.1753988 0.5493877 -0.6138379 0.4207261 -0.3799550
1403636956.951667 4.8312826 -0.1146896 -0.1184011 0.5587850 -0.6078400 0.4143475 -0.3828917
1403636957.001667 4.8916826 -0.0946837 -0.0664859 0.5710640 -0.5979990 0.4080305 -0.3870326
1403636957.051666 4.9490032 -0.0747811 -0.0057983 0.5811716 -0.5848494 0.4056046 -0.3945576
1403636957.151666 5.0579643 -0.0398069 0.1321411 -0.6033704 0.5642064 -0.3944064 0.4025655
1403636957.201667 5.1086102 -0.0223542 0.2086754 -0.6132079 0.5542564 -0.3896739 0.4061159
1403636957.251667 5.1609645 -0.0037429 0.2836213 -0.6203647 0.5466942 -0.3841861 0.4106996
1403636957.301666 5.2151566 0.0169326 0.3522782 -0.6272095 0.5410337 -0.3777247 0.4137811
1403636957.451667 5.3730173 0.0595955 0.5395422 -0.6394818 0.5260250 -0.3679344 0.4230663
1403636957.651666 5.6051793 0.0859470 0.6915622 -0.6470208 0.5143430 -0.3570385 0.4351310
1403636957.801666 5.7645926 0.1019082 0.7346396 -0.6617839 0.5014144 -0.3367931 0.4440678
1403636957.851666 5.8170948 0.1090608 0.7533250 -0.6680589 0.4931741 -0.3282641 0.4502435
1403636958.251667 6.2747021 0.1422624 0.9523587 -0.7211501 0.4028684 -0.2725581 0.4933070
1403636958.351666 6.3798933 0.1394069 1.0133729 -0.7301369 0.3833755 -0.2633229 0.5005840
1403636958.451667 6.4854717 0.1371203 1.0917816 -0.7364190 0.3688267 -0.2578575 0.5051371
1403636958.601666 6.6549907 0.1265295 1.1999245 -0.7426510 0.3565071 -0.2536165 0.5070018
1403636959.151666 7.4019017 0.0626829 1.5128808 -0.7417580 0.3561009 -0.2617034 0.5044786
1403636959.351666 7.6612043 0.0478221 1.5966587 -0.7434974 0.3555380 -0.2706413 0.4975517
1403636959.451667 7.7734542 0.0441716 1.6199198 -0.7433419 0.3526132 -0.2750986 0.4974209
1403636959.651666 7.9735746 0.0497161 1.6439767 -0.7355442 0.3554440 -0.2711415 0.5090351
1403636960.201667 8.4918957 0.0532411 1.9430943 -0.7386457 0.3615911 -0.2700270 0.5007393
1403636960.901666 9.0889883 0.1054258 2.1720457 -0.7529604 0.3355445 -0.2427015 0.5114260
1403636960.951667 9.1188555 0.1069719 2.1658959 -0.7577763 0.3284295 -0.2335866 0.5131729
1403636961.001667 9.1504154 0.1072838 2.1680241 -0.7615798 0.3187611 -0.2270196 0.5165751
1403636961.051666 9.1813736 0.1079828 2.1750846 -0.7669964 0.3102300 -0.2152563 0.5187857
1403636961.851666 9.6548204 -0.1270993 2.5138488 -0.8014632 0.1618813 -0.0951714 0.5677973
1403636962.001667 9.8015509 -0.7765906 2.4380805 -0.8006731 0.1310647 -0.0757231 0.5796643
1403636962.051666 9.8531914 -0.9973814 2.4100454 -0.8022224 0.1218797 -0.0689808 0.5803673
1403636962.101666 9.9055948 -1.2231421 2.3790543 -0.8015336 0.1090792 -0.0619520 0.5846431
1403636962.751667 10.6666632 -4.4996691 2.0041718 -0.8021509 -0.0457922 0.0087716 0.5952983
1403636962.901666 10.8469124 -5.2836671 1.9256439 -0.7997750 -0.0633366 0.0176887 0.5966871
1403636962.951667 10.9103069 -5.5462294 1.9008031 -0.8004269 -0.0632013 0.0231538 0.5956394
1403636963.001667 10.9741478 -5.8103881 1.8787594 -0.7972887 -0.0634929 0.0276284 0.5996134
1403636963.051666 11.0390930 -6.0740995 1.8508282 -0.7928836 -0.0607669 0.0341757 0.6053718
1403636963.501667 11.6725674 -8.5006609 1.5319185 -0.7913763 -0.0457081 0.0416243 0.6081955
1403636963.701667 11.9977741 -9.6322279 1.3573923 -0.7915379 -0.0431089 0.0350205 0.6085910
1403636963.751667 12.0808306 -9.9187765 1.3157320 -0.7914948 -0.0419767 0.0340257 0.6087825
1403636963.801666 12.1654778 -10.2102203 1.2782946 -0.7899891 -0.0417041 0.0348696 0.6107064
1403636964.051666 12.5905266 -11.7089252 1.1075430 -0.7879984 -0.0454665 0.0401633 0.6126812
1403636964.151666 12.7615042 -12.3160954 1.0388908 -0.7849382 -0.0466519 0.0437290 0.6162657
1403636964.251667 12.9381485 -12.9317703 0.9730902 -0.7834935 -0.0485978 0.0451151 0.6178518
1403636964.301666 13.0340986 -13.2367468 0.9322529 -0.7817220 -0.0512380 0.0431049 0.6200222
1403636964.351666 13.1302872 -13.5380917 0.8851967 -0.7816145 -0.0518691 0.0427103 0.6201324
1403636964.401666 13.2245178 -13.8379698 0.8378372 -0.7826449 -0.0520096 0.0436489 0.6187541
1403636964.451667 13.3172636 -14.1386976 0.7915306 -0.7808078 -0.0532100 0.0446699 0.6208965
1403636964.751667 13.8996706 -16.0388641 0.4740925 -0.7778629 -0.0907527 0.0461707 0.6201302
1403636964.801666 13.9992476 -16.3671780 0.4127998 -0.7748591 -0.1008410 0.0493984 0.6220807
1403636964.851666 14.0971832 -16.6971989 0.3599625 -0.7705615 -0.1079002 0.0575503 0.6255242
1403636964.901666 14.1951370 -17.0289688 0.3080769 -0.7680134 -0.1177507 0.0703961 0.6255674
1403636964.951667 14.2925329 -17.3627644 0.2558956 -0.7646149 -0.1276140 0.0775431 0.6269496
1403636965.051666 14.4905748 -18.0412769 0.1602116 -0.7575106 -0.1469945 0.0979237 0.6284754
1403636965.151666 14.6974726 -18.7331123 0.0913315 -0.7529351 -0.1655504 0.1130130 0.6268252
1403636965.301666 15.0144844 -19.7986526 0.0359650 -0.7564194 -0.1994132 0.1159215 0.6120672
1403636966.101666 16.1257362 -25.8449707 0.8311729 -0.7408866 -0.2155120 0.1185505 0.6249700
1403636966.151666 16.1925659 -26.2455292 0.8814201 -0.7404329 -0.2170647 0.1145998 0.6257069
1403636966.201667 16.2582397 -26.6477604 0.9237709 -0.7436705 -0.2157636 0.1136735 0.6224779
1403636966.251667 16.3225899 -27.0588818 0.9726181 -0.7394835 -0.2141219 0.1168665 0.6274218
1403636966.301666 16.3894520 -27.4765377 1.0196342 -0.7379531 -0.2139154 0.1156680 0.6295128
1403636966.351666 16.4535427 -27.8942261 1.0531502 -0.7409281 -0.2102734 0.1182149 0.6267664
1403636966.401666 16.5131073 -28.3167610 1.0825539 -0.7383254 -0.2078996 0.1251357 0.6292809
1403636966.601666 16.7360420 -30.0526314 1.1677971 -0.7395154 -0.1928288 0.1432703 0.6288145
1403636966.651666 16.7999001 -30.4961796 1.1696014 -0.7375809 -0.1959442 0.1370111 0.6315127
1403636966.951667 17.1529636 -33.2587891 1.0898438 -0.7329727 -0.1976468 0.1253741 0.6387238
1403636967.001667 17.2035427 -33.7301331 1.0720367 -0.7346320 -0.1961042 0.1258761 0.6371926
1403636967.051666 17.2514496 -34.2063255 1.0565147 -0.7340142 -0.1961963 0.1239971 0.6382437
1403636967.101666 17.2975197 -34.6838570 1.0354424 -0.7325864 -0.1980642 0.1199784 0.6400726
1403636967.151666 17.3346977 -35.1596832 1.0055885 -0.7341356 -0.1973120 0.1178043 0.6389328
1403636967.251667 17.3911171 -36.1223564 0.9210663 -0.7321899 -0.1986315 0.1149901 0.6412650
1403636967.301666 17.4152184 -36.6096535 0.8672600 -0.7317459 -0.1992667 0.1129585 0.6419355
1403636967.401666 17.4523506 -37.5935135 0.7509804 -0.7287636 -0.2006038 0.1091887 0.6455537
1403636967.501667 17.4721336 -38.5980949 0.6322365 -0.7277200 -0.1996488 0.1086560 0.6471151
1403636967.651666 17.4805145 -40.1538239 0.4448814 -0.7263294 -0.1981381 0.1051978 0.6497079
1403636967.701667 17.4704285 -40.6832848 0.3798294 -0.7268133 -0.1986265 0.1030095 0.6493682
1403636967.851666 17.4073181 -42.2833099 0.1713829 -0.7211656 -0.1988875 0.1036055 0.6554616
1403636967.901666 17.3809700 -42.8265038 0.0994987 -0.7201367 -0.1996928 0.1026385 0.6564993
1403636967.951667 17.3554611 -43.3824615 0.0310020 -0.7199627 -0.2020295 0.1013557 0.6561744
1403636968.051666 17.3008270 -44.5009995 -0.1252975 -0.7197635 -0.2022902 0.1015685 0.6562797
1403636968.151666 17.2484550 -45.6371193 -0.2932472 -0.7193099 -0.2012743 0.1047525 0.6565888
1403636968.201667 17.2163315 -46.2076492 -0.3800507 -0.7189009 -0.2051941 0.1027902 0.6561335
1403636968.401666 17.0540199 -48.5511169 -0.6806412 -0.7222110 -0.2033557 0.1011026 0.6533269
1403636968.551666 16.9493046 -50.3851738 -0.8845291 -0.7253680 -0.2020897 0.1032130 0.6498833
1403636968.601666 16.9160976 -51.0075493 -0.9496727 -0.7230244 -0.2042347 0.1000869 0.6523085
1403636968.651666 16.8847713 -51.6379128 -1.0108871 -0.7244708 -0.2057212 0.0973838 0.6506438
1403636968.751667 16.8295670 -52.9126167 -1.1384201 -0.7232659 -0.2087965 0.0923387 0.6517392
1403636968.951667 16.6792793 -55.4637527 -1.3430176 -0.7248097 -0.2088923 0.0924727 0.6499722
1403636969.001667 16.6168633 -56.0817909 -1.3847885 -0.7246007 -0.2066066 0.0957021 0.6504682
1403636969.151666 16.4218311 -57.9667778 -1.5026321 -0.7290754 -0.2039689 0.0999073 0.6456504
1403636969.251667 16.2853317 -59.2409706 -1.5821762 -0.7374220 -0.2031521 0.0996954 0.6363952
1403636969.301666 16.2103825 -59.8810234 -1.6218872 -0.7395079 -0.2044294 0.0977041 0.6338696
1403636969.351666 16.1324463 -60.5204506 -1.6654510 -0.7403558 -0.2039348 0.0985039 0.6329147
1403636969.401666 16.0540237 -61.1637115 -1.7047272 -0.7435082 -0.2044582 0.0982934 0.6290714
1403636969.701667 15.5758648 -65.0838394 -1.9376144 -0.7469988 -0.2032134 0.0950829 0.6258246
1403636969.751667 15.4939823 -65.7475433 -1.9843521 -0.7466553 -0.2017940 0.0963640 0.6264975
1403636969.801666 15.4105425 -66.4152985 -2.0285873 -0.7470576 -0.2023057 0.0951900 0.6260322
1403636969.901666 15.2434635 -67.7603302 -2.1212311 -0.7474679 -0.2015910 0.0956155 0.6257080
1403636969.951667 15.1600876 -68.4367523 -2.1727753 -0.7447529 -0.2034283 0.0931331 0.6287181
1403636970.001667 15.0744801 -69.1172409 -2.2271194 -0.7463128 -0.2001963 0.0971485 0.6272964
1403636970.051666 14.9851599 -69.8039932 -2.2774124 -0.7424201 -0.1998498 0.0982452 0.6318389
1403636970.101666 14.8963623 -70.4942322 -2.3311386 -0.7399427 -0.2020877 0.0957668 0.6344085
1403636970.151666 14.8071156 -71.1884232 -2.3890457 -0.7371849 -0.2004138 0.0978736 0.6378193
1403636970.201667 14.7174673 -71.8876419 -2.4501648 -0.7353261 -0.2000609 0.0988731 0.6399183
1403636970.251667 14.6212177 -72.5909348 -2.5108871 -0.7332792 -0.2017772 0.0988080 0.6417357
1403636970.301666 14.5114784 -73.2975159 -2.5741577 -0.7341128 -0.2026788 0.0981803 0.6405938
1403636970.351666 14.4002991 -74.0089035 -2.6419296 -0.7348719 -0.2027832 0.0988944 0.6395797
1403636970.401666 14.2901592 -74.7293777 -2.7040634 -0.7385465 -0.2043880 0.0972790 0.6350681
1403636970.451667 14.1796026 -75.4541321 -2.7675476 -0.7398809 -0.2071393 0.0943222 0.6330664
1403636970.501667 14.0702133 -76.1841660 -2.8298264 -0.7438704 -0.2057764 0.0973574 0.6283585
1403636970.551666 13.9607849 -76.9145584 -2.8886032 -0.7468423 -0.2078862 0.0944764 0.6245673
1403636970.601666 13.8486195 -77.6457977 -2.9480209 -0.7477009 -0.2090236 0.0941313 0.6232109
1403636970.651666 13.7363062 -78.3810501 -3.0052490 -0.7493778 -0.2102068 0.0932175 0.6209320
1403636970.701667 13.6231861 -79.1199799 -3.0613861 -0.7530343 -0.2115376 0.0922151 0.6161879
1403636970.751667 13.5082016 -79.8604355 -3.1189728 -0.7546913 -0.2122613 0.0918380 0.6139641
1403636970.801666 13.3909559 -80.6003571 -3.1829147 -0.7563033 -0.2136655 0.0906954 0.6116590
1403636970.851666 13.2717247 -81.3415298 -3.2509842 -0.7598159 -0.2160957 0.0875049 0.6068982
1403636970.901666 13.1487064 -82.0829239 -3.3235397 -0.7628564 -0.2173901 0.0869471 0.6026874
1403636970.951667 13.0256348 -82.8294983 -3.3946838 -0.7646090 -0.2181644 0.0876036 0.6000859
1403636971.001667 12.9016542 -83.5771179 -3.4713974 -0.7660381 -0.2164294 0.0913751 0.5983264
1403636971.051666 12.7772989 -84.3281860 -3.5471115 -0.7636988 -0.2146428 0.0960504 0.6012213
1403636971.101666 12.6530638 -85.0832596 -3.6269760 -0.7650855 -0.2107856 0.1021014 0.5998241
1403636971.151666 12.5286465 -85.8400574 -3.7066956 -0.7608259 -0.2088452 0.1079873 0.6048689
1403636971.201667 12.4038486 -86.5983124 -3.7867050 -0.7605540 -0.2045572 0.1149698 0.6053892
1403636971.251667 12.2763815 -87.3533096 -3.8714828 -0.7580904 -0.2006237 0.1215204 0.6085078
1403636971.301666 12.1523619 -88.1109924 -3.9616776 -0.7546966 -0.1982041 0.1266558 0.6124594
1403636971.351666 12.0340643 -88.8722534 -4.0608444 -0.7556543 -0.1936857 0.1334133 0.6112883
1403636971.401666 11.9160109 -89.6361694 -4.1628952 -0.7527885 -0.1938338 0.1358177 0.6142406
1403636971.451667 11.7967243 -90.4004440 -4.2712250 -0.7517562 -0.1942839 0.1351033 0.6155190
1403636971.501667 11.6751451 -91.1638947 -4.3797150 -0.7538045 -0.1957396 0.1336178 0.6128712
1403636971.551666 11.5579062 -91.9320984 -4.4864502 -0.7501940 -0.1990794 0.1309591 0.6167870
1403636971.601666 11.4444895 -92.7036667 -4.5982590 -0.7475211 -0.2020123 0.1266314 0.6199741
1403636971.651666 11.3326826 -93.4785767 -4.7105637 -0.7417656 -0.2061888 0.1225329 0.6263033
1403636971.701667 11.2218904 -94.2578583 -4.8246155 -0.7396234 -0.2103670 0.1162939 0.6286324
1403636971.801666 11.0013504 -95.8364258 -5.0668030 -0.7355958 -0.2145723 0.1140791 0.6323318
1403636971.851666 10.8898468 -96.6312485 -5.1905670 -0.7315594 -0.2135861 0.1160586 0.6369712
1403636971.901666 10.7776775 -97.4334183 -5.3135681 -0.7325212 -0.2137153 0.1157096 0.6358851
1403636971.951667 10.6645365 -98.2408371 -5.4380722 -0.7316172 -0.2140010 0.1160644 0.6367645
1403636972.001667 10.5532141 -99.0493240 -5.5699921 -0.7316520 -0.2147942 0.1157563 0.6365134
1403636972.151666 10.2172985 -101.5024261 -5.9465103 -0.7323875 -0.2176294 0.1122739 0.6353272
1403636972.201667 10.1018867 -102.3294678 -6.0719986 -0.7349625 -0.2176512 0.1130667 0.6321979
1403636972.251667 9.9873562 -103.1585236 -6.2054520 -0.7369916 -0.2144773 0.1169784 0.6302055
1403636972.351666 9.7673950 -104.8356018 -6.4601822 -0.7455621 -0.2166781 0.1117793 0.6202364
1403636972.401666 9.6581783 -105.6857910 -6.5817642 -0.7461655 -0.2167596 0.1105025 0.6197109
1403636972.451667 9.5492535 -106.5406189 -6.6997147 -0.7436687 -0.2170218 0.1099421 0.6227128
1403636972.601666 9.2253399 -109.1367645 -7.0296326 -0.7445058 -0.2165020 0.1063804 0.6225120
1403636972.801666 8.7742062 -112.6301422 -7.4785004 -0.7406623 -0.2186019 0.1010393 0.6272348
1403636972.951667 8.4272518 -115.2950745 -7.8155670 -0.7412462 -0.2146227 0.0982400 0.6283630
1403636973.001667 8.3083744 -116.1922302 -7.9289398 -0.7432641 -0.2109527 0.0946125 0.6277786
1403636973.051666 8.1889133 -117.0930786 -8.0440674 -0.7457324 -0.2059113 0.0915408 0.6269801
1403636973.101666 8.0691929 -117.9979477 -8.1607971 -0.7478942 -0.2005146 0.0885842 0.6265790
1403636973.151666 7.9489746 -118.9069519 -8.2774353 -0.7466813 -0.1957020 0.0870920 0.6297482
1403636973.201667 7.8286819 -119.8212891 -8.3919373 -0.7482260 -0.1912977 0.0850255 0.6295504
1403636973.251667 7.7089119 -120.7400894 -8.5065918 -0.7460127 -0.1881079 0.0834245 0.6333411
1403636973.301666 7.5946732 -121.6665649 -8.6266785 -0.7501277 -0.1820841 0.0807136 0.6305864
1403636973.351666 7.4890594 -122.6009064 -8.7631378 -0.7504517 -0.1791625 0.0793441 0.6312111
1403636973.451667 7.2698021 -124.4748230 -9.0539093 -0.7524932 -0.1749395 0.0764117 0.6303265
1403636973.501667 7.1573153 -125.4167709 -9.1988525 -0.7510293 -0.1743907 0.0735141 0.6325651
1403636973.901666 6.2347126 -133.0795288 -10.3889618 -0.7423303 -0.1701280 0.0720749 0.6440556
1403636973.951667 6.1178493 -134.0578308 -10.5272217 -0.7448786 -0.1675475 0.0739919 0.6415675
1403636974.201667 5.5448647 -139.0227051 -11.2091980 -0.7573899 -0.1454525 0.0633847 0.6333929
1403636974.301666 5.3181953 -141.0245361 -11.5046539 -0.7607089 -0.1254414 0.0493362 0.6349428
1403636974.351666 5.1995993 -142.0319061 -11.6559296 -0.7610275 -0.1150919 0.0384715 0.6372685
1403636975.001667 3.5671701 -155.5383301 -13.7161560 -0.7719042 0.0578110 -0.0373866 0.6320001
1403636975.151666 3.1900845 -158.7740784 -14.1481934 -0.7642684 0.0851280 -0.0535608 0.6370072
1403636975.451667 2.4720669 -165.3256226 -15.0437927 -0.7533803 0.0997538 -0.0788530 0.6451741
1403636975.501667 2.3618717 -166.4277954 -15.2043152 -0.7520689 0.0986702 -0.0826492 0.6463943
1403636975.801666 1.7201309 -173.0924377 -16.2143860 -0.7584887 0.0938611 -0.0804994 0.6398476
1403636975.851666 1.6168461 -174.2170105 -16.3815613 -0.7609127 0.0955223 -0.0811003 0.6366398
1403636976.051666 1.1943016 -178.7466736 -17.0201721 -0.7577032 0.1249127 -0.0840484 0.6349949
1403636976.101666 1.0885735 -179.8818359 -17.1788177 -0.7511113 0.1354233 -0.0849801 0.6405237
1403636976.151666 0.9817734 -181.0181274 -17.3358002 -0.7441273 0.1500030 -0.0824246 0.6457397
1403636976.351666 0.5730209 -185.6017761 -17.9875336 -0.7282711 0.2033155 -0.0915604 0.6479976
1403636976.451667 0.3715897 -187.9332123 -18.3292847 -0.7205541 0.2262043 -0.1091638 0.6463102
1403636976.501667 0.2697906 -189.1094208 -18.5007629 -0.7207934 0.2368332 -0.1194429 0.6403907
1403636976.701667 -0.1331635 -193.8775177 -19.2055817 -0.7161480 0.2540738 -0.1607349 0.6298753
1403636976.801666 -0.3324280 -196.2981262 -19.5670929 -0.7163223 0.2622420 -0.1659458 0.6249589
1403636977.151666 -1.0432358 -204.9540253 -20.8167725 -0.7239027 0.2757203 -0.1569754 0.6126189
1403636977.301666 -1.3284378 -208.7446594 -21.3516998 -0.7224833 0.2736082 -0.1536553 0.6160735
1403636977.351666 -1.4141922 -210.0114594 -21.5317535 -0.7198699 0.2698455 -0.1550435 0.6204292
1403636977.601666 -1.8667221 -216.3744507 -22.5005798 -0.7165406 0.2595820 -0.1576133 0.6279688
1403636977.701667 -2.0625687 -218.9506226 -22.9206848 -0.7130032 0.2596169 -0.1581264 0.6318398
1403636977.751667 -2.1581345 -220.2421875 -23.1431580 -0.7133616 0.2625879 -0.1564083 0.6306340
1403636977.801666 -2.2536850 -221.5387573 -23.3665314 -0.7146972 0.2671875 -0.1510942 0.6284818
1403636977.901666 -2.4440384 -224.1448364 -23.8284302 -0.7115059 0.2716907 -0.1506714 0.6302712
1403636978.251667 -3.1230850 -233.4367371 -25.4563904 -0.7187129 0.2701170 -0.1675394 0.6184005
1403636978.301666 -3.2279205 -234.7910309 -25.6789093 -0.7197083 0.2698821 -0.1690248 0.6169394
1403636978.401666 -3.4427948 -237.5204468 -26.1247101 -0.7234185 0.2702734 -0.1709551 0.6118761
1403636978.551666 -3.7792358 -241.6625366 -26.7935486 -0.7296047 0.2712189 -0.1727654 0.6035475
1403636978.601666 -3.8934784 -243.0482941 -27.0250854 -0.7342312 0.2716814 -0.1711783 0.5981570
1403636979.151666 -5.1749191 -258.5981140 -29.5140686 -0.7157496 0.2660878 -0.1832372 0.6191317
1403636979.201667 -5.2917175 -260.0463867 -29.7507935 -0.7142577 0.2630023 -0.1851089 0.6216112
1403636979.351666 -5.6325302 -264.4165649 -30.4716492 -0.7218070 0.2644722 -0.1817416 0.6132041
1403636979.401666 -5.7455444 -265.8825989 -30.7096558 -0.7256353 0.2652604 -0.1809912 0.6085496
1403636979.501667 -5.9757614 -268.8329163 -31.1819153 -0.7343545 0.2674552 -0.1778076 0.5979764
1403636979.601666 -6.2040024 -271.7906494 -31.6556396 -0.7377278 0.2664842 -0.1789475 0.5939038
1403636979.701667 -6.4269333 -274.7659607 -32.1320801 -0.7378547 0.2674134 -0.1796436 0.5931177
1403636979.751667 -6.5376205 -276.2594604 -32.3742676 -0.7407410 0.2668601 -0.1805282 0.5894896
1403636979.801666 -6.6505127 -277.7531738 -32.6202087 -0.7388656 0.2666617 -0.1821229 0.5914395
1403636979.851666 -6.7628708 -279.2524719 -32.8622131 -0.7350111 0.2662234 -0.1836079 0.5959630
1403636979.901666 -6.8744049 -280.7609863 -33.0983582 -0.7353249 0.2670673 -0.1845522 0.5949057
1403636979.951667 -6.9893799 -282.2756348 -33.3349304 -0.7319308 0.2654381 -0.1869302 0.5990635
1403636980.101666 -7.3454056 -286.8490295 -34.0339355 -0.7279635 0.2664665 -0.1880237 0.6030853
1403636980.251667 -7.7181931 -291.4696960 -34.7081909 -0.7269340 0.2689458 -0.1867367 0.6036263
1403636980.451667 -8.2353592 -297.6876831 -35.6412048 -0.7195842 0.2671963 -0.1873678 0.6129422
1403636980.501667 -8.3702240 -299.2530518 -35.8843079 -0.7144276 0.2674872 -0.1848244 0.6195835
1403636980.601666 -8.6409302 -302.3991089 -36.3747864 -0.7131267 0.2679366 -0.1808055 0.6220689
1403636980.901666 -9.4644623 -311.9827576 -37.8669128 -0.7243611 0.2593248 -0.1862341 0.6110389
1403636980.951667 -9.6051483 -313.6040039 -38.1059265 -0.7257023 0.2557321 -0.1871850 0.6106710
1403636981.201667 -10.3066254 -321.7828369 -39.3384094 -0.7203203 0.2573939 -0.1790926 0.6187189
1403636981.251667 -10.4504623 -323.4346924 -39.5903625 -0.7174650 0.2604903 -0.1733056 0.6223777
1403636981.601666 -11.4766159 -335.1370850 -41.3934937 -0.7238879 0.2635493 -0.1775517 0.6123753
1403636981.701667 -11.7707977 -338.5186157 -41.8943481 -0.7295955 0.2607757 -0.1852134 0.6044688
1403636981.751667 -11.9186249 -340.2138672 -42.1455994 -0.7296336 0.2584106 -0.1896150 0.6040737
1403636981.801666 -12.0668030 -341.9125671 -42.3940125 -0.7291604 0.2592227 -0.1892767 0.6044031
1403636981.901666 -12.3670197 -345.3265991 -42.8648682 -0.7368537 0.2605887 -0.1904790 0.5940185
1403636981.951667 -12.5150604 -347.0344238 -43.1049194 -0.7397988 0.2620974 -0.1885502 0.5902978
1403636982.301666 -13.5560455 -359.0706177 -44.8615112 -0.7471924 0.2723234 -0.1705826 0.5817603
1403636982.451667 -13.9964142 -364.2666626 -45.6426392 -0.7346295 0.2707108 -0.1688633 0.5987658
1403636982.501667 -14.1448669 -366.0096130 -45.8981934 -0.7297968 0.2693133 -0.1684944 0.6053731
1403636982.601666 -14.4414978 -369.5088501 -46.4064026 -0.7245413 0.2639273 -0.1719057 0.6130505
1403636982.651666 -14.5927124 -371.2651367 -46.6578064 -0.7249035 0.2633384 -0.1704799 0.6132736
1403636983.001667 -15.6666718 -383.6964722 -48.4361877 -0.7309477 0.2591784 -0.1711292 0.6076652
1403636983.251667 -16.4650726 -392.7206726 -49.7638855 -0.7253206 0.2521928 -0.1806542 0.6145510
1403636983.301666 -16.6255493 -394.5438843 -50.0335999 -0.7256492 0.2502991 -0.1832584 0.6141661
1403636983.351666 -16.7867737 -396.3743591 -50.3017883 -0.7251732 0.2497909 -0.1821574 0.6152619
1403636983.401666 -16.9482727 -398.2109985 -50.5631714 -0.7268310 0.2485784 -0.1848903 0.6129772
1403636983.501667 -17.2743378 -401.9020996 -51.0701904 -0.7265172 0.2508751 -0.1834134 0.6128573
1403636983.651666 -17.7774353 -407.4828186 -51.8177490 -0.7282932 0.2547380 -0.1824201 0.6094428
1403636983.701667 -17.9465179 -409.3529358 -52.0707092 -0.7300639 0.2554393 -0.1805182 0.6075942
1403636983.751667 -18.1143951 -411.2254639 -52.3215942 -0.7332972 0.2557873 -0.1823652 0.6029851
1403636983.851666 -18.4520264 -414.9888916 -52.8255005 -0.7363089 0.2563799 -0.1832212 0.5987893
1403636983.951667 -18.7963104 -418.7719116 -53.3105774 -0.7399467 0.2597221 -0.1804892 0.5936724
1403636984.001667 -18.9700470 -420.6713867 -53.5480347 -0.7405093 0.2604991 -0.1801177 0.5927427
1403636984.051666 -19.1430817 -422.5733032 -53.7832336 -0.7404382 0.2611625 -0.1795133 0.5927230
1403636984.101666 -19.3133698 -424.4755859 -54.0145569 -0.7406430 0.2617475 -0.1797416 0.5921395
1403636984.201667 -19.6495819 -428.2932739 -54.4894714 -0.7356332 0.2602985 -0.1827346 0.5980775
1403636984.351666 -20.1524506 -434.0607300 -55.2186890 -0.7282577 0.2622499 -0.1846193 0.6056249
1403636984.401666 -20.3229218 -435.9938660 -55.4613647 -0.7280370 0.2621662 -0.1856654 0.6056067
1403636984.451667 -20.4926758 -437.9302979 -55.7137146 -0.7266502 0.2617588 -0.1870262 0.6070281
1403636984.501667 -20.6640472 -439.8726196 -55.9663391 -0.7245014 0.2617597 -0.1867802 0.6096661
1403636984.601666 -21.0087128 -443.7756042 -56.4766541 -0.7209406 0.2593123 -0.1895094 0.6140750
1403636984.651666 -21.1821136 -445.7337341 -56.7355042 -0.7203580 0.2581856 -0.1913670 0.6146570
1403636984.801666 -21.7057953 -451.6487427 -57.4989319 -0.7201495 0.2567518 -0.1899429 0.6159424
1403636985.051666 -22.5930481 -461.5809937 -58.7810669 -0.7232343 0.2583628 -0.1835220 0.6135965
1403636985.151666 -22.9451294 -465.5849304 -59.2961121 -0.7251192 0.2570339 -0.1862205 0.6111118
1403636985.201667 -23.1211853 -467.5921631 -59.5634766 -0.7242224 0.2551445 -0.1879687 0.6124305
1403636985.251667 -23.2943726 -469.6005249 -59.8512878 -0.7223963 0.2529544 -0.1915299 0.6143890
1403636985.351666 -23.6391144 -473.6209106 -60.4620056 -0.7238054 0.2519334 -0.1908849 0.6133500
1403636985.501667 -24.1653290 -479.6868286 -61.3570557 -0.7281272 0.2406967 -0.1859883 0.6142510
1403636985.551666 -24.3430939 -481.7164307 -61.6507568 -0.7290632 0.2356981 -0.1843378 0.6155753
1403636985.601666 -24.5227661 -483.7524414 -61.9459839 -0.7314636 0.2314243 -0.1823692 0.6149352
1403636985.651666 -24.7049866 -485.7973022 -62.2440796 -0.7317505 0.2269678 -0.1836158 0.6158831
1403636985.751667 -25.0755310 -489.9050903 -62.8286133 -0.7335302 0.2202664 -0.1823390 0.6165782
1403636985.901666 -25.6408844 -496.1008301 -63.6980591 -0.7196810 0.2114703 -0.1837797 0.6352674
1403636985.951667 -25.8309021 -498.1761780 -63.9935303 -0.7117065 0.2092318 -0.1825348 0.6452729
1403636986.001667 -26.0214233 -500.2550049 -64.3011475 -0.7068002 0.2067196 -0.1838396 0.6510788
1403636986.051666 -26.2139893 -502.3410645 -64.6094971 -0.7025384 0.2028658 -0.1867641 0.6560522
1403636986.101666 -26.4087067 -504.4346619 -64.9136353 -0.7048314 0.2031466 -0.1858837 0.6537519
1403636986.201667 -26.8109589 -508.6294556 -65.5166626 -0.7108238 0.2029697 -0.1815386 0.6485187
1403636986.251667 -27.0166168 -510.7327881 -65.8214111 -0.7174545 0.2040111 -0.1801857 0.6412268
1403636986.301666 -27.2239990 -512.8404541 -66.1252441 -0.7185666 0.2056232 -0.1769110 0.6403777
1403636986.351666 -27.4324951 -514.9516602 -66.4274902 -0.7216975 0.2060731 -0.1769846 0.6366813
1403636986.401666 -27.6430664 -517.0681763 -66.7307129 -0.7238596 0.2077741 -0.1732925 0.6346865
1403636986.451667 -27.8550415 -519.1895752 -67.0359497 -0.7252470 0.2089358 -0.1706413 0.6334383
1403636986.501667 -28.0682983 -521.3160400 -67.3416138 -0.7241105 0.2113951 -0.1660133 0.6351502
1403636986.601666 -28.5026703 -525.5914307 -67.9443359 -0.7268144 0.2145254 -0.1582612 0.6329875
1403636986.651666 -28.7239380 -527.7397461 -68.2470093 -0.7264993 0.2126528 -0.1577184 0.6341156
1403636986.701667 -28.9446564 -529.8926392 -68.5494385 -0.7244409 0.2136062 -0.1543477 0.6369730
1403636986.751667 -29.1663361 -532.0540771 -68.8429565 -0.7229693 0.2161635 -0.1505461 0.6386898
1403636986.801666 -29.3893127 -534.2213745 -69.1307373 -0.7250454 0.2211001 -0.1445177 0.6360336
1403636986.851666 -29.6106415 -536.3897705 -69.4270630 -0.7236507 0.2196253 -0.1461004 0.6377688
1403636986.951667 -30.0510712 -540.7360229 -70.0397949 -0.7188748 0.2178988 -0.1464320 0.6436590
1403636987.001667 -30.2729340 -542.9206543 -70.3414917 -0.7201372 0.2192753 -0.1445228 0.6422102
1403636987.051666 -30.4973297 -545.1134033 -70.6393433 -0.7191048 0.2158403 -0.1493388 0.6434276
1403636987.101666 -30.7205811 -547.3125610 -70.9398804 -0.7180507 0.2152252 -0.1518913 0.6442131
1403636987.201667 -31.1693573 -551.7321777 -71.5388794 -0.7158558 0.2160595 -0.1529094 0.6461328
1403636987.251667 -31.3931885 -553.9501953 -71.8345947 -0.7146763 0.2168968 -0.1520657 0.6473559
1403636987.301666 -31.6173248 -556.1739502 -72.1333618 -0.7137103 0.2164884 -0.1537789 0.6481531
1403636987.401666 -32.0802155 -560.6475830 -72.7256470 -0.7114125 0.2138177 -0.1529457 0.6517529
1403636987.451667 -32.3158112 -562.8930054 -73.0177612 -0.7110509 0.2108480 -0.1536015 0.6529597
1403636987.501667 -32.5536194 -565.1443481 -73.3118286 -0.7030184 0.1961614 -0.1614980 0.6642321
1403636987.551666 -32.7957611 -567.4017334 -73.6045532 -0.6977665 0.1880427 -0.1657795 0.6710284
1403636987.701667 -33.5483551 -574.2073975 -74.4859009 -0.6953813 0.1800968 -0.1690079 0.6748677
1403636987.751667 -33.8036041 -576.4863892 -74.7841187 -0.6952733 0.1786103 -0.1683544 0.6755370
1403636987.801666 -34.0623016 -578.7731934 -75.0822144 -0.6970149 0.1763752 -0.1685914 0.6742693
1403636987.851666 -34.3250427 -581.0667725 -75.3782349 -0.6974810 0.1754938 -0.1671670 0.6743719
1403636987.901666 -34.5909729 -583.3684692 -75.6737671 -0.6979976 0.1759663 -0.1633574 0.6746479
1403636988.051666 -35.4103394 -590.3134155 -76.5574341 -0.7055988 0.1788738 -0.1498394 0.6690910
1403636988.101666 -35.6893082 -592.6416626 -76.8509521 -0.7048941 0.1806090 -0.1456866 0.6702837
1403636988.151666 -35.9704819 -594.9796143 -77.1448364 -0.7059677 0.1812443 -0.1429317 0.6695750
1403636988.401666 -37.3837738 -606.7254639 -78.7113647 -0.6939210 0.1827932 -0.1359442 0.6830662
1403636988.451667 -37.6676025 -609.0966187 -79.0300293 -0.6928334 0.1816563 -0.1382434 0.6840115
1403636988.501667 -37.9541321 -611.4747314 -79.3490601 -0.6902338 0.1803792 -0.1396474 0.6866872
1403636988.551666 -38.2433777 -613.8628540 -79.6667480 -0.6876582 0.1788640 -0.1394056 0.6897102
1403636988.601666 -38.5365524 -616.2629395 -79.9812012 -0.6885738 0.1782480 -0.1390347 0.6890307
1403636988.651666 -38.8324280 -618.6723022 -80.2943115 -0.6879096 0.1773729 -0.1386598 0.6899948
1403636988.801666 -39.7341995 -625.9513550 -81.2282104 -0.6884360 0.1772040 -0.1359154 0.6900592
1403636989.251667 -42.5657501 -648.1756592 -84.1665649 -0.6837300 0.1756357 -0.1355847 0.6951850
1403636989.301666 -42.8923035 -650.6879272 -84.5039673 -0.6884564 0.1753683 -0.1395770 0.6897768
1403636989.351666 -43.2196503 -653.2070312 -84.8427124 -0.6936052 0.1733166 -0.1461686 0.6837454
1403636989.401666 -43.5510101 -655.7327881 -85.1826782 -0.6986770 0.1711494 -0.1506171 0.6781392
1403636989.451667 -43.8870239 -658.2650146 -85.5178833 -0.7019002 0.1725573 -0.1528228 0.6739476
1403636989.651666 -45.3039551 -668.4815674 -86.8376465 -0.7120667 0.1740014 -0.1553381 0.6622346
1403636989.751667 -46.0575714 -673.6378174 -87.5202026 -0.7156289 0.1728461 -0.1604282 0.6574666
1403636989.851666 -46.8334351 -678.8196411 -88.2258911 -0.7163270 0.1721914 -0.1614317 0.6566321
1403636989.901666 -47.2256317 -681.4160156 -88.5823975 -0.7135439 0.1729661 -0.1602676 0.6597364
1403636990.101666 -48.8878479 -691.8543091 -90.0133667 -0.7041383 0.1725683 -0.1606331 0.6697809
1403636990.201667 -49.7778320 -697.1119385 -90.7155151 -0.7036628 0.1722113 -0.1607257 0.6703501
1403636990.451667 -52.1449738 -710.3298340 -92.4629517 -0.7116991 0.1676651 -0.1617835 0.6627209
1403636990.651666 -54.2398529 -720.9395142 -93.8728027 -0.7201738 0.1650635 -0.1577446 0.6551492
1403636990.801666 -55.9019623 -728.9180908 -94.9152832 -0.7197155 0.1590018 -0.1623297 0.6560313
1403636990.851666 -56.4714508 -731.5833740 -95.2702026 -0.7175640 0.1600686 -0.1610083 0.6584498
1403636991.001667 -58.2249451 -739.5851440 -96.3436279 -0.7188277 0.1576723 -0.1623483 0.6573197
1403636991.101666 -59.4197388 -744.9324951 -97.0695801 -0.7197986 0.1572135 -0.1637163 0.6560266
1403636991.151666 -60.0225220 -747.6132812 -97.4297485 -0.7194469 0.1603789 -0.1603127 0.6564866
1403636991.201667 -60.6297607 -750.2966919 -97.7795410 -0.7214779 0.1606685 -0.1619356 0.6537830
1403636991.301666 -61.8626862 -755.6704102 -98.4768677 -0.7252125 0.1598425 -0.1641693 0.6492810
1403636991.351666 -62.4896851 -758.3619385 -98.8222656 -0.7230331 0.1596046 -0.1621203 0.6522780
1403636991.451667 -63.7519531 -763.7524414 -99.5112305 -0.7236496 0.1596943 -0.1633987 0.6512526
1403636991.501667 -64.3913574 -766.4553833 -99.8466797 -0.7224314 0.1603174 -0.1619130 0.6528211
1403636991.701667 -67.1472168 -777.2276611 -101.0405273 -0.7228845 0.1685847 -0.1564539 0.6515668
1403636991.901666 -70.1640930 -787.9082031 -102.0886230 -0.7205258 0.1799614 -0.1452611 0.6537246
1403636992.201667 -74.9454956 -804.0427246 -103.6320801 -0.7144969 0.1759662 -0.1653957 0.6566387
1403636992.351666 -77.4839172 -812.1511841 -104.4013672 -0.7155756 0.1784355 -0.1684866 0.6540065
1403636992.401666 -78.3769531 -814.8418579 -104.6491089 -0.7159378 0.1774780 -0.1713918 0.6531152
1403636992.601666 -82.0269318 -825.5994873 -105.5989380 -0.7216827 0.1826597 -0.1721979 0.6451027
1403636992.651666 -82.9603271 -828.2923584 -105.8166504 -0.7233763 0.1838533 -0.1722659 0.6428446
1403636992.751667 -84.8339539 -833.6833496 -106.2608643 -0.7230547 0.1829728 -0.1762723 0.6423714
1403636992.951667 -88.5962372 -844.4968262 -107.1651001 -0.7202509 0.1809773 -0.1843898 0.6438062
1403636993.001667 -89.5445862 -847.2105713 -107.3874512 -0.7182456 0.1814253 -0.1844611 0.6458966
1403636993.201667 -93.3790588 -858.1140137 -108.2824707 -0.7147902 0.1829801 -0.1695727 0.6533287
1403636993.251667 -94.3443604 -860.8489990 -108.5145874 -0.7148017 0.1779728 -0.1660438 0.6556019
1403636993.551666 -100.1868134 -877.3201904 -109.9213867 -0.7215616 0.1299341 -0.1376805 0.6659657
1403636993.651666 -102.1569061 -882.8728027 -110.3711548 -0.7283579 0.1131149 -0.1258659 0.6639711
1403636993.801666 -105.1268768 -891.2380371 -111.0877686 -0.7338648 0.0947242 -0.1177100 0.6622795
1403636993.951667 -108.1015701 -899.6158447 -111.8812866 -0.7340097 0.0812811 -0.1162234 0.6641651
1403636994.201667 -113.0878983 -913.6633301 -113.2763672 -0.7190362 0.0686232 -0.1216635 0.6807906
1403636994.251667 -114.0913239 -916.4873657 -113.5665894 -0.7161888 0.0679342 -0.1215979 0.6838658
1403636994.601666 -121.2220688 -936.4578857 -115.5563965 -0.7190152 0.0736273 -0.1154309 0.6813749
1403636994.651666 -122.2587891 -939.3371582 -115.8395386 -0.7224911 0.0754667 -0.1134265 0.6778244
1403636994.801666 -125.3867798 -948.0181885 -116.6789551 -0.7348523 0.0858254 -0.0975802 0.6656608
1403636994.851666 -126.4334564 -950.9266357 -116.9554443 -0.7353669 0.0885951 -0.0922927 0.6654837
1403636994.951667 -128.5292816 -956.7586060 -117.5119629 -0.7367865 0.0919849 -0.0880405 0.6640282
1403636995.051666 -130.6225586 -962.5974121 -118.0778809 -0.7354991 0.0915848 -0.0908159 0.6651359
1403636995.351666 -136.9010468 -980.2135010 -119.7658691 -0.7245961 0.0778880 -0.1066306 0.6764052
1403636995.501667 -140.0558929 -989.0979614 -120.5977783 -0.7345024 0.0757751 -0.1098453 0.6653559
1403636995.551666 -141.1091156 -992.0684204 -120.8820801 -0.7338674 0.0746764 -0.1098472 0.6661799
1403636995.601666 -142.1641235 -995.0420532 -121.1743164 -0.7352642 0.0743756 -0.1106352 0.6645409
1403636995.851666 -147.4595642 -1009.9980469 -122.6790771 -0.7363632 0.0839707 -0.0972859 0.6642693
1403636995.901666 -148.5196686 -1013.0046387 -122.9930420 -0.7360357 0.0840467 -0.0965933 0.6647235
1403636996.001667 -150.6384583 -1019.0389404 -123.6196289 -0.7367208 0.0886633 -0.0920477 0.6640094
1403636996.251667 -155.9465027 -1034.2463379 -125.2390137 -0.7390155 0.0829203 -0.1084069 0.6597185
1403636996.451667 -160.2203827 -1046.5137939 -126.5219727 -0.7417457 0.0717034 -0.1074336 0.6581261
1403636996.551666 -162.3676758 -1052.6782227 -127.1759033 -0.7419831 0.0594057 -0.1044177 0.6595673
1403636996.601666 -163.4452667 -1055.7687988 -127.5021973 -0.7429357 0.0523129 -0.1008830 0.6596459
1403636996.651666 -164.5269928 -1058.8631592 -127.8332520 -0.7445750 0.0449027 -0.0972891 0.6588829
1403636996.751667 -166.7067261 -1065.0748291 -128.5208740 -0.7582716 0.0286360 -0.0882239 0.6453067
1403636996.801666 -167.7980804 -1068.1887207 -128.8730469 -0.7596036 0.0186385 -0.0835621 0.6447265
1403636996.851666 -168.8907471 -1071.3044434 -129.2320557 -0.7626492 0.0102251 -0.0755773 0.6423004
1403636996.951667 -171.0745850 -1077.5355225 -129.9771729 -0.7628571 -0.0115045 -0.0629131 0.6433963
1403636997.001667 -172.1669769 -1080.6567383 -130.3474121 -0.7636414 -0.0227545 -0.0575350 0.6426693
1403636997.051666 -173.2613831 -1083.7816162 -130.7189941 -0.7641790 -0.0330040 -0.0517601 0.6420765
1403636997.151666 -175.4550476 -1090.0402832 -131.4707031 -0.7680805 -0.0503770 -0.0429242 0.6369238
1403636997.201667 -176.5542450 -1093.1723633 -131.8548584 -0.7686123 -0.0566852 -0.0388716 0.6360119
1403636997.251667 -177.6555786 -1096.3072510 -132.2386475 -0.7703202 -0.0605440 -0.0346767 0.6338286
1403636997.301666 -178.7590179 -1099.4461670 -132.6176758 -0.7705930 -0.0650927 -0.0325169 0.6331604
1403636997.351666 -179.8643341 -1102.5881348 -132.9965820 -0.7709395 -0.0684954 -0.0308641 0.6324619
1403636997.401666 -180.9717407 -1105.7337646 -133.3736572 -0.7711496 -0.0715495 -0.0303020 0.6318945
1403636997.551666 -184.3189850 -1115.1909180 -134.5004883 -0.7717034 -0.0758596 -0.0315727 0.6306523
1403636997.651666 -186.5642090 -1121.4985352 -135.2778320 -0.7735423 -0.0773798 -0.0347673 0.6280414
1403636997.701667 -187.6900482 -1124.6564941 -135.6694336 -0.7739304 -0.0782663 -0.0384247 0.6272398
1403636997.801666 -189.9496460 -1130.9777832 -136.4730225 -0.7699611 -0.0794301 -0.0422281 0.6317180
1403636997.851666 -191.0830841 -1134.1397705 -136.8825684 -0.7694560 -0.0784375 -0.0427571 0.6324213
1403636997.951667 -193.3636627 -1140.4643555 -137.6983643 -0.7629836 -0.0764528 -0.0446989 0.6403225
1403636998.001667 -194.5119476 -1143.6337891 -138.0916748 -0.7628179 -0.0735184 -0.0407521 0.6411265
1403636998.051666 -195.6668091 -1146.8105469 -138.4782715 -0.7624452 -0.0725487 -0.0413280 0.6416433
1403636998.101666 -196.8245392 -1149.9923096 -138.8660889 -0.7643952 -0.0711713 -0.0429660 0.6393657
1403636998.201667 -199.1492615 -1156.3657227 -139.6616211 -0.7610553 -0.0696516 -0.0406171 0.6436566
1403636998.601666 -208.5904541 -1181.9645996 -142.9290771 -0.7555549 -0.0685329 -0.0420809 0.6501302
1403636998.651666 -209.7848816 -1185.1802979 -143.3410645 -0.7468097 -0.0707034 -0.0431801 0.6598574
1403636998.701667 -210.9834595 -1188.4033203 -143.7501221 -0.7413837 -0.0694984 -0.0424803 0.6661199
1403636998.751667 -212.1845398 -1191.6323242 -144.1594238 -0.7398149 -0.0707891 -0.0413408 0.6677978
1403636998.851666 -214.5995331 -1198.1051025 -144.9808350 -0.7365435 -0.0738170 -0.0485090 0.6705980
1403636999.301666 -225.7031860 -1227.5106201 -148.8205566 -0.7404504 -0.0774734 -0.0598516 0.6649427
1403636999.401666 -228.2256165 -1234.1026611 -149.7358398 -0.7416497 -0.0747744 -0.0544426 0.6643798
1403636999.501667 -230.7613373 -1240.7219238 -150.6672363 -0.7412344 -0.0723542 -0.0494993 0.6654970
1403636999.551666 -232.0376282 -1244.0360107 -151.1417236 -0.7402548 -0.0709262 -0.0477508 0.6668675
1403636999.801666 -238.4832458 -1260.7084961 -153.5458984 -0.7352555 -0.0708274 -0.0445291 0.6726069
1403636999.901666 -241.0905609 -1267.4105225 -154.5488281 -0.7358195 -0.0706367 -0.0454608 0.6719475
1403637000.051666 -245.0236969 -1277.5112305 -156.0672607 -0.7360440 -0.0741531 -0.0536384 0.6707187
1403637000.251667 -250.3362427 -1291.0722656 -158.1396484 -0.7397335 -0.0734488 -0.0481097 0.6671470
1403637000.301666 -251.6745453 -1294.4761963 -158.6705322 -0.7384912 -0.0751789 -0.0487345 0.6682842
1403637000.451667 -255.7015991 -1304.7155762 -160.2891846 -0.7416140 -0.0735027 -0.0439559 0.6653374
1403637000.601666 -259.7553711 -1314.9892578 -161.9465332 -0.7405815 -0.0765695 -0.0471585 0.6659222
1403637000.651666 -261.1136475 -1318.4161377 -162.5086670 -0.7382509 -0.0765035 -0.0450521 0.6686577
1403637000.851666 -266.5782776 -1332.1796875 -164.7437744 -0.7396708 -0.0725661 -0.0384997 0.6679366
1403637000.901666 -267.9513855 -1335.6386719 -165.3151855 -0.7414449 -0.0709606 -0.0368484 0.6662329
1403637000.951667 -269.3278198 -1339.1008301 -165.8923340 -0.7413703 -0.0728275 -0.0394707 0.6659642
1403637001.151666 -274.8551025 -1352.9794922 -168.2808838 -0.7376323 -0.0728412 -0.0391539 0.6701193
1403637001.301666 -279.0207214 -1363.4514160 -170.1014404 -0.7350423 -0.0722877 -0.0371699 0.6731312
1403637001.551666 -286.0032043 -1380.9965820 -173.1815186 -0.7414993 -0.0694535 -0.0342962 0.6664674
1403637001.651666 -288.8098755 -1388.0424805 -174.4388428 -0.7420549 -0.0674883 -0.0317488 0.6661772
1403637001.701667 -290.2164307 -1391.5771484 -175.0692139 -0.7415262 -0.0689731 -0.0343895 0.6664826
1403637001.901666 -295.8689880 -1405.7746582 -177.6330566 -0.7429761 -0.0682218 -0.0347138 0.6649265
1403637002.351666 -308.7373352 -1437.9361572 -183.4831543 -0.7470454 -0.0690759 -0.0372899 0.6601221
1403637002.451667 -311.6244202 -1445.1323242 -184.8065186 -0.7441975 -0.0724655 -0.0394197 0.6628461
1403637002.751667 -320.3200378 -1466.8018799 -188.7070312 -0.7472916 -0.0725760 -0.0435618 0.6590830
1403637002.801666 -321.7767639 -1470.4287109 -189.3618164 -0.7442486 -0.0721387 -0.0420705 0.6626615
1403637003.001667 -327.6408997 -1484.9946289 -191.9959717 -0.7444197 -0.0670164 -0.0371571 0.6633005
1403637003.051666 -329.1152039 -1488.6508789 -192.6611328 -0.7446425 -0.0660861 -0.0367674 0.6631655
1403637003.151666 -332.0711060 -1495.9758301 -193.9907227 -0.7460347 -0.0644114 -0.0371969 0.6617400
1403637003.351666 -338.0170593 -1510.6828613 -196.6457520 -0.7422854 -0.0622540 -0.0374514 0.6661338
1403637003.401666 -339.5118103 -1514.3698730 -197.3110352 -0.7399174 -0.0614041 -0.0362086 0.6689101
1403637003.651666 -347.0032349 -1532.8918457 -200.6231689 -0.7411577 -0.0580716 -0.0318558 0.6680556
1403637003.851666 -353.0245972 -1547.8303223 -203.2817383 -0.7435911 -0.0588405 -0.0315340 0.6652938
1403637003.901666 -354.5344238 -1551.5781250 -203.9512939 -0.7442201 -0.0602640 -0.0327365 0.6644044
1403637003.951667 -356.0466003 -1555.3316650 -204.6224365 -0.7455364 -0.0607931 -0.0320009 0.6629146
1403637004.051666 -359.0819397 -1562.8508301 -205.9698486 -0.7494720 -0.0642176 -0.0352878 0.6579686
1403637004.101666 -360.6033325 -1566.6171875 -206.6448975 -0.7517292 -0.0639263 -0.0354728 0.6554071
1403637004.151666 -362.1267700 -1570.3900146 -207.3146973 -0.7520518 -0.0653594 -0.0365802 0.6548346
1403637004.251667 -365.1739197 -1577.9444580 -208.6645508 -0.7486545 -0.0684984 -0.0352853 0.6584674
1403637004.301666 -366.6971436 -1581.7244873 -209.3397217 -0.7494305 -0.0681377 -0.0324753 0.6577664
1403637004.401666 -369.7534790 -1589.2988281 -210.6843262 -0.7513664 -0.0669122 -0.0310009 0.6557516
1403637004.451667 -371.2838135 -1593.0895996 -211.3549805 -0.7473403 -0.0660847 -0.0283830 0.6605375
1403637004.501667 -372.8174744 -1596.8867188 -212.0212402 -0.7439731 -0.0652688 -0.0281483 0.6644183
1403637004.601666 -375.8920288 -1604.5013428 -213.3514404 -0.7448921 -0.0620281 -0.0288891 0.6636669
1403637004.651666 -377.4304810 -1608.3168945 -214.0178223 -0.7451143 -0.0580225 -0.0248020 0.6639451
1403637004.701667 -378.9703369 -1612.1374512 -214.6857910 -0.7460505 -0.0536008 -0.0200534 0.6634256
1403637004.751667 -380.5097046 -1615.9631348 -215.3543701 -0.7460540 -0.0515033 -0.0170558 0.6636717
1403637004.801666 -382.0488892 -1619.7932129 -216.0205078 -0.7445205 -0.0489688 -0.0141403 0.6656511
1403637004.851666 -383.5917053 -1623.6252441 -216.6917725 -0.7425910 -0.0479536 -0.0140547 0.6678785
1403637004.901666 -385.1351013 -1627.4559326 -217.3693848 -0.7419013 -0.0482954 -0.0147100 0.6686058
1403637004.951667 -386.6775513 -1631.2852783 -218.0548096 -0.7421445 -0.0502226 -0.0172011 0.6681342
1403637005.001667 -388.2214050 -1635.1154785 -218.7445068 -0.7441016 -0.0509045 -0.0207286 0.6658017
1403637005.051666 -389.7667542 -1638.9486084 -219.4367676 -0.7457215 -0.0509968 -0.0242697 0.6638598
1403637005.151666 -392.8655701 -1646.6240234 -220.8190918 -0.7431371 -0.0565526 -0.0361954 0.6657620
1403637005.201667 -394.4171448 -1650.4649658 -221.5137939 -0.7415366 -0.0573213 -0.0393507 0.6673000
1403637005.251667 -395.9686890 -1654.3085938 -222.2088623 -0.7410701 -0.0601270 -0.0434690 0.6673158
1403637005.301666 -397.5260010 -1658.1553955 -222.9088135 -0.7443370 -0.0593379 -0.0448952 0.6636459
1403637005.401666 -400.6562500 -1665.8723145 -224.3026123 -0.7448676 -0.0616839 -0.0455147 0.6627939
1403637005.551666 -405.3715820 -1677.4864502 -226.3635254 -0.7427212 -0.0647378 -0.0449255 0.6649482
1403637005.651666 -408.5289001 -1685.2602539 -227.7137451 -0.7444533 -0.0664828 -0.0430381 0.6629609
1403637005.751667 -411.6980286 -1693.0712891 -229.0650635 -0.7513592 -0.0629929 -0.0340692 0.6559960
1403637005.801666 -413.2878418 -1696.9840088 -229.7435303 -0.7513056 -0.0646009 -0.0352296 0.6558394
1403637005.851666 -414.8792725 -1700.8974609 -230.4257812 -0.7489621 -0.0662618 -0.0363026 0.6582913
1403637006.001667 -419.6576843 -1712.6599121 -232.4777832 -0.7439370 -0.0700043 -0.0405433 0.6633351
1403637006.051666 -421.2514954 -1716.5983887 -233.1599121 -0.7427836 -0.0696462 -0.0396686 0.6647168
1403637006.101666 -422.8459473 -1720.5421143 -233.8455811 -0.7404605 -0.0688429 -0.0370439 0.6675378
1403637006.201667 -426.0370483 -1728.4438477 -235.2299805 -0.7400412 -0.0682437 -0.0372002 0.6680554
1403637006.251667 -427.6411743 -1732.4074707 -235.9244385 -0.7424710 -0.0685194 -0.0361023 0.6653860
1403637006.351666 -430.8558655 -1740.3531494 -237.3138428 -0.7498291 -0.0688752 -0.0368008 0.6570070
1403637006.401666 -432.4667664 -1744.3327637 -238.0119629 -0.7544376 -0.0659223 -0.0345463 0.6521385
1403637006.451667 -434.0796204 -1748.3164062 -238.7149658 -0.7589427 -0.0637575 -0.0323844 0.6472189
1403637006.501667 -435.6934509 -1752.3034668 -239.4227295 -0.7599145 -0.0609714 -0.0285944 0.6465251
1403637006.551666 -437.3069763 -1756.2972412 -240.1232910 -0.7568956 -0.0610448 -0.0259734 0.6501601
1403637006.651666 -440.5426941 -1764.2900391 -241.5362549 -0.7504410 -0.0681653 -0.0243383 0.6569624
1403637006.701667 -442.1637268 -1768.2943115 -242.2451172 -0.7473515 -0.0740683 -0.0235428 0.6598678
1403637007.001667 -451.9324646 -1792.3680420 -246.5931396 -0.7443762 -0.1245872 -0.0033790 0.6560264
1403637007.101666 -455.2086792 -1800.4265137 -248.0338135 -0.7450191 -0.1435756 0.0004184 0.6514081
1403637007.151666 -456.8500366 -1804.4609375 -248.7595215 -0.7418901 -0.1511114 0.0047624 0.6532547
1403637007.351666 -463.4326172 -1820.6624756 -251.6331787 -0.7309068 -0.1720946 0.0093956 0.6603563
1403637007.601666 -471.7099609 -1840.9970703 -255.3082275 -0.7364205 -0.1808671 0.0083596 0.6518451
1403637007.651666 -473.3741455 -1845.0793457 -256.0483398 -0.7431617 -0.1808778 0.0065156 0.6441673
1403637007.851666 -480.0722351 -1861.4548340 -259.0510254 -0.7526299 -0.1770678 0.0031439 0.6341808
1403637007.901666 -481.7557373 -1865.5653076 -259.8088379 -0.7479127 -0.1734623 0.0085338 0.6406752
1403637007.951667 -483.4423828 -1869.6816406 -260.5650635 -0.7446029 -0.1696556 0.0137398 0.6454417
1403637008.001667 -485.1302490 -1873.8049316 -261.3210449 -0.7404580 -0.1665718 0.0173020 0.6509044
1403637008.051666 -486.8172607 -1877.9400635 -262.0728760 -0.7393630 -0.1656763 0.0164346 0.6523985
1403637008.101666 -488.5064697 -1882.0788574 -262.8294678 -0.7440939 -0.1642332 0.0141059 0.6474202
1403637008.151666 -490.1991272 -1886.2177734 -263.5927734 -0.7487518 -0.1634788 0.0120063 0.6422626
1403637008.201667 -491.8942261 -1890.3554688 -264.3609619 -0.7526219 -0.1638561 0.0080933 0.6376880
1403637008.251667 -493.5890503 -1894.4995117 -265.1358643 -0.7595586 -0.1633712 0.0058968 0.6295601
1403637008.301666 -495.2865295 -1898.6520996 -265.9111328 -0.7608154 -0.1636866 0.0029981 0.6279790
1403637008.351666 -496.9886475 -1902.8083496 -266.6882324 -0.7623896 -0.1624806 0.0006455 0.6263880
1403637008.401666 -498.6950073 -1906.9663086 -267.4738770 -0.7614362 -0.1613295 0.0003865 0.6278436
1403637008.451667 -500.4047852 -1911.1280518 -268.2595215 -0.7553588 -0.1599856 0.0035758 0.6354724
1403637008.501667 -502.1166992 -1915.2937012 -269.0500488 -0.7534087 -0.1573497 0.0054822 0.6384250
1403637008.551666 -503.8318787 -1919.4619141 -269.8432617 -0.7510673 -0.1548251 0.0071755 0.6417754
1403637008.601666 -505.5504761 -1923.6389160 -270.6361084 -0.7485222 -0.1526122 0.0091511 0.6452444
1403637008.651666 -507.2702637 -1927.8198242 -271.4300537 -0.7438211 -0.1512044 0.0106530 0.6509638
1403637008.701667 -508.9904175 -1932.0014648 -272.2261963 -0.7424067 -0.1470916 0.0149714 0.6534312
1403637008.751667 -510.7119751 -1936.1837158 -273.0310059 -0.7447622 -0.1425361 0.0206240 0.6516038
1403637008.851666 -514.1621094 -1944.5681152 -274.6411133 -0.7594510 -0.1320160 0.0322511 0.6362122
1403637008.901666 -515.8892822 -1948.7690430 -275.4458008 -0.7623675 -0.1298121 0.0344911 0.6330521
1403637008.951667 -517.6177368 -1952.9746094 -276.2502441 -0.7611945 -0.1290063 0.0350192 0.6345976
1403637009.001667 -519.3485107 -1957.1860352 -277.0527344 -0.7603769 -0.1304029 0.0314712 0.6354775
1403637009.051666 -521.0789795 -1961.3996582 -277.8615723 -0.7549003 -0.1341220 0.0250153 0.6414914
1403637009.101666 -522.8077393 -1965.6164551 -278.6853027 -0.7541556 -0.1381003 0.0179911 0.6417586
1403637009.151666 -524.5363159 -1969.8413086 -279.5129395 -0.7527716 -0.1408435 0.0123337 0.6429198
1403637009.201667 -526.2683716 -1974.0717773 -280.3388672 -0.7546636 -0.1427268 0.0061187 0.6403706
1403637009.251667 -528.0078125 -1978.3082275 -281.1574707 -0.7531642 -0.1457517 -0.0005103 0.6414827
1403637009.301666 -529.7519531 -1982.5500488 -281.9689941 -0.7500225 -0.1503979 -0.0087448 0.6440267
1403637009.351666 -531.5004883 -1986.8001709 -282.7773438 -0.7478737 -0.1545715 -0.0164900 0.6453841
1403637009.401666 -533.2539673 -1991.0615234 -283.5793457 -0.7465492 -0.1529445 0.0054144 0.6474897
1403637009.451667 -535.0068359 -1995.3291016 -284.3841553 -0.7437050 -0.1625708 0.0055647 0.6484155
1403637009.501667 -536.7662964 -1999.6015625 -285.1903076 -0.7366043 -0.1672619 0.0182857 0.6550598
1403637009.551666 -538.5311279 -2003.8796387 -286.0019531 -0.7272321 -0.1687152 0.0388607 0.6641977
1403637009.601666 -540.2980957 -2008.1643066 -286.8052979 -0.7245477 -0.1558341 0.0716618 0.6675410
1403637009.651666 -542.0686646 -2012.4456787 -287.6158447 -0.7181036 -0.1473813 0.0642447 0.6771105
1403637009.701667 -543.8380127 -2016.7263184 -288.4240723 -0.7437976 -0.1280530 0.0579350 0.6534609
1403637009.851666 -549.1734619 -2029.5382080 -290.9279785 -0.7475990 -0.1123004 0.0572710 0.6520770
1403637009.951667 -552.7484131 -2038.0959473 -292.6152344 -0.7471960 -0.1116727 0.0577985 0.6526000
1403637010.051666 -556.3256226 -2046.6624756 -294.3107910 -0.7470540 -0.1089080 0.0574914 0.6532567
1403637010.101666 -558.1171875 -2050.9501953 -295.1618652 -0.7462821 -0.1090175 0.0552415 0.6543139
1403637010.201667 -561.7059326 -2059.5339355 -296.8720703 -0.7470484 -0.1090783 0.0551660 0.6534351
1403637010.501667 -572.5271606 -2085.3686523 -302.0092773 -0.7496322 -0.1059303 0.0549637 0.6510064
1403637010.551666 -574.3371582 -2089.6862793 -302.8669434 -0.7504750 -0.1055210 0.0551745 0.6500834
1403637010.601666 -576.1506348 -2094.0073242 -303.7248535 -0.7510744 -0.1048307 0.0555089 0.6494741
