1403637143.638319016 -0.014081956617098471 0.027907449878563924 -0.029032510848193593 -0.12674657427634434 -0.7777513630673514 -0.04958610924669772 0.6136606072788386
1403637143.838319063 -0.015023622119449614 0.0281774230702748 -0.02889228540152096 -0.12683470425486698 -0.7777819237473175 -0.0495985854815036 0.6136026541718234
1403637144.038319111 -0.015682360665302632 0.02844096176046208 -0.02872311887180048 -0.12677609178680313 -0.7778075259250089 -0.04942351632980089 0.6135964400151354
1403637144.238319159 -0.01620937541663963 0.028310129970616976 -0.028797221936917933 -0.1270582485282599 -0.777916715891228 -0.049405506820754216 0.6134010763877824
1403637144.438319206 -0.016487755365752397 0.028128382681153596 -0.02940199575856164 -0.12725665785912543 -0.7779055341457732 -0.04949577645638962 0.6133668487038172
1403637144.638319016 -0.0168365680033088 0.0280818590359791 -0.030213334832720123 -0.12729113204632286 -0.777950284258297 -0.04957777079222531 0.6132963130233549
1403637144.838319063 -0.017358740627434286 0.028036786485939165 -0.030813577225186035 -0.1271602387917511 -0.7779869921848199 -0.049504457779675014 0.6132828240881594
1403637145.038319111 -0.01823908919114129 0.028057278759123453 -0.03131151491680639 -0.12682652578582856 -0.7782039230634745 -0.04922069659426566 0.6130995102856103
1403637145.238319159 -0.019194828777908075 0.027709930732218512 -0.03130991310347474 -0.12732844068684246 -0.7782324847771596 -0.04932868170159572 0.612950527360384
1403637145.438319206 -0.019992272895687068 0.02791070838207289 -0.031370343906061846 -0.1274447882008967 -0.778281357335736 -0.04926365342412452 0.6128695189315135
1403637145.638319016 -0.02078000961081499 0.028443323260003955 -0.031291568986191114 -0.12750594566897458 -0.7783039967042341 -0.049140998575130136 0.6128378943833994
1403637145.838319063 -0.021519042666315057 0.029224850965391663 -0.031094758153768172 -0.12748174116596392 -0.7784049875277522 -0.0490458873511589 0.612722271502444
1403637146.038319111 -0.022084521386285222 0.030165818777073725 -0.030771124338994593 -0.12752423969180732 -0.7785316902139403 -0.04900863627127257 0.6125554090810433
1403637146.238319159 -0.022907105644796373 0.031240284137053917 -0.030769742687788374 -0.12728416733870349 -0.7786369213482958 -0.04960196293513174 0.6124238162670393
1403637146.438319206 -0.023507498031246715 0.031044615081988605 -0.03096644432637771 -0.12735386391196654 -0.7787706873878419 -0.04921499720600718 0.6122704417674711
1403637146.638319016 -0.023707143198408026 0.031274679450030735 -0.03185554368387151 -0.1275547893469094 -0.7788350747459262 -0.04900431060010275 0.6121636052582203
1403637146.838319063 -0.02398229067863259 0.031896624025611685 -0.03244085739195061 -0.12760767563384232 -0.7788829092980516 -0.04887651410158947 0.6121019368470971
1403637147.038319111 -0.024338028189310572 0.03217046350875069 -0.03301513137530537 -0.1275451038970164 -0.7789931556650919 -0.04879175119135071 0.61198143347203
1403637147.238319159 -0.024991953617090595 0.032297609787837286 -0.0337945529496545 -0.12774770767637006 -0.7790414702020245 -0.04891065683129927 0.6118681708809414
1403637147.438319206 -0.02604661865567406 0.03242352509338595 -0.034341976813806845 -0.12780734260878945 -0.7790768143283432 -0.04882635288650906 0.6118174464781452
1403637147.638319016 -0.027236064338126482 0.0322967041405107 -0.03478207397463153 -0.12773798818211946 -0.7791325089083468 -0.04886933802673966 0.6117575726855803
1403637147.838319063 -0.028853402355717928 0.031629610840174016 -0.03500864069145333 -0.12785165328962156 -0.779177360929471 -0.048776427151899934 0.6116841138368274
1403637148.038319111 -0.029924597058076735 0.031186661278990616 -0.03533387145041328 -0.1279226741805758 -0.7792335462405522 -0.048705184982929334 0.6116033639537927
1403637148.238319159 -0.030891928448079246 0.03147219151207965 -0.03551550446316844 -0.12790655189921316 -0.779318425052207 -0.0486583181389105 0.611502309424295
1403637148.438319206 -0.031980694634181635 0.031638350908631284 -0.03591502300715921 -0.1278591145166137 -0.7794499233079277 -0.048360624107409524 0.6113682310409875
1403637148.638319016 -0.03263876256803069 0.032445734125449266 -0.03597831391244304 -0.12713332139900127 -0.7798889923167527 -0.04807319906589716 0.6109821976005023
1403637148.838319063 -0.03300120152990574 0.03530218485332159 -0.0357311433456419 -0.1261438360487349 -0.780348105402795 -0.04736431751272572 0.6106563587220569
1403637149.038319111 -0.033737361247092465 0.039024762754633645 -0.035832069865817336 -0.1248767550893824 -0.7809320260192241 -0.04664704714893794 0.6102253844016076
1403637149.238319159 -0.03675936183600723 0.0457307706150953 -0.03579875190678438 -0.12412097346715284 -0.7812837292056743 -0.04589354919702058 0.6099864757239204
1403637149.438319206 -0.04001925755442206 0.055936388079799865 -0.035447641027866954 -0.12248077136683044 -0.7818661981968408 -0.04468304996380453 0.6096614911641406
1403637149.638319016 -0.037612556775574804 0.06421504361622368 -0.03669749580195148 -0.114847728519813 -0.7873519691966065 -0.04180770390393013 0.6042673181219477
1403637149.838319063 -0.033810074487462184 0.07349538825785075 -0.0389989074066481 -0.10376118366215649 -0.7972183545004948 -0.03441521086893551 0.593710455755446
1403637150.038319111 -0.03091587170169133 0.10065348066674096 -0.03192001374513782 -0.0977374222934251 -0.8205138957103244 -0.04301492866515454 0.5615639403857483
1403637150.238319159 -0.03981219502106062 0.140653179556821 0.005923305335307952 -0.0945157612033509 -0.829505768313792 -0.06224153299441378 0.5469121892852006
1403637150.438319206 -0.07587211071828351 0.186028845733748 0.06748204537605001 -0.10147704725005133 -0.8154040046020833 -0.06806915045806097 0.5658491927326106
1403637150.638319016 -0.12392330102046836 0.23271824292654722 0.12658922997032146 -0.10682792386823727 -0.8087070124800078 -0.07308878715063852 0.5737933354792868
1403637150.838319063 -0.17688572603148894 0.27817843223730365 0.17720680724373955 -0.10817269848743774 -0.8068214582082012 -0.07760826562666126 0.5755994779211436
1403637151.038319111 -0.23237804097002443 0.3203804527204351 0.22012941873790756 -0.1064182415472544 -0.798015492752406 -0.0804795756463533 0.5876814350452494
1403637151.238319159 -0.27934964050848077 0.3554933951813795 0.24887115730649928 -0.10333221246687503 -0.7945479261124475 -0.08029479371576294 0.5929323680481517
1403637151.438319206 -0.31259188997028686 0.382899444692422 0.2987572529402158 -0.11142731826195831 -0.8024551711337807 -0.06330698179369011 0.582788020743143
1403637151.638319016 -0.3393375146054747 0.4144819534432258 0.3665295002882426 -0.106171061676791 -0.8051989896355985 -0.06729041781459714 0.5795293714925103
1403637151.838319063 -0.36543011375956685 0.451947538308178 0.4142968589263066 -0.10272562281865813 -0.8059687113255044 -0.06965620872416775 0.5788003933714382
1403637152.038319111 -0.39193672648688516 0.49053636773118553 0.44607199960582467 -0.10137140987039252 -0.8064349255766725 -0.07022314082178568 0.5783210687534137
1403637152.238319159 -0.41720431183421636 0.527793215559154 0.4877760366710967 -0.1033511773011651 -0.8082049528887602 -0.06671631572133527 0.5759099074447681
1403637152.438319206 -0.44715919941852417 0.5693187687520942 0.5093077515405694 -0.10387823495093511 -0.8092116086347338 -0.06521497113114444 0.574571920906824
1403637152.638319016 -0.48347601856256583 0.6148721345132857 0.5074471633698328 -0.10296552469282491 -0.809037638745595 -0.06630472599117684 0.5748564021813158
1403637152.838319063 -0.5254802807546275 0.6635334021432722 0.5039484767650392 -0.10442251347029849 -0.8043510545927991 -0.06371030893625632 0.5814261055294753
1403637153.038319111 -0.5570110669689468 0.7156054166873286 0.5283669997200958 -0.10192949465147845 -0.8017293572481141 -0.06527130825468834 0.5853034018056532
1403637153.238319159 -0.5852261564735042 0.7704711182348941 0.5507059156064428 -0.10039898961130898 -0.8043973694031259 -0.0689910674797005 0.5814680967949117
1403637153.438319206 -0.615989775699956 0.8260851417197438 0.5554693356479157 -0.09849216375237944 -0.805885421173058 -0.07219228825569196 0.5793412251311219
1403637153.638319016 -0.6497394308994231 0.8779465455721945 0.5774703951272722 -0.098524101023346 -0.8096099778134409 -0.07290300091544168 0.5740294746787022
1403637153.838319063 -0.6930103105393318 0.9259162386632385 0.6193376132811358 -0.09887392997922899 -0.8056279551604787 -0.07226493260905567 0.5796251576228725
1403637154.038319111 -0.7386942481431006 0.9710666382407299 0.6394545914070179 -0.09897768205286914 -0.8039977575585658 -0.07272126763939551 0.5818097984127465
1403637154.238319159 -0.7830750498167565 1.0133745122521318 0.6237761074715743 -0.11330503130245509 -0.8119563033964641 -0.05236921970287815 0.5702160959530416
1403637154.438319206 -0.8312053044913799 1.070867870835411 0.5905940293311741 -0.1162017835752395 -0.8122747116484882 -0.05035348295040101 0.5693605756152939
1403637154.638319016 -0.8855351888355204 1.147572862774654 0.5528502543995125 -0.10739739123816505 -0.8086455530633656 -0.06892285133620882 0.5742889607416146
1403637154.838319063 -0.9437454845860864 1.228817037012612 0.5207689959717906 -0.11369551309695092 -0.8162156119598425 -0.08726762914813518 0.5596872037106232
1403637155.038319111 -1.0154994085866793 1.3085110085144807 0.5083784568493462 -0.13407885219388863 -0.8146819533857047 -0.09714824891846957 0.5557682916054202
1403637155.238319159 -1.1037447816123742 1.3851096582114284 0.5318237475667841 -0.15653525144234998 -0.8017526260746 -0.11020223862159843 0.5661668554773096
1403637155.438319206 -1.2011545980637488 1.4606362566077866 0.5709739485834446 -0.17187477455102856 -0.790636862326904 -0.12058948351934519 0.575161360200209
1403637155.638319016 -1.294249632891041 1.537877760327492 0.584655823490359 -0.2002001809882819 -0.78122843669311 -0.12901318208612944 0.5770247967654649
1403637155.838319063 -1.3772541320813443 1.6172376481199844 0.5696577066069596 -0.23094795392014955 -0.7738379601139463 -0.13470749340678406 0.5741879006795247
1403637156.038319111 -1.4459403043578292 1.7123567450295811 0.5361987940170599 -0.2692177150391994 -0.7653936679885217 -0.1573208171240193 0.5629782548300541
1403637156.238319159 -1.4963967997871503 1.8189976706594515 0.5030536519912634 -0.31335159987358824 -0.7454115057700984 -0.1799902629149229 0.5601570915180389
1403637156.438319206 -1.5201579176883653 1.9368451347703197 0.4739598513121474 -0.3588811399994978 -0.7258175986957127 -0.2076752800133704 0.5488753217694634
1403637156.638319016 -1.5172293022496406 2.065485877562916 0.43970332318378963 -0.3990199760665284 -0.7035193086553587 -0.23987192660184928 0.5369404993825505
1403637156.838319063 -1.4907256265376587 2.1995528287182475 0.3846748038641326 -0.428016523974688 -0.6897018529470662 -0.27134765237139813 0.5171882256958749
1403637157.038319111 -1.455544538635162 2.3351663320005787 0.3094194549406404 0.4399792040708001 0.69118192837718 0.2856413215061712 -0.49708638818437106
1403637157.238319159 -1.4231673247386436 2.476719811109892 0.2311682172803247 0.4463310345401088 0.6899220765187573 0.2810357128213636 -0.49579740222931445
1403637157.438319206 -1.3892902574757378 2.6345012072526632 0.18319733006042527 -0.4500157666598626 -0.686895194016362 -0.2687845176499758 0.5034040973873088
1403637157.638319016 -1.336384384537617 2.8085931059291163 0.1690868723843533 -0.44959020749944945 -0.6867859854996812 -0.2583119068951512 0.5093806182001093
1403637157.838319063 -1.260541539874022 3.001264886617185 0.1845979308126229 -0.4427893336435919 -0.6861134013722866 -0.2613061207106003 0.5146893410086253
1403637158.038319111 -1.162183770358766 3.2109420501418438 0.1905075321904142 -0.43150427731282726 -0.6854594325053854 -0.27643329122012156 0.5172369481729233
1403637158.238319159 -1.0496791857593697 3.4261060953670914 0.20161837535837773 -0.4264627904884291 -0.6856361467082952 -0.28465048433418494 0.5167268760419117
1403637158.438319206 -0.923825333623127 3.6306890759358263 0.2298344885209796 -0.4405936275151443 -0.6768232985119952 -0.2926321195460566 0.5120096879886804
1403637158.638319016 -0.7823452040422779 3.828862665037423 0.23899266371993888 -0.474443878305385 -0.6530572679141204 -0.30132631809601645 0.5075644404267151
1403637158.838319063 -0.6196765127346735 4.017055241066203 0.2225753594974257 0.5065207550778787 0.6333793407690531 0.3193099929100124 -0.4902126720006769
1403637159.038319111 -0.44398123710200965 4.199670087150155 0.20602666230382227 0.5179582232184121 0.6315431984435582 0.33481223402716587 -0.46986512473877806
1403637159.238319159 -0.26435028152224715 4.379998611951632 0.20331922473257158 0.5249011724857301 0.6256410046961048 0.3323119694159683 -0.4718271371474689
1403637159.438319206 -0.07765126380376536 4.561605862868342 0.1804409823196378 0.5260548393419631 0.6250257094139935 0.32585278898507647 -0.4758456981911498
1403637159.638319016 0.12020001603554145 4.747683081718755 0.1411635123737197 0.5178151128262698 0.6343842119164838 0.33093348225054925 -0.4689426520645003
1403637159.838319063 0.3237434809191641 4.941856835468549 0.11259243329358776 0.5109515068584574 0.6391113392336942 0.3379961160434928 -0.4649987948817105
1403637160.038319111 0.5295224900995886 5.138957171774973 0.09685615153147803 0.5276938423323666 0.6255502683396085 0.349895661590682 -0.45584986184566384
1403637160.238319159 0.7357136598913997 5.3345967371490355 0.07067514767810631 0.5566235186472369 0.5918996354096493 0.3726256332336985 -0.44830259596373556
1403637160.438319206 0.9488294740819669 5.520289128494246 0.026942122076416074 0.5931058885966274 0.5561739933650961 0.39956822159494537 -0.42336878759264723
1403637160.638319016 1.168389246211718 5.698005212451199 -0.031058184724883448 0.6296408325663531 0.5219415896634668 0.42882260492684754 -0.38371939284895734
1403637160.838319063 1.374142372736514 5.8724306793769525 -0.08665744256144178 0.6549867061679872 0.5008739991408593 0.44038414342354376 -0.35521747979071455
1403637161.038319111 1.560743026059915 6.05979988753891 -0.10816514756927383 0.6696645725391545 0.48953648158930474 0.43651377019421794 -0.34836636162214374
1403637161.238319159 1.7368080208491021 6.258016147909188 -0.0776024994090423 0.6785005446217831 0.4695617629196019 0.4268822919711562 -0.370027391625458
1403637161.438319206 1.9414387567702056 6.457511751072964 -0.017254128900154736 0.6786940276017372 0.4631268291211915 0.4259501402556142 -0.37875379214208954
1403637161.638319016 2.180059597135636 6.647549428159154 0.05465714644685782 0.6843256369021286 0.4566154416828798 0.43767849746929033 -0.3628199194478935
1403637161.838319063 2.432513662515116 6.826465277818848 0.11382120321190561 0.6781959443708094 0.43916538713977843 0.46816580379862877 -0.3577775900344249
1403637162.038319111 2.683414974605218 6.983345583866681 0.15373001834904157 0.6644280242905688 0.42042886608164154 0.5015887168138828 -0.3608098228534462
1403637162.238319159 2.9056317566964456 7.090945255829649 0.1573986538683715 0.6696157453211328 0.4100019019468393 0.49841528722660927 -0.3675532552933147
1403637162.438319206 3.115865890044893 7.152377926116254 0.13181806552477948 0.6827214756434837 0.4073813239033854 0.4775673019106665 -0.3739803681686748
1403637162.638319016 3.36120421441444 7.180262016398478 0.10978620371400374 0.688576356023066 0.4225389114476758 0.4683359925471031 -0.3577497286140558
1403637162.838319063 3.6063533294552297 7.173469148860834 0.11508125773142489 0.6799740151667818 0.39754315986835465 0.49490176463674396 -0.36697005068422633
1403637163.038319111 3.8516519147310593 7.11625274067992 0.09674232670034233 0.694454521200917 0.36803849083561985 0.5196415713820746 -0.3350421235285361
1403637163.238319159 4.082841365113648 7.011292661377866 0.060020211788492255 0.7176409505312594 0.3236520218321656 0.5457777922777258 -0.28699727584228707
1403637163.438319206 4.2832863319476555 6.8708673696262395 0.006631438977387258 0.7420950328181761 0.27032095684995433 0.5593441247372289 -0.25170556743179723
1403637163.638319016 4.453179146387203 6.700818149293794 -0.05374979148941289 0.77278976867291 0.2304406805654615 0.5437843697459063 -0.23236098079272308
1403637163.838319063 4.622413834109152 6.5068556483358915 -0.07923784841752804 0.7932010712273414 0.21032248996216876 0.5241767903109944 -0.2276734576517232
1403637164.038319111 4.812335844772039 6.282351839851155 -0.06596335291800902 0.7944876002851184 0.19846391309633182 0.5236033066111476 -0.23503426451790632
1403637164.238319159 5.024308352179501 6.024031551577056 -0.02051980346292604 0.7870803597430115 0.20468428920296297 0.5335464454915486 -0.2322434919724016
1403637164.438319206 5.246231064641787 5.730168298351025 0.032676552346219974 0.7843841967740489 0.2232512357724517 0.5352918489065595 -0.21991578859033484
1403637164.638319016 5.474633049266996 5.420669178803019 0.05507356362858272 0.7880554705102245 0.22272998486340967 0.5235737010110966 -0.23501172066751438
1403637164.838319063 5.71699758159039 5.091227519551134 0.05380206963546687 0.7800599496096045 0.2360974693521263 0.5358048196185106 -0.22063013224413075
1403637165.038319111 5.962845821197926 4.750225647703265 0.03050908055955578 0.7790906561389432 0.22709577407333328 0.5494222566861144 -0.19894834197063072
1403637165.238319159 6.200671927514634 4.408814759541077 -0.0031173294419418705 0.7820569057135709 0.19572599625938833 0.5653143835039194 -0.17463670409586796
1403637165.438319206 6.413435000802376 4.06374204250651 -0.021685590795753037 0.8020746380333319 0.1650110279993152 0.5562483694678575 -0.1415464133299106
1403637165.638319016 6.614463449053778 3.723711898735121 -0.003375917752824975 0.8115838612912644 0.15118865358332306 0.5524110647915418 -0.11539342535431857
1403637165.838319063 6.8071284426672705 3.4017834178488697 0.017831065177651463 0.8104177659178102 0.15891302336554375 0.5576989103741314 -0.0833163912865656
1403637166.038319111 6.983316325974895 3.1244952985342707 0.017785638870285933 0.8058984985562888 0.18118423927473665 0.5591914030910528 -0.07074500810738522
1403637166.238319159 7.1440141293512225 2.8977888981444435 -0.031020821043599427 0.7997382743533422 0.20057314121503664 0.5609865921316144 -0.07404830184363358
1403637166.438319206 7.273906382924477 2.7257335739002366 -0.09037676676364464 0.7702685686852078 0.20158532513236843 0.5954480303136123 -0.10719763048894045
1403637166.638319016 7.342779419053804 2.5838447221477123 -0.13340595833816257 0.7689206780470901 0.21308365663712117 0.5908478597668239 -0.1193949444264883
1403637166.838319063 7.359658116712391 2.4657620174402504 -0.1713699037103186 0.7868451850788833 0.23692871384913824 0.5608590599273238 -0.1008789084462134
1403637167.038319111 7.347223174376223 2.406226381811211 -0.20805413743630724 0.7704759730513872 0.2619425525025327 0.5759594715855764 -0.07761160499386241
1403637167.238319159 7.273289355184147 2.422377162523392 -0.21366621212670428 0.7505096329968546 0.2765032261026013 0.5966550679776115 -0.06545217024887104
1403637167.438319206 7.123305907214157 2.5211611655272326 -0.19617810701305244 0.7614848464427783 0.2677958106643204 0.585727114866307 -0.07314355295532149
1403637167.638319016 6.921172534585502 2.68636260267806 -0.19633250576076638 0.7880281157939925 0.22873881597558204 0.5569016775361431 -0.1286497739662798
1403637167.838319063 6.7065660236295725 2.879590972738679 -0.21879199455732076 0.7965322780957114 0.22659785943202873 0.5383582114447844 -0.1560774686568848
1403637168.038319111 6.503250924842773 3.0828686914186894 -0.2394229230275105 0.795180881182889 0.2531135547620845 0.5285203792372554 -0.15584320109552935
1403637168.238319159 6.316688008472528 3.3038986647435618 -0.2625344992671936 0.7920533758108336 0.2595814457388762 0.5259239942674377 -0.1693306680682752
1403637168.438319206 6.142256321115752 3.5334469477917883 -0.3416796317499635 0.7755322095771857 0.26268774091916763 0.5468641722029209 -0.17459816677103468
1403637168.638319016 5.96156747103372 3.762615177540667 -0.4454333147566579 0.7732320438961524 0.258276011097642 0.5489881125981715 -0.1844390430723519
1403637168.838319063 5.773552443046015 3.9887059266771443 -0.5232071459186559 0.779511316091816 0.2610561787778646 0.5408290770263577 -0.17808899193774574
1403637169.038319111 5.586602563511071 4.219203560770383 -0.5869760757766873 0.7795111338579017 0.2668503266960677 0.5418110919857753 -0.16611452656174022
1403637169.238319159 5.390871712297763 4.466129850995613 -0.6430778006285639 0.7706153183808381 0.28216402773216614 0.5466712254518654 -0.1663912972291269
1403637169.438319206 5.1743169121657075 4.732554930566985 -0.6622617574905426 0.752894920011504 0.3124478731581669 0.5450193101451815 -0.19616196764038588
1403637169.638319016 4.931917827100633 5.0066890802334925 -0.6524520197039192 0.722321562786461 0.3618750846278401 0.5425711266422978 -0.2300316404177532
1403637169.838319063 4.65973254378004 5.279688380035441 -0.6390713226212624 0.6915407141876 0.4112394414651589 0.5291672740603334 -0.26950984855423965
1403637170.038319111 4.357252911927771 5.545898522276458 -0.6519397669949164 0.6601147031646312 0.45604708248058107 0.519700705285417 -0.29356568967182073
1403637170.238319159 4.0128032409471714 5.803899947651627 -0.6873192841316362 0.631103416067384 0.49225188212404 0.506292534743915 -0.3210364964234085
1403637170.438319206 3.6245773284925313 6.0452809143714195 -0.7394037937950563 0.6006999728765386 0.5185498742020551 0.4861375193007392 -0.3659725165624935
1403637170.638319016 3.206075506979115 6.251980706175769 -0.8027536655732022 0.5629546379778886 0.5317356181324345 0.46039396797726767 -0.4340238498497914
1403637170.838319063 2.783404628601643 6.396099801857928 -0.8773297419808284 0.5213253785327634 0.5614815594633884 0.43049354617751445 -0.4771096464961685
1403637171.038319111 2.3751638317995676 6.467211623475956 -0.9309192383746548 0.48253163477486266 0.6074734909974003 0.3862292043636251 -0.49896510987593706
1403637171.238319159 1.9909435349419524 6.485903378646729 -0.9521395424998704 -0.4510865487207958 -0.6384302645139411 -0.347027304380281 0.5181696372137132
1403637171.438319206 1.6415971712182391 6.464085281355878 -0.9372563922054771 -0.42261936417995116 -0.6518830511886867 -0.3448816263066174 0.5267808125102629
1403637171.638319016 1.3198817079996776 6.390946041193019 -0.9022479414139337 -0.41082760757967973 -0.6606425401444669 -0.35017713112156185 0.5216781458342814
1403637171.838319063 1.007987489809604 6.2668772720573855 -0.8866437616790147 -0.40887835846587167 -0.658936530395334 -0.36128684086392454 0.5177769360517834
1403637172.038319111 0.698476731559444 6.08789874420042 -0.8961288866607445 -0.41192198778314676 -0.6533935606909141 -0.37020643646883455 0.5160855793618642
1403637172.238319159 0.3829562247995419 5.849960504495884 -0.9223474696268047 -0.4306297330532061 -0.6489912038882197 -0.35462264068558946 0.5173115434621826
1403637172.438319206 0.08359621901248726 5.567633144394266 -0.9252667657743137 -0.46210841984283524 -0.6463683144041649 -0.3179916834747716 0.5172476193133942
1403637172.638319016 -0.1676343803534101 5.271204755756705 -0.8906022333426586 -0.4793451380488013 -0.6401206706678735 -0.30128550225807715 0.5193272684364003
1403637172.838319063 -0.3613919509196174 4.98417611488555 -0.8293027799616569 -0.49728209045535193 -0.6407565261489642 -0.2907838062809113 0.507529678653851
1403637173.038319111 -0.5076391844329651 4.718188710282666 -0.7834306036691959 0.5320202408460755 0.6505412642804754 0.27491890257085816 -0.46708684824943864
1403637173.238319159 -0.6188682596140153 4.512955158512657 -0.7916892869994446 0.5638799087330691 0.6366479625727333 0.2786076587543227 -0.44620241232262225
1403637173.438319206 -0.6875446707727898 4.385792213304069 -0.8166558739797669 0.5912602315416695 0.5987924802269756 0.31156186082767795 -0.44134806116991465
1403637173.638319016 -0.7112419060930073 4.309938120668753 -0.8564906378706918 0.6233315195132705 0.5591802518341055 0.332281283510089 -0.43400969040879595
1403637173.838319063 -0.6858080873298685 4.26636806393809 -0.9246427740723215 0.6633376281287342 0.5257756049032568 0.32895287730901374 -0.41872808468877026
1403637174.038319111 -0.5879834080765819 4.270773281720888 -0.9848225286534158 0.6748903377244123 0.5248690483841068 0.3513301660681197 -0.38157912482862844
1403637174.238319159 -0.43527579146891404 4.325445254008426 -0.9777334678676802 0.6426434178396349 0.5103112674918493 0.41638436504749643 -0.3914280372202084
1403637174.438319206 -0.26666631271373437 4.380469097207445 -0.9434094156412246 0.6392964793951285 0.4921343542852457 0.4219519217606881 -0.4135944444592018
1403637174.638319016 -0.06944021400296554 4.41245184086055 -0.888916546379404 0.6514193901861117 0.47039361094258797 0.42223640653074285 -0.41964156833394717
1403637174.838319063 0.16670422086074047 4.415054351948858 -0.8392498206904991 0.6621378138323202 0.4472640465118993 0.46008498449443075 -0.3871048891886207
1403637175.038319111 0.4143877029508215 4.388782585672571 -0.8163884979379773 0.6974012050530375 0.4147388111175477 0.4665460272019169 -0.3520768129901684
1403637175.238319159 0.6703573412311841 4.3447287940600665 -0.8024602038525015 0.703807979115043 0.378686305343875 0.49043118209220976 -0.3474597333655694
1403637175.438319206 0.9293064203934276 4.266489421657824 -0.8027838141224082 0.6992273978134915 0.35721356125321013 0.5110767483136368 -0.3496856804857128
1403637175.638319016 1.1841008016982415 4.141729149669381 -0.8263943593055627 0.7168396669893732 0.35635921385763014 0.48844042539868615 -0.3472390435500049
1403637175.838319063 1.4583229048535151 3.9766392866813502 -0.8326196558011693 0.7226009223237341 0.3654488646096075 0.4783923735530887 -0.33975840142447916
1403637176.038319111 1.7546717617237146 3.782965760637127 -0.7978521613522551 0.7088766249516062 0.37541542446021764 0.4961576202207578 -0.33224208880163897
1403637176.238319159 2.0558620358598203 3.5618216808160392 -0.7476445564600559 0.6942354850302551 0.37644805612264703 0.5119839255942708 -0.3379295966605816
1403637176.438319206 2.3485287104575847 3.3029266672900337 -0.7269908567183736 0.6962321616811589 0.3733604018044509 0.5145201253036525 -0.33336440731207206
1403637176.638319016 2.628412727393384 3.011187803589597 -0.727076636416722 0.7124535801226171 0.3654038361884642 0.5102255865068397 -0.31394232518536597
1403637176.838319063 2.8952411356908394 2.705049964725457 -0.7452147786315209 0.7299655767655964 0.3543606641394125 0.5027745877975839 -0.29798739958720666
1403637177.038319111 3.156244645671 2.395525435968148 -0.7816217774403419 0.7472220382009814 0.3554370177953799 0.4864062636484356 -0.2805934758523553
1403637177.238319159 3.423031260003009 2.099545932220351 -0.8361345393480353 0.7694138281177534 0.36371716253900016 0.45561481597357467 -0.26101211895423604
1403637177.438319206 3.7138243926946037 1.8424565780743907 -0.9030593515391742 0.7746736433320718 0.3704420431007983 0.4478402576238208 -0.24918375284356717
1403637177.638319016 4.0340230860633275 1.6371734425151065 -0.9715794024323527 0.7674795142561773 0.38296521100869907 0.46375468676194276 -0.22191086692711853
1403637177.838319063 4.361263881523743 1.5027043350210623 -1.0037143286767374 0.7579868279194255 0.3793727412362259 0.4861910691332461 -0.21248655534520364
1403637178.038319111 4.682077807078784 1.4203785260338744 -1.0406765210166093 0.766198937955946 0.35532724368670054 0.5002597298348155 -0.19084533024056727
1403637178.238319159 4.976857109086354 1.3896108792574842 -1.087474851510495 0.7674364373902005 0.33919286682837646 0.5237282027575676 -0.14730337163402418
1403637178.438319206 5.2264656730617185 1.4388908456180538 -1.1090641864499382 0.7570442384399185 0.33261205404345495 0.5490059656706496 -0.12184289970198034
1403637178.638319016 5.410536446158962 1.5696590882264723 -1.1043553547671296 0.7594575356140929 0.3205780481067692 0.5521944668053296 -0.12464043284757648
1403637178.838319063 5.542859348975111 1.759237949389961 -1.103244667981623 0.7572649680334078 0.2950920882403467 0.5596760516733281 -0.16196649292520962
1403637179.038319111 5.640511681072116 1.972900353931386 -1.1202373537133647 0.7553915592261 0.27642494752922303 0.5624003131524117 -0.1915169141337595
1403637179.238319159 5.703789575868171 2.1817407824786166 -1.158176744447222 0.7620763918750189 0.28042397142106046 0.5515146556366243 -0.1908757549219728
1403637179.438319206 5.738737111171948 2.386790672525102 -1.1509359288886807 0.7634300136499879 0.288629807032237 0.5475339997012049 -0.18459135386560926
1403637179.638319016 5.7490241793534285 2.597621134845479 -1.11797380357135 0.7630908219230472 0.2879398024356895 0.5478304618534878 -0.18618499599946733
1403637179.838319063 5.739504307085178 2.8141765900466633 -1.1555575868969228 0.7568969277363768 0.2953579080481901 0.5576290070117588 -0.1700606876251206
1403637180.038319111 5.695567719028052 3.045122483092004 -1.2685574141982294 0.7508236165673295 0.2997696042937616 0.5662705021496004 -0.1604362787569257
1403637180.238319159 5.607052667934228 3.2985881603189893 -1.3785293044568714 0.7610527570333908 0.28597868492380163 0.5524607787125709 -0.18385315000087715
1403637180.438319206 5.494904328443003 3.5570223872343085 -1.4515281442888206 0.7742944785006484 0.28204945399172276 0.5326566209874786 -0.19285510152549057
1403637180.638319016 5.3820664572754815 3.8207738735730032 -1.4847537902218266 0.783433501862349 0.28887136927863216 0.5196790819724749 -0.18088375253422204
1403637180.838319063 5.271974399736242 4.110158262602286 -1.4767310883699858 0.7687112074576121 0.28948306381949906 0.5430865751885354 -0.17418268323958855
1403637181.038319111 5.141484658013387 4.423070781505042 -1.4421080320687845 0.7602224181417954 0.2974748909987329 0.5578303921709974 -0.14965232290244648
1403637181.238319159 4.9724379493361495 4.758747186362575 -1.3771449305104386 0.7656373258432424 0.27876420940415525 0.5552034917548926 -0.16685048268996353
1403637181.438319206 4.775882468556162 5.098759220366078 -1.280290855539338 0.7614637102140289 0.26557725014612127 0.5639414276031812 -0.1777970991456387
1403637181.638319016 4.551172556192106 5.423892237467507 -1.1570091354061816 0.7687606538059495 0.2648001181616713 0.5569181711295511 -0.16949957299929178
1403637181.838319063 4.306016591279803 5.742481561883026 -1.019402331990383 0.7727927497463962 0.2534724268224404 0.5546169482160885 -0.17590661025507764
1403637182.038319111 4.055793963247488 6.051878674347754 -0.9037089131290403 0.7722289804970043 0.24852189787375986 0.5563972034655331 -0.17978158952831225
1403637182.238319159 3.7992547090496647 6.345426386087908 -0.8072520637730883 0.7640955259314516 0.2410055359253762 0.5655066658522284 -0.1956439873376108
1403637182.438319206 3.5308249217535153 6.612869826625212 -0.7268925503623078 0.7567522059376083 0.23324138617176837 0.5711589813607363 -0.21610639184438085
1403637182.638319016 3.243393002307502 6.84071996379479 -0.6349938319086987 0.7463599741971136 0.24250291237377788 0.5837068540013329 -0.20838770356806516
1403637182.838319063 2.9292676683488845 7.019476630316073 -0.5321190421582656 0.7491849566665696 0.23793295939456577 0.5790507800431202 -0.21635619165971348
1403637183.038319111 2.5948002084921056 7.152956129108754 -0.4591780811110112 0.7523165039580706 0.22485777369264467 0.5744913516378549 -0.23112452568992153
1403637183.238319159 2.249334911157078 7.237026470945809 -0.44982205427229777 0.7556076308842279 0.21441782476421517 0.5687528165594776 -0.24413590114597258
1403637183.438319206 1.9036127397874432 7.258189821100477 -0.4775459900528804 0.7587177870916264 0.20954840341629005 0.5640694217812149 -0.2495244949652527
1403637183.638319016 1.5648284655980556 7.21447785068314 -0.5209724354206218 0.7605113471904311 0.20476931909293075 0.5611218363646209 -0.25462580683700914
1403637183.838319063 1.2376305207672362 7.102316845710283 -0.5780161243230447 0.7694140311481917 0.19820333016410951 0.5471149757663879 -0.26340594502798703
1403637184.038319111 0.9480957402687369 6.919990585988612 -0.6125621219667123 0.7812279206575036 0.19065492737906242 0.5285763154414064 -0.2719204174118392
1403637184.238319159 0.7055805570428415 6.658005948582622 -0.6070202708183428 0.7843527277306119 0.19615047674225058 0.5277295141212905 -0.26041764322036093
1403637184.438319206 0.48920291469244503 6.344011489390814 -0.6275167235333051 0.7861053976264595 0.2237944318619821 0.5319664160832134 -0.2212828241176956
1403637184.638319016 0.29781412545876623 6.007729222126355 -0.6813867876490319 0.7975860437836727 0.2391716319719678 0.5155122344606139 -0.20223889176568127
1403637184.838319063 0.13589958132496935 5.671617660055699 -0.7381895988085538 0.8070930028561725 0.24571463270030508 0.5001294983564065 -0.19518116940716077
1403637185.038319111 0.018453408329514268 5.351273204283803 -0.7590784074868556 0.8110493929356336 0.2500909485694292 0.49359907482141413 -0.18977184458619362
1403637185.238319159 -0.05597016455913455 5.045562140955987 -0.7431962036709981 0.8138387501967543 0.2505312614355772 0.48967690229724453 -0.18739558980423707
1403637185.438319206 -0.08511028139442128 4.762034385122052 -0.6951882768650622 0.8191076930256929 0.25956941899436975 0.48147469391691494 -0.17282483347739372
1403637185.638319016 -0.06621934892998826 4.523763707480599 -0.6130824066939884 0.8131122102934089 0.2590928023150713 0.49235131063594006 -0.1712005846227755
1403637185.838319063 -0.01024318496682275 4.317151397310963 -0.5312193141732635 0.7966055016948765 0.2557779040705274 0.5194303079093817 -0.17375124081200158
1403637186.038319111 0.06113924264661466 4.13556556109538 -0.47773778791886723 0.7875058489011092 0.2532772082655639 0.5333435345280366 -0.1767197439356478
1403637186.238319159 0.1319432553455941 3.970133993236761 -0.42440137276570433 0.7846042795723193 0.2520978702701284 0.5374996500058482 -0.17870902194754604
1403637186.438319206 0.20923212914818026 3.825772448258765 -0.33988790922598255 0.782206690531151 0.24922401882158882 0.5411104490797625 -0.18231720606460827
1403637186.638319016 0.28279652425347046 3.6909516580909627 -0.2351927071305584 0.7826335081278454 0.24088043279637605 0.5411555295564171 -0.19134289085730508
1403637186.838319063 0.3526892585244462 3.553211962481622 -0.15380986148384945 0.7924507675115016 0.2311810557279568 0.5273257011695873 -0.20125780836711196
1403637187.038319111 0.4301950465297567 3.4139563385707294 -0.1107154511540192 0.7985457234281148 0.21495577839154437 0.5167579646759484 -0.22153994419634374
1403637187.238319159 0.5126069977068597 3.2448701030728153 -0.09196290459174584 0.7954049655580954 0.21558779215590848 0.524333359348794 -0.21430672624223404
1403637187.438319206 0.6175954848743497 3.0530667847907837 -0.09009342778510482 0.8068946591506095 0.22506170100253087 0.5152928202890179 -0.1809462603494662
1403637187.638319016 0.7499240868026023 2.8696355492746983 -0.0934719897951753 0.8136946002437201 0.22418839424882386 0.5091313432524786 -0.16859993100851314
1403637187.838319063 0.9080202147505633 2.7062525232425556 -0.10873960460924975 0.8183759663059881 0.21933424233972948 0.5038409434086741 -0.16821882075100345
1403637188.038319111 1.0984993472060458 2.562844829868942 -0.1325643004439386 0.8164952151804762 0.2236027170073952 0.5076306018973183 -0.16015167982717657
1403637188.238319159 1.314916964240693 2.4409480435754007 -0.16419518945939576 0.8048661759430297 0.23135021903691147 0.5258698836493038 -0.14875611061356908
1403637188.438319206 1.5375430595425374 2.3431138959770053 -0.21137309729774706 0.7936231549118027 0.22823728399583712 0.5431533045551261 -0.15183714279670354
1403637188.638319016 1.7526182075612589 2.2558967586116707 -0.27419043521605846 0.7920541561518243 0.20888936957648657 0.5514843438692104 -0.1577354223612448
1403637188.838319063 1.9618719760313863 2.1665619113896337 -0.3570722766228185 0.8009973152362327 0.16610021590318083 0.551081378964303 -0.16469163008435764
1403637189.038319111 2.1690449605730633 2.0576795945576145 -0.43627162410048154 0.810346994761351 0.14863053163534556 0.5477663087842467 -0.14559802233445865
1403637189.238319159 2.3816959665518387 1.9371988868356824 -0.4940576027259251 0.8248382854723209 0.14825466190405323 0.5310954165682265 -0.12490002619220547
1403637189.438319206 2.613224708717829 1.818119645406118 -0.5787265139057577 0.8186245608314303 0.138450737282661 0.5410556846574647 -0.13395509639078404
1403637189.638319016 2.859707439616817 1.6937476154998738 -0.6526410437147783 0.8076166223879445 0.14550353286726353 0.5567294532768243 -0.12898228180528587
1403637189.838319063 3.1110239446448578 1.5561667269251283 -0.693162901834205 0.8079813893997511 0.1536760795823715 0.5552751939525363 -0.12336610526635855
1403637190.038319111 3.348387939588143 1.4201914016678658 -0.6916233019533171 0.8041609275730093 0.15448598199879066 0.5606832271077765 -0.1228560245595156
1403637190.238319159 3.5565178867221787 1.2967893647702107 -0.664733785742044 0.8009417209451597 0.15260129717894572 0.5658658119818366 -0.12247892299744245
1403637190.438319206 3.7246996955139284 1.1954714312399926 -0.6125802931248476 0.8011476544506658 0.14851401171239684 0.5663456274592893 -0.12393003812957037
1403637190.638319016 3.876203731530138 1.0957858901671607 -0.5581521165413004 0.7994791699406045 0.153612247524313 0.5690678736211469 -0.11575011643053428
1403637190.838319063 4.007894573030602 1.002124640134445 -0.5325717308885584 0.7965782489736191 0.1714418041723658 0.5654573383766369 -0.12778419119757314
1403637191.038319111 4.1283528160767196 0.9014620016340102 -0.52785289141479 0.7929501042649565 0.18092259424119503 0.562923988643828 -0.14701608771937247
1403637191.238319159 4.216729062106571 0.8076868683809769 -0.5377259357341773 0.7897903324123194 0.18745020641220023 0.5636056399613251 -0.1531088944104779
1403637191.438319206 4.300991426774585 0.7045720127701068 -0.5621592168514447 0.7872367815397586 0.19281897961472128 0.5663628918458765 -0.1493725732220781
1403637191.638319016 4.369502653257987 0.6063084730888751 -0.5685201069340696 0.789352717549521 0.19705738518482757 0.5646502475825497 -0.13878318394539552
1403637191.838319063 4.421105025893815 0.5187833706361588 -0.546985028735387 0.7998802316899594 0.20114328003993884 0.5513090590327892 -0.12566350812600632
1403637192.038319111 4.477097331845166 0.4370066010708907 -0.49917473938989737 0.8002722875827651 0.21064137541462827 0.5512866069495314 -0.10619582707583106
1403637192.238319159 4.5160288570364955 0.3893949862684304 -0.419968603077597 0.8101512642172051 0.2101109136265367 0.5377706772368115 -0.10154325071772059
1403637192.438319206 4.558785324286018 0.38102039111547376 -0.31327052727168325 0.8076812876113869 0.21497787990333767 0.5412071926928936 -0.09235920837647109
1403637192.638319016 4.611953406656962 0.40897537604690826 -0.2291760127398066 0.8193807423218045 0.198949341212752 0.5258137196301583 -0.11204593250830978
1403637192.838319063 4.6953933066509475 0.4745921144380761 -0.17017738256209397 0.8201564561349641 0.19558418397747948 0.5246367383603747 -0.11767118254001566
1403637193.038319111 4.7957403142241635 0.563915520379151 -0.10419689767195275 0.8126934156937515 0.19443107152319908 0.5353447407603116 -0.12301210938118251
1403637193.238319159 4.908235678621305 0.665571238664271 -0.019155243768505803 0.8251221693050018 0.1744563029691172 0.5158230009187531 -0.1505491142408481
1403637193.438319206 5.0502549030812585 0.7596350214908766 0.042881420137415735 0.8186977839936581 0.18266200001132604 0.526601108711094 -0.13805725094957244
1403637193.638319016 5.2084274357905995 0.8615193517618496 0.08803644895037582 0.8109682918045563 0.19590091554655525 0.5377111521417588 -0.12173733132350589
1403637193.838319063 5.376062452726553 0.9836632620943978 0.15625404861364822 0.8095024502373784 0.20194366491059842 0.5391979881500585 -0.11484802495842328
1403637194.038319111 5.5498241567034245 1.1240842345609567 0.22061027974449576 0.8039228319578874 0.19968872286263362 0.5476244870031803 -0.11806741909841936
1403637194.238319159 5.706903972989017 1.2703741096766266 0.22640012886920433 0.8025876165247364 0.19677578710009247 0.5500222977211612 -0.12086306061642953
1403637194.438319206 5.8433690007747225 1.4167169666968937 0.22535688573693122 0.806174357275925 0.19717839184482314 0.5450036863139417 -0.11905700048384807
1403637194.638319016 5.998411710988795 1.606350825612457 0.26279854500691513 0.8081574785855569 0.19579057343588713 0.542533177029393 -0.11918595966821709
1403637194.838319063 6.153898677100651 1.80883951593751 0.31743119970560707 0.8149886204693764 0.19473214437827144 0.5331815226946051 -0.11657788944774451
1403637195.038319111 6.318132694371815 2.026375549300514 0.35366444450123985 0.8096407281748607 0.19052720973738316 0.5419333552234475 -0.120372389384707
1403637195.238319159 6.477706869133613 2.2467202240730657 0.36091895468225554 0.7992168552630515 0.18736959030352154 0.5575611316455488 -0.12357442846645154
1403637195.438319206 6.609411869030159 2.451984457248064 0.34637917716611827 0.7946691887928309 0.18756008856903403 0.5633127370312253 -0.12649448152963078
1403637195.638319016 6.732397249837091 2.6701894365770644 0.3502197358278838 0.793255471864683 0.19950444932367717 0.5588372797222222 -0.13654532525575863
1403637195.838319063 6.849332800457334 2.899372601290192 0.3853257762056844 0.7880623986693259 0.21233769613530734 0.5613337458571167 -0.13702110919581076
1403637196.038319111 6.941207931832375 3.1294765532295403 0.42517129242655943 0.780875205847453 0.2316540422764001 0.568104869036354 -0.11758901039901583
1403637196.238319159 6.996799174281024 3.369631903615188 0.43971474861918225 0.7597112400225347 0.24377555653510288 0.594125163103704 -0.10211562263498808
1403637196.438319206 6.986020074969874 3.6170306737883084 0.4308967277678876 0.7451033114183285 0.24668072832999496 0.6123639535525076 -0.0947631889145818
1403637196.638319016 6.906319922694586 3.8547244597417483 0.39969295381020015 0.7485747304243084 0.2391841640804727 0.6101095692745941 -0.10096099297532354
1403637196.838319063 6.770940277672684 4.11878856822972 0.3500825051474408 0.7542697646193652 0.2295685525972924 0.605140660583124 -0.11036386522838444
1403637197.038319111 6.581012377034413 4.399006678772235 0.2906257045177998 0.7563595087785681 0.21995288233172045 0.603232938760389 -0.1251041351371367
1403637197.238319159 6.342009308564478 4.680083489933007 0.2510255332685148 0.7614796275189936 0.2314880526296207 0.5853208531337574 -0.15479521068091692
1403637197.438319206 6.05573406821917 4.948314753222223 0.2443117894790385 0.7588404911212281 0.2728778938078096 0.5583924886688711 -0.19467047209012125
1403637197.638319016 5.773653056810994 5.1939245071456295 0.26505221037404514 0.737280670422048 0.34657253904577784 0.5321684439617674 -0.23043748708136982
1403637197.838319063 5.499724396666588 5.408368438641554 0.31211232904590064 0.6969439310330967 0.4171520648543182 0.5170312980175178 -0.2700591576930612
1403637198.038319111 5.257281223218314 5.546266278220682 0.3787934782948519 0.6569710422254618 0.47329587836020526 0.5028511304727842 -0.3025240515831555
1403637198.238319159 4.927692700458485 5.73798755596918 0.47763506322534877 0.625698820263275 0.5143467576866959 0.48270064981403815 -0.3330893001088684
1403637198.438319206 4.59046879568426 5.9147749003172825 0.5827065615345163 0.5875113481683282 0.5492530614314748 0.4764048408811416 -0.35523220274367934
1403637198.638319016 4.241462788515369 6.068865009572798 0.6491195016698845 0.5631845643447342 0.5653931316880453 0.48257064468598 -0.36094227517905275
1403637198.838319063 3.896647132357298 6.182584064729805 0.6493483537155113 0.557220946733722 0.5633397354507872 0.4843311212755479 -0.3709130948721601
1403637199.038319111 3.4261690927839394 6.300544404977893 0.6226607916537259 0.5577319946464877 0.544071454720851 0.48036877449951393 -0.40269978245695875
1403637199.238319159 2.9181278663492125 6.38050015956258 0.6181636224456949 0.5573427646744592 0.5531289642081689 0.4528943470978364 -0.42226070381380854
1403637199.438319206 2.4032826025494147 6.416106833240729 0.643065874646819 0.5289496906201319 0.5787986811602004 0.43580061505378587 -0.441907383281827
1403637199.638319016 1.9093818410979813 6.41059472470745 0.6659652576769827 0.49397168863241625 0.6054192022949888 0.4112699297734708 -0.46937895690621806
1403637199.838319063 1.3941659099246673 6.3636395405491255 0.6494727831668627 -0.4617961693113766 -0.6207967894385621 -0.36779311023632244 0.5158331826226663
1403637200.038319111 0.927942875478859 6.2902950188616185 0.5659208613337169 -0.41753919515940247 -0.6260536285544728 -0.31306107216181533 0.579405419180845
1403637200.238319159 0.5239142409022133 6.162685915522883 0.46323176980504305 -0.3567936427123598 -0.6524425466285915 -0.2731259487180508 0.6102616127575806
1403637200.438319206 0.21403992312350367 5.998324451600864 0.35582380123463325 -0.3166541782217756 -0.7090370543301224 -0.25408344135324434 0.5765745327633994
1403637200.638319016 -0.047670290487444866 5.811131567265196 0.28373185020460867 -0.3160845050743876 -0.7307724386694728 -0.22542735103543887 0.5614665955671435
1403637200.838319063 -0.2855195755452483 5.616931371219264 0.2446547627530921 -0.32990031929832786 -0.7259485477950658 -0.21343376420169025 0.5644559447640543
1403637201.038319111 -0.4845235525725497 5.425211045284525 0.2319907882368927 -0.3458573302903394 -0.7177593934133921 -0.22265116909293867 0.5618101255340033
1403637201.238319159 -0.6604177787981441 5.216489807637497 0.24065128320734644 -0.360826117669837 -0.7135634428383001 -0.2305104559977586 0.5545238097029643
1403637201.438319206 -0.7955640276559187 5.00411738331413 0.2562023400476727 -0.4017933299912282 -0.6989444994704448 -0.21043977826836655 0.5529500939114816
1403637201.638319016 -0.8827720074088568 4.808194404184886 0.24596700423615955 -0.44179856691942865 -0.6845126539181264 -0.1961814439980401 0.5456824112289107
1403637201.838319063 -0.9071269066182316 4.651030473126639 0.22498780129525212 -0.4457864158742033 -0.6757336559312337 -0.2158620157744351 0.5459506276299114
1403637202.038319111 -0.8686524747383567 4.525312725002326 0.2160548940841346 -0.44809376561999426 -0.6769117725297525 -0.21726245461620688 0.5420327067964815
1403637202.238319159 -0.7684017575669821 4.437549020289367 0.22806139268549042 -0.44842227225523085 -0.6962548239648929 -0.21004350146055745 0.5196425823054753
1403637202.438319206 -0.6299414729587571 4.396740799224018 0.23985573302125976 0.428118029333629 0.7193495242638198 0.23520863868969266 -0.49389078872414593
1403637202.638319016 -0.49053639792077447 4.3963850923813546 0.2513415260240426 -0.41777937011684724 -0.7137149156176961 -0.2479499448685427 0.5045713447759781
1403637202.838319063 -0.34954605864678945 4.419972432447136 0.287999684485615 -0.4050799868135146 -0.7115516484678938 -0.264720949660102 0.5094381951292768
1403637203.038319111 -0.2122290067922539 4.451347044781375 0.31382146738749284 -0.3960106511697744 -0.7150558101915012 -0.2787579407497579 0.5041475606805313
1403637203.238319159 -0.08883232581672704 4.481616398413154 0.31912673853315265 -0.3959795891735019 -0.7139198662052546 -0.28077099463222366 0.504664480787382
1403637203.438319206 0.020275644068888085 4.509173877218135 0.3096240911497172 -0.39621474490033676 -0.7134600759144121 -0.2825586856762529 0.5041321108086465
1403637203.638319016 0.1170539528845468 4.533429588664462 0.28377629279529715 -0.3945920725844964 -0.7131932613208 -0.28718453987939163 0.503167475413545
1403637203.838319063 0.19740284522788432 4.553240609520555 0.24362079432884748 -0.3963209535060593 -0.7110994524709233 -0.28742404827517776 0.5046332202505319
1403637204.038319111 0.26584435652181804 4.563870305099899 0.19138046190458724 -0.39604780456697086 -0.7108168218135372 -0.28962814238104967 0.5039852393326598
1403637204.238319159 0.32470596773874283 4.564294324267436 0.154191652871369 -0.39703940373824304 -0.7103977552713859 -0.2899229497478585 0.503626274526827
1403637204.438319206 0.37375578475160093 4.552365442356165 0.1495416583788409 -0.4006550018108252 -0.7067515162200034 -0.2877417373460632 0.5071316953548561
1403637204.638319016 0.41802645156602825 4.53346465320654 0.17554993670626728 -0.40537085366517345 -0.7016899521468232 -0.2872984660799361 0.5106518123367593
1403637204.838319063 0.4597785616735131 4.507221979220647 0.2111382175945532 -0.4094606317927033 -0.7031599450682123 -0.288400743563006 0.5047109011856576
1403637205.038319111 0.4970963890992692 4.474819328512744 0.22154283800904398 0.41302010103186515 0.7075378550764864 0.2865732349276379 -0.49666926701826725
1403637205.238319159 0.5303369273693264 4.4385391026725145 0.2122074520704914 0.4124692669120972 0.7101536354589608 0.2850053663769769 -0.494290257878612
1403637205.438319206 0.5506513088097866 4.404229960119478 0.1995809581664288 0.4004011940404393 0.7157767327895201 0.28075876975055336 -0.4985148601759642
1403637205.638319016 0.5613397312616675 4.372029333999314 0.20551258120036886 -0.38813519931643614 -0.7163430062712027 -0.27937465393714306 0.5080881490008774
1403637205.838319063 0.5625929867522035 4.337680104915129 0.19031006657178173 -0.3842233591501489 -0.7183312972658169 -0.2770956650294072 0.5095002944782278
1403637206.038319111 0.5562939355297795 4.299914960296184 0.1624656060729649 -0.3832846752429647 -0.7180264851312127 -0.27538145022657934 0.5115621968488543
1403637206.238319159 0.5439434135137551 4.256156831994575 0.15576909872486114 -0.3886296852715816 -0.7150996581370265 -0.265446335038242 0.5168536445382919
1403637206.438319206 0.5300562535302553 4.217041038658597 0.18292829200078722 -0.3908317428966572 -0.7129821062710775 -0.2627459279698289 0.5194917152531243
1403637206.638319016 0.5189550441304398 4.180110739548737 0.2172642615528435 -0.3901576175198443 -0.7127516133973141 -0.2656150961694289 0.5188552705498982
1403637206.838319063 0.5154192076301084 4.139021096867364 0.2300227422196361 -0.38899191210700074 -0.7122619195033686 -0.27004389115562405 0.5181163452256464
1403637207.038319111 0.515534096650989 4.092027157382418 0.24849911384388057 -0.3892775642632584 -0.7096370559751006 -0.27235030715208003 0.520291780582938
1403637207.238319159 0.5176435671404062 4.039223699227317 0.2696917892111117 -0.39135690187029015 -0.7070298452369798 -0.2738552942615406 0.521490029729555
1403637207.438319206 0.5249277598591429 3.9791364785061485 0.26225039929447475 -0.39339046484305623 -0.706563342532925 -0.27469373400594604 0.5201495339389295
1403637207.638319016 0.5391876425730353 3.9103581261082536 0.23087455350910457 -0.40328314816877653 -0.7097659241493499 -0.2635270674215072 0.5139538112082518
1403637207.838319063 0.5625616935303421 3.8464855907124886 0.2196622672339806 -0.4065170440225403 -0.7125392136646419 -0.26062438906222807 0.509025234870591
1403637208.038319111 0.59241441221214 3.7949800157910967 0.2515901855194325 -0.40029241838384017 -0.7119006946697585 -0.27172683784302754 0.5090460748387277
1403637208.238319159 0.6201645393300307 3.748504248507072 0.3116749048428777 -0.3985494287676748 -0.7125046678427644 -0.27659662002731916 0.506941575450705
1403637208.438319206 0.6447984624641688 3.7055099745877573 0.3592669290512778 -0.4067846299460466 -0.7058580736849454 -0.2683906345172623 0.514059443991293
1403637208.638319016 0.6741480920189616 3.669177923235789 0.37971088632509303 -0.4039729464537889 -0.7059732715250002 -0.2750411182657098 0.512601191657464
1403637208.838319063 0.706314720677454 3.6334179842005336 0.378166556329227 -0.40065142656736874 -0.7053824198630728 -0.28074776590491657 0.512927644094965
1403637209.038319111 0.7374109001229451 3.5952834325074665 0.3547654475546782 -0.39081415943079356 -0.7115081866834992 -0.2959762411360086 0.5034068511189406
1403637209.238319159 0.7505042187757881 3.5450371134136036 0.32181463620435097 -0.38015331136946745 -0.7188327520800597 -0.28798666470065504 0.5057930558500551
1403637209.438319206 0.7473152302569427 3.482807430465905 0.3124393076500668 -0.3708418457025729 -0.7341901876279806 -0.25860623850794223 0.5065213788885594
1403637209.638319016 0.7331476070323022 3.4287403975898405 0.3265581002650704 0.3656438828643808 0.7577641755965304 0.23825030591591315 -0.4851131794099963
1403637209.838319063 0.6909461556503793 3.4059613207555106 0.36672629230398524 0.3644215157023044 0.7684396073733746 0.22814812091128592 -0.4739683150144807
1403637210.038319111 0.6152945198611706 3.4236074149261055 0.3830724242248806 0.36873946964566084 0.7770481344702838 0.21994282142170782 -0.46027443503487536
1403637210.238319159 0.5045963068705405 3.47239122447429 0.3420246220250903 0.3750879909861252 0.7872500326591746 0.21105173815930228 -0.4415920616541747
1403637210.438319206 0.3387734984785197 3.5761142919649656 0.288691698170848 0.3767391954160153 0.7907767913747789 0.2080984812309615 -0.4352409297958966
1403637210.638319016 0.11457355346057674 3.741950298695609 0.24404369987209226 0.3699616655366217 0.7776522783565167 0.2175261568142699 -0.45942101726175755
1403637210.838319063 -0.1484409782663802 3.9477623194135925 0.1891990766291476 0.3708343792711486 0.7670770386850887 0.21340552498108792 -0.4780510033251289
1403637211.038319111 -0.42954918590179375 4.18566545334708 0.12269205890154654 -0.37582305894674134 -0.7486615548094178 -0.20753551126787284 0.5051652366075553
1403637211.238319159 -0.7043763297489634 4.450906318575248 0.04466179847691652 -0.37124904282880766 -0.7388870203762181 -0.22001020277683406 0.5175090627149199
1403637211.438319206 -0.9680928241490518 4.728345367042582 -0.04582765057751903 -0.36456645086555906 -0.7294865589582081 -0.23883112576883458 0.5271625523178969
1403637211.638319016 -1.2175361308482358 5.000815259014698 -0.1448046794259953 -0.36885860942045173 -0.7315946665130871 -0.23547252149608633 0.5227477994272388
1403637211.838319063 -1.4553501042019732 5.274576721944856 -0.21820498865381305 -0.3813308669305465 -0.7373474027318763 -0.21651349741613418 0.5138360468543846
1403637212.038319111 -1.67564841768635 5.5643832014384875 -0.25429691713578295 -0.3781937612061989 -0.7383522252100689 -0.22293082937708678 0.5119641743569902
1403637212.238319159 -1.888057241784312 5.8673342473248375 -0.25766820834849957 -0.3665107049955881 -0.7248629726316739 -0.24288647047250198 0.5303298374524655
1403637212.438319206 -2.0872058079365123 6.160995048241786 -0.23959319316369726 -0.36417767178729543 -0.7200304224016641 -0.25007829822267086 0.535155733357551
1403637212.638319016 -2.274015289028989 6.438091266787381 -0.2046240569672658 -0.37018376859878827 -0.7277560101568232 -0.24685886833655266 0.5219155738909815
1403637212.838319063 -2.4561420522832975 6.709376968866154 -0.15746843674233416 -0.3712395315609233 -0.735202342720692 -0.24680594660034413 0.5106325001278931
1403637213.038319111 -2.6407938400784996 6.981074447123479 -0.09923580032191448 -0.36649295597752196 -0.7384386314333743 -0.250803181458798 0.5074338035601431
1403637213.238319159 -2.8277942986533047 7.2452162265951285 -0.05180236768393748 -0.3674280204530755 -0.7381948383259517 -0.24352246942778502 0.5106484478957777
1403637213.438319206 -3.015111415297622 7.507126330045232 -0.028721266025242376 -0.36554802880846526 -0.7358862745919967 -0.24421362546147654 0.5149812954273586
1403637213.638319016 -3.199722522701444 7.763928316812553 -0.023611634085193314 -0.3557995593011494 -0.7361031183606693 -0.25827549000204464 0.5146383623523457
1403637213.838319063 -3.3872540220265894 8.006371659057823 -0.041517745514359675 -0.34712086011139826 -0.7429352110265828 -0.26842883605585754 0.50547041522305
1403637214.038319111 -3.5948761592110263 8.235086093640733 -0.06812934547932029 -0.34207211919133745 -0.7424452564054704 -0.2701028961356599 0.5087299204998091
1403637214.238319159 -3.8252248907381787 8.4449832924044 -0.07077747864355614 -0.3310440170993392 -0.7386815099632472 -0.2513743801193913 0.5306320821439393
1403637214.438319206 -4.056025528164584 8.628487052606852 -0.04493367899768932 -0.29095900794673574 -0.7457821605001733 -0.24099433013085655 0.5487017018551579
1403637214.638319016 -4.279474515110353 8.770727559102625 0.00021989688054069312 -0.23392145514642182 -0.7593093189423634 -0.23709431991401206 0.5590316578276333
1403637214.838319063 -4.497834512134439 8.85488388085212 0.06387605633039196 -0.1971820848014988 -0.764586495590065 -0.23813593801022265 0.5655245275159307
1403637215.038319111 -4.716062861755315 8.871787039018832 0.12201360963593956 -0.18945253148262797 -0.7642969008742634 -0.23179862941581544 0.571163182487509
1403637215.238319159 -4.926193933840283 8.820884477827638 0.15735192176157234 -0.19061658529317138 -0.7581330139476915 -0.22875479731115428 0.5801473030881101
1403637215.438319206 -5.126516429335329 8.704244832823543 0.17317920338051795 -0.1875844001669157 -0.7509624961111637 -0.2054773709224288 0.5988709980345261
1403637215.638319016 -5.292212738556007 8.526894250021853 0.19195462086227857 -0.16271316904014055 -0.7492570868288672 -0.17152495864106443 0.6186416014304071
1403637215.838319063 -5.410415591056574 8.299325637291165 0.22890450493771158 -0.12385455621726181 -0.7735629277353436 -0.13213748354224467 0.6072891660324266
1403637216.038319111 -5.494272743420321 8.045691924289128 0.2912867092923379 -0.09570135152308493 -0.7896631316088495 -0.09118806204996555 0.5991311436016028
1403637216.238319159 -5.550018126318709 7.783701668468911 0.3620487229125201 -0.07418518687395806 -0.7947615084780936 -0.058717433599446915 0.5995022649506879
1403637216.438319206 -5.581247829508949 7.528113546577751 0.4097037525460676 -0.06613838269907424 -0.7882028313918239 -0.04580539693665049 0.6101343102389579
1403637216.638319016 -5.58390339497731 7.284285696166329 0.4324959384220424 -0.06702777092074173 -0.7795396223939159 -0.04181363180012058 0.6213508471375034
1403637216.838319063 -5.5454404175323955 7.050460958816699 0.445706660835133 -0.072074865751778 -0.7671886043775122 -0.042636159306438486 0.6359316134296581
1403637217.038319111 -5.451518243777452 6.822234789193884 0.4723242176635789 -0.07598404252885024 -0.7666880632243619 -0.048651081600518585 0.6356484179551288
1403637217.238319159 -5.302110818423304 6.5978521154889345 0.4963733740531849 -0.09740744044523597 -0.7743493908316739 -0.027332465008095587 0.6246180815671424
1403637217.438319206 -5.113787260503069 6.398492017717459 0.4904804262768591 -0.11110903318437135 -0.7758078921408584 -0.018187390086676136 0.6208430688009272
1403637217.638319016 -4.888262303079725 6.232364403660206 0.46348806361999156 -0.09986646078403989 -0.7737275318395236 -0.021677449369185496 0.6252219483290357
1403637217.838319063 -4.626728148850055 6.087641453178676 0.43714308602715224 -0.04193167791690544 -0.7722571257116612 -0.03530728966777828 0.6329408040807754
1403637218.038319111 -4.319689170088926 5.93951520929579 0.4293087889356667 0.0019945048343534373 -0.7791730149820465 -0.017229257037147137 0.6265689007408572
1403637218.238319159 -3.9771467007847163 5.78990612439386 0.4277875421286214 0.02101342082447063 -0.7864241070839747 -0.0003358597258528189 0.6173292858272905
1403637218.438319206 -3.6108823337965754 5.643009831084462 0.404703352638248 0.028499863893314603 -0.7869849589410532 0.004624822824379446 0.6162962300483477
1403637218.638319016 -3.2231279821067313 5.495682818034308 0.3777120878725893 0.028946987705134476 -0.788237869479753 0.0033509861600855752 0.6146803266023074
1403637218.838319063 -2.8206161793527986 5.34566729239562 0.3620534836330258 0.02696276786052119 -0.7949080923348767 -0.0014496102751874924 0.6061287260303683
1403637219.038319111 -2.4069233642130823 5.189567402414571 0.29518357826903147 0.034522847581325684 -0.7970585655929882 -0.0187525756347879 0.6026227318282023
1403637219.238319159 -1.986632855784376 5.01379669895248 0.21036172868618408 0.03389721463009007 -0.7975916981016478 -0.02065215592021132 0.6018903142722899
1403637219.438319206 -1.5592372501096126 4.817039722314057 0.15038219408796386 0.028999603497627483 -0.8012279871951001 -0.016928814989091465 0.5974162290686628
1403637219.638319016 -1.1363856765677338 4.604000461137441 0.11658894717107668 0.021875671588534165 -0.8191320589067519 -0.010613693690826707 0.5730894123687699
1403637219.838319063 -0.7457564949086302 4.385597808985606 0.11366917023490797 0.01852840166410551 -0.8269097815124027 -0.009685538369751723 0.5619458175985841
1403637220.038319111 -0.3959719885788575 4.1632450549745155 0.1441056991844565 0.01714635537676112 -0.8291005148988133 -0.008095372616049775 0.5587779555719623
1403637220.238319159 -0.06201108924524423 3.9195048483722967 0.20513985387498163 0.015051932078581064 -0.8295393267934221 -0.005680684687023136 0.5582165121746788
1403637220.438319206 0.2437871649223174 3.6748729609045125 0.2976174385898619 0.0021027071350474998 -0.8239423768696258 0.010270630465818187 0.5665766076800055
1403637220.638319016 0.5294193420047263 3.4418006981078024 0.3808272087824439 -0.004577993319460714 -0.8193665059057311 0.016589215540221875 0.5730116655915546
1403637220.838319063 0.797658594992396 3.2271879461535913 0.43951571124070965 -0.004402394891797518 -0.8212381703191373 0.014982102517700836 0.5703718288392915
1403637221.038319111 1.0425858905968883 3.0400452450862097 0.47508113983258593 -0.0068956559797417 -0.8248212387756064 0.010948309490584798 0.5652455294045249
1403637221.238319159 1.261163688959262 2.880621958197505 0.48659649163656327 -0.02492166204973249 -0.8289710907991235 -0.004871896747092301 0.5587146910555468
1403637221.438319206 1.4510997352591612 2.7425674103061186 0.4744954235514633 -0.048352859302587016 -0.8278013340965277 -0.021360209383179084 0.5585254638059333
1403637221.638319016 1.6175129987713885 2.613719545660467 0.4428832153404617 -0.06329609322437652 -0.8282443853631318 -0.02939159719689732 0.5560044754410366
1403637221.838319063 1.7536943692378868 2.500756579445323 0.39630827985092476 -0.07405241729557974 -0.8288521599920013 -0.03354851791790778 0.553529433105471
1403637222.038319111 1.8641538817738803 2.4104076499836826 0.33485555154460667 -0.09831912284796311 -0.8274225304304972 -0.046666458753200746 0.5509333424699819
1403637222.238319159 1.9513532536909515 2.343454455639358 0.26240311467167055 -0.13695568011996337 -0.8211194026967967 -0.07420960685445337 0.5490892481624621
1403637222.438319206 2.018781213258759 2.2912236183331975 0.18452023435400153 -0.16137621406289768 -0.8040278238716895 -0.09759894922356437 0.563889546883788
1403637222.638319016 2.0774048953141313 2.246326656444853 0.12581922396893477 -0.17267915569458755 -0.7947520842801568 -0.10952285749033122 0.5714505905217104
1403637222.838319063 2.135994148826053 2.207193104388011 0.09522261863598336 -0.17621676403423073 -0.7999903504356187 -0.11184557069967693 0.5625421402860018
1403637223.038319111 2.1895609614009506 2.1721899750576816 0.0961172775981606 -0.17691565803642664 -0.8113468732184059 -0.1073833231509332 0.5467046032079551
1403637223.238319159 2.215503193727994 2.1569794585408486 0.13186729397948796 -0.1725081518815384 -0.8130527046305481 -0.10615543506040534 0.5458179739015042
1403637223.438319206 2.2232092636899132 2.1522769163971116 0.19798448843688643 -0.16347242286420585 -0.8047060942814306 -0.10883095076312672 0.5602505626455802
1403637223.638319016 2.2163706879511373 2.1574531132467825 0.27445896002342773 -0.1578139381288772 -0.7997809729536063 -0.11055752033695385 0.5685263326619603
1403637223.838319063 2.2057379644454405 2.16537778559142 0.32511493196909486 -0.1556318869583466 -0.7981804464138946 -0.11127606361304128 0.5712305387412047
1403637224.038319111 2.192448423732402 2.1712734763486776 0.349306062500116 -0.15460552783095752 -0.7969917651595148 -0.1130025362067713 0.5728277959756775
1403637224.238319159 2.180227387170142 2.173063195708206 0.3482621150562154 -0.15359485824504082 -0.7964047713978253 -0.11514549331961635 0.5734889493121282
1403637224.438319206 2.1686114281169706 2.169637450557236 0.32556629810577936 -0.1524167963693716 -0.7957910605621328 -0.11761004854783882 0.5741546695742809
1403637224.638319016 2.1596035360948553 2.159466311271345 0.28669757451623934 -0.15349621422824003 -0.794449529826024 -0.11612424620320863 0.5760243191220629
1403637224.838319063 2.154469442533341 2.1470987752189337 0.26115780165911906 -0.15997517467502073 -0.7944060240727622 -0.1070598836222554 0.5760774199036964
1403637225.038319111 2.159756423841263 2.1367078762829927 0.24255978937414077 -0.15422137872521988 -0.7939302914767996 -0.11578414679353478 0.5766146806754463
1403637225.238319159 2.166776837784256 2.119680644953179 0.203190649125364 -0.15104266976619313 -0.7928863231371791 -0.11918081727455283 0.5781983425133383
1403637225.438319206 2.173369264793311 2.095640079896521 0.16057450312865382 -0.14908115554721 -0.7912043020524864 -0.11872319261512318 0.5810984124992264
1403637225.638319016 2.1901813926921854 2.0599166092819625 0.14692186008282968 -0.146922124233893 -0.7932381897886888 -0.11865365475509426 0.5788854583457056
1403637225.838319063 2.205813340411308 2.0156787455834295 0.16503301457180264 -0.1483029584035906 -0.8010499527385234 -0.1159854406367723 0.5682187811979774
1403637226.038319111 2.2133115449886787 1.964930296753628 0.22093982036307308 -0.14679619111549874 -0.7967194425431887 -0.11617561290628396 0.5746235594830648
1403637226.238319159 2.2187864193044944 1.9067929901313574 0.27572087054710365 -0.14570036410564463 -0.791440582218771 -0.11731361325606272 0.5819198612017009
1403637226.438319206 2.231295470078105 1.8402356600187257 0.30295251524356925 -0.14624726302184415 -0.8013616151048933 -0.11743390756812268 0.5680145924603053
1403637226.638319016 2.240234636291249 1.7666600762607811 0.3126512358948348 -0.1466070926006334 -0.8100679264652019 -0.11684895661245233 0.5555561504020751
1403637226.838319063 2.2348516257492577 1.6887862401035556 0.3059611379419198 -0.14793711222005665 -0.8110566618491399 -0.11436104347308346 0.5542772355358854
1403637227.038319111 2.210940636323794 1.6109916225175065 0.2853873612466401 -0.15943976526907347 -0.8060624030233928 -0.09991562976108018 0.5611231866640604
1403637227.238319159 2.1774935657428327 1.5465668119290175 0.27232052708537646 -0.17108545343487344 -0.7994965968641913 -0.08685923842974302 0.5692015740706505
1403637227.438319206 2.1458284275751955 1.506272883736765 0.28714073925182215 -0.16305734346151665 -0.801982468804107 -0.10297785335269442 0.565360048281203
1403637227.638319016 2.1116491388613454 1.4803511614931575 0.2903769785937151 -0.1666602052953095 -0.8025097358167074 -0.10232355533289206 0.5636775584621733
1403637227.838319063 2.0739370525480374 1.4678460211318007 0.27422985226617047 -0.1712983016801574 -0.8020866764066414 -0.09882799125185811 0.5635129843376226
1403637228.038319111 2.0370347040675507 1.4699132172037586 0.2491252897290898 -0.16073749354435532 -0.7922183864632834 -0.11353794295772213 0.5776353709971902
1403637228.238319159 2.008650888426932 1.4717338489959928 0.2172442513734651 -0.15586892558877097 -0.7873903710259582 -0.1157279372062681 0.5850883063272941
1403637228.438319206 1.9941399034105398 1.4668359427278523 0.20828585996923837 -0.1516622905918432 -0.786742143580836 -0.11817109326768754 0.5865756062450402
1403637228.638319016 1.9933431385931188 1.45063825215874 0.2260593272945048 -0.14588447841332575 -0.7863005166705993 -0.12418403934185762 0.5873904500533715
1403637228.838319063 2.006560886670125 1.4180496267560008 0.2500862431352472 -0.15312809825914273 -0.7954953357084807 -0.11472913917258332 0.5749575471405142
1403637229.038319111 2.0200345465701814 1.380704614737505 0.2607316076100788 -0.15293000921236444 -0.7966539442814898 -0.11720406916189409 0.572903230497498
1403637229.238319159 2.0330636706049914 1.3401918768090046 0.256053274635154 -0.14809247880421442 -0.7916672456924885 -0.12509540217179377 0.5793813339885068
1403637229.438319206 2.0554271422375403 1.289364437421904 0.22968696671015346 -0.16684255875285603 -0.7943315464831788 -0.12680201412159245 0.5701948825311386
1403637229.638319016 2.0858330611132594 1.2419688975798953 0.1877612817773896 -0.22620854926039086 -0.7939346734826929 -0.12033840839624038 0.551376544611532
1403637229.838319063 2.1152198406491065 1.2262759477314633 0.14385386980431267 -0.2734450294063531 -0.7788550089768652 -0.16040238543134103 0.5411873664751354
1403637230.038319111 2.1386563666554257 1.2338634788870297 0.09566443864561286 -0.3076538015846404 -0.7547548142248718 -0.22029146475455455 0.5358786983366767
1403637230.238319159 2.1561683035103596 1.2387325295041258 0.05294725682653913 -0.35522559656162056 -0.7416481639624436 -0.24153930928087566 0.5152004838027909
1403637230.438319206 2.157776938311086 1.2483538707689146 0.04556533753536778 -0.3720308304008967 -0.7293932180969513 -0.2610622828461741 0.5112974467963992
1403637230.638319016 2.143020368832795 1.2589442175926713 0.07546338187021583 -0.3772580751460741 -0.7089025678892115 -0.2797302827969797 0.5261981213036451
1403637230.838319063 2.1365622086315295 1.2582745847852728 0.1180219264726266 -0.4145905930621118 -0.6951832552461752 -0.2842909734636385 0.5138224636749094
1403637231.038319111 2.145632036094558 1.2575901941389112 0.1508699791549995 0.46987002099726866 0.6787773487413901 0.29613631421943576 -0.4804027035773239
1403637231.238319159 2.169911375590387 1.271349986830089 0.14846459847999902 0.5274116420011374 0.6400759648620518 0.3256899576563914 -0.4539446778735257
1403637231.438319206 2.208906574748967 1.3047056225730636 0.08584143493588917 0.5847978748394801 0.5846111224759472 0.3642278361889544 -0.42846162535892834
1403637231.638319016 2.2656334049897464 1.347645722384039 -0.037732200841588404 0.6463345471277717 0.5227416631658516 0.3929200242717383 -0.39320053573921443
1403637231.838319063 2.3454305034010905 1.4027748573200414 -0.16506330784717296 0.6894891721999835 0.4653672282517987 0.42722921575776995 -0.3542784519143739
1403637232.038319111 2.4483056357331723 1.4751711741455569 -0.2550163693250085 0.7207417086979794 0.41377889237476695 0.45018850229955276 -0.32657117136265507
1403637232.238319159 2.5667580801102674 1.559215066313933 -0.29300150658877944 0.73470777018321 0.356582384097385 0.48399221320099656 -0.3143326794087872
1403637232.438319206 2.7134269496868244 1.6173454152916218 -0.30033591928984943 0.7459121720685639 0.31805606181199364 0.5127060696548439 -0.2821132028873441
1403637232.638319016 2.876014239735256 1.6467139836259443 -0.29702704250043555 0.7762589583143529 0.2678059995664682 0.5084564568794926 -0.2591794893316108
1403637232.838319063 3.0614844266409085 1.6430976233859762 -0.27593774327430104 0.8072845425451951 0.22215432781005956 0.49535765436676604 -0.23143015417806567
1403637233.038319111 3.29481906847317 1.619634991522857 -0.23274654531006012 0.8246672954775555 0.21086844854692458 0.4863891813192281 -0.1971900440503049
1403637233.238319159 3.5731874470721077 1.6014790856899508 -0.18464288561302086 0.8338001867450674 0.21605204533781722 0.4766882716653576 -0.1756902215427856
1403637233.438319206 3.8889564071059595 1.600845164511223 -0.16108550268779404 0.84033588199889 0.22661273227393489 0.46361795777725795 -0.1659538014712875
1403637233.638319016 4.252436643614162 1.6268317658048896 -0.1767464789430123 0.8133658736013192 0.26656192087642755 0.5006896183648177 -0.12919212073860714
1403637233.838319063 4.6240329255541175 1.7057326864007312 -0.2307027538139144 0.772558113707261 0.2985542472212858 0.5519288020025496 -0.09692223651470175
1403637234.038319111 4.955861793873596 1.8562849744497707 -0.30504988078030915 0.7566217308293343 0.3113796209939814 0.5692902047314008 -0.08046707937477302
1403637234.238319159 5.225491285828138 2.0857420728980185 -0.3923430522452471 0.7412450044832948 0.31949734537321267 0.5865560272462982 -0.06655311058708342
1403637234.438319206 5.40945243304079 2.3981102756198096 -0.49211463093772423 0.7413517687223123 0.30363979258747875 0.5913542988734797 -0.09219828942724301
1403637234.638319016 5.513647801820019 2.775036791321622 -0.6001454908863795 0.738332600791486 0.29605210524298003 0.5892108573691617 -0.14159338666640178
1403637234.838319063 5.551091725590184 3.174708092554938 -0.7255909217315528 0.7326442861638336 0.30317307341698224 0.5778802880215171 -0.19332048577998387
1403637235.038319111 5.537166669299365 3.5656883428886874 -0.8422300144866471 0.7245712622016935 0.3220304008217057 0.5603082409780811 -0.23947355183764138
1403637235.238319159 5.489391778084133 3.93147591517104 -0.9278622219616153 0.7076053809884122 0.3583030129892104 0.5493263683849797 -0.2629717031843309
1403637235.438319206 5.40850537127787 4.264242404185701 -0.9903546041080258 0.7105748256772239 0.3877417305595615 0.5227151155231486 -0.26741106091503436
1403637235.638319016 5.306191470367853 4.584421082813313 -1.0261345584496895 0.7129055186125173 0.41369706950733176 0.4965696627426373 -0.2721011324051622
1403637235.838319063 5.189811763071641 4.908858614947518 -1.021538453925212 0.6812637229930748 0.4408561659380507 0.510449707152173 -0.2845464411231528
1403637236.038319111 5.035388326543831 5.234523833954055 -0.9909319397370382 0.6422322827261834 0.47981688174031095 0.524035167993641 -0.2875771161387414
1403637236.238319159 4.813900290323815 5.554288497350779 -0.934781307829853 0.6161370762324109 0.5146818040806297 0.515444630448011 -0.29965743238206827
1403637236.438319206 4.519220321966924 5.862674687042777 -0.8503124080078981 0.5958619272431153 0.5394547125467075 0.49678965362062644 -0.3273182195175421
1403637236.638319016 4.16783192604129 6.157506231567218 -0.751065220702028 0.582654450356156 0.5476054567584615 0.48398028822838085 -0.3555349994223168
1403637236.838319063 3.77091163597972 6.431186866798204 -0.6624983004773994 0.5624116515202013 0.5493566422943233 0.48439569963474016 -0.3837462963678661
1403637237.038319111 3.3310865206268985 6.662268896162734 -0.551813965629483 0.5306971357401778 0.5432632561885866 0.48783525494647795 -0.43039789570231546
1403637237.238319159 2.865157120416164 6.813611981530678 -0.41529392043096147 0.5065017317038354 0.5377143258078565 0.479849922465544 -0.4733533051674609
1403637237.438319206 2.398836471358272 6.857584567801623 -0.25557267094121816 0.49625858524887667 0.5524468919077539 0.4547549898306503 -0.4916581611377551
1403637237.638319016 1.9473394635675372 6.795725985984427 -0.07103162581989697 -0.49297606147444123 -0.5593704451798579 -0.4366327317583462 0.5034194726369947
1403637237.838319063 1.526673309314786 6.638416812131465 0.11795294449069138 -0.502199721632169 -0.5568673349284786 -0.4157662858731662 0.5146188943421466
1403637238.038319111 1.1555362105776805 6.405200809541805 0.2709326758214319 -0.5370186805203556 -0.5493648489694294 -0.3969621331102435 0.5022253123511188
1403637238.238319159 0.8393203535134002 6.121476432744782 0.39472573390917953 0.5937925806424863 0.5192206958514746 0.3771025065235281 -0.48540080319942003
1403637238.438319206 0.6020219565388325 5.809702825464671 0.4983575109534822 0.6524595185584876 0.4641194833443295 0.3741805580307363 -0.467844623581466
1403637238.638319016 0.46306930418972614 5.470390871620913 0.5805160350588721 0.7028713789380469 0.4088966590474625 0.381208618283804 -0.4398355786375643
1403637238.838319063 0.4308253514564087 5.110445792002631 0.6436054153416466 0.7547419216106801 0.3909676502876657 0.34772132459469374 -0.3957256734328647
1403637239.038319111 0.5384303067221424 4.7771988949195565 0.703909123955507 0.7877818660423521 0.3953862185543126 0.31590934279538674 -0.35109935466561215
1403637239.238319159 0.802830237752099 4.517480769764036 0.7837730569826094 0.7760165435174471 0.40700212533831215 0.36147365984572166 -0.31856614288857016
1403637239.438319206 1.1691488128427476 4.310715581008798 0.8527679452987534 0.7728455425151303 0.3857847378793636 0.4022112863933011 -0.30348967780057484
1403637239.638319016 1.5940647944504023 4.135645205027369 0.8643051022164242 0.7842397849089957 0.34491208271943746 0.4328464522504474 -0.2804417296588383
1403637239.838319063 2.0637168880051986 3.981448458206703 0.8128694101436388 0.781750946605293 0.29924824855820675 0.48643408472757405 -0.250395336281658
1403637240.038319111 2.548802606477945 3.8344701508315615 0.7144955724746029 0.7769046146390254 0.25192553591687195 0.5360984695556452 -0.2134272125232438
1403637240.238319159 3.0181893817975345 3.6803776332334954 0.5890466969018743 0.7889939468859603 0.20131614431613196 0.5532933380598849 -0.17557574967328662
1403637240.438319206 3.465246553013826 3.525959433857989 0.45381166855518196 0.8150665135083912 0.17546509209390862 0.5357669568669741 -0.1335378146559929
1403637240.638319016 3.9166659784915137 3.3887641432070046 0.34790104335666583 0.8260129192886203 0.1697742536571544 0.526258740829533 -0.10922956405586766
1403637240.838319063 4.380480900771227 3.283305788306014 0.2819241598876465 0.8166611272075407 0.17267048734353768 0.541075101763659 -0.10240722806503125
1403637241.038319111 4.848763357492234 3.2031984708101056 0.23843713674247016 0.7986290833924151 0.17700545393003236 0.5654434244541758 -0.10551961988266723
1403637241.238319159 5.294148751369233 3.1438886661355876 0.1690519615358643 0.8001010249665321 0.18365809048213827 0.56065394354789 -0.1085136453723512
1403637241.438319206 5.717151410953437 3.106146703339566 0.08087737227318625 0.7947210559541262 0.19896537592009547 0.5649869205074092 -0.09808670686452373
1403637241.638319016 6.104308802982377 3.1016809921121555 0.0030461618045679734 0.7836017317288795 0.21171145121384297 0.5772782948754439 -0.08886145239618533
1403637241.838319063 6.441223053026825 3.141497377910128 -0.04658238501654775 0.7686622101746254 0.21202859320084178 0.5959766587188051 -0.09494263835022303
1403637242.038319111 6.706059961030849 3.2098864446556923 -0.06817835473635356 0.7598670983969492 0.1930957065607039 0.6079254721163009 -0.12546976222802672
1403637242.238319159 6.907050567285024 3.2821985746353453 -0.06780540970010143 0.7622370314035046 0.19877441344445423 0.6058365621355396 -0.11155940344298172
1403637242.438319206 7.042248764963872 3.365425372672008 -0.05872679514434778 0.7572426093092691 0.20963983094949024 0.6119882286964676 -0.0900287724158558
1403637242.638319016 7.104434012129362 3.4765927305198208 -0.06648032152546833 0.7498512445845879 0.2175979699442304 0.6181215161993375 -0.09110447674127777
1403637242.838319063 7.0856788262694606 3.6223968860287643 -0.0550428151022504 0.746299877938498 0.23058783854704948 0.6107516235801392 -0.1298005978304889
1403637243.038319111 6.99780454281585 3.776160454901407 -0.017977195001729847 0.7374888814970647 0.24417256084693603 0.6111890410186954 -0.15145252172223175
1403637243.238319159 6.852634943427637 3.93026188102419 0.005340183233842846 0.7443765639921786 0.25713722355501234 0.5978255686005466 -0.14962810153440706
1403637243.438319206 6.657540295470953 4.088507346354402 0.0027428926957038355 0.7547743475465291 0.25453843990681446 0.5836209454788454 -0.15783681095883303
1403637243.638319016 6.4223040046993045 4.248597746805743 0.0005049119164136271 0.7643062889407054 0.2490283059826817 0.5715730221623283 -0.16469693330806873
1403637243.838319063 6.169983169210637 4.411759322758476 0.02804686410066649 0.7821438212180734 0.23512268409986403 0.5484246096302706 -0.17944027949086114
1403637244.038319111 5.923471215206328 4.562069511666073 0.09466457454605538 0.7916949945698917 0.22430068695163183 0.5364897308195921 -0.18731525867091195
1403637244.238319159 5.698100533729693 4.6938498939392765 0.19653498945175557 0.7910881417803245 0.22138488573773635 0.5400356155437961 -0.18311149129833573
1403637244.438319206 5.491137779120202 4.8114045523575 0.3190517140576524 0.7961000042083044 0.22242052730467451 0.532445679219421 -0.18236088125871314
1403637244.638319016 5.306521600105679 4.922869318209599 0.4534335026582972 0.7911077745093937 0.2527467673119202 0.5290162706183329 -0.1743827575911019
1403637244.838319063 5.140713639946915 5.043340295725586 0.5666314969794157 0.78419857721843 0.28281413663735405 0.5227950612632273 -0.17814061728103772
1403637245.038319111 4.990531961973039 5.179948334685936 0.6549765079514966 0.7854022281911859 0.29292601446040134 0.5107576146348328 -0.19095640627388433
1403637245.238319159 4.865971442615236 5.329205386920125 0.7184529079895376 0.7980943680988931 0.2884500005576951 0.48775172131833266 -0.20479315207779103
1403637245.438319206 4.780429498546367 5.493857170540684 0.7710473343165758 0.7863043066109532 0.2995608164692163 0.5046991234913772 -0.1930483084314478
1403637245.638319016 4.712360212831817 5.681026483076457 0.8003069448737149 0.7782692080167245 0.3170385115213213 0.5044027789235691 -0.19839722447498873
1403637245.838319063 4.654615528117578 5.891350802752055 0.80891563796165 0.7569484148055796 0.3443154840099252 0.5076453712350434 -0.22532670027708057
1403637246.038319111 4.596064210251254 6.116917856170732 0.7963429549739144 0.7205906820281616 0.3883152161309543 0.5082487239811653 -0.2676632146309856
1403637246.238319159 4.526284907275337 6.341068774319172 0.761416917451341 0.6777024023331286 0.44827469284582605 0.4893863065909337 -0.316654853976382
1403637246.438319206 4.441668474382144 6.556657474757097 0.7102190433896347 0.622305940338616 0.517500148717496 0.46419195617834696 -0.35979819415260267
1403637246.638319016 4.338484961428192 6.7557308674458065 0.6460126612882905 0.5574733672690513 0.5733129959534086 0.44593560262768195 -0.4020908998806947
1403637246.838319063 4.205325200691242 6.918947071158193 0.5796123614646979 0.49866605203982495 0.6138894943705427 0.4220997240799881 -0.44306171147712275
1403637247.038319111 4.045849362645075 7.031487193381312 0.5314493808343219 0.4650854595115294 0.6543605066781283 0.3815318806255127 -0.45819348174978763
1403637247.238319159 3.87107381212861 7.1143097339182555 0.4884440018669188 0.4614748346402431 0.6749810304746826 0.3480491602347748 -0.4585884511777343
1403637247.438319206 3.683014363414406 7.181776123175979 0.43999691118158485 0.4486182370071881 0.6602520568374342 0.3569431375460699 -0.48518088938656806
1403637247.638319016 3.485594715386216 7.228056999906189 0.3738150521039363 0.4403423186225028 0.657321632352241 0.36115339810528196 -0.49355358078899836
1403637247.838319063 3.2763877579306393 7.233632365559786 0.30283410257983573 0.4120283279230592 0.672975320196791 0.36684761420857803 -0.492706508324282
1403637248.038319111 3.052476523084024 7.184942163010894 0.2604559999068447 -0.39445269419517154 -0.6812306242109571 -0.34148547617650193 0.5135363455884505
1403637248.238319159 2.828818447844392 7.091401838400435 0.23519459724196928 -0.3829151817129397 -0.7070941547270979 -0.308042548457514 0.5084325012278614
1403637248.438319206 2.6040574509786363 6.980066449651887 0.19702430124327092 -0.37661933887003685 -0.7151662204386506 -0.2913853992538013 0.5116538867582131
1403637248.638319016 2.3808235988863373 6.857557810064573 0.15435866342757865 -0.3700128008234228 -0.7098343889073121 -0.29510069279590256 0.5216715908147854
1403637248.838319063 2.159531112817513 6.712250909134714 0.1359745179506423 -0.377512519701182 -0.7169576287871151 -0.29341782713746883 0.5073086188024596
1403637249.038319111 1.93304708366037 6.552824307901209 0.1509573041665188 -0.3865305728610875 -0.7158456504874843 -0.29255751085417775 0.5025626565565728
1403637249.238319159 1.6989555880348395 6.389803689247311 0.19470148180856284 -0.390569806971086 -0.7134977085278856 -0.29555295477166565 0.5010236488773254
1403637249.438319206 1.455796021929558 6.224051478828341 0.24778738032557218 -0.3931224087206584 -0.7103574313330179 -0.29735218025573895 0.5024229019554994
1403637249.638319016 1.2102773667631828 6.057281276952508 0.23930150970712152 -0.3937553895482785 -0.7094717773961601 -0.29687097594921596 0.5034621275921246
1403637249.838319063 0.9690890776365 5.885934399028815 0.20236625208677 -0.3857838361819154 -0.7029933204744071 -0.3007121950025448 0.5162784121832432
1403637250.038319111 0.7325338137631329 5.697176761751478 0.18421875166543633 -0.37507462433730915 -0.7114429624417182 -0.28181397651038337 0.5232101107722591
1403637250.238319159 0.5089170677601317 5.495524613775904 0.18797053531241684 -0.3669837151917188 -0.7224208869381504 -0.25342786975985887 0.5283988358513709
1403637250.438319206 0.30172545015432267 5.297190339629273 0.17687395653821383 -0.36128815740671594 -0.7271864716049022 -0.23045580602911425 0.5362469806912307
1403637250.638319016 0.1170319861868987 5.109618538817868 0.15331129522366163 -0.36019199554625264 -0.733420633334346 -0.21571405453608725 0.5346244921624765
1403637250.838319063 -0.044481054718621155 4.9428650006338675 0.15638444779046556 -0.35251923527907486 -0.7386425187500022 -0.2122775261111028 0.5339247794976036
1403637251.038319111 -0.18880613425136133 4.799262802500765 0.18780326085006818 -0.35141153839236305 -0.7379996683606416 -0.2067744494430572 0.5376901963420242
1403637251.238319159 -0.31564414043268857 4.678339146355226 0.24618239255374688 -0.34810829558166545 -0.7435438328037418 -0.1892926408463784 0.5386385424091592
1403637251.438319206 -0.41928279918711553 4.58427674598066 0.33853917859232024 -0.32570559255298953 -0.7485868140411486 -0.19178929626629954 0.5447481203836576
1403637251.638319016 -0.5089991654499789 4.510347788979706 0.42511576848369614 -0.2964969243561929 -0.756020518685027 -0.18666816472693426 0.5528811313947474
1403637251.838319063 -0.5838930819124186 4.448268395208072 0.48521744760141305 -0.28020213678417927 -0.7611914820105224 -0.17619573717626744 0.5577000559955007
1403637252.038319111 -0.6442716626064233 4.39762990380782 0.5292908192939958 -0.26188445772751273 -0.7584912482348461 -0.1880746638983586 0.566335128657617
1403637252.238319159 -0.690910881159075 4.341356092284279 0.5538759433270389 -0.25785967833384527 -0.7528350273663116 -0.1876121066144532 0.5758033564610622
1403637252.438319206 -0.7155197902093178 4.276385452423448 0.5490484894017725 -0.26406005677952765 -0.7578421293890426 -0.17820451098422663 0.5693775071091054
1403637252.638319016 -0.7211306630303718 4.208050409264439 0.5185896419739816 -0.26975350959927247 -0.7635838173821695 -0.17230986948743823 0.5607870422615219
1403637252.838319063 -0.7127254696845604 4.147042847303909 0.4778075962651668 -0.28010723456490316 -0.7724992708914461 -0.1588836831405545 0.5473031964538274
1403637253.038319111 -0.694751830215542 4.107076781392034 0.4705586710688776 -0.270456205160522 -0.767514125948374 -0.17556410181942117 0.5540331702276289
1403637253.238319159 -0.6695816243450285 4.073051459514534 0.4820880111653587 -0.26797032807767823 -0.7637533558477518 -0.1814890608762164 0.5585109090105295
1403637253.438319206 -0.6421819306147476 4.040518378597249 0.47725358603335005 -0.26980884809255873 -0.7627263053843935 -0.180880630380941 0.5592262208792664
1403637253.638319016 -0.6061769136875067 4.0095578967790235 0.4548554380865537 -0.26835503226016816 -0.763895146530316 -0.1842747157071848 0.5572186383452893
1403637253.838319063 -0.5650963809838626 3.979517585687609 0.4539939909473343 -0.26315258156463 -0.763139243584434 -0.19226651320687352 0.5580347673906841
1403637254.038319111 -0.5163892152908184 3.9389209228400253 0.477768295394992 -0.26118486144195235 -0.76261135990028 -0.1952550819467683 0.55864285091533
1403637254.238319159 -0.468069752987923 3.8828777465043185 0.5206484038017672 -0.25279270391885866 -0.7656832610894412 -0.19003768437936502 0.5600988047200162
1403637254.438319206 -0.4163079996213693 3.8134745137275323 0.5760219748414029 -0.23900400203787106 -0.7771973084815554 -0.17802812732756274 0.554208820373091
1403637254.638319016 -0.36791523490953504 3.7378861025345276 0.6177836705536395 -0.2301335890461314 -0.7817646513032711 -0.17093491890278223 0.5537723491339016
1403637254.838319063 -0.32162553295764507 3.658706169922232 0.638974780537705 -0.22551313801481224 -0.7775914025105752 -0.16813947015609462 0.5623384691625986
1403637255.038319111 -0.2752867765230062 3.5751789089638035 0.6379222836274772 -0.22384208032265826 -0.7742028785300994 -0.16699014460999556 0.5679955259998354
1403637255.238319159 -0.2263143490791123 3.4838898885962677 0.6321134992828115 -0.21229134099150537 -0.7770108010876693 -0.15707571868793524 0.5714138781408197
1403637255.438319206 -0.17060301103751974 3.3857636069198733 0.6457400899413658 -0.1983087682166316 -0.78082221459823 -0.14278387577322166 0.5749809270381037
1403637255.638319016 -0.11168352995109324 3.2849023398857304 0.6436282832690462 -0.1721299061345442 -0.787987156465079 -0.12929056716751675 0.5768288185430055
1403637255.838319063 -0.048011534832382366 3.177379393950762 0.6331825430600869 -0.1373623155519744 -0.7999304977937692 -0.10942685795253436 0.573819270959214
1403637256.038319111 0.016404439692474154 3.064164208571557 0.6540673669619245 -0.10543971814997823 -0.8080191276356664 -0.08736057366196877 0.5730232851993209
1403637256.238319159 0.08204365410425452 2.949670355176152 0.6966653991771466 -0.08814161434039725 -0.8066628961591931 -0.07944914254339068 0.5789765638870374
1403637256.438319206 0.1457594950973528 2.8304365224479153 0.7170128214449734 -0.08252847568496749 -0.8036514161352252 -0.07917774206059941 0.5840071379760169
1403637256.638319016 0.21173238760752527 2.7004678258749917 0.7117500458166507 -0.08616247822539914 -0.8037002732099854 -0.07965672148660968 0.5833495563639869
1403637256.838319063 0.28259866252662574 2.5608764003291014 0.6850946078506019 -0.1058666092600974 -0.8120010840892349 -0.06022702320280838 0.5708057516858457
1403637257.038319111 0.3487299587159848 2.4265079577548367 0.6601925501198906 -0.09551213968091307 -0.8084664894574544 -0.060348506564161124 0.5775962468309638
1403637257.238319159 0.41529646402545545 2.29681372626257 0.6600653059081705 -0.07689439823416858 -0.8084131797551616 -0.058694662284877804 0.5806120210066278
1403637257.438319206 0.47806972266641057 2.170471019915258 0.684767527848444 -0.0637922615120173 -0.8122888135180975 -0.0558481453062717 0.577060148918751
1403637257.638319016 0.5341616171622103 2.0457513771957605 0.6999894110762498 -0.05851240960726406 -0.8160505997238473 -0.05327161946611958 0.5725380783593964
1403637257.838319063 0.5789366380960914 1.919119393529957 0.6909199533800378 -0.05506801045045646 -0.8238067982642413 -0.043357255433582896 0.5625211300560984
1403637258.038319111 0.6094323323240773 1.7903237617372274 0.6662966570089817 -0.039343016820077306 -0.8280532330968108 -0.025200485457380486 0.5586992981181784
1403637258.238319159 0.6172795117735849 1.6645940672991895 0.6571127193728892 -0.004818216094737203 -0.822847605815641 -0.006106021646160757 0.5682088690757533
1403637258.438319206 0.6148499336178261 1.5399197711990464 0.6515054910786016 0.01872067566810587 -0.815430605960365 0.009271398109692628 0.5784777474910099
1403637258.638319016 0.6062261345797099 1.41793321810215 0.620113615479802 0.021377828486816124 -0.8170211703301313 0.02760831663880235 0.5755494562011751
1403637258.838319063 0.5913817316059092 1.309455037162416 0.5780484306926943 0.023554693598346985 -0.8119889982155342 0.028777427682544196 0.5824868263248091
1403637259.038319111 0.5796716542776447 1.2125671379943903 0.5468982721871573 0.018968337678892538 -0.8109232874916614 0.032622759898756966 0.5839343965768551
1403637259.238319159 0.5667722911919606 1.129707736139787 0.5592919696423522 0.016776643601719828 -0.8102696953311905 0.030824457035062782 0.5850054853635474
1403637259.438319206 0.5602812761221458 1.061363547515994 0.5864829566647543 0.010711786382170565 -0.8095520104927424 0.034626080426434364 0.585928182027091
1403637259.638319016 0.560712963623367 1.0141478869064455 0.5990813277087463 0.003589398743378291 -0.8078311795727985 0.04209618518228385 0.5878977910482566
1403637259.838319063 0.5665523244331186 0.9888929264438098 0.599447480118176 0.010374984806665315 -0.8133583299675742 0.03041615491979466 0.5808747233974917
1403637260.038319111 0.574419951419278 0.979075732540978 0.5874049216643334 0.008314962401617 -0.8092777058863494 0.033138241568067044 0.5864318486414173
1403637260.238319159 0.5876235228138041 0.9826505838115924 0.5574640372556917 0.017497616124347012 -0.8109249301053659 0.02124482919137036 0.5845025649180676
1403637260.438319206 0.606027914577497 0.9889303806720029 0.5189567304864052 0.030686022938373456 -0.8103529575231463 0.004009005608778262 0.5851242433050553
1403637260.638319016 0.6256005478083491 0.9846869181871934 0.4719507968601956 0.03003682749394766 -0.8214379424282232 0.006223625182964128 0.5694723542214138
1403637260.838319063 0.6350786793816002 0.9685420815993772 0.42569765663386216 0.02769215477064604 -0.8171642685301675 0.010766651246726712 0.5756385862867366
1403637261.038319111 0.6415094088769397 0.9441810870973932 0.38009701374742905 0.027640108040831942 -0.8098739667062784 0.013068910901207 0.5858066114737652
1403637261.238319159 0.6497097673774589 0.9163384061466503 0.3323642685513364 0.027163183431625743 -0.822334699495328 0.013737665014642316 0.5681892994691632
1403637261.438319206 0.6494958716321004 0.8842050166806567 0.3069069032676121 0.024808850374158847 -0.8180326639210119 0.016522589059035708 0.5743988907995483
1403637261.638319016 0.6444612393314471 0.8528948282353312 0.29426621929803726 0.022722045347207828 -0.8242647854474182 0.01877315469779479 0.5654368583571349
1403637261.838319063 0.6258305348000476 0.8244325931830406 0.30408649074078614 0.02442079170828945 -0.8209262905565005 0.01485790470760274 0.5703182384184604
1403637262.038319111 0.5979552612783351 0.795849577944535 0.30655968813755924 0.021103020182750926 -0.8108562500628513 0.01648527796580818 0.5846323972234067
1403637262.238319159 0.575955075004693 0.7713565712671583 0.272563106239903 0.014513448450045386 -0.8080047900062028 0.022223571211271054 0.5885777196117715
1403637262.438319206 0.5827784127896773 0.776424152692439 0.25287587646758847 0.000465243494945745 -0.8010757661226499 0.013038844859172274 0.5984207458001166
1403637262.638319016 0.5955425056827531 0.7866969644807656 0.2402969234506609 -0.027547463940313342 -0.7846806394968687 0.0179700259562355 0.6190270667719151
1403637262.838319063 0.5894407973300845 0.7858780681960498 0.22787059429778844 -0.027291912801493352 -0.7938823808139251 0.017886074115326462 0.6071951953708368
1403637263.038319111 0.5893192961188648 0.7853852916057891 0.23002470705450612 -0.027359125082740333 -0.7948641413065278 0.01840115992851113 0.6058909740645317
1403637263.238319159 0.5867697750951018 0.7830941788919827 0.22590997523843104 -0.027794351583519016 -0.795070448525597 0.01907150592444099 0.6055796673956076
1403637263.438319206 0.583635082760489 0.7805980775418233 0.22736115701861323 -0.02777589343051785 -0.7951276822425817 0.018856912536921552 0.605512085366674
1403637263.638319016 0.5809139579853474 0.7776411603165531 0.23043218540004767 -0.027873141602824992 -0.7951568291016744 0.01881866013464145 0.6054705303652249
1403637263.838319063 0.579628586301066 0.7772480381418895 0.23222002910128633 -0.027730371020804324 -0.795196244935145 0.018406760616246482 0.6054379817351764
1403637264.038319111 0.5811845824498462 0.7784387426073014 0.23329511845686013 -0.028188004529726123 -0.7952299397461386 0.01902952850361864 0.6053533318457693
1403637264.238319159 0.5832368303195483 0.7811181966012518 0.2346940595612291 -0.028349849906267457 -0.79531497443039 0.01916601405255026 0.6052297426285995
1403637264.438319206 0.5848468683772456 0.7839718954890611 0.23568502051579795 -0.028327081064690573 -0.7953563659208407 0.019112573375075225 0.6051781037069976
1403637264.638319016 0.5856653029011628 0.7867316920614037 0.23684415753795093 -0.028434815382989902 -0.7954196954537648 0.019120936177253276 0.605089546396194
1403637264.838319063 0.586458090262425 0.789035260184375 0.23776622888227625 -0.028503258622325802 -0.7954904625922534 0.019108814154937308 0.6049936705405589
1403637265.038319111 0.5869255555392985 0.790943041576963 0.2385242465861039 -0.028635258878088644 -0.7955736559610861 0.019341640348662772 0.6048706314892451
1403637265.238319159 0.5871986371057583 0.7923340608724668 0.23888238115520263 -0.02870260928676003 -0.7956588473066165 0.019307862203789064 0.6047564512924521
1403637265.438319206 0.5873240636563218 0.7932626464631314 0.23907761659024096 -0.028788696423435418 -0.7957023491140615 0.019410611056184194 0.6046918312255557
