1403637146.538319111 0.03724 -0.03945 -0.01093 -0.06607 0.79627 0.02637 0.60075
1403637146.638319016 0.03723 -0.03945 -0.01093 -0.06624 0.79625 0.02643 0.60075
1403637146.738318920 0.03722 -0.03943 -0.01096 -0.06629 0.79622 0.02647 0.60078
1403637146.838319063 0.03724 -0.03939 -0.01095 -0.0664 0.79621 0.02652 0.60078
1403637146.938318729 0.03723 -0.03939 -0.01094 -0.06643 0.79624 0.02657 0.60074
1403637147.038319111 0.03725 -0.03938 -0.01093 -0.06656 0.79621 0.02666 0.60076
1403637147.138319016 0.03727 -0.03938 -0.01094 -0.06655 0.79623 0.02666 0.60073
1403637147.238318920 0.03728 -0.03937 -0.01095 -0.06656 0.79616 0.02671 0.60081
1403637147.338319063 0.0373 -0.03937 -0.01099 -0.06676 0.79615 0.02672 0.60082
1403637147.438318729 0.03731 -0.03938 -0.01101 -0.06684 0.79611 0.02684 0.60085
1403637147.538319111 0.03732 -0.03935 -0.01102 -0.06692 0.79607 0.02694 0.6009
1403637147.638319016 0.03735 -0.03937 -0.01103 -0.06703 0.79604 0.02695 0.60091
1403637147.738318920 0.03736 -0.03936 -0.01106 -0.06718 0.796 0.0269 0.60095
1403637147.838319063 0.03736 -0.03935 -0.01106 -0.06722 0.796 0.02695 0.60095
1403637147.938318729 0.03736 -0.03934 -0.01107 -0.06729 0.79601 0.02701 0.60093
1403637148.038319111 0.03736 -0.03933 -0.01107 -0.06739 0.79599 0.02701 0.60095
1403637148.138319016 0.03737 -0.03934 -0.01104 -0.06733 0.79596 0.02707 0.60099
1403637148.238318920 0.03733 -0.03933 -0.01104 -0.06754 0.79599 0.02724 0.60091
1403637148.338319063 0.03735 -0.03933 -0.01103 -0.06765 0.79603 0.02737 0.60084
1403637148.438318729 0.03735 -0.03928 -0.01105 -0.06786 0.79595 0.02751 0.60092
1403637148.538319111 0.03732 -0.03922 -0.01106 -0.06794 0.79595 0.02784 0.6009
1403637148.638319016 0.03725 -0.03926 -0.01108 -0.06826 0.79619 0.02843 0.60051
1403637148.738318920 0.03719 -0.03926 -0.0111 -0.0687 0.79621 0.02915 0.6004
1403637148.838319063 0.03715 -0.03924 -0.01108 -0.06901 0.79633 0.02955 0.60019
1403637148.938318729 0.03699 -0.03926 -0.01113 -0.06955 0.79642 0.03034 0.59996
1403637149.038319111 0.03701 -0.03926 -0.01126 -0.06988 0.79649 0.03099 0.5998
1403637149.138319016 0.03705 -0.03923 -0.01138 -0.07045 0.79648 0.03133 0.59973
1403637149.238318920 0.03695 -0.03932 -0.01133 -0.07074 0.79651 0.03193 0.59963
1403637149.338319063 0.03685 -0.03936 -0.0113 -0.07124 0.79662 0.03269 0.59938
1403637149.438318729 0.03665 -0.03955 -0.01128 -0.07193 0.79672 0.03372 0.5991
1403637149.538319111 0.03654 -0.03964 -0.01137 -0.07231 0.79712 0.03543 0.59842
1403637149.638319016 0.03635 -0.04001 -0.01156 -0.07389 0.8007 0.0426 0.59296
1403637149.738318920 0.03503 -0.04106 -0.01174 -0.07698 0.8031 0.05201 0.58855
1403637149.838319063 0.03502 -0.04313 -0.01182 -0.0793 0.80824 0.05525 0.58086
1403637149.938318729 0.03581 -0.05008 -0.01148 -0.07681 0.81818 0.05789 0.56686
1403637150.038319111 0.03715 -0.06164 -0.00514 -0.06463 0.82929 0.0664 0.55108
1403637150.138319016 0.04295 -0.07712 0.00928 -0.05174 0.83672 0.07161 0.54045
1403637150.238318920 0.05699 -0.09251 0.03117 -0.04365 0.83693 0.07152 0.54086
1403637150.338319063 0.07927 -0.10626 0.05907 -0.04048 0.83262 0.06805 0.54816
1403637150.438318729 0.10749 -0.11837 0.08917 -0.04212 0.82458 0.06213 0.56074
1403637150.538319111 0.13803 -0.13071 0.1176 -0.04049 0.82051 0.05833 0.5672
1403637150.638319016 0.16961 -0.14283 0.14398 -0.03908 0.8192 0.05578 0.56945
1403637150.738318920 0.20192 -0.15423 0.16795 -0.03724 0.81884 0.05466 0.5702
1403637150.838319063 0.23543 -0.16453 0.19008 -0.03521 0.8177 0.05428 0.57199
1403637150.938318729 0.26888 -0.17333 0.21165 -0.03458 0.81317 0.05413 0.57847
1403637151.038319111 0.30071 -0.18098 0.22847 -0.035 0.8089 0.0544 0.58437
1403637151.138319016 0.33096 -0.18825 0.2428 -0.03536 0.80412 0.0557 0.59079
1403637151.238318920 0.35664 -0.19656 0.25532 -0.03663 0.80514 0.05692 0.58921
1403637151.338319063 0.37814 -0.20303 0.27409 -0.04203 0.80996 0.05556 0.58234
1403637151.438318729 0.39679 -0.2089 0.30294 -0.05138 0.81443 0.05046 0.57578
1403637151.538319111 0.41609 -0.21684 0.33773 -0.04951 0.81592 0.05342 0.57356
1403637151.638319016 0.43516 -0.2256 0.36792 -0.04689 0.81607 0.05639 0.57329
1403637151.738318920 0.45492 -0.23593 0.39326 -0.0452 0.81609 0.05855 0.57318
1403637151.838319063 0.47444 -0.24665 0.41232 -0.04463 0.81615 0.06003 0.57298
1403637151.938318729 0.49377 -0.25803 0.42612 -0.04316 0.8162 0.06143 0.57287
1403637152.038319111 0.51672 -0.27106 0.4427 -0.04431 0.81648 0.06156 0.57237
1403637152.138319016 0.53444 -0.28232 0.4628 -0.04602 0.81742 0.06104 0.57095
1403637152.238318920 0.55337 -0.29392 0.48207 -0.04755 0.81857 0.06008 0.56927
1403637152.338319063 0.5733 -0.30667 0.49466 -0.04914 0.81972 0.05917 0.56757
1403637152.438318729 0.59509 -0.3202 0.50129 -0.04877 0.8197 0.05985 0.56756
1403637152.538319111 0.62155 -0.33374 0.50483 -0.04845 0.81966 0.06033 0.56759
1403637152.638319016 0.64667 -0.3473 0.50081 -0.04763 0.8194 0.06066 0.56801
1403637152.738318920 0.67499 -0.36122 0.49608 -0.04826 0.81797 0.05991 0.5701
1403637152.838319063 0.70375 -0.37616 0.49679 -0.05133 0.81522 0.05803 0.57394
1403637152.938318729 0.73591 -0.394 0.50846 -0.05108 0.81293 0.05869 0.57714
1403637153.038319111 0.75816 -0.41155 0.52133 -0.05003 0.81248 0.05965 0.57776
1403637153.138319016 0.78174 -0.43256 0.53597 -0.04768 0.81354 0.06053 0.57639
1403637153.238318920 0.80214 -0.45192 0.54237 -0.0453 0.815 0.06153 0.5744
1403637153.338319063 0.82279 -0.47225 0.54463 -0.0434 0.81525 0.06262 0.57408
1403637153.438318729 0.8481 -0.49267 0.54817 -0.04145 0.8163 0.0636 0.57261
1403637153.538319111 0.86625 -0.5111 0.55568 -0.03953 0.81873 0.06434 0.56919
1403637153.638319016 0.88607 -0.52778 0.56899 -0.03962 0.81993 0.06412 0.56748
1403637153.738318920 0.91836 -0.54215 0.59137 -0.03937 0.81877 0.06408 0.56918
1403637153.838319063 0.9409 -0.55602 0.61133 -0.04105 0.81637 0.0627 0.57265
1403637153.938318729 0.96644 -0.5683 0.62537 -0.03999 0.81496 0.06286 0.57471
1403637154.038319111 0.99826 -0.57878 0.63033 -0.04065 0.815 0.06202 0.5747
1403637154.138319016 1.02077 -0.59011 0.62696 -0.04527 0.819 0.05864 0.569
1403637154.238318920 1.04507 -0.60276 0.61656 -0.0581 0.82561 0.04882 0.55911
1403637154.338319063 1.07138 -0.61866 0.60214 -0.06506 0.82905 0.04321 0.5537
1403637154.438318729 1.11165 -0.63868 0.58381 -0.05913 0.82623 0.04625 0.55831
1403637154.538319111 1.1453 -0.66115 0.56389 -0.05193 0.82133 0.05006 0.56587
1403637154.638319016 1.1817 -0.68589 0.54531 -0.04187 0.82128 0.05433 0.56639
1403637154.738318920 1.22278 -0.70822 0.52558 -0.03018 0.82543 0.05691 0.56082
1403637154.838319063 1.26863 -0.73383 0.5129 -0.02094 0.82977 0.04916 0.55554
1403637154.938318729 1.31568 -0.75727 0.5037 -0.01485 0.83281 0.03937 0.55196
1403637155.038319111 1.36811 -0.77954 0.50116 -0.01003 0.83217 0.02884 0.55368
1403637155.138319016 1.42364 -0.80134 0.50861 -0.00415 0.82815 0.01475 0.5603
1403637155.238318920 1.47891 -0.81923 0.5238 0.00115 0.82381 0.00432 0.56685
1403637155.338319063 1.5372 -0.83579 0.54473 0.00487 0.81965 -0.00211 0.57283
1403637155.438318729 1.59538 -0.85231 0.56268 0.01021 0.81616 -0.01317 0.57758
1403637155.538319111 1.65037 -0.87014 0.57318 0.01691 0.81337 -0.02793 0.58083
1403637155.638319016 1.70427 -0.8881 0.57552 0.01865 0.81245 -0.04294 0.58115
1403637155.738318920 1.75469 -0.90699 0.57188 0.0208 0.81215 -0.05705 0.58029
1403637155.838319063 1.80302 -0.92992 0.56204 0.02582 0.81101 -0.07484 0.57965
1403637155.938318729 1.85015 -0.95857 0.54672 0.03823 0.81265 -0.09328 0.57397
1403637156.038319111 1.89723 -0.9918 0.52949 0.05119 0.80975 -0.11399 0.57331
1403637156.138319016 1.94129 -1.02866 0.51338 0.06257 0.80417 -0.13669 0.57508
1403637156.238318920 1.98196 -1.07061 0.49761 0.0749 0.79849 -0.16106 0.57521
1403637156.338319063 2.01719 -1.11713 0.48298 0.08889 0.79301 -0.1854 0.57347
1403637156.438318729 2.04672 -1.16813 0.46843 0.10468 0.78774 -0.20911 0.5699
1403637156.538319111 2.07109 -1.22297 0.45261 0.12111 0.78046 -0.23149 0.56801
1403637156.638319016 2.09168 -1.28185 0.43383 0.13853 0.77358 -0.25187 0.56475
1403637156.738318920 2.10767 -1.34451 0.4098 0.15638 0.76699 -0.26992 0.56073
1403637156.838319063 2.12074 -1.41003 0.37997 0.17207 0.76613 -0.28132 0.55163
1403637156.938318729 2.13258 -1.47689 0.34606 0.18327 0.76791 -0.28709 0.5425
1403637157.038319111 2.14647 -1.54474 0.30591 0.18741 0.77062 -0.29073 0.53526
1403637157.138319016 2.16409 -1.61479 0.26366 0.18466 0.77181 -0.29386 0.53278
1403637157.238318920 2.18497 -1.68818 0.2271 0.17988 0.77193 -0.29516 0.53352
1403637157.338319063 2.20275 -1.76256 0.19807 0.17382 0.77135 -0.29556 0.53615
1403637157.438318729 2.22388 -1.8466 0.17969 0.16367 0.77066 -0.29782 0.53908
1403637157.538319111 2.23876 -1.93101 0.16939 0.15526 0.77043 -0.29841 0.54156
1403637157.638319016 2.24933 -2.02299 0.16668 0.15096 0.77088 -0.29652 0.54317
1403637157.738318920 2.25981 -2.12867 0.17302 0.14783 0.77172 -0.29458 0.54388
1403637157.838319063 2.26469 -2.23475 0.18165 0.15226 0.76888 -0.28929 0.5495
1403637157.938318729 2.26656 -2.34695 0.18568 0.15812 0.76629 -0.28429 0.55406
1403637158.038319111 2.26511 -2.46581 0.18567 0.16615 0.76602 -0.27785 0.55535
1403637158.138319016 2.26005 -2.58389 0.18683 0.17158 0.76608 -0.27375 0.55564
1403637158.238318920 2.25214 -2.70027 0.19515 0.1741 0.76506 -0.27303 0.55662
1403637158.338319063 2.23849 -2.81369 0.20828 0.17819 0.76373 -0.27749 0.55494
1403637158.438318729 2.2181 -2.92199 0.22348 0.18389 0.759 -0.28922 0.55359
1403637158.538319111 2.19471 -3.03179 0.23273 0.18977 0.75136 -0.30624 0.55286
1403637158.638319016 2.16604 -3.13939 0.23562 0.19468 0.74246 -0.32797 0.55071
1403637158.738318920 2.13089 -3.24907 0.23242 0.20582 0.73338 -0.34818 0.5464
1403637158.838319063 2.09189 -3.36352 0.22316 0.21676 0.72951 -0.36323 0.53749
1403637158.938318729 2.04987 -3.47822 0.21354 0.22717 0.72835 -0.37087 0.52948
1403637159.038319111 2.00623 -3.59349 0.20958 0.23615 0.72996 -0.37425 0.52089
1403637159.138319016 1.96242 -3.71023 0.21093 0.23789 0.72873 -0.37756 0.51942
1403637159.238318920 1.91802 -3.82822 0.20783 0.2327 0.72559 -0.38228 0.52272
1403637159.338319063 1.87194 -3.94691 0.198 0.22749 0.7245 -0.38463 0.52479
1403637159.438318729 1.82127 -4.06589 0.18606 0.22555 0.72535 -0.38329 0.52545
1403637159.538319111 1.77115 -4.19283 0.16732 0.22711 0.72816 -0.37874 0.52418
1403637159.638319016 1.71646 -4.31489 0.14795 0.23154 0.73306 -0.37295 0.51954
1403637159.738318920 1.66292 -4.444 0.12932 0.23565 0.73589 -0.36764 0.51748
1403637159.838319063 1.61146 -4.57241 0.11765 0.23886 0.73604 -0.36522 0.51749
1403637159.938318729 1.55732 -4.70057 0.11068 0.24417 0.73353 -0.37161 0.51403
1403637160.038319111 1.50382 -4.82585 0.10223 0.25306 0.72583 -0.38484 0.51091
1403637160.138319016 1.44984 -4.95339 0.09232 0.26306 0.71178 -0.40194 0.51246
1403637160.238318920 1.39423 -5.07874 0.08081 0.27781 0.69856 -0.42035 0.50808
1403637160.338319063 1.33728 -5.20072 0.06471 0.29361 0.68493 -0.44076 0.5004
1403637160.438318729 1.28127 -5.31128 0.04437 0.31031 0.67067 -0.4633 0.48915
1403637160.538319111 1.21867 -5.43036 0.02054 0.32962 0.65809 -0.48489 0.47239
1403637160.638319016 1.15604 -5.54614 -0.00532 0.34773 0.64432 -0.50572 0.45628
1403637160.738318920 1.0971 -5.65941 -0.03202 0.35775 0.63471 -0.52344 0.44179
1403637160.838319063 1.0422 -5.77729 -0.05292 0.36489 0.62882 -0.53436 0.43115
1403637160.938318729 0.99486 -5.8954 -0.06561 0.36627 0.62474 -0.54309 0.42497
1403637161.038319111 0.95307 -6.01623 -0.06629 0.36212 0.62119 -0.55092 0.42364
1403637161.138319016 0.91604 -6.14171 -0.05383 0.35632 0.61499 -0.55739 0.4291
1403637161.238318920 0.87631 -6.26591 -0.03209 0.34811 0.60372 -0.56376 0.4433
1403637161.338319063 0.83295 -6.39534 -0.00327 0.34122 0.59624 -0.56754 0.45384
1403637161.438318729 0.7774 -6.53051 0.03189 0.3458 0.59799 -0.56504 0.45117
1403637161.538319111 0.71298 -6.66577 0.07012 0.35259 0.59759 -0.5667 0.44431
1403637161.638319016 0.64307 -6.79712 0.10532 0.36072 0.59231 -0.57185 0.43822
1403637161.738318920 0.56792 -6.92367 0.13722 0.37285 0.5841 -0.5737 0.43667
1403637161.838319063 0.48836 -7.05229 0.16543 0.39199 0.57376 -0.56885 0.43994
1403637161.938318729 0.40688 -7.17372 0.18856 -0.41035 -0.56205 0.56343 -0.44526
1403637162.038319111 0.32358 -7.28644 0.2059 -0.42398 -0.55266 0.55868 -0.45021
1403637162.138319016 0.24009 -7.38618 0.215 -0.42819 -0.54687 0.55863 -0.45335
1403637162.238318920 0.15443 -7.48089 0.21539 -0.41889 -0.54384 0.56616 -0.45632
1403637162.338319063 0.06528 -7.56384 0.20933 -0.40902 -0.54401 0.57264 -0.457
1403637162.438318729 -0.02683 -7.63029 0.19935 -0.39693 -0.54427 0.57976 -0.45836
1403637162.538319111 -0.12747 -7.69111 0.18636 -0.38765 -0.55476 0.58539 -0.44641
1403637162.638319016 -0.23486 -7.74318 0.18401 -0.39178 -0.55987 0.58194 -0.44091
1403637162.738318920 -0.34723 -7.79267 0.19084 -0.40362 -0.54806 0.57616 -0.45251
1403637162.838319063 -0.46491 -7.83281 0.19357 -0.41592 -0.53361 0.57866 -0.45543
1403637162.938318729 -0.58816 -7.8606 0.18931 -0.43085 -0.52061 0.58679 -0.44611
1403637163.038319111 -0.71462 -7.87396 0.17987 -0.44714 -0.5071 0.59893 -0.42917
1403637163.138319016 -0.84237 -7.87497 0.16645 -0.46525 -0.48921 0.6141 -0.40877
1403637163.238318920 -0.96986 -7.86447 0.14976 -0.48316 -0.46746 0.63063 -0.38776
1403637163.338319063 -1.09313 -7.84246 0.12928 -0.4974 -0.44384 0.64705 -0.37003
1403637163.438318729 -1.21231 -7.81033 0.10445 0.50386 0.41973 -0.66544 0.35658
1403637163.538319111 -1.32881 -7.76956 0.07684 0.50263 0.39976 -0.6843 0.34537
1403637163.638319016 -1.44529 -7.72053 0.05325 -0.49268 -0.38717 0.70366 -0.335
1403637163.738318920 -1.56515 -7.66482 0.04024 -0.48166 -0.37811 0.71878 -0.32922
1403637163.838319063 -1.69155 -7.60411 0.0389 -0.47471 -0.37179 0.72762 -0.32709
1403637163.938318729 -1.82336 -7.53673 0.0486 -0.47115 -0.3641 0.7317 -0.33175
1403637164.038319111 -1.96347 -7.46336 0.0663 -0.47279 -0.36079 0.73113 -0.33428
1403637164.138319016 -2.11337 -7.38468 0.09205 -0.47792 -0.36126 0.72701 -0.33547
1403637164.238318920 -2.27256 -7.29897 0.12217 -0.48275 -0.36572 0.72238 -0.33371
1403637164.338319063 -2.43689 -7.20627 0.15628 -0.48844 -0.37588 0.71679 -0.32612
1403637164.438318729 -2.60423 -7.11007 0.18515 -0.48655 -0.38346 0.71582 -0.32223
1403637164.538319111 -2.76868 -7.01101 0.20527 -0.47887 -0.38353 0.71811 -0.32848
1403637164.638319016 -2.93676 -6.90832 0.21702 -0.47193 -0.38376 0.7198 -0.33452
1403637164.738318920 -3.11479 -6.80154 0.22375 -0.47453 -0.3906 0.71613 -0.33077
1403637164.838319063 -3.29771 -6.69162 0.22661 -0.48707 -0.39507 0.70896 -0.32257
1403637164.938318729 -3.48115 -6.57761 0.22322 -0.49762 -0.39329 0.70697 -0.31288
1403637165.038319111 -3.66558 -6.46118 0.21451 0.50487 0.38553 -0.70997 0.30401
1403637165.138319016 -3.84957 -6.34365 0.20381 0.51588 0.37078 -0.71297 0.29675
1403637165.238318920 -4.03024 -6.22275 0.19088 0.52568 0.35497 -0.71924 0.28347
1403637165.338319063 -4.20534 -6.09694 0.18299 0.52767 0.34024 -0.73152 0.26586
1403637165.438318729 -4.37543 -5.96958 0.18395 0.52356 0.32873 -0.74535 0.24956
1403637165.538319111 -4.53923 -5.84529 0.1949 0.52307 0.32022 -0.75331 0.23742
1403637165.638319016 -4.69794 -5.72537 0.21155 0.52561 0.31698 -0.75731 0.22301
1403637165.738318920 -4.85592 -5.60926 0.22725 0.5314 0.31919 -0.75681 0.2073
1403637165.838319063 -5.01351 -5.49886 0.23851 0.5372 0.32409 -0.75448 0.19272
1403637165.938318729 -5.16288 -5.39589 0.24405 0.54044 0.33244 -0.75065 0.18422
1403637166.038319111 -5.30355 -5.30345 0.24123 0.54123 0.3451 -0.74514 0.18093
1403637166.138319016 -5.43433 -5.22203 0.22402 0.54141 0.35611 -0.74002 0.18009
1403637166.238318920 -5.553 -5.15215 0.19162 0.54224 0.36243 -0.73523 0.18453
1403637166.338319063 -5.65562 -5.09628 0.15584 0.55166 0.36148 -0.7247 0.19953
1403637166.438318729 -5.74568 -5.04685 0.12975 0.56905 0.35757 -0.70589 0.22369
1403637166.538319111 -5.80907 -5.00193 0.10552 0.57322 0.35985 -0.69758 0.23518
1403637166.638319016 -5.85287 -4.95537 0.08358 0.56148 0.36849 -0.7033 0.23305
1403637166.738318920 -5.88438 -4.90781 0.06327 0.54315 0.38177 -0.7145 0.22076
1403637166.838319063 -5.90919 -4.86288 0.04338 0.53678 0.3949 -0.71609 0.20768
1403637166.938318729 -5.92042 -4.82736 0.02242 0.54327 0.40695 -0.7078 0.19562
1403637167.038319111 -5.91297 -4.80518 0.00457 0.55643 0.41537 -0.69483 0.18727
1403637167.138319016 -5.87864 -4.79391 -0.00455 0.56892 0.42202 -0.68208 0.18163
1403637167.238318920 -5.81776 -4.79639 -0.00151 0.57871 0.42514 -0.67266 0.17856
1403637167.338319063 -5.73748 -4.80803 0.00783 0.57904 0.42469 -0.67293 0.17755
1403637167.438318729 -5.63738 -4.8347 0.01341 0.56582 0.4187 -0.68594 0.18444
1403637167.538319111 -5.51674 -4.85813 0.011 0.54489 0.40312 -0.70526 0.20785
1403637167.638319016 -5.38826 -4.90535 0.00908 0.52687 0.38649 -0.72007 0.2335
1403637167.738318920 -5.25585 -4.95498 0.00108 0.51487 0.38093 -0.72653 0.2489
1403637167.838319063 -5.1215 -5.00494 -0.01418 0.503 0.38711 -0.72906 0.25615
1403637167.938318729 -4.98869 -5.05608 -0.02892 -0.49339 -0.39915 0.72875 -0.25725
1403637168.038319111 -4.85875 -5.11067 -0.03717 -0.4935 -0.41299 0.72224 -0.25349
1403637168.138319016 -4.72996 -5.17082 -0.04426 -0.48913 -0.41793 0.7204 -0.25905
1403637168.238318920 -4.6029 -5.23448 -0.06399 -0.48823 -0.41871 0.71785 -0.26648
1403637168.338319063 -4.47765 -5.30016 -0.09995 -0.4951 -0.41942 0.711 -0.27099
1403637168.438318729 -4.35251 -5.36625 -0.14771 0.50743 0.41859 -0.70078 0.27604
1403637168.538319111 -4.22672 -5.43184 -0.20247 0.51261 0.4142 -0.69613 0.28474
1403637168.638319016 -4.09915 -5.4959 -0.25685 0.50708 0.41417 -0.69961 0.28614
1403637168.738318920 -3.97044 -5.5595 -0.30311 0.50251 0.41707 -0.70298 0.2817
1403637168.838319063 -3.84105 -5.62383 -0.34049 0.50047 0.41825 -0.70513 0.27819
1403637168.938318729 -3.71191 -5.6907 -0.37428 0.50143 0.42166 -0.70484 0.27197
1403637169.038319111 -3.58164 -5.75945 -0.41101 0.50395 0.42394 -0.70373 0.26658
1403637169.138319016 -3.44835 -5.83055 -0.44672 0.50733 0.42917 -0.69956 0.26278
1403637169.238318920 -3.30932 -5.9057 -0.47431 0.5085 0.43737 -0.69152 0.26822
1403637169.338319063 -3.16239 -5.98448 -0.49168 0.50574 0.44816 -0.68108 0.28197
1403637169.438318729 -3.00753 -6.06343 -0.50107 0.50032 0.464 -0.66797 0.29698
1403637169.538319111 -2.84683 -6.14151 -0.50343 -0.49502 -0.48353 0.65053 -0.31299
1403637169.638319016 -2.67941 -6.21798 -0.50045 -0.49064 -0.50677 0.6277 -0.32933
1403637169.738318920 -2.50448 -6.29116 -0.49692 -0.48064 -0.52874 0.6068 -0.34816
1403637169.838319063 -2.32422 -6.35912 -0.49923 -0.46866 -0.54926 0.58784 -0.36483
1403637169.938318729 -2.13944 -6.42221 -0.50884 0.46117 0.56933 -0.56726 0.37603
1403637170.038319111 -1.94818 -6.48054 -0.52541 0.45393 0.58686 -0.54802 0.38629
1403637170.138319016 -1.74912 -6.53221 -0.54841 0.4439 0.60258 -0.53078 0.39765
1403637170.238318920 -1.54282 -6.57734 -0.57599 0.43468 0.61672 -0.51232 0.41018
1403637170.338319063 -1.32851 -6.61604 -0.60792 0.42477 0.62997 -0.49296 0.42391
1403637170.438318729 -1.10598 -6.64617 -0.64313 0.40498 0.63635 -0.47759 0.4505
1403637170.538319111 -0.87929 -6.666 -0.67993 0.38371 0.63923 -0.45989 0.48234
1403637170.638319016 -0.65468 -6.67359 -0.72054 0.3655 0.64222 -0.43829 0.51172
1403637170.738318920 -0.43592 -6.66845 -0.76492 0.34971 0.64865 -0.41345 0.53481
1403637170.838319063 -0.22619 -6.64656 -0.80902 0.32692 0.66343 -0.39183 0.54722
1403637170.938318729 -0.02528 -6.61126 -0.84599 0.30333 0.68248 -0.36798 0.5539
1403637171.038319111 0.16434 -6.56234 -0.87369 0.27854 0.70048 -0.34519 0.5591
1403637171.138319016 0.3437 -6.50413 -0.89412 0.25375 0.71598 -0.32511 0.56329
1403637171.238318920 0.51057 -6.43861 -0.90427 0.23628 0.72406 -0.30879 0.5697
1403637171.338319063 0.66409 -6.36688 -0.90311 0.22876 0.72749 -0.29357 0.5764
1403637171.438318729 0.80569 -6.28896 -0.8942 0.23272 0.73151 -0.27823 0.57734
1403637171.538319111 0.93732 -6.20168 -0.87979 0.23472 0.73528 -0.27001 0.57565
1403637171.638319016 1.06506 -6.10529 -0.8676 0.23919 0.73732 -0.26518 0.57343
1403637171.738318920 1.18592 -5.9971 -0.86107 0.24439 0.73673 -0.26414 0.57248
1403637171.838319063 1.30053 -5.87655 -0.86072 0.25167 0.73495 -0.26409 0.57164
1403637171.938318729 1.40966 -5.74424 -0.86572 0.25677 0.73259 -0.2664 0.57133
1403637172.038319111 1.51612 -5.5999 -0.8757 0.26173 0.72982 -0.26908 0.57136
1403637172.138319016 1.61698 -5.44212 -0.89084 0.2618 0.72768 -0.27443 0.57152
1403637172.238318920 1.71197 -5.27162 -0.90713 0.24664 0.72923 -0.28938 0.5689
1403637172.338319063 1.79935 -5.09269 -0.91555 0.22691 0.73213 -0.30716 0.56405
1403637172.438318729 1.87735 -4.91245 -0.91212 0.21184 0.73247 -0.3215 0.56147
1403637172.538319111 1.94268 -4.73245 -0.90007 0.20076 0.73116 -0.33285 0.56063
1403637172.638319016 1.99613 -4.5569 -0.87806 0.19578 0.72965 -0.33982 0.56017
1403637172.738318920 2.03758 -4.38971 -0.84816 0.19155 0.72997 -0.3462 0.55731
1403637172.838319063 2.06485 -4.23154 -0.81367 0.18808 0.734 -0.35759 0.54589
1403637172.938318729 2.08269 -4.084 -0.78277 0.18478 0.74308 -0.37403 0.52325
1403637173.038319111 2.09615 -3.94607 -0.76661 0.18102 0.75005 -0.38971 0.50277
1403637173.138319016 2.10843 -3.8241 -0.76553 0.18208 0.75027 -0.40523 0.48962
1403637173.238318920 2.1184 -3.71945 -0.77649 0.18954 0.74221 -0.42357 0.48352
1403637173.338319063 2.12531 -3.63608 -0.78988 0.20633 0.72696 -0.44031 0.48486
1403637173.438318729 2.12919 -3.57203 -0.80406 0.22312 0.71045 -0.45724 0.48621
1403637173.538319111 2.12711 -3.52216 -0.82255 0.23803 0.69462 -0.47477 0.48523
1403637173.638319016 2.1188 -3.48439 -0.84689 0.24461 0.67815 -0.49626 0.48374
1403637173.738318920 2.10008 -3.45929 -0.87856 0.24577 0.66353 -0.51905 0.47949
1403637173.838319063 2.07146 -3.45088 -0.91647 0.24426 0.65356 -0.54187 0.46859
1403637173.938318729 2.03099 -3.46203 -0.95211 0.24769 0.65223 -0.55719 0.45032
1403637174.038319111 1.97879 -3.49096 -0.97284 0.27445 0.65484 -0.55191 0.43733
1403637174.138319016 1.91989 -3.53509 -0.97547 0.31015 0.64779 -0.53598 0.44373
1403637174.238318920 1.85888 -3.58724 -0.96496 0.33532 0.63391 -0.52237 0.46136
1403637174.338319063 1.79384 -3.64077 -0.9506 0.34189 0.6238 -0.51852 0.47447
1403637174.438318729 1.72403 -3.69382 -0.93189 0.33522 0.61576 -0.52295 0.48475
1403637174.538319111 1.64676 -3.7459 -0.90551 0.32849 0.60439 -0.53155 0.49422
1403637174.638319016 1.55804 -3.79507 -0.87336 0.33515 0.59706 -0.53892 0.49067
1403637174.738318920 1.45775 -3.84271 -0.84278 0.35758 0.58723 -0.54398 0.48102
1403637174.838319063 1.35014 -3.88568 -0.81968 0.37871 0.57616 -0.55407 0.46651
1403637174.938318729 1.23763 -3.92393 -0.8047 -0.38453 -0.56421 0.57657 -0.44874
1403637175.038319111 1.12146 -3.95724 -0.79201 -0.39241 -0.55112 0.59497 -0.43393
1403637175.138319016 1.00307 -3.98863 -0.78101 -0.40484 -0.53538 0.60389 -0.42988
1403637175.238318920 0.88088 -4.01585 -0.77317 -0.41693 -0.517 0.60791 -0.43512
1403637175.338319063 0.75462 -4.03469 -0.76876 -0.43111 -0.50291 0.6066 -0.4396
1403637175.438318729 0.62412 -4.04366 -0.76999 -0.43625 -0.49531 0.60762 -0.44175
1403637175.538319111 0.48903 -4.04156 -0.77781 -0.4273 -0.49389 0.61626 -0.44012
1403637175.638319016 0.34807 -4.02925 -0.78858 -0.4144 -0.49834 0.62538 -0.43454
1403637175.738318920 0.19882 -4.00865 -0.79244 -0.40571 -0.50249 0.63049 -0.43056
1403637175.838319063 0.04057 -3.98211 -0.78601 -0.40663 -0.50832 0.62883 -0.42525
1403637175.938318729 -0.12561 -3.95096 -0.77042 -0.41646 -0.51544 0.62124 -0.41826
1403637176.038319111 -0.29504 -3.91428 -0.74591 -0.42543 -0.51496 0.61314 -0.42175
1403637176.138319016 -0.46832 -3.87265 -0.71663 -0.43353 -0.51389 0.60472 -0.42694
1403637176.238318920 -0.64375 -3.82417 -0.69256 -0.43968 -0.51304 0.59843 -0.43053
1403637176.338319063 -0.82024 -3.76621 -0.67598 -0.44255 -0.51028 0.59861 -0.43061
1403637176.438318729 -0.99762 -3.69879 -0.66577 -0.44303 -0.51043 0.60121 -0.4263
1403637176.538319111 -1.17414 -3.62314 -0.66037 -0.44448 -0.51099 0.60747 -0.4151
1403637176.638319016 -1.34994 -3.54178 -0.65881 -0.44296 -0.50553 0.61889 -0.40644
1403637176.738318920 -1.52576 -3.45684 -0.66195 -0.44039 -0.50119 0.63009 -0.3973
1403637176.838319063 -1.70146 -3.36914 -0.66781 -0.43916 -0.49822 0.63823 -0.38932
1403637176.938318729 -1.87677 -3.2808 -0.67699 -0.43468 -0.4989 0.64644 -0.37982
1403637177.038319111 -2.05178 -3.19276 -0.6906 -0.42669 -0.50272 0.65511 -0.36883
1403637177.138319016 -2.22813 -3.10862 -0.70955 -0.41228 -0.50999 0.66663 -0.35431
1403637177.238318920 -2.40606 -3.0319 -0.73254 -0.40076 -0.51489 0.67543 -0.34361
1403637177.338319063 -2.58665 -2.96634 -0.75925 -0.39459 -0.51751 0.67988 -0.338
1403637177.438318729 -2.77032 -2.91371 -0.7886 -0.39589 -0.52245 0.67908 -0.33041
1403637177.538319111 -2.95414 -2.87468 -0.82047 -0.40328 -0.52737 0.67651 -0.31873
1403637177.638319016 -3.13745 -2.85099 -0.8475 -0.4172 -0.53264 0.6693 -0.30704
1403637177.738318920 -3.31464 -2.84567 -0.86448 -0.43283 -0.5347 0.66042 -0.30099
1403637177.838319063 -3.48555 -2.85427 -0.87556 -0.44085 -0.52665 0.6608 -0.30273
1403637177.938318729 -3.64695 -2.87449 -0.88933 -0.44617 -0.51363 0.66861 -0.30013
1403637178.038319111 -3.79916 -2.904 -0.90727 -0.45953 -0.50451 0.67363 -0.28376
1403637178.138319016 -3.93764 -2.94363 -0.92958 -0.47735 -0.49659 0.67588 -0.26213
1403637178.238318920 -4.05999 -2.99492 -0.95023 -0.49127 -0.48831 0.67807 -0.24583
1403637178.338319063 -4.16309 -3.06123 -0.96381 0.50842 0.48204 -0.67351 0.23567
1403637178.438318729 -4.24707 -3.14283 -0.97069 0.52094 0.47949 -0.66916 0.2257
1403637178.538319111 -4.30638 -3.23646 -0.97104 0.5242 0.47533 -0.67061 0.22262
1403637178.638319016 -4.34689 -3.33868 -0.96727 0.52316 0.46799 -0.6743 0.22939
1403637178.738318920 -4.37312 -3.44874 -0.9655 0.52174 0.45536 -0.67729 0.24842
1403637178.838319063 -4.39084 -3.5641 -0.96694 0.52293 0.44321 -0.6771 0.26765
1403637178.938318729 -4.40059 -3.68186 -0.97421 0.51955 0.43206 -0.6796 0.28557
1403637179.038319111 -4.40349 -3.79768 -0.98545 0.51914 0.42553 -0.679 0.29728
1403637179.138319016 -4.39878 -3.90674 -1.0035 0.51346 0.42684 -0.68232 0.29766
1403637179.238318920 -4.38806 -4.01122 -1.0231 0.50814 0.43129 -0.68483 0.29459
1403637179.338319063 -4.36903 -4.1092 -1.0296 0.50676 0.43611 -0.68473 0.29008
1403637179.438318729 -4.345 -4.20571 -1.01546 0.5053 0.43972 -0.68453 0.28764
1403637179.538319111 -4.31214 -4.29971 -0.99647 0.50408 0.43993 -0.68487 0.28867
1403637179.638319016 -4.27733 -4.39358 -0.98492 0.50504 0.43912 -0.68425 0.28965
1403637179.738318920 -4.23696 -4.48665 -0.99241 0.50898 0.43955 -0.68213 0.28711
1403637179.838319063 -4.19217 -4.58061 -1.02743 0.51777 0.44544 -0.67644 0.27555
1403637179.938318729 -4.13697 -4.67237 -1.08099 0.52905 0.45006 -0.66841 0.26605
1403637180.038319111 -4.06909 -4.7731 -1.14183 0.52759 0.44831 -0.6699 0.26812
1403637180.138319016 -3.98688 -4.86666 -1.2019 0.51881 0.44259 -0.67645 0.27816
1403637180.238318920 -3.89343 -4.97191 -1.25266 0.50923 0.43708 -0.68318 0.28794
1403637180.338319063 -3.7938 -5.07497 -1.29368 0.50187 0.43395 -0.68795 0.29417
1403637180.438318729 -3.69123 -5.17733 -1.32798 -0.48799 -0.43588 0.69769 -0.29173
1403637180.538319111 -3.58777 -5.27994 -1.35331 -0.47379 -0.43967 0.70792 -0.28472
1403637180.638319016 -3.48807 -5.3881 -1.36194 -0.47855 -0.44421 0.70504 -0.27675
1403637180.738318920 -3.38726 -5.49836 -1.36236 -0.49171 -0.4428 0.69667 -0.27714
1403637180.838319063 -3.2819 -5.61002 -1.35754 0.5026 0.44162 -0.69059 0.27469
1403637180.938318729 -3.17081 -5.72573 -1.34783 0.51359 0.44434 -0.68462 0.26474
1403637181.038319111 -3.0504 -5.84195 -1.33242 0.52199 0.4472 -0.6807 0.25334
1403637181.138319016 -2.91731 -5.95958 -1.31054 0.52135 0.44153 -0.68378 0.2563
1403637181.238318920 -2.77278 -6.07582 -1.2816 0.51637 0.42943 -0.68993 0.27009
1403637181.338319063 -2.62364 -6.18927 -1.24361 0.51695 0.41914 -0.69133 0.28131
1403637181.438318729 -2.47098 -6.29865 -1.19707 0.52308 0.41599 -0.68817 0.2824
1403637181.538319111 -2.31228 -6.40289 -1.14456 0.52198 0.41711 -0.69055 0.27694
1403637181.638319016 -2.14953 -6.50045 -1.0841 0.51798 0.41658 -0.69541 0.27305
1403637181.738318920 -1.98196 -6.5949 -1.01827 0.51478 0.41281 -0.69968 0.27394
1403637181.838319063 -1.81262 -6.68916 -0.95548 0.51453 0.40635 -0.70145 0.27948
1403637181.938318729 -1.64272 -6.78141 -0.89874 0.51385 0.40318 -0.70277 0.28199
1403637182.038319111 -1.47204 -6.87143 -0.84779 0.51564 0.40163 -0.70154 0.28399
1403637182.138319016 -1.29955 -6.95852 -0.80109 0.52024 0.39865 -0.69745 0.28981
1403637182.238318920 -1.12581 -7.03902 -0.75958 0.52097 0.3929 -0.69503 0.30193
1403637182.338319063 -0.9517 -7.11274 -0.72318 0.52047 0.38772 -0.69292 0.31408
1403637182.438318729 -0.77918 -7.17653 -0.68934 0.5225 0.38433 -0.68897 0.32342
1403637182.538319111 -0.60765 -7.22973 -0.65176 0.53149 0.38746 -0.68089 0.32215
1403637182.638319016 -0.43464 -7.26988 -0.60741 0.53578 0.3916 -0.67691 0.31839
1403637182.738318920 -0.25898 -7.29616 -0.55855 0.53402 0.39149 -0.67729 0.32069
1403637182.838319063 -0.08124 -7.31071 -0.51354 0.52939 0.38778 -0.6806 0.32582
1403637182.938318729 0.09596 -7.31211 -0.47544 0.52656 0.38289 -0.68282 0.33148
1403637183.038319111 0.27205 -7.30175 -0.44897 0.52169 0.37608 -0.68626 0.33978
1403637183.138319016 0.44508 -7.27797 -0.43959 0.5171 0.37007 -0.68906 0.34764
1403637183.238318920 0.61421 -7.23914 -0.4457 0.51317 0.3671 -0.69142 0.35191
1403637183.338319063 0.7775 -7.18577 -0.45928 0.50925 0.36507 -0.69396 0.35471
1403637183.438318729 0.93395 -7.11892 -0.47693 0.50727 0.36335 -0.69537 0.35654
1403637183.538319111 1.08159 -7.03693 -0.49744 0.50538 0.36192 -0.69661 0.35825
1403637183.638319016 1.21935 -6.94054 -0.52224 0.50302 0.35945 -0.69784 0.36165
1403637183.738318920 1.34675 -6.82962 -0.55107 -0.49886 -0.35702 0.70043 -0.36481
1403637183.838319063 1.46468 -6.70572 -0.57956 -0.48693 -0.35535 0.70801 -0.3679
1403637183.938318729 1.56567 -6.57191 -0.60078 -0.47616 -0.35285 0.71494 -0.37098
1403637184.038319111 1.64894 -6.42504 -0.61374 -0.46687 -0.35094 0.72105 -0.37276
1403637184.138319016 1.71302 -6.26541 -0.61461 -0.46469 -0.35156 0.72344 -0.37028
1403637184.238318920 1.75649 -6.09615 -0.6066 -0.46843 -0.35747 0.72257 -0.36149
1403637184.338319063 1.78554 -5.92028 -0.60691 -0.47689 -0.37134 0.71923 -0.34263
1403637184.438318729 1.8076 -5.74034 -0.62181 -0.48018 -0.38489 0.71841 -0.32431
1403637184.538319111 1.82472 -5.55934 -0.64472 -0.47563 -0.39467 0.72157 -0.31201
1403637184.638319016 1.83803 -5.37986 -0.67245 -0.46782 -0.4023 0.72648 -0.30253
1403637184.738318920 1.84722 -5.20375 -0.70056 -0.45965 -0.4069 0.73133 -0.29718
1403637184.838319063 1.85191 -5.03435 -0.72436 -0.45438 -0.41056 0.73439 -0.29267
1403637184.938318729 1.84884 -4.87278 -0.73733 -0.45242 -0.41365 0.73541 -0.28877
1403637185.038319111 1.83596 -4.72221 -0.74166 -0.4493 -0.41565 0.73719 -0.28622
1403637185.138319016 1.81363 -4.58165 -0.73732 -0.44695 -0.41548 0.73892 -0.28567
1403637185.238318920 1.78353 -4.44891 -0.72514 -0.44602 -0.41691 0.7396 -0.28328
1403637185.338319063 1.7474 -4.32073 -0.70829 -0.44323 -0.4209 0.7413 -0.27725
1403637185.438318729 1.70674 -4.19337 -0.68353 -0.44139 -0.42709 0.74228 -0.26793
1403637185.538319111 1.66074 -4.07111 -0.653 -0.4437 -0.42974 0.74084 -0.26384
1403637185.638319016 1.60945 -3.95139 -0.61872 -0.45312 -0.42554 0.73526 -0.27018
1403637185.738318920 1.54595 -3.86753 -0.5786 -0.46782 -0.4196 0.72632 -0.27846
1403637185.838319063 1.48116 -3.79697 -0.54459 -0.47855 -0.41904 0.7196 -0.2785
1403637185.938318729 1.41632 -3.73324 -0.51768 -0.48553 -0.41786 0.71515 -0.27965
1403637186.038319111 1.35236 -3.67481 -0.49678 -0.49124 -0.41478 0.71122 -0.28426
1403637186.138319016 1.29018 -3.61992 -0.47507 -0.49454 -0.41317 0.70887 -0.28675
1403637186.238318920 1.23028 -3.56825 -0.44726 -0.49457 -0.41323 0.70877 -0.28684
1403637186.338319063 1.16952 -3.52649 -0.41083 -0.4967 -0.41314 0.70719 -0.28719
1403637186.438318729 1.11282 -3.47827 -0.36391 -0.49723 -0.40984 0.70707 -0.29128
1403637186.538319111 1.05736 -3.44224 -0.31431 -0.49579 -0.40457 0.70846 -0.29765
1403637186.638319016 1.00266 -3.40413 -0.26491 -0.49525 -0.40206 0.70942 -0.29968
1403637186.738318920 0.94916 -3.3569 -0.21991 -0.49004 -0.39992 0.71373 -0.30084
1403637186.838319063 0.89416 -3.3131 -0.18635 -0.47957 -0.39473 0.72116 -0.30681
1403637186.938318729 0.83722 -3.26534 -0.15877 -0.46976 -0.38689 0.72767 -0.31644
1403637187.038319111 0.77132 -3.21647 -0.1381 -0.46525 -0.38048 0.73038 -0.32453
1403637187.138319016 0.69889 -3.16392 -0.12409 -0.46932 -0.37874 0.72765 -0.32683
1403637187.238318920 0.61648 -3.10686 -0.11477 -0.47407 -0.38069 0.72724 -0.31853
1403637187.338319063 0.5288 -3.04823 -0.11366 -0.47269 -0.38603 0.73284 -0.30083
1403637187.438318729 0.43597 -2.9897 -0.11283 -0.47251 -0.39203 0.73643 -0.2841
1403637187.538319111 0.33913 -2.9357 -0.11443 -0.47083 -0.39369 0.74016 -0.27475
1403637187.638319016 0.23931 -2.88614 -0.11833 -0.4691 -0.39239 0.74329 -0.27112
1403637187.738318920 0.13537 -2.84142 -0.12473 -0.46682 -0.38976 0.7462 -0.27083
1403637187.838319063 0.02661 -2.80348 -0.13367 -0.46404 -0.38859 0.74886 -0.26995
1403637187.938318729 -0.08795 -2.77373 -0.14425 -0.46492 -0.39077 0.74879 -0.26545
1403637188.038319111 -0.2078 -2.75284 -0.1579 -0.46971 -0.39228 0.74594 -0.2628
1403637188.138319016 -0.33037 -2.73886 -0.17524 -0.47579 -0.39366 0.74204 -0.26082
1403637188.238318920 -0.45497 -2.73045 -0.19309 -0.49009 -0.39728 0.73258 -0.25555
1403637188.338319063 -0.57802 -2.7286 -0.2151 -0.49934 -0.39669 0.72651 -0.25588
1403637188.438318729 -0.69745 -2.73157 -0.24051 0.50578 0.39171 -0.72239 0.26248
1403637188.538319111 -0.81351 -2.73634 -0.26984 0.51077 0.38434 -0.72108 0.26729
1403637188.638319016 -0.92664 -2.74239 -0.30297 0.5126 0.3722 -0.72504 0.27024
1403637188.738318920 -1.03823 -2.74654 -0.33956 0.51245 0.35305 -0.73286 0.27507
1403637188.838319063 -1.15072 -2.74807 -0.37979 0.51064 0.33231 -0.74298 0.27713
1403637188.938318729 -1.26605 -2.74457 -0.41696 0.51064 0.31912 -0.7505 0.27232
1403637189.038319111 -1.38348 -2.73457 -0.44708 0.51122 0.31778 -0.75588 0.25752
1403637189.138319016 -1.50258 -2.72237 -0.46897 0.50669 0.32069 -0.76288 0.24176
1403637189.238318920 -1.62373 -2.71189 -0.49148 -0.49917 -0.32028 0.77029 -0.2343
1403637189.338319063 -1.74835 -2.70425 -0.52502 -0.49713 -0.3144 0.77261 -0.23893
1403637189.438318729 -1.87589 -2.6973 -0.56512 0.50728 0.30968 -0.7658 0.24562
1403637189.538319111 -2.00328 -2.69021 -0.60222 0.51687 0.30991 -0.75876 0.24715
1403637189.638319016 -2.13456 -2.68365 -0.63017 0.52331 0.31424 -0.75357 0.24397
1403637189.738318920 -2.26351 -2.67237 -0.6486 0.52533 0.31842 -0.75119 0.24156
1403637189.838319063 -2.39052 -2.65779 -0.66028 0.52313 0.32239 -0.75208 0.23827
1403637189.938318729 -2.51653 -2.64124 -0.66049 0.52483 0.32232 -0.75049 0.23965
1403637190.038319111 -2.64021 -2.62189 -0.65511 0.52856 0.32245 -0.74794 0.23925
1403637190.138319016 -2.76236 -2.60135 -0.64449 0.53151 0.32184 -0.74618 0.239
1403637190.238318920 -2.8833 -2.58255 -0.62891 0.53326 0.32017 -0.7453 0.24011
1403637190.338319063 -3.00025 -2.56285 -0.60887 0.53421 0.31891 -0.74523 0.23989
1403637190.438318729 -3.11004 -2.54276 -0.58178 0.5334 0.31628 -0.74633 0.24175
1403637190.538319111 -3.21429 -2.52081 -0.55278 0.53511 0.31584 -0.74594 0.23973
1403637190.638319016 -3.31304 -2.49878 -0.52837 0.53783 0.32103 -0.74356 0.23407
1403637190.738318920 -3.40625 -2.47712 -0.50991 0.53612 0.33057 -0.74011 0.23567
1403637190.838319063 -3.49645 -2.45592 -0.49716 0.53156 0.33776 -0.737 0.24532
1403637190.938318729 -3.58472 -2.43231 -0.49195 0.52733 0.34229 -0.73427 0.25613
1403637191.038319111 -3.67047 -2.40842 -0.48872 0.525 0.34638 -0.73144 0.26341
1403637191.138319016 -3.75372 -2.38058 -0.49396 0.52411 0.34933 -0.72889 0.26833
1403637191.238318920 -3.83815 -2.35076 -0.49884 0.52428 0.35216 -0.727 0.26941
1403637191.338319063 -3.91635 -2.319 -0.51383 0.52494 0.35426 -0.72549 0.26945
1403637191.438318729 -3.99313 -2.28461 -0.52876 0.52769 0.3568 -0.72334 0.26649
1403637191.538319111 -4.06858 -2.24604 -0.53117 0.52943 0.35796 -0.72256 0.26358
1403637191.638319016 -4.13366 -2.20918 -0.53093 0.52811 0.36147 -0.72464 0.25562
1403637191.738318920 -4.19294 -2.16938 -0.51865 0.52067 0.36366 -0.73121 0.24896
1403637191.838319063 -4.24651 -2.13229 -0.50084 0.51824 0.36765 -0.73394 0.23997
1403637191.938318729 -4.29675 -2.10001 -0.47649 0.52228 0.37376 -0.7317 0.22834
1403637192.038319111 -4.34134 -2.07323 -0.44546 0.52197 0.37674 -0.73259 0.22121
1403637192.138319016 -4.38157 -2.05044 -0.41036 0.51351 0.37668 -0.73936 0.21853
1403637192.238318920 -4.41914 -2.03867 -0.36812 0.51 0.37861 -0.74213 0.21399
1403637192.338319063 -4.45361 -2.03038 -0.32031 0.5136 0.38379 -0.73934 0.20567
1403637192.438318729 -4.48016 -2.0387 -0.27488 0.51505 0.3827 -0.73867 0.20645
1403637192.538319111 -4.50204 -2.04951 -0.23752 0.50542 0.37565 -0.74635 0.2154
1403637192.638319016 -4.52086 -2.07588 -0.20608 -0.49582 -0.36994 0.75346 -0.22273
1403637192.738318920 -4.54086 -2.10639 -0.18062 -0.49163 -0.36744 0.75636 -0.22627
1403637192.838319063 -4.56243 -2.14702 -0.15873 -0.49376 -0.36702 0.7546 -0.22821
1403637192.938318729 -4.58713 -2.1917 -0.13333 -0.49974 -0.36579 0.75009 -0.23199
1403637193.038319111 -4.61137 -2.24437 -0.10062 0.50277 0.36433 -0.7475 0.23608
1403637193.138319016 -4.63595 -2.29849 -0.06334 -0.49212 -0.3566 0.75466 -0.24726
1403637193.238318920 -4.66455 -2.35746 -0.02259 -0.47747 -0.34772 0.76411 -0.25932
1403637193.338319063 -4.70195 -2.41819 0.01024 -0.47807 -0.3486 0.76396 -0.25749
1403637193.438318729 -4.747 -2.48112 0.0292 -0.49108 -0.35458 0.7557 -0.24906
1403637193.538319111 -4.79417 -2.54668 0.0459 0.50105 0.36071 -0.74876 0.24125
1403637193.638319016 -4.84281 -2.6164 0.06136 0.50525 0.36551 -0.74541 0.23555
1403637193.738318920 -4.8938 -2.69328 0.08317 0.50734 0.36898 -0.74355 0.2315
1403637193.838319063 -4.94287 -2.7749 0.11553 0.5081 0.37105 -0.74274 0.22913
1403637193.938318729 -4.9888 -2.86197 0.14472 0.50948 0.36998 -0.74186 0.2306
1403637194.038319111 -5.03318 -2.95241 0.16692 0.51596 0.36744 -0.73743 0.23445
1403637194.138319016 -5.07334 -3.04412 0.17091 0.51967 0.36539 -0.73516 0.23661
1403637194.238318920 -5.11076 -3.1378 0.16681 0.51751 0.36437 -0.73687 0.23757
1403637194.338319063 -5.14416 -3.23192 0.16469 0.51493 0.36431 -0.739 0.23667
1403637194.438318729 -5.17574 -3.32961 0.16874 0.51306 0.36547 -0.74032 0.2348
1403637194.538319111 -5.20576 -3.43251 0.18124 0.51144 0.36451 -0.74166 0.23559
1403637194.638319016 -5.23369 -3.53751 0.20039 0.51059 0.36457 -0.74258 0.23444
1403637194.738318920 -5.25872 -3.64461 0.22543 0.50549 0.36534 -0.74661 0.23146
1403637194.838319063 -5.28481 -3.75669 0.24835 0.50212 0.36492 -0.74953 0.23004
1403637194.938318729 -5.30846 -3.87029 0.26836 0.50233 0.3629 -0.74976 0.23198
1403637195.038319111 -5.33413 -3.99001 0.28084 0.51023 0.35953 -0.74483 0.23588
1403637195.138319016 -5.35561 -4.10786 0.28976 0.51825 0.35645 -0.73965 0.23931
1403637195.238318920 -5.37611 -4.22612 0.29177 0.52458 0.35422 -0.73526 0.24235
1403637195.338319063 -5.39532 -4.3443 0.28665 0.52824 0.35266 -0.73255 0.24489
1403637195.438318729 -5.41098 -4.45967 0.27874 0.5292 0.35356 -0.73079 0.24675
1403637195.538319111 -5.42349 -4.57717 0.27662 0.5247 0.35899 -0.72979 0.25144
1403637195.638319016 -5.43055 -4.69113 0.28476 0.52269 0.36509 -0.72677 0.25556
1403637195.738318920 -5.43557 -4.80237 0.29912 0.52294 0.36965 -0.72304 0.25906
1403637195.838319063 -5.43671 -4.91015 0.31656 0.52513 0.37669 -0.7188 0.25627
1403637195.938318729 -5.43402 -5.01715 0.33596 0.52876 0.38514 -0.71431 0.24867
1403637196.038319111 -5.42484 -5.12391 0.34968 0.53603 0.39388 -0.70751 0.23865
1403637196.138319016 -5.40569 -5.23258 0.3601 0.54935 0.39901 -0.69656 0.23198
1403637196.238318920 -5.37526 -5.34258 0.3627 0.56459 0.40074 -0.68414 0.22936
1403637196.338319063 -5.32949 -5.45194 0.36004 0.57661 0.40103 -0.67446 0.22761
1403637196.438318729 -5.26491 -5.55893 0.35153 0.58361 0.40043 -0.66929 0.22608
1403637196.538319111 -5.18071 -5.66483 0.33771 0.58302 0.39795 -0.67075 0.22764
1403637196.638319016 -5.07779 -5.77121 0.3197 0.57972 0.39398 -0.67459 0.23159
1403637196.738318920 -4.9572 -5.87426 0.2975 0.57585 0.38907 -0.67881 0.23715
1403637196.838319063 -4.8213 -5.97285 0.26976 0.57291 0.3861 -0.68219 0.23944
1403637196.938318729 -4.67026 -6.06412 0.23923 0.5751 0.38359 -0.68129 0.24076
1403637197.038319111 -4.50367 -6.15101 0.20777 0.56776 0.37721 -0.68624 0.25385
1403637197.138319016 -4.32424 -6.23349 0.18231 0.55726 0.37954 -0.689 0.26588
1403637197.238318920 -4.13403 -6.30818 0.16268 0.54405 0.39016 -0.68849 0.27886
1403637197.338319063 -3.93635 -6.3769 0.15184 0.52635 0.40787 -0.68596 0.29335
1403637197.438318729 -3.73462 -6.44019 0.14957 0.50914 0.4307 -0.67683 0.31173
1403637197.538319111 -3.53058 -6.49527 0.15442 -0.49266 -0.46299 0.66101 -0.32557
1403637197.638319016 -3.32395 -6.54693 0.16522 -0.47599 -0.49854 0.63954 -0.34043
1403637197.738318920 -3.11648 -6.596 0.18392 -0.46139 -0.52996 0.61451 -0.35868
1403637197.838319063 -2.90746 -6.63949 0.21047 -0.45286 -0.559 0.58458 -0.37511
1403637197.938318729 -2.69492 -6.67727 0.24453 0.4426 0.5845 -0.55752 0.38941
1403637198.038319111 -2.47793 -6.70933 0.28422 0.43152 0.60527 -0.53372 0.40321
1403637198.138319016 -2.25543 -6.73559 0.33052 0.41942 0.62246 -0.51269 0.41686
1403637198.238318920 -2.02726 -6.75575 0.38343 0.40529 0.63894 -0.49426 0.42803
1403637198.338319063 -1.79434 -6.76926 0.4418 0.3964 0.65342 -0.47236 0.43907
1403637198.438318729 -1.55706 -6.77882 0.49756 0.3942 0.66455 -0.44981 0.44795
1403637198.538319111 -1.31659 -6.78298 0.54294 0.39543 0.67122 -0.43387 0.45261
1403637198.638319016 -1.07169 -6.78109 0.57314 0.39892 0.67502 -0.42293 0.45426
1403637198.738318920 -0.82171 -6.77097 0.58471 0.39743 0.67579 -0.41986 0.45724
1403637198.838319063 -0.56472 -6.74982 0.57845 0.39817 0.67164 -0.41781 0.46454
1403637198.938318729 -0.29906 -6.71982 0.56082 0.39624 0.66213 -0.41983 0.47783
1403637199.038319111 -0.02487 -6.67588 0.54478 0.38707 0.65343 -0.42281 0.4944
1403637199.138319016 0.25087 -6.61673 0.53408 0.37174 0.65501 -0.42481 0.50231
1403637199.238318920 0.5237 -6.54087 0.53011 0.3564 0.66258 -0.42026 0.50729
1403637199.338319063 0.78977 -6.44981 0.535 0.34615 0.6714 -0.40613 0.51425
1403637199.438318729 1.04848 -6.34353 0.54614 0.33522 0.6819 -0.38672 0.52258
1403637199.538319111 1.29904 -6.22464 0.55639 0.32176 0.69281 -0.36593 0.53158
1403637199.638319016 1.54424 -6.09411 0.55954 0.30474 0.70041 -0.34692 0.54425
1403637199.738318920 1.78532 -5.95567 0.55365 0.28251 0.70573 -0.32926 0.56011
1403637199.838319063 2.01913 -5.80812 0.53272 0.25176 0.70874 -0.31228 0.58034
1403637199.938318729 2.24659 -5.65622 0.48933 0.21723 0.70852 -0.29324 0.604
1403637200.038319111 2.45831 -5.50034 0.43637 0.18451 0.70501 -0.26819 0.63007
1403637200.138319016 2.64464 -5.34034 0.37979 0.15914 0.70553 -0.23539 0.64923
1403637200.238318920 2.80069 -5.1768 0.31775 0.13877 0.71836 -0.20307 0.65075
1403637200.338319063 2.92916 -5.01272 0.25286 0.13476 0.74131 -0.17094 0.63488
1403637200.438318729 3.03431 -4.84654 0.19345 0.12701 0.76485 -0.15213 0.61297
1403637200.538319111 3.12313 -4.67931 0.14332 0.1156 0.78095 -0.14518 0.59638
1403637200.638319016 3.20209 -4.51128 0.10353 0.10171 0.78556 -0.14712 0.59238
1403637200.738318920 3.27196 -4.34476 0.0725 0.09466 0.78751 -0.15123 0.58991
1403637200.838319063 3.33255 -4.18126 0.04833 0.0892 0.78378 -0.16158 0.59299
1403637200.938318729 3.38376 -4.02342 0.03213 0.09198 0.78082 -0.17081 0.59387
1403637201.038319111 3.42583 -3.86931 0.02299 0.0986 0.77933 -0.17809 0.59262
1403637201.138319016 3.46164 -3.72121 0.02376 0.10594 0.77918 -0.18437 0.58962
1403637201.238318920 3.48337 -3.5751 0.0302 0.10704 0.77862 -0.19282 0.58746
1403637201.338319063 3.5043 -3.43399 0.04254 0.09807 0.7752 -0.21175 0.58703
1403637201.438318729 3.50765 -3.2982 0.04724 0.08724 0.77352 -0.23583 0.58176
1403637201.538319111 3.50477 -3.17383 0.04511 0.07952 0.77161 -0.25993 0.57509
1403637201.638319016 3.49443 -3.06513 0.03908 0.07507 0.76797 -0.27766 0.57227
1403637201.738318920 3.47433 -2.97379 0.03022 0.08148 0.76296 -0.2845 0.57472
1403637201.838319063 3.44337 -2.90081 0.01988 0.09437 0.7601 -0.28293 0.57731
1403637201.938318729 3.40243 -2.84675 0.01555 0.10162 0.75913 -0.28133 0.57814
1403637202.038319111 3.34918 -2.80602 0.01396 0.09574 0.762 -0.28483 0.57364
1403637202.138319016 3.28596 -2.78385 0.01968 0.0859 0.76965 -0.28828 0.56317
1403637202.238318920 3.21425 -2.77769 0.0305 0.09401 0.78117 -0.28013 0.54997
1403637202.338319063 3.13862 -2.7857 0.03731 0.11125 0.79295 -0.26568 0.5369
1403637202.438318729 3.06619 -2.80341 0.03945 0.12365 0.79864 -0.2553 0.53076
1403637202.538319111 2.99861 -2.83015 0.04167 0.12981 0.79653 -0.24996 0.53499
1403637202.638319016 2.93608 -2.8659 0.0495 0.13331 0.7907 -0.24667 0.54422
1403637202.738318920 2.87399 -2.90549 0.06571 0.1386 0.78635 -0.24201 0.55125
1403637202.838319063 2.81401 -2.95033 0.08589 0.14859 0.78594 -0.23477 0.55237
1403637202.938318729 2.75691 -2.99608 0.102 0.1579 0.78685 -0.22848 0.55112
1403637203.038319111 2.7019 -3.04043 0.11223 0.16319 0.7874 -0.22542 0.55006
1403637203.138319016 2.65146 -3.08393 0.11825 0.16235 0.78658 -0.22677 0.55092
1403637203.238318920 2.59876 -3.12208 0.12044 0.16501 0.7864 -0.2258 0.55078
1403637203.338319063 2.55579 -3.16277 0.11811 0.1665 0.78602 -0.22558 0.55096
1403637203.438318729 2.50769 -3.19679 0.11311 0.1668 0.78606 -0.22623 0.55055
1403637203.538319111 2.47217 -3.23437 0.10192 0.16778 0.78571 -0.22627 0.55074
1403637203.638319016 2.43051 -3.26399 0.08872 0.1716 0.78553 -0.2247 0.55046
1403637203.738318920 2.39345 -3.2903 0.07146 0.1716 0.78441 -0.22578 0.55161
1403637203.838319063 2.36722 -3.31845 0.04991 0.17143 0.78404 -0.22688 0.55174
1403637203.938318729 2.33391 -3.33899 0.02641 0.17239 0.78339 -0.2268 0.5524
1403637204.038319111 2.3029 -3.35651 -0.00016 0.1736 0.78365 -0.22667 0.5517
1403637204.138319016 2.27858 -3.37323 -0.02279 0.17346 0.78342 -0.22731 0.55181
1403637204.238318920 2.25162 -3.38366 -0.03576 0.17397 0.78356 -0.22758 0.55134
1403637204.338319063 2.22505 -3.39091 -0.04182 0.17185 0.78359 -0.22965 0.5511
1403637204.438318729 2.20058 -3.39778 -0.04136 0.17084 0.78074 -0.2319 0.55451
1403637204.538319111 2.17652 -3.39996 -0.03118 0.16951 0.77677 -0.23474 0.55928
1403637204.638319016 2.15159 -3.4 -0.01422 0.16959 0.77695 -0.2376 0.55779
1403637204.738318920 2.12679 -3.4002 0.00614 0.17179 0.77784 -0.23874 0.55539
1403637204.838319063 2.10269 -3.39566 0.02159 0.17193 0.77935 -0.24116 0.55218
1403637204.938318729 2.07779 -3.38987 0.02963 0.17299 0.78078 -0.24193 0.54948
1403637205.038319111 2.05269 -3.38348 0.03219 0.17178 0.78436 -0.24347 0.54405
1403637205.138319016 2.03189 -3.37602 0.02955 0.17137 0.7857 -0.24389 0.54206
1403637205.238318920 2.0111 -3.3695 0.02208 0.17059 0.78676 -0.2421 0.54157
1403637205.338319063 1.99596 -3.36136 0.01255 0.16753 0.78833 -0.23612 0.54288
1403637205.438318729 1.98326 -3.35382 0.00859 0.1653 0.78961 -0.22899 0.54476
1403637205.538319111 1.97178 -3.34548 0.01168 0.1632 0.7882 -0.22196 0.55031
1403637205.638319016 1.96344 -3.33399 0.01389 0.16158 0.78755 -0.21696 0.55371
1403637205.738318920 1.95481 -3.32187 0.0096 0.15956 0.78819 -0.21437 0.55438
1403637205.838319063 1.94837 -3.30659 -0.00153 0.15901 0.78867 -0.21258 0.55455
1403637205.938318729 1.94426 -3.28953 -0.01604 0.15771 0.78863 -0.21232 0.55508
1403637206.038319111 1.9395 -3.27003 -0.02847 0.15684 0.78822 -0.2118 0.55611
1403637206.138319016 1.93519 -3.24871 -0.0342 0.15238 0.78763 -0.2141 0.5573
1403637206.238318920 1.9327 -3.22666 -0.03151 0.146 0.78663 -0.21773 0.55901
1403637206.338319063 1.93286 -3.20599 -0.01977 0.143 0.7851 -0.22015 0.56098
1403637206.438318729 1.92963 -3.18538 -0.00255 0.14298 0.78511 -0.22035 0.56089
1403637206.538319111 1.92585 -3.16613 0.01669 0.14368 0.78468 -0.22049 0.56126
1403637206.638319016 1.92322 -3.14745 0.03258 0.14602 0.78479 -0.21978 0.56079
1403637206.738318920 1.91591 -3.12895 0.03994 0.14863 0.78456 -0.21903 0.56071
1403637206.838319063 1.90825 -3.10996 0.0435 0.15054 0.78395 -0.21868 0.5612
1403637206.938318729 1.8991 -3.08996 0.04976 0.15142 0.78215 -0.2187 0.56346
1403637207.038319111 1.88905 -3.06909 0.06072 0.15233 0.78146 -0.2195 0.56385
1403637207.138319016 1.87732 -3.04683 0.07422 0.15289 0.78069 -0.22084 0.56426
1403637207.238318920 1.86342 -3.02357 0.08072 0.15354 0.77931 -0.22207 0.56549
1403637207.338319063 1.84679 -2.99717 0.07874 0.15367 0.77945 -0.22365 0.56465
1403637207.438318729 1.83062 -2.9748 0.07058 0.15471 0.77922 -0.2241 0.5645
1403637207.538319111 1.81135 -2.95007 0.05696 0.15375 0.78023 -0.22609 0.56256
1403637207.638319016 1.79004 -2.92427 0.04072 0.14486 0.78459 -0.23324 0.5559
1403637207.738318920 1.76704 -2.90126 0.03143 0.1398 0.78822 -0.23732 0.55032
1403637207.838319063 1.74178 -2.87995 0.0332 0.14349 0.78793 -0.23545 0.55058
1403637207.938318729 1.71745 -2.86125 0.04579 0.14961 0.78678 -0.23198 0.55207
1403637208.038319111 1.6954 -2.84624 0.06657 0.15413 0.78598 -0.22942 0.55303
1403637208.138319016 1.67424 -2.8326 0.09407 0.15703 0.78622 -0.22804 0.55245
1403637208.238318920 1.65451 -2.81916 0.12759 0.15898 0.78621 -0.22774 0.55203
1403637208.338319063 1.63535 -2.80528 0.1532 0.15189 0.78382 -0.23401 0.5548
1403637208.438318729 1.61662 -2.79432 0.17327 0.14952 0.78169 -0.23716 0.5571
1403637208.538319111 1.59704 -2.78484 0.18586 0.15161 0.78088 -0.23666 0.55788
1403637208.638319016 1.57837 -2.77891 0.19539 0.15621 0.78124 -0.23424 0.55714
1403637208.738318920 1.55585 -2.76796 0.19689 0.15995 0.78065 -0.23211 0.55778
1403637208.838319063 1.53327 -2.75828 0.19315 0.1616 0.78003 -0.23109 0.5586
1403637208.938318729 1.51001 -2.74798 0.18369 0.16766 0.78144 -0.22701 0.55652
1403637209.038319111 1.49058 -2.73953 0.16896 0.17866 0.78382 -0.21988 0.5526
1403637209.138319016 1.46919 -2.72175 0.14947 0.18413 0.78541 -0.21191 0.55165
1403637209.238318920 1.45585 -2.70272 0.13359 0.16938 0.78871 -0.20807 0.55314
1403637209.338319063 1.43948 -2.67386 0.12639 0.15184 0.79487 -0.20227 0.55156
1403637209.438318729 1.42802 -2.6476 0.12553 0.14062 0.8018 -0.19565 0.54687
1403637209.538319111 1.41896 -2.62068 0.13163 0.13235 0.81235 -0.18971 0.53534
1403637209.638319016 1.41756 -2.59548 0.14462 0.12554 0.82358 -0.1856 0.52107
1403637209.738318920 1.42653 -2.57403 0.16417 0.12024 0.83014 -0.18337 0.51262
1403637209.838319063 1.44955 -2.55835 0.18677 0.11817 0.83346 -0.18232 0.50807
1403637209.938318729 1.48386 -2.54549 0.20401 0.11479 0.83684 -0.18407 0.50264
1403637210.038319111 1.52553 -2.53622 0.20449 0.11327 0.84274 -0.18478 0.49276
1403637210.138319016 1.57907 -2.53001 0.1896 0.11103 0.84835 -0.18707 0.48267
1403637210.238318920 1.64691 -2.52838 0.16413 0.10885 0.8539 -0.18912 0.47248
1403637210.338319063 1.73338 -2.53387 0.13577 0.10766 0.85715 -0.19011 0.46644
1403637210.438318729 1.84008 -2.54738 0.10766 0.10755 0.85727 -0.19018 0.46621
1403637210.538319111 1.96741 -2.57083 0.08241 0.11079 0.85055 -0.18745 0.4787
1403637210.638319016 2.11042 -2.59886 0.05643 0.1113 0.843 -0.18646 0.49214
1403637210.738318920 2.26558 -2.63207 0.02738 0.11086 0.83803 -0.1855 0.501
1403637210.838319063 2.4313 -2.66999 -0.00519 0.10301 0.83308 -0.18989 0.50923
1403637210.938318729 2.60436 -2.71307 -0.04032 0.09498 0.82577 -0.19544 0.52047
1403637211.038319111 2.78327 -2.76285 -0.07819 0.09138 0.81628 -0.19876 0.53464
1403637211.138319016 2.96267 -2.8195 -0.11984 0.09115 0.80969 -0.20065 0.5439
1403637211.238318920 3.14268 -2.8826 -0.16316 0.10111 0.80592 -0.19614 0.54937
1403637211.338319063 3.32199 -2.94957 -0.20878 0.11153 0.79987 -0.1927 0.55734
1403637211.438318729 3.49846 -3.01813 -0.25818 0.1171 0.79555 -0.1916 0.56274
1403637211.538319111 3.67098 -3.0872 -0.3109 0.11697 0.79569 -0.19303 0.56208
1403637211.638319016 3.83888 -3.15672 -0.35999 0.11478 0.79866 -0.19511 0.55759
1403637211.738318920 4.00425 -3.22794 -0.40174 0.10886 0.80243 -0.19907 0.55192
1403637211.838319063 4.16584 -3.30129 -0.43474 0.09796 0.80694 -0.20623 0.54472
1403637211.938318729 4.32498 -3.38022 -0.45776 0.09688 0.80956 -0.20746 0.54054
1403637212.038319111 4.4841 -3.46591 -0.4715 0.10531 0.8071 -0.20243 0.54453
1403637212.138319016 4.64304 -3.55542 -0.4772 0.11402 0.79859 -0.19706 0.55716
1403637212.238318920 4.7993 -3.64464 -0.47818 0.12044 0.79151 -0.19396 0.56691
1403637212.338319063 4.95164 -3.7323 -0.47447 0.12392 0.7879 -0.19266 0.57161
1403637212.438318729 5.09832 -3.81762 -0.46401 0.12662 0.78633 -0.19293 0.57309
1403637212.538319111 5.23812 -3.89939 -0.44866 0.12725 0.7899 -0.1945 0.56748
1403637212.638319016 5.3735 -3.97906 -0.43059 0.12673 0.79535 -0.19718 0.55901
1403637212.738318920 5.50633 -4.05983 -0.41057 0.12717 0.79993 -0.19763 0.55216
1403637212.838319063 5.64354 -4.14056 -0.38883 0.12925 0.80268 -0.19653 0.54806
1403637212.938318729 5.77699 -4.22115 -0.36412 0.13278 0.80377 -0.19354 0.54669
1403637213.038319111 5.91773 -4.30192 -0.33873 0.13364 0.80468 -0.19114 0.54598
1403637213.138319016 6.05477 -4.37969 -0.31532 0.12927 0.80503 -0.19182 0.54628
1403637213.238318920 6.19715 -4.45956 -0.29926 0.12565 0.80482 -0.19218 0.5473
1403637213.338319063 6.33456 -4.53697 -0.28821 0.12441 0.80415 -0.19195 0.54865
1403637213.438318729 6.47435 -4.61525 -0.28253 0.1254 0.80212 -0.19071 0.55183
1403637213.538319111 6.61057 -4.69061 -0.28135 0.12784 0.80027 -0.18899 0.55453
1403637213.638319016 6.74499 -4.76462 -0.28414 0.13919 0.80026 -0.18095 0.5545
1403637213.738318920 6.87808 -4.83492 -0.29303 0.14771 0.80242 -0.17444 0.55126
1403637213.838319063 7.01206 -4.90047 -0.30779 0.15074 0.80499 -0.17105 0.54772
1403637213.938318729 7.14875 -4.96031 -0.32587 0.15199 0.80641 -0.1692 0.54587
1403637214.038319111 7.29269 -5.01792 -0.33906 0.15116 0.80329 -0.16605 0.55163
1403637214.138319016 7.4353 -5.06333 -0.34763 0.13985 0.79958 -0.16354 0.56068
1403637214.238318920 7.58441 -5.10897 -0.34694 0.12754 0.79744 -0.15608 0.56873
1403637214.338319063 7.73078 -5.14838 -0.33929 0.11806 0.7959 -0.14054 0.57693
1403637214.438318729 7.86965 -5.17898 -0.32715 0.11296 0.79561 -0.11495 0.58398
1403637214.538319111 8.00167 -5.20118 -0.30995 0.10791 0.79653 -0.0849 0.5888
1403637214.638319016 8.12893 -5.2146 -0.28832 0.10624 0.79615 -0.05653 0.59302
1403637214.738318920 8.25112 -5.21585 -0.26269 0.1079 0.79453 -0.03316 0.59664
1403637214.838319063 8.36727 -5.20203 -0.23356 0.10531 0.79313 -0.01994 0.59955
1403637214.938318729 8.47546 -5.17149 -0.20602 0.10139 0.79289 -0.01429 0.6007
1403637215.038319111 8.57317 -5.12468 -0.18301 0.09799 0.79119 -0.01266 0.60354
1403637215.138319016 8.66191 -5.0636 -0.16516 0.09723 0.78812 -0.01236 0.60766
1403637215.238318920 8.74368 -4.98767 -0.15229 0.09298 0.78553 -0.01543 0.6116
1403637215.338319063 8.81639 -4.89757 -0.14377 0.08248 0.78328 -0.01675 0.61594
1403637215.438318729 8.87711 -4.79524 -0.13819 0.0659 0.77788 -0.01426 0.62479
1403637215.538319111 8.92301 -4.68294 -0.12978 0.04703 0.77132 -0.00534 0.63469
1403637215.638319016 8.95266 -4.56309 -0.11779 0.02823 0.7709 0.00974 0.63626
1403637215.738318920 8.96636 -4.43764 -0.09955 0.01122 0.77644 0.03135 0.62931
1403637215.838319063 8.96751 -4.30757 -0.07642 -0.00801 0.78595 0.05284 0.61598
1403637215.938318729 8.95781 -4.17473 -0.0461 -0.02746 0.79179 0.07047 0.60609
1403637216.038319111 8.93741 -4.04136 -0.00947 -0.04624 0.79505 0.0836 0.59897
1403637216.138319016 8.90938 -3.90843 0.02978 -0.06383 0.79605 0.09655 0.59406
1403637216.238318920 8.87553 -3.7781 0.06446 -0.07796 0.79505 0.10523 0.59223
1403637216.338319063 8.83601 -3.65219 0.09221 -0.08746 0.79241 0.10955 0.59367
1403637216.438318729 8.79207 -3.53067 0.1136 -0.09258 0.7868 0.11141 0.59996
1403637216.538319111 8.74174 -3.41452 0.12839 -0.09424 0.78161 0.11181 0.60639
1403637216.638319016 8.68451 -3.30401 0.13802 -0.09892 0.77871 0.10816 0.61003
1403637216.738318920 8.61772 -3.19949 0.14462 -0.10267 0.77323 0.10286 0.61725
1403637216.838319063 8.54296 -3.10117 0.14958 -0.10077 0.76773 0.10033 0.62479
1403637216.938318729 8.45614 -3.00997 0.16084 -0.0955 0.76421 0.0995 0.63005
1403637217.038319111 8.35441 -2.92607 0.17683 -0.09459 0.76844 0.09605 0.62556
1403637217.138319016 8.23968 -2.85115 0.19579 -0.10271 0.77652 0.08721 0.61551
1403637217.238318920 8.11759 -2.78001 0.20584 -0.11264 0.78047 0.07646 0.6102
1403637217.338319063 7.98983 -2.72058 0.20874 -0.11733 0.78346 0.06931 0.60631
1403637217.438318729 7.85657 -2.67325 0.20402 -0.12025 0.78491 0.06334 0.60452
1403637217.538319111 7.71884 -2.63949 0.19423 -0.12054 0.78428 0.06332 0.60528
1403637217.638319016 7.57713 -2.6212 0.1818 -0.11751 0.78018 0.07469 0.60986
1403637217.738318920 7.43144 -2.61126 0.16736 -0.10761 0.77193 0.10106 0.61833
1403637217.838319063 7.27705 -2.60791 0.15661 -0.10681 0.76604 0.13132 0.62011
1403637217.938318729 7.11261 -2.60865 0.15081 -0.1134 0.76317 0.15737 0.6164
1403637218.038319111 6.93744 -2.61374 0.15028 -0.12384 0.76299 0.17531 0.60973
1403637218.138319016 6.75354 -2.62185 0.15337 -0.1333 0.76481 0.18704 0.60193
1403637218.238318920 6.56302 -2.63298 0.15253 -0.13854 0.7658 0.19536 0.59681
1403637218.338319063 6.36741 -2.64521 0.1459 -0.14033 0.76503 0.20132 0.5954
1403637218.438318729 6.16544 -2.66004 0.13307 -0.14317 0.76459 0.2027 0.59483
1403637218.538319111 5.95737 -2.67735 0.11906 -0.14289 0.76384 0.20401 0.59542
1403637218.638319016 5.7447 -2.69482 0.1104 -0.14151 0.7658 0.20356 0.59337
1403637218.738318920 5.52792 -2.71401 0.10586 -0.13958 0.7702 0.20286 0.58835
1403637218.838319063 5.30505 -2.73439 0.09738 -0.13484 0.77261 0.20333 0.58613
1403637218.938318729 5.07989 -2.75251 0.07204 -0.12559 0.77308 0.20723 0.5862
1403637219.038319111 4.85063 -2.76751 0.03403 -0.11711 0.77308 0.21107 0.58658
1403637219.138319016 4.61741 -2.77816 -0.00893 -0.11469 0.77273 0.2118 0.58726
1403637219.238318920 4.37869 -2.78373 -0.04786 -0.11493 0.77379 0.2103 0.58636
1403637219.338319063 4.13402 -2.78979 -0.08228 -0.11704 0.77556 0.20766 0.58454
1403637219.438318729 3.88427 -2.78698 -0.10814 -0.11742 0.77854 0.20613 0.58103
1403637219.538319111 3.6325 -2.7789 -0.12698 -0.11761 0.78832 0.20458 0.56821
1403637219.638319016 3.38153 -2.76903 -0.13935 -0.11763 0.79753 0.20288 0.55583
1403637219.738318920 3.13626 -2.75373 -0.14337 -0.11691 0.80243 0.20176 0.5493
1403637219.838319063 2.89876 -2.73356 -0.13955 -0.1157 0.80572 0.20131 0.54488
1403637219.938318729 2.67517 -2.70605 -0.12506 -0.1164 0.80765 0.2005 0.54217
1403637220.038319111 2.46787 -2.67265 -0.09816 -0.11659 0.80835 0.20046 0.5411
1403637220.138319016 2.27217 -2.63405 -0.06226 -0.11497 0.80882 0.20114 0.54049
1403637220.238318920 2.0813 -2.59217 -0.02195 -0.11903 0.80944 0.19876 0.53956
1403637220.338319063 1.89546 -2.54617 0.02591 -0.12724 0.80841 0.19255 0.54149
1403637220.438318729 1.71177 -2.5011 0.077 -0.13652 0.80679 0.18499 0.54428
1403637220.538319111 1.53441 -2.45823 0.1234 -0.14255 0.80495 0.17981 0.54717
1403637220.638319016 1.36485 -2.41887 0.16327 -0.14427 0.80389 0.17776 0.54896
1403637220.738318920 1.19959 -2.38281 0.19654 -0.14314 0.80455 0.17819 0.54815
1403637220.838319063 1.03886 -2.34633 0.22248 -0.1424 0.80568 0.17846 0.54658
1403637220.938318729 0.88727 -2.31789 0.24575 -0.14133 0.80675 0.17876 0.54518
1403637221.038319111 0.7413 -2.28671 0.25942 -0.13754 0.80967 0.1769 0.54242
1403637221.138319016 0.60297 -2.26309 0.2701 -0.13116 0.81367 0.17032 0.54013
1403637221.238318920 0.47175 -2.23749 0.27185 -0.12064 0.8176 0.1604 0.53967
1403637221.338319063 0.34723 -2.2177 0.27179 -0.11093 0.82032 0.14824 0.54111
1403637221.438318729 0.23125 -2.19782 0.26457 -0.10486 0.82165 0.13765 0.54309
1403637221.538319111 0.12142 -2.17688 0.252 -0.10121 0.8239 0.12918 0.54245
1403637221.638319016 0.01733 -2.15615 0.23582 -0.09681 0.82529 0.12348 0.54246
1403637221.738318920 -0.08119 -2.13406 0.21554 -0.0944 0.82683 0.11831 0.5417
1403637221.838319063 -0.17267 -2.11316 0.19152 -0.09246 0.8281 0.11319 0.5412
1403637221.938318729 -0.249 -2.0929 0.16148 -0.08884 0.83036 0.10319 0.54034
1403637222.038319111 -0.32193 -2.0777 0.12947 -0.07878 0.8321 0.08921 0.54171
1403637222.138319016 -0.38562 -2.06636 0.09327 -0.0656 0.83456 0.07065 0.54242
1403637222.238318920 -0.43941 -2.05743 0.05474 -0.05169 0.83444 0.05054 0.54633
1403637222.338319063 -0.48424 -2.05041 0.01291 -0.04035 0.82999 0.03556 0.55518
1403637222.438318729 -0.52346 -2.04406 -0.02938 -0.0327 0.82323 0.02344 0.56628
1403637222.538319111 -0.55865 -2.03867 -0.06471 -0.02743 0.81877 0.0155 0.57326
1403637222.638319016 -0.59362 -2.03385 -0.09251 -0.02296 0.81687 0.011 0.57626
1403637222.738318920 -0.62956 -2.02943 -0.11099 -0.02045 0.81814 0.00897 0.57458
1403637222.838319063 -0.66136 -2.02754 -0.1225 -0.0191 0.82283 0.00899 0.5679
1403637222.938318729 -0.69222 -2.02569 -0.12462 -0.01956 0.82942 0.00965 0.5582
1403637223.038319111 -0.71343 -2.02627 -0.12005 -0.02031 0.83397 0.01106 0.55132
1403637223.138319016 -0.72901 -2.02774 -0.10727 -0.02082 0.83582 0.01338 0.54845
1403637223.238318920 -0.73887 -2.02974 -0.08327 -0.02149 0.83449 0.01594 0.55037
1403637223.338319063 -0.73561 -2.03303 -0.05182 -0.02206 0.82938 0.01955 0.5579
1403637223.438318729 -0.73225 -2.03561 -0.01375 -0.0225 0.82456 0.02294 0.56486
1403637223.538319111 -0.72108 -2.038 0.0258 -0.02283 0.82116 0.02576 0.56966
1403637223.638319016 -0.71067 -2.03946 0.06168 -0.02289 0.81876 0.02733 0.57303
1403637223.738318920 -0.70006 -2.03957 0.09113 -0.02246 0.81796 0.0286 0.57413
1403637223.838319063 -0.6923 -2.04041 0.11516 -0.02265 0.81691 0.02904 0.57559
1403637223.938318729 -0.68158 -2.03932 0.13178 -0.02106 0.81611 0.03024 0.57672
1403637224.038319111 -0.67438 -2.03904 0.14208 -0.02142 0.81562 0.02961 0.57743
1403637224.138319016 -0.66709 -2.03804 0.14578 -0.02037 0.81536 0.03018 0.5778
1403637224.238318920 -0.6586 -2.03514 0.14292 -0.01933 0.81491 0.03047 0.57847
1403637224.338319063 -0.6525 -2.03289 0.13461 -0.01927 0.81405 0.03052 0.57967
1403637224.438318729 -0.64679 -2.02973 0.12087 -0.01738 0.814 0.03157 0.57974
1403637224.538319111 -0.64181 -2.02552 0.10163 -0.01643 0.81338 0.03228 0.58061
1403637224.638319016 -0.63766 -2.02 0.0811 -0.01958 0.81308 0.03023 0.58103
1403637224.738318920 -0.63578 -2.01423 0.06663 -0.02746 0.81381 0.02491 0.57995
1403637224.838319063 -0.63563 -2.00941 0.05874 -0.02835 0.8145 0.02411 0.57896
1403637224.938318729 -0.63551 -2.00492 0.05336 -0.02312 0.81326 0.02743 0.5808
1403637225.038319111 -0.63668 -2.0002 0.04192 -0.02004 0.81295 0.0296 0.58123
1403637225.138319016 -0.63877 -1.99498 0.02562 -0.0177 0.81202 0.03145 0.58251
1403637225.238318920 -0.64203 -1.98807 0.0032 -0.01742 0.81135 0.03243 0.5834
1403637225.338319063 -0.64725 -1.98013 -0.02072 -0.01811 0.81079 0.03301 0.58412
1403637225.438318729 -0.6552 -1.97104 -0.03909 -0.01847 0.80943 0.03407 0.58593
1403637225.538319111 -0.66823 -1.95955 -0.05052 -0.0182 0.80925 0.03523 0.58612
1403637225.638319016 -0.68438 -1.9479 -0.05272 -0.01812 0.8111 0.03653 0.58349
1403637225.738318920 -0.70172 -1.93433 -0.04686 -0.01802 0.81469 0.03714 0.57842
1403637225.838319063 -0.71919 -1.91846 -0.03258 -0.01828 0.81898 0.03705 0.57233
1403637225.938318729 -0.73031 -1.89874 -0.00938 -0.01868 0.81911 0.03761 0.5721
1403637226.038319111 -0.74629 -1.87912 0.02225 -0.01958 0.81435 0.03749 0.57883
1403637226.138319016 -0.76139 -1.85704 0.05208 -0.02008 0.81084 0.03741 0.58373
1403637226.238318920 -0.77473 -1.83235 0.07408 -0.02004 0.80923 0.03741 0.58595
1403637226.338319063 -0.79413 -1.80865 0.09095 -0.01862 0.81204 0.03821 0.58205
1403637226.438318729 -0.81303 -1.78195 0.10079 -0.01676 0.81908 0.03927 0.57209
1403637226.538319111 -0.834 -1.75511 0.10878 -0.01597 0.8245 0.03987 0.56422
1403637226.638319016 -0.85253 -1.72481 0.11124 -0.01455 0.82742 0.04092 0.55991
1403637226.738318920 -0.86857 -1.69245 0.10988 -0.01585 0.82864 0.04001 0.55813
1403637226.838319063 -0.88013 -1.65852 0.10458 -0.01662 0.82863 0.03986 0.55812
1403637226.938318729 -0.88851 -1.62214 0.09574 -0.02167 0.82826 0.03554 0.55879
1403637227.038319111 -0.89125 -1.58495 0.08462 -0.03251 0.82643 0.02712 0.56145
1403637227.138319016 -0.89077 -1.54877 0.07678 -0.0446 0.82397 0.01708 0.56461
1403637227.238318920 -0.88647 -1.51786 0.07475 -0.04653 0.8228 0.01429 0.56624
1403637227.338319063 -0.88328 -1.49355 0.08168 -0.03799 0.82267 0.01883 0.56694
1403637227.438318729 -0.87638 -1.4725 0.09057 -0.03008 0.82342 0.02282 0.56618
1403637227.538319111 -0.86792 -1.45373 0.09506 -0.02726 0.82399 0.02299 0.56548
1403637227.638319016 -0.85813 -1.43691 0.09338 -0.03044 0.82469 0.01935 0.56444
1403637227.738318920 -0.84606 -1.42215 0.08648 -0.0339 0.82539 0.01588 0.56331
1403637227.838319063 -0.83701 -1.4116 0.08033 -0.03369 0.82518 0.0149 0.56366
1403637227.938318729 -0.82083 -1.40299 0.06802 -0.02886 0.81931 0.01812 0.57234
1403637228.038319111 -0.80491 -1.39672 0.05273 -0.02274 0.81334 0.02302 0.58089
1403637228.138319016 -0.79084 -1.39091 0.03531 -0.02197 0.80979 0.02508 0.58577
1403637228.238318920 -0.78471 -1.38668 0.02474 -0.02251 0.80763 0.02667 0.58865
1403637228.338319063 -0.77731 -1.38089 0.01639 -0.0229 0.80648 0.02771 0.59017
1403637228.438318729 -0.77405 -1.37532 0.01513 -0.02058 0.80612 0.03067 0.5906
1403637228.538319111 -0.77507 -1.36847 0.02113 -0.01769 0.80493 0.03371 0.59214
1403637228.638319016 -0.78331 -1.36142 0.03694 -0.01499 0.80458 0.03631 0.59254
1403637228.738318920 -0.79256 -1.35049 0.05087 -0.01626 0.80933 0.03506 0.58607
1403637228.838319063 -0.80547 -1.33841 0.06152 -0.02143 0.81511 0.03113 0.57808
1403637228.938318729 -0.81892 -1.32635 0.06809 -0.02355 0.81749 0.02886 0.57474
1403637229.038319111 -0.83541 -1.31456 0.07413 -0.0184 0.81603 0.03183 0.57685
1403637229.138319016 -0.84936 -1.30039 0.07304 -0.01519 0.81195 0.03386 0.58255
1403637229.238318920 -0.86543 -1.28464 0.0672 -0.01236 0.81018 0.0354 0.58498
1403637229.338319063 -0.88407 -1.26751 0.05687 -0.00851 0.81081 0.03253 0.58434
1403637229.438318729 -0.90744 -1.24997 0.0431 -0.00865 0.81721 0.01734 0.57602
1403637229.538319111 -0.93135 -1.23186 0.02436 -0.0119 0.82496 -0.00949 0.56498
1403637229.638319016 -0.95628 -1.21995 0.0066 -0.01008 0.83009 -0.04076 0.55605
1403637229.738318920 -0.97697 -1.21577 -0.01261 0.00156 0.83144 -0.07041 0.55113
1403637229.838319063 -0.99034 -1.22021 -0.03174 0.03223 0.82605 -0.08921 0.55556
1403637229.938318729 -0.99669 -1.2289 -0.0537 0.06503 0.81772 -0.10667 0.5619
1403637230.038319111 -1.00054 -1.23842 -0.07806 0.09123 0.81072 -0.12783 0.56398
1403637230.138319016 -1.00542 -1.24588 -0.09939 0.10468 0.80964 -0.15509 0.5563
1403637230.238318920 -1.00771 -1.25253 -0.11679 0.11686 0.80885 -0.17654 0.54859
1403637230.338319063 -1.00529 -1.25846 -0.12453 0.12844 0.80715 -0.1882 0.5446
1403637230.438318729 -0.99651 -1.26454 -0.12292 0.13663 0.80072 -0.195 0.54969
1403637230.538319111 -0.98553 -1.26881 -0.11154 0.14423 0.79195 -0.1974 0.55951
1403637230.638319016 -0.97577 -1.2711 -0.09293 0.15145 0.78225 -0.20476 0.56853
1403637230.738318920 -0.97028 -1.27108 -0.07175 0.15665 0.77682 -0.22041 0.56871
1403637230.838319063 -0.96932 -1.2697 -0.04935 0.15906 0.77752 -0.24442 0.55716
1403637230.938318729 -0.9721 -1.26972 -0.03061 0.16569 0.77779 -0.27274 0.54148
1403637231.038319111 -0.97693 -1.27336 -0.01689 0.17905 0.77371 -0.3017 0.52752
1403637231.138319016 -0.98259 -1.28146 -0.01156 0.19647 0.764 -0.33236 0.51696
1403637231.238318920 -0.9888 -1.29595 -0.02071 0.21445 0.74896 -0.36625 0.50885
1403637231.338319063 -0.99534 -1.31595 -0.04395 0.23489 0.7305 -0.40057 0.50074
1403637231.438318729 -1.00234 -1.34061 -0.08094 0.25834 0.70798 -0.43422 0.49343
1403637231.538319111 -1.01196 -1.3692 -0.13429 0.2759 0.68431 -0.4724 0.48212
1403637231.638319016 -1.02686 -1.40211 -0.20055 0.29511 0.66187 -0.50763 0.46599
1403637231.738318920 -1.04707 -1.44141 -0.2656 0.3177 0.63876 -0.53675 0.4505
1403637231.838319063 -1.07008 -1.48885 -0.32391 0.3374 0.61614 -0.56209 0.43656
1403637231.938318729 -1.09579 -1.54288 -0.37326 0.35057 0.59648 -0.58577 0.42213
1403637232.038319111 -1.12469 -1.60599 -0.41046 -0.3663 -0.57319 0.60374 -0.41565
1403637232.138319016 -1.16045 -1.67597 -0.4356 -0.3859 -0.54491 0.61716 -0.41625
1403637232.238318920 -1.20311 -1.74376 -0.45523 -0.40203 -0.52143 0.63015 -0.41158
1403637232.338319063 -1.25423 -1.81026 -0.46852 -0.41958 -0.50373 0.64032 -0.40025
1403637232.438318729 -1.31319 -1.87398 -0.47664 -0.4375 -0.48672 0.64949 -0.38711
1403637232.538319111 -1.37714 -1.93179 -0.48122 -0.44196 -0.46581 0.66753 -0.37695
1403637232.638319016 -1.44686 -1.98361 -0.48045 -0.43857 -0.44472 0.6909 -0.36406
1403637232.738318920 -1.52515 -2.03024 -0.47395 -0.43563 -0.42373 0.7128 -0.35015
1403637232.838319063 -1.61457 -2.07234 -0.4604 -0.4327 -0.40764 0.73142 -0.33411
1403637232.938318729 -1.71691 -2.11552 -0.44042 -0.43131 -0.40145 0.74397 -0.31514
1403637233.038319111 -1.83088 -2.16178 -0.41393 -0.43222 -0.40079 0.75047 -0.29891
1403637233.138319016 -1.95507 -2.21375 -0.38344 -0.43202 -0.4035 0.75431 -0.28559
1403637233.238318920 -2.08796 -2.27167 -0.35635 -0.42763 -0.40777 0.7581 -0.27593
1403637233.338319063 -2.22913 -2.33798 -0.33412 -0.42236 -0.41304 0.76065 -0.26911
1403637233.438318729 -2.3793 -2.41509 -0.32086 -0.41734 -0.41944 0.76198 -0.26319
1403637233.538319111 -2.53884 -2.50406 -0.32029 -0.42926 -0.43363 0.75145 -0.25103
1403637233.638319016 -2.70314 -2.60604 -0.331 -0.46246 -0.45211 0.72535 -0.2358
1403637233.738318920 -2.86383 -2.72223 -0.35439 -0.49523 -0.46567 0.69821 -0.22449
1403637233.838319063 -3.0109 -2.85041 -0.38573 0.51871 0.4736 -0.67803 0.21659
1403637233.938318729 -3.13762 -2.98918 -0.42357 0.53081 0.47807 -0.66722 0.21094
1403637234.038319111 -3.24023 -3.13804 -0.46636 0.53913 0.48231 -0.65942 0.20464
1403637234.138319016 -3.32043 -3.2965 -0.51193 0.55057 0.48603 -0.64902 0.19855
1403637234.238318920 -3.37934 -3.4659 -0.56118 0.55874 0.48662 -0.64243 0.19572
1403637234.338319063 -3.4131 -3.64643 -0.6152 0.56135 0.48064 -0.64212 0.20382
1403637234.438318729 -3.42161 -3.83684 -0.67225 0.55673 0.47178 -0.64639 0.22281
1403637234.538319111 -3.40417 -4.03191 -0.73026 0.55096 0.46659 -0.64671 0.24598
1403637234.638319016 -3.36501 -4.22851 -0.79077 0.54255 0.46459 -0.64532 0.27085
1403637234.738318920 -3.30603 -4.42255 -0.85428 0.53252 0.4669 -0.64179 0.29415
1403637234.838319063 -3.23206 -4.61131 -0.92191 0.51888 0.47085 -0.63836 0.31868
1403637234.938318729 -3.14614 -4.7913 -0.98696 0.50177 0.47613 -0.63504 0.34387
1403637235.038319111 -3.05237 -4.96002 -1.04389 -0.49087 -0.48778 0.62609 -0.35933
1403637235.138319016 -2.95249 -5.11774 -1.09201 -0.48255 -0.50399 0.6136 -0.36965
1403637235.238318920 -2.84696 -5.26458 -1.13122 -0.47446 -0.51918 0.60124 -0.37929
1403637235.338319063 -2.73679 -5.39788 -1.16446 -0.46461 -0.53453 0.59464 -0.38054
1403637235.438318729 -2.62296 -5.52412 -1.19387 -0.44723 -0.54833 0.5978 -0.37678
1403637235.538319111 -2.50552 -5.64553 -1.21864 -0.4302 -0.56167 0.5994 -0.3744
1403637235.638319016 -2.38457 -5.76457 -1.23465 -0.42123 -0.57368 0.59389 -0.37517
1403637235.738318920 -2.2598 -5.88155 -1.2413 0.42023 0.58219 -0.58102 0.38324
1403637235.838319063 -2.13068 -5.99881 -1.23826 0.43228 0.59255 -0.55641 0.39041
1403637235.938318729 -1.99326 -6.11143 -1.22933 0.4432 0.60628 -0.5302 0.39357
1403637236.038319111 -1.84371 -6.21748 -1.21607 0.44424 0.62135 -0.50953 0.39619
1403637236.138319016 -1.68023 -6.31448 -1.19698 0.43979 0.63546 -0.49225 0.40059
1403637236.238318920 -1.5022 -6.4024 -1.17049 0.4329 0.649 -0.47608 0.4059
1403637236.338319063 -1.30937 -6.47915 -1.13651 0.42182 0.65985 -0.4622 0.41598
1403637236.438318729 -1.10289 -6.54453 -1.09562 0.40772 0.6683 -0.45105 0.4286
1403637236.538319111 -0.88441 -6.60248 -1.05094 0.39466 0.6726 -0.44347 0.4418
1403637236.638319016 -0.65801 -6.65422 -1.00882 0.38878 0.67313 -0.43658 0.45293
1403637236.738318920 -0.42448 -6.69741 -0.97158 0.38658 0.67207 -0.42769 0.46471
1403637236.838319063 -0.18461 -6.72819 -0.93343 0.38208 0.67032 -0.41654 0.48081
1403637236.938318729 0.05987 -6.74398 -0.88774 0.37608 0.66558 -0.40217 0.50381
1403637237.038319111 0.30399 -6.74343 -0.83637 0.37421 0.65723 -0.38716 0.52737
1403637237.138319016 0.54404 -6.72075 -0.77789 0.36929 0.64825 -0.37428 0.55074
1403637237.238318920 0.77713 -6.67533 -0.71198 0.35575 0.6468 -0.36504 0.56731
1403637237.338319063 0.99801 -6.6053 -0.63964 0.34054 0.65352 -0.35707 0.57397
1403637237.438318729 1.20377 -6.51169 -0.5596 0.32681 0.65889 -0.3517 0.57911
1403637237.538319111 1.39325 -6.39533 -0.47456 0.3167 0.66331 -0.34767 0.58211
1403637237.638319016 1.56657 -6.25942 -0.38269 0.30615 0.66464 -0.34701 0.58661
1403637237.738318920 1.72455 -6.10712 -0.28859 0.29452 0.66398 -0.34957 0.59178
1403637237.838319063 1.86547 -5.94062 -0.19929 0.28341 0.6644 -0.35693 0.59234
1403637237.938318729 1.98682 -5.76234 -0.11916 0.27504 0.66509 -0.37161 0.58645
1403637238.038319111 2.09194 -5.57682 -0.0488 0.26865 0.66483 -0.39297 0.57567
1403637238.138319016 2.18073 -5.38762 0.01475 0.25982 0.65981 -0.42271 0.56432
1403637238.238318920 2.25064 -5.19773 0.07466 0.25447 0.64808 -0.45594 0.55439
1403637238.338319063 2.30353 -5.0112 0.13049 0.25238 0.63059 -0.49164 0.54493
1403637238.438318729 2.33223 -4.82884 0.18151 0.25698 0.60747 -0.52621 0.53669
1403637238.538319111 2.33387 -4.65039 0.22772 0.26696 0.58415 -0.55738 0.52615
1403637238.638319016 2.30725 -4.47594 0.26816 -0.27056 -0.56569 0.58783 -0.51112
1403637238.738318920 2.25391 -4.3108 0.30466 -0.26208 -0.56018 0.61663 -0.48711
1403637238.838319063 2.17342 -4.15961 0.33901 -0.24772 -0.56097 0.6419 -0.46034
1403637238.938318729 2.06581 -4.02842 0.37395 -0.23222 -0.56565 0.66211 -0.43327
1403637239.038319111 1.92887 -3.92519 0.41162 -0.22779 -0.573 0.67227 -0.40969
1403637239.138319016 1.76419 -3.8572 0.45444 -0.24615 -0.58094 0.66825 -0.39416
1403637239.238318920 1.57786 -3.81759 0.50131 -0.28007 -0.5813 0.65727 -0.38941
1403637239.338319063 1.3761 -3.79621 0.5443 -0.30632 -0.57391 0.65295 -0.38788
1403637239.438318729 1.16266 -3.79132 0.5777 -0.32266 -0.55976 0.65909 -0.38491
1403637239.538319111 0.93981 -3.79886 0.59523 -0.3397 -0.54214 0.6686 -0.37903
1403637239.638319016 0.7088 -3.81795 0.59266 -0.35782 -0.52276 0.67949 -0.3701
1403637239.738318920 0.47011 -3.84807 0.57346 -0.38242 -0.50087 0.68691 -0.36199
1403637239.838319063 0.22543 -3.8866 0.54174 -0.41746 -0.47788 0.68709 -0.35393
1403637239.938318729 -0.02086 -3.92908 0.49754 -0.44841 -0.45405 0.68875 -0.34408
1403637240.038319111 -0.26774 -3.97089 0.44688 -0.47409 -0.43077 0.69338 -0.33001
1403637240.138319016 -0.51213 -4.00921 0.39077 -0.49012 -0.40676 0.70378 -0.31468
1403637240.238318920 -0.75267 -4.04282 0.33266 -0.49959 -0.38463 0.71701 -0.29726
1403637240.338319063 -0.98876 -4.07531 0.27111 -0.49813 -0.37054 0.73372 -0.27606
1403637240.438318729 -1.22117 -4.10745 0.2122 -0.49256 -0.36575 0.74827 -0.25241
1403637240.538319111 -1.45287 -4.14468 0.16137 -0.48869 -0.3648 0.75713 -0.23422
1403637240.638319016 -1.68187 -4.18832 0.11785 -0.48948 -0.3628 0.75981 -0.22687
1403637240.738318920 -1.90958 -4.23857 0.08377 -0.49294 -0.36214 0.75869 -0.22415
1403637240.838319063 -2.13673 -4.29701 0.059 0.50592 0.36347 -0.74951 0.22401
1403637240.938318729 -2.36051 -4.36226 0.04242 0.52301 0.36278 -0.73637 0.22938
1403637241.038319111 -2.57798 -4.43117 0.02484 0.52806 0.36358 -0.73121 0.23302
1403637241.138319016 -2.78737 -4.50315 -0.00445 0.52349 0.36578 -0.73244 0.23599
1403637241.238318920 -2.99047 -4.57738 -0.04046 0.52276 0.37076 -0.73081 0.23489
1403637241.338319063 -3.18714 -4.65419 -0.08072 0.52505 0.37722 -0.72691 0.23157
1403637241.438318729 -3.37465 -4.73216 -0.12411 0.52924 0.38445 -0.72179 0.2261
1403637241.538319111 -3.55028 -4.81417 -0.16498 0.53704 0.39069 -0.71413 0.22129
1403637241.638319016 -3.71116 -4.9021 -0.20082 0.54339 0.39415 -0.70763 0.22054
1403637241.738318920 -3.85611 -4.99434 -0.22992 0.55232 0.39392 -0.69947 0.22475
1403637241.838319063 -3.98333 -5.08792 -0.25279 0.5602 0.3908 -0.69273 0.23148
1403637241.938318729 -4.09203 -5.17951 -0.26677 0.56181 0.37964 -0.69106 0.25037
1403637242.038319111 -4.18595 -5.26672 -0.27528 0.5644 0.37076 -0.68863 0.26417
1403637242.138319016 -4.26475 -5.34564 -0.27745 0.56528 0.37179 -0.6888 0.26035
1403637242.238318920 -4.32844 -5.41818 -0.27252 0.56557 0.37715 -0.68943 0.25013
1403637242.338319063 -4.37523 -5.48899 -0.26557 0.56905 0.38187 -0.68758 0.23999
1403637242.438318729 -4.40411 -5.55142 -0.26176 0.57692 0.38636 -0.68172 0.23054
1403637242.538319111 -4.41694 -5.61607 -0.26695 0.58294 0.38852 -0.67669 0.22656
1403637242.638319016 -4.40509 -5.67484 -0.2683 0.5823 0.39234 -0.67265 0.23353
1403637242.738318920 -4.37625 -5.73773 -0.26815 0.57445 0.39987 -0.6696 0.2485
1403637242.838319063 -4.32608 -5.79291 -0.258 0.56584 0.40431 -0.66607 0.26964
1403637242.938318729 -4.26144 -5.84317 -0.24196 0.56225 0.4088 -0.65998 0.28493
1403637243.038319111 -4.1848 -5.88865 -0.22263 0.5609 0.4157 -0.65449 0.29023
1403637243.138319016 -4.09556 -5.92698 -0.20769 0.55866 0.42476 -0.65232 0.28628
1403637243.238318920 -3.99247 -5.95895 -0.20162 0.54799 0.4298 -0.65855 0.2851
1403637243.338319063 -3.87743 -5.98554 -0.20185 0.53845 0.43107 -0.66485 0.28675
1403637243.438318729 -3.75323 -6.00655 -0.20737 0.53258 0.42963 -0.66925 0.28963
1403637243.538319111 -3.61959 -6.02387 -0.21099 0.52945 0.42845 -0.6718 0.29122
1403637243.638319016 -3.47746 -6.03693 -0.21145 0.51922 0.42659 -0.67996 0.29341
1403637243.738318920 -3.33091 -6.04956 -0.2024 0.50879 0.42373 -0.68873 0.29536
1403637243.838319063 -3.18303 -6.06153 -0.18496 -0.49323 -0.41723 0.70092 -0.30226
1403637243.938318729 -3.03753 -6.06996 -0.15726 -0.48215 -0.4116 0.70982 -0.30704
1403637244.038319111 -2.89812 -6.076 -0.11888 -0.48031 -0.40922 0.71244 -0.30705
1403637244.138319016 -2.76559 -6.08114 -0.07166 -0.48142 -0.40819 0.71316 -0.30499
1403637244.238318920 -2.63996 -6.0873 -0.01831 -0.48463 -0.40647 0.71242 -0.30393
1403637244.338319063 -2.51954 -6.09055 0.03919 -0.48265 -0.40578 0.71483 -0.30235
1403637244.438318729 -2.4064 -6.09546 0.10157 -0.47726 -0.40906 0.71694 -0.30149
1403637244.538319111 -2.2983 -6.09855 0.16806 -0.47626 -0.42062 0.71245 -0.29777
1403637244.638319016 -2.19734 -6.10751 0.23181 -0.47543 -0.43784 0.70461 -0.29289
1403637244.738318920 -2.09875 -6.1191 0.28783 -0.47201 -0.45397 0.69666 -0.29288
1403637244.838319063 -2.00103 -6.13576 0.33645 -0.46826 -0.46539 0.69063 -0.29526
1403637244.938318729 -1.90449 -6.15788 0.37951 -0.46311 -0.47288 0.68719 -0.29946
1403637245.038319111 -1.80928 -6.18579 0.41631 -0.45299 -0.47533 0.68981 -0.305
1403637245.138319016 -1.71721 -6.21964 0.44636 -0.43415 -0.47279 0.70004 -0.31295
1403637245.238318920 -1.63316 -6.26157 0.47364 -0.42788 -0.47444 0.70295 -0.31254
1403637245.338319063 -1.5569 -6.31163 0.50049 -0.43868 -0.47873 0.69551 -0.30763
1403637245.438318729 -1.4833 -6.36778 0.52219 -0.447 -0.48241 0.68862 -0.3054
1403637245.538319111 -1.4095 -6.4298 0.53754 -0.44839 -0.48836 0.68275 -0.30707
1403637245.638319016 -1.33698 -6.49767 0.54679 -0.44522 -0.49766 0.67637 -0.31087
1403637245.738318920 -1.26399 -6.57105 0.54971 -0.44068 -0.50869 0.66718 -0.31924
1403637245.838319063 -1.19109 -6.65092 0.54945 -0.44183 -0.51925 0.64863 -0.3383
1403637245.938318729 -1.11719 -6.73239 0.54284 -0.43936 -0.53362 0.62673 -0.35975
1403637246.038319111 -1.04191 -6.81364 0.53007 -0.43159 -0.55372 0.60246 -0.37969
1403637246.138319016 -0.96331 -6.89418 0.51212 0.41834 0.57705 -0.57559 0.40088
1403637246.238318920 -0.88291 -6.972 0.48918 0.40054 0.60211 -0.54645 0.42241
1403637246.338319063 -0.80092 -7.04752 0.46265 0.3812 0.6288 -0.51375 0.442
1403637246.438318729 -0.71766 -7.11927 0.43364 0.36515 0.65624 -0.47584 0.45781
1403637246.538319111 -0.63229 -7.18636 0.4005 0.35068 0.67806 -0.43704 0.47566
1403637246.638319016 -0.54487 -7.24509 0.36358 0.33668 0.69464 -0.39959 0.49442
1403637246.738318920 -0.45429 -7.29275 0.32486 0.32159 0.70723 -0.36453 0.51334
1403637246.838319063 -0.36245 -7.32723 0.29043 0.30297 0.71992 -0.33307 0.52819
1403637246.938318729 -0.26976 -7.34793 0.26217 0.28092 0.7352 -0.3077 0.53468
1403637247.038319111 -0.17687 -7.35663 0.23937 0.25948 0.75123 -0.29146 0.53233
1403637247.138319016 -0.08375 -7.35707 0.21875 0.24016 0.76327 -0.28535 0.52756
1403637247.238318920 0.00988 -7.35027 0.1947 0.22695 0.76997 -0.28361 0.52459
1403637247.338319063 0.10464 -7.33933 0.16756 0.22242 0.76756 -0.28161 0.53111
1403637247.438318729 0.2036 -7.32604 0.14275 0.22957 0.75236 -0.27483 0.55292
1403637247.538319111 0.30149 -7.30704 0.11176 0.23206 0.74629 -0.27301 0.56095
1403637247.638319016 0.39713 -7.27859 0.07477 0.23166 0.7481 -0.26759 0.56131
1403637247.738318920 0.48963 -7.23971 0.03748 0.2355 0.75171 -0.25325 0.56155
1403637247.838319063 0.57956 -7.18896 0.00392 0.23715 0.75654 -0.2364 0.56171
1403637247.938318729 0.66689 -7.12299 -0.02087 0.22549 0.75758 -0.22541 0.56958
1403637248.038319111 0.75027 -7.04379 -0.03969 0.20706 0.76052 -0.21767 0.57563
1403637248.138319016 0.82864 -6.95392 -0.05347 0.18933 0.7719 -0.20869 0.56989
1403637248.238318920 0.90311 -6.85845 -0.06619 0.17574 0.78277 -0.20041 0.56233
1403637248.338319063 0.97383 -6.75818 -0.08344 0.16514 0.78832 -0.1951 0.55966
1403637248.438318729 1.04366 -6.65544 -0.10404 0.15877 0.78888 -0.19234 0.56166
1403637248.538319111 1.11259 -6.55011 -0.12565 0.15791 0.78483 -0.18932 0.56856
1403637248.638319016 1.17942 -6.44134 -0.14369 0.16015 0.78227 -0.18728 0.57213
1403637248.738318920 1.24139 -6.32772 -0.15648 0.16081 0.78665 -0.18931 0.56523
1403637248.838319063 1.30071 -6.21005 -0.15976 0.16187 0.79096 -0.19291 0.55764
1403637248.938318729 1.35975 -6.08928 -0.15481 0.16101 0.79226 -0.19826 0.55416
1403637249.038319111 1.42041 -5.9657 -0.14427 0.1622 0.79191 -0.20189 0.553
1403637249.138319016 1.4831 -5.8416 -0.12702 0.16426 0.79117 -0.20431 0.55256
1403637249.238318920 1.54615 -5.71681 -0.1029 0.16545 0.79063 -0.20614 0.5523
1403637249.338319063 1.61015 -5.59217 -0.07377 0.16739 0.78877 -0.2072 0.55398
1403637249.438318729 1.67427 -5.46603 -0.05354 0.16652 0.78833 -0.20908 0.55416
1403637249.538319111 1.73928 -5.33828 -0.05049 0.16633 0.78795 -0.20974 0.55451
1403637249.638319016 1.80394 -5.20819 -0.06476 0.16551 0.78754 -0.20959 0.55539
1403637249.738318920 1.86855 -5.07507 -0.0859 0.16576 0.78353 -0.20798 0.56156
1403637249.838319063 1.933 -4.9396 -0.10331 0.16585 0.77933 -0.20316 0.56909
1403637249.938318729 1.99337 -4.80037 -0.11526 0.16029 0.78017 -0.19531 0.57226
1403637250.038319111 2.04934 -4.65673 -0.12093 0.14519 0.78489 -0.19072 0.5714
1403637250.138319016 2.10051 -4.51269 -0.11886 0.12978 0.79026 -0.18687 0.56897
1403637250.238318920 2.148 -4.36948 -0.1157 0.11634 0.79338 -0.17986 0.5698
1403637250.338319063 2.19261 -4.22889 -0.11785 0.10258 0.79473 -0.17554 0.5719
1403637250.438318729 2.23523 -4.09306 -0.12579 0.09198 0.79627 -0.1735 0.57218
1403637250.538319111 2.27445 -3.96217 -0.1381 0.08278 0.79892 -0.17366 0.56984
1403637250.638319016 2.30986 -3.83698 -0.14726 0.07865 0.80211 -0.17061 0.56686
1403637250.738318920 2.34295 -3.71851 -0.14931 0.07595 0.8043 -0.16622 0.56543
1403637250.838319063 2.37528 -3.60811 -0.14314 0.07564 0.8051 -0.16213 0.56551
1403637250.938318729 2.40722 -3.50599 -0.13091 0.07317 0.80438 -0.16161 0.567
1403637251.038319111 2.43776 -3.41159 -0.1126 0.06955 0.80409 -0.16124 0.56798
1403637251.138319016 2.46711 -3.32371 -0.08748 0.06077 0.80642 -0.15961 0.56614
1403637251.238318920 2.4946 -3.24415 -0.05492 0.05229 0.80859 -0.15685 0.56466
1403637251.338319063 2.51928 -3.17364 -0.01414 0.04918 0.80908 -0.14938 0.56627
1403637251.438318729 2.54378 -3.10981 0.03459 0.0535 0.80798 -0.13368 0.57135
1403637251.538319111 2.56789 -3.05088 0.07955 0.05153 0.80781 -0.1179 0.57523
1403637251.638319016 2.59036 -2.99645 0.11742 0.04648 0.80817 -0.10375 0.57788
1403637251.738318920 2.61017 -2.94624 0.14848 0.03905 0.80885 -0.0944 0.57908
1403637251.838319063 2.62845 -2.90191 0.17452 0.03536 0.80912 -0.08694 0.5801
1403637251.938318729 2.64477 -2.86263 0.19711 0.03838 0.80616 -0.07824 0.58524
1403637252.038319111 2.65876 -2.82555 0.216 0.04484 0.80213 -0.06985 0.59135
1403637252.138319016 2.6688 -2.78975 0.23083 0.04635 0.79802 -0.0659 0.59723
1403637252.238318920 2.67277 -2.75381 0.24007 0.04174 0.79572 -0.06753 0.60043
1403637252.338319063 2.6699 -2.71838 0.243 0.03773 0.79693 -0.06957 0.59887
1403637252.438318729 2.66008 -2.68466 0.23727 0.03416 0.80214 -0.07224 0.59176
1403637252.538319111 2.64732 -2.65123 0.22657 0.03264 0.80595 -0.07403 0.58643
1403637252.638319016 2.62946 -2.62102 0.21095 0.03035 0.80901 -0.07634 0.58203
1403637252.738318920 2.6118 -2.59318 0.19061 0.02467 0.81494 -0.0807 0.57337
1403637252.838319063 2.59048 -2.57104 0.17392 0.02079 0.81996 -0.08399 0.56584
1403637252.938318729 2.57131 -2.55478 0.16764 0.02764 0.81658 -0.0803 0.57095
1403637253.038319111 2.55365 -2.54158 0.16949 0.03544 0.8128 -0.07572 0.57651
1403637253.138319016 2.53485 -2.52932 0.17647 0.03877 0.81002 -0.07439 0.58037
1403637253.238318920 2.51636 -2.51734 0.18256 0.04015 0.80871 -0.07444 0.5821
1403637253.338319063 2.4963 -2.50842 0.18301 0.03979 0.80878 -0.07572 0.58185
1403637253.438318729 2.47533 -2.50005 0.17771 0.03931 0.80818 -0.07665 0.5826
1403637253.538319111 2.45265 -2.49321 0.1664 0.04087 0.80868 -0.07631 0.58185
1403637253.638319016 2.42808 -2.4875 0.15527 0.0433 0.80901 -0.07477 0.5814
1403637253.738318920 2.40235 -2.48255 0.15011 0.04695 0.80818 -0.07228 0.58259
1403637253.838319063 2.37516 -2.47658 0.15206 0.05088 0.80697 -0.06995 0.58423
1403637253.938318729 2.35067 -2.47082 0.16132 0.05165 0.80663 -0.06939 0.58469
1403637254.038319111 2.31784 -2.4624 0.17495 0.05373 0.80606 -0.06816 0.58544
1403637254.138319016 2.28361 -2.45101 0.19481 0.05276 0.80529 -0.06556 0.58688
1403637254.238318920 2.24662 -2.43674 0.21978 0.0481 0.80719 -0.0591 0.58536
1403637254.338319063 2.20703 -2.4206 0.24982 0.04352 0.81132 -0.05014 0.58081
1403637254.438318729 2.16929 -2.40283 0.27817 0.03776 0.81503 -0.04311 0.57657
1403637254.538319111 2.13104 -2.38399 0.30253 0.03401 0.81784 -0.03753 0.57321
1403637254.638319016 2.09371 -2.3637 0.32181 0.03087 0.81733 -0.0336 0.57436
1403637254.738318920 2.05561 -2.34162 0.33389 0.02964 0.8152 -0.03018 0.57763
1403637254.838319063 2.0181 -2.3181 0.34235 0.02604 0.81229 -0.03019 0.58189
1403637254.938318729 1.97955 -2.29343 0.34282 0.02401 0.81004 -0.03017 0.5851
1403637255.038319111 1.94139 -2.26813 0.33935 0.02354 0.80871 -0.02932 0.58701
1403637255.138319016 1.90028 -2.24133 0.33378 0.01877 0.80836 -0.0252 0.58785
1403637255.238318920 1.85808 -2.213 0.33223 0.01286 0.80857 -0.01727 0.58801
1403637255.338319063 1.81572 -2.18523 0.33858 0.00575 0.80776 -0.01088 0.58938
1403637255.438318729 1.76966 -2.15547 0.34647 -0.0019 0.80905 -0.00282 0.58773
1403637255.538319111 1.72013 -2.1246 0.34818 -0.00885 0.80983 0.00902 0.58653
1403637255.638319016 1.67141 -2.09387 0.34473 -0.01555 0.80963 0.02427 0.58624
1403637255.738318920 1.62069 -2.0624 0.33704 -0.02411 0.81111 0.04199 0.58289
1403637255.838319063 1.56928 -2.0301 0.33402 -0.03423 0.81278 0.06087 0.57837
1403637255.938318729 1.51812 -1.99755 0.33971 -0.04582 0.81324 0.07915 0.5747
1403637256.038319111 1.466 -1.96334 0.35554 -0.05561 0.81289 0.09357 0.57215
1403637256.138319016 1.41111 -1.92931 0.37888 -0.06089 0.81171 0.10389 0.57151
1403637256.238318920 1.35657 -1.89363 0.40019 -0.06478 0.80736 0.10965 0.57615
1403637256.338319063 1.30159 -1.85676 0.41446 -0.06684 0.80477 0.11257 0.57898
1403637256.438318729 1.24526 -1.81754 0.42179 -0.06602 0.80318 0.11433 0.58092
1403637256.538319111 1.18849 -1.77665 0.423 -0.06575 0.80219 0.11321 0.58254
1403637256.638319016 1.12875 -1.73301 0.41819 -0.06541 0.80426 0.11062 0.58021
1403637256.738318920 1.06697 -1.68903 0.40685 -0.07312 0.81184 0.10253 0.57013
1403637256.838319063 1.00552 -1.64432 0.39393 -0.08108 0.81689 0.09344 0.56337
1403637256.938318729 0.94732 -1.59801 0.38083 -0.08208 0.8147 0.09416 0.56627
1403637257.038319111 0.89077 -1.55379 0.37145 -0.08234 0.81087 0.10276 0.57022
1403637257.138319016 0.83416 -1.51479 0.36725 -0.08289 0.8076 0.11287 0.57287
1403637257.238318920 0.77711 -1.47131 0.37193 -0.08465 0.8065 0.1206 0.57258
1403637257.338319063 0.72241 -1.42903 0.38288 -0.08631 0.80708 0.12764 0.56998
1403637257.438318729 0.66943 -1.38703 0.39758 -0.08638 0.80722 0.13402 0.56831
1403637257.538319111 0.61776 -1.3449 0.40887 -0.08526 0.80706 0.1391 0.56747
1403637257.638319016 0.56432 -1.30219 0.41206 -0.08787 0.80962 0.13997 0.5632
1403637257.738318920 0.51491 -1.25691 0.41189 -0.09058 0.81353 0.14113 0.55681
1403637257.838319063 0.46336 -1.20998 0.40376 -0.09515 0.81626 0.14525 0.55097
1403637257.938318729 0.41937 -1.16126 0.3938 -0.10241 0.81759 0.15167 0.54595
1403637258.038319111 0.37934 -1.10805 0.3816 -0.112 0.81647 0.16142 0.54293
1403637258.138319016 0.34448 -1.05291 0.37238 -0.12376 0.81238 0.17532 0.54221
1403637258.238318920 0.31545 -0.99723 0.37222 -0.13277 0.803 0.19354 0.54781
1403637258.338319063 0.28957 -0.94122 0.37233 -0.14036 0.79418 0.20723 0.55375
1403637258.438318729 0.26378 -0.88417 0.36531 -0.15041 0.79037 0.21417 0.55392
1403637258.538319111 0.23644 -0.82728 0.35048 -0.16177 0.79208 0.21573 0.54763
1403637258.638319016 0.21257 -0.77206 0.33202 -0.16725 0.79103 0.21701 0.547
1403637258.738318920 0.19119 -0.71893 0.31146 -0.16948 0.78786 0.21795 0.55051
1403637258.838319063 0.17191 -0.66917 0.28889 -0.17004 0.78564 0.21801 0.55347
1403637258.938318729 0.15322 -0.62109 0.26852 -0.17227 0.785 0.2158 0.55455
1403637259.038319111 0.13612 -0.57555 0.25781 -0.17402 0.78587 0.21318 0.55379
1403637259.138319016 0.12161 -0.53221 0.25773 -0.1722 0.78565 0.21305 0.55471
1403637259.238318920 0.10666 -0.49389 0.26961 -0.17261 0.7856 0.21115 0.55539
1403637259.338319063 0.09211 -0.45786 0.28414 -0.17326 0.78603 0.20902 0.55538
1403637259.438318729 0.07699 -0.42982 0.2979 -0.17685 0.78623 0.20507 0.55544
1403637259.538319111 0.06394 -0.41027 0.30838 -0.18392 0.78644 0.19938 0.55491
1403637259.638319016 0.05285 -0.39699 0.31531 -0.18474 0.78604 0.19823 0.55562
1403637259.738318920 0.04327 -0.38912 0.31902 -0.17869 0.78755 0.20201 0.55411
1403637259.838319063 0.03502 -0.38223 0.31658 -0.17206 0.78953 0.20637 0.55176
1403637259.938318729 0.02799 -0.37889 0.31203 -0.1769 0.78811 0.20271 0.55362
1403637260.038319111 0.02043 -0.38197 0.30587 -0.17621 0.78591 0.20352 0.55666
1403637260.138319016 0.01517 -0.38564 0.29249 -0.17134 0.78478 0.2074 0.55834
1403637260.238318920 0.00925 -0.39218 0.27553 -0.16422 0.78534 0.21309 0.55756
1403637260.338319063 0.00282 -0.3997 0.25676 -0.15685 0.78427 0.21894 0.55891
1403637260.438318729 -0.00581 -0.40818 0.23772 -0.14795 0.78154 0.22594 0.56237
1403637260.538319111 -0.01591 -0.41321 0.21522 -0.14563 0.78583 0.22812 0.55608
1403637260.638319016 -0.02661 -0.41436 0.19168 -0.14636 0.79267 0.22775 0.54624
1403637260.738318920 -0.03616 -0.41105 0.16908 -0.14937 0.79364 0.22554 0.54493
1403637260.838319063 -0.04511 -0.40471 0.14691 -0.15234 0.78894 0.22434 0.5514
1403637260.938318729 -0.05386 -0.3965 0.12403 -0.15603 0.78449 0.22267 0.55735
1403637261.038319111 -0.06274 -0.38731 0.10065 -0.15695 0.7821 0.22256 0.56049
1403637261.138319016 -0.0736 -0.37815 0.07656 -0.15636 0.78741 0.2231 0.55296
1403637261.238318920 -0.08503 -0.36805 0.05442 -0.15332 0.79429 0.22525 0.54301
1403637261.338319063 -0.09423 -0.35543 0.03837 -0.15196 0.79535 0.22591 0.54156
1403637261.438318729 -0.09929 -0.33791 0.02964 -0.15754 0.79061 0.22153 0.54868
1403637261.538319111 -0.10447 -0.3223 0.02352 -0.16129 0.79069 0.21867 0.54861
1403637261.638319016 -0.10828 -0.30721 0.01858 -0.15719 0.79748 0.22118 0.53888
1403637261.738318920 -0.10836 -0.29053 0.01994 -0.15354 0.79998 0.22303 0.53545
1403637261.838319063 -0.10451 -0.27191 0.02772 -0.15477 0.79355 0.22191 0.54505
1403637261.938318729 -0.09871 -0.25177 0.03265 -0.15748 0.78773 0.21935 0.55368
1403637262.038319111 -0.09341 -0.23324 0.02852 -0.15988 0.78461 0.21627 0.55861
1403637262.138319016 -0.08853 -0.2163 0.01486 -0.16324 0.7837 0.21258 0.56033
1403637262.238318920 -0.0846 -0.20124 -0.00668 -0.16636 0.78358 0.20928 0.56083
1403637262.338319063 -0.08458 -0.19752 -0.02221 -0.1996 0.77248 0.18503 0.57375
1403637262.438318729 -0.08609 -0.20668 -0.02535 -0.15983 0.78135 0.1932 0.57151
1403637262.538319111 -0.09002 -0.21344 -0.03458 -0.17299 0.77886 0.16531 0.57977
1403637262.638319016 -0.09018 -0.21864 -0.03443 -0.16939 0.77163 0.16274 0.59111
1403637262.738318920 -0.08551 -0.21759 -0.04056 -0.16341 0.78455 0.16666 0.57445
1403637262.838319063 -0.08672 -0.21996 -0.03444 -0.1665 0.78029 0.16545 0.5797
1403637262.938318729 -0.09234 -0.21702 -0.02581 -0.16561 0.78049 0.16557 0.57964
1403637263.038319111 -0.09281 -0.21647 -0.02576 -0.16613 0.78087 0.16552 0.57901
1403637263.138319016 -0.09288 -0.21628 -0.02579 -0.16673 0.78097 0.16521 0.57878
1403637263.238318920 -0.09288 -0.21621 -0.02579 -0.16693 0.78111 0.16516 0.57855
1403637263.338319063 -0.0929 -0.21642 -0.02577 -0.16651 0.781 0.16531 0.57877
1403637263.438318729 -0.09288 -0.21631 -0.02584 -0.16678 0.78112 0.16522 0.57856
1403637263.538319111 -0.09296 -0.21639 -0.02582 -0.16691 0.78112 0.16514 0.57855
1403637263.638319016 -0.09288 -0.21641 -0.02587 -0.16677 0.78114 0.16515 0.57857
1403637263.738318920 -0.09278 -0.21645 -0.02588 -0.16663 0.78108 0.16523 0.57865
1403637263.838319063 -0.0928 -0.21658 -0.02588 -0.16632 0.7811 0.16535 0.57869
1403637263.938318729 -0.09277 -0.21648 -0.02591 -0.16663 0.78117 0.16512 0.57856
1403637264.038319111 -0.09283 -0.21649 -0.02592 -0.16684 0.7812 0.16499 0.5785
1403637264.138319016 -0.09285 -0.2165 -0.02595 -0.16694 0.78124 0.1649 0.57845
1403637264.238318920 -0.09277 -0.21647 -0.02596 -0.16696 0.78129 0.16488 0.57838
1403637264.338319063 -0.09271 -0.2165 -0.02599 -0.16674 0.78125 0.16498 0.57847
1403637264.438318729 -0.09265 -0.21645 -0.02603 -0.16683 0.78126 0.16492 0.57844
1403637264.538319111 -0.09264 -0.21646 -0.02601 -0.16686 0.78128 0.16487 0.57842
1403637264.638319016 -0.09263 -0.21649 -0.026 -0.16676 0.78128 0.16487 0.57845
1403637264.738318920 -0.09262 -0.21651 -0.026 -0.16673 0.78132 0.16488 0.57841
1403637264.838319063 -0.09263 -0.21655 -0.02599 -0.16666 0.78132 0.16486 0.57843
1403637264.938318729 -0.09258 -0.2165 -0.02599 -0.16679 0.78137 0.16479 0.57835
1403637265.038319111 -0.09259 -0.21655 -0.02596 -0.16679 0.78139 0.1648 0.57832
1403637265.138319016 -0.09259 -0.21653 -0.02596 -0.16669 0.78142 0.16483 0.57829
1403637265.238318920 -0.09261 -0.21652 -0.02597 -0.1667 0.78144 0.16478 0.57828
1403637265.338319063 -0.09261 -0.21656 -0.02594 -0.16674 0.78144 0.16478 0.57827
1403637265.438318729 -0.09255 -0.21648 -0.02594 -0.16675 0.78146 0.16475 0.57825
