1413393891.055760 0.0669517 0.9695795 -0.3475237 -0.8129221 0.0029450 -0.0168360 0.5821216
1413393891.205760 0.0250463 0.9733476 -0.3168665 -0.8125002 0.0033708 -0.0150916 0.5827557
1413393891.455760 -0.0488694 0.9734058 -0.3075790 -0.7556280 0.0055225 -0.0083244 0.6549249
1413393892.705760 -0.4202156 -0.4801655 -0.2875172 -0.8384136 0.0066617 -0.0247116 0.5444333
1413393892.955760 -0.5152085 -0.7345333 -0.3256961 -0.8712968 0.0041947 -0.0265859 0.4900179
1413393893.205760 -0.6241880 -0.8419151 -0.3277991 -0.8734415 -0.0001118 -0.0255316 0.4862594
1413393893.705760 -0.8486336 -0.6429325 -0.2545884 -0.8586201 0.0271426 0.0112018 0.5117708
1413393893.755760 -0.8652934 -0.5994000 -0.2453809 -0.8567563 0.0293659 0.0143632 0.5146843
1413393893.805760 -0.8800433 -0.5520423 -0.2357609 -0.8546719 0.0300541 0.0153905 0.5180693
1413393893.855761 -0.8927038 -0.5009646 -0.2251911 -0.8499192 0.0309164 0.0152165 0.5257851
1413393893.955760 -0.9121863 -0.3903400 -0.2039353 -0.8380864 0.0286013 0.0124111 0.5446460
1413393894.005760 -0.9195241 -0.3320302 -0.1932810 -0.8333625 0.0282611 0.0112354 0.5518897
1413393894.055760 -0.9256187 -0.2725742 -0.1826648 -0.8301465 0.0268592 0.0104760 0.5567995
1413393894.155761 -0.9337802 -0.1505642 -0.1602629 -0.8268511 0.0268747 0.0112760 0.5616652
1413393894.255760 -0.9356527 -0.0259454 -0.1376045 -0.8259835 0.0279253 0.0131508 0.5628486
1413393894.305760 -0.9343726 0.0373489 -0.1271048 -0.8257184 0.0293409 0.0148135 0.5631242
1413393894.555760 -0.9086196 0.3617303 -0.1340848 -0.8228947 0.0240405 0.0075088 0.5676354
1413393894.705760 -0.8795080 0.5620982 -0.1690671 -0.8202267 0.0197043 0.0010485 0.5716982
1413393894.805760 -0.8559613 0.6958560 -0.1901714 -0.8193411 0.0179701 0.0009883 0.5730239
1413393895.105761 -0.7727934 1.0918307 -0.2305834 -0.8055123 0.0116584 -0.0011628 0.5924633
1413393895.205760 -0.7425538 1.2174282 -0.2391812 -0.8080959 0.0097002 -0.0015500 0.5889691
1413393895.255760 -0.7271500 1.2788727 -0.2426202 -0.8091884 0.0090932 -0.0020604 0.5874752
1413393895.305760 -0.7118621 1.3395822 -0.2468005 -0.8086194 0.0086745 -0.0018083 0.5882653
1413393895.405761 -0.6813620 1.4573709 -0.2595267 -0.8053377 0.0082493 -0.0023938 0.5927541
1413393895.505760 -0.6498109 1.5692036 -0.2821164 -0.8035625 0.0098239 -0.0049253 0.5951190
1413393895.605761 -0.6168996 1.6763625 -0.3070588 -0.8041477 0.0185881 -0.0085954 0.5940766
1413393895.705760 -0.5823006 1.7786891 -0.3276840 -0.8018565 0.0278936 -0.0203749 0.5965174
1413393895.855761 -0.5281824 1.9239311 -0.3502803 -0.7967386 0.0537294 -0.0415562 0.6004946
1413393895.955760 -0.4910101 2.0105460 -0.3611445 -0.7945037 0.0788864 -0.0613369 0.5989813
1413393896.055760 -0.4513974 2.0869279 -0.3727930 -0.7932377 0.1069220 -0.0876143 0.5930138
1413393899.005760 0.3499112 3.2425644 -0.1576579 -0.6427813 0.6182295 -0.2777784 0.3570206
1413393899.505760 0.5559490 3.3414721 0.0240257 -0.5241817 0.4706501 -0.4788939 0.5238155
1413393899.605761 0.5502586 3.3659749 0.0668924 -0.4961250 0.4581029 -0.4786458 0.5611596
1413393899.655761 0.5319958 3.3749647 0.0838609 -0.4924601 0.4611899 -0.4679207 0.5708215
1413393899.705760 0.5034969 3.3809571 0.0971780 -0.4983920 0.4704025 -0.4511218 0.5716782
1413393899.755760 0.4660940 3.3833153 0.1066694 -0.5136336 0.4880906 -0.4264166 0.5622429
1413393900.055760 0.1572211 3.3051176 0.1279919 -0.6208012 0.6064668 -0.2595604 0.4235945
1413393900.155761 0.0792170 3.2440498 0.1289883 -0.6379549 0.6193061 -0.2483362 0.3844510
1413393900.205760 0.0524530 3.2084291 0.1277084 -0.6457689 0.6201970 -0.2514768 0.3675562
1413393900.305760 0.0261188 3.1307709 0.1223791 -0.6611838 0.6070905 -0.2787580 0.3414250
1413393900.805760 0.1603673 2.8373680 0.0008956 -0.5483839 0.4761597 -0.4750905 0.4968260
1413393900.905761 0.1449981 2.7970040 -0.0359508 -0.5400467 0.4856000 -0.4598052 0.5110003
1413393901.205760 -0.0355387 2.6432018 -0.1418403 -0.6146402 0.5660467 -0.3512645 0.4224000
1413393901.305760 -0.0972691 2.5789263 -0.1668839 -0.6417453 0.5740875 -0.3385745 0.3794127
1413393901.405761 -0.1396313 2.5171735 -0.1831239 -0.6562166 0.5777974 -0.3323620 0.3536460
1413393901.505760 -0.1580629 2.4615743 -0.1942421 -0.6650395 0.5798990 -0.3294615 0.3359981
1413393901.655761 -0.1187582 2.3817618 -0.1602976 -0.6703849 0.5722843 -0.3393275 0.3285294
1413393901.755760 -0.0784256 2.3688703 -0.1379615 -0.6626281 0.5444674 -0.3797562 0.3467918
1413393902.705760 0.6219387 2.6286697 -0.1492152 -0.6192713 0.5277154 -0.4170640 0.4050645
1413393903.555760 1.3324368 3.1653500 0.0748293 0.5571630 -0.5946540 0.4151871 -0.4044450
1413393904.005760 1.7100956 3.3245356 0.0494695 0.4549973 -0.6634958 0.4345107 -0.4049089
1413393904.105761 1.7741268 3.3316550 0.0478172 0.4509599 -0.6681837 0.4366168 -0.3994139
1413393904.355761 1.9028678 3.3008676 0.0297558 0.4635596 -0.6658669 0.4484735 -0.3749737
1413393904.455760 1.9454122 3.2705126 0.0455861 0.4619313 -0.6667976 0.4521614 -0.3708781
1413393904.755760 2.0611432 3.1273470 0.1304194 0.4670689 -0.6928165 0.4690411 -0.2860985
1413393905.205760 2.3315010 2.9147372 0.1413994 0.3677154 -0.7205173 0.5436052 -0.2239054
1413393905.305760 2.4048994 2.8812346 0.1159617 0.3358635 -0.7312998 0.5519813 -0.2184329
1413393905.705760 2.6822519 2.7872934 0.0433926 0.2132506 -0.7831706 0.5543945 -0.1838879
1413393905.905761 2.7794197 2.7414422 0.0280857 0.1463860 -0.8094730 0.5413968 -0.1738217
1413393906.305760 2.8545737 2.5363173 0.0169882 0.1088188 -0.8121797 0.5698133 -0.0619311
1413393906.855761 2.9347594 2.2435162 -0.1727049 0.0134198 -0.7979869 0.5992581 -0.0626621
1413393907.305760 2.8780658 2.1346786 -0.3789722 0.0528318 -0.7970399 0.6015389 0.0093348
1413393907.405761 2.8645163 2.1265974 -0.4178017 0.0676848 -0.7976685 0.5983568 0.0333594
1413393909.655761 2.9307456 2.7743735 -0.6875916 0.0144546 -0.8178449 0.5747249 0.0247428
1413393909.955760 2.9475288 2.9186835 -0.7972504 0.0018643 -0.8481097 0.5286476 0.0351873
1413393910.055760 2.9630406 2.9463038 -0.8436809 -0.0021553 -0.8539418 0.5189592 0.0382121
1413393910.205760 2.9970596 2.9565542 -0.8899460 -0.0119538 -0.8600975 0.5086439 0.0370240
1413393910.305760 3.0238013 2.9391582 -0.9005623 -0.0164153 -0.8635008 0.5027068 0.0371863
1413393910.405761 3.0536897 2.8999133 -0.8961800 -0.0267012 -0.8712614 0.4892585 0.0285796
1413393910.555760 3.0961485 2.8008330 -0.8747201 -0.0406782 -0.8769111 0.4788472 0.0088079
1413393910.705760 3.1264093 2.6543248 -0.8686342 -0.0381811 -0.8688949 0.4935191 -0.0016791
1413393910.805760 3.1389709 2.5354457 -0.8770794 -0.0320627 -0.8597128 0.5097247 -0.0068344
1413393910.905761 3.1461620 2.4034591 -0.8958709 -0.0204081 -0.8506914 0.5251942 -0.0088722
1413393910.955760 3.1480825 2.3333421 -0.9080067 -0.0130485 -0.8436085 0.5367278 -0.0088118
1413393911.055760 3.1502373 2.1880102 -0.9378384 0.0008681 -0.8307981 0.5564432 -0.0120338
1413393911.155761 3.1508057 2.0405970 -0.9713872 0.0121698 -0.8227847 0.5679262 -0.0183586
1413393911.255760 3.1495152 1.8924555 -1.0055853 0.0220394 -0.8180152 0.5743998 -0.0207453
1413393911.355761 3.1468968 1.7444924 -1.0385638 0.0282055 -0.8100630 0.5853016 -0.0206009
1413393911.455760 3.1441784 1.5989126 -1.0677792 0.0324573 -0.7968411 0.6031149 -0.0155918
1413393911.555760 3.1434035 1.4622366 -1.0940614 0.0351240 -0.7897818 0.6123188 -0.0087585
1413393911.655761 3.1454635 1.3391504 -1.1067457 0.0343554 -0.7831438 0.6208735 -0.0046508
1413393911.755760 3.1466589 1.2309235 -1.1162457 0.0276436 -0.7804244 0.6246189 -0.0049825
1413393911.855761 3.1526787 1.1405902 -1.1018819 0.0285842 -0.7972372 0.6029413 0.0075966
1413393911.905761 3.1566377 1.1020566 -1.0858253 0.0221721 -0.8052085 0.5925765 0.0009576
1413393912.005760 3.1659665 1.0264691 -1.0487309 0.0044667 -0.8271707 0.5616286 -0.0184932
1413393912.105761 3.1708124 0.9424111 -1.0006602 -0.0071646 -0.8466380 0.5312735 -0.0300204
1413393912.205760 3.1684597 0.8449377 -0.9488411 -0.0145615 -0.8586568 0.5113065 -0.0325913
1413393912.305760 3.1596124 0.7298562 -0.8981863 -0.0181810 -0.8634596 0.5031488 -0.0307930
1413393912.405761 3.1385045 0.6012146 -0.8402337 -0.0204811 -0.8579404 0.5125693 -0.0281367
1413393912.455760 3.1268058 0.5279601 -0.8120660 -0.0208057 -0.8503419 0.5251520 -0.0264826
1413393912.555760 3.0956831 0.3772557 -0.7560340 -0.0194034 -0.8331194 0.5522246 -0.0241572
1413393912.655761 3.0598123 0.2203900 -0.7087600 -0.0165484 -0.8193187 0.5727540 -0.0198996
1413393912.705760 3.0416565 0.1357040 -0.6813501 -0.0135821 -0.8138596 0.5806413 -0.0174284
1413393912.805760 3.0020394 -0.0317833 -0.6356739 -0.0080594 -0.8040793 0.5943720 -0.0106504
1413393912.855761 2.9815795 -0.1153709 -0.6184372 -0.0075704 -0.8007227 0.5989609 -0.0056331
1413393912.955760 2.9391820 -0.2780735 -0.5948185 -0.0139120 -0.7978414 0.6026855 0.0050880
1413393913.055760 2.8946123 -0.4336889 -0.5799911 -0.0349566 -0.7968553 0.6030936 0.0088162
1413393913.155761 2.8473046 -0.5832086 -0.5733786 -0.0642549 -0.7907966 0.6085874 0.0115514
1413393913.205760 2.8219414 -0.6549370 -0.5735592 -0.0802600 -0.7867568 0.6118578 0.0142182
1413393913.355761 2.7352133 -0.8523965 -0.5887537 -0.1321296 -0.7803882 0.6105204 0.0282994
1413393913.555760 2.5837040 -1.0761909 -0.6035054 -0.2053308 -0.7634875 0.6092071 0.0615874
1413393913.605761 2.5375898 -1.1236625 -0.6074778 -0.2208336 -0.7562272 0.6112476 0.0756922
1413393913.655761 2.4883552 -1.1669867 -0.6098803 -0.2355753 -0.7477494 0.6140057 0.0914988
1413393913.705760 2.4366074 -1.2059479 -0.6099036 -0.2493045 -0.7400647 0.6151969 0.1080932
1413393913.805760 2.3274627 -1.2693615 -0.6009187 -0.2776343 -0.7243456 0.6157864 0.1380211
1413393913.855761 2.2714739 -1.2936741 -0.5955679 -0.2914450 -0.7174154 0.6141796 0.1521786
1413393913.955760 2.1580331 -1.3255141 -0.5810876 -0.3190180 -0.7056916 0.6071035 0.1779108
1413393914.055760 2.0440342 -1.3364857 -0.5628834 -0.3386993 -0.6917159 0.6002346 0.2157089
1413393914.105761 1.9883494 -1.3345232 -0.5534419 -0.3473048 -0.6867317 0.5930152 0.2368796
1413393914.155761 1.9337807 -1.3279905 -0.5438979 -0.3563007 -0.6844402 0.5815269 0.2577169
1413393914.255760 1.8320677 -1.3046081 -0.5256412 -0.3802238 -0.6869888 0.5474437 0.2894506
1413393914.405761 1.6970972 -1.2588060 -0.4910548 -0.4218004 -0.6787655 0.5079062 0.3215480
1413393914.955760 1.2812321 -1.0531609 -0.3399879 -0.5642819 -0.5957637 0.4388844 0.3661038
1413393915.055760 1.2039530 -1.0011582 -0.3123897 -0.5729029 -0.5975891 0.4162618 0.3760262
1413393915.155761 1.1229751 -0.9493744 -0.2842473 -0.5779552 -0.5995787 0.4011900 0.3814705
1413393915.305760 0.9906989 -0.8764915 -0.2482576 -0.5796317 -0.5999793 0.3931769 0.3866057
1413393917.255760 -0.4229593 -1.1449552 0.0999330 -0.7309466 -0.3451174 0.2978187 0.5078533
1413393917.355761 -0.4585668 -1.1701880 0.1237610 -0.7533878 -0.3124487 0.2719544 0.5107088
1413393917.555760 -0.5078062 -1.1957834 0.1497570 -0.7938542 -0.2370175 0.2170816 0.5162304
1413393917.655761 -0.5205713 -1.1964967 0.1460685 -0.8096293 -0.2012430 0.1792978 0.5213961
1413393918.305760 -0.5085286 -1.0251303 0.1416614 -0.8252716 0.0749278 0.0037791 0.5597306
1413393918.405761 -0.4784442 -0.9972875 0.1522212 -0.8236777 0.1150104 -0.0202338 0.5549038
1413393918.455760 -0.4591878 -0.9833772 0.1582835 -0.8225793 0.1345943 -0.0336705 0.5514652
1413393918.555760 -0.4130120 -0.9532150 0.1734807 -0.8179247 0.1762807 -0.0601892 0.5443359
1413393918.655761 -0.3537572 -0.9189460 0.1902670 -0.8047194 0.2181103 -0.0908220 0.5446153
1413393918.705760 -0.3189223 -0.9007810 0.1932192 -0.7950771 0.2408434 -0.1067855 0.5463001
1413393918.755760 -0.2809496 -0.8826425 0.1966875 -0.7854673 0.2655767 -0.1209375 0.5457879
1413393918.805760 -0.2394848 -0.8655594 0.2004015 -0.7730296 0.2915983 -0.1351198 0.5469354
1413393919.105761 0.0581301 -0.8043747 0.2183626 -0.6735604 0.4238270 -0.2641648 0.5448890
1413393919.155761 0.1098562 -0.8057231 0.2217117 -0.6571046 0.4438777 -0.2847577 0.5386087
1413393919.205760 0.1610517 -0.8110271 0.2254157 -0.6386130 0.4626921 -0.3049544 0.5339403
1413393919.305760 0.2590210 -0.8315817 0.2338274 -0.5979202 0.4967450 -0.3433169 0.5271332
1413393919.405761 0.3452252 -0.8655327 0.2368188 -0.5550475 0.5264416 -0.3736770 0.5245446
1413393919.505760 0.4169249 -0.9124706 0.2285067 -0.5237957 0.5571649 -0.3868765 0.5152979
1413393919.555760 0.4472472 -0.9417403 0.2209487 -0.5113279 0.5718912 -0.3907793 0.5087000
1413393919.805760 0.5468367 -1.1445057 0.1484751 0.4774248 -0.5975434 0.4400664 -0.4704775
1413393919.855761 0.5558572 -1.1941445 0.1280966 0.4779532 -0.5919524 0.4563227 -0.4614354
1413393919.955760 0.5592216 -1.2959777 0.0796958 0.4854013 -0.5829367 0.4784555 -0.4423243
1413393920.055760 0.5457418 -1.3966045 0.0217510 0.4962524 -0.5817537 0.4828135 -0.4268340
1413393920.405761 0.3958859 -1.7177224 -0.2119713 0.5224280 -0.5848998 0.4687866 -0.4064485
1413393920.605761 0.2596655 -1.8769622 -0.3375427 0.5427465 -0.5945196 0.4482486 -0.3886462
1413393920.705760 0.1903102 -1.9505544 -0.3942218 0.5487810 -0.5940925 0.4448717 -0.3846852
1413393920.805760 0.1220136 -2.0192919 -0.4484500 0.5521747 -0.5927153 0.4433498 -0.3837090
1413393920.905761 0.0548277 -2.0836496 -0.5026126 0.5582639 -0.5919411 0.4419675 -0.3776401
1413393921.005760 -0.0105791 -2.1428399 -0.5564645 0.5676456 -0.5964251 0.4337884 -0.3659005
1413393921.205760 -0.1202056 -2.2438853 -0.6573021 0.5856921 -0.6057469 0.4164866 -0.3414299
1413393921.305760 -0.1559999 -2.2842562 -0.6999536 0.5886676 -0.6069123 0.4142228 -0.3369680
1413393921.555760 -0.1815593 -2.3544233 -0.7802570 0.5724711 -0.5992916 0.4269126 -0.3617624
1413393921.705760 -0.1701026 -2.3806539 -0.8271950 0.5615959 -0.5918666 0.4401315 -0.3749509
1413393921.955760 -0.1477804 -2.4015722 -0.9529917 0.5457440 -0.5807876 0.4601137 -0.3913370
1413393922.155761 -0.1436000 -2.3984134 -1.0663370 0.5485532 -0.5880809 0.4545751 -0.3828992
1413393922.355761 -0.1473930 -2.3781834 -1.1848714 0.5703176 -0.6185734 0.4158683 -0.3451934
1413393922.455760 -0.1351602 -2.3630934 -1.2374377 0.5723518 -0.6304888 0.4007499 -0.3380783
1413393922.655761 -0.0610797 -2.3341928 -1.3206450 0.5437672 -0.6393222 0.3943617 -0.3742503
1413393922.755760 -0.0068669 -2.3289957 -1.3576176 0.5351759 -0.6380892 0.3962615 -0.3865307
1413393922.855761 0.0536997 -2.3332632 -1.3940370 0.5389652 -0.6367390 0.3972889 -0.3824153
1413393922.955760 0.1211414 -2.3464491 -1.4237323 0.5507870 -0.6351527 0.3985259 -0.3665950
1413393923.055760 0.1974494 -2.3653755 -1.4401536 0.5651146 -0.6304908 0.4048867 -0.3452441
1413393923.155761 0.2876990 -2.3842282 -1.4418061 0.5722692 -0.6286039 0.4081965 -0.3327774
1413393923.205760 0.3386598 -2.3926992 -1.4372699 0.5738708 -0.6279966 0.4094047 -0.3296671
1413393923.305760 0.4519341 -2.4065216 -1.4223832 0.5692462 -0.6283918 0.4110819 -0.3348047
1413393923.355761 0.5138948 -2.4115281 -1.4125136 0.5621030 -0.6307080 0.4080005 -0.3460971
1413393923.455760 0.6474006 -2.4196210 -1.3869259 0.5517912 -0.6343567 0.3920584 -0.3733743
1413393923.555760 0.7779813 -2.4317718 -1.3522760 0.5513967 -0.6243785 0.3787615 -0.4033026
1413393923.655761 0.9043896 -2.4522784 -1.3113264 0.5693409 -0.5990545 0.3686868 -0.4255053
1413393923.755760 1.0334918 -2.4825954 -1.2821970 -0.6041463 0.5622928 -0.3653054 0.4305647
1413393923.855761 1.1577873 -2.5215840 -1.2764564 -0.6406304 0.5264799 -0.3502362 0.4355987
1413393923.905761 1.2202556 -2.5412862 -1.2707183 -0.6575388 0.5086769 -0.3414886 0.4384929
1413393923.955760 1.2825994 -2.5605695 -1.2622929 -0.6719963 0.4925277 -0.3311284 0.4429350
1413393924.005760 1.3455060 -2.5763469 -1.2505705 -0.6859077 0.4773394 -0.3200251 0.4463873
1413393924.105761 1.4752674 -2.6158953 -1.2385781 -0.7090521 0.4460144 -0.3000500 0.4563841
1413393924.155761 1.5401847 -2.6211326 -1.2320546 -0.7213907 0.4269976 -0.2977422 0.4567474
1413393924.205760 1.6052037 -2.6015701 -1.2067884 -0.7326625 0.4059933 -0.2997885 0.4566201
1413393924.255760 1.6707213 -2.5800543 -1.1810677 -0.7431321 0.3822486 -0.3050277 0.4567262
1413393924.305760 1.7362592 -2.5558012 -1.1549926 -0.7521245 0.3610398 -0.3099138 0.4559742
1413393924.355761 1.8011308 -2.5281904 -1.1285131 -0.7603791 0.3410100 -0.3155489 0.4538333
1413393924.405761 1.8649132 -2.4966547 -1.1010294 -0.7668211 0.3226648 -0.3224417 0.4515575
1413393924.455760 1.9272572 -2.4603131 -1.0727175 -0.7724833 0.3062151 -0.3304133 0.4475812
1413393924.505760 1.9871317 -2.4178696 -1.0424750 -0.7762031 0.2923828 -0.3373598 0.4452073
1413393924.555760 2.0431800 -2.3697810 -1.0103190 -0.7784700 0.2804861 -0.3436813 0.4440667
1413393924.605761 2.0960343 -2.3147631 -0.9764867 -0.7776882 0.2690700 -0.3516191 0.4462806
1413393924.655761 2.1453865 -2.2889991 -0.9676657 -0.7755275 0.2581337 -0.3595886 0.4501335
1413393924.705760 2.1898623 -2.2629452 -0.9618270 -0.7719643 0.2474898 -0.3681028 0.4553244
1413393924.755760 2.2274625 -2.2296083 -0.9519503 -0.7672974 0.2404249 -0.3749395 0.4613793
1413393924.805760 2.2580838 -2.1884534 -0.9381400 -0.7636895 0.2374549 -0.3796046 0.4650740
1413393924.855761 2.2806954 -2.1391621 -0.9196622 -0.7605380 0.2432523 -0.3754124 0.4706119
1413393924.905761 2.2959547 -2.0811183 -0.8955440 -0.7587197 0.2561990 -0.3641905 0.4754700
1413393924.955760 2.3047271 -2.0162625 -0.8669275 -0.7580016 0.2754466 -0.3445406 0.4804732
1413393925.005760 2.3073063 -1.9468830 -0.8341922 -0.7569436 0.2924283 -0.3241612 0.4862526
1413393925.055760 2.3059359 -1.8739604 -0.7982816 -0.7562487 0.3065451 -0.3046197 0.4912483
1413393925.155761 2.2995329 -1.7208698 -0.7114003 -0.7593359 0.3268216 -0.2644816 0.4966349
1413393925.205760 2.2961004 -1.6414905 -0.6643714 -0.7621428 0.3346013 -0.2403102 0.4994309
1413393925.255760 2.2927411 -1.5588840 -0.6158088 -0.7664801 0.3385673 -0.2171669 0.5007185
1413393925.305760 2.2932653 -1.4765958 -0.5678125 -0.7708560 0.3387682 -0.1971288 0.5021527
1413393925.405761 2.2917113 -1.2992916 -0.4617546 -0.7765299 0.3235866 -0.1826565 0.5088513
1413393925.455760 2.3029311 -1.2278639 -0.4222285 -0.7778098 0.3154242 -0.1803081 0.5128435
1413393925.505760 2.2854884 -1.1347722 -0.3624558 -0.7778688 0.3071610 -0.1810928 0.5174724
1413393925.605761 2.2971296 -0.9876622 -0.2684256 -0.7796775 0.2970565 -0.1758074 0.5224484
1413393925.655761 2.3082387 -0.9155008 -0.2262813 -0.7796898 0.2923751 -0.1747057 0.5254318
1413393925.705760 2.3203595 -0.8416486 -0.1902082 -0.7802802 0.2879528 -0.1746035 0.5270289
1413393925.755760 2.3343444 -0.7671218 -0.1615672 -0.7801068 0.2840378 -0.1757296 0.5290321
1413393925.805760 2.3497577 -0.6921892 -0.1409781 -0.7792213 0.2807897 -0.1766362 0.5317621
1413393925.855761 2.3660107 -0.6168310 -0.1269115 -0.7777292 0.2780786 -0.1780481 0.5348911
1413393926.055760 2.4388771 -0.3155215 -0.1182472 -0.7589337 0.2688367 -0.1873884 0.5627007
1413393926.305760 2.5265322 0.0252835 -0.1300613 -0.7454733 0.2743991 -0.1822371 0.5794517
1413393926.355761 2.5425539 0.0859078 -0.1312571 -0.7491090 0.2765001 -0.1794793 0.5746047
1413393926.455760 2.5750918 0.1994407 -0.1315035 -0.7554786 0.2743160 -0.1763268 0.5682533
1413393926.905761 2.7059932 0.6143895 -0.1778183 -0.7743437 0.2008459 -0.1487040 0.5813261
1413393927.155761 2.7628393 0.7849675 -0.1102810 -0.8047647 0.1772126 -0.0975004 0.5580710
1413393927.255760 2.7941699 0.8520852 -0.0718341 -0.8099669 0.1780780 -0.0772345 0.5534227
1413393927.355761 2.8342633 0.9200554 -0.0347896 -0.8203709 0.1714185 -0.0671072 0.5413907
1413393927.455760 2.8863242 0.9916941 0.0048678 -0.8268970 0.1488476 -0.0761954 0.5369172
1413393927.505760 2.9157269 1.0301929 0.0258801 -0.8268903 0.1341136 -0.0861718 0.5392962
1413393927.605761 2.9755998 1.1125311 0.0697660 -0.8259933 0.1038338 -0.1048691 0.5440186
1413393927.705760 3.0313356 1.2017834 0.1166821 -0.8208288 0.0711956 -0.1195138 0.5539744
1413393927.905761 3.1053369 1.3959610 0.2238104 -0.8031131 0.0252915 -0.1392966 0.5787627
1413393928.005760 3.1152592 1.4954057 0.2807453 -0.7982545 0.0186168 -0.1398095 0.5855736
1413393928.705760 2.7555423 2.0940094 0.4646521 -0.7755827 0.0860000 -0.0612422 0.6223543
1413393929.055760 2.5075510 2.2458029 0.4960678 -0.7762228 0.0846804 -0.1197919 0.6131536
1413393929.155761 2.4271481 2.2673357 0.5119202 -0.7754512 0.0993228 -0.1393312 0.6077806
1413393929.205760 2.3840461 2.2751334 0.5206487 -0.7761413 0.1096439 -0.1483979 0.6029602
1413393929.305760 2.2916408 2.2853384 0.5401068 -0.7771658 0.1388001 -0.1614328 0.5921885
1413393929.955760 1.6011482 2.2917595 0.7099583 -0.7199453 0.3758069 -0.2450735 0.5295158
1413393930.105761 1.4486516 2.2827411 0.7489274 -0.6939260 0.4270321 -0.2510274 0.5225854
1413393930.305760 1.2722861 2.2583265 0.7786663 -0.6781244 0.4551709 -0.2718080 0.5090061
1413393931.155761 0.6279155 1.9446537 0.3949602 -0.6860790 0.4271055 -0.2943386 0.5101386
1413393931.405761 0.4674215 1.8192372 0.3497394 -0.6923660 0.4346928 -0.2736835 0.5067236
1413393931.505760 0.4118272 1.7638133 0.3186330 -0.6913403 0.4393198 -0.2643021 0.5091082
1413393931.605761 0.3599912 1.7018900 0.2763580 -0.6915749 0.4413500 -0.2582816 0.5101226
1413393931.755760 0.2975036 1.5990293 0.1968665 -0.6922401 0.4394757 -0.2561741 0.5118980
1413393931.905761 0.2548488 1.4843817 0.1059682 -0.6944503 0.4363535 -0.2571692 0.5110758
1413393932.055760 0.2305663 1.3575435 0.0247334 -0.6981062 0.4312103 -0.2616104 0.5081983
1413393932.205760 0.2236997 1.2221237 -0.0451813 -0.7066040 0.4215390 -0.2739343 0.4979715
1413393932.505760 0.2484635 0.9589263 -0.1615720 -0.7188839 0.4047533 -0.3004356 0.4786641
1413393932.655761 0.2703723 0.8507574 -0.2079856 -0.7151484 0.4020607 -0.3095171 0.4807381
1413393932.805760 0.2921665 0.7589481 -0.2456817 -0.7090660 0.4023780 -0.3152438 0.4857354
1413393932.955760 0.3118833 0.6809256 -0.2758738 -0.7034429 0.3992558 -0.3258725 0.4894588
1413393933.055760 0.3208843 0.6370063 -0.2897741 -0.6928316 0.3920273 -0.3352757 0.5038742
1413393933.155761 0.3207161 0.5969273 -0.3006648 -0.6834649 0.3869991 -0.3399357 0.5172535
1413393933.255760 0.3092990 0.5580563 -0.3074126 -0.6775620 0.3910756 -0.3332250 0.5262421
1413393933.355761 0.2868839 0.5186079 -0.3086801 -0.6710815 0.4017159 -0.3174561 0.5361862
1413393933.505760 0.2392733 0.4481789 -0.3057248 -0.6693998 0.4258124 -0.2823612 0.5393143
1413393933.655761 0.1911343 0.3578303 -0.3118449 -0.6755186 0.4436543 -0.2584230 0.5292099
1413393933.755760 0.1654353 0.2857639 -0.3253376 -0.6844836 0.4384696 -0.2681945 0.5170091
1413393933.855761 0.1436984 0.2069194 -0.3472670 -0.6935922 0.4294374 -0.2826726 0.5045885
1413393934.005760 0.1172943 0.0877191 -0.3838197 -0.6940745 0.4157104 -0.3025801 0.5038758
1413393934.105761 0.1000300 0.0092560 -0.3932565 -0.6870068 0.4028733 -0.3194880 0.5134610
1413393934.205760 0.0756608 -0.0686398 -0.3908283 -0.6851535 0.3961161 -0.3268541 0.5165492
1413393934.305760 0.0432543 -0.1453312 -0.3858448 -0.6866232 0.3987647 -0.3190837 0.5174175
1413393934.405761 0.0059531 -0.2209378 -0.3900379 -0.6903891 0.4091526 -0.3009820 0.5151377
1413393934.505760 -0.0312248 -0.2984818 -0.4093229 -0.6926832 0.4186894 -0.2849461 0.5135123
1413393934.605761 -0.0666737 -0.3784822 -0.4410142 -0.6925514 0.4266638 -0.2715054 0.5144078
1413393934.705760 -0.0963513 -0.4641097 -0.4822579 -0.6890532 0.4343539 -0.2593784 0.5189077
1413393934.805760 -0.1240559 -0.5518937 -0.5309296 -0.6903278 0.4420674 -0.2363851 0.5216762
1413393934.955760 -0.1581072 -0.6808614 -0.6097587 -0.7101431 0.4326878 -0.2046673 0.5163229
1413393935.055760 -0.1649904 -0.7774280 -0.6757848 -0.7399191 0.3950108 -0.2096478 0.5025275
1413393935.155761 -0.1616781 -0.8719772 -0.7399911 -0.7678978 0.3492187 -0.2125338 0.4931619
1413393935.255760 -0.1479893 -0.9579517 -0.7887275 -0.7889875 0.3064021 -0.2020046 0.4927581
1413393935.355761 -0.1252227 -1.0308437 -0.8203676 -0.8035382 0.2694152 -0.1816895 0.4987291
1413393935.455760 -0.0966231 -1.0905099 -0.8354709 -0.8137201 0.2287541 -0.1653062 0.5081387
1413393935.555760 -0.0654910 -1.1368625 -0.8354228 -0.8213142 0.1854937 -0.1515442 0.5177543
1413393935.655761 -0.0331733 -1.1701486 -0.8272412 -0.8286054 0.1437225 -0.1455724 0.5211198
1413393935.755760 -0.0030655 -1.1894627 -0.8170871 -0.8328803 0.1050306 -0.1497014 0.5223681
1413393935.855761 0.0181746 -1.1943932 -0.8060571 -0.8332829 0.0666157 -0.1584476 0.5254487
1413393935.955760 0.0207976 -1.1846106 -0.7916861 -0.8328677 0.0444696 -0.1428758 0.5328606
1413393936.055760 0.0033578 -1.1630691 -0.7730794 -0.8320886 0.0365951 -0.0993360 0.5444462
1413393936.155761 -0.0265102 -1.1336861 -0.7518271 -0.8295145 0.0249540 -0.0497184 0.5557077
1413393936.255760 -0.0611624 -1.0987108 -0.7284598 -0.8280033 0.0081630 0.0016323 0.5606615
1413393936.355761 -0.0925946 -1.0596658 -0.7053205 -0.8272479 -0.0172070 0.0466260 0.5596347
1413393936.455760 -0.1179397 -1.0165384 -0.6822566 -0.8244380 -0.0507297 0.0811707 0.5577991
1413393936.555760 -0.1349359 -0.9680231 -0.6576818 -0.8138516 -0.0937268 0.1016773 0.5643781
1413393936.705760 -0.1483583 -0.8897254 -0.6170819 -0.7871209 -0.1501197 0.1297856 0.5840040
1413393936.805760 -0.1502879 -0.8403039 -0.5897605 -0.7713551 -0.1812212 0.1480678 0.5918159
1413393936.905761 -0.1473792 -0.7963979 -0.5610628 -0.7567410 -0.2126840 0.1649565 0.5957331
1413393937.005760 -0.1408668 -0.7596931 -0.5300488 -0.7412038 -0.2471874 0.1805713 0.5974188
1413393937.105761 -0.1308384 -0.7333441 -0.4960924 -0.7251208 -0.2826112 0.1968769 0.5962971
1413393937.205760 -0.1166498 -0.7192310 -0.4589386 -0.7096586 -0.3142655 0.2172656 0.5919608
1413393937.405761 -0.0649650 -0.7292426 -0.3809846 -0.6863370 -0.3649417 0.2556095 0.5748242
1413393937.855761 0.0646067 -0.8387251 -0.3388927 -0.7251290 -0.4004068 0.2739643 0.4886776
1413393938.505760 0.1507327 -1.0309113 -0.2515860 -0.6559232 -0.4417011 0.3051602 0.5306054
1413393938.605761 0.1617222 -1.0998263 -0.2281396 -0.6516439 -0.4508264 0.3325554 0.5113929
1413393938.855761 0.2194746 -1.2765121 -0.2171741 -0.6265663 -0.4848646 0.3792846 0.4779792
1413393939.655761 0.5788803 -1.8173388 -0.2623980 -0.6487834 -0.6119442 0.3378475 0.3007713
1413393939.755760 0.5804731 -1.8652415 -0.2891034 -0.6511683 -0.6192015 0.3222741 0.2978403
1413393940.355761 0.3933034 -2.0404854 -0.3539863 -0.5419064 -0.4907244 0.4917262 0.4730037
1413393940.655761 0.5727663 -2.0488994 -0.3764637 -0.6506063 -0.5787173 0.3626821 0.3320533
1413393940.755760 0.6053865 -2.0342817 -0.3652324 -0.6742973 -0.5746253 0.3539700 0.2997235
1413393941.005760 0.5588776 -1.9192631 -0.3058587 -0.6301064 -0.5430889 0.3986820 0.3860998
1413393941.255760 0.4827111 -1.7460134 -0.2236788 -0.5530986 -0.4927635 0.4681088 0.4818095
1413393941.605761 0.5645763 -1.4814788 -0.1692780 -0.6206431 -0.5825119 0.3691116 0.3731469
1413393941.755760 0.5764723 -1.3598447 -0.1393703 -0.6392565 -0.6025549 0.3342220 0.3414301
1413393941.855761 0.5548342 -1.2757761 -0.1287320 -0.6430867 -0.6039218 0.3246648 0.3410436
1413393941.955760 0.5045325 -1.1906677 -0.1203029 -0.6308899 -0.5873161 0.3458930 0.3706696
1413393942.255760 0.3080124 -0.9384524 -0.0909005 -0.5541232 -0.5041540 0.4406607 0.4945648
1413393942.355761 0.2733746 -0.8602533 -0.0846251 -0.5451678 -0.4955239 0.4472643 0.5071516
1413393942.455760 0.2650109 -0.7869823 -0.0825309 -0.5533735 -0.5048863 0.4351572 0.4995055
1413393942.555760 0.2848896 -0.7223268 -0.0740737 -0.5770081 -0.5276079 0.4096691 0.4699605
1413393942.755760 0.3896361 -0.6224785 0.0017092 -0.6266062 -0.5752191 0.3443541 0.3973764
1413393942.855761 0.4273283 -0.5751138 0.0263838 -0.6383259 -0.5894407 0.3235074 0.3747570
1413393942.955760 0.4506228 -0.5293988 0.0389708 -0.6406207 -0.6008707 0.3090421 0.3647635
1413393943.055760 0.4551190 -0.4778935 0.0484502 -0.6308903 -0.5967643 0.3209863 0.3779121
1413393943.255760 0.4136402 -0.3867301 0.0808625 -0.5754477 -0.5497510 0.3960373 0.4580265
1413393943.505760 0.4117872 -0.2921489 0.1189510 -0.5415328 -0.5143180 0.4401116 0.4985188
1413393943.555760 0.4292188 -0.2737403 0.1229340 -0.5513424 -0.5239214 0.4269630 0.4891120
1413393943.655761 0.4767850 -0.2414097 0.1290808 -0.5765907 -0.5488771 0.3925101 0.4606657
1413393943.755760 0.5305620 -0.2152303 0.1357887 -0.6045775 -0.5729324 0.3550069 0.4245052
1413393943.855761 0.5768206 -0.1945945 0.1461161 -0.6270279 -0.5871832 0.3233686 0.3968434
1413393943.955760 0.6023409 -0.1775431 0.1649432 -0.6410998 -0.5858433 0.3057944 0.3902159
1413393944.155761 0.5834525 -0.1510609 0.2260704 -0.6456892 -0.5272563 0.3408571 0.4346293
1413393944.455760 0.5621430 -0.0973600 0.1577239 -0.6214634 -0.4187061 0.3968896 0.5300445
1413393944.855761 0.3332925 0.2203712 0.2630879 -0.7074088 -0.4677670 0.2638363 0.4595185
1413393944.955760 0.1761428 0.3564004 0.3658888 -0.7214675 -0.4706955 0.2493838 0.4424229
1413393945.055760 -0.0004011 0.4988844 0.4777237 -0.7202191 -0.4606079 0.2512173 0.4538885
1413393945.405761 -0.1475473 0.6559766 0.4919043 -0.6548626 -0.3598452 0.2938566 0.5960827
1413393945.455760 -0.1577256 0.6699451 0.4785818 -0.6606650 -0.3497536 0.2881491 0.5984682
1413393945.555760 -0.1119831 0.6517006 0.4089252 -0.6896853 -0.3346482 0.2696141 0.5827975
1413393945.605761 -0.0854619 0.6392296 0.3761519 -0.7058133 -0.3294942 0.2562414 0.5723648
1413393945.705760 -0.0268992 0.6082108 0.3183901 -0.7360432 -0.3205549 0.2250528 0.5521198
1413393945.905761 0.0814107 0.5408522 0.2272056 -0.7894254 -0.2982247 0.1617945 0.5115587
1413393945.955760 0.0984459 0.5283017 0.2140010 -0.7928622 -0.2871954 0.1548421 0.5146964
1413393946.705760 0.2710883 0.2249535 0.1445013 -0.8408936 -0.0740441 0.0436369 0.5343326
1413393946.855761 0.3265160 0.1522723 0.1331716 -0.8559637 -0.0365331 -0.0095631 0.5156549
1413393947.005760 0.3524650 0.1358953 0.1009622 -0.8232119 0.0051060 -0.0442879 0.5659811
1413393947.055760 0.3661737 0.1343151 0.0812945 -0.8040038 0.0160589 -0.0529583 0.5920435
1413393947.305760 0.4356041 0.0924295 -0.1062695 -0.7677494 0.0876138 -0.1018665 0.6265045
1413393947.355761 0.4445750 0.0828077 -0.1490142 -0.7660100 0.1031135 -0.1109912 0.6247218
1413393947.505760 0.4498111 0.0494717 -0.2831260 -0.7694448 0.1676013 -0.1158703 0.6053417
1413393947.555760 0.4564358 0.0312030 -0.3330587 -0.7702566 0.1916698 -0.1140100 0.5974690
1413393947.605761 0.4385742 0.0285981 -0.3625415 -0.7681367 0.2149533 -0.1121397 0.5926092
1413393947.655761 0.4295878 0.0187664 -0.3921255 -0.7698492 0.2385891 -0.1119807 0.5812640
1413393947.755760 0.4269789 -0.0172152 -0.4256086 -0.7829021 0.2777400 -0.1223412 0.5430998
1413393947.805760 0.4322582 -0.0452062 -0.4458397 -0.7876799 0.2878760 -0.1387229 0.5267293
1413393947.855761 0.4260660 -0.0623291 -0.4539983 -0.7900510 0.2948112 -0.1592163 0.5133768
1413393947.905761 0.4297339 -0.0824716 -0.4639870 -0.7892433 0.3010525 -0.1795977 0.5041896
1413393947.955760 0.4429623 -0.1052302 -0.4761685 -0.7851836 0.3057015 -0.1997594 0.5001295
1413393948.005760 0.4573556 -0.1246459 -0.4855618 -0.7779410 0.3037896 -0.2260565 0.5014161
1413393948.555760 0.4925663 -0.2191588 -0.5284138 -0.6767046 0.3576294 -0.3164348 0.5603937
1413393948.605761 0.4765117 -0.2312359 -0.5333410 -0.6817603 0.3690320 -0.3141457 0.5480244
1413393948.855761 0.3720634 -0.2934573 -0.5540806 -0.7172950 0.4338512 -0.2979072 0.4566316
1413393948.905761 0.3541682 -0.3013525 -0.5525120 -0.7164647 0.4467432 -0.2967634 0.4461282
1413393949.005760 0.3279808 -0.3138609 -0.5460194 -0.7022462 0.4665590 -0.3064993 0.4418498
1413393949.805760 0.0544635 -0.3793259 -0.4265153 0.5557157 -0.5859259 0.3534785 -0.4721481
1413393949.905761 -0.0113339 -0.4224402 -0.4127765 0.5407280 -0.6115837 0.3307371 -0.4734889
1413393950.005760 -0.0732983 -0.4872732 -0.3960647 0.5322143 -0.6278952 0.3177189 -0.4706913
1413393950.105761 -0.1256195 -0.5793253 -0.3801898 0.5497018 -0.6222381 0.3368737 -0.4440314
1413393950.205760 -0.1705086 -0.6915630 -0.3652063 0.5785751 -0.6099483 0.3599975 -0.4044943
1413393950.305760 -0.2060083 -0.8099239 -0.3463069 -0.6017318 0.5981011 -0.3776852 0.3708744
1413393950.405761 -0.2251142 -0.9269269 -0.3309925 -0.6083757 0.5982999 -0.3790104 0.3581444
1413393950.555760 -0.2270426 -1.0932171 -0.3185835 -0.5995687 0.5986175 -0.3848426 0.3661567
1413393950.655761 -0.2107319 -1.1996659 -0.3197848 0.5870581 -0.5920733 0.3987185 -0.3818841
1413393950.755760 -0.1859896 -1.3042964 -0.3311791 0.5767428 -0.5844322 0.4127807 -0.3942320
1413393950.855761 -0.1602710 -1.4057797 -0.3549126 0.5714688 -0.5793869 0.4226656 -0.3988585
1413393950.955760 -0.1338152 -1.5043427 -0.3906739 -0.5745868 0.5734780 -0.4333438 0.3913900
1413393951.055760 -0.1069549 -1.5967139 -0.4287994 -0.5822326 0.5683097 -0.4416210 0.3781536
1413393951.155761 -0.0783086 -1.6784508 -0.4607386 -0.5805324 0.5722765 -0.4379731 0.3790269
1413393951.355761 -0.0165393 -1.8165222 -0.5081114 0.5707660 -0.5811712 0.4319785 -0.3871185
1413393951.455760 0.0167124 -1.8771173 -0.5256804 0.5716320 -0.5869803 0.4283433 -0.3810681
1413393951.555760 0.0552738 -1.9385309 -0.5444391 0.5763986 -0.5912368 0.4222250 -0.3740719
1413393951.655761 0.0936711 -1.9910306 -0.5719098 0.5769564 -0.5926751 0.4232353 -0.3697695
1413393951.755760 0.1359320 -2.0366526 -0.6060129 0.5748915 -0.5900987 0.4302635 -0.3689942
1413393952.155761 0.3366888 -2.1659095 -0.7247828 0.5534915 -0.5947217 0.4432222 -0.3788238
1413393952.355761 0.4472408 -2.1923754 -0.7207438 0.5464299 -0.5990408 0.4407619 -0.3850889
1413393952.555760 0.5513070 -2.2033777 -0.6991099 0.5648090 -0.5805618 0.4341797 -0.3942423
1413393952.655761 0.6015766 -2.2038696 -0.6890186 -0.5791072 0.5664937 -0.4279995 0.4006697
1413393952.755760 0.6503401 -2.1998072 -0.6797576 -0.5934448 0.5522485 -0.4184583 0.4095577
1413393953.205760 0.8728456 -2.1660776 -0.6271431 -0.6097129 0.5430233 -0.3632637 0.4487934
1413393953.605761 1.0820993 -2.2147765 -0.6326358 -0.5993511 0.5334122 -0.3780817 0.4618484
1413393953.805760 1.1671141 -2.2710793 -0.5952113 -0.6015379 0.5159739 -0.4079780 0.4532959
1413393953.905761 1.1899767 -2.2819211 -0.5777042 -0.6031852 0.5110931 -0.4095491 0.4552154
1413393954.005760 1.2007431 -2.2872205 -0.5672660 -0.6146877 0.5092604 -0.3990580 0.4511824
1413393954.405761 1.2588663 -2.3317645 -0.5786405 -0.6916392 0.4889841 -0.3195741 0.4247376
1413393954.605761 1.3293701 -2.3247175 -0.5617871 -0.7248974 0.4501095 -0.2879874 0.4347279
1413393954.705760 1.3814694 -2.3104715 -0.5506580 -0.7375160 0.4311186 -0.2763504 0.4402697
1413393954.805760 1.4457074 -2.2886662 -0.5387127 -0.7466372 0.4182263 -0.2668689 0.4431713
1413393954.905761 1.5213813 -2.2586086 -0.5267016 -0.7529800 0.4087145 -0.2614592 0.4445367
1413393955.005760 1.6088796 -2.2186728 -0.5123197 -0.7521250 0.3995872 -0.2634925 0.4530009
1413393955.105761 1.7048085 -2.1684268 -0.4953301 -0.7458294 0.3863099 -0.2705325 0.4704418
1413393955.205760 1.8035595 -2.1101074 -0.4796337 -0.7410951 0.3747158 -0.2712913 0.4865874
1413393955.305760 1.9019690 -2.0460200 -0.4626420 -0.7379811 0.3688160 -0.2603502 0.5015740
1413393955.455760 2.0478034 -1.9462875 -0.4363020 -0.7423919 0.3468810 -0.2443501 0.5184794
1413393955.755760 2.3161602 -1.7539303 -0.4035385 -0.7593569 0.2340531 -0.2365596 0.5591385
1413393955.955760 2.4443710 -1.6342623 -0.4267774 -0.7878734 0.1917135 -0.2239657 0.5406855
1413393956.105761 2.5015445 -1.5285673 -0.4338397 -0.7979652 0.2011034 -0.1729454 0.5412012
1413393956.255760 2.5470529 -1.4119003 -0.4315851 -0.7994698 0.1890055 -0.1379565 0.5532568
1413393956.405761 2.5891247 -1.2912042 -0.4215935 -0.7914641 0.1512049 -0.1180092 0.5803409
1413393956.555760 2.6224141 -1.1777896 -0.4118708 -0.7915591 0.1071219 -0.0901088 0.5948442
1413393957.155761 2.7122118 -0.7782676 -0.3955140 -0.8192506 -0.0678838 0.0618970 0.5660292
1413393957.255760 2.7308090 -0.7074057 -0.3925055 -0.8147107 -0.1052245 0.0827390 0.5642062
1413393957.355761 2.7502058 -0.6353902 -0.3886017 -0.8084956 -0.1427083 0.1061926 0.5609743
1413393957.455760 2.7700443 -0.5611365 -0.3851067 -0.7989867 -0.1772262 0.1291854 0.5599307
1413393957.555760 2.7894542 -0.4854868 -0.3875525 -0.7872726 -0.2081094 0.1510501 0.5604251
1413393957.655761 2.8091660 -0.4118181 -0.4001954 -0.7721533 -0.2370742 0.1755166 0.5628225
1413393957.755760 2.8301365 -0.3408829 -0.4238399 -0.7523708 -0.2664067 0.2003400 0.5681808
1413393957.855761 2.8545876 -0.2745416 -0.4585531 -0.7343755 -0.3019543 0.2145064 0.5687735
1413393957.955760 2.8829224 -0.2161350 -0.4962443 -0.7201057 -0.3401580 0.2175921 0.5642642
1413393958.055760 2.9119484 -0.1671862 -0.5260864 -0.7133116 -0.3720125 0.2158881 0.5533406
1413393958.155761 2.9351926 -0.1280543 -0.5377958 -0.7113299 -0.3888641 0.2212555 0.5420706
1413393958.255760 2.9463596 -0.0953831 -0.5315492 -0.7106238 -0.3940440 0.2325279 0.5344847
1413393958.355761 2.9468024 -0.0683569 -0.4978940 -0.7170920 -0.3905351 0.2494761 0.5205988
1413393958.455760 2.9357455 -0.0402865 -0.4124725 -0.7244743 -0.3857382 0.2586977 0.5093316
1413393958.555760 2.9215281 -0.0119012 -0.3396041 -0.7331457 -0.3853629 0.2586985 0.4970594
1413393958.655761 2.9049661 0.0169413 -0.2815192 -0.7416615 -0.3871307 0.2537249 0.4854808
1413393958.755760 2.8828547 0.0492050 -0.2356371 -0.7444156 -0.3866060 0.2509620 0.4831141
1413393958.855761 2.8539269 0.0859533 -0.1985868 -0.7379338 -0.3813048 0.2532010 0.4959330
1413393958.955760 2.8203375 0.1243454 -0.1737336 -0.7313628 -0.3753943 0.2559893 0.5085835
1413393959.005760 2.8020515 0.1435709 -0.1653737 -0.7295031 -0.3708747 0.2593780 0.5128356
1413393959.105761 2.7649615 0.1803307 -0.1531050 -0.7278848 -0.3563112 0.2740394 0.5178112
1413393959.155761 2.7474754 0.1985314 -0.1473397 -0.7261595 -0.3491501 0.2815152 0.5210911
1413393959.255760 2.7175584 0.2356616 -0.1363492 -0.7202014 -0.3448823 0.2826634 0.5314768
1413393959.305760 2.7054667 0.2539946 -0.1313745 -0.7201924 -0.3465597 0.2778681 0.5329247
1413393959.355761 2.6946125 0.2718128 -0.1267560 -0.7210304 -0.3493750 0.2731916 0.5323708
1413393959.405761 2.6846099 0.2892347 -0.1218011 -0.7224419 -0.3521663 0.2680434 0.5312340
1413393959.455760 2.6751966 0.3061163 -0.1157184 -0.7236051 -0.3537299 0.2647363 0.5302693
1413393959.555760 2.6577659 0.3381734 -0.0998496 -0.7214815 -0.3550846 0.2607445 0.5342208
1413393959.605761 2.6496661 0.3532960 -0.0884522 -0.7144015 -0.3523654 0.2636364 0.5440266
1413393959.655761 2.6418154 0.3673768 -0.0754333 -0.7036004 -0.3472488 0.2693322 0.5584128
1413393959.755760 2.6316233 0.3888611 -0.0496540 -0.6892342 -0.3396686 0.2773333 0.5767735
1413393959.805760 2.6309407 0.3955514 -0.0382802 -0.6897717 -0.3402808 0.2758535 0.5764797
1413393959.905761 2.6335223 0.4030584 -0.0359782 -0.7031935 -0.3485774 0.2671471 0.5591468
1413393960.155761 2.6565595 0.3985489 -0.0389490 -0.7359911 -0.3659541 0.2410212 0.5160460
1413393960.255760 2.6627522 0.3935460 -0.0387336 -0.7483634 -0.3718668 0.2318420 0.4979123
1413393960.305760 2.6632903 0.3917111 -0.0382636 -0.7528649 -0.3740668 0.2283159 0.4910605
1413393960.355761 2.6614134 0.3908768 -0.0369475 -0.7540281 -0.3746518 0.2276694 0.4891261
1413393960.755760 2.5937972 0.3849207 -0.1057142 -0.6999547 -0.4184697 0.2840877 0.5042228
1413393960.855761 2.5717974 0.3813858 -0.1610602 -0.6906909 -0.4430386 0.2963047 0.4887395
1413393961.055760 2.5177419 0.3766680 -0.2647460 -0.6900407 -0.4741334 0.3095240 0.4508173
1413393961.455760 2.3656144 0.4029087 -0.2783867 -0.6238131 -0.4151983 0.4025281 0.5257744
1413393961.505760 2.3613613 0.4070985 -0.2659827 -0.6244093 -0.4191905 0.3972263 0.5259312
1413393961.605761 2.3730640 0.4129245 -0.2366730 -0.6347692 -0.4384085 0.3710862 0.5168762
1413393961.805760 2.4284353 0.4150250 -0.1243279 -0.6510530 -0.4623031 0.3373994 0.4985654
1413393962.005760 2.4997537 0.3996541 0.0508208 -0.6634846 -0.4719513 0.3233794 0.4821577
1413393962.105761 2.5342755 0.3865026 0.1582038 -0.6696582 -0.4764206 0.3179075 0.4727750
1413393962.205760 2.5626845 0.3721439 0.2807994 -0.6758173 -0.4800310 0.3135388 0.4631789
1413393962.305760 2.5844908 0.3577926 0.4143555 -0.6801348 -0.4836380 0.3093321 0.4558777
1413393962.405761 2.5985920 0.3440847 0.5421317 -0.6854443 -0.4897022 0.3006114 0.4472032
1413393962.505760 2.5991054 0.3343068 0.6452587 -0.6986131 -0.4954411 0.2839419 0.4311089
1413393962.605761 2.5874820 0.3289347 0.7259793 -0.7118459 -0.4927144 0.2660354 0.4239494
1413393962.655761 2.5757625 0.3285325 0.7599556 -0.7156721 -0.4882351 0.2568859 0.4283103
1413393962.755760 2.5377171 0.3322561 0.8211343 -0.7186692 -0.4714328 0.2399445 0.4513230
1413393962.855761 2.4825044 0.3392584 0.8748581 -0.7172878 -0.4475766 0.2207040 0.4862747
1413393962.955760 2.4147012 0.3438257 0.9200921 -0.7165068 -0.4181926 0.1995478 0.5214534
1413393963.055760 2.3371229 0.3413259 0.9544426 -0.7219865 -0.3828145 0.1786077 0.5479854
1413393963.155761 2.2504191 0.3294164 0.9795161 -0.7285205 -0.3437993 0.1599240 0.5705124
1413393963.255760 2.1562400 0.3053737 0.9952010 -0.7389281 -0.2983304 0.1523986 0.5846015
1413393963.355761 2.0586154 0.2714700 1.0006771 -0.7495853 -0.2552262 0.1425860 0.5938439
1413393963.405761 2.0093956 0.2515296 0.9989550 -0.7553545 -0.2359150 0.1348551 0.5963202
1413393963.505760 1.9108491 0.2058961 0.9887633 -0.7658516 -0.2005479 0.1168634 0.5996623
1413393963.605761 1.8113583 0.1540462 0.9705450 -0.7732716 -0.1679291 0.1004867 0.6031196
1413393963.705760 1.7120379 0.0956008 0.9437045 -0.7770089 -0.1398457 0.0828551 0.6081410
1413393963.805760 1.6131520 0.0305626 0.9090571 -0.7797778 -0.1156669 0.0619266 0.6121542
1413393963.905761 1.5145317 -0.0430086 0.8657980 -0.7850152 -0.0937675 0.0393222 0.6110749
1413393964.005760 1.4153379 -0.1236734 0.8135178 -0.7922609 -0.0723997 0.0159351 0.6056625
1413393964.105761 1.3129401 -0.2094633 0.7559597 -0.7967870 -0.0483631 -0.0040522 0.6023083
1413393964.205760 1.2064930 -0.2987101 0.6937609 -0.7995699 -0.0179539 -0.0153012 0.6001097
1413393964.305760 1.0986657 -0.3922390 0.6330585 -0.8024427 0.0156453 -0.0213195 0.5961431
1413393964.405761 0.9921564 -0.4890733 0.5771463 -0.8050881 0.0456287 -0.0294554 0.5906637
1413393964.505760 0.8888060 -0.5886269 0.5274525 -0.8064998 0.0729069 -0.0384721 0.5854593
1413393964.605761 0.7889352 -0.6806300 0.4783828 -0.8027423 0.1008156 -0.0444748 0.5860571
1413393964.705760 0.6964490 -0.7704582 0.4330122 -0.7984680 0.1270954 -0.0513731 0.5862222
1413393964.805760 0.6135913 -0.8628583 0.3929731 -0.7968878 0.1538879 -0.0563999 0.5814701
1413393964.905761 0.5419751 -0.9585541 0.3563346 -0.8002421 0.1793955 -0.0624445 0.5687975
1413393965.005760 0.4828889 -1.0558267 0.3235639 -0.8078665 0.2100493 -0.0598137 0.5474061
1413393965.105761 0.4409925 -1.1499683 0.2961533 -0.8128296 0.2455794 -0.0501249 0.5258196
1413393965.205760 0.4236094 -1.2384975 0.2737556 -0.8153089 0.2768670 -0.0464611 0.5064163
1413393965.355761 0.4518956 -1.3568227 0.2528527 -0.8297658 0.2900737 -0.0747096 0.4709188
1413393965.455760 0.5096900 -1.4176059 0.2416849 -0.8399502 0.2685122 -0.1188082 0.4563655
1413393965.555760 0.5870046 -1.4564778 0.2356756 -0.8442712 0.2284972 -0.1750475 0.4520550
1413393965.705760 0.7025731 -1.4761454 0.2483289 -0.8369663 0.1899545 -0.2208230 0.4632947
1413393965.805760 0.7720201 -1.4524335 0.2591550 -0.8208420 0.1951258 -0.2153376 0.4917053
1413393965.905761 0.8322837 -1.4118044 0.2743549 -0.8031145 0.2000891 -0.2080613 0.5212313
1413393966.005760 0.8811114 -1.3692703 0.2975034 -0.7958390 0.1914219 -0.2196895 0.5307868
1413393966.105761 0.9184413 -1.3148876 0.3194009 -0.7933643 0.1891991 -0.2225985 0.5340661
1413393966.205760 0.9413033 -1.2497185 0.3506552 -0.7927685 0.1962352 -0.2150168 0.5355163
1413393966.305760 0.9539878 -1.1745183 0.3917167 -0.7940009 0.1948567 -0.2169483 0.5334106
1413393966.405761 0.9572156 -1.0888366 0.4443431 -0.7901511 0.1809449 -0.2331803 0.5371659
1413393966.505760 0.9439251 -0.9945061 0.5072386 -0.7773847 0.1755117 -0.2373959 0.5554386
1413393966.605761 0.9144847 -0.8960897 0.5649254 -0.7620847 0.1771679 -0.2304141 0.5785739
1413393966.705760 0.8706727 -0.7995126 0.6077362 -0.7510392 0.1803407 -0.2242967 0.5942292
1413393966.805760 0.8127073 -0.7091236 0.6365134 -0.7444230 0.1828261 -0.2204539 0.6031659
1413393966.905761 0.7412509 -0.6262109 0.6520810 -0.7484035 0.1918946 -0.2101234 0.5990968
1413393967.005760 0.6586010 -0.5506985 0.6578122 -0.7573151 0.2147751 -0.1879199 0.5873941
1413393967.105761 0.5720083 -0.4802778 0.6560353 -0.7629272 0.2373787 -0.1705367 0.5766373
1413393967.205760 0.4861594 -0.4150560 0.6478056 -0.7641573 0.2535287 -0.1647485 0.5697761
1413393967.305760 0.4042594 -0.3556263 0.6339785 -0.7593131 0.2659287 -0.1706216 0.5688706
1413393967.405761 0.3256795 -0.3022699 0.6125247 -0.7508045 0.2789045 -0.1865886 0.5689372
1413393967.505760 0.2509005 -0.2546403 0.5842571 -0.7380925 0.3003244 -0.2007273 0.5698537
1413393967.605761 0.1783366 -0.2145983 0.5558419 -0.7279205 0.3250193 -0.2151546 0.5640946
1413393967.705760 0.1072287 -0.1828174 0.5301661 -0.7183747 0.3498389 -0.2317271 0.5548452
1413393968.005760 -0.1020423 -0.1321263 0.5076225 -0.7134520 0.4202731 -0.2601962 0.4966435
1413393968.105761 -0.1604139 -0.1220188 0.5296601 -0.7152869 0.4308754 -0.2673339 0.4808781
1413393968.205760 -0.2091813 -0.1097669 0.5670137 -0.7107913 0.4393041 -0.2697740 0.4785496
1413393968.505760 -0.3063452 -0.0667496 0.6528707 -0.7222618 0.4263937 -0.2924092 0.4593726
1413393968.705760 -0.3355424 -0.0119337 0.6660618 -0.7224666 0.4186764 -0.3071575 0.4565155
1413393968.805760 -0.3441066 0.0268397 0.6600660 -0.7168953 0.4253061 -0.3108533 0.4566684
1413393969.005760 -0.3475743 0.1224740 0.6238184 -0.6752885 0.4515862 -0.3296799 0.4810058
1413393969.105761 -0.3506370 0.1713418 0.5928613 -0.6515172 0.4709574 -0.3407310 0.4874700
1413393969.205760 -0.3561005 0.2159336 0.5578989 -0.6337976 0.4871739 -0.3603928 0.4807071
1413393969.505760 -0.3896344 0.3353975 0.4755985 -0.5777445 0.5602919 -0.3805776 0.4554611
1413393969.605761 -0.4125165 0.3644779 0.4548357 0.5562445 -0.5867890 0.3774951 -0.4514069
1413393969.705760 -0.4344338 0.3813276 0.4393144 0.5407079 -0.6092132 0.3782002 -0.4398398
1413393970.005760 -0.4894508 0.3441188 0.4883119 0.5252407 -0.6334606 0.3947561 -0.4086780
1413393970.255760 -0.5194976 0.2433331 0.5826332 0.5584567 -0.6137504 0.4294353 -0.3564014
1413393970.655761 -0.4992579 0.1322430 0.6657291 0.5581784 -0.5924265 0.4520205 -0.3648908
1413393970.855761 -0.4708428 0.1138957 0.6722041 -0.5723144 0.5662279 -0.4856841 0.3405190
1413393971.105761 -0.4424213 0.1853487 0.6549197 -0.5658020 0.5618890 -0.4899164 0.3523219
1413393971.255760 -0.4346029 0.2837852 0.6750872 0.5395895 -0.5499669 0.4983928 -0.3974722
1413393971.505760 -0.4977042 0.4942625 0.7034249 0.5204890 -0.5397177 0.5006674 -0.4325832
1413393971.605761 -0.5568364 0.5890416 0.6932461 0.5234605 -0.5682920 0.4630308 -0.4343221
1413393971.755760 -0.6660848 0.7249870 0.6881634 0.5020379 -0.6131344 0.4010991 -0.4595039
1413393971.905761 -0.7903076 0.8200365 0.6969806 0.4840979 -0.6382931 0.3706484 -0.4699477
1413393972.005760 -0.8777387 0.8508852 0.7080561 0.4920647 -0.6393522 0.3792447 -0.4530725
1413393972.155761 -1.0110162 0.8613585 0.7263103 0.5064284 -0.6428725 0.3858149 -0.4259015
1413393972.255760 -1.0996382 0.8542750 0.7189055 0.5162653 -0.6511609 0.3772727 -0.4088094
1413393972.355761 -1.1816157 0.8343470 0.7020257 0.5307531 -0.6378671 0.4002499 -0.3888790
1413393972.605761 -1.3661488 0.7720867 0.6704718 0.5645510 -0.6159960 0.4280598 -0.3443777
1413393972.855761 -1.4936782 0.7391896 0.6463182 0.5651928 -0.6146476 0.4347589 -0.3372686
1413393973.055760 -1.5594008 0.7467706 0.6273142 0.5617192 -0.6076781 0.4509278 -0.3344593
1413393973.155761 -1.5813417 0.7645786 0.6192385 0.5555304 -0.6006135 0.4617828 -0.3426458
1413393973.305760 -1.6120186 0.8103792 0.6074091 0.5410227 -0.5830054 0.4831553 -0.3660056
1413393973.455760 -1.6518742 0.8786031 0.5964658 0.5262076 -0.5639474 0.5018979 -0.3913663
1413393973.605761 -1.7194204 0.9685847 0.5844958 0.5164926 -0.5513775 0.5118569 -0.4089265
1413393973.705760 -1.7854328 1.0405242 0.5770745 0.5104752 -0.5630119 0.4927432 -0.4238359
1413393973.805760 -1.8682472 1.1165767 0.5694612 0.5063435 -0.5910806 0.4506705 -0.4371911
1413393973.955760 -2.0115147 1.2150850 0.5619675 0.4963427 -0.6423362 0.3679168 -0.4535255
1413393974.105761 -2.1595738 1.2614251 0.5531732 0.5249110 -0.6845116 0.2962683 -0.4100456
1413393974.205760 -2.2386844 1.2513214 0.5474246 0.5560573 -0.6973839 0.2708628 -0.3620628
1413393974.355761 -2.2938592 1.1859026 0.5627832 0.6100293 -0.6798959 0.2888345 -0.2866715
1413393974.455760 -2.2727995 1.1270285 0.5805750 0.6358799 -0.6600044 0.3092095 -0.2538510
1413393974.555760 -2.2031419 1.0725030 0.6218123 -0.6535787 0.6297024 -0.3451275 0.2391585
1413393974.705760 -2.0266402 1.0242478 0.6988184 -0.6520838 0.5822718 -0.4077367 0.2636231
1413393974.805760 -1.8749512 1.0170003 0.7416669 -0.6379879 0.5566639 -0.4428432 0.2949352
1413393975.255760 -1.1924832 1.1804025 0.7718353 0.5553318 -0.5662109 0.4450048 -0.4159118
1413393975.655761 -0.7612783 1.4403726 0.7800243 -0.5534618 0.5469196 -0.4696270 0.4171444
1413393975.805760 -0.6543536 1.5560229 0.7872598 0.5431041 -0.5621370 0.4523652 -0.4294249
1413393975.905761 -0.5987452 1.6340557 0.7940341 0.5311618 -0.5736449 0.4418717 -0.4399411
1413393976.105761 -0.5182507 1.7761226 0.7943815 0.5345864 -0.5895645 0.4353899 -0.4207931
1413393976.255760 -0.4769731 1.8745478 0.7727656 0.5329700 -0.5994756 0.4306437 -0.4136643
1413393977.155761 -0.4127362 2.1439114 0.6671686 -0.5899552 0.5861920 -0.3855353 0.3996180
1413393977.255760 -0.4056230 2.1222646 0.6726025 -0.5905613 0.5775991 -0.3976594 0.3993541
1413393977.955760 -0.2671320 2.1698217 0.7981327 -0.5805455 0.5744652 -0.4276927 0.3873446
1413393978.105761 -0.2249548 2.2187123 0.8176997 0.5734578 -0.5834497 0.4247630 -0.3876969
1413393978.255760 -0.1796758 2.2752194 0.8412711 0.5616650 -0.5934037 0.4218298 -0.3930193
1413393978.405761 -0.1317775 2.3296363 0.8685924 0.5406594 -0.6062467 0.4270027 -0.3972670
1413393978.855761 -0.0192668 2.4218333 0.9549142 0.4506321 -0.6767964 0.4623921 -0.3536534
1413393979.005760 -0.0009570 2.4266484 0.9922704 0.4140458 -0.7011723 0.4746038 -0.3341778
1413393979.155761 0.0085618 2.4144778 1.0296335 0.3736353 -0.7242966 0.4870438 -0.3139736
1413393979.305760 0.0072420 2.3851514 1.0523716 0.3333690 -0.7436948 0.5035869 -0.2866767
1413393979.605761 -0.0430868 2.2857347 1.0148590 0.2401061 -0.7788291 0.5246531 -0.2459945
1413393979.755760 -0.1013438 2.2124410 0.9796042 0.2021260 -0.7905523 0.5379210 -0.2116910
1413393979.855761 -0.1537185 2.1555195 0.9625008 0.1831465 -0.7970130 0.5461901 -0.1813946
1413393980.005760 -0.2464358 2.0619538 0.9455383 0.1528834 -0.8090051 0.5501631 -0.1394920
1413393980.155761 -0.3490357 1.9606467 0.9298670 0.1304749 -0.8239880 0.5440258 -0.0897553
1413393980.305760 -0.4460937 1.8494095 0.9137785 0.1180011 -0.8365296 0.5330559 -0.0463182
1413393980.455760 -0.5248008 1.7230309 0.8989382 0.1107096 -0.8373825 0.5345482 -0.0281440
1413393980.605761 -0.5819459 1.5802617 0.8826568 0.1064043 -0.8214546 0.5596923 -0.0251980
1413393980.755760 -0.6172639 1.4328020 0.8717613 0.1046271 -0.8142056 0.5704255 -0.0271512
1413393980.905761 -0.6178260 1.2966429 0.9178988 0.0999552 -0.8267623 0.5524737 -0.0352994
1413393981.055760 -0.6036768 1.1509547 0.9654328 0.0868180 -0.8357764 0.5394129 -0.0545367
1413393981.155761 -0.5918642 1.0419779 1.0013433 0.0780179 -0.8333245 0.5431827 -0.0666032
1413393981.255760 -0.5819343 0.9244550 1.0466967 0.0724681 -0.8286754 0.5499349 -0.0749459
1413393981.355761 -0.5763877 0.8003477 1.0997277 0.0718247 -0.8292294 0.5486832 -0.0785278
1413393981.455760 -0.5762612 0.6723514 1.1486388 0.0780734 -0.8309236 0.5458594 -0.0742175
1413393981.555760 -0.5804535 0.5403956 1.1855632 0.0898191 -0.8298703 0.5470582 -0.0630477
1413393981.655761 -0.5847967 0.4045811 1.2077770 0.0990030 -0.8287457 0.5479858 -0.0555946
1413393981.855761 -0.5825061 0.1200660 1.2150660 0.1155833 -0.8232114 0.5539555 -0.0457909
1413393981.955760 -0.5715187 -0.0257562 1.2043855 0.1303187 -0.8164544 0.5605474 -0.0469653
1413393982.055760 -0.5520876 -0.1695726 1.1929495 0.1481457 -0.8091826 0.5657831 -0.0562651
1413393982.155761 -0.5235120 -0.3104483 1.1816815 0.1717864 -0.7995977 0.5708559 -0.0725019
1413393982.255760 -0.4858711 -0.4479383 1.1711016 0.1988521 -0.7905030 0.5713178 -0.0957015
1413393982.355761 -0.4413247 -0.5805489 1.1608534 0.2312767 -0.7814388 0.5666182 -0.1216896
1413393982.455760 -0.3925178 -0.7062261 1.1498399 0.2698421 -0.7719351 0.5562855 -0.1478106
1413393982.605761 -0.3133894 -0.8708969 1.1533486 0.3329847 -0.7521780 0.5350558 -0.1925219
1413393982.705760 -0.2556481 -0.9675266 1.1696650 0.3803025 -0.7297317 0.5234424 -0.2210652
1413393982.955760 -0.0917277 -1.1825930 1.1999593 0.5010105 -0.6502408 0.4925936 -0.2890101
1413393983.055760 -0.0211153 -1.2525711 1.2063994 0.5439476 -0.6161624 0.4747263 -0.3148015
1413393983.205760 0.0901672 -1.3360484 1.2123659 -0.6040619 0.5590740 -0.4494832 0.3471461
1413393983.355761 0.2050612 -1.3877881 1.2143800 -0.6557813 0.4974451 -0.4245442 0.3771756
1413393983.505760 0.3181607 -1.3996061 1.2189450 -0.6939775 0.4330103 -0.4001233 0.4132778
1413393983.605761 0.3873823 -1.3838987 1.2253234 -0.7141185 0.3891962 -0.3828617 0.4381529
1413393983.705760 0.4479097 -1.3518758 1.2348250 -0.7307449 0.3485333 -0.3620589 0.4620064
1413393983.855761 0.5147933 -1.2742779 1.2504737 -0.7521725 0.2953498 -0.3233681 0.4923801
1413393983.955760 0.5436592 -1.2091765 1.2634577 -0.7633215 0.2611107 -0.2997995 0.5091972
1413393984.055760 0.5585759 -1.1342523 1.2762568 -0.7732013 0.2252929 -0.2789558 0.5230550
1413393984.205760 0.5499021 -1.0048819 1.2976091 -0.7850940 0.1683542 -0.2485838 0.5417475
1413393984.305760 0.5209246 -0.9101887 1.3139167 -0.7910348 0.1343538 -0.2249797 0.5528085
1413393984.455760 0.4442486 -0.7602369 1.3407692 -0.7953551 0.0924991 -0.1898284 0.5681719
1413393984.555760 0.3721468 -0.6582165 1.3593825 -0.7947813 0.0686113 -0.1717678 0.5780233
1413393984.655761 0.2833575 -0.5567044 1.3742110 -0.7979954 0.0561428 -0.1469447 0.5817720
1413393984.755760 0.1811470 -0.4564179 1.3803263 -0.8016369 0.0607254 -0.1126911 0.5839446
1413393984.855761 0.0732111 -0.3564852 1.3744477 -0.8052100 0.0718428 -0.0844115 0.5825378
1413393984.955760 -0.0339011 -0.2580826 1.3561087 -0.8108016 0.0966183 -0.0613161 0.5740262
1413393985.055760 -0.1341268 -0.1603178 1.3271236 -0.8122869 0.1238732 -0.0572826 0.5670663
1413393985.155761 -0.2238248 -0.0614942 1.2890917 -0.8068869 0.1459126 -0.0772142 0.5671695
1413393985.255760 -0.3052185 0.0360848 1.2430304 -0.7977329 0.1664230 -0.1084499 0.5693544
1413393985.355761 -0.3826127 0.1311933 1.1938415 -0.7885556 0.1872877 -0.1444021 0.5676720
1413393985.455760 -0.4598844 0.2237242 1.1466123 -0.7794369 0.2122234 -0.1766004 0.5623624
1413393985.555760 -0.5401773 0.3142223 1.1017275 -0.7698012 0.2417287 -0.2018379 0.5551890
1413393985.655761 -0.6241122 0.4034377 1.0581012 -0.7639788 0.2787907 -0.2139171 0.5411576
1413393985.755760 -0.7090911 0.4917827 1.0157306 -0.7596123 0.3180281 -0.2196158 0.5230832
1413393985.855761 -0.7900657 0.5806953 0.9766914 -0.7535250 0.3540310 -0.2259559 0.5057728
1413393985.955760 -0.8610949 0.6716902 0.9450070 -0.7431191 0.3889421 -0.2324477 0.4924085
1413393986.055760 -0.9251617 0.7683387 0.9158268 -0.7244503 0.4183917 -0.2431431 0.4909193
1413393986.155761 -0.9815590 0.8625197 0.8900735 -0.7060987 0.4487929 -0.2530147 0.4857913
1413393986.305760 -1.0421678 0.9909983 0.8613583 -0.6706472 0.4965110 -0.2637618 0.4838791
1413393986.405761 -1.0647885 1.0631404 0.8465978 -0.6461301 0.5258874 -0.2747122 0.4800954
1413393986.505760 -1.0743330 1.1199077 0.8349110 -0.6251468 0.5488141 -0.2933876 0.4710821
1413393986.605761 -1.0735202 1.1592144 0.8270400 -0.6103870 0.5557732 -0.3348877 0.4543063
1413393986.705760 -1.0640063 1.1884331 0.8229371 -0.5966980 0.5569916 -0.3797564 0.4353126
1413393986.805760 -1.0537300 1.2139633 0.8236847 -0.5789706 0.5591023 -0.4193743 0.4199082
1413393986.905761 -1.0491147 1.2408111 0.8268288 -0.5626887 0.5618271 -0.4503441 0.4061058
1413393987.055760 -1.0566418 1.2931426 0.8290942 0.5494697 -0.5808870 0.4587475 -0.3875618
1413393987.155761 -1.0680029 1.3360007 0.8227160 0.5457173 -0.5924845 0.4562214 -0.3781756
1413393987.255760 -1.0806279 1.3839543 0.8114116 0.5441684 -0.6007099 0.4528278 -0.3714506
1413393987.355761 -1.0920765 1.4364305 0.8045116 0.5437698 -0.6058262 0.4496920 -0.3675134
1413393987.455760 -1.1019762 1.4930220 0.8038715 0.5445986 -0.6077023 0.4469952 -0.3664774
1413393987.605761 -1.1130654 1.5829611 0.8106885 0.5426589 -0.6073112 0.4513710 -0.3646351
1413393987.705760 -1.1178107 1.6458850 0.8179376 0.5368398 -0.6103967 0.4567163 -0.3614265
1413393987.805760 -1.1221299 1.7121105 0.8262405 0.5282108 -0.6174057 0.4591497 -0.3591450
1413393987.905761 -1.1266769 1.7813940 0.8303307 0.5200492 -0.6260353 0.4567577 -0.3591673
1413393988.005760 -1.1305249 1.8519995 0.8223304 0.5139776 -0.6312655 0.4568271 -0.3586640
1413393988.105761 -1.1325853 1.9232539 0.8030164 0.5099909 -0.6338110 0.4593345 -0.3566578
1413393988.205760 -1.1337377 1.9950768 0.7728761 0.5073765 -0.6318046 0.4672038 -0.3537128
1413393988.355761 -1.1362792 2.1074386 0.7163951 0.5064983 -0.6254506 0.4800729 -0.3490002
1413393988.455760 -1.1377286 2.1875656 0.6795346 0.5108706 -0.6200154 0.4891114 -0.3396502
1413393988.555760 -1.1390138 2.2749295 0.6447918 0.5200866 -0.6136100 0.4988515 -0.3227071
1413393988.655761 -1.1382177 2.3750653 0.6161798 0.5209837 -0.6124383 0.5021185 -0.3183905
1413393988.805760 -1.1342490 2.5486319 0.5821187 0.5055697 -0.6345467 0.4803394 -0.3332026
1413393988.905761 -1.1265550 2.6697278 0.5707349 0.4857078 -0.6648788 0.4507898 -0.3446922
1413393989.005760 -1.1117799 2.7827194 0.5744293 0.4638184 -0.6933789 0.4269694 -0.3489917
1413393989.105761 -1.0913932 2.8801231 0.5933620 0.4439534 -0.7184944 0.4064476 -0.3485277
1413393989.205760 -1.0635941 2.9542065 0.6284401 0.4300447 -0.7378934 0.3926193 -0.3412111
1413393989.355761 -1.0028720 3.0140419 0.7054613 0.4340357 -0.7219192 0.4396406 -0.3117078
1413393989.455760 -0.9519866 3.0356126 0.7639570 0.4330863 -0.6918465 0.4935167 -0.3003763
1413393989.605761 -0.8738053 3.0727863 0.8319727 0.4264621 -0.6648556 0.5362984 -0.2974580
1413393989.705760 -0.8255041 3.1066120 0.8577464 0.4245656 -0.6648422 0.5398307 -0.2937885
1413393989.805760 -0.7796142 3.1466186 0.8712218 0.4178019 -0.6740338 0.5354245 -0.2905869
1413393990.205760 -0.6375542 3.3184581 0.8437010 0.3121719 -0.7286891 0.5421333 -0.2786618
1413393990.605761 -0.6466380 3.4437070 0.7280352 0.1765162 -0.8062516 0.5283957 -0.1989938
1413393990.705760 -0.6747915 3.4554048 0.7012670 0.1618075 -0.8347736 0.4996108 -0.1654101
1413393990.805760 -0.7078996 3.4497333 0.6772947 0.1681582 -0.8551174 0.4760760 -0.1176805
1413393990.905761 -0.7350290 3.4219925 0.6607077 0.1788727 -0.8638207 0.4644661 -0.0780364
1413393991.005760 -0.7468832 3.3681417 0.6555107 0.1906354 -0.8485843 0.4906753 -0.0529210
1413393991.255760 -0.6926966 3.1804202 0.6794796 0.1793140 -0.7548032 0.6262471 -0.0770269
1413393991.355761 -0.6555424 3.1240714 0.6907620 0.1663359 -0.7230973 0.6624658 -0.1029650
1413393991.455760 -0.6144102 3.0969911 0.6977384 0.1560861 -0.7224284 0.6614364 -0.1274212
1413393991.855761 -0.5406294 3.1078036 0.7345924 0.1415201 -0.8210098 0.5278431 -0.1652173
1413393991.955760 -0.5483897 3.0846927 0.7609563 0.1567653 -0.7980959 0.5648683 -0.1392532
1413393992.155761 -0.5930593 3.0501423 0.7908888 0.1698973 -0.7497442 0.6288661 -0.1163876
1413393992.505760 -0.6604596 3.0896382 0.8717394 0.1491752 -0.8253879 0.5268414 -0.1375492
1413393993.105761 -0.8103874 3.0945461 0.9170904 0.1786210 -0.7866685 0.5840286 -0.0903215
1413393993.355761 -0.8555846 3.1535113 0.9233043 0.1762496 -0.8525164 0.4842886 -0.0872729
1413393993.505760 -0.8526130 3.1348886 0.9409389 0.1849494 -0.8526975 0.4827841 -0.0749688
1413393993.605761 -0.8323349 3.0940952 0.9629440 0.1836353 -0.8273548 0.5249051 -0.0789728
1413393993.705760 -0.8011206 3.0433917 0.9882154 0.1784925 -0.7888453 0.5814096 -0.0884669
1413393993.805760 -0.7649628 2.9963460 1.0029767 0.1723521 -0.7514536 0.6294706 -0.0968448
1413393993.955760 -0.7110565 2.9524026 0.9806354 0.1638376 -0.7140911 0.6723961 -0.1054263
1413393994.055760 -0.6788058 2.9527068 0.9495480 0.1544042 -0.7011823 0.6860327 -0.1177368
1413393994.155761 -0.6490613 2.9956439 0.9546196 0.1420700 -0.7015795 0.6845381 -0.1378765
1413393994.255760 -0.6295482 3.0746827 0.9845421 0.1330008 -0.7176397 0.6661922 -0.1532711
1413393994.355761 -0.6247679 3.1753728 1.0265996 0.1334244 -0.7515916 0.6267214 -0.1566155
1413393994.455760 -0.6333693 3.2874196 1.0617518 0.1415858 -0.7951475 0.5709440 -0.1473665
1413393994.555760 -0.6488152 3.3988638 1.0741615 0.1510749 -0.8367969 0.5094599 -0.1319017
1413393994.655761 -0.6655768 3.4978909 1.0645216 0.1559453 -0.8684958 0.4558223 -0.1167139
1413393994.755760 -0.6849256 3.5640793 1.0429556 0.1599977 -0.8864122 0.4233124 -0.0973697
1413393994.855761 -0.6965238 3.5876555 1.0272424 0.1680558 -0.8779257 0.4411342 -0.0800277
1413393994.955760 -0.6933533 3.5789673 1.0208466 0.1693111 -0.8515105 0.4904790 -0.0754591
1413393995.055760 -0.6786774 3.5542574 1.0142388 0.1594862 -0.8279300 0.5308012 -0.0857098
1413393995.155761 -0.6584541 3.5246165 1.0030992 0.1467545 -0.8110021 0.5562707 -0.1063101
1413393995.355761 -0.6231344 3.4659030 0.9605248 0.1441002 -0.7985433 0.5606633 -0.1649856
1413393995.455760 -0.6180322 3.4343688 0.9353206 0.1636921 -0.7931661 0.5557279 -0.1877740
1413393995.555760 -0.6236507 3.3982592 0.9127781 0.1939132 -0.7842796 0.5523313 -0.2055080
1413393995.655761 -0.6390096 3.3574693 0.8927553 0.2325535 -0.7694659 0.5527604 -0.2197663
1413393995.755760 -0.6622825 3.3149004 0.8751707 0.2765870 -0.7470976 0.5576954 -0.2330678
1413393995.855761 -0.6914778 3.2746642 0.8610029 0.3178574 -0.7231703 0.5581674 -0.2538513
1413393995.955760 -0.7270963 3.2387519 0.8479204 0.3542820 -0.7000362 0.5535989 -0.2792164
1413393996.055760 -0.7705305 3.2068293 0.8339313 0.3836617 -0.6800461 0.5469344 -0.3019998
1413393996.155761 -0.8216102 3.1789882 0.8201656 0.4016015 -0.6671218 0.5385406 -0.3219299
1413393996.305760 -0.9134254 3.1424870 0.7951155 0.4230492 -0.6691742 0.5102155 -0.3360292
1413393996.405761 -0.9820302 3.1175141 0.7723161 0.4382039 -0.6731533 0.4958521 -0.3301102
1413393996.555760 -1.0859110 3.0787542 0.7189404 0.4533398 -0.6801412 0.4805781 -0.3177038
1413393996.705760 -1.1814871 3.0398579 0.6526732 0.4638366 -0.6848792 0.4694667 -0.3088644
1413393996.855761 -1.2725033 2.9944234 0.5938542 0.4754514 -0.6754829 0.4685415 -0.3132695
1413393996.955760 -1.3337128 2.9602106 0.5582438 0.4871868 -0.6661968 0.4676501 -0.3164401
1413393997.105761 -1.4114240 2.9127119 0.5140053 0.5034137 -0.6549735 0.4624954 -0.3219976
1413393997.205760 -1.4525653 2.8835258 0.4909513 0.5081784 -0.6483027 0.4621967 -0.3283786
1413393997.355761 -1.5002544 2.8454449 0.4605696 0.5104736 -0.6373727 0.4670003 -0.3392394
1413393997.605761 -1.5602982 2.7977006 0.3548598 0.5114578 -0.6290452 0.4701814 -0.3487730
1413393997.855761 -1.6099279 2.7765489 0.2607697 0.5118468 -0.6298074 0.4697223 -0.3474427
1413393998.005760 -1.6337023 2.7770581 0.2239110 0.5121812 -0.6322522 0.4690584 -0.3433828
1413393998.155761 -1.6504399 2.7867489 0.1947545 0.5108598 -0.6354913 0.4693901 -0.3388894
1413393998.305760 -1.6601269 2.8058214 0.1729594 0.5053849 -0.6378680 0.4730594 -0.3375280
1413393998.455760 -1.6632468 2.8350723 0.1615980 0.5018716 -0.6462311 0.4669609 -0.3353472
1413393998.755760 -1.6462111 2.9036283 0.1599590 0.4755261 -0.6626069 0.4497770 -0.3640435
1413393998.905761 -1.6363831 2.9235952 0.1488454 0.4731385 -0.6607700 0.4514692 -0.3683727
1413393999.005760 -1.6319519 2.9285665 0.1373898 0.4803756 -0.6529150 0.4625209 -0.3591877
1413393999.255760 -1.6248627 2.9393401 0.0988065 0.4991370 -0.6456311 0.4729429 -0.3321863
1413393999.355761 -1.6186867 2.9496334 0.0831554 0.4953560 -0.6546237 0.4608525 -0.3372020
1413393999.505760 -1.6028703 2.9648759 0.0608920 0.4862762 -0.6637665 0.4485941 -0.3488739
1413393999.605761 -1.5879371 2.9706378 0.0479614 0.4791246 -0.6660563 0.4463286 -0.3572105
1413393999.755760 -1.5620396 2.9683535 0.0283201 0.4730780 -0.6666303 0.4455708 -0.3650588
1413393999.905761 -1.5369356 2.9526834 -0.0073622 0.4711816 -0.6665691 0.4441859 -0.3692864
1413394000.005760 -1.5216486 2.9339786 -0.0392207 0.4770907 -0.6578043 0.4566180 -0.3621851
1413394000.105761 -1.5175400 2.9305444 -0.0393585 0.4805962 -0.6506779 0.4687631 -0.3548334
1413394000.205760 -1.5192668 2.9321740 -0.0268188 0.4837054 -0.6380458 0.4902338 -0.3443798
1413394000.305760 -1.5228505 2.9350934 -0.0455252 0.4836735 -0.6399059 0.4955089 -0.3332437
1413394000.405761 -1.5258685 2.9279065 -0.0429721 0.4708498 -0.6469425 0.4873358 -0.3496710
1413394000.705760 -1.5244340 2.9288125 -0.0481960 0.4706584 -0.6491657 0.4845256 -0.3497137
1413394001.055760 -1.5242922 2.9279525 -0.0488139 0.4708888 -0.6484309 0.4855057 -0.3494071
1413394001.455760 -1.5245553 2.9279099 -0.0487528 0.4707138 -0.6486292 0.4851958 -0.3497053
1413394001.705760 -1.5252088 2.9283156 -0.0486519 0.4705770 -0.6487545 0.4849791 -0.3499574
1413394002.055760 -1.5260075 2.9291079 -0.0487880 0.4704196 -0.6489052 0.4848465 -0.3500732
1413394002.555760 -1.5258979 2.9291866 -0.0481533 0.4703089 -0.6490202 0.4846934 -0.3502209
1413394003.055760 -1.5258625 2.9291122 -0.0477743 0.4701592 -0.6493174 0.4843856 -0.3502967
1413394003.255760 -1.5256890 2.9288003 -0.0482121 0.4701654 -0.6494170 0.4842275 -0.3503225
1413394003.355761 -1.5256685 2.9285064 -0.0482960 0.4700807 -0.6494375 0.4842281 -0.3503973
