1413393889.855761 -2.5281506 0.3204923 2.8979483 -0.8183782 -0.1486882 0.0752587 0.5499865
1413393890.555760 -2.6770773 0.4003060 3.1541371 -0.7899148 -0.1293383 0.0962910 0.5916370
1413393890.805760 -2.7449636 0.4063303 3.1602821 -0.7930325 -0.1328914 0.0908606 0.5875233
1413393891.055760 -2.8075812 0.3915792 3.1878655 -0.8016680 -0.1376422 0.0845695 0.5755268
1413393893.005760 -2.7844944 -1.4501772 3.1950889 -0.8627968 -0.1478457 0.0565370 0.4801321
1413393893.105761 -2.8081558 -1.5120683 3.1919646 -0.8652894 -0.1498317 0.0565611 0.4750006
1413393893.355761 -2.9139798 -1.5623982 3.2122374 -0.8540623 -0.1429798 0.0689417 0.4953599
1413393893.605761 -3.0616281 -1.4930370 3.2526584 -0.8498980 -0.1261825 0.0918222 0.5033091
1413393893.705760 -3.1234157 -1.4356589 3.2691014 -0.8503467 -0.1210261 0.0997991 0.5022981
1413393893.805760 -3.1839795 -1.3603652 3.2879148 -0.8469301 -0.1174638 0.1050382 0.5078176
1413393893.905761 -3.2420194 -1.2688918 3.3090570 -0.8369019 -0.1161798 0.1063452 0.5242025
1413393894.005760 -3.2965190 -1.1657369 3.3304400 -0.8255795 -0.1155045 0.1067976 0.5419146
1413393894.155761 -3.3717601 -0.9992113 3.3633871 -0.8188959 -0.1157121 0.1085281 0.5515813
1413393894.355761 -3.4558904 -0.7609322 3.4043274 -0.8177953 -0.1127489 0.1126170 0.5530062
1413393894.505760 -3.5074124 -0.5722842 3.3983288 -0.8159453 -0.1164145 0.1084279 0.5558097
1413393894.655761 -3.5508831 -0.3754356 3.3661022 -0.8120613 -0.1206895 0.1015714 0.5618485
1413393894.805760 -3.5869420 -0.1746774 3.3329644 -0.8098509 -0.1231237 0.1003748 0.5647184
1413393895.055760 -3.6351552 0.1607490 3.2971408 -0.7962998 -0.1258155 0.1023198 0.5827588
1413393895.155761 -3.6505446 0.2912998 3.2871771 -0.7955241 -0.1283376 0.1007876 0.5835347
1413393895.255760 -3.6637361 0.4181540 3.2794757 -0.7982288 -0.1301311 0.0998804 0.5795866
1413393895.355761 -3.6759415 0.5416732 3.2697420 -0.7961329 -0.1307986 0.0999744 0.5822965
1413393895.455760 -3.6860492 0.6604724 3.2517276 -0.7935448 -0.1303274 0.0994440 0.5860139
1413393895.555760 -3.6930118 0.7745783 3.2268555 -0.7937935 -0.1250095 0.0962588 0.5873659
1413393895.655761 -3.6972213 0.8847015 3.2034836 -0.7957056 -0.1154893 0.0896442 0.5877743
1413393895.755760 -3.6983242 0.9908376 3.1851983 -0.7940792 -0.1029115 0.0778520 0.5939583
1413393895.855761 -3.6967549 1.0935793 3.1712246 -0.7934960 -0.0838563 0.0633273 0.5994346
1413393895.955760 -3.6913598 1.1877129 3.1601574 -0.7956204 -0.0586520 0.0436238 0.6013693
1413393896.055760 -3.6835899 1.2739499 3.1501353 -0.7991999 -0.0307570 0.0167526 0.6000440
1413393899.005760 -3.3516109 2.6356080 3.3532529 -0.7377129 0.4981160 -0.2127099 0.4030070
1413393899.505760 -3.1867597 2.8024588 3.5411358 -0.5942765 0.3731335 -0.3823051 0.6012068
1413393899.555760 -3.1894915 2.8153660 3.5635211 -0.5767258 0.3672084 -0.3811176 0.6223301
1413393899.655761 -3.2213173 2.8252428 3.6000500 -0.5612430 0.3690664 -0.3633672 0.6455700
1413393899.755760 -3.2865543 2.8101120 3.6211836 -0.5868276 0.3918171 -0.3239738 0.6302013
1413393900.055760 -3.5548100 2.6294262 3.6328204 -0.7134869 0.4896860 -0.1837620 0.4662355
1413393900.155761 -3.6098197 2.5440512 3.6289184 -0.7326865 0.4995062 -0.1795402 0.4259453
1413393900.255760 -3.6305366 2.4577227 3.6201286 -0.7478483 0.4934813 -0.1985178 0.3972275
1413393900.355761 -3.6152170 2.3796196 3.6092322 -0.7552793 0.4720447 -0.2378367 0.3875058
1413393900.805760 -3.3917387 2.1929209 3.5306766 -0.6208752 0.3745728 -0.3823641 0.5727189
1413393900.955760 -3.4005983 2.1246235 3.4747372 -0.6219766 0.3977242 -0.3473474 0.5781958
1413393901.355761 -3.5490165 1.8319001 3.3425622 -0.7381929 0.4554007 -0.2677222 0.4195311
1413393901.505760 -3.5533698 1.7414660 3.3147202 -0.7536685 0.4566503 -0.2668176 0.3902085
1413393903.955760 -2.1318896 3.1716757 3.5839310 0.5656688 -0.5708778 0.3605226 -0.4734351
1413393904.055760 -2.0734963 3.2069914 3.5855668 0.5588658 -0.5808891 0.3594480 -0.4701425
1413393904.155761 -2.0181971 3.2280202 3.5789773 0.5601302 -0.5822592 0.3658457 -0.4619365
1413393904.305760 -1.9413052 3.2366052 3.5628889 0.5689763 -0.5793248 0.3758150 -0.4465555
1413393904.755760 -1.7099023 3.1239367 3.6631556 0.5775371 -0.6038277 0.4138579 -0.3613374
1413393904.905761 -1.6199546 3.0744729 3.6823449 0.5653346 -0.6247463 0.4307677 -0.3233078
1413393905.205760 -1.3849046 3.0142834 3.6744518 0.4838467 -0.6482160 0.4980718 -0.3124624
1413393905.555760 -1.1195214 3.0100889 3.5954232 0.3878389 -0.7059726 0.5190566 -0.2859439
1413393905.855761 -0.9392292 3.0099950 3.5585520 0.2931491 -0.7609512 0.5127021 -0.2686138
1413393906.355761 -0.7651062 2.8112161 3.5427606 0.2395662 -0.7769211 0.5627794 -0.1492682
1413393906.805760 -0.6102915 2.6106367 3.3942168 0.1543053 -0.7851052 0.5782664 -0.1593982
1413393907.505760 -0.6247672 2.4581110 3.0982373 0.1940408 -0.7802409 0.5896305 -0.0768645
1413393907.955760 -0.5626205 2.4923530 3.0203652 0.1600975 -0.7856117 0.5848830 -0.1228612
1413393908.555760 -0.5359761 2.6321704 2.8163488 0.1623401 -0.7848382 0.5883349 -0.1074089
1413393908.805760 -0.5343761 2.7320106 2.7777739 0.1236320 -0.7967016 0.5713655 -0.1533726
1413393909.705760 -0.7863490 3.1123016 2.8287032 0.1512092 -0.8088633 0.5640262 -0.0689229
1413393909.855761 -0.8052985 3.1871791 2.7768831 0.1477128 -0.8261407 0.5404755 -0.0596550
1413393910.055760 -0.8034820 3.2592149 2.6869740 0.1412914 -0.8405924 0.5205685 -0.0494931
1413393910.255760 -0.7608933 3.2796628 2.6325316 0.1308650 -0.8503861 0.5073566 -0.0480312
1413393910.505760 -0.6552484 3.2004807 2.6478925 0.1090593 -0.8681228 0.4795649 -0.0669814
1413393910.755760 -0.5284832 2.9900837 2.6571763 0.1086613 -0.8557473 0.4978182 -0.0898121
1413393910.955760 -0.4284279 2.7479777 2.6197631 0.1278428 -0.8314351 0.5315212 -0.0992827
1413393911.155761 -0.3309451 2.4748509 2.5564146 0.1491023 -0.8061785 0.5610844 -0.1141451
1413393911.305760 -0.2630194 2.2668829 2.5052359 0.1609560 -0.7968375 0.5700228 -0.1192361
1413393911.455760 -0.1992904 2.0614161 2.4616492 0.1656139 -0.7769241 0.5959332 -0.1175778
1413393911.555760 -0.1599816 1.9353251 2.4373243 0.1670085 -0.7693883 0.6062208 -0.1124551
1413393911.655761 -0.1228422 1.8235242 2.4271820 0.1650925 -0.7627808 0.6154824 -0.1099600
1413393911.805760 -0.0698723 1.6842945 2.4349144 0.1621826 -0.7720734 0.6059884 -0.1018703
1413393911.905761 -0.0361354 1.6112125 2.4704773 0.1581279 -0.7934291 0.5793558 -0.0990593
1413393912.005760 0.0014337 1.5442213 2.5160341 0.1440122 -0.8185288 0.5448377 -0.1114593
1413393912.105761 0.0389411 1.4697801 2.5766199 0.1345114 -0.8401960 0.5122698 -0.1164351
1413393912.205760 0.0748975 1.3808286 2.6431646 0.1286673 -0.8534856 0.4916016 -0.1154776
1413393912.305760 0.1097472 1.2728055 2.7109399 0.1254105 -0.8590820 0.4833760 -0.1122406
1413393912.405761 0.1444895 1.1427060 2.7822917 0.1217987 -0.8543558 0.4928251 -0.1111970
1413393912.505760 0.1783904 0.9929907 2.8569694 0.1186969 -0.8381688 0.5204203 -0.1120123
1413393912.605761 0.2097627 0.8335826 2.9239516 0.1172266 -0.8240697 0.5423310 -0.1142112
1413393912.705760 0.2351046 0.6743405 2.9700072 0.1199177 -0.8122104 0.5597150 -0.1124860
1413393912.805760 0.2556703 0.5144231 3.0013504 0.1238512 -0.8014960 0.5749476 -0.1081685
1413393912.905761 0.2716273 0.3548453 3.0211864 0.1217762 -0.7959603 0.5846639 -0.0989236
1413393913.005760 0.2836549 0.1989911 3.0299711 0.1078414 -0.7966220 0.5876874 -0.0915808
1413393913.105761 0.2916663 0.0467420 3.0320544 0.0824115 -0.7980652 0.5902376 -0.0889934
1413393913.305760 0.2858177 -0.2428939 3.0154214 0.0141331 -0.7949445 0.6014220 -0.0784539
1413393913.405761 0.2665058 -0.3760691 2.9941590 -0.0213358 -0.7976324 0.5992495 -0.0650185
1413393913.505760 0.2327995 -0.5036612 2.9765000 -0.0598309 -0.7945597 0.6021806 -0.0497356
1413393913.605761 0.1820564 -0.6236165 2.9653473 -0.0943844 -0.7855875 0.6110218 -0.0244174
1413393913.705760 0.1151202 -0.7333829 2.9616616 -0.1251322 -0.7740849 0.6205533 0.0069344
1413393913.855761 -0.0097760 -0.8685939 2.9730666 -0.1707292 -0.7582123 0.6272325 0.0504500
1413393913.955760 -0.1040112 -0.9346788 2.9846601 -0.1999546 -0.7508694 0.6247374 0.0769184
1413393914.055760 -0.2056460 -0.9813764 3.0004420 -0.2216244 -0.7401564 0.6243202 0.1152190
1413393914.155761 -0.3095918 -1.0087516 3.0168300 -0.2400048 -0.7356707 0.6129469 0.1596325
1413393914.255760 -0.4104277 -1.0197492 3.0326307 -0.2629752 -0.7419866 0.5845756 0.1963960
1413393914.355761 -0.5051750 -1.0208411 3.0531449 -0.2903894 -0.7425204 0.5607762 0.2233105
1413393914.455760 -0.5942277 -1.0179253 3.0783820 -0.3217073 -0.7374399 0.5427155 0.2411361
1413393914.555760 -0.6786529 -1.0129712 3.1062770 -0.3534603 -0.7272939 0.5314839 0.2522584
1413393914.655761 -0.7611931 -1.0059507 3.1362405 -0.3820142 -0.7133244 0.5255854 0.2626660
1413393915.005760 -1.0560191 -0.9458551 3.2343776 -0.4618369 -0.6855056 0.4783072 0.2966664
1413393915.105761 -1.1464415 -0.9214947 3.2612619 -0.4686104 -0.6878531 0.4620758 0.3061834
1413393915.255760 -1.2893409 -0.8910778 3.2990682 -0.4723171 -0.6903512 0.4489184 0.3143311
1413393917.305760 -2.5857363 -1.6164510 3.6798449 -0.6775467 -0.4523744 0.3623488 0.4527595
1413393917.405761 -2.6068332 -1.6471665 3.7045224 -0.7049711 -0.4222781 0.3375911 0.4590525
1413393917.605761 -2.6423712 -1.6816354 3.7271588 -0.7543045 -0.3554821 0.2780890 0.4767848
1413393918.205760 -2.7051537 -1.5754313 3.6866429 -0.8143069 -0.1113425 0.1160360 0.5577122
1413393918.355761 -2.6935256 -1.5149224 3.6763196 -0.8234798 -0.0506586 0.0806964 0.5592878
1413393918.505760 -2.6636350 -1.4374726 3.6630569 -0.8272235 0.0103156 0.0395536 0.5603842
1413393918.655761 -2.6051259 -1.3472486 3.6810405 -0.8251235 0.0771138 -0.0055053 0.5596377
1413393918.805760 -2.5329585 -1.2607083 3.6958649 -0.8063128 0.1573592 -0.0479843 0.5681509
1413393918.905761 -2.4756498 -1.2029419 3.7001591 -0.7832697 0.2142610 -0.0796697 0.5781295
1413393919.005760 -2.3925741 -1.1522541 3.7140262 -0.7568651 0.2640552 -0.1254589 0.5845428
1413393919.105761 -2.2953119 -1.1134291 3.7332413 -0.7313273 0.3084151 -0.1744155 0.5827690
1413393919.205760 -2.1967740 -1.0879064 3.7512760 -0.7039250 0.3528416 -0.2155893 0.5775063
1413393919.305760 -2.1001630 -1.0769358 3.7694864 -0.6696724 0.3934580 -0.2541821 0.5762995
1413393919.905761 -1.7075984 -1.3648474 3.6778276 -0.5700487 0.5022451 -0.3896250 0.5205639
1413393919.955760 -1.6935487 -1.4120271 3.6541357 -0.5742185 0.4979170 -0.3998775 0.5122985
1413393920.055760 -1.6766193 -1.5085061 3.5999398 -0.5849708 0.4948566 -0.4064872 0.4976890
1413393920.155761 -1.6737702 -1.6062469 3.5387826 -0.5937097 0.4935933 -0.4060170 0.4889015
1413393920.455760 -1.7341168 -1.8987961 3.3383121 -0.6176407 0.4962230 -0.3901056 0.4691485
1413393920.555760 -1.7742714 -1.9943595 3.2779205 -0.6287282 0.4995598 -0.3811596 0.4581029
1413393921.205760 -2.0401082 -2.4998317 2.9401572 -0.6770367 0.5033281 -0.3549254 0.4028772
1413393921.405761 -2.0710428 -2.5852134 2.8625569 -0.6787559 0.5055130 -0.3510729 0.4006180
1413393921.755760 -2.0407586 -2.6471524 2.7522533 -0.6481366 0.4929051 -0.3752458 0.4428928
1413393922.205760 -2.0204141 -2.6476007 2.5063264 -0.6443571 0.4988552 -0.3782031 0.4392150
1413393922.305760 -2.0264530 -2.6387014 2.4478190 -0.6574188 0.5123314 -0.3623195 0.4171829
1413393922.505760 -2.0113082 -2.6037035 2.3444438 -0.6629886 0.5351532 -0.3348432 0.4024142
1413393922.755760 -1.9116008 -2.5450368 2.2489164 -0.6310415 0.5434554 -0.3280542 0.4458961
1413393922.905761 -1.8231561 -2.5235143 2.1971252 -0.6394019 0.5403422 -0.3309072 0.4355410
1413393923.105761 -1.6698078 -2.5078943 2.1656010 -0.6625469 0.5290347 -0.3469255 0.4009947
1413393923.355761 -1.4050473 -2.4550872 2.1933167 -0.6552497 0.5313240 -0.3470174 0.4097824
1413393923.505760 -1.2162112 -2.4087501 2.2189984 -0.6398022 0.5312014 -0.3199153 0.4540180
1413393923.605761 -1.0826395 -2.3864603 2.2350166 -0.6440215 0.5109124 -0.3038147 0.4815616
1413393923.755760 -0.8796580 -2.3619947 2.2657797 -0.6838838 0.4551970 -0.2906707 0.4905193
1413393923.955760 -0.6172155 -2.3515124 2.3192654 -0.7407694 0.3748454 -0.2553273 0.4955398
1413393924.055760 -0.4832595 -2.3481789 2.3505783 -0.7629390 0.3408940 -0.2332807 0.4972881
1413393924.155761 -0.3449450 -2.3521466 2.3607757 -0.7805279 0.3017220 -0.2213316 0.5007518
1413393924.455760 0.0587497 -2.3210869 2.3711467 -0.8121146 0.1688784 -0.2512441 0.4988250
1413393924.555760 0.1662513 -2.2801147 2.3839927 -0.8140823 0.1421416 -0.2632838 0.4977422
1413393924.655761 0.2486628 -2.2204192 2.4044902 -0.8077442 0.1212268 -0.2766660 0.5062699
1413393924.755760 0.2988585 -2.1404417 2.4379768 -0.7971174 0.1066763 -0.2893724 0.5191219
1413393924.805760 0.3100963 -2.0932372 2.4611216 -0.7935331 0.1053017 -0.2931725 0.5227492
1413393924.905761 0.3025737 -1.9851416 2.5230875 -0.7927256 0.1265888 -0.2757028 0.5287244
1413393925.005760 0.2606146 -1.8617804 2.6065903 -0.7980782 0.1636491 -0.2334373 0.5308455
1413393925.105761 0.1988705 -1.7308948 2.7070813 -0.8042602 0.1888599 -0.1933005 0.5292754
1413393925.205760 0.1347097 -1.5945945 2.8247585 -0.8109356 0.2045975 -0.1478568 0.5278842
1413393925.305760 0.0760729 -1.4532077 2.9496326 -0.8191762 0.2066242 -0.1043040 0.5247642
1413393926.155761 -0.1855822 -0.0531926 3.3799045 -0.7792822 0.1322706 -0.0845292 0.6066949
1413393926.255760 -0.1940230 0.1005943 3.3696318 -0.7762039 0.1347637 -0.0806901 0.6106024
1413393926.405761 -0.2056412 0.3092003 3.3651061 -0.7860052 0.1375626 -0.0758978 0.5979230
1413393926.505760 -0.2044465 0.4367888 3.3574595 -0.7861375 0.1305656 -0.0739569 0.5995589
1413393927.105761 -0.2261931 1.0192447 3.3987648 -0.8187413 0.0324423 -0.0092995 0.5731699
1413393927.205760 -0.2236280 1.0957661 3.4409835 -0.8241742 0.0303667 0.0110744 0.5654132
1413393927.305760 -0.2137179 1.1745200 3.4821830 -0.8319471 0.0287152 0.0266044 0.5534724
1413393927.405761 -0.1942770 1.2587409 3.5229354 -0.8393160 0.0129550 0.0257465 0.5428795
1413393927.505760 -0.1671276 1.3519580 3.5664639 -0.8363829 -0.0149738 0.0088198 0.5478702
1413393927.655761 -0.1286139 1.5053139 3.6362114 -0.8256729 -0.0595540 -0.0158557 0.5607729
1413393927.855761 -0.1134924 1.7198706 3.7414234 -0.7983720 -0.1119085 -0.0375622 0.5904809
1413393928.055760 -0.1670687 1.9169271 3.8534446 -0.7862014 -0.1243921 -0.0369075 0.6041952
1413393928.455760 -0.4658209 2.2045503 3.9890354 -0.7933078 -0.0809752 0.0188736 0.6031166
1413393928.655761 -0.6572133 2.3049591 4.0096779 -0.7805120 -0.0537546 0.0483628 0.6209450
1413393928.755760 -0.7466384 2.3416846 4.0165062 -0.7777474 -0.0506481 0.0467706 0.6247850
1413393928.955760 -0.9108769 2.3822749 4.0316963 -0.7765536 -0.0595441 0.0101383 0.6271494
1413393929.055760 -0.9914047 2.3863962 4.0428982 -0.7786236 -0.0530443 -0.0109350 0.6251495
1413393929.155761 -1.0752990 2.3798699 4.0577655 -0.7804012 -0.0384528 -0.0310811 0.6233212
1413393929.355761 -1.2579341 2.3384874 4.0941072 -0.7920368 0.0181065 -0.0613763 0.6071102
1413393931.155761 -2.6445155 1.4788737 3.9261780 -0.7499161 0.2999655 -0.2004750 0.5544874
1413393931.305760 -2.7106986 1.3764100 3.9032979 -0.7557289 0.3021435 -0.1908335 0.5487857
1413393931.455760 -2.7662144 1.2724605 3.8656235 -0.7574859 0.3089412 -0.1759127 0.5475628
1413393931.555760 -2.7956128 1.2001467 3.8296182 -0.7572166 0.3122697 -0.1679076 0.5485596
1413393931.655761 -2.8177428 1.1239715 3.7824454 -0.7577691 0.3127010 -0.1637796 0.5487990
1413393931.755760 -2.8299460 1.0462327 3.7279525 -0.7583715 0.3111493 -0.1626615 0.5491813
1413393931.905761 -2.8290644 0.9262714 3.6375754 -0.7600361 0.3078175 -0.1637518 0.5484331
1413393932.055760 -2.8062363 0.8008895 3.5566797 -0.7628394 0.3021650 -0.1685771 0.5462180
1413393932.205760 -2.7633288 0.6734285 3.4865060 -0.7696643 0.2910078 -0.1824992 0.5381686
1413393932.655761 -2.5895083 0.3480425 3.3249187 -0.7749853 0.2701619 -0.2203781 0.5271090
1413393932.805760 -2.5358644 0.2706852 3.2872641 -0.7691303 0.2714864 -0.2251113 0.5329714
1413393932.955760 -2.4888940 0.2058539 3.2573092 -0.7631270 0.2691661 -0.2349152 0.5385181
1413393933.055760 -2.4648156 0.1686049 3.2438066 -0.7514822 0.2637759 -0.2416575 0.5543451
1413393933.155761 -2.4503784 0.1318130 3.2332335 -0.7413656 0.2604084 -0.2439184 0.5683910
1413393933.305760 -2.4489193 0.0712419 3.2255888 -0.7336975 0.2712178 -0.2272512 0.5800740
1413393933.455760 -2.4650958 -0.0029845 3.2275112 -0.7317572 0.2925167 -0.1965914 0.5833671
1413393933.555760 -2.4783897 -0.0626945 3.2287753 -0.7374026 0.3088111 -0.1726106 0.5753943
1413393933.705760 -2.4846654 -0.1668341 3.2170010 -0.7472661 0.3157137 -0.1652879 0.5608906
1413393933.855761 -2.4742444 -0.2844837 3.1875932 -0.7587609 0.3003292 -0.1901420 0.5458300
1413393934.005760 -2.4565001 -0.4010484 3.1523685 -0.7567757 0.2867649 -0.2099112 0.5486291
1413393934.155761 -2.4426851 -0.5162210 3.1439950 -0.7457241 0.2715324 -0.2291566 0.5636071
1413393934.255760 -2.4430020 -0.5942705 3.1493671 -0.7453572 0.2696832 -0.2284838 0.5652512
1413393934.455760 -2.4633589 -0.7529016 3.1431811 -0.7541636 0.2860920 -0.1986983 0.5566936
1413393934.605761 -2.4758706 -0.8730907 3.1062851 -0.7572698 0.2984569 -0.1780726 0.5529522
1413393934.755760 -2.4761214 -0.9973760 3.0503802 -0.7550724 0.3113509 -0.1552662 0.5557146
1413393934.855761 -2.4701138 -1.0833523 3.0038543 -0.7608666 0.3144532 -0.1297368 0.5526025
1413393935.005760 -2.4425848 -1.2158070 2.9205632 -0.7868412 0.2827685 -0.1136799 0.5366561
1413393935.155761 -2.3866100 -1.3474910 2.8244064 -0.8185633 0.2081923 -0.1236696 0.5208799
1413393935.305760 -2.3178649 -1.4549937 2.7585809 -0.8366634 0.1416859 -0.1040093 0.5187500
1413393935.455760 -2.2453325 -1.5286648 2.7302313 -0.8429523 0.0815158 -0.0742510 0.5265676
1413393935.605761 -2.1771350 -1.5721135 2.7335262 -0.8426207 0.0154003 -0.0548782 0.5354825
1413393935.955760 -2.1012328 -1.5702963 2.7701197 -0.8295737 -0.1026471 -0.0473940 0.5468317
1413393936.305760 -2.2323222 -1.4925582 2.8410473 -0.8159272 -0.1481547 0.1234021 0.5450550
1413393936.455760 -2.2944791 -1.4372418 2.8721199 -0.8040862 -0.1941651 0.1782610 0.5328868
1413393936.605761 -2.3435543 -1.3633573 2.9049103 -0.7744942 -0.2533838 0.2096763 0.5403621
1413393936.755760 -2.3831139 -1.2795835 2.9419446 -0.7384167 -0.2990512 0.2411648 0.5542100
1413393936.905761 -2.4119625 -1.2006333 2.9800453 -0.7083520 -0.3408013 0.2677485 0.5571379
1413393937.055760 -2.4275055 -1.1374874 3.0226922 -0.6758580 -0.3879078 0.2911026 0.5549801
1413393937.205760 -2.4257205 -1.0990582 3.0723362 -0.6443689 -0.4321536 0.3180979 0.5448354
1413393937.855761 -2.2390382 -1.1204193 3.1768222 -0.6447717 -0.5187851 0.3569190 0.4332901
1413393938.355761 -2.1484807 -1.1932864 3.2123556 -0.5736016 -0.5437779 0.3526036 0.5009565
1413393939.655761 -1.4504796 -1.8432682 3.2477379 -0.5324387 -0.7145137 0.3864295 0.2380156
1413393939.755760 -1.4297363 -1.8865776 3.2221961 -0.5337136 -0.7221659 0.3702594 0.2377696
1413393939.855761 -1.4475449 -1.9349771 3.2014050 -0.5165033 -0.7091140 0.3945665 0.2733109
1413393940.005760 -1.5165105 -2.0146995 3.1891973 -0.4745135 -0.6427965 0.4884005 0.3508768
1413393940.405761 -1.5167191 -2.1161346 3.1663809 -0.4603739 -0.5970290 0.5426583 0.3703164
1413393940.655761 -1.3680141 -2.0667408 3.1486220 -0.5406271 -0.6817607 0.4152676 0.2654758
1413393941.155761 -1.5135708 -1.8799492 3.2627993 -0.4780912 -0.5958874 0.5242578 0.3761659
1413393941.455760 -1.5781014 -1.6768391 3.3261962 -0.4831001 -0.6313076 0.4927399 0.3539385
1413393941.805760 -1.6261955 -1.4043901 3.3735991 -0.5285856 -0.7063517 0.3802820 0.2775791
1413393941.955760 -1.7319067 -1.3095925 3.3791955 -0.5198723 -0.6865529 0.4053634 0.3066894
1413393942.055760 -1.8275672 -1.2547281 3.3839183 -0.5002317 -0.6530725 0.4510419 0.3461584
1413393942.605761 -2.1073482 -0.9255116 3.4020922 -0.4882403 -0.6342297 0.4645385 0.3789169
1413393942.755760 -2.0677516 -0.8341436 3.4423079 -0.5173119 -0.6736093 0.4085373 0.3342697
1413393942.855761 -2.0551791 -0.7804072 3.4570637 -0.5265028 -0.6896726 0.3840577 0.3156679
1413393943.105761 -2.1212478 -0.6909399 3.4313812 -0.5125782 -0.6812017 0.4036808 0.3320690
1413393943.605761 -2.3030355 -0.5776172 3.4035327 -0.4648295 -0.6158433 0.4945260 0.4001432
1413393943.705760 -2.2857637 -0.5487390 3.3927414 -0.4883511 -0.6477582 0.4507837 0.3724467
1413393943.805760 -2.2670655 -0.5242712 3.3846021 -0.5102453 -0.6729395 0.4107220 0.3436707
1413393944.005760 -2.2794888 -0.4968426 3.3878107 -0.5370042 -0.6732804 0.3802190 0.3372737
1413393944.105761 -2.3153431 -0.4955003 3.4005876 -0.5432464 -0.6445188 0.4017290 0.3579004
1413393944.255760 -2.3854735 -0.4984777 3.3780067 -0.5425388 -0.5765879 0.4597193 0.4023136
1413393944.555760 -2.4380319 -0.4392784 3.2247219 -0.5509599 -0.5167939 0.4649101 0.4617639
1413393944.655761 -2.4187942 -0.4101675 3.1640038 -0.5715314 -0.5390244 0.4223452 0.4521385
1413393944.755760 -2.4085369 -0.3856814 3.1652400 -0.5960338 -0.5620020 0.3805933 0.4290061
1413393944.855761 -2.4707379 -0.3744955 3.3936071 -0.6158569 -0.5758941 0.3504488 0.4077402
1413393944.955760 -2.5452659 -0.3659616 3.6265130 -0.6295577 -0.5809501 0.3333866 0.3937098
1413393945.055760 -2.6401300 -0.3580956 3.8669446 -0.6303321 -0.5701576 0.3371063 0.4049211
1413393945.455760 -2.7744327 -0.3046603 3.8693614 -0.5919062 -0.4471391 0.3968275 0.5405937
1413393945.605761 -2.7416477 -0.3009236 3.7415183 -0.6383826 -0.4358899 0.3610899 0.5216146
1413393945.655761 -2.7191343 -0.3008757 3.6851976 -0.6535934 -0.4344677 0.3445842 0.5150875
1413393945.755760 -2.6627240 -0.3015392 3.5575781 -0.6841000 -0.4322196 0.3085522 0.4999890
1413393945.805760 -2.6354549 -0.3043332 3.5010123 -0.6997283 -0.4300326 0.2894934 0.4915749
1413393946.355761 -2.4928851 -0.3310652 3.0792956 -0.6983592 -0.2877505 0.2463801 0.6072816
1413393946.555760 -2.4243779 -0.4023058 2.9385099 -0.7596031 -0.2388470 0.2073273 0.5683050
1413393947.255760 -2.1950691 -0.3983550 2.6457255 -0.7629571 -0.0450380 0.0323033 0.6440687
1413393947.305760 -2.1900828 -0.4005740 2.6294310 -0.7647004 -0.0360218 0.0176571 0.6431360
1413393947.405761 -2.2528887 -0.3572800 3.0685363 -0.7675506 -0.0066306 -0.0051539 0.6409333
1413393947.505760 -2.2880638 -0.3923459 3.1155295 -0.7793400 0.0415402 -0.0074254 0.6251788
1413393947.555760 -2.2992687 -0.4100316 3.1232929 -0.7846135 0.0647204 -0.0071041 0.6165569
1413393947.655761 -2.3134742 -0.4490302 3.1324241 -0.7992253 0.1093504 -0.0081368 0.5909444
1413393947.755760 -2.3325019 -0.5045011 3.1833892 -0.8200334 0.1449942 -0.0251985 0.5530705
1413393947.855761 -2.3119903 -0.5569863 3.1717904 -0.8287945 0.1571264 -0.0670668 0.5328348
1413393947.905761 -2.2974339 -0.5783319 3.1613448 -0.8290560 0.1629529 -0.0887840 0.5274751
1413393947.955760 -2.2811747 -0.5965593 3.1530416 -0.8258453 0.1680422 -0.1094362 0.5270343
1413393948.005760 -2.2635312 -0.6114252 3.1465199 -0.8184621 0.1671896 -0.1352296 0.5328042
1413393948.105761 -2.2310302 -0.6329126 3.1366651 -0.8015524 0.1659215 -0.1790226 0.5458340
1413393948.155761 -2.2180648 -0.6403911 3.1331375 -0.7931644 0.1701201 -0.1922138 0.5522709
1413393948.205760 -2.2079859 -0.6460307 3.1307650 -0.7838412 0.1766127 -0.2006950 0.5604663
1413393948.255760 -2.2009804 -0.6504917 3.1292121 -0.7739690 0.1843071 -0.2060152 0.5697023
1413393948.555760 -2.2231510 -0.6954792 3.1253896 -0.7279323 0.2378872 -0.2152972 0.6059467
1413393948.805760 -2.2959738 -0.7830615 3.1036434 -0.7753884 0.2926048 -0.2162299 0.5161394
1413393949.755760 -2.5311458 -0.9499836 3.2097325 -0.6498537 0.4692676 -0.2804332 0.5280486
1413393949.805760 -2.5582547 -0.9735599 3.2155704 -0.6468995 0.4835724 -0.2683465 0.5250420
1413393949.905761 -2.6062608 -1.0330360 3.2291474 -0.6362340 0.5117505 -0.2458037 0.5223967
1413393950.005760 -2.6414657 -1.1121528 3.2445991 -0.6305257 0.5295720 -0.2333975 0.5172198
1413393950.205760 -2.6635308 -1.3306856 3.2753913 -0.6732340 0.5043991 -0.2857938 0.4589766
1413393950.405761 -2.6386046 -1.5640521 3.3112962 -0.7007319 0.4883572 -0.3118535 0.4162084
1413393950.555760 -2.5908346 -1.7168367 3.3268657 -0.6921226 0.4904360 -0.3160401 0.4249206
1413393950.705760 -2.5177279 -1.8529868 3.3252759 -0.6719326 0.4834382 -0.3330931 0.4514899
1413393950.855761 -2.4378040 -1.9802687 3.2990761 -0.6614660 0.4766069 -0.3472600 0.4633779
1413393951.355761 -2.1886084 -2.3053772 3.1611133 -0.6615158 0.4785172 -0.3580232 0.4530315
1413393951.855761 -1.9336792 -2.4644852 3.0261729 -0.6591407 0.4892417 -0.3673740 0.4372786
1413393952.255760 -1.7070751 -2.4762764 2.9395339 -0.6394585 0.5023321 -0.3747384 0.4453387
1413393952.505760 -1.5772555 -2.4496219 2.9642708 -0.6474860 0.4892175 -0.3675578 0.4542350
1413393952.805760 -1.4411795 -2.3902292 2.9967265 -0.6814374 0.4438421 -0.3410638 0.4715110
1413393953.005760 -1.3571002 -2.3394206 3.0180290 -0.6889447 0.4361787 -0.3104000 0.4886258
1413393953.305760 -1.2176231 -2.2729781 3.0135181 -0.6873556 0.4429272 -0.2793145 0.5033300
1413393954.155761 -0.8550100 -2.3311601 3.0299549 -0.7151484 0.3950831 -0.3014558 0.4915246
1413393954.305760 -0.8271794 -2.3434262 3.0232823 -0.7448143 0.3848910 -0.2687954 0.4741937
1413393954.455760 -0.7894245 -2.3372064 3.0286958 -0.7684445 0.3606949 -0.2407256 0.4705779
1413393954.605761 -0.7372639 -2.3108299 3.0399563 -0.7876945 0.3268816 -0.2167574 0.4750811
1413393954.755760 -0.6656473 -2.2604368 3.0550406 -0.8007492 0.2984159 -0.1992914 0.4796162
1413393954.905761 -0.5750468 -2.1858120 3.0704076 -0.8085393 0.2815000 -0.1891541 0.4808772
1413393955.055760 -0.4673761 -2.0835388 3.0904880 -0.8015885 0.2664455 -0.1923729 0.4994552
1413393955.255760 -0.3177783 -1.9153633 3.1175625 -0.7890701 0.2466124 -0.1859052 0.5310273
1413393955.455760 -0.1741749 -1.7347882 3.1455462 -0.7879344 0.2217366 -0.1601956 0.5516607
1413393955.655761 -0.0397346 -1.5608549 3.1702189 -0.7820760 0.1516156 -0.1410399 0.5877735
1413393955.855761 0.0739594 -1.4105532 3.1504123 -0.7949792 0.0712630 -0.1540708 0.5824018
1413393956.055760 0.1274894 -1.2699471 3.1230943 -0.8174697 0.0670659 -0.1025948 0.5627785
1413393956.255760 0.1439428 -1.1192429 3.1164958 -0.8191921 0.0569500 -0.0502755 0.5684658
1413393956.455760 0.1516306 -0.9660380 3.1236780 -0.8007413 0.0067611 -0.0179912 0.5987018
1413393956.605761 0.1504596 -0.8642037 3.1274850 -0.7995470 -0.0374407 0.0154127 0.5992373
1413393956.755760 0.1450978 -0.7730796 3.1268904 -0.8088254 -0.0845064 0.0514046 0.5796703
1413393956.905761 0.1370985 -0.6860976 3.1293595 -0.8110551 -0.1258261 0.0919922 0.5638217
1413393957.055760 0.1309982 -0.5960405 3.1336541 -0.8055416 -0.1648081 0.1307651 0.5539328
1413393957.205760 0.1271082 -0.4987850 3.1376266 -0.7932100 -0.2169596 0.1578409 0.5466561
1413393957.355761 0.1228643 -0.3951702 3.1434157 -0.7759091 -0.2709551 0.1911313 0.5366724
1413393957.505760 0.1173050 -0.2859130 3.1470549 -0.7528777 -0.3181691 0.2244645 0.5306217
1413393957.655761 0.1112387 -0.1765161 3.1324406 -0.7251585 -0.3581098 0.2603712 0.5273608
1413393957.805760 0.1096767 -0.0709798 3.0916553 -0.6886151 -0.3988735 0.2943414 0.5292187
1413393957.955760 0.1195513 0.0244911 3.0326843 -0.6570079 -0.4507972 0.3024083 0.5231364
1413393958.105761 0.1361694 0.1004038 2.9914124 -0.6422164 -0.4907190 0.2993912 0.5070679
1413393958.255760 0.1398764 0.1529694 2.9886031 -0.6394021 -0.5023382 0.3116035 0.4916549
1413393958.405761 0.1217507 0.1888890 3.0600591 -0.6513619 -0.4980484 0.3305839 0.4673220
1413393958.555760 0.0884150 0.2221899 3.1706908 -0.6634016 -0.4976788 0.3318197 0.4495662
1413393958.705760 0.0493628 0.2576907 3.2506638 -0.6742304 -0.5020251 0.3220137 0.4355358
1413393958.805760 0.0141488 0.2850003 3.2916996 -0.6717461 -0.4984801 0.3234509 0.4423283
1413393958.905761 -0.0275152 0.3146074 3.3235135 -0.6650023 -0.4920229 0.3282972 0.4559674
1413393959.005760 -0.0734282 0.3446076 3.3434412 -0.6614760 -0.4839238 0.3347376 0.4649926
1413393959.105761 -0.1204145 0.3735433 3.3567696 -0.6621957 -0.4692916 0.3500220 0.4677038
1413393959.205760 -0.1643543 0.4047923 3.3700900 -0.6595775 -0.4575251 0.3619240 0.4739612
1413393959.305760 -0.2018571 0.4394438 3.3828070 -0.6559788 -0.4583879 0.3561893 0.4823916
1413393959.405761 -0.2339541 0.4752197 3.3969264 -0.6575960 -0.4644109 0.3452070 0.4824129
1413393959.505760 -0.2629507 0.5110147 3.4156642 -0.6577621 -0.4676466 0.3381953 0.4840246
1413393959.605761 -0.2906685 0.5454197 3.4404249 -0.6494378 -0.4635980 0.3421748 0.4962096
1413393959.705760 -0.3138826 0.5768046 3.4714177 -0.6326514 -0.4522809 0.3552693 0.5186310
1413393959.805760 -0.3256009 0.6021440 3.5007467 -0.6269692 -0.4485321 0.3582118 0.5267000
1413393959.905761 -0.3237458 0.6205056 3.5258665 -0.6414706 -0.4581335 0.3444212 0.5099052
1413393959.955760 -0.3193781 0.6276381 3.5394874 -0.6486222 -0.4637418 0.3358518 0.5014344
1413393960.055760 -0.3080459 0.6381917 3.5694070 -0.6610385 -0.4721037 0.3227908 0.4857492
1413393960.155761 -0.2970250 0.6445694 3.6027446 -0.6706782 -0.4786918 0.3120455 0.4729404
1413393960.255760 -0.2894881 0.6481628 3.6365721 -0.6821851 -0.4859364 0.3000812 0.4565531
1413393960.355761 -0.2906106 0.6507845 3.6727710 -0.6869522 -0.4891177 0.2953557 0.4490274
1413393960.455760 -0.3034635 0.6523104 3.7137156 -0.6763545 -0.4870366 0.3064051 0.4598435
1413393960.555760 -0.3219757 0.6500003 3.7461827 -0.6609662 -0.4909086 0.3216814 0.4676042
1413393960.655761 -0.3404269 0.6417274 3.7575808 -0.6440914 -0.5032222 0.3384258 0.4662420
1413393960.755760 -0.3587992 0.6316402 3.7505026 -0.6294575 -0.5218418 0.3526965 0.4550489
1413393960.855761 -0.3765624 0.6215556 3.7239103 -0.6165897 -0.5465875 0.3612471 0.4365318
1413393960.955760 -0.3991661 0.6129193 3.6682327 -0.6139700 -0.5659757 0.3641455 0.4124446
1413393961.055760 -0.4280646 0.6039364 3.6252143 -0.6124694 -0.5763221 0.3685548 0.3961079
1413393961.155761 -0.4649529 0.5963407 3.5965455 -0.6018414 -0.5772247 0.3784170 0.4017452
1413393961.255760 -0.5072646 0.5888696 3.5881534 -0.5883893 -0.5600082 0.4066858 0.4180854
1413393961.355761 -0.5463381 0.5825064 3.5972910 -0.5719661 -0.5271979 0.4499307 0.4387251
1413393961.655761 -0.5692492 0.6050906 3.6669831 -0.5697190 -0.5447737 0.4248112 0.4451714
1413393961.755760 -0.5459383 0.6142364 3.7219577 -0.5735750 -0.5550227 0.4100986 0.4413396
1413393961.955760 -0.4862089 0.6244342 3.8801990 -0.5840626 -0.5662878 0.3934389 0.4282461
1413393962.055760 -0.4520872 0.6251240 3.9753630 -0.5901264 -0.5712331 0.3863585 0.4197268
1413393962.155761 -0.4209471 0.6211734 4.0879674 -0.5944299 -0.5765201 0.3797547 0.4123884
1413393962.255760 -0.3945765 0.6129608 4.2149324 -0.5982432 -0.5803563 0.3753264 0.4054897
1413393962.355761 -0.3748746 0.6032619 4.3462296 -0.6031966 -0.5858156 0.3674200 0.3974626
1413393962.455760 -0.3659861 0.5926113 4.4587355 -0.6102504 -0.5938216 0.3532081 0.3875751
1413393962.555760 -0.3698118 0.5822215 4.5463409 -0.6240706 -0.5976989 0.3337816 0.3766721
1413393962.655761 -0.3888164 0.5728707 4.6140704 -0.6348282 -0.5921119 0.3165004 0.3823928
1413393962.755760 -0.4269679 0.5640607 4.6714125 -0.6405293 -0.5759972 0.3030708 0.4075508
1413393962.855761 -0.4820132 0.5534759 4.7214642 -0.6428737 -0.5523399 0.2893130 0.4448956
1413393962.955760 -0.5482597 0.5368156 4.7631674 -0.6468082 -0.5229228 0.2737650 0.4829532
1413393963.055760 -0.6216891 0.5102596 4.7939134 -0.6577970 -0.4886038 0.2571175 0.5123085
1413393963.155761 -0.7010550 0.4720831 4.8154612 -0.6704152 -0.4508993 0.2418900 0.5373291
1413393963.255760 -0.7841611 0.4199562 4.8279047 -0.6878480 -0.4070848 0.2365301 0.5524496
1413393963.355761 -0.8678006 0.3574619 4.8303223 -0.7049425 -0.3658471 0.2280891 0.5631940
1413393963.455760 -0.9500194 0.2873187 4.8216205 -0.7217236 -0.3306070 0.2113236 0.5702250
1413393963.555760 -1.0311482 0.2100925 4.8045716 -0.7362106 -0.2979082 0.1952596 0.5754288
1413393963.655761 -1.1110950 0.1271086 4.7798314 -0.7457072 -0.2685576 0.1792486 0.5828101
1413393963.755760 -1.1886821 0.0381198 4.7460303 -0.7525257 -0.2429302 0.1611330 0.5905303
1413393963.855761 -1.2638042 -0.0577440 4.7048960 -0.7594872 -0.2209377 0.1395165 0.5957357
1413393963.955760 -1.3365481 -0.1608400 4.6546354 -0.7688962 -0.2005943 0.1155711 0.5959899
1413393964.055760 -1.4097604 -0.2699151 4.5967088 -0.7783234 -0.1793680 0.0931296 0.5944467
1413393964.155761 -1.4850695 -0.3845081 4.5335827 -0.7856167 -0.1531912 0.0771625 0.5944617
1413393964.305760 -1.6017914 -0.5627890 4.4393573 -0.7966086 -0.1049014 0.0657080 0.5916865
1413393964.405761 -1.6760187 -0.6865058 4.3790283 -0.8032698 -0.0755977 0.0569271 0.5880494
1413393964.505760 -1.7464933 -0.8123560 4.3252439 -0.8084025 -0.0489168 0.0474568 0.5846712
1413393964.605761 -1.8156748 -0.9300456 4.2711678 -0.8085777 -0.0205660 0.0416392 0.5865538
1413393964.755760 -1.9068121 -1.1011596 4.1988144 -0.8086500 0.0198863 0.0320882 0.5870776
1413393964.855761 -1.9543084 -1.2162142 4.1572137 -0.8132131 0.0451974 0.0252654 0.5796580
1413393965.005760 -2.0015335 -1.3873744 4.1039214 -0.8296900 0.0871939 0.0208313 0.5509790
1413393965.155761 -2.0109558 -1.5402575 4.0646677 -0.8436960 0.1387130 0.0298864 0.5177283
1413393965.305760 -1.9664590 -1.6660852 4.0417371 -0.8578808 0.1659743 0.0114291 0.4861712
1413393965.455760 -1.8680245 -1.7527928 4.0362577 -0.8705500 0.1410842 -0.0500511 0.4687567
1413393965.605761 -1.7429163 -1.7818170 4.0503049 -0.8668705 0.0842586 -0.1262195 0.4748734
1413393965.755760 -1.6393776 -1.7510738 4.0847931 -0.8518972 0.0679081 -0.1456193 0.4984523
1413393965.905761 -1.5706633 -1.6734819 4.1286521 -0.8271871 0.0779867 -0.1302814 0.5410235
1413393966.055760 -1.5151355 -1.5734620 4.1146121 -0.8167192 0.0657687 -0.1455209 0.5544978
1413393966.505760 -1.5517853 -1.1991458 4.2286248 -0.7981122 0.0538399 -0.1544592 0.5798798
1413393966.655761 -1.6368930 -1.0666728 4.2961817 -0.7777199 0.0601279 -0.1396394 0.6099485
1413393966.805760 -1.7507856 -0.9555078 4.3366356 -0.7667024 0.0657627 -0.1307621 0.6250952
1413393966.955760 -1.8889685 -0.8702888 4.3510208 -0.7775573 0.0834707 -0.1121883 0.6130670
1413393967.255760 -2.1874850 -0.7507906 4.3314967 -0.7952743 0.1401744 -0.0837480 0.5838461
1413393967.405761 -2.3220758 -0.7066369 4.3034124 -0.7867378 0.1615142 -0.1036350 0.5866997
1413393967.555760 -2.4454021 -0.6757660 4.2640514 -0.7740735 0.1963414 -0.1257508 0.5885977
1413393967.655761 -2.5252540 -0.6611285 4.2413716 -0.7685241 0.2240871 -0.1400236 0.5827085
1413393967.805760 -2.6355636 -0.6583405 4.2152233 -0.7605340 0.2604130 -0.1691245 0.5702367
1413393967.955760 -2.7411494 -0.6674738 4.2071376 -0.7645473 0.2965896 -0.1871891 0.5407979
1413393968.105761 -2.8302128 -0.6830049 4.2279167 -0.7730774 0.3168589 -0.1972473 0.5128794
1413393968.355761 -2.9407909 -0.6887999 4.3162808 -0.7723278 0.3303750 -0.2009068 0.5039827
1413393968.505760 -2.9831719 -0.6795645 4.3480263 -0.7793742 0.3109410 -0.2246588 0.4953986
1413393968.655761 -3.0162468 -0.6515384 4.3610525 -0.7785147 0.3005431 -0.2386745 0.4966115
1413393969.105761 -3.0925131 -0.4707065 4.2875447 -0.7162959 0.3652164 -0.2679438 0.5307952
1413393969.405761 -3.1520524 -0.3608894 4.1935921 -0.6761829 0.4322495 -0.3156272 0.5062771
1413393969.555760 -3.1938870 -0.3199606 4.1611824 -0.6463320 0.4790536 -0.3118145 0.5055040
1413393969.855761 -3.2605240 -0.3092227 4.1404123 -0.6155103 0.5433475 -0.3143544 0.4765520
1413393970.055760 -3.2758286 -0.3706102 4.2042074 -0.6216063 0.5377363 -0.3471593 0.4515814
1413393970.505760 -3.2501903 -0.5283141 4.3319254 -0.6482612 0.5122580 -0.3818307 0.4141913
1413393970.655761 -3.2229111 -0.5511670 4.3660612 -0.6416160 0.4990349 -0.3964252 0.4267786
1413393971.155761 -3.1889627 -0.4545856 4.3518667 -0.6356440 0.4662985 -0.4354180 0.4346651
1413393971.305760 -3.2187884 -0.3528342 4.3782172 -0.6073310 0.4533472 -0.4418007 0.4800392
1413393971.455760 -3.2887516 -0.2441773 4.3945870 -0.5928771 0.4447442 -0.4450795 0.5025969
1413393971.905761 -3.6904073 0.0151992 4.3801384 -0.5755706 0.5555704 -0.3013799 0.5188739
1413393972.055760 -3.8248925 0.0130053 4.3974676 -0.5895082 0.5527788 -0.3213110 0.4936345
1413393972.205760 -3.9515004 -0.0243406 4.4053864 -0.6029475 0.5612693 -0.3189159 0.4687470
1413393972.355761 -4.0622368 -0.0850663 4.3802328 -0.6207526 0.5480745 -0.3431948 0.4432808
1413393972.705760 -4.2668447 -0.2310181 4.3348522 -0.6535336 0.5211027 -0.3789771 0.3971427
1413393972.855761 -4.3285589 -0.2638173 4.3186402 -0.6501092 0.5197897 -0.3858324 0.3978823
1413393973.005760 -4.3741512 -0.2764173 4.2976465 -0.6471229 0.5158700 -0.3978554 0.3960067
1413393973.305760 -4.4516077 -0.2262268 4.2593713 -0.6200879 0.4912542 -0.4306253 0.4344218
1413393973.455760 -4.5022964 -0.1729016 4.2396164 -0.6022943 0.4741185 -0.4456034 0.4624834
1413393973.605761 -4.5866880 -0.1065946 4.2175655 -0.5904969 0.4628004 -0.4531876 0.4814043
1413393973.755760 -4.7142115 -0.0329108 4.1954422 -0.5866316 0.4885196 -0.4119443 0.4975078
1413393973.905761 -4.8736439 0.0289998 4.1768489 -0.5842757 0.5394360 -0.3320608 0.5073130
1413393974.055760 -5.0315084 0.0462403 4.1593914 -0.6059560 0.5835748 -0.2599446 0.4740114
1413393974.205760 -5.1522293 0.0050225 4.1480899 -0.6532159 0.6032876 -0.2230537 0.3994997
1413393974.405761 -5.1708736 -0.0999181 4.1752753 -0.7151542 0.5685771 -0.2637871 0.3093398
1413393974.555760 -5.0725994 -0.1556182 4.2398782 -0.7389912 0.5230718 -0.3139328 0.2858918
1413393974.705760 -4.8971410 -0.1473408 4.3267365 -0.7303736 0.4761708 -0.3716585 0.3188822
1413393974.855761 -4.6917477 -0.0738487 4.4087839 -0.7010482 0.4485773 -0.4082982 0.3749701
1413393975.005760 -4.4906907 0.0466566 4.4628501 -0.6641298 0.4527484 -0.4084961 0.4325292
1413393975.155761 -4.3098979 0.1861091 4.4814939 -0.6381570 0.4661006 -0.3954047 0.4681464
1413393975.305760 -4.1446753 0.3208094 4.4649105 -0.6331091 0.4795645 -0.3799778 0.4741390
1413393975.455760 -3.9973259 0.4517488 4.4544306 -0.6319538 0.4695602 -0.3935356 0.4746340
1413393975.605761 -3.8778374 0.5834737 4.4510565 -0.6292784 0.4576546 -0.4077366 0.4778197
1413393975.905761 -3.7397900 0.8525658 4.4551907 -0.6094878 0.4865404 -0.3774206 0.4993565
1413393976.055760 -3.7070723 0.9702201 4.4544144 -0.6117975 0.4990279 -0.3731515 0.4872710
1413393976.205760 -3.6902537 1.0747252 4.4354782 -0.6158022 0.5084422 -0.3727786 0.4725572
1413393976.705760 -3.7078993 1.3115425 4.3774066 -0.6200432 0.5083954 -0.3342538 0.4953331
1413393977.005760 -3.7361705 1.3323369 4.3203640 -0.6573315 0.5043346 -0.3070983 0.4682443
1413393977.655761 -3.6364713 1.3633208 4.4334893 -0.6659158 0.4728751 -0.3652185 0.4467222
1413393977.805760 -3.6075902 1.3962107 4.4549251 -0.6633222 0.4767625 -0.3677203 0.4443906
1413393978.305760 -3.5160451 1.5847936 4.5194273 -0.6393216 0.5064383 -0.3647092 0.4491942
1413393978.605761 -3.4536035 1.6968942 4.5761628 -0.5889069 0.5482045 -0.3876646 0.4498628
1413393979.155761 -3.3904049 1.7484794 4.6866789 0.4764638 -0.6585826 0.4414683 -0.3799436
1413393979.355761 -3.3839445 1.7087965 4.7069006 0.4250933 -0.6916803 0.4679158 -0.3491833
1413393979.505760 -3.3913295 1.6603379 4.6888776 0.3807881 -0.7162775 0.4812568 -0.3321729
1413393979.655761 -3.4127235 1.5909324 4.6520085 0.3387615 -0.7381603 0.4946073 -0.3093925
1413393979.955760 -3.5106049 1.3916473 4.5998387 0.2790229 -0.7691708 0.5267021 -0.2304505
1413393980.105761 -3.5795906 1.2749913 4.5912185 0.2537453 -0.7882434 0.5290757 -0.1853771
1413393980.305760 -3.6672182 1.1058700 4.5847526 0.2382675 -0.8088698 0.5234351 -0.1223687
1413393980.455760 -3.7071955 0.9745073 4.5949984 0.2312160 -0.8117809 0.5260783 -0.1038871
1413393980.705760 -3.7168982 0.7363572 4.6090007 0.2227558 -0.7882829 0.5635834 -0.1066010
1413393980.905761 -3.6863966 0.5506091 4.5972719 0.2217945 -0.7994323 0.5470469 -0.1116015
1413393981.055760 -3.6429269 0.4102774 4.5915422 0.2106015 -0.8107088 0.5309656 -0.1283506
1413393981.205760 -3.5899515 0.2560611 4.6065340 0.1979527 -0.8075097 0.5358965 -0.1468261
1413393981.355761 -3.5381315 0.0873747 4.6501274 0.1955384 -0.8071914 0.5350055 -0.1548418
1413393981.505760 -3.4937277 -0.0919309 4.6944571 0.2074021 -0.8069255 0.5334311 -0.1459690
1413393981.705760 -3.4341254 -0.3449209 4.7218342 0.2266817 -0.8016191 0.5375843 -0.1304811
1413393981.955760 -3.3285120 -0.6720994 4.7026854 0.2525355 -0.7858205 0.5502740 -0.1261369
1413393982.105761 -3.2419982 -0.8578947 4.6884689 0.2794962 -0.7704772 0.5547044 -0.1433523
1413393982.255760 -3.1375871 -1.0274045 4.6834750 0.3157975 -0.7526076 0.5509209 -0.1741837
1413393982.405761 -3.0213335 -1.1786149 4.6843514 0.3642659 -0.7328742 0.5345425 -0.2108793
1413393982.605761 -2.8597517 -1.3569152 4.6790676 0.4436591 -0.6927691 0.5030555 -0.2649015
1413393982.755760 -2.7201273 -1.4761891 4.6714449 0.5098181 -0.6461870 0.4792884 -0.3046481
1413393982.955760 -2.5242534 -1.6044366 4.6632652 -0.5949628 0.5667529 -0.4463883 0.3543276
1413393983.155761 -2.3272238 -1.6843424 4.6518006 -0.6670596 0.4835211 -0.4045114 0.3970003
1413393983.405761 -2.0928085 -1.6974344 4.6385088 -0.7365000 0.3688775 -0.3558181 0.4414644
1413393983.605761 -1.9385995 -1.6279712 4.6394200 -0.7673497 0.2775547 -0.3135296 0.4856305
1413393983.805760 -1.8439585 -1.4996791 4.6534648 -0.7874103 0.1976431 -0.2603067 0.5226498
1413393984.055760 -1.8211887 -1.2869401 4.6863837 -0.8018361 0.1090897 -0.1955967 0.5539858
1413393984.255760 -1.8838642 -1.0988388 4.7222829 -0.8053375 0.0329801 -0.1501400 0.5725397
1413393984.455760 -2.0221348 -0.9084182 4.7693772 -0.8032581 -0.0248656 -0.0989591 0.5868264
1413393984.655761 -2.2245433 -0.7327795 4.8210077 -0.8003805 -0.0610075 -0.0544661 0.5938877
1413393984.805760 -2.4070983 -0.6135445 4.8428974 -0.8057697 -0.0535949 -0.0069934 0.5897574
1413393984.955760 -2.5929129 -0.4987693 4.8394775 -0.8185447 -0.0230516 0.0282780 0.5732830
1413393985.105761 -2.7628894 -0.3814082 4.8134632 -0.8241158 0.0158146 0.0240342 0.5656903
1413393985.255760 -2.9107542 -0.2581630 4.7690587 -0.8159412 0.0473019 -0.0200578 0.5758474
1413393985.405761 -3.0469601 -0.1380887 4.7175989 -0.8070478 0.0812911 -0.0732769 0.5802553
1413393985.605761 -3.2315211 0.0120687 4.6559930 -0.7984040 0.1439815 -0.1237970 0.5713973
1413393985.805760 -3.4215176 0.1544962 4.6008592 -0.8001782 0.2209828 -0.1431901 0.5388675
1413393986.005760 -3.5834646 0.3044934 4.5743952 -0.7909960 0.2917440 -0.1612594 0.5130363
1413393986.205760 -3.6878729 0.4433241 4.5903130 -0.7639295 0.3567823 -0.1825101 0.5057749
1413393986.405761 -3.7310390 0.5727854 4.6215506 -0.7246749 0.4238965 -0.2028378 0.5039989
1413393986.605761 -3.7064905 0.6690297 4.6605968 -0.6930168 0.4579960 -0.2665963 0.4887677
1413393986.755760 -3.6579514 0.7262669 4.6915383 -0.6705347 0.4631758 -0.3355259 0.4725185
1413393986.955760 -3.6013513 0.8049140 4.7381916 -0.6396597 0.4756335 -0.3969641 0.4550031
1413393987.155761 -3.5774274 0.9045296 4.7627225 -0.6316985 0.5027159 -0.3994994 0.4343200
1413393987.305760 -3.5686910 0.9935369 4.7633619 -0.6307923 0.5140527 -0.3961904 0.4253049
1413393987.505760 -3.5588984 1.1307621 4.7757525 -0.6316678 0.5183060 -0.3921580 0.4225719
1413393987.705760 -3.5461752 1.2829633 4.7947135 -0.6239325 0.5213652 -0.4030246 0.4200688
1413393987.855761 -3.5382206 1.4065957 4.8051414 -0.6120244 0.5341526 -0.4054890 0.4191489
1413393988.005760 -3.5335693 1.5357442 4.7918139 -0.6039258 0.5447899 -0.4039799 0.4186622
1413393988.205760 -3.5279360 1.7115979 4.7283983 -0.5976980 0.5460132 -0.4145503 0.4156620
1413393988.405761 -3.5304916 1.8955765 4.6349707 -0.5970659 0.5371652 -0.4319676 0.4103292
1413393988.605761 -3.5469699 2.1011701 4.5468345 -0.6105893 0.5221397 -0.4544048 0.3847948
1413393988.755760 -3.5701251 2.2869058 4.4954014 -0.6029282 0.5375782 -0.4389958 0.3934082
1413393988.905761 -3.5955594 2.4881158 4.4596176 -0.5827318 0.5821409 -0.3972466 0.4046365
1413393989.055760 -3.6072242 2.6760149 4.4577227 0.5575242 -0.6280553 0.3627058 -0.4039280
1413393989.205760 -3.5958903 2.8250365 4.4926615 0.5389685 -0.6632603 0.3396382 -0.3927399
1413393989.655761 -3.4149201 3.0733638 4.6779490 0.5232236 -0.5906814 0.4911170 -0.3689671
1413393990.855761 -3.3687012 3.4708362 4.4636698 0.2972623 -0.8259659 0.4515667 -0.1596967
1413393991.005760 -3.3708158 3.4103489 4.4526448 0.3109497 -0.8108875 0.4808641 -0.1205882
1413393991.155761 -3.3202648 3.3254333 4.4667306 0.3039646 -0.7587603 0.5602173 -0.1343315
1413393991.305760 -3.2459807 3.2591901 4.4907928 0.2779433 -0.7006223 0.6322978 -0.1790962
1413393991.455760 -3.1794076 3.2357917 4.5052900 0.2603188 -0.6913189 0.6374927 -0.2188961
1413393992.205760 -3.1696413 3.1823678 4.6487622 0.2847703 -0.7271398 0.5942502 -0.1924587
1413393992.855761 -3.2883177 3.1030378 4.6674809 0.2693844 -0.7133566 0.6137729 -0.2045418
1413393993.255760 -3.4167719 3.1509616 4.6619997 0.2936347 -0.7912729 0.5099639 -0.1661406
1413393993.405761 -3.4384367 3.1712756 4.6745591 0.3008801 -0.8194247 0.4640445 -0.1505890
1413393993.555760 -3.4197323 3.1509132 4.7070150 0.3045951 -0.8033685 0.4899429 -0.1475700
1413393993.755760 -3.3440228 3.0938325 4.7750726 0.2845361 -0.7320191 0.5921844 -0.1802911
1413393993.905761 -3.2854748 3.0724697 4.7909284 0.2706853 -0.6897565 0.6420757 -0.1967344
1413393994.055760 -3.2463002 3.0946188 4.7743578 0.2554189 -0.6671160 0.6656741 -0.2158600
1413393994.205760 -3.2562430 3.1798291 4.7672582 0.2427788 -0.6801988 0.6485648 -0.2403160
1413393994.655761 -3.5007977 3.5908835 4.7749958 0.2847496 -0.8363204 0.4339621 -0.1765299
1413393994.805760 -3.5545769 3.6624606 4.7203465 0.2919007 -0.8536676 0.4056408 -0.1466332
1413393995.305760 -3.4639859 3.5828764 4.6043220 0.2534659 -0.7723323 0.5346469 -0.2311076
1413393995.455760 -3.4340882 3.5335505 4.5507712 0.2763871 -0.7609722 0.5230601 -0.2663450
1413393995.805760 -3.4392252 3.3629956 4.4590354 0.4000411 -0.6838708 0.5189776 -0.3208585
1413393996.005760 -3.4877117 3.2620568 4.4239635 0.4643772 -0.6278005 0.5043404 -0.3685937
1413393996.205760 -3.5744543 3.1667776 4.3919516 0.4983815 -0.5983583 0.4788015 -0.4053796
1413393996.355761 -3.6661012 3.0938840 4.3650918 0.5228452 -0.6015559 0.4494168 -0.4034700
1413393996.505760 -3.7664616 3.0159693 4.3240032 0.5422119 -0.6043997 0.4349859 -0.3892230
1413393996.705760 -3.8964257 2.9102025 4.2455115 0.5580601 -0.6096806 0.4211506 -0.3734846
1413393997.105761 -4.0771694 2.7226553 4.0925283 -0.5940232 0.5755384 -0.4124953 0.3817588
1413393997.255760 -4.1164093 2.6660166 4.0556288 -0.5981584 0.5642238 -0.4123343 0.3922227
1413393997.455760 -4.1538286 2.6048584 3.9988320 -0.5995815 0.5524136 -0.4153997 0.4034655
1413393997.655761 -4.1866055 2.5591855 3.9048159 -0.5981967 0.5469331 -0.4182580 0.4099818
1413393997.955760 -4.2356067 2.5243526 3.8068869 -0.6004475 0.5508204 -0.4160687 0.4036663
1413393998.155761 -4.2623663 2.5289526 3.7651033 -0.5997327 0.5546393 -0.4175183 0.3979629
1413393998.355761 -4.2821112 2.5535109 3.7376385 -0.5931663 0.5591060 -0.4219029 0.3969285
1413393998.555760 -4.2943411 2.5978591 3.7317231 -0.5872665 0.5751284 -0.4079815 0.3973618
1413393998.755760 -4.2950382 2.6475575 3.7298956 0.5686671 -0.5867765 0.3948070 -0.4200459
1413393998.955760 -4.2918911 2.6752017 3.7130811 0.5690586 -0.5816333 0.4009215 -0.4208765
1413393999.105761 -4.2891126 2.6824667 3.6934991 -0.5793545 0.5663538 -0.4220342 0.4067910
1413393999.305760 -4.2887249 2.6986291 3.6596265 -0.5894859 0.5710058 -0.4161328 0.3915256
1413393999.455760 -4.2814393 2.7195582 3.6364152 0.5821515 -0.5842566 0.3984130 -0.4012617
1413393999.605761 -4.2650609 2.7368495 3.6158419 0.5726131 -0.5900182 0.3921301 -0.4125856
1413393999.805760 -4.2307372 2.7427130 3.5858359 0.5655100 -0.5912692 0.3902191 -0.4222893
1413393999.955760 -4.2017593 2.7310765 3.5437179 0.5664859 -0.5894423 0.3908249 -0.4229744
1413394000.105761 -4.1863780 2.7221303 3.5271728 0.5718897 -0.5746044 0.4144929 -0.4134822
1413394000.255760 -4.1901340 2.7250175 3.5339749 -0.5767027 0.5582224 -0.4440567 0.3982656
1413394000.405761 -4.1919584 2.7183352 3.5232301 0.5617273 -0.5722634 0.4336038 -0.4110532
1413394000.855761 -4.1878395 2.7195010 3.5169730 0.5623396 -0.5732816 0.4324398 -0.4100220
1413394001.155761 -4.1860685 2.7190282 3.5166357 0.5618167 -0.5737901 0.4318338 -0.4106660
1413394001.605761 -4.1854448 2.7186110 3.5162287 0.5616161 -0.5742151 0.4313184 -0.4108880
1413394001.905761 -4.1870365 2.7186639 3.5157857 0.5616392 -0.5742495 0.4310395 -0.4111008
1413394002.355761 -4.1872878 2.7184761 3.5156231 0.5614316 -0.5744733 0.4309261 -0.4111904
1413394002.655761 -4.1874957 2.7182879 3.5159888 0.5614512 -0.5745339 0.4308250 -0.4111851
1413394003.005760 -4.1877365 2.7181385 3.5164025 0.5614313 -0.5747866 0.4305421 -0.4111556
1413394003.155761 -4.1877604 2.7180734 3.5162742 0.5613391 -0.5748715 0.4304375 -0.4112720
1413394003.355761 -4.1877913 2.7177813 3.5162492 0.5612531 -0.5749419 0.4303602 -0.4113720
