1413393889855760640.000000 -2.467566013 0.341958284 2.922775269 -0.473560542 -0.685404480 -0.322609335 0.449315399
1413393890555760384.000000 -2.614659786 0.419254392 3.176333189 -0.466323078 -0.651922464 -0.337304354 0.493726403
1413393890805760256.000000 -2.682856560 0.425410062 3.183223963 -0.466139138 -0.656639934 -0.338225484 0.486972153
1413393891055760384.000000 -2.745948315 0.411281675 3.211547852 -0.469114840 -0.666006386 -0.334160805 0.474028885
1413393893005760512.000000 -2.724768877 -1.426280737 3.219776630 -0.506526291 -0.715386152 -0.286464423 0.386771202
1413393893105760512.000000 -2.748600245 -1.487703323 3.216604710 -0.506947339 -0.718495846 -0.282804787 0.383131325
1413393893355760640.000000 -2.853596926 -1.538972735 3.235749483 -0.503471613 -0.705854893 -0.288443893 0.406306863
1413393893605760512.000000 -2.999829054 -1.470167041 3.272795439 -0.511991560 -0.690874994 -0.277897656 0.428169727
1413393893705760512.000000 -3.061242342 -1.412729979 3.287979603 -0.515853584 -0.687444925 -0.271541178 0.433105052
1413393893805760256.000000 -3.121512651 -1.337703943 3.306136131 -0.515822291 -0.682527423 -0.271746069 0.440724194
1413393893905760512.000000 -3.179335594 -1.247037053 3.327517033 -0.509440243 -0.674737453 -0.282428414 0.453248560
1413393894005760512.000000 -3.233647823 -1.144764543 3.349282503 -0.501707971 -0.666493416 -0.294659764 0.466102213
1413393894155760640.000000 -3.308805466 -0.978563666 3.382309198 -0.496708840 -0.662039161 -0.300279409 0.474148542
1413393894355760640.000000 -3.392731428 -0.740346014 3.422625542 -0.497950405 -0.659139633 -0.298401117 0.478055537
1413393894505760512.000000 -3.444461346 -0.551782727 3.417421103 -0.494082659 -0.660514116 -0.303343564 0.477059931
1413393894655760640.000000 -3.488180399 -0.355328918 3.386393785 -0.488341570 -0.660949826 -0.312473089 0.476475030
1413393894805760256.000000 -3.524363041 -0.154572740 3.353636980 -0.485049307 -0.661171973 -0.315343797 0.477637023
1413393895055760384.000000 -3.572548866 0.180314735 3.318242550 -0.473348320 -0.653754175 -0.326739848 0.491719395
1413393895155760640.000000 -3.588089705 0.310942620 3.308652878 -0.471036047 -0.655026317 -0.328364402 0.491164356
1413393895255760384.000000 -3.601428509 0.438105673 3.301094055 -0.471744001 -0.658167362 -0.326197743 0.487717509
1413393895355760640.000000 -3.613646507 0.561549544 3.291465998 -0.469760776 -0.657199800 -0.328049332 0.489690602
1413393895455760384.000000 -3.623699903 0.680063844 3.273554325 -0.468224853 -0.655091047 -0.331066728 0.491951287
1413393895555760384.000000 -3.630390406 0.793352842 3.248620987 -0.472156942 -0.651516318 -0.334322661 0.490736872
1413393895655760640.000000 -3.634167433 0.902041495 3.225190878 -0.480266005 -0.646132290 -0.339374155 0.486500680
1413393895755760384.000000 -3.634762287 1.005718589 3.207245588 -0.488010168 -0.636187553 -0.352227390 0.482749879
1413393895855760640.000000 -3.632536650 1.105168819 3.193346262 -0.501077175 -0.622374594 -0.366569310 0.476653397
1413393895955760384.000000 -3.626552582 1.195142984 3.182349443 -0.520469487 -0.606084526 -0.382133842 0.464485496
1413393896055760384.000000 -3.618615627 1.276507139 3.172927141 -0.542886913 -0.588919997 -0.400521576 0.445005059
1413393899005760512.000000 -3.318750143 2.577113628 3.368945360 -0.874155521 -0.168754041 -0.430418491 0.148708254
1413393899505760512.000000 -3.166373253 2.740065336 3.562090635 -0.684531868 -0.160510406 -0.690851450 0.168454647
1413393899555760384.000000 -3.169079781 2.752357006 3.582518101 -0.667697191 -0.152627304 -0.704967499 0.184136659
1413393899655760640.000000 -3.199345827 2.761752844 3.615345478 -0.657607138 -0.140545934 -0.708809316 0.213047013
1413393899755760384.000000 -3.261022568 2.747474670 3.634311438 -0.691501319 -0.141829684 -0.669871092 0.230180368
1413393900055760384.000000 -3.520141125 2.570538998 3.641652822 -0.850192308 -0.158198893 -0.454358995 0.213785127
1413393900155760640.000000 -3.574905872 2.485612154 3.639575005 -0.871025741 -0.164221674 -0.422952116 0.188300028
1413393900255760384.000000 -3.595752716 2.400174618 3.635161400 -0.878018200 -0.178997904 -0.416111499 0.154580325
1413393900355760640.000000 -3.581332207 2.323443890 3.630297661 -0.868755817 -0.199682921 -0.437052935 0.119895570
1413393900805760256.000000 -3.370607376 2.131909370 3.554733276 -0.704708278 -0.177852303 -0.670633733 0.148341343
1413393900955760384.000000 -3.377005577 2.062899351 3.494261026 -0.721329570 -0.161922038 -0.649701655 0.177067176
1413393901355760640.000000 -3.517187357 1.775200248 3.365359068 -0.844972134 -0.200114533 -0.480865389 0.121428594
1413393901505760512.000000 -3.520804167 1.685980320 3.339387417 -0.857088804 -0.209769666 -0.459490955 0.101309285
1413393903955760384.000000 -2.127468348 3.104215145 3.597241640 0.803678215 -0.001927991 0.587495923 -0.094584294
1413393904055760384.000000 -2.070333719 3.139309168 3.598086834 0.805871964 -0.013875967 0.584568501 -0.093045749
1413393904155760640.000000 -2.015784025 3.160524368 3.592620850 0.807864547 -0.014001447 0.583364248 -0.082735121
1413393904305760256.000000 -1.939197421 3.169679165 3.579141140 0.812329590 -0.005788121 0.579556286 -0.064820595
1413393904755760384.000000 -1.713699698 3.059802532 3.688056469 0.836678684 -0.017835492 0.546951175 0.022253796
1413393904905760512.000000 -1.628169179 3.011838198 3.709859848 0.843137145 -0.041568018 0.532598138 0.061083343
1413393905205760512.000000 -1.407454729 2.955097437 3.701584101 0.802353382 -0.115065031 0.573964596 0.116420932
1413393905555760384.000000 -1.155759454 2.955808401 3.617515802 0.774922431 -0.223695606 0.571755767 0.150169805
1413393905855760640.000000 -0.986009240 2.961686134 3.573570013 0.746123016 -0.329536647 0.556485891 0.158207342
1413393906355760640.000000 -0.819747150 2.777233124 3.567401648 0.720608294 -0.379381120 0.509090662 0.278604597
1413393906805760256.000000 -0.671347737 2.583855152 3.411610365 0.665704548 -0.444816977 0.528188944 0.282828182
1413393907505760512.000000 -0.682724178 2.434871197 3.127367258 0.691350162 -0.414246559 0.477910757 0.349336684
1413393907955760384.000000 -0.623361349 2.468179464 3.042133331 0.670536935 -0.441445708 0.507205129 0.313446820
1413393908555760384.000000 -0.596493363 2.609184027 2.839948416 0.671746850 -0.439456671 0.498790771 0.326866746
1413393908805760256.000000 -0.597193062 2.708204508 2.793102264 0.651967764 -0.474718720 0.519456387 0.282392174
1413393909705760512.000000 -0.846786439 3.091872454 2.854734421 0.680719376 -0.464972377 0.454769909 0.337055206
1413393909855760640.000000 -0.865572572 3.166400194 2.803016186 0.690177500 -0.480011493 0.431660891 0.326975524
1413393910055760384.000000 -0.863784730 3.238640547 2.713202477 0.695614338 -0.495071769 0.410528809 0.320141822
1413393910255760384.000000 -0.821709394 3.259479284 2.657863140 0.694932997 -0.509481728 0.400276929 0.311889201
1413393910505760512.000000 -0.717523217 3.179839611 2.668950796 0.691409588 -0.537433028 0.394144922 0.278869838
1413393910755760384.000000 -0.591223896 2.968872786 2.676185608 0.682457268 -0.528517067 0.423077077 0.275549859
1413393910955760384.000000 -0.490440965 2.725813389 2.640030861 0.679340005 -0.497379452 0.453340948 0.292562515
1413393911155760640.000000 -0.392072856 2.451080799 2.577534199 0.676955104 -0.464086235 0.484410733 0.302823365
1413393911305760256.000000 -0.323520184 2.242116928 2.527006626 0.678897977 -0.448992044 0.494153768 0.305476308
1413393911455760384.000000 -0.259766698 2.037773132 2.484698772 0.668526411 -0.431356758 0.511243701 0.325013429
1413393911555760384.000000 -0.220443159 1.912549853 2.461268902 0.664379001 -0.424984694 0.514904022 0.335950077
1413393911655760640.000000 -0.183508202 1.801649690 2.451447010 0.658493876 -0.421577692 0.519719303 0.344310790
1413393911805760256.000000 -0.130531549 1.662769198 2.459506512 0.662904978 -0.430396885 0.507381856 0.343335539
1413393911905760512.000000 -0.096739426 1.588742137 2.494349957 0.674745202 -0.448688745 0.486645967 0.326455295
1413393912005760512.000000 -0.059830151 1.520294309 2.536574364 0.681846321 -0.476608843 0.471102059 0.293244809
1413393912105760512.000000 -0.022628862 1.444848657 2.594928980 0.689903677 -0.498908341 0.451662451 0.266691715
1413393912205760512.000000 0.013163835 1.355605483 2.660496950 0.694857299 -0.512645066 0.436432332 0.252775252
1413393912305760256.000000 0.047904275 1.247758150 2.728137255 0.696403325 -0.519014299 0.428378969 0.249274969
1413393912405760512.000000 0.082357273 1.118514180 2.799669743 0.690621316 -0.518120468 0.434378624 0.256726712
1413393912505760512.000000 0.115840465 0.970314622 2.874884844 0.677336097 -0.508545935 0.454514772 0.275704890
1413393912605760512.000000 0.146929100 0.811928332 2.942136526 0.666607797 -0.499342918 0.471571594 0.289673865
1413393912705760512.000000 0.172281206 0.653391421 2.989033937 0.660398185 -0.488891214 0.482623994 0.303205848
1413393912805760256.000000 0.192966253 0.494187742 3.021509409 0.655874372 -0.478426844 0.490320444 0.317052871
1413393912905760512.000000 0.208818898 0.336023301 3.042364120 0.650684953 -0.475962132 0.490732908 0.330530554
1413393913005760512.000000 0.220175713 0.182224810 3.050874472 0.641311824 -0.486266077 0.487885118 0.337983042
1413393913105760512.000000 0.226983115 0.032782950 3.051260948 0.624257565 -0.505147099 0.488164008 0.341796458
1413393913305760256.000000 0.218793452 -0.248549297 3.030368567 0.573631525 -0.550863206 0.489427418 0.357711524
1413393913405760512.000000 0.198945984 -0.377025574 3.007664919 0.550333858 -0.577825963 0.478844732 0.366002083
1413393913505760512.000000 0.165100962 -0.499152005 2.988509893 0.520906150 -0.602789223 0.470588237 0.379274011
1413393913605760512.000000 0.115004823 -0.612996817 2.977135897 0.490285277 -0.620844066 0.459412307 0.403873026
1413393913705760512.000000 0.049450301 -0.716572404 2.974011898 0.460653245 -0.634483755 0.444434583 0.433251530
1413393913855760640.000000 -0.072573669 -0.843264282 2.985814810 0.417441219 -0.655580878 0.419011325 0.469452858
1413393913955760384.000000 -0.164531767 -0.904403627 2.997634411 0.391648948 -0.671156704 0.398910195 0.486857831
1413393914055760384.000000 -0.262941509 -0.946093082 3.015273333 0.368986458 -0.679138005 0.371880352 0.514126062
1413393914155760640.000000 -0.362974912 -0.969070971 3.034811735 0.352969080 -0.689395249 0.332770258 0.537969410
1413393914255760384.000000 -0.460100234 -0.976854980 3.053616285 0.341024846 -0.710618258 0.287052244 0.544357181
1413393914355760640.000000 -0.551341951 -0.974907160 3.075646877 0.321829915 -0.730702519 0.251504540 0.547032773
1413393914455760384.000000 -0.637092948 -0.968932152 3.100963116 0.295904577 -0.749387503 0.226420328 0.547350585
1413393914555760384.000000 -0.718389809 -0.960992336 3.127883434 0.266134739 -0.764646530 0.210870162 0.547742426
1413393914655760640.000000 -0.797694564 -0.951195538 3.156665325 0.236010835 -0.774888635 0.199557304 0.551383257
1413393915005760512.000000 -1.082338095 -0.885371327 3.254294395 0.159396797 -0.811810374 0.142644659 0.543331504
1413393915105760512.000000 -1.171398759 -0.860953331 3.282698631 0.156122282 -0.818460882 0.124493681 0.538747549
1413393915255760384.000000 -1.313323021 -0.830658197 3.321915150 0.155159757 -0.823028386 0.109462149 0.535320282
1413393917305760256.000000 -2.562979937 -1.553627133 3.696666479 -0.157868579 -0.799658298 -0.049023353 0.577252924
1413393917405760512.000000 -2.578691721 -1.586440086 3.720893621 -0.198734641 -0.797722638 -0.071018450 0.564888954
1413393917605760512.000000 -2.603224516 -1.627503753 3.744039536 -0.281237155 -0.785408378 -0.125842407 0.536845446
1413393918205760512.000000 -2.641856670 -1.554958463 3.704587221 -0.496380359 -0.655712843 -0.299315721 0.483794689
1413393918355760640.000000 -2.627818584 -1.503300667 3.693500280 -0.545858204 -0.619213700 -0.325965226 0.460825294
1413393918505760512.000000 -2.596924782 -1.435471416 3.680185795 -0.591737270 -0.578737378 -0.356471270 0.433403164
1413393918655760640.000000 -2.538943529 -1.355892539 3.698153257 -0.637596130 -0.530022800 -0.388579875 0.401936382
1413393918805760256.000000 -2.469203949 -1.281760693 3.711351395 -0.680889904 -0.460080117 -0.425627768 0.378888100
1413393918905760512.000000 -2.415201426 -1.232898235 3.714168787 -0.704663098 -0.403727263 -0.455880284 0.364180416
1413393919005760512.000000 -2.337276459 -1.190815449 3.728268623 -0.721229613 -0.350149572 -0.493657619 0.336935192
1413393919105760512.000000 -2.246284008 -1.159406900 3.748405933 -0.734696388 -0.300989479 -0.527894914 0.301585257
1413393919205760512.000000 -2.154451609 -1.140131235 3.766410112 -0.746827066 -0.250376821 -0.554159999 0.269198030
1413393919305760256.000000 -2.065111637 -1.134479761 3.783900023 -0.751345992 -0.197693616 -0.581475437 0.241418272
1413393919905760512.000000 -1.699415803 -1.431242466 3.694331884 -0.758577108 -0.050751887 -0.640723407 0.107044607
1413393919955760384.000000 -1.685975909 -1.478006959 3.672492743 -0.758681357 -0.056753196 -0.642148852 0.093949236
1413393920055760384.000000 -1.669082046 -1.573798895 3.620620489 -0.764374554 -0.066376142 -0.636468232 0.078955203
1413393920155760640.000000 -1.665687442 -1.671097398 3.560616970 -0.769775689 -0.073312633 -0.629865110 0.073079847
1413393920455760384.000000 -1.723384500 -1.962805390 3.361448526 -0.788652301 -0.087903060 -0.604438722 0.070387751
1413393920555760384.000000 -1.762325048 -2.057999849 3.301475525 -0.798882723 -0.093122117 -0.590224564 0.068918206
1413393921205760512.000000 -2.023311853 -2.560959578 2.967155933 -0.836087584 -0.123556517 -0.532304943 0.048402760
1413393921405760512.000000 -2.053948164 -2.646363020 2.889317989 -0.838822424 -0.123153262 -0.527974188 0.049533244
1413393921755760384.000000 -2.026683331 -2.709628105 2.777676105 -0.808092594 -0.111276865 -0.575083375 0.062313881
1413393922205760512.000000 -2.007334948 -2.710308075 2.531710863 -0.809635341 -0.104370534 -0.574694455 0.057652202
1413393922305760256.000000 -2.012185812 -2.701154232 2.473191261 -0.828399241 -0.103583723 -0.547886193 0.053347189
1413393922505760512.000000 -1.996001363 -2.666833878 2.367419958 -0.848207116 -0.090869553 -0.518068254 0.062391534
1413393922755760384.000000 -1.898036838 -2.610272884 2.266464472 -0.830870926 -0.062941067 -0.544145286 0.097968906
1413393922905760512.000000 -1.809163451 -2.588229656 2.216198444 -0.834751070 -0.070938841 -0.538799047 0.088622615
1413393923105760512.000000 -1.655159593 -2.570630312 2.190040350 -0.843736589 -0.094995931 -0.525635719 0.052833959
1413393923355760640.000000 -1.390999794 -2.518345594 2.216741323 -0.840078592 -0.088337392 -0.531962276 0.058996834
1413393923505760512.000000 -1.200270176 -2.473488331 2.236390829 -0.828363836 -0.077840008 -0.543861151 0.109404534
1413393923605760512.000000 -1.063055515 -2.450669765 2.250549316 -0.816749990 -0.095417924 -0.551520824 0.140142038
1413393923755760384.000000 -0.852297246 -2.422312975 2.284773350 -0.805838525 -0.163070321 -0.547596395 0.155468628
1413393923955760384.000000 -0.578605115 -2.403891802 2.341921329 -0.789561510 -0.260004818 -0.524727821 0.183441937
1413393924055760384.000000 -0.439925849 -2.396416187 2.373880863 -0.781282485 -0.299594402 -0.509756505 0.199972928
1413393924155760640.000000 -0.298041552 -2.395992994 2.385779858 -0.766169906 -0.339784056 -0.503189266 0.210549682
1413393924455760384.000000 0.107863680 -2.351947308 2.408336878 -0.695774674 -0.456785083 -0.521788299 0.187034726
1413393924555760384.000000 0.214568913 -2.308618546 2.424000025 -0.678548396 -0.477292031 -0.529377699 0.177548990
1413393924655760640.000000 0.295649707 -2.248027802 2.446652412 -0.659431577 -0.487934560 -0.544799507 0.173963860
1413393924755760384.000000 0.344366461 -2.168223381 2.481621504 -0.641685605 -0.491074383 -0.562868655 0.173966959
1413393924805760256.000000 0.355140179 -2.121383429 2.505013466 -0.638179719 -0.489605516 -0.568147898 0.173841864
1413393924905760512.000000 0.349310875 -2.014971018 2.563996077 -0.652313292 -0.473804146 -0.560069919 0.190574691
1413393925005760512.000000 0.311111957 -1.893264055 2.641324520 -0.681673169 -0.450858861 -0.531682134 0.222175896
1413393925105760512.000000 0.252505213 -1.762695312 2.736402035 -0.703358948 -0.436913580 -0.502120137 0.249535888
1413393925205760512.000000 0.191587687 -1.625394940 2.848504782 -0.718691349 -0.430023253 -0.468825459 0.280651957
1413393925305760256.000000 0.135927230 -1.481470704 2.968772411 -0.725550175 -0.433994055 -0.435542345 0.309077561
1413393926155760640.000000 -0.123782530 -0.076025583 3.400081635 -0.644116640 -0.459668308 -0.478797704 0.380225897
1413393926255760384.000000 -0.132061407 0.077576421 3.389089584 -0.643603206 -0.455743730 -0.478856683 0.385705680
1413393926405760512.000000 -0.143325850 0.286890566 3.384256363 -0.652596176 -0.460458070 -0.466463953 0.380142093
1413393926505760512.000000 -0.141944081 0.415291786 3.376927137 -0.647747219 -0.465537161 -0.466174185 0.382596910
1413393927105760512.000000 -0.160661757 1.014587402 3.419539928 -0.601637185 -0.557534933 -0.400501460 0.408394635
1413393927205760512.000000 -0.157375202 1.093234658 3.459740162 -0.603896320 -0.562587440 -0.380472779 0.417187065
1413393927305760256.000000 -0.146995246 1.173880816 3.499368191 -0.608203053 -0.568973422 -0.360936940 0.419622332
1413393927405760512.000000 -0.127898499 1.260294676 3.541351080 -0.602482736 -0.585265875 -0.353915542 0.411366254
1413393927505760512.000000 -0.102011628 1.355109096 3.588771820 -0.580933690 -0.603284180 -0.369290203 0.402726978
1413393927655760640.000000 -0.065963969 1.510630846 3.664396048 -0.542180240 -0.627848625 -0.395690054 0.394050837
1413393927855760640.000000 -0.054124285 1.726718426 3.775719166 -0.485992789 -0.646461546 -0.431882381 0.399219304
1413393928055760384.000000 -0.108272135 1.923997164 3.888667345 -0.468450665 -0.646951854 -0.441071659 0.409222573
1413393928455760384.000000 -0.402660728 2.212102652 4.015519619 -0.503403187 -0.620571554 -0.400841832 0.448109359
1413393928655760640.000000 -0.592020512 2.311203003 4.031092167 -0.512943864 -0.592162669 -0.392691851 0.481689811
1413393928755760384.000000 -0.681360900 2.347279549 4.037841797 -0.513141751 -0.588062465 -0.396573722 0.483319134
1413393928955760384.000000 -0.847053111 2.385571480 4.057451248 -0.506414950 -0.593868554 -0.424270153 0.459193856
1413393929055760384.000000 -0.928160906 2.387446642 4.070225239 -0.512687385 -0.590832829 -0.437905639 0.443065315
1413393929155760640.000000 -1.012444735 2.377956867 4.085931778 -0.524418831 -0.581822753 -0.451066524 0.427792251
1413393929355760640.000000 -1.195154786 2.329456568 4.121030331 -0.572840512 -0.549764097 -0.461583436 0.395668983
1413393931155760640.000000 -2.596661568 1.433547258 3.946257353 -0.742499292 -0.319956809 -0.526350021 0.263207406
1413393931305760256.000000 -2.662009954 1.331664562 3.922660589 -0.748110831 -0.322350293 -0.515437007 0.265979767
1413393931455760384.000000 -2.716647863 1.227899790 3.883092403 -0.753985584 -0.318613470 -0.503984630 0.275664330
1413393931555760384.000000 -2.745617390 1.155646563 3.845984459 -0.756037712 -0.316002399 -0.499010563 0.282024831
1413393931655760640.000000 -2.767447233 1.079646945 3.798362494 -0.756688774 -0.316053510 -0.496235698 0.285100937
1413393931755760384.000000 -2.779470921 1.002112031 3.743867397 -0.756014228 -0.317576945 -0.495689243 0.286146224
1413393931905760512.000000 -2.778454304 0.882461965 3.653915644 -0.754878998 -0.321118921 -0.495897681 0.284826040
1413393932055760384.000000 -2.755628586 0.757487655 3.574080706 -0.752976894 -0.327126324 -0.497707397 0.279824287
1413393932205760512.000000 -2.713074923 0.630787849 3.506604910 -0.750216901 -0.339885861 -0.501817703 0.264256269
1413393932655760640.000000 -2.541327000 0.306133807 3.350800753 -0.739861310 -0.358644187 -0.520821273 0.229619026
1413393932805760256.000000 -2.488307714 0.228067756 3.313143969 -0.736624837 -0.353690058 -0.528378367 0.230442062
1413393932955760384.000000 -2.442276001 0.162651807 3.283917427 -0.730780423 -0.351263762 -0.539299250 0.227442414
1413393933055760384.000000 -2.418906450 0.124687746 3.270476580 -0.718652129 -0.347149551 -0.555289149 0.233838320
1413393933155760640.000000 -2.404806376 0.087298289 3.259487629 -0.708998442 -0.342613786 -0.566836596 0.242143214
1413393933305760256.000000 -2.402467251 0.025950633 3.248795748 -0.710856915 -0.329527378 -0.563326895 0.262215704
1413393933455760384.000000 -2.417027473 -0.048747763 3.246026516 -0.724074125 -0.312792778 -0.543983400 0.286285698
1413393933555760384.000000 -2.429088831 -0.108285397 3.244220257 -0.739339590 -0.304879427 -0.521373272 0.297649801
1413393933705760512.000000 -2.434919834 -0.212063700 3.232078552 -0.751244187 -0.306675673 -0.505928874 0.292606026
1413393933855760640.000000 -2.425329447 -0.328866601 3.207218170 -0.749012887 -0.325733989 -0.512824476 0.264363945
1413393934005760512.000000 -2.408627510 -0.445262730 3.174750805 -0.738266051 -0.334184438 -0.528786540 0.252326995
1413393934155760640.000000 -2.396111250 -0.560752571 3.168397427 -0.719791174 -0.337584704 -0.553004682 0.249245182
1413393934255760384.000000 -2.396299362 -0.638670266 3.173763514 -0.718212306 -0.338656485 -0.553668737 0.250866175
1413393934455760384.000000 -2.414588213 -0.796840549 3.164119959 -0.735753298 -0.332828999 -0.526481092 0.265912712
1413393934605760512.000000 -2.425952673 -0.916951597 3.124507904 -0.746455371 -0.326002985 -0.509226561 0.277875662
1413393934755760384.000000 -2.425201893 -1.041376114 3.065173626 -0.753677726 -0.315129817 -0.495042473 0.295966327
1413393934855760640.000000 -2.417435169 -1.126065254 3.016029596 -0.759737968 -0.316756666 -0.474637032 0.311742097
1413393935005760512.000000 -2.386675596 -1.253604770 2.934461594 -0.755959213 -0.357262254 -0.451492369 0.311518967
1413393935155760640.000000 -2.328024149 -1.376902699 2.845626831 -0.726447344 -0.432555467 -0.446629167 0.292732686
1413393935305760256.000000 -2.256582975 -1.475518942 2.782474279 -0.692479014 -0.492455959 -0.430427879 0.304453433
1413393935455760384.000000 -2.182168722 -1.540832877 2.754928350 -0.654361248 -0.539581180 -0.414187282 0.330321699
1413393935605760512.000000 -2.113893270 -1.576072812 2.760590315 -0.607456326 -0.586387038 -0.406137943 0.349569976
1413393935955760384.000000 -2.042006254 -1.562068582 2.804356575 -0.515156686 -0.661378026 -0.407998413 0.361566067
1413393936305760256.000000 -2.171246767 -1.467391014 2.860644817 -0.471721679 -0.682881713 -0.284885883 0.479574174
1413393936455760384.000000 -2.236875057 -1.403444290 2.889065504 -0.430517197 -0.706794918 -0.237040475 0.508829832
1413393936605760512.000000 -2.291054487 -1.322908998 2.923761845 -0.367494375 -0.728046596 -0.219763383 0.535350442
1413393936755760384.000000 -2.335215092 -1.234490752 2.962438583 -0.309311807 -0.735160768 -0.207078710 0.566554010
1413393936905760512.000000 -2.368947506 -1.151529431 3.002094984 -0.258296669 -0.743627250 -0.190191641 0.586624622
1413393937055760384.000000 -2.390494585 -1.084717631 3.047047853 -0.201865539 -0.754175782 -0.172020331 0.600731313
1413393937205760512.000000 -2.395318508 -1.042887688 3.098186731 -0.148180902 -0.763280094 -0.145662069 0.611742198
1413393937855760640.000000 -2.225660563 -1.056343913 3.198340654 -0.088126004 -0.823800206 -0.039060641 0.558624566
1413393938355760640.000000 -2.136003733 -1.133029222 3.243356466 -0.019416466 -0.792402446 -0.090174161 0.602984250
1413393939655760640.000000 -1.477224112 -1.782019854 3.264502048 0.128046826 -0.882110238 0.119323291 0.437318563
1413393939755760384.000000 -1.456793427 -1.825785398 3.240081072 0.132337034 -0.888577580 0.108050309 0.425725400
1413393939855760640.000000 -1.472520709 -1.874110818 3.221878767 0.135965854 -0.867389262 0.100141779 0.468103528
1413393940005760512.000000 -1.534470081 -1.951685309 3.210512161 0.120919757 -0.790775895 0.111595802 0.589574695
1413393940405760512.000000 -1.531880617 -2.051328182 3.184211254 0.099593408 -0.748039007 0.136100680 0.641868651
1413393940655760640.000000 -1.390083313 -2.003492594 3.164755344 0.099744149 -0.864592552 0.120428011 0.477522731
1413393941155760640.000000 -1.526501894 -1.814784884 3.281076193 0.086024113 -0.759862244 0.119066335 0.633271277
1413393941455760384.000000 -1.594512582 -1.613035321 3.346380711 0.106810331 -0.788616657 0.112539761 0.594987512
1413393941805760256.000000 -1.649614692 -1.343099356 3.394638300 0.125304133 -0.874055266 0.087077253 0.461241663
1413393941955760384.000000 -1.752450705 -1.247610807 3.401192665 0.118104450 -0.853950322 0.084270462 0.499718636
1413393942055760384.000000 -1.844304442 -1.191709161 3.406192541 0.109383263 -0.816381752 0.088645600 0.560087681
1413393942605760512.000000 -2.120755672 -0.862288773 3.425983191 0.105095945 -0.794784904 0.074999794 0.592998207
1413393942755760384.000000 -2.085233927 -0.771938205 3.466235161 0.111090913 -0.843198895 0.067049995 0.521707594
1413393942855760640.000000 -2.074495792 -0.718754470 3.481010914 0.115416296 -0.861083925 0.062887348 0.491180986
1413393943105760512.000000 -2.139744997 -0.629295349 3.455987215 0.119722702 -0.845299304 0.065143913 0.516615689
1413393943605760512.000000 -2.315174580 -0.514183640 3.427542925 0.109347209 -0.765251338 0.081076771 0.629174173
1413393943705760512.000000 -2.300496578 -0.486214459 3.417667150 0.114316359 -0.804537058 0.069848090 0.578595877
1413393943805760256.000000 -2.284192562 -0.462378919 3.409575462 0.115749821 -0.837844729 0.061929706 0.529889643
1413393944005760512.000000 -2.294970989 -0.434522212 3.412793159 0.096559025 -0.857033491 0.044975061 0.504130125
1413393944105760512.000000 -2.326674223 -0.431834042 3.424375534 0.072314024 -0.840977907 0.045665614 0.534267366
1413393944255760384.000000 -2.388727188 -0.432555825 3.397789955 0.026098518 -0.792113423 0.055274118 0.607305586
1413393944555760384.000000 -2.430773258 -0.373544455 3.244061470 -0.021347791 -0.756015778 0.016879713 0.653987408
1413393944655760640.000000 -2.411775589 -0.345358789 3.186325073 -0.020921640 -0.786513686 -0.006297325 0.617186308
1413393944755760384.000000 -2.402982235 -0.321355939 3.189303398 -0.022866797 -0.820154190 -0.019369714 0.571357191
1413393944855760640.000000 -2.466309309 -0.310298085 3.418239355 -0.027718490 -0.843969524 -0.025603035 0.535062373
1413393944955760384.000000 -2.541212320 -0.301692754 3.651023149 -0.034216698 -0.857169747 -0.027727818 0.513147593
1413393945055760384.000000 -2.634224653 -0.293970376 3.891454458 -0.042216465 -0.850114703 -0.033020835 0.523862958
1413393945455760384.000000 -2.750230551 -0.244124606 3.891662598 -0.099501655 -0.736487210 -0.087041579 0.663407803
1413393945605760512.000000 -2.714565277 -0.241314083 3.762987137 -0.141022518 -0.761165440 -0.098777562 0.625286281
1413393945655760640.000000 -2.691199780 -0.241790414 3.707020760 -0.153078794 -0.770885289 -0.105805539 0.609186292
1413393945755760384.000000 -2.633263826 -0.243589059 3.580415249 -0.176881000 -0.790811241 -0.120572753 0.573404789
1413393945805760256.000000 -2.605186701 -0.247012675 3.524375677 -0.189812675 -0.800279140 -0.128096521 0.554180205
1413393946355760640.000000 -2.442920685 -0.289019197 3.101280689 -0.288245291 -0.699517846 -0.241114631 0.607826710
1413393946555760384.000000 -2.370114326 -0.364457041 2.957760334 -0.366898000 -0.707553625 -0.241313949 0.553643644
1413393947255760384.000000 -2.129944086 -0.395607859 2.668060064 -0.506546795 -0.574001312 -0.420609742 0.486847341
1413393947305760256.000000 -2.125149488 -0.399888426 2.652471542 -0.514276624 -0.568905532 -0.430438906 0.476013124
1413393947405760512.000000 -2.188017845 -0.361280113 3.091414928 -0.537188709 -0.550122917 -0.445338041 0.458767027
1413393947505760512.000000 -2.222436190 -0.400569558 3.134844303 -0.579535544 -0.523936093 -0.436147690 0.446547598
1413393947555760384.000000 -2.233409882 -0.420222431 3.140797615 -0.599621713 -0.511032522 -0.429991752 0.440915734
1413393947655760640.000000 -2.247545242 -0.462902576 3.146867037 -0.641557157 -0.489235401 -0.412944257 0.422528386
1413393947755760384.000000 -2.267382145 -0.521908224 3.197674274 -0.681863010 -0.478182256 -0.398575425 0.384112239
1413393947855760640.000000 -2.248905659 -0.577653170 3.190253258 -0.697212934 -0.475798875 -0.414199352 0.340512097
1413393947905760512.000000 -2.235618114 -0.600790858 3.181889057 -0.701757252 -0.471943259 -0.425949514 0.321517438
1413393947955760384.000000 -2.220721483 -0.620867133 3.175451756 -0.703261912 -0.466219485 -0.440423638 0.306739330
1413393948005760512.000000 -2.204874992 -0.637542069 3.171520233 -0.697631001 -0.461905032 -0.462916344 0.292682886
1413393948105760512.000000 -2.175888777 -0.662349463 3.165657282 -0.685055614 -0.451416224 -0.503421664 0.271088481
1413393948155760640.000000 -2.164214134 -0.671492875 3.162809849 -0.682116091 -0.442708492 -0.517455339 0.266395956
1413393948205760512.000000 -2.155139923 -0.678862095 3.160380125 -0.680057168 -0.431692600 -0.529395580 0.266278148
1413393948255760384.000000 -2.148938179 -0.685042322 3.158289909 -0.678409457 -0.419422030 -0.539829493 0.269128203
1413393948555760384.000000 -2.174434662 -0.738208950 3.148810625 -0.683035612 -0.349402517 -0.572772026 0.288639247
1413393948805760256.000000 -2.248378277 -0.826515198 3.128017426 -0.755938828 -0.342793882 -0.510337353 0.224955082
1413393949755760384.000000 -2.505338192 -1.012449026 3.223137856 -0.791076183 -0.129482239 -0.567106307 0.189270496
1413393949805760256.000000 -2.532695293 -1.036520123 3.226988792 -0.798906565 -0.117095008 -0.556528270 0.195738167
1413393949905760512.000000 -2.581741571 -1.097026825 3.236333370 -0.810867310 -0.089337736 -0.538943887 0.209887087
1413393950005760512.000000 -2.617886066 -1.176705599 3.249557972 -0.819217265 -0.072487600 -0.526671290 0.215048760
1413393950205760512.000000 -2.640348434 -1.393302441 3.292402267 -0.832972288 -0.120181255 -0.522478461 0.136857688
1413393950405760512.000000 -2.615176439 -1.624212027 3.335370302 -0.841904879 -0.150656506 -0.510615766 0.088149883
1413393950555760384.000000 -2.568401575 -1.777606010 3.350349903 -0.837208092 -0.143257886 -0.519818127 0.091373131
1413393950705760512.000000 -2.497362137 -1.914685011 3.348215342 -0.817890227 -0.134484440 -0.550768137 0.098102391
1413393950855760640.000000 -2.418808937 -2.042247534 3.322431326 -0.805698097 -0.132239416 -0.569258928 0.096476145
1413393951355760640.000000 -2.170890808 -2.367170811 3.185918570 -0.807266891 -0.130887985 -0.569679141 0.081573650
1413393951855760640.000000 -1.917930126 -2.526379108 3.052033424 -0.813320637 -0.121488847 -0.565392613 0.063885249
1413393952255760384.000000 -1.694159508 -2.539459705 2.963797331 -0.808502376 -0.098493896 -0.576602042 0.064444259
1413393952505760512.000000 -1.562085509 -2.512311935 2.988508940 -0.804873228 -0.113506801 -0.577544987 0.075744294
1413393952805760256.000000 -1.418077707 -2.450056553 3.021919012 -0.796803296 -0.169630498 -0.570090592 0.106427439
1413393953005760512.000000 -1.329977751 -2.398706436 3.040327072 -0.796319067 -0.180300727 -0.560121179 0.140114188
1413393953305760256.000000 -1.188066840 -2.332521200 3.031648397 -0.799483240 -0.174293473 -0.548366368 0.172461003
1413393954155760640.000000 -0.823039412 -2.386852026 3.054933548 -0.786028802 -0.227923334 -0.555192590 0.148226097
1413393954305760256.000000 -0.790277541 -2.396211624 3.047769070 -0.799798131 -0.255567551 -0.519376516 0.158922419
1413393954455760384.000000 -0.747658789 -2.386418104 3.052809954 -0.799383342 -0.289130598 -0.496410280 0.175973028
1413393954605760512.000000 -0.690961838 -2.355803013 3.064064503 -0.789080322 -0.326587230 -0.482035220 0.195793793
1413393954755760384.000000 -0.616160631 -2.301812649 3.079264164 -0.778184891 -0.355937570 -0.472420156 0.211082682
1413393954905760512.000000 -0.523813546 -2.224924564 3.094759464 -0.771746874 -0.373388559 -0.465872139 0.218977183
1413393955055760384.000000 -0.416003317 -2.122120857 3.115386248 -0.756121874 -0.379454076 -0.481159002 0.229739845
1413393955255760384.000000 -0.265499502 -1.953126788 3.141821623 -0.732975900 -0.385078013 -0.498686433 0.256462693
1413393955455760384.000000 -0.119141504 -1.769469738 3.168265581 -0.714281380 -0.402018666 -0.494673252 0.288931817
1413393955655760640.000000 0.018159796 -1.588749886 3.195074081 -0.660421252 -0.448086321 -0.505891919 0.327316225
1413393955855760640.000000 0.131411821 -1.430480838 3.182812452 -0.613402784 -0.514420450 -0.510649443 0.313601255
1413393956055760384.000000 0.188672811 -1.284526706 3.151231050 -0.626088321 -0.532590091 -0.459943831 0.335876316
1413393956255760384.000000 0.207976401 -1.129323006 3.139857054 -0.619623184 -0.540660799 -0.426571757 0.376549602
1413393956455760384.000000 0.216286212 -0.970009804 3.147162914 -0.570688426 -0.563531160 -0.424600720 0.420073241
1413393956605760512.000000 0.215171352 -0.861025214 3.150935888 -0.538464129 -0.593926251 -0.400854677 0.443422645
1413393956755760384.000000 0.208906755 -0.761264205 3.150052309 -0.511817634 -0.633479595 -0.361026317 0.454319775
1413393956905760512.000000 0.199418753 -0.666313827 3.151095390 -0.484105527 -0.663997054 -0.320651978 0.471096665
1413393957055760384.000000 0.191116706 -0.569240332 3.154029846 -0.452491641 -0.687492251 -0.285851926 0.490809947
1413393957205760512.000000 0.183314800 -0.465132505 3.158980370 -0.406882167 -0.715700924 -0.261186838 0.503984571
1413393957355760640.000000 0.174017921 -0.354500622 3.165254831 -0.356394768 -0.741659760 -0.230233446 0.519534707
1413393957505760512.000000 0.163204655 -0.239559919 3.169242144 -0.306553453 -0.758807540 -0.202122033 0.537943184
1413393957655760640.000000 0.151905477 -0.125509828 3.154627085 -0.258428723 -0.767494321 -0.174240455 0.560185075
1413393957805760256.000000 0.144585967 -0.016290866 3.114852667 -0.203421742 -0.770643592 -0.151416674 0.584637463
1413393957955760384.000000 0.147621542 0.081379123 3.059581757 -0.144432515 -0.785322547 -0.141334102 0.585177302
1413393958105760512.000000 0.158629388 0.158523500 3.020828485 -0.106036730 -0.803233445 -0.132054672 0.571081340
1413393958255760384.000000 0.159747303 0.212555587 3.016927719 -0.095868886 -0.809278905 -0.112479657 0.568529010
1413393958405760512.000000 0.140541688 0.250497878 3.084531784 -0.107386500 -0.814214349 -0.081791744 0.564653337
1413393958555760384.000000 0.106621161 0.284652233 3.193376780 -0.116345592 -0.822204053 -0.068327740 0.552969754
1413393958705760512.000000 0.066993654 0.320426077 3.273048639 -0.121220022 -0.832827210 -0.065319464 0.536132276
1413393958805760256.000000 0.032420877 0.347467691 3.314318657 -0.121870756 -0.828619123 -0.069115825 0.541997254
1413393958905760512.000000 -0.008150712 0.376604021 3.346515656 -0.121442519 -0.819393039 -0.075355656 0.555129111
1413393959005760512.000000 -0.052988343 0.406376421 3.366123438 -0.124477126 -0.811194479 -0.077201076 0.566135228
1413393959105760512.000000 -0.098722264 0.435619712 3.377351522 -0.135076553 -0.801187754 -0.068321809 0.578951478
1413393959205760512.000000 -0.141579106 0.466899872 3.389366865 -0.141295627 -0.790943086 -0.064353257 0.591864228
1413393959305760256.000000 -0.178603947 0.500982046 3.403300762 -0.138122007 -0.789164901 -0.074385345 0.593808055
1413393959405760512.000000 -0.210895047 0.536389768 3.418701649 -0.135162383 -0.794674873 -0.082159594 0.586065590
1413393959505760512.000000 -0.239904895 0.571859717 3.438345432 -0.133071214 -0.797167122 -0.088258348 0.582260430
1413393959605760512.000000 -0.266905844 0.605815649 3.463562012 -0.129847333 -0.788538873 -0.094093166 0.593710780
1413393959705760512.000000 -0.288627625 0.636563778 3.494627476 -0.125521839 -0.768832386 -0.100763723 0.618860126
1413393959805760256.000000 -0.299768388 0.661593735 3.524114847 -0.124012008 -0.762236655 -0.104418777 0.626668215
1413393959905760512.000000 -0.298951060 0.680269778 3.549554586 -0.127877817 -0.779182136 -0.102229811 0.605038583
1413393959955760384.000000 -0.295149505 0.687500596 3.563510418 -0.129191503 -0.788172662 -0.102271013 0.592987478
1413393960055760384.000000 -0.284787774 0.698341429 3.593670845 -0.132425696 -0.802778065 -0.100372516 0.572657168
1413393960155760640.000000 -0.274560452 0.704950333 3.627181053 -0.134880424 -0.814183712 -0.098885804 0.555998027
1413393960255760384.000000 -0.267997324 0.708904028 3.660991669 -0.138244763 -0.827339232 -0.095731534 0.535941958
1413393960355760640.000000 -0.269590378 0.711721659 3.697111607 -0.139515564 -0.832908034 -0.093741678 0.527268589
1413393960455760384.000000 -0.282290161 0.713179886 3.738092899 -0.133227885 -0.824017048 -0.093588747 0.542667031
1413393960555760384.000000 -0.301772535 0.711184442 3.770595789 -0.119329274 -0.815940022 -0.088285200 0.558755934
1413393960655760640.000000 -0.322774619 0.703713298 3.781949043 -0.098502994 -0.812725842 -0.075484566 0.569276750
1413393960755760384.000000 -0.344880879 0.694628775 3.774717808 -0.074949317 -0.815491676 -0.057474870 0.571010172
1413393960855760640.000000 -0.367328703 0.685376406 3.748185873 -0.048471089 -0.823827684 -0.038334146 0.563461721
1413393960955760384.000000 -0.393834889 0.677476525 3.691718817 -0.033154618 -0.835524321 -0.019244412 0.548114598
1413393961055760384.000000 -0.425146013 0.668991685 3.647730112 -0.024904681 -0.841635585 -0.004575439 0.539452016
1413393961155760640.000000 -0.462559164 0.661336482 3.619293451 -0.016553989 -0.834803462 -0.001611206 0.550296903
1413393961255760384.000000 -0.503503382 0.654217660 3.609673977 -0.018631062 -0.813053787 0.006784004 0.581850946
1413393961355760640.000000 -0.540219367 0.648594320 3.615800858 -0.029344356 -0.778041124 0.022678189 0.627117634
1413393961655760640.000000 -0.563496470 0.670097232 3.689089775 -0.015623896 -0.789244890 0.000373658 0.613879800
1413393961755760384.000000 -0.540790677 0.678844690 3.745344162 -0.011362297 -0.799324512 -0.007297695 0.600747943
1413393961955760384.000000 -0.482121021 0.688948512 3.904049635 -0.011203146 -0.814699233 -0.009779109 0.579693019
1413393962055760384.000000 -0.448610961 0.689713538 3.999106646 -0.012191998 -0.822442174 -0.008742280 0.568650901
1413393962155760640.000000 -0.418133467 0.685782850 4.111744881 -0.011673143 -0.829201937 -0.008210447 0.558767021
1413393962255760384.000000 -0.392333001 0.677653551 4.238543510 -0.011796914 -0.834572136 -0.006453939 0.550734639
1413393962355760640.000000 -0.373292804 0.667963624 4.369869709 -0.011639065 -0.841913462 -0.006358588 0.539449513
1413393962455760384.000000 -0.365193605 0.657190681 4.482746601 -0.011270662 -0.852572024 -0.009407384 0.522403598
1413393962555760384.000000 -0.368981004 0.646742284 4.570508003 -0.018681971 -0.865067422 -0.015418708 0.501070619
1413393962655760640.000000 -0.386064768 0.636931479 4.639295578 -0.030402534 -0.868830085 -0.031672738 0.493159920
1413393962755760384.000000 -0.420260012 0.626995087 4.698650837 -0.045719113 -0.861720085 -0.058957692 0.501868904
1413393962855760640.000000 -0.469925106 0.614427507 4.751237392 -0.063847288 -0.847012162 -0.095121928 0.519081533
1413393962955760384.000000 -0.530094385 0.595180273 4.794967651 -0.087163322 -0.829338849 -0.133089244 0.535618305
1413393963055760384.000000 -0.597329855 0.565913558 4.826423645 -0.119022653 -0.813041389 -0.165696651 0.545290768
1413393963155760640.000000 -0.670606315 0.524754047 4.847807884 -0.154436886 -0.795419276 -0.194259599 0.552920222
1413393963255760384.000000 -0.747794271 0.470162094 4.857979298 -0.197540984 -0.776643753 -0.208842903 0.560523570
1413393963355760640.000000 -0.826274693 0.404837430 4.858229637 -0.238661885 -0.759443998 -0.222533718 0.562818050
1413393963455760384.000000 -0.904276907 0.331373066 4.848350525 -0.275466681 -0.746321678 -0.239505231 0.556560397
1413393963555760384.000000 -0.981828153 0.250790089 4.830240726 -0.308860868 -0.733375132 -0.254699409 0.549448967
1413393963655760640.000000 -1.058763981 0.164287060 4.804869175 -0.336333424 -0.719333708 -0.271410346 0.543852210
1413393963755760384.000000 -1.133910060 0.071671702 4.770969391 -0.359304965 -0.706084907 -0.289857745 0.536960423
1413393963855760640.000000 -1.207167625 -0.027817963 4.730280876 -0.379883915 -0.695526063 -0.309004486 0.525783300
1413393963955760384.000000 -1.278493881 -0.134414181 4.680693626 -0.401111424 -0.687825441 -0.326297253 0.509446740
1413393964055760384.000000 -1.350469232 -0.246926546 4.623236656 -0.422969520 -0.679478168 -0.341263980 0.492894590
1413393964155760640.000000 -1.424325347 -0.365058452 4.559650421 -0.446701705 -0.666073859 -0.352773160 0.482031405
1413393964305760256.000000 -1.538574696 -0.548546255 4.462776184 -0.488560468 -0.639449596 -0.359241456 0.472608149
1413393964405760512.000000 -1.611639738 -0.675608575 4.401034355 -0.513989389 -0.623280585 -0.363099664 0.464214355
1413393964505760512.000000 -1.681286216 -0.804704010 4.346151829 -0.536494374 -0.607915163 -0.367626488 0.455481976
1413393964605760512.000000 -1.749673724 -0.925875843 4.290510178 -0.556560934 -0.587908387 -0.373308092 0.453039527
1413393964755760384.000000 -1.840098977 -1.102041245 4.216026306 -0.585096180 -0.559223950 -0.380789846 0.447135389
1413393964855760640.000000 -1.887397647 -1.220003366 4.173221588 -0.606237471 -0.544371665 -0.380590230 0.437363386
1413393965005760512.000000 -1.934383154 -1.394888043 4.117413521 -0.647712827 -0.525753319 -0.363773733 0.414391547
1413393965155760640.000000 -1.943622708 -1.551799536 4.073650360 -0.694004118 -0.498466015 -0.334239990 0.397710353
1413393965305760256.000000 -1.899861813 -1.680906296 4.051370621 -0.723675668 -0.488812894 -0.325303078 0.362675339
1413393965455760384.000000 -1.803377390 -1.767552495 4.054981232 -0.716012955 -0.515723884 -0.356550008 0.306963414
1413393965605760512.000000 -1.682562232 -1.794550061 4.081011772 -0.674267054 -0.554269910 -0.414697945 0.257243901
1413393965755760384.000000 -1.580676198 -1.764543414 4.118265152 -0.652149558 -0.555805981 -0.445094168 0.260138243
1413393965905760512.000000 -1.511111021 -1.689804316 4.159225941 -0.641131997 -0.531615317 -0.464380533 0.301140606
1413393966055760384.000000 -1.456858397 -1.590341687 4.147269726 -0.625157952 -0.533231378 -0.484707028 0.299835026
1413393966505760512.000000 -1.494471192 -1.217095494 4.262396812 -0.603431284 -0.529006064 -0.508989096 0.311373502
1413393966655760640.000000 -1.578616261 -1.086240172 4.327303886 -0.592931032 -0.510418236 -0.519796371 0.343100160
1413393966805760256.000000 -1.691931486 -0.975983858 4.366039276 -0.588827550 -0.498763591 -0.524261415 0.360093117
1413393966955760384.000000 -1.828686357 -0.890402615 4.377650738 -0.608883739 -0.493498206 -0.502612948 0.364829242
1413393967255760384.000000 -2.125539780 -0.773225248 4.351674080 -0.661222279 -0.465015024 -0.462100029 0.364705086
1413393967405760512.000000 -2.261752605 -0.732938945 4.323832035 -0.670303822 -0.444007427 -0.478522152 0.352940261
1413393967555760384.000000 -2.387471676 -0.707425952 4.283783913 -0.685940623 -0.410503089 -0.496008486 0.339040369
1413393967655760640.000000 -2.469223022 -0.696380377 4.260489941 -0.701653659 -0.386893570 -0.502314448 0.325078040
1413393967805760256.000000 -2.583174229 -0.698601007 4.234770775 -0.721855819 -0.355504870 -0.514654875 0.296092540
1413393967955760384.000000 -2.691663027 -0.711072922 4.227084160 -0.750517964 -0.332382679 -0.507100105 0.262857139
1413393968105760512.000000 -2.782281399 -0.727880120 4.248807907 -0.771138906 -0.323715359 -0.494739443 0.236190960
1413393968355760640.000000 -2.893879414 -0.734825850 4.336982727 -0.780196905 -0.313496500 -0.491214812 0.227421910
1413393968505760512.000000 -2.937020063 -0.724250257 4.372942924 -0.771893859 -0.332377195 -0.501885831 0.204489633
1413393968655760640.000000 -2.970854044 -0.695841491 4.387967110 -0.764122665 -0.339301288 -0.512649298 0.195402279
1413393969105760512.000000 -3.055325508 -0.524417460 4.309450626 -0.765232444 -0.250156611 -0.558637857 0.199410945
1413393969405760512.000000 -3.125673771 -0.420823574 4.215033054 -0.784390330 -0.174369514 -0.576335013 0.148879409
1413393969555760384.000000 -3.172136068 -0.383148372 4.177971363 -0.795938313 -0.120045401 -0.573750913 0.151265651
1413393969855760640.000000 -3.246344805 -0.375288427 4.153900146 -0.819352150 -0.052335221 -0.556062102 0.129298165
1413393970055760384.000000 -3.264084578 -0.435891509 4.222864628 -0.820293605 -0.060600594 -0.561798573 0.088478737
1413393970505760512.000000 -3.238418341 -0.590701997 4.358699322 -0.822052538 -0.097328573 -0.559780300 0.037452914
1413393970655760640.000000 -3.211948633 -0.613377929 4.393579960 -0.808096170 -0.102328822 -0.578977048 0.035987075
1413393971155760640.000000 -3.180120945 -0.515240550 4.383338451 -0.781217873 -0.121839434 -0.612096310 0.013851597
1413393971305760256.000000 -3.211045504 -0.415233254 4.406396389 -0.751679242 -0.111721508 -0.648681581 0.041338421
1413393971455760384.000000 -3.281367302 -0.307310641 4.421182632 -0.735207140 -0.107968494 -0.666932523 0.054903582
1413393971905760512.000000 -3.677967548 -0.052251637 4.386718750 -0.799018145 -0.015945368 -0.577033341 0.168369621
1413393972055760384.000000 -3.813517094 -0.054058567 4.408453941 -0.807390690 -0.027603181 -0.573350608 0.136482924
1413393972205760512.000000 -3.940150261 -0.091094419 4.418144226 -0.823088348 -0.030706665 -0.554104090 0.120629050
1413393972355760640.000000 -4.051118851 -0.150564939 4.398507595 -0.826962709 -0.052519899 -0.553238392 0.085450307
1413393972705760512.000000 -4.255232334 -0.293146193 4.362291336 -0.832116306 -0.094527364 -0.545796454 0.027445158
1413393972855760640.000000 -4.317734718 -0.325897872 4.346506119 -0.828822017 -0.093120165 -0.551224351 0.023121083
1413393973005760512.000000 -4.364428997 -0.338147134 4.326673508 -0.824084818 -0.093889460 -0.558473349 0.013283772
1413393973305760256.000000 -4.444926262 -0.288401127 4.288308620 -0.787601590 -0.093107410 -0.608867526 0.017183661
1413393973455760384.000000 -4.496862411 -0.235578805 4.267717838 -0.762843192 -0.093236595 -0.639283419 0.026344018
1413393973605760512.000000 -4.581812859 -0.169663638 4.244882107 -0.746431291 -0.093276687 -0.658000052 0.034289476
1413393973755760384.000000 -4.706683636 -0.097915135 4.217015743 -0.761169314 -0.072095573 -0.640161812 0.074942857
1413393973905760512.000000 -4.862220764 -0.037980750 4.188284874 -0.794307590 -0.033661827 -0.590558767 0.138502032
1413393974055760384.000000 -5.016976357 -0.020846456 4.165378094 -0.840224564 -0.016530372 -0.515933275 0.166019469
1413393974205760512.000000 -5.134572983 -0.061018817 4.156718731 -0.887908399 -0.034587096 -0.437022865 0.139404193
1413393974405760512.000000 -5.149310589 -0.161396414 4.197705269 -0.908791363 -0.102144137 -0.401849538 0.046711333
1413393974555760384.000000 -5.049777985 -0.212516338 4.271333694 -0.894544303 -0.151425540 -0.420512646 -0.005474667
1413393974705760512.000000 -4.876837730 -0.201962948 4.363504410 -0.855844796 -0.179577142 -0.484510928 -0.023043552
1413393974855760640.000000 -4.675157070 -0.129575476 4.445755959 -0.815544903 -0.179524109 -0.550064445 -0.009319845
1413393975005760512.000000 -4.476364136 -0.012792468 4.494602203 -0.791733444 -0.151251227 -0.591017425 0.031300038
1413393975155760640.000000 -4.296336651 0.123951763 4.507955551 -0.782190979 -0.123787038 -0.607062519 0.065797128
1413393975305760256.000000 -4.130712509 0.257674515 4.488715649 -0.787835360 -0.110598341 -0.600435972 0.080993958
1413393975455760384.000000 -3.984109640 0.389065892 4.479804516 -0.780130565 -0.117023386 -0.610375643 0.071718402
1413393975605760512.000000 -3.865420341 0.521232069 4.477879047 -0.769994736 -0.123769157 -0.622663021 0.063876390
1413393975905760512.000000 -3.727171898 0.787930310 4.475456238 -0.775684118 -0.089298144 -0.616612673 0.100642197
1413393976055760384.000000 -3.694978952 0.905434132 4.474518776 -0.786140859 -0.081864320 -0.605162740 0.095178403
1413393976205760512.000000 -3.678777456 1.010021567 4.456200123 -0.795709431 -0.077811435 -0.594602227 0.085089147
1413393976705760512.000000 -3.692163944 1.246456623 4.393651009 -0.798117459 -0.080763094 -0.583099186 0.128379539
1413393977005760512.000000 -3.715711355 1.268964171 4.338055611 -0.821751893 -0.109329082 -0.544323742 0.128385320
1413393977655760640.000000 -3.618853569 1.302133322 4.459821224 -0.806565881 -0.137983799 -0.570287108 0.072004981
1413393977805760256.000000 -3.590669632 1.334831715 4.481268406 -0.807490587 -0.133389503 -0.570490181 0.068609335
1413393978305760256.000000 -3.502426624 1.521265864 4.542371273 -0.811151385 -0.095436111 -0.572196960 0.074270636
1413393978605760512.000000 -3.448690176 1.631067038 4.595919132 -0.804786444 -0.030491309 -0.589868546 0.058687773
1413393979155760640.000000 -3.408554316 1.684200168 4.703603745 0.803254843 -0.127357870 0.581158280 0.028580362
1413393979355760640.000000 -3.411375046 1.647795081 4.723455429 0.790404737 -0.187101960 0.579205215 0.069099061
1413393979505760512.000000 -3.425354481 1.602311134 4.703805923 0.776378453 -0.235789642 0.577425659 0.090660878
1413393979655760640.000000 -3.452849627 1.536721468 4.666105747 0.762114942 -0.281005383 0.571558893 0.116350316
1413393979955760384.000000 -3.560106039 1.347314835 4.618057251 0.742270112 -0.345597386 0.539888561 0.195238218
1413393980105760512.000000 -3.632226944 1.235619307 4.611880302 0.738021314 -0.377376407 0.510361254 0.229004323
1413393980305760256.000000 -3.721357107 1.071716189 4.610250950 0.741897523 -0.403635234 0.462448627 0.269829720
1413393980455760384.000000 -3.761845112 0.942355394 4.621967316 0.739087820 -0.410830885 0.451458365 0.284872860
1413393980705760512.000000 -3.772758245 0.706891119 4.636551857 0.716944695 -0.399712592 0.479985446 0.309570998
1413393980905760512.000000 -3.742155075 0.519886196 4.623630047 0.723871946 -0.408403873 0.471811652 0.294294864
1413393981055760384.000000 -3.699444532 0.378420234 4.614748955 0.723514497 -0.424238950 0.472315073 0.271047324
1413393981205760512.000000 -3.647508383 0.224257961 4.627111435 0.712169170 -0.430604637 0.488900691 0.261478454
1413393981355760640.000000 -3.595832109 0.055178933 4.669665337 0.710154951 -0.431994915 0.493913978 0.255165547
1413393981505760512.000000 -3.550533533 -0.124613799 4.715731144 0.718470693 -0.423585385 0.486439377 0.260292172
1413393981705760512.000000 -3.489452124 -0.377919227 4.746282101 0.728642821 -0.406406671 0.478285849 0.274145901
1413393981955760384.000000 -3.381831884 -0.706112981 4.730030060 0.736138523 -0.376958162 0.483882934 0.286111921
1413393982105760512.000000 -3.293002129 -0.894847691 4.716410637 0.744489312 -0.346894473 0.498718292 0.276911706
1413393982255760384.000000 -3.184889078 -1.069139361 4.711194992 0.757529378 -0.308396846 0.517140448 0.252203196
1413393982405760512.000000 -3.062685490 -1.226448059 4.711730957 0.777750731 -0.260068834 0.530564427 0.214404941
1413393982605760512.000000 -2.889486790 -1.412745476 4.706389427 0.805411696 -0.175462887 0.544903755 0.153637916
1413393982755760384.000000 -2.738850117 -1.536152124 4.699756622 0.819292009 -0.095621102 0.554813027 0.108626924
1413393982955760384.000000 -2.527023077 -1.666170478 4.693743706 -0.823469222 -0.020978471 -0.564734757 -0.050330196
1413393983155760640.000000 -2.314575434 -1.743982434 4.683905602 -0.815647185 -0.130984053 -0.563453078 0.009134692
1413393983405760512.000000 -2.063949823 -1.749487281 4.673226833 -0.783804178 -0.261466384 -0.558358848 0.074308671
1413393983605760512.000000 -1.899780989 -1.672467113 4.674929142 -0.740908086 -0.348302424 -0.558202684 0.134723321
1413393983805760256.000000 -1.796825290 -1.535751462 4.688463211 -0.698274970 -0.419279635 -0.545443773 0.197756991
1413393984055760384.000000 -1.766873717 -1.311793327 4.720732689 -0.645486951 -0.492309988 -0.520506978 0.264669567
1413393984255760384.000000 -1.826435566 -1.113778591 4.757303238 -0.593950689 -0.548824668 -0.500524998 0.309012830
1413393984455760384.000000 -1.962547541 -0.914601386 4.803418159 -0.551228583 -0.588324428 -0.473670512 0.354482234
1413393984655760640.000000 -2.163673162 -0.732394397 4.853292942 -0.523294628 -0.611780226 -0.446685016 0.390333503
1413393984805760256.000000 -2.343797207 -0.609926939 4.869870663 -0.531868637 -0.609872878 -0.409972280 0.420824945
1413393984955760384.000000 -2.527387857 -0.494668186 4.860389709 -0.562158883 -0.596636891 -0.373388708 0.434261143
1413393985105760512.000000 -2.696496725 -0.381407231 4.831893444 -0.593504548 -0.572814941 -0.371324390 0.426325709
1413393985255760384.000000 -2.845458031 -0.265376776 4.789844036 -0.610162795 -0.545096457 -0.410187483 0.402886569
1413393985405760512.000000 -2.984055996 -0.153151855 4.741344452 -0.628204823 -0.515101314 -0.451544136 0.368967921
1413393985605760512.000000 -3.172087908 -0.012889238 4.680333614 -0.666639566 -0.464677393 -0.481887370 0.327797383
1413393985805760256.000000 -3.364975929 0.121587083 4.622485638 -0.722393632 -0.410882294 -0.473448128 0.291839272
1413393986005760512.000000 -3.531072140 0.264100701 4.593659401 -0.765898824 -0.353903413 -0.468833536 0.261431694
1413393986205760512.000000 -3.641288519 0.395394742 4.607056141 -0.792539179 -0.288670152 -0.479660213 0.241820931
1413393986405760512.000000 -3.691944361 0.517625630 4.634841919 -0.811902821 -0.213455603 -0.493822753 0.226692960
1413393986605760512.000000 -3.676735401 0.609265506 4.677641869 -0.814068913 -0.167281687 -0.529144645 0.171215042
1413393986755760384.000000 -3.636252403 0.665047526 4.714538574 -0.802538812 -0.148175940 -0.567116439 0.111150280
1413393986955760384.000000 -3.588651657 0.742782712 4.765137672 -0.790068746 -0.117925301 -0.599007666 0.055452470
1413393987155760640.000000 -3.567607164 0.841714978 4.789284706 -0.803589165 -0.092850089 -0.586591423 0.039163701
1413393987305760256.000000 -3.559511662 0.930489421 4.789599419 -0.810933888 -0.084018722 -0.578004897 0.035176374
1413393987505760512.000000 -3.549602747 1.067598343 4.801667690 -0.814521074 -0.081543766 -0.573238313 0.036110811
1413393987705760512.000000 -3.538717031 1.219750166 4.821097851 -0.811291456 -0.073993862 -0.579326928 0.026674701
1413393987855760640.000000 -3.532768965 1.342751980 4.830477715 -0.811815917 -0.056538153 -0.580660284 0.024332538
1413393988005760512.000000 -3.529334307 1.471392274 4.816073895 -0.813499808 -0.043261245 -0.579410791 0.025094157
1413393988205760512.000000 -3.525288820 1.647398353 4.753279209 -0.810056269 -0.038069457 -0.584909499 0.015504170
1413393988405760512.000000 -3.529012918 1.832193613 4.661953926 -0.803620875 -0.044006553 -0.593511999 -0.000614883
1413393988605760512.000000 -3.545989752 2.040094852 4.578717232 -0.803141952 -0.064104192 -0.591317475 -0.034601916
1413393988755760384.000000 -3.569139004 2.224406719 4.524393559 -0.808290660 -0.047702752 -0.586585522 -0.017550217
1413393988905760512.000000 -3.595259905 2.422714949 4.481303692 -0.824652016 -0.001584021 -0.565282524 0.020057527
1413393989055760384.000000 -3.609527588 2.608883381 4.473075390 0.838559806 -0.049084127 0.540800393 -0.044079766
1413393989205760512.000000 -3.600964785 2.757324696 4.504366875 0.849891901 -0.087477408 0.516984224 -0.052524839
1413393989655760640.000000 -3.429028988 3.011593580 4.705023766 0.789517939 -0.045910515 0.607806027 0.071592651
1413393990855760640.000000 -3.416176319 3.426042318 4.485744476 0.794874609 -0.374575019 0.436964035 0.192172870
1413393991005760512.000000 -3.417472363 3.368444443 4.481190681 0.794651866 -0.354414314 0.430128217 0.240642264
1413393991155760640.000000 -3.369031668 3.287837982 4.497650623 0.753823161 -0.321429968 0.495967567 0.287140429
1413393991305760256.000000 -3.298419952 3.224400282 4.518854141 0.694901526 -0.297253132 0.578549504 0.306648046
1413393991455760384.000000 -3.232977629 3.199224710 4.528544426 0.675566614 -0.302536428 0.610292852 0.282177627
1413393992205760512.000000 -3.220595598 3.143791914 4.674515247 0.717870593 -0.311503679 0.560957968 0.270098865
1413393992855760640.000000 -3.340871811 3.065659285 4.691741467 0.697350681 -0.312205583 0.583398759 0.275455534
1413393993255760384.000000 -3.465563536 3.108949900 4.686535835 0.768508255 -0.351891071 0.482853144 0.228955492
1413393993405760512.000000 -3.485813141 3.127354860 4.698519707 0.793062449 -0.367376447 0.439372212 0.207457408
1413393993555760384.000000 -3.467186213 3.108254910 4.733016014 0.784736335 -0.353164643 0.455538362 0.227922097
1413393993755760384.000000 -3.395080805 3.056061268 4.801795006 0.721199930 -0.315287322 0.550987959 0.277266830
1413393993905760512.000000 -3.338576078 3.037314177 4.817234516 0.682073176 -0.294346184 0.597884417 0.301116079
1413393994055760384.000000 -3.300887823 3.060259342 4.798592091 0.655411243 -0.288549900 0.628100753 0.304408461
1413393994205760512.000000 -3.311029434 3.143277168 4.787508488 0.655220449 -0.306614101 0.633309484 0.274942011
1413393994655760640.000000 -3.549057961 3.545312881 4.793487072 0.792913556 -0.390690327 0.436448216 0.167816207
1413393994805760256.000000 -3.601948023 3.616721630 4.740633965 0.810113668 -0.398560584 0.395353317 0.168999881
1413393995305760256.000000 -3.515929699 3.540722609 4.620831490 0.726362705 -0.365715861 0.546301365 0.200509161
1413393995455760384.000000 -3.482745886 3.486955166 4.565227032 0.734324276 -0.341258377 0.562447906 0.167221159
1413393995805760256.000000 -3.472588778 3.306311846 4.479565144 0.767834127 -0.199023530 0.595902383 0.125382647
1413393996005760512.000000 -3.510207653 3.200878859 4.446298122 0.773791671 -0.113548130 0.617866993 0.081201978
1413393996205760512.000000 -3.589279890 3.102992535 4.413383484 0.776800156 -0.068524398 0.624906123 0.037124354
1413393996355760640.000000 -3.676608801 3.029138565 4.386193275 0.796175838 -0.053881124 0.602403164 0.017641667
1413393996505760512.000000 -3.774601460 2.951275110 4.346276283 0.811924756 -0.042576924 0.581944704 0.017483791
1413393996705760512.000000 -3.902705669 2.845616341 4.268682003 0.826895297 -0.035488926 0.560919762 0.018807694
1413393997105760512.000000 -4.077201366 2.658640623 4.118019581 -0.828397810 -0.014087998 -0.559920192 -0.006921340
1413393997255760384.000000 -4.115150928 2.602015257 4.081122398 -0.823320985 -0.025157923 -0.567018032 0.000558105
1413393997455760384.000000 -4.151748657 2.540916920 4.024421692 -0.815992415 -0.034710746 -0.576985240 0.006302238
1413393997655760640.000000 -4.184418678 2.495230198 3.930361986 -0.811139941 -0.037733160 -0.583566308 0.008869755
1413393997955760384.000000 -4.233408451 2.460481167 3.832641125 -0.815496683 -0.036460504 -0.577581346 0.005965742
1413393998155760640.000000 -4.260706425 2.465180874 3.791143417 -0.817726612 -0.033189937 -0.574648321 0.000920457
1413393998355760640.000000 -4.281692505 2.489647627 3.763502836 -0.816237867 -0.025423260 -0.577149034 -0.002896931
1413393998555760384.000000 -4.294246197 2.533143044 3.755376577 -0.823129833 -0.009767540 -0.567722261 0.007303838
1413393998755760384.000000 -4.295698166 2.581422329 3.749218464 0.817742288 -0.011444971 0.574541748 -0.032685999
1413393998955760384.000000 -4.292665005 2.609274149 3.733096600 0.814469755 -0.007450905 0.579436243 -0.028935714
1413393999105760512.000000 -4.290136814 2.617893934 3.717519045 -0.811411262 -0.010672751 -0.584364474 0.004005626
1413393999305760256.000000 -4.288983345 2.634433270 3.684656382 -0.821948171 -0.014263188 -0.569377840 -0.002599710
1413393999455760384.000000 -4.281498909 2.654224873 3.658306122 0.825761557 -0.000356764 0.563767433 -0.016852926
1413393999605760512.000000 -4.265554428 2.670835018 3.635577917 0.822857261 -0.011083907 0.567383349 -0.029314952
1413393999805760256.000000 -4.231535435 2.676313639 3.604224682 0.818580866 -0.016872363 0.572915852 -0.037526280
1413393999955760384.000000 -4.202384472 2.664715290 3.562250614 0.817995071 -0.014874399 0.573803842 -0.037577555
1413394000105760512.000000 -4.187770367 2.656888247 3.549290657 0.811753273 -0.000430470 0.583830416 -0.014093029
1413394000255760384.000000 -4.192980766 2.661479950 3.560479879 -0.804113090 -0.014684157 -0.594033599 -0.017627142
1413394000405760512.000000 -4.195761681 2.653577328 3.546459675 0.803091109 -0.005772658 0.595827222 0.001151194
1413394000855760640.000000 -4.191577911 2.654731750 3.540181398 0.804237604 -0.006088092 0.594275832 0.001053492
1413394001155760640.000000 -4.189816952 2.654206514 3.539695501 0.804210603 -0.006815118 0.594305456 0.000168129
1413394001605760512.000000 -4.189187527 2.653758049 3.539201260 0.804358780 -0.007260311 0.594099581 -0.000354578
1413394001905760512.000000 -4.190750599 2.653796434 3.538721800 0.804394841 -0.007268448 0.594050229 -0.000702422
1413394002355760640.000000 -4.191021919 2.653596163 3.538520813 0.804402232 -0.007573458 0.594036281 -0.000846488
1413394002655760640.000000 -4.191223621 2.653404474 3.538877726 0.804457486 -0.007603755 0.593960762 -0.000914498
1413394003005760512.000000 -4.191458225 2.653243303 3.539259195 0.804617882 -0.007800175 0.593740642 -0.001094467
1413394003155760640.000000 -4.191483498 2.653169155 3.539104939 0.804609954 -0.007924996 0.593749523 -0.001251014
1413394003355760640.000000 -4.191517353 2.652869701 3.539058208 0.804596484 -0.008035003 0.593766034 -0.001376581
