1413393891.055760 7.2745895 14.0239487 -9.1620369 -0.8061576 -0.1011378 0.0570736 0.5801929
1413393891.205760 7.2321033 14.0175247 -9.1315660 -0.8057818 -0.1006366 0.0589089 0.5806183
1413393891.455760 7.1607537 13.9991226 -9.1235218 -0.7495752 -0.0912539 0.0748895 0.6513073
1413393892.955760 7.1392817 12.2273684 -9.1441822 -0.8643644 -0.1069419 0.0355367 0.4900764
1413393893.205760 7.0607648 12.0958071 -9.1464157 -0.8659412 -0.1114524 0.0361197 0.4862299
1413393893.705760 6.7929258 12.2317982 -9.0731220 -0.8546861 -0.0825127 0.0758646 0.5069002
1413393893.805760 6.7397976 12.3118534 -9.0543003 -0.8511311 -0.0791174 0.0808305 0.5126233
1413393893.855761 6.7145185 12.3582821 -9.0434132 -0.8465174 -0.0776531 0.0816437 0.5203005
1413393893.905761 6.6904488 12.4079819 -9.0327473 -0.8410611 -0.0783056 0.0813781 0.5290201
1413393893.955760 6.6675906 12.4605646 -9.0220079 -0.8344623 -0.0784352 0.0812667 0.5393666
1413393894.005760 6.6457748 12.5151653 -9.0113668 -0.8297241 -0.0781697 0.0810290 0.5467007
1413393894.055760 6.6248860 12.5712147 -9.0007439 -0.8263501 -0.0791475 0.0809048 0.5516662
1413393894.305760 6.5375872 12.8693075 -8.9449825 -0.8222595 -0.0761019 0.0860436 0.5573996
1413393894.555760 6.4802742 13.1906242 -8.9510050 -0.8187625 -0.0809598 0.0793953 0.5628231
1413393894.705760 6.4580021 13.3917751 -8.9867077 -0.8155469 -0.0849004 0.0735172 0.5676887
1413393894.805760 6.4469981 13.5273762 -9.0077257 -0.8144407 -0.0864998 0.0736346 0.5690185
1413393895.005760 6.4320121 13.7988644 -9.0376654 -0.8046721 -0.0893122 0.0738749 0.5822961
1413393895.205760 6.4249387 14.0614719 -9.0562887 -0.8021696 -0.0932260 0.0731655 0.5852178
1413393895.305760 6.4237347 14.1875315 -9.0638437 -0.8025420 -0.0942939 0.0728210 0.5845786
1413393895.405761 6.4234996 14.3091908 -9.0766811 -0.7992091 -0.0942826 0.0728146 0.5891296
1413393895.505760 6.4257517 14.4253588 -9.0993538 -0.7976295 -0.0924735 0.0706103 0.5918193
1413393895.605761 6.4304533 14.5372734 -9.1244221 -0.7993082 -0.0838294 0.0668536 0.5912781
1413393895.705760 6.4380102 14.6448097 -9.1453047 -0.7981973 -0.0742754 0.0555081 0.5952170
1413393895.755760 6.4425669 14.6968002 -9.1542377 -0.7978256 -0.0669550 0.0498174 0.5970843
1413393895.855761 6.4535880 14.7984772 -9.1684036 -0.7963852 -0.0479427 0.0350572 0.6018664
1413393897.005760 6.6067567 15.3390017 -9.1107578 -0.7471527 0.3822870 -0.1694509 0.5166294
1413393899.605761 7.1136589 16.4882469 -8.7426386 -0.5498323 0.3908730 -0.4051895 0.6170285
1413393899.655761 7.0937347 16.4922409 -8.7257357 -0.5465956 0.3944020 -0.3933231 0.6252818
1413393899.705760 7.0646958 16.4908829 -8.7123737 -0.5536522 0.4028157 -0.3765555 0.6240310
1413393900.055760 6.7475386 16.3312912 -8.6810513 -0.6922507 0.5227066 -0.2053471 0.4532101
1413393900.155761 6.6874981 16.2527313 -8.6802254 -0.7108538 0.5333490 -0.1991729 0.4129842
1413393900.205760 6.6703105 16.2117710 -8.6813679 -0.7186928 0.5332744 -0.2044287 0.3966207
1413393900.305760 6.6637049 16.1305275 -8.6863117 -0.7322608 0.5183577 -0.2348013 0.3741228
1413393900.755760 6.8560896 15.8997517 -8.7890940 -0.6169046 0.4057018 -0.4083563 0.5367307
1413393900.805760 6.8656626 15.8807888 -8.8066998 -0.6036314 0.4027337 -0.4095724 0.5528880
1413393900.905761 6.8616581 15.8377552 -8.8438473 -0.5965482 0.4131464 -0.3926159 0.5650603
1413393901.205760 6.7266264 15.6438084 -8.9500160 -0.6806958 0.4837362 -0.2961771 0.4636074
1413393901.305760 6.6833639 15.5661297 -8.9750900 -0.7085750 0.4883685 -0.2890288 0.4193806
1413393901.405761 6.6581378 15.4957771 -8.9912071 -0.7233768 0.4902708 -0.2861251 0.3930562
1413393901.705760 6.7302732 15.3665142 -8.9716854 -0.7300920 0.4696241 -0.3168790 0.3821080
1413393902.405761 7.1989484 15.5889082 -8.9518471 -0.6843975 0.4479596 -0.3585544 0.4498568
1413393902.805760 7.4232574 15.8743820 -8.9207573 -0.6812086 0.4537144 -0.3530471 0.4532725
1413393903.105761 7.5755434 16.1400814 -8.8145790 -0.6770448 0.4970033 -0.2970460 0.4542705
1413393903.705760 8.0373135 16.5975151 -8.7364864 -0.5839301 0.5499932 -0.3811061 0.4596643
1413393903.905761 8.1811523 16.7064476 -8.7511778 0.5458459 -0.5881767 0.3840580 -0.4567273
1413393904.205760 8.3598728 16.7756977 -8.7650499 0.5363467 -0.6067352 0.3895314 -0.4387139
1413393904.305760 8.4113073 16.7734623 -8.7756281 0.5422070 -0.6042054 0.3959563 -0.4291455
1413393904.605761 8.5605478 16.7004070 -8.7056437 0.5401358 -0.6101190 0.4181560 -0.4014397
1413393904.805760 8.6596727 16.6183701 -8.6673536 0.5480031 -0.6369218 0.4331920 -0.3261411
1413393905.055760 8.8302994 16.5324593 -8.6479378 0.4975652 -0.6555532 0.4846655 -0.2962739
1413393905.105761 8.8703957 16.5189838 -8.6511078 0.4835911 -0.6585079 0.4960175 -0.2940644
1413393905.505760 9.1870060 16.4685020 -8.7303209 0.3706559 -0.7147102 0.5302873 -0.2657045
1413393906.205760 9.5286322 16.3201599 -8.7897053 0.2137709 -0.8040101 0.5320460 -0.1574700
1413393906.505760 9.6070337 16.1461487 -8.8339930 0.1874093 -0.7837941 0.5824760 -0.1061435
1413393906.955760 9.7092628 15.9615946 -9.0271578 0.1057728 -0.7861443 0.5934721 -0.1363089
1413393907.205760 9.6885920 15.8945599 -9.1427155 0.1306087 -0.7854044 0.5974258 -0.0957265
1413393907.455760 9.6609993 15.8649216 -9.2391968 0.1638844 -0.7857676 0.5948126 -0.0436942
1413393908.755760 9.7781467 16.1115398 -9.5522718 0.0978788 -0.8045648 0.5742010 -0.1157088
1413393909.855761 9.5482464 16.6120987 -9.5605965 0.1103950 -0.8330257 0.5409442 -0.0355036
1413393909.955760 9.5482903 16.6524067 -9.6038065 0.1069026 -0.8410255 0.5294473 -0.0305535
1413393910.055760 9.5561514 16.6828022 -9.6498480 0.1036621 -0.8472127 0.5203759 -0.0263402
1413393910.205760 9.5859394 16.7012939 -9.6963558 0.0945173 -0.8545110 0.5100870 -0.0262414
1413393910.305760 9.6161556 16.6909122 -9.7067938 0.0907229 -0.8584903 0.5041021 -0.0253952
1413393910.405761 9.6543045 16.6605854 -9.7022734 0.0812783 -0.8673888 0.4898843 -0.0323090
1413393910.555760 9.7200136 16.5750637 -9.6805668 0.0682931 -0.8749480 0.4767197 -0.0504017
1413393910.655761 9.7632856 16.4910355 -9.6734972 0.0697576 -0.8705457 0.4837531 -0.0571585
1413393910.805760 9.8262415 16.3299999 -9.6820211 0.0746217 -0.8566772 0.5056375 -0.0697597
1413393910.905761 9.8657131 16.2043724 -9.7006454 0.0851748 -0.8463234 0.5206513 -0.0735126
1413393911.005760 9.9037228 16.0679531 -9.7262058 0.0975020 -0.8306884 0.5426198 -0.0775495
1413393911.105761 9.9413576 15.9267216 -9.7583828 0.1088545 -0.8182455 0.5580931 -0.0845999
1413393911.205760 9.9777889 15.7838936 -9.7917566 0.1188837 -0.8108990 0.5658520 -0.0901164
1413393911.305760 10.0124664 15.6407547 -9.8258810 0.1256874 -0.8059726 0.5709877 -0.0926494
1413393911.405761 10.0466986 15.4974270 -9.8559065 0.1299803 -0.7933735 0.5876612 -0.0912020
1413393911.505760 10.0791044 15.3606224 -9.8843307 0.1305780 -0.7804858 0.6049203 -0.0886717
1413393911.705760 10.1471901 15.1213131 -9.9131107 0.1288720 -0.7698657 0.6199962 -0.0793949
1413393911.805760 10.1787739 15.0292330 -9.9046984 0.1267251 -0.7832920 0.6045828 -0.0698139
1413393911.905761 10.2022581 14.9582787 -9.8682947 0.1210980 -0.7985650 0.5855415 -0.0690674
1413393911.955760 10.2160101 14.9263439 -9.8489113 0.1130764 -0.8090543 0.5714806 -0.0778123
1413393912.055760 10.2413464 14.8579397 -9.8058605 0.1001620 -0.8335652 0.5355964 -0.0909570
1413393912.155761 10.2642441 14.7749081 -9.7559824 0.0930511 -0.8494589 0.5106629 -0.0947859
1413393912.205760 10.2750788 14.7273903 -9.7312717 0.0907824 -0.8547562 0.5022392 -0.0943727
1413393912.305760 10.2937593 14.6181211 -9.6813660 0.0879715 -0.8598803 0.4943997 -0.0918469
1413393912.405761 10.3107367 14.4874992 -9.6300163 0.0853103 -0.8547146 0.5039648 -0.0905794
1413393912.455760 10.3182201 14.4147329 -9.6033030 0.0841838 -0.8472024 0.5166792 -0.0905747
1413393912.555760 10.3289595 14.2614918 -9.5517750 0.0836972 -0.8299477 0.5438280 -0.0918307
1413393912.655761 10.3363695 14.1010132 -9.5086441 0.0849430 -0.8159313 0.5646830 -0.0904098
1413393912.705760 10.3400717 14.0157471 -9.4820700 0.0872657 -0.8101475 0.5728191 -0.0890170
1413393912.805760 10.3447609 13.8454237 -9.4387455 0.0915161 -0.7997751 0.5873024 -0.0840269
1413393912.855761 10.3461828 13.7602987 -9.4225731 0.0916227 -0.7964018 0.5924610 -0.0796210
1413393912.955760 10.3452454 13.5949430 -9.3997154 0.0849827 -0.7943115 0.5975034 -0.0695479
1413393913.155761 10.3329229 13.2807188 -9.3807278 0.0341699 -0.7934337 0.6043478 -0.0637118
1413393913.255760 10.3168268 13.1339178 -9.3833666 -0.0001051 -0.7902195 0.6099402 -0.0593810
1413393913.305760 10.3050365 13.0639477 -9.3888369 -0.0174800 -0.7900220 0.6104125 -0.0543728
1413393913.355761 10.2906094 12.9963522 -9.3974695 -0.0342734 -0.7914295 0.6084593 -0.0473511
1413393913.405761 10.2731428 12.9308205 -9.4070368 -0.0526765 -0.7916341 0.6073153 -0.0413368
1413393913.655761 10.1282864 12.6305513 -9.4133692 -0.1408926 -0.7723305 0.6192186 0.0149406
1413393913.705760 10.0876865 12.5809612 -9.4136801 -0.1554406 -0.7663348 0.6225669 0.0312993
1413393913.755760 10.0439491 12.5349636 -9.4105291 -0.1704087 -0.7598057 0.6256980 0.0464551
1413393913.805760 9.9979467 12.4936333 -9.4062319 -0.1854494 -0.7542084 0.6269572 0.0608521
1413393913.855761 9.9496365 12.4569340 -9.4010563 -0.2001116 -0.7490361 0.6271141 0.0750210
1413393913.905761 9.8998127 12.4250689 -9.3943901 -0.2155665 -0.7444447 0.6259211 0.0869252
1413393914.005760 9.7948999 12.3770876 -9.3792934 -0.2396373 -0.7355016 0.6222205 0.1202206
1413393914.105761 9.6865463 12.3489971 -9.3607426 -0.2589637 -0.7255061 0.6168277 0.1615620
1413393914.205760 9.5794926 12.3391256 -9.3435411 -0.2789545 -0.7279073 0.5925539 0.2030155
1413393914.305760 9.4792347 12.3423920 -9.3237467 -0.3051291 -0.7304776 0.5647720 0.2330909
1413393914.505760 9.2997131 12.3623123 -9.2735558 -0.3662284 -0.7187173 0.5267606 0.2680398
1413393914.605761 9.2159252 12.3744488 -9.2429380 -0.3964529 -0.7037868 0.5198256 0.2780116
1413393914.955760 8.9268589 12.4486561 -9.1475964 -0.4844430 -0.6625933 0.4803523 0.3091063
1413393915.055760 8.8381863 12.4799137 -9.1201534 -0.4925463 -0.6655900 0.4591573 0.3218114
1413393915.155761 8.7454557 12.5101652 -9.0920563 -0.4971558 -0.6682037 0.4448523 0.3293120
1413393915.305760 8.5969896 12.5483627 -9.0558424 -0.4980962 -0.6693298 0.4374555 0.3354559
1413393915.705760 8.1831532 12.5857487 -9.0115366 -0.4343128 -0.6822522 0.4688402 0.3550960
1413393917.505760 7.2389531 11.8505316 -8.6626101 -0.7466937 -0.3523362 0.2935975 0.4817760
1413393917.605761 7.2246981 11.8359280 -8.6582108 -0.7697967 -0.3165894 0.2617018 0.4885657
1413393917.705760 7.2101879 11.8342819 -8.6605320 -0.7870601 -0.2830349 0.2224769 0.5009309
1413393918.455760 7.2288952 12.0160818 -8.6241102 -0.8338078 0.0297831 0.0336221 0.5502245
1413393918.505760 7.2453475 12.0365686 -8.6153421 -0.8342490 0.0503739 0.0201601 0.5487118
1413393918.555760 7.2670126 12.0572653 -8.6057014 -0.8341326 0.0717480 0.0068692 0.5468345
1413393918.605761 7.2919774 12.0794516 -8.5947886 -0.8315914 0.0934924 -0.0084938 0.5473964
1413393918.705760 7.3512397 12.1301727 -8.5836372 -0.8192455 0.1390233 -0.0393060 0.5549455
1413393919.005760 7.5983281 12.2795553 -8.5613213 -0.7498305 0.2941047 -0.1457271 0.5744739
1413393919.055760 7.6461182 12.2966347 -8.5583611 -0.7353956 0.3164474 -0.1708774 0.5743303
1413393919.105761 7.6955113 12.3108292 -8.5553789 -0.7213021 0.3375872 -0.1955065 0.5723071
1413393919.205760 7.7960873 12.3288708 -8.5486088 -0.6916330 0.3804998 -0.2371729 0.5662268
1413393919.305760 7.8955851 12.3325253 -8.5401859 -0.6550322 0.4193668 -0.2763301 0.5645405
1413393919.355761 7.9429817 12.3285866 -8.5375614 -0.6355082 0.4370268 -0.2932794 0.5649106
1413393919.405761 7.9871988 12.3206062 -8.5370951 -0.6160072 0.4542536 -0.3067521 0.5657667
1413393919.505760 8.0678902 12.2927227 -8.5454254 -0.5887424 0.4886324 -0.3209819 0.5582036
1413393919.555760 8.1043224 12.2718267 -8.5530348 -0.5781788 0.5048102 -0.3257106 0.5520768
1413393919.655761 8.1691952 12.2161036 -8.5767040 -0.5611344 0.5298768 -0.3388949 0.5380604
1413393919.805760 8.2496109 12.1007500 -8.6253462 -0.5476708 0.5344076 -0.3792411 0.5202320
1413393919.855761 8.2703228 12.0551052 -8.6455364 -0.5475587 0.5287492 -0.3964622 0.5132461
1413393920.105761 8.3095284 11.8071985 -8.7808180 -0.5686414 0.5158975 -0.4270198 0.4776514
1413393920.255760 8.2899284 11.6570282 -8.8833780 -0.5793200 0.5146934 -0.4237144 0.4689831
1413393920.405761 8.2420206 11.5101023 -8.9863844 -0.5906082 0.5159505 -0.4159060 0.4604337
1413393921.155761 7.8873253 10.9024715 -9.4053183 -0.6523482 0.5286260 -0.3730774 0.3947275
1413393921.255760 7.8564043 10.8493137 -9.4503698 -0.6581768 0.5291635 -0.3707463 0.3864408
1413393921.505760 7.8339849 10.7630577 -9.5372820 -0.6483986 0.5273448 -0.3745185 0.4015253
1413393922.355761 7.8766069 10.7374210 -9.9539509 -0.6421834 0.5435185 -0.3707934 0.3933196
1413393922.455760 7.8847709 10.7548704 -10.0064573 -0.6456638 0.5550907 -0.3566749 0.3844159
1413393922.555760 7.9097157 10.7774973 -10.0523691 -0.6346328 0.5630211 -0.3489572 0.3980921
1413393922.705760 7.9748611 10.8104982 -10.1126490 -0.6127240 0.5663233 -0.3477624 0.4276780
1413393922.805760 8.0304356 10.8247643 -10.1515427 -0.6097729 0.5654124 -0.3478309 0.4330122
1413393922.905761 8.0942831 10.8319778 -10.1860695 -0.6193396 0.5631962 -0.3496870 0.4206512
1413393923.005760 8.1672583 10.8333073 -10.2085943 -0.6337862 0.5578923 -0.3566607 0.3998303
1413393923.105761 8.2514772 10.8351860 -10.2150517 -0.6440815 0.5532787 -0.3637420 0.3830582
1413393923.205760 8.3501120 10.8433752 -10.2062807 -0.6491578 0.5521057 -0.3667476 0.3731887
1413393923.305760 8.4619026 10.8592434 -10.1852503 -0.6451124 0.5535398 -0.3675052 0.3773111
1413393923.355761 8.5206833 10.8695498 -10.1692982 -0.6381454 0.5565358 -0.3632748 0.3886768
1413393923.455760 8.6463919 10.8950138 -10.1370392 -0.6272994 0.5614309 -0.3451689 0.4149087
1413393923.555760 8.7734327 10.9151487 -10.0897350 -0.6244067 0.5500201 -0.3298140 0.4458888
1413393923.655761 8.9026842 10.9280796 -10.0424719 -0.6405824 0.5250961 -0.3168653 0.4620872
1413393923.755760 9.0328798 10.9292498 -9.9961033 -0.6686078 0.4834984 -0.3158300 0.4684491
1413393923.855761 9.1649971 10.9211330 -9.9804707 -0.7010921 0.4440145 -0.3005512 0.4700957
1413393923.905761 9.2312536 10.9161930 -9.9697533 -0.7153947 0.4245578 -0.2915133 0.4722088
1413393924.005760 9.3583851 10.9106083 -9.9446249 -0.7400329 0.3900748 -0.2685716 0.4775587
1413393924.155761 9.5465870 10.9053593 -9.9258566 -0.7699640 0.3363938 -0.2451006 0.4836532
1413393924.405761 9.8517151 10.9305859 -9.9207268 -0.8035865 0.2225174 -0.2671505 0.4830790
1413393924.455760 9.9155645 10.9435978 -9.9171104 -0.8068994 0.2043612 -0.2748054 0.4812815
1413393924.505760 9.9761810 10.9626236 -9.9114513 -0.8083118 0.1891180 -0.2813460 0.4813635
1413393924.555760 10.0321922 10.9867153 -9.9039402 -0.8086340 0.1760759 -0.2870200 0.4824187
1413393924.605761 10.0830240 11.0183125 -9.8950119 -0.8056582 0.1637855 -0.2941588 0.4874010
1413393924.705760 10.1652327 11.0992508 -9.8687296 -0.7965051 0.1431745 -0.3088457 0.4996950
1413393924.755760 10.1959343 11.1505728 -9.8526287 -0.7904748 0.1366247 -0.3150129 0.5071984
1413393924.855761 10.2304296 11.2728128 -9.8087330 -0.7835853 0.1417331 -0.3143042 0.5168352
1413393924.905761 10.2338848 11.3452129 -9.7823591 -0.7829573 0.1557223 -0.3023803 0.5208594
1413393925.005760 10.2159462 11.5048265 -9.7139854 -0.7855050 0.1940550 -0.2601317 0.5269307
1413393925.105761 10.1730766 11.6783943 -9.6317091 -0.7898164 0.2205363 -0.2197733 0.5284443
1413393925.205760 10.1081982 11.8690290 -9.5320988 -0.7953820 0.2375039 -0.1741173 0.5297571
1413393925.305760 10.0442085 12.0640335 -9.4318790 -0.8034473 0.2409866 -0.1306448 0.5285166
1413393925.405761 9.9876184 12.2607212 -9.3321867 -0.8064972 0.2249621 -0.1150880 0.5345176
1413393925.455760 9.9443245 12.3615112 -9.2810898 -0.8064734 0.2170841 -0.1125724 0.5383331
1413393925.605761 9.8882952 12.6202431 -9.1358213 -0.8075145 0.1980126 -0.1076771 0.5450844
1413393925.705760 9.8740768 12.7800007 -9.0568895 -0.8072032 0.1889148 -0.1061034 0.5490685
1413393925.755760 9.8694887 12.8606043 -9.0281563 -0.8065962 0.1849599 -0.1070528 0.5511190
1413393925.805760 9.8659573 12.9416714 -9.0073166 -0.8053308 0.1817655 -0.1077414 0.5538912
1413393925.855761 9.8634472 13.0228386 -8.9932070 -0.8036028 0.1792291 -0.1088560 0.5570007
1413393925.905761 9.8619480 13.1040545 -8.9848738 -0.8008734 0.1761703 -0.1112453 0.5614181
1413393926.305760 9.8637981 13.7054110 -8.9863253 -0.7716674 0.1793239 -0.1075694 0.6006674
1413393926.405761 9.8667002 13.8325491 -8.9870834 -0.7794702 0.1809582 -0.1041173 0.5906267
1413393926.455760 9.8690825 13.8930893 -8.9858513 -0.7811422 0.1784643 -0.1031782 0.5893399
1413393926.655761 9.8813934 14.1160374 -9.0024681 -0.7770144 0.1523629 -0.1005075 0.6024387
1413393927.105761 9.8921738 14.4893055 -8.9602098 -0.8152264 0.0789693 -0.0386980 0.5724267
1413393927.155761 9.8967142 14.5268745 -8.9403172 -0.8185561 0.0777124 -0.0276599 0.5684732
1413393927.255760 9.9116287 14.6013927 -8.9001169 -0.8244589 0.0765897 -0.0081786 0.5606555
1413393927.455760 9.9697409 14.7607822 -8.8208647 -0.8377052 0.0453023 -0.0092328 0.5441622
1413393927.505760 9.9893847 14.8058290 -8.7993288 -0.8358730 0.0306525 -0.0188114 0.5477435
1413393927.605761 10.0284767 14.9012547 -8.7546425 -0.8312634 0.0006844 -0.0368014 0.5546588
1413393927.655761 10.0461102 14.9512568 -8.7310677 -0.8275825 -0.0153272 -0.0440724 0.5594013
1413393928.055760 10.0565014 15.3559780 -8.5136948 -0.7912001 -0.0829421 -0.0675609 0.6021284
1413393928.105761 10.0386381 15.4017639 -8.4897747 -0.7891752 -0.0844844 -0.0685125 0.6044592
1413393928.405761 9.8389902 15.6346874 -8.3851414 -0.7959081 -0.0503973 -0.0250815 0.6027946
1413393928.605761 9.6601620 15.7582960 -8.3562422 -0.7862206 -0.0179454 0.0129229 0.6175501
1413393928.905761 9.4128084 15.8740997 -8.3339205 -0.7779934 -0.0182257 -0.0102451 0.6279245
1413393929.055760 9.2949905 15.8944654 -8.3171225 -0.7797322 -0.0130677 -0.0426902 0.6245194
1413393929.205760 9.1672468 15.8914509 -8.2931633 -0.7827390 0.0115888 -0.0724299 0.6180124
1413393929.255760 9.1219063 15.8857880 -8.2837553 -0.7848401 0.0249084 -0.0805869 0.6139311
1413393930.105761 8.2462282 15.6627045 -8.0662003 -0.7410406 0.3365135 -0.1838723 0.5511882
1413393930.205760 8.1590300 15.6259651 -8.0516567 -0.7312380 0.3580298 -0.1927038 0.5476960
1413393930.405761 8.0072432 15.5342770 -8.0563850 -0.7316062 0.3576240 -0.2304326 0.5326897
1413393930.605761 7.8709354 15.4345160 -8.1227932 -0.7359067 0.3448552 -0.2522667 0.5252407
1413393931.255760 7.4876642 15.0710239 -8.4401493 -0.7376662 0.3380025 -0.2223137 0.5405363
1413393931.755760 7.3121586 14.7151012 -8.6199455 -0.7416375 0.3480279 -0.1899669 0.5410758
1413393931.905761 7.3006659 14.5934753 -8.7102261 -0.7435969 0.3445110 -0.1909584 0.5402876
1413393932.055760 7.3112946 14.4645576 -8.7915897 -0.7466785 0.3388204 -0.1957090 0.5379312
1413393932.155761 7.3298082 14.3759613 -8.8398476 -0.7514702 0.3321294 -0.2034459 0.5325339
1413393932.255760 7.3556905 14.2875786 -8.8844128 -0.7566585 0.3225293 -0.2164084 0.5259374
1413393932.355761 7.3858018 14.2025394 -8.9245663 -0.7609369 0.3145522 -0.2278977 0.5197063
1413393932.505760 7.4346895 14.0857649 -8.9790154 -0.7642820 0.3095979 -0.2378697 0.5132642
1413393932.805760 7.5319295 13.9043083 -9.0636768 -0.7544312 0.3081205 -0.2513831 0.5222086
1413393932.955760 7.5734439 13.8346844 -9.0945044 -0.7485727 0.3055252 -0.2612894 0.5272771
1413393933.055760 7.5945578 13.7956457 -9.1082888 -0.7371675 0.2995935 -0.2686228 0.5428348
1413393933.155761 7.6061411 13.7580090 -9.1193304 -0.7272481 0.2957624 -0.2714699 0.5567216
1413393933.255760 7.6062074 13.7190628 -9.1259661 -0.7219546 0.3004265 -0.2636191 0.5648277
1413393933.405761 7.5883741 13.6527061 -9.1261015 -0.7156181 0.3190503 -0.2360701 0.5747769
1413393933.555760 7.5613880 13.5684090 -9.1238708 -0.7212965 0.3435585 -0.1998686 0.5672313
1413393933.705760 7.5468969 13.4643679 -9.1373329 -0.7309947 0.3505673 -0.1917124 0.5531689
1413393933.855761 7.5475569 13.3453693 -9.1688280 -0.7433097 0.3356275 -0.2156734 0.5369635
1413393934.005760 7.5554276 13.2267399 -9.2053366 -0.7420800 0.3218196 -0.2352798 0.5388811
1413393934.105761 7.5601425 13.1482210 -9.2156515 -0.7335274 0.3099340 -0.2505782 0.5505353
1413393934.205760 7.5571280 13.0693426 -9.2121840 -0.7310157 0.3033544 -0.2574066 0.5543771
1413393934.305760 7.5453053 12.9899387 -9.2054186 -0.7328842 0.3057984 -0.2494400 0.5542091
1413393934.405761 7.5293608 12.9100189 -9.2080908 -0.7380163 0.3155632 -0.2315878 0.5496534
1413393934.505760 7.5133705 12.8288469 -9.2248707 -0.7414947 0.3246090 -0.2156792 0.5461658
1413393934.605761 7.5046306 12.7397499 -9.2652559 -0.7424087 0.3322292 -0.2020053 0.5455703
1413393934.705760 7.4932089 12.6586933 -9.2927322 -0.7398657 0.3401657 -0.1892054 0.5487143
1413393934.805760 7.4892864 12.5707293 -9.3363314 -0.7423196 0.3473366 -0.1659872 0.5484225
1413393934.905761 7.4879766 12.4857750 -9.3850632 -0.7513272 0.3446848 -0.1422011 0.5444985
1413393935.005760 7.4996309 12.3946962 -9.4437237 -0.7723138 0.3175569 -0.1368743 0.5328738
1413393935.105761 7.5245051 12.3027277 -9.5093746 -0.7970195 0.2690393 -0.1462095 0.5205771
1413393935.255760 7.5769243 12.1805649 -9.5863228 -0.8224601 0.1995499 -0.1360425 0.5150065
1413393935.355761 7.6170235 12.1177521 -9.6153746 -0.8321242 0.1609826 -0.1152545 0.5180447
1413393935.455760 7.6601973 12.0678577 -9.6298790 -0.8369976 0.1192833 -0.0978633 0.5250041
1413393935.555760 7.7022915 12.0314732 -9.6290092 -0.8389425 0.0754567 -0.0830494 0.5325266
1413393935.655761 7.7416525 12.0079079 -9.6199512 -0.8407485 0.0331265 -0.0767346 0.5349359
1413393935.755760 7.7758493 11.9967346 -9.6100378 -0.8399068 -0.0056685 -0.0806878 0.5366694
1413393935.855761 7.7971482 11.9977341 -9.5983496 -0.8352858 -0.0437742 -0.0889316 0.5408074
1413393935.955760 7.7967920 12.0080194 -9.5835361 -0.8320256 -0.0656626 -0.0725069 0.5460445
1413393936.055760 7.7736173 12.0247498 -9.5639763 -0.8303089 -0.0733020 -0.0278627 0.5517586
1413393936.155761 7.7365971 12.0457249 -9.5419540 -0.8263052 -0.0844928 0.0228013 0.5563819
1413393936.255760 7.6939545 12.0711040 -9.5177794 -0.8226383 -0.1008320 0.0743495 0.5545910
1413393936.355761 7.6526427 12.1013565 -9.4942055 -0.8185622 -0.1257491 0.1187067 0.5477699
1413393936.455760 7.6164742 12.1378460 -9.4703016 -0.8113258 -0.1586225 0.1525411 0.5415907
1413393936.555760 7.5869703 12.1822233 -9.4447470 -0.7951382 -0.1998296 0.1736353 0.5455953
1413393936.655761 7.5629816 12.2315607 -9.4182386 -0.7728769 -0.2365811 0.1937898 0.5560002
1413393936.755760 7.5437698 12.2822123 -9.3901501 -0.7509153 -0.2665886 0.2138490 0.5650889
1413393936.855761 7.5304747 12.3293276 -9.3626747 -0.7326191 -0.2951035 0.2320349 0.5677525
1413393936.955760 7.5224352 12.3726673 -9.3314857 -0.7139668 -0.3253295 0.2485488 0.5680102
1413393937.055760 7.5219965 12.4062157 -9.3016253 -0.6926486 -0.3581367 0.2636958 0.5678384
1413393937.155761 7.5259018 12.4301414 -9.2671318 -0.6730587 -0.3890861 0.2815191 0.5624509
1413393937.355761 7.5552773 12.4428015 -9.1885071 -0.6397655 -0.4412885 0.3186511 0.5426104
1413393938.455760 7.8322344 12.2357311 -9.0555668 -0.5953699 -0.5207911 0.3541243 0.4989061
1413393938.905761 7.9912133 11.9566917 -9.0144901 -0.5500676 -0.5690098 0.4415675 0.4226956
1413393939.705760 8.4527826 11.5309048 -9.0773945 -0.5688188 -0.6952246 0.3613445 0.2500761
1413393939.805760 8.4472885 11.4850445 -9.1030912 -0.5602430 -0.6960017 0.3605111 0.2678458
1413393940.005760 8.3518801 11.3872948 -9.1279488 -0.5046016 -0.6223041 0.4687949 0.3719492
1413393940.705760 8.5092201 11.3393679 -9.1754379 -0.5839195 -0.6594518 0.3912597 0.2666030
1413393940.805760 8.5195265 11.3650560 -9.1583977 -0.6017988 -0.6512223 0.3905970 0.2473494
1413393941.005760 8.4449062 11.4502592 -9.1035252 -0.5561979 -0.6202542 0.4427403 0.3315264
1413393941.355761 8.3155231 11.6680889 -8.9958897 -0.4928800 -0.5787317 0.5081134 0.4049195
1413393941.655761 8.3360729 11.9089661 -8.9438639 -0.5482648 -0.6684248 0.3957585 0.3098212
1413393941.755760 8.3198442 11.9886761 -8.9269524 -0.5582287 -0.6803310 0.3721416 0.2950273
1413393941.855761 8.2789841 12.0642662 -8.9181910 -0.5618092 -0.6821365 0.3626561 0.2958729
1413393941.955760 8.2097960 12.1335087 -8.9117050 -0.5518332 -0.6642127 0.3875819 0.3226173
1413393942.055760 8.1221857 12.1981792 -8.9034424 -0.5308529 -0.6319269 0.4315777 0.3641490
1413393942.255760 7.9569893 12.3259573 -8.8887482 -0.4863224 -0.5723473 0.4978214 0.4336852
1413393942.355761 7.9032307 12.3920851 -8.8847837 -0.4785364 -0.5626723 0.5060316 0.4453479
1413393942.455760 7.8757811 12.4600277 -8.8850365 -0.4854723 -0.5729674 0.4930171 0.4392712
1413393942.555760 7.8768978 12.5268717 -8.8786745 -0.5060204 -0.5985034 0.4638382 0.4130268
1413393942.955760 7.9648619 12.7374382 -8.7377691 -0.5629806 -0.6808293 0.3451087 0.3168979
1413393943.055760 7.9579515 12.7863436 -8.7344751 -0.5540375 -0.6755204 0.3592122 0.3281482
1413393943.305760 7.8716578 12.8743525 -8.7140627 -0.4952133 -0.6091569 0.4634630 0.4109668
1413393943.405761 7.8504105 12.9077625 -8.7044230 -0.4789930 -0.5872219 0.4914151 0.4292406
1413393943.605761 7.8674273 12.9772301 -8.6967497 -0.4938387 -0.6062478 0.4649674 0.4152015
1413393943.705760 7.8993578 13.0107851 -8.6985102 -0.5182086 -0.6363053 0.4218877 0.3854688
1413393943.805760 7.9304180 13.0387440 -8.6970196 -0.5407119 -0.6597195 0.3826438 0.3549431
1413393943.905761 7.9462814 13.0604486 -8.6899300 -0.5578080 -0.6678998 0.3564052 0.3401992
1413393944.005760 7.9354243 13.0739670 -8.6732931 -0.5668784 -0.6585559 0.3522023 0.3477164
1413393944.205760 7.8558583 13.0810537 -8.6363850 -0.5743955 -0.5863723 0.4112472 0.3963749
1413393944.405761 7.7855253 13.0960217 -8.6959295 -0.5672245 -0.5071855 0.4574203 0.4602022
1413393945.055760 7.8482208 13.1757174 -8.8905735 -0.6546275 -0.5531723 0.3099001 0.4116130
1413393945.205760 7.7411823 13.2716236 -8.7627220 -0.6259736 -0.5079289 0.3480071 0.4785983
1413393945.255760 7.6657162 13.3584013 -8.6212683 -0.6152090 -0.4884780 0.3603414 0.5030518
1413393945.305760 7.5931573 13.4438620 -8.4838514 -0.6070204 -0.4701130 0.3693756 0.5235280
1413393945.455760 7.5552902 13.4724674 -8.5042429 -0.6120797 -0.4340042 0.3653747 0.5509084
1413393945.555760 7.5572214 13.4755144 -8.5499268 -0.6418517 -0.4231938 0.3445859 0.5386966
1413393945.605761 7.5671339 13.4704361 -8.5828581 -0.6576149 -0.4207073 0.3297706 0.5308480
1413393945.705760 7.6004500 13.4505606 -8.6602879 -0.6873888 -0.4169073 0.2957126 0.5159837
1413393946.005760 7.6632977 13.3916645 -8.9531784 -0.7428208 -0.3728267 0.2208272 0.5103458
1413393946.055760 7.6606255 13.3850880 -8.9752712 -0.7367446 -0.3581123 0.2212238 0.5291721
1413393946.605761 7.7179995 13.1221180 -9.2109413 -0.7847273 -0.1951388 0.1616123 0.5656901
1413393946.705760 7.7485476 13.0560484 -9.2365179 -0.8153381 -0.1750580 0.1205207 0.5385659
1413393947.105761 7.8314919 12.8960152 -9.4238129 -0.7726309 -0.0529044 0.0320038 0.6318373
1413393947.255760 7.8646493 12.8538456 -9.5847301 -0.7572850 -0.0066421 0.0059698 0.6530235
1413393947.305760 7.8779092 12.8290958 -9.6499195 -0.7579836 0.0083736 -0.0032501 0.6522118
1413393947.405761 7.8666611 12.8863401 -9.5436049 -0.7676142 0.0262303 -0.0325886 0.6395456
1413393947.505760 7.8622389 12.9011936 -9.5492811 -0.7796629 0.0725920 -0.0331600 0.6210930
1413393947.605761 7.8576908 12.9033222 -9.5547419 -0.7859495 0.1179068 -0.0316087 0.6061206
1413393947.655761 7.8509998 12.9024343 -9.5479202 -0.7914729 0.1404105 -0.0324882 0.5939699
1413393947.705760 7.8483300 12.9011946 -9.5335388 -0.7963347 0.1603451 -0.0410479 0.5817695
1413393947.755760 7.8496141 12.8938084 -9.5087757 -0.8110268 0.1769386 -0.0475809 0.5555757
1413393947.805760 7.8534470 12.8795624 -9.4992867 -0.8161202 0.1833604 -0.0662613 0.5440002
1413393947.855761 7.8603659 12.8684158 -9.5030699 -0.8195751 0.1898696 -0.0881329 0.5333657
1413393947.905761 7.8690701 12.8587494 -9.5039377 -0.8199884 0.1972821 -0.1091458 0.5261046
1413393947.955760 7.8786325 12.8507671 -9.5024137 -0.8167856 0.2028319 -0.1295351 0.5243484
1413393948.005760 7.8894157 12.8451881 -9.4988518 -0.8095157 0.2021205 -0.1552283 0.5289006
1413393948.105761 7.9086618 12.8406696 -9.4878674 -0.7928296 0.2006348 -0.1992984 0.5398583
1413393948.455760 7.8669982 12.9041271 -9.3080521 -0.7227572 0.2507399 -0.2372200 0.5987306
1413393948.605761 7.8174968 12.8704767 -9.2969971 -0.7242098 0.2795791 -0.2374459 0.5839307
1413393948.805760 7.7309723 12.8024445 -9.2917986 -0.7632095 0.3249926 -0.2349179 0.5066603
1413393949.105761 7.6340580 12.7442608 -9.2373514 -0.7348610 0.3834950 -0.2710674 0.4893192
1413393949.705760 7.4298134 12.6305475 -9.1160746 -0.6328393 0.4807074 -0.3142468 0.5193110
1413393949.755760 7.4014959 12.6074200 -9.1109524 -0.6316103 0.4947570 -0.3011774 0.5153409
1413393949.805760 7.3739400 12.5804863 -9.1050777 -0.6282758 0.5087025 -0.2889387 0.5128410
1413393949.855761 7.3481131 12.5492802 -9.0983124 -0.6220789 0.5231917 -0.2769856 0.5124133
1413393949.905761 7.3245239 12.5132904 -9.0918751 -0.6165563 0.5362103 -0.2667244 0.5110723
1413393950.055760 7.2719307 12.3729038 -9.0694981 -0.6150997 0.5535659 -0.2612247 0.4969698
1413393950.155761 7.2561874 12.2517815 -9.0568180 -0.6395945 0.5390475 -0.2917122 0.4639511
1413393950.255760 7.2528243 12.1207533 -9.0420866 -0.6652293 0.5220535 -0.3186625 0.4282339
1413393950.355761 7.2618313 11.9926987 -9.0255604 -0.6785203 0.5151399 -0.3305372 0.4061850
1413393950.405761 7.2707186 11.9321451 -9.0189085 -0.6803829 0.5159009 -0.3308816 0.4017996
1413393950.555760 7.3165698 11.7618856 -9.0078888 -0.6715987 0.5175202 -0.3355209 0.4105532
1413393950.655761 7.3628149 11.6588917 -9.0097990 -0.6583229 0.5127636 -0.3471325 0.4279995
1413393950.755760 7.4153280 11.5606461 -9.0210247 -0.6472313 0.5064022 -0.3591990 0.4422947
1413393950.855761 7.4682245 11.4659929 -9.0447512 -0.6414667 0.5020056 -0.3681411 0.4483114
1413393950.955760 7.5208788 11.3748093 -9.0805340 -0.6439111 0.4956334 -0.3795048 0.4423823
1413393951.055760 7.5715494 11.2903357 -9.1184511 -0.6509093 0.4894037 -0.3891681 0.4305223
1413393951.155761 7.6206083 11.2170830 -9.1500025 -0.6498706 0.4934177 -0.3851766 0.4310989
1413393951.405761 7.7430620 11.0607338 -9.2092419 -0.6415848 0.5056825 -0.3758165 0.4375114
1413393951.505760 7.7905793 11.0138016 -9.2270555 -0.6454131 0.5112646 -0.3722711 0.4283277
1413393951.655761 7.8673987 10.9545965 -9.2669210 -0.6477758 0.5151049 -0.3728752 0.4195446
1413393951.805760 7.9490876 10.9098568 -9.3203163 -0.6425297 0.5129784 -0.3828498 0.4212302
1413393952.305760 8.2369747 10.8682919 -9.4241171 -0.6173399 0.5273663 -0.3914163 0.4330929
1413393952.605761 8.3893003 10.8951645 -9.3892279 -0.6386907 0.4991769 -0.3795829 0.4458850
1413393952.955760 8.5460587 10.9650211 -9.3494196 -0.6700798 0.4614947 -0.3370563 0.4737179
1413393953.105761 8.6099701 10.9993048 -9.3309822 -0.6707386 0.4634943 -0.3155471 0.4855027
1413393953.455760 8.7874565 11.0461655 -9.3596191 -0.6601217 0.4707155 -0.2956306 0.5052413
1413393953.555760 8.8447676 11.0397406 -9.3507853 -0.6578823 0.4627184 -0.3099653 0.5069558
1413393954.005760 9.0417814 10.9704227 -9.3081274 -0.6724639 0.4268035 -0.3460976 0.4958303
1413393954.205760 9.0769157 10.9424229 -9.3196115 -0.7091028 0.4203626 -0.3087959 0.4744615
1413393954.305760 9.0942831 10.9353104 -9.3191938 -0.7288638 0.4133179 -0.2863584 0.4646772
1413393954.605761 9.1853304 10.9633093 -9.2951603 -0.7740358 0.3572027 -0.2344494 0.4672347
1413393954.755760 9.2625999 11.0106068 -9.2783108 -0.7881263 0.3293577 -0.2173154 0.4723924
1413393954.905761 9.3616562 11.0818071 -9.2619057 -0.7964696 0.3129221 -0.2072794 0.4740795
1413393955.055760 9.4806156 11.1802568 -9.2414179 -0.7900688 0.2976489 -0.2112815 0.4925002
1413393955.205760 9.6073627 11.3008204 -9.2215424 -0.7803146 0.2804133 -0.2119326 0.5172640
1413393955.355761 9.7315388 11.4331131 -9.2013216 -0.7766806 0.2701584 -0.1922121 0.5355710
1413393955.505760 9.8529644 11.5680294 -9.1786633 -0.7773747 0.2388932 -0.1758479 0.5547035
1413393955.655761 9.9673576 11.6975193 -9.1628790 -0.7748978 0.1822120 -0.1634956 0.5827533
1413393955.805760 10.0700531 11.8150978 -9.1741447 -0.7853017 0.1183672 -0.1733835 0.5824333
1413393955.955760 10.1418581 11.9259377 -9.2002754 -0.8043899 0.0930187 -0.1586187 0.5649289
1413393956.105761 10.1781845 12.0434303 -9.2140694 -0.8156753 0.1011393 -0.1080085 0.5592663
1413393956.255760 10.2004547 12.1688499 -9.2180433 -0.8157579 0.0889561 -0.0719035 0.5669708
1413393956.555760 10.2287130 12.4171476 -9.2086859 -0.7979926 0.0086037 -0.0195126 0.6022898
1413393956.705760 10.2324915 12.5253944 -9.2082443 -0.8065685 -0.0375669 0.0174998 0.5896863
1413393956.855761 10.2323961 12.6263971 -9.2086849 -0.8146260 -0.0814995 0.0560869 0.5714862
1413393957.005760 10.2318830 12.7289009 -9.2052593 -0.8121824 -0.1196044 0.0980560 0.5625297
1413393957.155761 10.2356367 12.8357668 -9.2029228 -0.8045188 -0.1683197 0.1276916 0.5550791
1413393957.305760 10.2396612 12.9493275 -9.1992130 -0.7906268 -0.2231926 0.1595099 0.5474039
1413393957.455760 10.2439260 13.0678968 -9.1948242 -0.7706493 -0.2742624 0.1942010 0.5414478
1413393957.605761 10.2475777 13.1899939 -9.2049007 -0.7464111 -0.3177597 0.2276849 0.5385712
1413393957.705760 10.2511406 13.2693253 -9.2250099 -0.7243872 -0.3435556 0.2538253 0.5411150
1413393957.805760 10.2576580 13.3459215 -9.2574263 -0.7013963 -0.3729868 0.2744784 0.5418354
1413393957.955760 10.2765398 13.4498663 -9.3184814 -0.6717318 -0.4262489 0.2825459 0.5359628
1413393958.055760 10.2935534 13.5079889 -9.3520050 -0.6611816 -0.4568179 0.2792898 0.5255030
1413393958.155761 10.3071413 13.5544243 -9.3680220 -0.6569450 -0.4733006 0.2831956 0.5140138
1413393958.305760 10.3088932 13.6048698 -9.3600559 -0.6579359 -0.4771213 0.3007562 0.4990205
1413393958.405761 10.2972641 13.6304703 -9.2953091 -0.6674507 -0.4737279 0.3130346 0.4817685
1413393958.505760 10.2793922 13.6547098 -9.2191782 -0.6754774 -0.4718633 0.3161435 0.4702432
1413393958.605761 10.2585831 13.6796236 -9.1564341 -0.6845840 -0.4741338 0.3114409 0.4577625
1413393958.705760 10.2335892 13.7058868 -9.1074352 -0.6908993 -0.4765830 0.3052697 0.4498191
1413393958.805760 10.2006855 13.7347183 -9.0673027 -0.6885563 -0.4728324 0.3067306 0.4563289
1413393958.905761 10.1617842 13.7648687 -9.0365458 -0.6818255 -0.4665674 0.3107994 0.4699284
1413393959.005760 10.1188269 13.7944174 -9.0181522 -0.6781027 -0.4584731 0.3170014 0.4790505
1413393959.105761 10.0752230 13.8215714 -9.0070305 -0.6783465 -0.4437535 0.3321351 0.4823020
1413393959.155761 10.0546207 13.8353701 -9.0018339 -0.6774030 -0.4365135 0.3399166 0.4848070
1413393959.255760 10.0177708 13.8649712 -8.9922152 -0.6718889 -0.4316638 0.3420861 0.4951855
1413393959.305760 10.0019636 13.8798695 -8.9882956 -0.6715118 -0.4331480 0.3375102 0.4975355
1413393959.355761 9.9877968 13.8944836 -8.9843006 -0.6726047 -0.4360599 0.3317694 0.4973768
1413393959.405761 9.9739246 13.9087858 -8.9801750 -0.6731821 -0.4371598 0.3292083 0.4973319
1413393959.455760 9.9602175 13.9223967 -8.9765711 -0.6744334 -0.4383663 0.3261646 0.4965794
1413393959.555760 9.9350348 13.9480095 -8.9657450 -0.6721590 -0.4394297 0.3226755 0.5009834
1413393959.655761 9.9117079 13.9714241 -8.9462805 -0.6553518 -0.4299906 0.3337822 0.5236521
1413393959.755760 9.8970470 13.9894705 -8.9334402 -0.6405144 -0.4210314 0.3448821 0.5417842
1413393959.805760 9.8946075 13.9963112 -8.9363461 -0.6408209 -0.4219336 0.3430812 0.5418633
1413393959.855761 9.8953905 14.0012846 -8.9423771 -0.6483493 -0.4263106 0.3373097 0.5330334
1413393959.955760 9.9060640 14.0064297 -8.9529734 -0.6642290 -0.4369897 0.3210806 0.5145358
1413393960.255760 9.9507675 13.9996147 -8.9664297 -0.6984450 -0.4596015 0.2874494 0.4672409
1413393960.305760 9.9535961 13.9977570 -8.9676886 -0.7024608 -0.4621318 0.2833350 0.4611990
1413393960.355761 9.9536247 13.9963713 -8.9677372 -0.7034466 -0.4628559 0.2825728 0.4594344
1413393960.405761 9.9505367 13.9952888 -8.9658470 -0.6992375 -0.4620387 0.2865924 0.4641682
1413393960.855761 9.8809528 13.9714603 -9.1042452 -0.6323051 -0.5230358 0.3515691 0.4505806
1413393961.055760 9.8311691 13.9531937 -9.2047615 -0.6285206 -0.5540836 0.3595909 0.4106674
1413393961.155761 9.7949190 13.9468927 -9.2311783 -0.6179214 -0.5552111 0.3689699 0.4168633
1413393961.655761 9.6897526 13.9609184 -9.1517429 -0.5843182 -0.5243644 0.4130809 0.4614960
1413393961.855761 9.7482738 13.9737988 -9.0200119 -0.5936286 -0.5403911 0.3897782 0.4512820
1413393961.955760 9.7849560 13.9754124 -8.9334021 -0.5994287 -0.5459476 0.3818441 0.4436459
1413393962.105761 9.8378105 13.9725647 -8.7782993 -0.6065856 -0.5544137 0.3717528 0.4318325
1413393962.205760 9.8696375 13.9640942 -8.6545315 -0.6122850 -0.5586841 0.3662353 0.4229077
1413393962.305760 9.8949146 13.9541817 -8.5201378 -0.6162038 -0.5626733 0.3612680 0.4161454
1413393962.405761 9.9124174 13.9434576 -8.3912764 -0.6207893 -0.5694479 0.3514134 0.4084832
1413393962.505760 9.9160185 13.9331264 -8.2873211 -0.6332965 -0.5766824 0.3328012 0.3944824
1413393962.605761 9.9068069 13.9242840 -8.2056198 -0.6467088 -0.5756728 0.3140506 0.3895392
1413393962.705760 9.8798828 13.9176378 -8.1392155 -0.6541748 -0.5651208 0.2974948 0.4052046
1413393962.805760 9.8339033 13.9114542 -8.0807114 -0.6566964 -0.5442877 0.2844563 0.4377046
1413393962.855761 9.8048296 13.9075537 -8.0544748 -0.6577262 -0.5315621 0.2763756 0.4565683
1413393962.955760 9.7385864 13.8949862 -8.0084677 -0.6604316 -0.5023172 0.2595865 0.4940875
1413393963.055760 9.6644382 13.8732595 -7.9734745 -0.6700243 -0.4679347 0.2420142 0.5230047
1413393963.105761 9.6249323 13.8585157 -7.9595847 -0.6748916 -0.4497885 0.2330879 0.5365462
1413393963.205760 9.5417681 13.8189802 -7.9386630 -0.6891804 -0.4085208 0.2225792 0.5555175
1413393963.305760 9.4562683 13.7667580 -7.9272556 -0.7053022 -0.3645794 0.2171320 0.5678771
1413393963.405761 9.3705711 13.7059326 -7.9269662 -0.7212052 -0.3257864 0.2041457 0.5762385
1413393963.505760 9.2865524 13.6376247 -7.9369721 -0.7359849 -0.2916390 0.1866288 0.5817583
1413393963.605761 9.2029324 13.5628300 -7.9548349 -0.7473120 -0.2602523 0.1705486 0.5871174
1413393963.705760 9.1212626 13.4818382 -7.9813995 -0.7543525 -0.2327943 0.1536514 0.5942645
1413393963.805760 9.0415058 13.3946247 -8.0158005 -0.7599657 -0.2090929 0.1333436 0.6007926
1413393963.905761 8.9639664 13.2992353 -8.0588484 -0.7677577 -0.1879432 0.1107590 0.6024598
1413393964.005760 8.8874912 13.1968384 -8.1109447 -0.7774811 -0.1675614 0.0868876 0.5999141
1413393964.105761 8.8090487 13.0887070 -8.1683359 -0.7848266 -0.1442010 0.0666382 0.5990098
1413393964.205760 8.7274380 12.9763050 -8.2301035 -0.7913053 -0.1143968 0.0552903 0.5980739
1413393964.305760 8.6454306 12.8589115 -8.2903242 -0.7983081 -0.0813097 0.0488087 0.5947359
1413393964.405761 8.5650568 12.7384815 -8.3456907 -0.8045357 -0.0518448 0.0400107 0.5902826
1413393964.505760 8.4884043 12.6161232 -8.3947086 -0.8093669 -0.0252060 0.0304968 0.5859690
1413393964.605761 8.4138365 12.5012550 -8.4433317 -0.8090113 0.0028501 0.0246084 0.5872709
1413393964.705760 8.3457632 12.3902016 -8.4885654 -0.8079407 0.0293633 0.0178790 0.5882601
1413393964.805760 8.2874374 12.2789955 -8.5285130 -0.8096164 0.0562571 0.0122934 0.5841277
1413393964.905761 8.2409039 12.1672058 -8.5651369 -0.8160213 0.0810986 0.0048226 0.5722839
1413393965.005760 8.2071733 12.0568600 -8.5979538 -0.8273577 0.1104047 0.0049469 0.5506956
1413393965.105761 8.1894178 11.9537392 -8.6254625 -0.8365254 0.1451177 0.0119668 0.5282263
1413393965.205760 8.1942034 11.8619041 -8.6480427 -0.8428180 0.1757459 0.0132170 0.5085239
1413393965.305760 8.2271719 11.7850590 -8.6658306 -0.8529541 0.1890401 -0.0034800 0.4865399
1413393965.405761 8.2867966 11.7262897 -8.6796474 -0.8630498 0.1779030 -0.0402717 0.4710348
1413393965.505760 8.3662643 11.6918135 -8.6876345 -0.8662992 0.1449543 -0.0928120 0.4689350
1413393965.655761 8.4904900 11.6832867 -8.6828260 -0.8585221 0.0926565 -0.1574774 0.4791194
1413393965.755760 8.5599174 11.7081032 -8.6745987 -0.8468570 0.0897631 -0.1610317 0.4988433
1413393965.855761 8.6144733 11.7558737 -8.6641884 -0.8271566 0.0982384 -0.1493009 0.5327948
1413393966.005760 8.6744270 11.8290348 -8.6288548 -0.8129175 0.0924354 -0.1551307 0.5536745
1413393966.105761 8.6982250 11.8873596 -8.6092663 -0.8103476 0.0901420 -0.1576558 0.5570958
1413393966.205760 8.7057171 11.9526825 -8.5803051 -0.8107443 0.0968154 -0.1498544 0.5575519
1413393966.305760 8.7012186 12.0255909 -8.5413599 -0.8118951 0.0950784 -0.1518541 0.5556319
1413393966.405761 8.6848869 12.1067181 -8.4903221 -0.8062482 0.0815005 -0.1676740 0.5614328
1413393966.505760 8.6499653 12.1923018 -8.4287291 -0.7931193 0.0775321 -0.1697318 0.5797773
1413393966.605761 8.5979071 12.2785339 -8.3722572 -0.7780709 0.0814307 -0.1598756 0.6020088
1413393966.705760 8.5323296 12.3601723 -8.3306942 -0.7675223 0.0857354 -0.1515219 0.6169279
1413393966.805760 8.4546490 12.4326077 -8.3029671 -0.7613093 0.0890479 -0.1468623 0.6252280
1413393966.905761 8.3656063 12.4944201 -8.2881527 -0.7663578 0.0977809 -0.1373430 0.6198965
1413393967.005760 8.2676582 12.5462265 -8.2828779 -0.7780238 0.1192779 -0.1166810 0.6056710
1413393967.105761 8.1670599 12.5924110 -8.2851133 -0.7863213 0.1411468 -0.1009120 0.5929529
1413393967.205760 8.0683899 12.6340504 -8.2938948 -0.7895196 0.1567921 -0.0959334 0.5855526
1413393967.305760 7.9746389 12.6712036 -8.3083124 -0.7862554 0.1696169 -0.1019781 0.5853487
1413393967.405761 7.8875060 12.7040663 -8.3305120 -0.7791739 0.1838423 -0.1178979 0.5875289
1413393967.505760 7.8063631 12.7302132 -8.3581848 -0.7694985 0.2060614 -0.1311304 0.5900979
1413393967.605761 7.7271118 12.7505054 -8.3860435 -0.7624138 0.2318514 -0.1463791 0.5861257
1413393967.705760 7.6537018 12.7624645 -8.4100466 -0.7561558 0.2573726 -0.1637265 0.5789486
1413393967.805760 7.5812936 12.7675018 -8.4261942 -0.7502887 0.2821438 -0.1825068 0.5693445
1413393968.105761 7.3823385 12.7532196 -8.4094915 -0.7631800 0.3384671 -0.2075343 0.5098293
1413393968.305760 7.2883554 12.7550087 -8.3343849 -0.7589447 0.3548015 -0.2065894 0.5054103
1413393968.405761 7.2544322 12.7593298 -8.3070240 -0.7660723 0.3464108 -0.2193259 0.4950040
1413393968.655761 7.1951680 12.8017530 -8.2732525 -0.7688860 0.3232201 -0.2494268 0.4920663
1413393968.755760 7.1759043 12.8324928 -8.2751637 -0.7679433 0.3291031 -0.2508974 0.4888812
1413393968.855761 7.1601124 12.8718843 -8.2845755 -0.7572947 0.3372207 -0.2589462 0.4957155
1413393969.105761 7.1276655 12.9906301 -8.3467598 -0.7047462 0.3864563 -0.2798840 0.5250232
1413393969.205760 7.1114230 13.0322971 -8.3816652 -0.6890822 0.4047981 -0.3000710 0.5208278
1413393969.405761 7.0728612 13.1054020 -8.4411879 -0.6629947 0.4525453 -0.3266692 0.4989268
1413393969.505760 7.0460300 13.1362181 -8.4632025 -0.6422094 0.4841343 -0.3234438 0.4985632
1413393969.705760 6.9934311 13.1706228 -8.4994764 -0.6115417 0.5372598 -0.3230539 0.4827058
1413393969.805760 6.9733782 13.1693077 -8.5008936 -0.6031061 0.5556572 -0.3233992 0.4721452
1413393970.205760 6.9449029 13.0389109 -8.3719492 -0.6261397 0.5417553 -0.3815575 0.4109310
1413393970.305760 6.9468007 13.0004187 -8.3428993 -0.6314707 0.5384178 -0.3855714 0.4033434
1413393970.455760 6.9582152 12.9550161 -8.3123713 -0.6349949 0.5352538 -0.3867340 0.4009012
1413393970.705760 6.9998503 12.9128914 -8.2631998 -0.6261493 0.5123103 -0.4135416 0.4176826
1413393971.005760 7.0326071 12.9370689 -8.2803574 -0.6414028 0.4819418 -0.4534201 0.3882588
1413393971.255760 7.0169539 13.0811863 -8.2639132 -0.6029283 0.4786781 -0.4478140 0.4547608
1413393971.805760 6.6432033 13.4797268 -8.2539968 -0.5654595 0.5589119 -0.3275299 0.5104873
1413393971.955760 6.5024657 13.5229244 -8.2434311 -0.5620093 0.5743477 -0.3164100 0.5041379
1413393972.055760 6.4131489 13.5210142 -8.2298756 -0.5727029 0.5711006 -0.3317819 0.4855680
1413393972.155761 6.3263702 13.5036688 -8.2191563 -0.5811357 0.5753615 -0.3331784 0.4692894
1413393972.305760 6.2046552 13.4570398 -8.2355528 -0.5988072 0.5771823 -0.3365588 0.4416094
1413393972.455760 6.1010022 13.3930120 -8.2581549 -0.6150918 0.5491608 -0.3775038 0.4213971
1413393972.855761 5.8952169 13.2712822 -8.3033190 -0.6356052 0.5401689 -0.3927375 0.3872736
1413393972.955760 5.8590126 13.2622395 -8.3131008 -0.6335641 0.5382081 -0.3998014 0.3861187
1413393973.155761 5.8046093 13.2750797 -8.3298960 -0.6242986 0.5274026 -0.4188584 0.3957973
1413393973.305760 5.7645693 13.3121872 -8.3416853 -0.6077714 0.5115623 -0.4372287 0.4216030
1413393973.455760 5.7103634 13.3685198 -8.3530102 -0.5906621 0.4943978 -0.4527757 0.4490915
1413393973.605761 5.6241517 13.4391098 -8.3657799 -0.5794570 0.4830573 -0.4606339 0.4676556
1413393973.755760 5.4958005 13.5203848 -8.3784513 -0.5746468 0.5087820 -0.4196030 0.4846188
1413393973.905761 5.3368349 13.5920773 -8.3881559 -0.5703188 0.5595454 -0.3397089 0.4962293
1413393974.055760 5.1773262 13.6202583 -8.3983116 0.5903022 -0.6036721 0.2664795 -0.4648784
1413393974.155761 5.0880785 13.6049366 -8.4056377 0.6188219 -0.6226084 0.2322475 -0.4189028
1413393974.305760 5.0175428 13.5384941 -8.3971872 -0.6736693 0.6092909 -0.2438569 0.3398062
1413393974.455760 5.0443926 13.4580193 -8.3548107 -0.7117598 0.5771905 -0.2777471 0.2882809
1413393974.605761 5.1786709 13.4125776 -8.2911453 -0.7268167 0.5290081 -0.3345267 0.2828069
1413393974.705760 5.3109932 13.4154148 -8.2446537 -0.7182443 0.4978229 -0.3742270 0.3102447
1413393974.805760 5.4588661 13.4448643 -8.2016783 -0.7012126 0.4740507 -0.4051304 0.3456098
1413393975.105761 5.8907661 13.6420870 -8.1533756 -0.6337224 0.4787643 -0.4080224 0.4502206
1413393975.705760 6.4603791 14.1641436 -8.1553669 -0.6141708 0.4782033 -0.4117741 0.4738753
1413393975.805760 6.5073314 14.2547979 -8.1497459 -0.6081803 0.4906576 -0.3982268 0.4804032
1413393975.955760 6.5567651 14.3841629 -8.1393442 -0.5962550 0.5082706 -0.3836085 0.4888615
1413393976.105761 6.5861435 14.4969807 -8.1417818 -0.6030752 0.5188717 -0.3824301 0.4699147
1413393976.255760 6.6026740 14.6000195 -8.1641417 -0.6027935 0.5288336 -0.3787376 0.4620963
1413393976.405761 6.6099277 14.6940441 -8.1947241 -0.5906590 0.5341939 -0.3741176 0.4751789
1413393977.405761 6.6249056 14.8269033 -8.2722025 -0.6551228 0.4893378 -0.3640850 0.4458754
1413393978.155761 6.7662802 15.0054760 -8.1294270 -0.6380938 0.5106105 -0.3743758 0.4381280
1413393978.755760 6.8871450 15.2148600 -8.0191116 0.5487059 -0.5937455 0.4098717 -0.4223663
1413393978.905761 6.9041319 15.2350025 -7.9846344 0.5200316 -0.6243790 0.4229897 -0.4009959
1413393979.205760 6.9316130 15.2239523 -7.9235039 0.4474285 -0.6793652 0.4544936 -0.3629135
1413393979.505760 6.9231157 15.1410618 -7.9237123 0.3631287 -0.7268434 0.4855967 -0.3225405
1413393979.655761 6.8964453 15.0718317 -7.9554677 0.3205973 -0.7478990 0.4982512 -0.2993497
1413393979.955760 6.7878723 14.8719730 -8.0061493 0.2605578 -0.7770194 0.5292462 -0.2196560
1413393980.105761 6.7147207 14.7525625 -8.0222845 0.2350563 -0.7946437 0.5316821 -0.1749400
1413393980.255760 6.6437683 14.6236439 -8.0407495 0.2220398 -0.8101072 0.5281276 -0.1245227
1413393980.405761 6.5899220 14.4857473 -8.0601301 0.2143585 -0.8162475 0.5274336 -0.0980015
1413393980.555760 6.5610390 14.3357849 -8.0803957 0.2077591 -0.8059607 0.5462621 -0.0941352
1413393980.705760 6.5532961 14.1803036 -8.1066380 0.2046864 -0.7905834 0.5690136 -0.0964616
1413393981.105761 6.6474476 13.8245592 -8.0044880 0.1840093 -0.8176098 0.5307877 -0.1261713
1413393981.255760 6.6992960 13.6694832 -7.9412417 0.1738871 -0.8125247 0.5381480 -0.1412926
1413393981.355761 6.7313900 13.5574121 -7.8885508 0.1733468 -0.8130392 0.5365165 -0.1451489
1413393981.605761 6.7978830 13.2557039 -7.7900457 0.1962254 -0.8101022 0.5379287 -0.1259478
1413393981.755760 6.8417854 13.0613604 -7.7708931 0.2076447 -0.8071479 0.5400696 -0.1171360
1413393981.905761 6.8990765 12.8613939 -7.7775397 0.2221441 -0.7972810 0.5495344 -0.1140486
1413393982.055760 6.9749813 12.6638613 -7.7940588 0.2465009 -0.7826216 0.5575498 -0.1260117
1413393982.155761 7.0355511 12.5376043 -7.8047338 0.2681029 -0.7714049 0.5592866 -0.1423158
1413393982.305760 7.1395044 12.3601875 -7.8187547 0.3082984 -0.7528566 0.5537634 -0.1774968
1413393982.455760 7.2516327 12.1996794 -7.8309398 0.3622267 -0.7322040 0.5351987 -0.2150157
1413393982.605761 7.3651342 12.0629349 -7.8267345 0.4225483 -0.7048284 0.5086949 -0.2567089
1413393982.705760 7.4427290 11.9853010 -7.8101625 0.4668047 -0.6767439 0.4936826 -0.2835289
1413393982.805760 7.5241528 11.9136257 -7.7962370 0.5125134 -0.6418968 0.4790269 -0.3095671
1413393982.905761 7.6085424 11.8491678 -7.7843380 0.5562707 -0.6023880 0.4641865 -0.3349963
1413393983.055760 7.7361197 11.7710295 -7.7738419 -0.6154618 0.5439644 -0.4338395 0.3702604
1413393983.205760 7.8652310 11.7195816 -7.7691717 -0.6681696 0.4799702 -0.4048127 0.3991302
1413393983.355761 7.9924326 11.7006855 -7.7690449 -0.7119219 0.4122551 -0.3763123 0.4261479
1413393983.505760 8.1098204 11.7207870 -7.7677755 -0.7418283 0.3435328 -0.3476246 0.4591658
1413393983.655761 8.2054749 11.7801304 -7.7623606 -0.7626163 0.2766763 -0.3157338 0.4921165
1413393983.755760 8.2527847 11.8377552 -7.7571363 -0.7728418 0.2361902 -0.2902786 0.5125116
1413393983.855761 8.2847500 11.9066963 -7.7512827 -0.7821380 0.2013224 -0.2607789 0.5288892
1413393983.955760 8.3015623 11.9849625 -7.7445641 -0.7886024 0.1663427 -0.2352949 0.5432061
1413393984.105761 8.2973185 12.1157436 -7.7360210 -0.7955788 0.1105941 -0.2021431 0.5603226
1413393984.255760 8.2529287 12.2577181 -7.7259150 -0.7989973 0.0534395 -0.1690859 0.5745934
1413393984.405761 8.1668739 12.4040661 -7.7131252 -0.7991282 0.0089643 -0.1299357 0.5868821
1413393984.505760 8.0889215 12.5003777 -7.7034893 -0.7969887 -0.0161758 -0.1090229 0.5938531
1413393984.605761 7.9945745 12.5933475 -7.6947746 -0.7949994 -0.0359023 -0.0898387 0.5988456
1413393984.755760 7.8266125 12.7248707 -7.6951084 -0.8005578 -0.0359398 -0.0413274 0.5967475
1413393984.855761 7.7069464 12.8102226 -7.7092867 -0.8056565 -0.0251763 -0.0132758 0.5916989
1413393984.955760 7.5884128 12.8942928 -7.7350168 -0.8142200 -0.0009848 0.0089693 0.5804862
1413393985.055760 7.4770608 12.9791679 -7.7706509 -0.8190879 0.0257829 0.0123221 0.5729560
1413393985.205760 7.3295813 13.1118574 -7.8403664 -0.8131159 0.0585938 -0.0220496 0.5787255
1413393985.305760 7.2416291 13.1994667 -7.8946552 -0.8060544 0.0796974 -0.0559133 0.5837794
1413393985.405761 7.1569567 13.2842493 -7.9479733 -0.7999161 0.1029271 -0.0910611 0.5841646
1413393985.555760 7.0272493 13.4053574 -8.0211210 -0.7910556 0.1478433 -0.1325094 0.5786318
1413393985.655761 6.9375248 13.4823122 -8.0658226 -0.7899510 0.1853603 -0.1462466 0.5658895
1413393985.755760 6.8476572 13.5570726 -8.1078720 -0.7905651 0.2249551 -0.1540710 0.5483284
1413393985.855761 6.7621689 13.6325264 -8.1451931 -0.7890138 0.2618442 -0.1623660 0.5315376
1413393985.955760 6.6868777 13.7119331 -8.1739044 -0.7828860 0.2980615 -0.1706895 0.5187620
1413393986.055760 6.6183448 13.7985277 -8.1988926 -0.7680056 0.3297867 -0.1816633 0.5180798
1413393986.155761 6.5591793 13.8847914 -8.2193394 -0.7531899 0.3624891 -0.1922979 0.5141286
1413393986.255760 6.5146513 13.9681034 -8.2333336 -0.7337439 0.3974101 -0.1994041 0.5137345
1413393986.405761 6.4804282 14.0806189 -8.2458878 -0.7025806 0.4465411 -0.2149855 0.5106493
1413393986.505760 6.4796548 14.1414490 -8.2494907 -0.6842424 0.4719095 -0.2349354 0.5039040
1413393986.655761 6.5069237 14.2077274 -8.2475643 -0.6645963 0.4816338 -0.3025962 0.4845371
1413393986.755760 6.5362515 14.2441711 -8.2404251 -0.6474162 0.4852860 -0.3472484 0.4740973
1413393987.005760 6.5914273 14.3362427 -8.2122221 -0.6126271 0.5054160 -0.4104575 0.4480707
1413393987.105761 6.6008873 14.3808336 -8.2072506 -0.6086501 0.5192088 -0.4108701 0.4372104
1413393987.305760 6.6115532 14.4824190 -8.2137833 -0.6063389 0.5355793 -0.4068440 0.4242476
1413393987.405761 6.6176195 14.5395994 -8.2122383 -0.6071023 0.5387193 -0.4045376 0.4213760
1413393987.555760 6.6279173 14.6321716 -8.2007627 -0.6062958 0.5389843 -0.4049826 0.4217707
1413393987.655761 6.6369514 14.6968689 -8.1906281 -0.6025457 0.5399240 -0.4111273 0.4199942
1413393987.755760 6.6467648 14.7640762 -8.1792593 -0.5950487 0.5460182 -0.4162200 0.4177824
1413393987.905761 6.6585426 14.8691845 -8.1686916 -0.5845942 0.5593536 -0.4144248 0.4166838
1413393988.005760 6.6663647 14.9407339 -8.1760588 -0.5793422 0.5648904 -0.4146376 0.4163378
1413393988.105761 6.6749678 15.0125942 -8.1952810 -0.5760054 0.5675213 -0.4172847 0.4147418
1413393988.205760 6.6836052 15.0843849 -8.2260876 -0.5735248 0.5652534 -0.4254810 0.4129454
1413393988.505760 6.6957607 15.3133125 -8.3423834 -0.5812190 0.5483750 -0.4549722 0.3930264
1413393988.605761 6.6939936 15.4020357 -8.3762856 -0.5879280 0.5405862 -0.4662457 0.3804235
1413393988.755760 6.6848402 15.5594654 -8.4164600 -0.5801370 0.5550597 -0.4515577 0.3891599
1413393988.855761 6.6765480 15.6743841 -8.4368830 0.5678993 -0.5810961 0.4262277 -0.3976781
1413393989.005760 6.6727686 15.8415012 -8.4401827 0.5417382 -0.6286913 0.3859177 -0.4029076
1413393989.155761 6.6848383 15.9776411 -8.4084053 0.5192928 -0.6676232 0.3570067 -0.3964348
1413393989.305760 6.7260132 16.0621548 -8.3406401 0.5157678 -0.6733989 0.3751683 -0.3738532
1413393989.455760 6.7951889 16.1092396 -8.2550154 0.5127584 -0.6302004 0.4572837 -0.3616876
1413393990.305760 7.0459251 16.4790077 -8.2024422 0.3686523 -0.7025811 0.5149014 -0.3245795
1413393990.455760 7.0342731 16.5250626 -8.2496958 0.3194895 -0.7378131 0.5166842 -0.2942717
1413393990.605761 7.0040770 16.5546970 -8.2884617 0.2728730 -0.7754567 0.5040746 -0.2647939
1413393990.755760 6.9594212 16.5570145 -8.3264112 0.2649989 -0.8171117 0.4700792 -0.2028039
1413393990.905761 6.9260807 16.5167274 -8.3528242 0.2820054 -0.8330560 0.4557445 -0.1370685
1413393991.055760 6.9388838 16.4310322 -8.3544674 0.2923608 -0.8022138 0.5081969 -0.1127569
1413393991.205760 7.0013199 16.3301487 -8.3363543 0.2763039 -0.7448612 0.5908319 -0.1405544
1413393991.355761 7.0766773 16.2574406 -8.3161974 0.2511330 -0.6944298 0.6483595 -0.1852822
1413393991.505760 7.1418476 16.2451763 -8.3064280 0.2397402 -0.7103805 0.6249040 -0.2176678
1413393991.655761 7.1782837 16.2688904 -8.2982903 0.2353187 -0.7626116 0.5531149 -0.2389826
1413393991.805760 7.1886168 16.2814064 -8.2808943 0.2372817 -0.7962379 0.5038520 -0.2362958
1413393992.105761 7.1755838 16.2156925 -8.1983833 0.2582941 -0.7250987 0.6077951 -0.1951954
1413393992.255760 7.1551676 16.2050171 -8.1701880 0.2690484 -0.7423632 0.5868490 -0.1792159
1413393992.405761 7.1155138 16.2256794 -8.1242876 0.2637698 -0.7873849 0.5269378 -0.1810720
1413393992.705760 7.0492048 16.2152023 -8.0420942 0.2432719 -0.7639142 0.5614819 -0.2049195
1413393992.855761 7.0124493 16.1852837 -8.0449533 0.2525868 -0.7233860 0.6137159 -0.1904351
1413393993.005760 6.9629707 16.1868725 -8.0539560 0.2657305 -0.7363976 0.5977380 -0.1726708
1413393993.305760 6.8746519 16.2432251 -8.0635386 0.2771398 -0.8135378 0.4881413 -0.1518812
1413393993.455760 6.8669004 16.2405815 -8.0552435 0.2866401 -0.8273096 0.4635485 -0.1360849
1413393993.605761 6.9032974 16.1926174 -8.0279207 0.2838369 -0.7966926 0.5137669 -0.1440876
1413393993.755760 6.9692955 16.1285706 -7.9922810 0.2681446 -0.7392918 0.5942787 -0.1684603
1413393993.905761 7.0354242 16.0831947 -7.9964075 0.2549161 -0.6965923 0.6449243 -0.1839827
1413393994.055760 7.0867844 16.0794601 -8.0361996 0.2383885 -0.6740751 0.6688296 -0.2036193
1413393994.205760 7.1086817 16.1566105 -8.0098400 0.2216479 -0.6819420 0.6573834 -0.2316775
1413393994.355761 7.0865860 16.2877235 -7.9378333 0.2245039 -0.7262403 0.6059844 -0.2344270
1413393994.455760 7.0515623 16.3863449 -7.8914537 0.2379953 -0.7686584 0.5522630 -0.2180098
1413393994.605761 6.9904184 16.5258617 -7.8612447 0.2580176 -0.8259547 0.4664310 -0.1834876
1413393994.705760 6.9544554 16.5963650 -7.8638606 0.2648279 -0.8512142 0.4238373 -0.1601950
1413393994.805760 6.9278364 16.6255188 -7.8682079 0.2721981 -0.8564598 0.4156849 -0.1399673
1413393994.905761 6.9243412 16.6196575 -7.8602037 0.2754661 -0.8345951 0.4580980 -0.1331003
1413393995.005760 6.9399137 16.5947838 -7.8475618 0.2675414 -0.8087733 0.5040842 -0.1421498
1413393995.105761 6.9661303 16.5632019 -7.8366876 0.2518699 -0.7892442 0.5358483 -0.1628549
1413393995.155761 6.9809284 16.5469017 -7.8335371 0.2453762 -0.7827867 0.5445392 -0.1746786
1413393995.255760 7.0105085 16.5155430 -7.8323050 0.2353276 -0.7755087 0.5480789 -0.2069222
1413393995.355761 7.0344162 16.4841995 -7.8378134 0.2408242 -0.7705399 0.5419733 -0.2335315
1413393995.455760 7.0501127 16.4495602 -7.8436985 0.2595646 -0.7626825 0.5345030 -0.2554374
1413393995.555760 7.0568514 16.4092579 -7.8473120 0.2879175 -0.7502080 0.5293038 -0.2722662
1413393995.655761 7.0560951 16.3638573 -7.8492613 0.3237830 -0.7310727 0.5280318 -0.2861462
1413393995.755760 7.0490904 16.3164082 -7.8497934 0.3642616 -0.7036605 0.5313797 -0.2996849
1413393995.855761 7.0365372 16.2708836 -7.8479853 0.4022117 -0.6749590 0.5294029 -0.3199824
1413393995.955760 7.0174809 16.2290878 -7.8461785 0.4351861 -0.6476946 0.5218368 -0.3446610
1413393996.055760 6.9902496 16.1902695 -7.8464632 0.4619488 -0.6242338 0.5125948 -0.3663088
1413393996.155761 6.9545937 16.1545010 -7.8469887 0.4781034 -0.6094887 0.5015936 -0.3851550
1413393996.255760 6.9103374 16.1210213 -7.8508444 0.4918976 -0.6079518 0.4811892 -0.3960915
1413393996.355761 6.8586597 16.0861530 -7.8587589 0.5080873 -0.6106278 0.4636485 -0.3924422
1413393996.555760 6.7503605 16.0134830 -7.9021358 0.5313129 -0.6164985 0.4448216 -0.3738582
1413393996.705760 6.6766891 15.9617004 -7.9526043 0.5417920 -0.6211835 0.4342523 -0.3633422
1413393996.855761 6.6092758 15.9074202 -7.9969940 0.5518250 -0.6111702 0.4322556 -0.3675802
1413393996.955760 6.5648069 15.8677244 -8.0233822 0.5623159 -0.6005045 0.4305983 -0.3711877
1413393997.255760 6.4727125 15.7699499 -8.0812483 -0.5815588 0.5756789 -0.4248018 0.3872037
1413393997.405761 6.4467878 15.7311659 -8.1045523 -0.5828186 0.5656531 -0.4274715 0.3970229
1413393997.655761 6.4127750 15.6821213 -8.1991138 -0.5819833 0.5577825 -0.4308547 0.4056334
1413393997.755760 6.3989697 15.6689968 -8.2327414 -0.5822707 0.5579585 -0.4299984 0.4058874
1413393998.155761 6.3531828 15.6586294 -8.3141413 -0.5834155 0.5653911 -0.4300470 0.3937242
1413393998.405761 6.3332262 15.6884193 -8.3409719 -0.5764300 0.5728691 -0.4324198 0.3905926
1413393998.505760 6.3281384 15.7084370 -8.3424311 0.5732920 -0.5819960 0.4239211 -0.3910343
1413393998.655761 6.3269243 15.7426205 -8.3392963 0.5607175 -0.5919950 0.4142322 -0.4044126
1413393998.955760 6.3335934 15.7855234 -8.3560886 0.5521485 -0.5915864 0.4141378 -0.4167104
1413393999.055760 6.3363209 15.7881451 -8.3669825 0.5582583 -0.5811685 0.4288426 -0.4082708
1413393999.305760 6.3390198 15.8007793 -8.4041595 0.5726735 -0.5815603 0.4289991 -0.3870303
1413393999.455760 6.3473291 15.8181782 -8.4246445 0.5651590 -0.5945009 0.4115011 -0.3972792
1413393999.605761 6.3641682 15.8318529 -8.4424677 0.5555346 -0.5999045 0.4054518 -0.4087844
1413393999.755760 6.3888798 15.8350258 -8.4599485 0.5496277 -0.6011672 0.4037487 -0.4165265
1413393999.905761 6.4162588 15.8253603 -8.4936647 0.5477573 -0.6013100 0.4018608 -0.4205902
1413394000.005760 6.4352531 15.8107128 -8.5243988 0.5524798 -0.5918626 0.4150313 -0.4149865
1413394000.105761 6.4395227 15.8086405 -8.5238800 0.5550106 -0.5843353 0.4279503 -0.4091139
1413394000.205760 6.4368782 15.8102646 -8.5109386 0.5564248 -0.5713672 0.4504716 -0.4012561
1413394000.355761 6.4315615 15.8090878 -8.5320778 0.5398804 -0.5880018 0.4397660 -0.4115690
1413394000.455760 6.4311867 15.8064680 -8.5276709 0.5467107 -0.5823054 0.4462420 -0.4036036
1413394000.555760 6.4310760 15.8057156 -8.5309534 0.5458021 -0.5829631 0.4455010 -0.4047012
1413394001.005760 6.4313364 15.8064604 -8.5319729 0.5445643 -0.5834482 0.4448477 -0.4063845
1413394001.255760 6.4314184 15.8062229 -8.5321512 0.5449092 -0.5833792 0.4448788 -0.4059870
1413394001.505760 6.4315777 15.8061056 -8.5322418 0.5445991 -0.5834677 0.4448405 -0.4063179
1413394001.755760 6.4311285 15.8062067 -8.5323286 0.5446284 -0.5834967 0.4446856 -0.4064066
1413394002.255760 6.4310837 15.8062639 -8.5325022 0.5444132 -0.5836735 0.4445430 -0.4065967
1413394002.705760 6.4312038 15.8061666 -8.5323229 0.5443323 -0.5837970 0.4443787 -0.4067074
1413394003.155761 6.4310617 15.8062477 -8.5322475 0.5442972 -0.5840347 0.4440922 -0.4067261
1413394003.355761 6.4309883 15.8063021 -8.5321016 0.5442435 -0.5840805 0.4440246 -0.4068063
