1403715277.862143 0.5262814 0.1124139 -3.7218399 -0.8293276 0.0388518 -0.0388053 0.5560579
1403715278.862143 0.5206577 0.1671152 -3.6446037 -0.8112748 0.0482007 -0.0359655 0.5815637
1403715279.362143 0.5141150 0.2301641 -3.6052341 -0.8124791 0.0458914 -0.0384534 0.5799078
1403715282.312143 0.5046448 0.7165325 -3.4363837 -0.7388330 0.3670990 -0.2659458 0.4986353
1403715283.662143 0.5844810 1.1500297 -3.6075675 0.5791287 -0.5834057 0.4057737 -0.3994942
1403715284.262143 0.6144972 1.2844553 -3.6657560 0.5660499 -0.6016297 0.4024917 -0.3944993
1403715284.862143 0.7029070 1.3456006 -3.7021389 0.5759596 -0.5797142 0.4181495 -0.3966776
1403715285.762143 0.7768745 1.3602974 -3.5536137 0.4955115 -0.6613235 0.4353381 -0.3572119
1403715286.162143 0.8127070 1.2867839 -3.4348743 0.5056233 -0.6544594 0.4496564 -0.3373978
1403715286.612143 0.8969340 1.1933591 -3.3400598 0.5033814 -0.6529866 0.4555674 -0.3356695
1403715288.262143 1.3121717 0.9479542 -3.1233189 0.3343974 -0.7388349 0.5314676 -0.2446294
1403715289.362143 1.3201878 0.7695765 -3.2147412 0.2965318 -0.7624136 0.5439823 -0.1867558
1403715289.762143 1.3380984 0.7133162 -3.3484015 0.2473205 -0.7870808 0.5444302 -0.1514338
1403715290.262143 1.4235010 0.6513369 -3.3791766 0.2575981 -0.7846786 0.5407980 -0.1595627
1403715290.712143 1.5608728 0.5759077 -3.3309691 0.2617442 -0.7833203 0.5359530 -0.1750819
1403715291.162143 1.7351346 0.4738922 -3.3213329 0.2309740 -0.7835124 0.5439141 -0.1921381
1403715292.012143 1.8768430 0.1715105 -3.4053526 0.1940361 -0.8022192 0.5490846 -0.1315314
1403715292.212143 1.8924090 0.0797052 -3.4198649 0.2050633 -0.8011229 0.5463009 -0.1330660
1403715292.512143 1.9366395 -0.0564754 -3.4494681 0.2623602 -0.7854025 0.5365697 -0.1624904
1403715295.112143 2.2930546 -0.7252173 -3.3356166 -0.6735158 0.4603746 -0.3410605 0.4670219
1403715297.562143 2.3744407 -1.1926522 -3.5887098 -0.8207629 0.1509582 -0.0961816 0.5425025
1403715300.262143 2.6623230 -0.8759935 -3.5204864 -0.7677636 -0.2510028 0.1639418 0.5662684
1403715302.062143 2.8235843 -0.9178460 -3.5837114 -0.7751606 -0.2413787 0.1435217 0.5659186
1403715303.712143 2.6353996 -1.4197819 -3.6394444 -0.7279331 -0.3730849 0.2439305 0.5209789
1403715303.812143 2.6067138 -1.4362192 -3.6404891 -0.7155460 -0.3906171 0.2655978 0.5146554
1403715303.962143 2.5661020 -1.4618773 -3.6424851 -0.6989401 -0.4105804 0.2924632 0.5073183
1403715304.312143 2.5000575 -1.5133796 -3.6574659 -0.6892341 -0.4260436 0.3127159 0.4956328
1403715304.812143 2.4721072 -1.5615387 -3.7488351 -0.6950504 -0.4217254 0.2917678 0.5039090
1403715305.812143 2.4770145 -1.6798453 -3.6134131 -0.6959018 -0.4330580 0.3003611 0.4878162
1403715307.812143 2.9702342 -1.6439867 -3.4168029 -0.8137521 -0.1527320 0.0827693 0.5546438
1403715308.212143 3.0558791 -1.6861181 -3.5178046 -0.8243116 -0.0758010 0.0162670 0.5608031
1403715308.712143 3.0769012 -1.6746519 -3.6038704 -0.8275443 -0.0172029 -0.0006857 0.5611364
1403715309.212143 3.0877376 -1.5776377 -3.5560529 -0.8213305 -0.0146355 0.0278010 0.5695868
1403715312.112143 4.0389619 -1.3319533 -3.4183619 -0.8236559 0.0436991 -0.0447924 0.5636267
1403715312.262143 4.1009374 -1.2925417 -3.4083765 -0.8231449 0.0449759 -0.0515764 0.5636927
1403715312.362143 4.1400042 -1.2642498 -3.4006765 -0.8231106 0.0499218 -0.0496426 0.5635002
1403715312.512143 4.1979403 -1.2190790 -3.3936298 -0.8208052 0.0559950 -0.0462086 0.5665759
1403715313.612143 4.4612026 -1.0489311 -3.2886956 -0.8145003 0.0267802 -0.0496824 0.5774113
1403715314.662143 4.3886309 -1.0852783 -3.1741729 -0.8113714 0.1362502 -0.1238388 0.5547759
1403715317.162143 3.8720400 -0.8605423 -3.3413949 -0.7040670 0.4149999 -0.3096447 0.4859886
1403715317.562143 3.8242328 -0.7472229 -3.4066393 -0.6498533 0.5011252 -0.3578319 0.4455566
1403715318.062143 3.7677166 -0.6273870 -3.4558280 0.5667565 -0.5946177 0.3943271 -0.4119746
1403715318.562143 3.7273173 -0.6355104 -3.5118895 0.5424159 -0.6230465 0.4272655 -0.3674809
1403715318.962143 3.7459502 -0.6949260 -3.5634584 0.5137142 -0.6660104 0.4409052 -0.3132578
1403715319.212143 3.8202536 -0.7398920 -3.5866814 0.4801678 -0.6765314 0.4737050 -0.2955466
1403715319.512143 3.9490447 -0.7772286 -3.6053071 0.4329620 -0.6985465 0.5024330 -0.2685850
1403715320.062143 4.2453036 -0.7682745 -3.5204687 0.3882814 -0.7231249 0.5162364 -0.2445974
1403715320.362143 4.4314995 -0.7417881 -3.4478860 0.3329807 -0.7361844 0.5458255 -0.2218804
1403715320.612143 4.5755653 -0.7033114 -3.3946013 0.2543338 -0.7670260 0.5557398 -0.1952918
1403715320.812143 4.6682887 -0.6645133 -3.3552961 0.1926883 -0.7855373 0.5579751 -0.1856509
1403715321.062143 4.7324142 -0.6175601 -3.3225932 0.1619773 -0.8010734 0.5504206 -0.1705340
1403715321.562143 4.7151699 -0.5959826 -3.2809291 0.1635946 -0.8048970 0.5485623 -0.1563874
1403715321.862143 4.6295953 -0.6334536 -3.2543964 0.1565926 -0.7949823 0.5643089 -0.1582322
1403715322.212143 4.4381475 -0.6944835 -3.2247212 0.1428538 -0.8062412 0.5603123 -0.1249726
1403715322.612143 4.1658401 -0.7908030 -3.2433934 0.1178495 -0.8234765 0.5517458 -0.0597883
1403715322.762143 4.0782018 -0.8370023 -3.2757084 0.1097300 -0.8256311 0.5510060 -0.0518170
1403715323.212143 3.8874681 -1.0335231 -3.2882078 0.1136457 -0.8227175 0.5554975 -0.0405352
1403715323.662143 3.8259108 -1.2924144 -3.2947841 0.1120278 -0.8120768 0.5710100 -0.0439167
1403715324.062143 3.8621447 -1.4983282 -3.2268565 0.1018608 -0.7660699 0.6320121 -0.0576373
1403715324.562143 3.9122148 -1.4964046 -3.1587424 0.0863979 -0.8123968 0.5694416 -0.0910125
1403715325.062143 3.8804810 -1.4672964 -3.1017723 0.1068922 -0.8009882 0.5855564 -0.0641542
1403715325.562143 3.8480999 -1.3887296 -3.0890412 0.1037594 -0.8105457 0.5706785 -0.0810907
1403715326.512143 3.6156480 -1.3311868 -3.1257782 0.1011252 -0.7967300 0.5927017 -0.0608265
1403715327.312143 3.3791080 -1.1984391 -3.2036095 0.0724952 -0.8200358 0.5625446 -0.0763489
1403715327.712143 3.1891787 -1.1620476 -3.2282698 0.0953269 -0.8204342 0.5585173 -0.0765446
1403715328.212143 2.9302621 -1.1890495 -3.2678392 0.1720454 -0.7957817 0.5708114 -0.1063312
1403715328.512143 2.7931569 -1.2038341 -3.2792277 0.1722190 -0.7865307 0.5850841 -0.0968851
1403715328.962143 2.6542830 -1.1441417 -3.2969291 0.2104375 -0.7930143 0.5571280 -0.1282685
1403715329.962143 2.5501299 -1.0076630 -3.4051478 0.3321236 -0.7500995 0.5237131 -0.2297154
1403715330.462143 2.5408862 -0.9898241 -3.5044522 0.3448045 -0.7477021 0.5185770 -0.2304983
1403715331.462143 2.4884119 -1.0339501 -3.3164701 0.4342138 -0.6954759 0.4846515 -0.3047696
1403715332.362143 2.3792067 -1.2264299 -3.1433671 0.4220023 -0.7074865 0.4714758 -0.3147819
1403715332.862143 2.3725548 -1.4216135 -3.1158910 0.4451631 -0.6949704 0.4678999 -0.3160946
1403715333.112143 2.3874385 -1.5499194 -3.0902572 0.4508418 -0.6580757 0.4941816 -0.3456336
1403715334.962143 2.0972834 -2.3657017 -3.1348929 0.5184691 -0.6384705 0.4462544 -0.3527072
1403715335.362143 2.1006308 -2.5454149 -3.1425183 0.5267608 -0.6324868 0.4439031 -0.3541660
1403715335.612143 2.1182518 -2.6448798 -3.1464896 0.5367454 -0.6235887 0.4330433 -0.3681236
1403715335.962143 2.1629565 -2.7790291 -3.1569667 0.5590031 -0.6012747 0.4200700 -0.3866853
1403715336.462143 2.2375262 -2.9653163 -3.1759584 0.5710957 -0.5851461 0.4176702 -0.3962391
1403715336.662143 2.2650454 -3.0345929 -3.1780441 0.5724120 -0.5857044 0.4159318 -0.3953426
1403715336.912143 2.3043683 -3.1163278 -3.1736379 0.5718472 -0.5852690 0.4184696 -0.3941246
1403715337.212143 2.3559144 -3.1966639 -3.1493690 -0.5841570 0.5772796 -0.4115722 0.3951167
1403715337.512143 2.4200737 -3.2576778 -3.1204779 -0.6014342 0.5652205 -0.3785806 0.4189027
1403715337.912143 2.5436628 -3.3633070 -3.0904491 -0.6090147 0.5486461 -0.3832533 0.4256825
1403715338.412143 2.7127354 -3.4973509 -3.0588241 -0.6059566 0.5490991 -0.3770742 0.4348814
1403715338.812143 2.8381073 -3.6200714 -3.0330496 -0.6468100 0.4999122 -0.3506563 0.4569079
1403715339.212143 2.9641893 -3.7597909 -3.0185871 -0.6741716 0.4734352 -0.3390481 0.4543108
1403715339.562143 3.0917013 -3.8616345 -3.0294881 -0.6672029 0.4735159 -0.3383636 0.4649011
1403715339.862143 3.2021706 -3.9405568 -3.0662441 -0.6721157 0.4687744 -0.3615927 0.4447041
1403715340.362143 3.3320470 -3.9361660 -3.0836852 -0.7059052 0.4153723 -0.3210973 0.4754581
1403715340.662143 3.3781879 -3.8667533 -3.0421824 -0.7330680 0.3768359 -0.2674778 0.4990607
1403715340.862143 3.4211245 -3.8167841 -3.0218496 -0.7386531 0.3718874 -0.2515517 0.5028053
1403715341.062143 3.4782467 -3.7686357 -3.0047545 -0.7355598 0.3801344 -0.2436769 0.5050457
1403715341.212143 3.5336854 -3.7353828 -2.9954929 -0.7300329 0.3786099 -0.2582098 0.5069854
1403715341.412143 3.6138356 -3.6967220 -2.9749241 -0.7183118 0.3814183 -0.2762320 0.5120978
1403715341.812143 3.7501931 -3.6362994 -2.9422853 -0.7170413 0.3741440 -0.3126949 0.4980863
1403715342.062143 3.7971365 -3.5813074 -2.9302645 -0.7204055 0.3850579 -0.2930854 0.4968375
1403715342.412143 3.8439648 -3.4929709 -2.9244175 -0.7313679 0.3858939 -0.2642962 0.4963211
1403715342.762143 3.9144549 -3.3935864 -2.9252789 -0.7608191 0.3193832 -0.2566435 0.5032721
1403715343.012143 3.9643791 -3.2953660 -2.9197021 -0.7626551 0.3041675 -0.2297546 0.5225440
1403715343.312143 4.0270014 -3.1690300 -2.9303944 -0.7649179 0.2969021 -0.2196076 0.5277521
1403715343.612143 4.0941153 -3.0392704 -2.9564548 -0.7703427 0.2973706 -0.2219601 0.5185331
1403715343.912143 4.1667123 -2.8871093 -2.9724064 -0.7634604 0.2942134 -0.2361692 0.5242050
1403715344.162143 4.2116671 -2.7446640 -2.9749782 -0.7648995 0.2782631 -0.2218057 0.5369364
1403715344.412143 4.2315516 -2.6050513 -2.9831302 -0.7694890 0.2348949 -0.2228301 0.5505067
1403715345.162143 4.0203295 -2.1833806 -3.0382967 -0.7773538 0.2195310 -0.1927299 0.5571199
1403715347.362143 2.8635268 -1.1917443 -3.1069970 -0.7847981 0.2346087 -0.1799452 0.5446748
1403715348.262143 2.4910169 -0.9247630 -3.0370588 -0.8076282 0.1156498 -0.0580344 0.5753207
1403715348.762143 2.4145288 -0.8341804 -3.1170015 -0.8174228 0.0584769 -0.0091360 0.5729896
1403715350.262143 2.8153391 -0.7645535 -3.4728348 -0.8218343 -0.0874305 0.0469327 0.5610183
1403715350.762143 2.9350796 -0.7455659 -3.5623853 -0.8309524 -0.0973882 0.0315371 0.5468448
1403715351.262143 2.8979638 -0.6097746 -3.6066091 -0.8243693 -0.1012146 0.0322526 0.5559953
1403715352.962143 2.2007742 -0.1395898 -3.5131817 -0.7922392 -0.1604279 0.1170254 0.5769964
1403715354.412143 1.9684294 -0.0099483 -3.5576985 -0.8006645 -0.1874048 0.1368266 0.5523534
1403715354.912143 1.9311571 0.0428681 -3.5583107 -0.7999177 -0.1905492 0.1322888 0.5534640
1403715355.512143 1.9017543 0.1419597 -3.4156823 -0.7809607 -0.2515142 0.1723104 0.5451149
1403715356.012143 1.8938727 0.2302694 -3.3365374 -0.7581882 -0.3180387 0.2031153 0.5317388
1403715356.262143 1.8758847 0.2762220 -3.3065054 -0.7576571 -0.3234400 0.1832095 0.5364479
1403715356.562143 1.8175862 0.3108094 -3.2838061 -0.7743650 -0.3016533 0.1827264 0.5253333
1403715356.762143 1.7588968 0.3305845 -3.2823958 -0.7733104 -0.3008691 0.1993713 0.5212677
1403715357.512143 1.5216589 0.4927804 -3.2092915 -0.7131547 -0.4075627 0.2660604 0.5044946
1403715357.662143 1.4690129 0.5366905 -3.1981401 -0.7106824 -0.4156218 0.2628162 0.5031071
1403715357.812143 1.4148517 0.5752230 -3.1870146 -0.7037932 -0.4212588 0.2585498 0.5102628
1403715358.112143 1.2890270 0.6221189 -3.1807005 -0.7046697 -0.4284814 0.2476712 0.5084323
1403715358.562143 1.0229335 0.6420679 -3.1925561 -0.6989583 -0.4372101 0.2604527 0.5024630
1403715358.862143 0.8119167 0.6239917 -3.2023385 -0.6803322 -0.4413873 0.3070135 0.4980643
1403715358.962143 0.7448273 0.6148751 -3.2071562 -0.6753236 -0.4435153 0.3166515 0.4969548
1403715359.062143 0.6812698 0.6058099 -3.2163010 -0.6745881 -0.4475322 0.3211025 0.4914662
1403715359.212143 0.5934789 0.5929439 -3.2305574 -0.6705263 -0.4505428 0.3247750 0.4918606
1403715359.612143 0.4076962 0.5442810 -3.2624421 -0.6635372 -0.4566707 0.3083947 0.5060266
1403715360.012143 0.2703134 0.4345629 -3.2535708 -0.6782615 -0.4485720 0.3144887 0.4897361
1403715360.112143 0.2424561 0.4033608 -3.2496467 -0.6798546 -0.4500654 0.3127378 0.4872721
1403715360.312143 0.1906929 0.3419874 -3.2405438 -0.6820635 -0.4494686 0.3105246 0.4861500
1403715360.462143 0.1546465 0.3001981 -3.2308168 -0.6955481 -0.4290045 0.3169383 0.4813711
1403715360.612143 0.1233078 0.2701874 -3.2229595 -0.7115243 -0.4023309 0.3130815 0.4835733
1403715360.712143 0.1066279 0.2598722 -3.2173607 -0.7198390 -0.3862749 0.2999971 0.4925701
1403715361.112143 0.0728815 0.2584531 -3.1890297 -0.7544828 -0.3182618 0.2149005 0.5322433
1403715361.312143 0.0585669 0.2638133 -3.1746724 -0.7728051 -0.2758645 0.1775139 0.5432862
1403715362.012143 -0.0537766 0.2639961 -3.1790693 -0.8115789 -0.1621718 0.0919854 0.5536955
1403715362.112143 -0.0791338 0.2696943 -3.1865559 -0.8145605 -0.1422984 0.0772104 0.5570287
1403715362.212143 -0.1061151 0.2786434 -3.1958001 -0.8176467 -0.1208552 0.0590561 0.5597859
1403715362.312143 -0.1351483 0.2912374 -3.2062793 -0.8199546 -0.0976967 0.0392778 0.5626609
1403715362.512143 -0.2032062 0.3212051 -3.2304010 -0.8228391 -0.0455528 0.0013950 0.5664440
1403715362.612143 -0.2427162 0.3381982 -3.2427197 -0.8238404 -0.0195090 -0.0173718 0.5662194
1403715362.912143 -0.3815825 0.4018910 -3.2587452 -0.8171227 0.0769288 -0.0363578 0.5701496
1403715363.112143 -0.4612691 0.4471726 -3.2545695 -0.8024889 0.1349628 -0.0392899 0.5798731
1403715363.812143 -0.4568992 0.4936414 -3.2075882 -0.7807665 0.2383808 -0.1549899 0.5563780
1403715364.162143 -0.3741846 0.4708130 -3.1720748 -0.7482799 0.3131394 -0.2198623 0.5419239
1403715364.662143 -0.2847236 0.3878193 -3.1064863 -0.7355621 0.3550156 -0.2286022 0.5297673
1403715365.162143 -0.1655641 0.2542455 -3.0293450 -0.7261466 0.3773977 -0.2843013 0.4994546
1403715365.462143 -0.1148998 0.1925206 -2.9831960 -0.7051204 0.4050195 -0.3077509 0.4940182
1403715365.712143 -0.0875324 0.1477640 -2.9527962 -0.6760771 0.4485251 -0.3241757 0.4864722
1403715367.762143 0.1009747 -0.6989841 -2.8498266 -0.6629874 0.5027794 -0.3293778 0.4462858
1403715368.012143 0.2161026 -0.8101053 -2.8266981 -0.6595502 0.4927900 -0.3412590 0.4535347
1403715368.962143 0.6613433 -1.3230186 -2.8314333 -0.6498941 0.4927428 -0.3542550 0.4575431
1403715370.312143 1.2379627 -1.9640861 -2.8567138 -0.7487478 0.3424754 -0.2610576 0.5039209
1403715370.812143 1.4749758 -2.0458889 -2.8626328 -0.7355908 0.3604429 -0.2553732 0.5135872
1403715371.312143 1.7220111 -2.1186111 -2.8818426 -0.7569296 0.3692007 -0.2532459 0.4760410
1403715373.062143 2.9833083 -2.0676558 -2.8596334 -0.7555485 0.3098119 -0.2181684 0.5343835
1403715373.562143 3.3341317 -2.0626400 -2.8369470 -0.7556089 0.3062069 -0.2271037 0.5326505
1403715374.062143 3.6023440 -2.0381916 -2.8289061 -0.7845476 0.2215462 -0.1812030 0.5500616
1403715375.562143 3.9983058 -1.6027555 -2.8231001 -0.8096148 0.1397846 -0.1174629 0.5578410
1403715376.412143 4.0117760 -1.1713719 -2.8783576 -0.7878711 0.1466324 -0.1210301 0.5857558
1403715376.612143 3.9958267 -1.0945747 -2.9053884 -0.7967715 0.1378905 -0.1273633 0.5743867
1403715377.012143 3.9205928 -0.9662790 -2.9470725 -0.7876469 0.1258747 -0.1234137 0.5903703
1403715377.212143 3.8586633 -0.9258573 -2.9683657 -0.7975074 0.1184136 -0.1214411 0.5789751
1403715377.612143 3.6844602 -0.8782759 -2.9979687 -0.7988188 0.1145211 -0.1102832 0.5801819
1403715377.812143 3.5782433 -0.8693314 -3.0159450 -0.8025003 0.1150171 -0.1082710 0.5753623
1403715379.762143 2.6826167 -0.8146081 -3.0526061 -0.8214030 0.1083899 -0.1161151 0.5477828
1403715380.212143 2.4438002 -0.6536376 -3.0162201 -0.8062512 0.1142444 -0.1107043 0.5697823
1403715381.312143 1.7486147 -0.3144813 -2.9588394 -0.8027834 0.1249815 -0.1048970 0.5735111
1403715381.562143 1.5841379 -0.2651577 -2.9550862 -0.7982982 0.1333778 -0.1074840 0.5773884
1403715383.962143 0.5002444 0.6284308 -3.0612314 -0.7203527 0.3941859 -0.2703963 0.5025886
1403715384.762143 0.5120118 0.9047189 -3.0873275 -0.6143723 0.5557665 -0.3638710 0.4257560
1403715385.262143 0.6050392 0.9579105 -3.0698047 0.5710492 -0.5956915 0.4103526 -0.3881563
1403715386.762143 0.9575695 0.7711155 -2.9650805 0.5400470 -0.5981984 0.4233338 -0.4138798
1403715389.262143 1.1524122 -0.9107826 -3.1293225 -0.5835503 0.5705740 -0.4154285 0.4016635
1403715389.762143 1.2579676 -1.2227159 -3.0898092 -0.5905513 0.5632327 -0.4043288 0.4129606
1403715390.262143 1.3717248 -1.4912302 -3.1080720 -0.6555076 0.5120282 -0.3556136 0.4262346
1403715391.262143 1.8231571 -1.7324300 -3.1791019 -0.7272164 0.4013485 -0.2644561 0.4900395
1403715391.762143 2.1816111 -1.7588544 -3.1888447 -0.7311567 0.3839673 -0.2459044 0.5074545
1403715392.262143 2.6240811 -1.7841470 -3.0686445 -0.7569788 0.3394264 -0.2345033 0.5067358
1403715392.612143 2.9560585 -1.7622464 -2.9937081 -0.7562531 0.2790510 -0.2177176 0.5502825
1403715392.912143 3.2021372 -1.7610474 -2.9596634 -0.7820546 0.2235814 -0.1795360 0.5533253
1403715393.712143 3.6471591 -1.7224822 -2.9341860 -0.8116975 0.0185642 -0.0620260 0.5804785
1403715394.212143 3.7251496 -1.6990118 -2.9497097 -0.8133433 -0.0953377 0.0489916 0.5718244
1403715394.512143 3.7420030 -1.6905005 -2.9591773 -0.7905933 -0.1809188 0.1013026 0.5761670
1403715395.012143 3.7281060 -1.7417767 -2.9777696 -0.7528012 -0.3232775 0.2040842 0.5358467
1403715395.412143 3.6873496 -1.8128970 -2.9942713 -0.7023064 -0.4295817 0.2753625 0.4963878
1403715395.912143 3.5858707 -1.9038472 -3.0562162 -0.6552272 -0.5018818 0.3297150 0.4583447
1403715396.412143 3.4372859 -1.9480259 -3.1152246 -0.6496334 -0.4990986 0.3456761 0.4575862
1403715396.912143 3.3038712 -1.9636338 -3.1742821 -0.6292740 -0.5272169 0.3533548 0.4485498
1403715397.412143 3.1375999 -1.9875939 -3.2585754 -0.6434421 -0.5336816 0.3672405 0.4077997
1403715398.212143 2.7078390 -1.7735333 -3.3182387 -0.6123574 -0.5192617 0.3805171 0.4589037
1403715398.712143 2.5387521 -1.6195982 -3.3697171 -0.6134233 -0.5176728 0.3617156 0.4742241
1403715399.212143 2.4917097 -1.5931976 -3.3930378 -0.6077079 -0.5188088 0.3594249 0.4820189
1403715400.212143 2.5892932 -1.9350533 -3.3851576 -0.6503957 -0.5161809 0.3162436 0.4588385
1403715400.662143 2.4876111 -2.1707749 -3.3586037 -0.7054628 -0.4401734 0.2634142 0.4890631
1403715400.862143 2.4064782 -2.2870960 -3.3563752 -0.7390720 -0.3843525 0.2435851 0.4967012
1403715401.062143 2.3103566 -2.3938167 -3.3617191 -0.7655227 -0.3430445 0.2272464 0.4946257
1403715401.262143 2.2069907 -2.4786961 -3.3628759 -0.7734961 -0.3314494 0.2071162 0.4989469
1403715401.462143 2.0805354 -2.5369503 -3.3547778 -0.7718860 -0.3262681 0.2000619 0.5076577
1403715401.662143 1.9378235 -2.5748651 -3.3327794 -0.7659048 -0.3155812 0.2114260 0.5187458
1403715401.862143 1.7891324 -2.5872571 -3.3086772 -0.7659714 -0.2889085 0.2231627 0.5291672
1403715402.062143 1.6591442 -2.5865104 -3.2920129 -0.7635444 -0.2927494 0.2047578 0.5379331
1403715402.212143 1.5679454 -2.5835896 -3.2779012 -0.7519634 -0.2912756 0.2043075 0.5549487
1403715402.412143 1.4623466 -2.5844278 -3.2704837 -0.7553062 -0.2853717 0.1841425 0.5605061
1403715402.612143 1.3644044 -2.5938287 -3.2684762 -0.7560344 -0.2716709 0.1542974 0.5751516
1403715402.762143 1.2866335 -2.6165473 -3.2669783 -0.7603586 -0.2587499 0.1493995 0.5767000
1403715402.912143 1.2078223 -2.6557565 -3.2649195 -0.7729471 -0.2418178 0.1590432 0.5646082
1403715403.062143 1.1311338 -2.6981506 -3.2651644 -0.7893280 -0.2306512 0.1643369 0.5447521
1403715403.362143 0.9926312 -2.7496643 -3.2553859 -0.8023545 -0.2301706 0.1577171 0.5276118
1403715403.512143 0.9252026 -2.7495353 -3.2461550 -0.8010766 -0.2248018 0.1478941 0.5346661
1403715403.662143 0.8570527 -2.7335525 -3.2395620 -0.8064444 -0.2053245 0.1342762 0.5380141
1403715403.862143 0.7669842 -2.6932592 -3.2341127 -0.8204316 -0.1656589 0.1149392 0.5350122
1403715404.012143 0.7011400 -2.6431441 -3.2271552 -0.8262364 -0.1351582 0.0961768 0.5383455
1403715404.162143 0.6404700 -2.5781388 -3.2167711 -0.8232761 -0.1106385 0.0691904 0.5524385
1403715404.312143 0.5802075 -2.5038314 -3.2085381 -0.8194495 -0.0952547 0.0386726 0.5638559
1403715404.512143 0.4881396 -2.4075286 -3.2023242 -0.8166441 -0.0830761 0.0184432 0.5708334
1403715404.712143 0.3785808 -2.3121483 -3.2069583 -0.8140272 -0.0725228 0.0206195 0.5759122
1403715404.862143 0.2905597 -2.2451019 -3.2152791 -0.8140797 -0.0604237 0.0276069 0.5769413
1403715405.012143 0.2045281 -2.1791346 -3.2238252 -0.8121394 -0.0394729 0.0248931 0.5815943
1403715405.162143 0.1244284 -2.1165609 -3.2338252 -0.8122084 -0.0039874 0.0165419 0.5831192
1403715405.312143 0.0550518 -2.0604491 -3.2454667 -0.8142931 0.0387265 -0.0042697 0.5791450
1403715405.462143 -0.0003068 -2.0086985 -3.2583270 -0.8157495 0.0784098 -0.0344493 0.5720297
1403715405.612143 -0.0446361 -1.9599316 -3.2706249 -0.8143140 0.1167118 -0.0667414 0.5646384
1403715405.762143 -0.0805944 -1.9121640 -3.2838535 -0.8140908 0.1477685 -0.1033717 0.5520279
1403715405.962143 -0.1223531 -1.8406603 -3.3017256 -0.8062543 0.1951272 -0.1399463 0.5406427
1403715406.162143 -0.1576251 -1.7607634 -3.3209193 -0.7843865 0.2451841 -0.1759561 0.5419059
1403715406.362143 -0.1876609 -1.6806018 -3.3539305 -0.7668792 0.2956768 -0.2042818 0.5317335
1403715406.562143 -0.2108836 -1.6032078 -3.3891852 -0.7505292 0.3467484 -0.2230789 0.5164371
1403715406.762143 -0.2174931 -1.5315614 -3.4283671 -0.7305402 0.3878619 -0.2494868 0.5036175
1403715406.962143 -0.2082689 -1.4696426 -3.4644740 -0.7083587 0.4217777 -0.2832015 0.4900290
1403715407.162143 -0.1853936 -1.4121280 -3.4958944 -0.6890837 0.4586911 -0.3049557 0.4709227
1403715407.362143 -0.1528964 -1.3579984 -3.5237567 -0.6857175 0.4845093 -0.3122807 0.4444357
1403715407.562143 -0.0945323 -1.2988553 -3.5339656 -0.6801919 0.4900899 -0.3213706 0.4403088
1403715407.762143 -0.0194216 -1.2363565 -3.5219221 -0.6783549 0.4781598 -0.3399592 0.4422959
1403715407.962143 0.0705497 -1.1612520 -3.5215158 -0.6781372 0.4710911 -0.3446171 0.4465896
1403715410.862143 0.7614487 -0.3564167 -3.2401016 -0.7405671 0.3215934 -0.2579885 0.5306411
1403715411.862143 0.7463468 -0.2103121 -3.2939796 -0.7514350 0.3092044 -0.2266499 0.5369988
1403715412.362143 0.7048504 -0.2312498 -3.3219194 -0.7556512 0.3107828 -0.2238409 0.5313196
1403715412.662143 0.6766460 -0.2527337 -3.3337731 -0.7595598 0.3132430 -0.2223149 0.5249038
1403715412.912143 0.6610595 -0.2644229 -3.3383482 -0.7627248 0.3130129 -0.2229462 0.5201625
1403715413.362143 0.6448590 -0.2644610 -3.4083772 -0.7549060 0.3143776 -0.2238196 0.5302720
1403715413.762143 0.6321748 -0.2772326 -3.5011847 -0.7525583 0.3131159 -0.2275169 0.5327762
1403715414.162143 0.6101066 -0.3079000 -3.5734439 -0.7581682 0.3114080 -0.2310289 0.5242438
1403715414.362143 0.5915476 -0.3164639 -3.5627177 -0.7693526 0.3167973 -0.2255421 0.5068201
1403715414.562143 0.5830081 -0.3051586 -3.5551157 -0.7670007 0.3139921 -0.2299168 0.5101540
1403715414.762143 0.5752912 -0.2784967 -3.5682845 -0.7570275 0.3151962 -0.2302195 0.5239843
1403715414.962143 0.5666143 -0.2477970 -3.5984502 -0.7482560 0.3305076 -0.2144754 0.5337397
1403715415.162143 0.5651938 -0.2308459 -3.6316767 -0.7415827 0.3412645 -0.2078559 0.5388782
1403715415.562143 0.5938090 -0.2435946 -3.6872540 -0.7469776 0.3249673 -0.2500861 0.5233333
1403715415.962143 0.5934420 -0.2391810 -3.7179651 -0.7441166 0.3237512 -0.2572811 0.5246735
1403715416.362143 0.5919259 -0.2366376 -3.7112401 -0.7468806 0.3253503 -0.2560540 0.5203393
1403715416.762143 0.5907339 -0.2371044 -3.7108901 -0.7471707 0.3260696 -0.2552318 0.5198764
1403715417.162143 0.5898864 -0.2383142 -3.7132823 -0.7471908 0.3262435 -0.2551104 0.5197978
1403715417.562143 0.5879747 -0.2391438 -3.7119412 -0.7469858 0.3263383 -0.2550636 0.5200560
1403715417.962143 0.5876012 -0.2398386 -3.7116008 -0.7469707 0.3264236 -0.2550120 0.5200495
1403715418.312143 0.5875505 -0.2402596 -3.7114396 -0.7469348 0.3265381 -0.2550241 0.5200230
1403715418.512143 0.5875115 -0.2409391 -3.7109840 -0.7468790 0.3265307 -0.2550358 0.5201023
