1403715277862142976.000000 0.590685248 0.105830543 -3.698250532 -0.614117384 -0.560446143 -0.409448326 0.375648856
1403715278862142976.000000 0.585240424 0.158317000 -3.622258186 -0.607592523 -0.541364253 -0.425585926 0.395768523
1403715279362142976.000000 0.578558922 0.221522123 -3.582431555 -0.606868744 -0.543856025 -0.426165611 0.392828077
1403715282312143104.000000 0.542688906 0.664320648 -3.412420750 -0.782833576 -0.264278024 -0.534424365 0.178099051
1403715283662142976.000000 0.583565593 1.084898829 -3.585099936 0.823102057 -0.001833719 0.567795277 -0.010396292
1403715284262142976.000000 0.611406088 1.218894362 -3.644783020 0.826578856 -0.024070486 0.562230170 -0.009232008
1403715284862142976.000000 0.700856924 1.280905604 -3.678516626 0.818405867 -0.001362323 0.574638844 0.000357905
1403715285762142976.000000 0.760175288 1.296362638 -3.534091234 0.818856835 -0.116229385 0.560660839 0.040294722
1403715286162142976.000000 0.795884192 1.224074602 -3.411805153 0.821545601 -0.104341716 0.556796134 0.064450413
1403715286612143104.000000 0.879517436 1.130985975 -3.316524267 0.818990648 -0.104838543 0.559805810 0.069862276
1403715288262142976.000000 1.268414736 0.899395645 -3.101523161 0.760365903 -0.284944355 0.552417874 0.188374519
1403715289362142976.000000 1.271247864 0.727811992 -3.190078020 0.750518024 -0.328822821 0.521298528 0.238424450
1403715289762142976.000000 1.284404039 0.677570105 -3.324177980 0.733051956 -0.381294906 0.497536927 0.264018983
1403715290262142976.000000 1.370791435 0.614040494 -3.355128050 0.738586187 -0.372314185 0.500527799 0.255625844
1403715290712142848.000000 1.508721113 0.536973238 -3.308342457 0.740415812 -0.368311465 0.507913411 0.241153836
1403715291162142976.000000 1.680404186 0.436557710 -3.302402020 0.718584955 -0.389800936 0.525877833 0.234826505
1403715292012142848.000000 1.818827391 0.141807541 -3.383001089 0.705923021 -0.429643631 0.487561882 0.281713426
1403715292212142848.000000 1.835252047 0.048798025 -3.396941185 0.712967336 -0.421129704 0.486531675 0.278593391
1403715292512142848.000000 1.884438872 -0.094558835 -3.425543070 0.742419183 -0.369489819 0.499526083 0.250528961
1403715295112143104.000000 2.314537048 -0.786083400 -3.311502457 -0.802796900 -0.152248174 -0.567148566 0.103344694
1403715297562142976.000000 2.435863495 -1.214985609 -3.566889524 -0.687394679 -0.474882215 -0.441758990 0.326840281
1403715300262142976.000000 2.716002703 -0.840268135 -3.496199608 -0.364651561 -0.722251773 -0.270608932 0.521682322
1403715302062142976.000000 2.878127575 -0.884321749 -3.558239698 -0.376891255 -0.720741212 -0.284905285 0.507261395
1403715303712142848.000000 2.674711227 -1.368719339 -3.615054369 -0.250118017 -0.780167937 -0.181328177 0.543966115
1403715303812143104.000000 2.643216848 -1.382770777 -3.616857529 -0.228812560 -0.783730090 -0.161451906 0.554387391
1403715303962142976.000000 2.599085808 -1.405799627 -3.619791031 -0.202749357 -0.786012530 -0.137187243 0.567676425
1403715304312143104.000000 2.529978037 -1.455197334 -3.635849953 -0.184861928 -0.789937139 -0.114543639 0.573328137
1403715304812143104.000000 2.503665209 -1.504958272 -3.725374460 -0.192191258 -0.791191161 -0.135245085 0.564612985
1403715305812143104.000000 2.506363153 -1.621708512 -3.590909004 -0.184878930 -0.799625754 -0.117734581 0.559068084
1403715307812143104.000000 3.030724287 -1.621852279 -3.392335176 -0.467312902 -0.685029447 -0.320545167 0.457825363
1403715308212142848.000000 3.119009018 -1.676760316 -3.491829395 -0.529471755 -0.638218820 -0.372719228 0.416433454
1403715308712142848.000000 3.141626358 -1.672671437 -3.580324650 -0.573071301 -0.598882020 -0.385446191 0.405414492
1403715309212142848.000000 3.153491735 -1.574271679 -3.535737753 -0.570082605 -0.592561901 -0.371170253 0.431403428
1403715312112143104.000000 4.103127956 -1.339917064 -3.394551039 -0.613483489 -0.553138912 -0.419121325 0.376845747
1403715312262142976.000000 4.164786339 -1.301137090 -3.383940935 -0.614086330 -0.551923811 -0.424015075 0.372141629
1403715312362142976.000000 4.204012394 -1.273237586 -3.376805305 -0.617513835 -0.548359752 -0.422540933 0.373413175
1403715312512142848.000000 4.262172699 -1.228656769 -3.370605469 -0.620073795 -0.542421877 -0.422324389 0.378059834
1403715313612143104.000000 4.524824142 -1.056203842 -3.263258457 -0.595034301 -0.558947623 -0.432243526 0.382984847
1403715314662142976.000000 4.448328495 -1.108448625 -3.148736477 -0.670579493 -0.479110211 -0.470057368 0.315947354
1403715317162142976.000000 3.901397228 -0.917935908 -3.317068338 -0.792240798 -0.205965012 -0.557410538 0.138659924
1403715317562142976.000000 3.839535475 -0.810191572 -3.383220673 -0.814880431 -0.106520146 -0.564594030 0.076531053
1403715318062142976.000000 3.766216516 -0.693487763 -3.436434746 0.821941078 -0.018459454 0.568616390 -0.027341077
1403715318562142976.000000 3.718160629 -0.699960828 -3.489307165 0.825242043 -0.056003656 0.561329544 0.027355509
1403715318962142976.000000 3.729392529 -0.757162273 -3.538960457 0.835508943 -0.107212663 0.533626437 0.075320557
1403715319212142848.000000 3.797270536 -0.799518585 -3.560911179 0.819477737 -0.138181210 0.544994116 0.111101709
1403715319512142848.000000 3.918094635 -0.832992792 -3.579228401 0.801811576 -0.187051043 0.547202051 0.150599152
1403715320062142976.000000 4.207871437 -0.820314705 -3.495203733 0.787563384 -0.236058444 0.540859401 0.177458346
1403715320362142976.000000 4.386738777 -0.788056850 -3.423322439 0.757822871 -0.284178704 0.546675265 0.214693099
1403715320612143104.000000 4.522649765 -0.742087066 -3.373528957 0.723754764 -0.361540556 0.536142051 0.240871891
1403715320812143104.000000 4.610302448 -0.697561741 -3.338177681 0.692932725 -0.418070138 0.531758666 0.249588460
1403715321062142976.000000 4.672256947 -0.647145927 -3.306674004 0.681996942 -0.450905055 0.516211510 0.255128443
1403715321562142976.000000 4.655055523 -0.624785364 -3.263484716 0.685921669 -0.452656418 0.504972875 0.263848513
1403715321862142976.000000 4.568844795 -0.661015868 -3.237152576 0.674127579 -0.450367123 0.517480910 0.273742735
1403715322212142848.000000 4.376581192 -0.718511879 -3.205230474 0.672456682 -0.468408167 0.491525084 0.294616580
1403715322612143104.000000 4.103707314 -0.808083892 -3.219133139 0.667153478 -0.498982072 0.440075278 0.335047603
1403715322762142976.000000 4.015806198 -0.852942228 -3.251206398 0.662935674 -0.506304085 0.434056312 0.340246409
1403715323212142848.000000 3.825529575 -1.048761368 -3.262148619 0.663814306 -0.501564741 0.429274976 0.351434767
1403715323662142976.000000 3.763700724 -1.306846142 -3.268913746 0.655331492 -0.494965702 0.442632526 0.360036284
1403715324062142976.000000 3.798683167 -1.509288907 -3.202358246 0.616338909 -0.468715400 0.495464981 0.393632889
1403715324562142976.000000 3.847822905 -1.511964083 -3.139788389 0.636920393 -0.512697041 0.474836498 0.325583398
1403715325062142976.000000 3.817439318 -1.481953979 -3.078138351 0.643888652 -0.490346581 0.467164189 0.355985075
1403715325562142976.000000 3.784693003 -1.405194402 -3.067684412 0.648077548 -0.499289691 0.468558311 0.333404362
1403715326512142848.000000 3.552339077 -1.344626307 -3.102134705 0.636893272 -0.491340280 0.469946176 0.363458723
1403715327312143104.000000 3.314348698 -1.211837888 -3.184260607 0.632418871 -0.528101802 0.459838450 0.331215352
1403715327712142848.000000 3.125504494 -1.177974105 -3.207302809 0.648917615 -0.512392282 0.456870437 0.328069538
1403715328212142848.000000 2.870586395 -1.213790774 -3.243873835 0.686163843 -0.440587342 0.485534877 0.315147489
1403715328512142848.000000 2.733438730 -1.227055192 -3.253886700 0.680018246 -0.433865190 0.488999397 0.331987709
1403715328962142976.000000 2.597407341 -1.174568295 -3.272700548 0.711255848 -0.411549568 0.490758270 0.289652288
1403715329962142976.000000 2.505936623 -1.055534244 -3.382721186 0.766684830 -0.294780046 0.536539197 0.193455234
1403715330462142976.000000 2.498172283 -1.038726807 -3.481393576 0.773974955 -0.284204900 0.533278465 0.189220846
1403715331462142976.000000 2.459484339 -1.092483640 -3.294454575 0.800082922 -0.183742553 0.559892118 0.112369105
1403715332362142976.000000 2.349565268 -1.285627961 -3.124271393 0.799597561 -0.200863525 0.557753980 0.095959269
1403715332862142976.000000 2.346008778 -1.481724739 -3.095164061 0.807264149 -0.175708935 0.555788398 0.092467770
1403715333112143104.000000 2.362273216 -1.610348582 -3.068747520 0.785466492 -0.144931167 0.594893992 0.090213947
1403715334962142976.000000 2.083189011 -2.429097652 -3.111872435 0.819321692 -0.083803736 0.564858139 0.051227048
1403715335362142976.000000 2.087877274 -2.608921051 -3.119023800 0.820992947 -0.073725618 0.564073861 0.048536867
1403715335612143104.000000 2.108104229 -2.709178448 -3.123898029 0.821639180 -0.060317915 0.565959752 0.030990344
1403715335962142976.000000 2.157665253 -2.843934059 -3.134449720 0.821555138 -0.028709350 0.569338977 0.008727541
1403715336462142976.000000 2.234736681 -3.030179977 -3.152880430 0.818751574 -0.008653022 0.574082673 0.000314427
1403715336662142976.000000 2.262460947 -3.099470615 -3.154981852 0.820069611 -0.008149852 0.572205842 -0.000283030
1403715336912143104.000000 2.301524162 -3.181097507 -3.150304317 0.819397807 -0.008229282 0.573161304 0.002374477
1403715337212142848.000000 2.355252981 -3.261316538 -3.125551939 -0.822479546 -0.006057296 -0.568753660 0.003183476
1403715337512142848.000000 2.424954891 -3.323111534 -3.099448442 -0.825793803 -0.026766781 -0.561671317 0.043284815
1403715337912143104.000000 2.550018311 -3.428227425 -3.068254232 -0.819559097 -0.043999553 -0.569550037 0.044719312
1403715338412143104.000000 2.719540834 -3.562666655 -3.037962914 -0.817562938 -0.041579805 -0.571639597 0.055589072
1403715338812143104.000000 2.854113102 -3.683376074 -3.011049986 -0.811698675 -0.105312347 -0.567471325 0.089615919
1403715339212142848.000000 2.984870672 -3.820990801 -2.994617939 -0.812506199 -0.143256262 -0.556888878 0.095844977
1403715339562142976.000000 3.112127304 -3.923311710 -3.006545782 -0.807510257 -0.138414457 -0.563906908 0.103815943
1403715339862142976.000000 3.220787764 -4.001300335 -3.039574862 -0.808081806 -0.145206437 -0.566191554 0.073116630
1403715340362142976.000000 3.360301733 -3.993388176 -3.057704926 -0.794012785 -0.206967473 -0.558161974 0.123140201
1403715340662142976.000000 3.415277958 -3.919960022 -3.018922091 -0.785573125 -0.253313124 -0.535949767 0.177384719
1403715340862142976.000000 3.460184813 -3.869082689 -2.999785900 -0.785882592 -0.260673851 -0.527136505 0.191219300
1403715341062142976.000000 3.517376900 -3.821496964 -2.984207630 -0.789366722 -0.252591580 -0.523195624 0.198404074
1403715341212142848.000000 3.571408749 -3.788776159 -2.973726749 -0.784497678 -0.249931380 -0.534954906 0.189528644
1403715341412143104.000000 3.649272680 -3.751320839 -2.952322483 -0.778269351 -0.239898175 -0.551524401 0.180462167
1403715341812143104.000000 3.782447100 -3.690845251 -2.915228367 -0.772750378 -0.244321957 -0.567621708 0.144807681
1403715342062142976.000000 3.830787420 -3.636092186 -2.905487299 -0.782609165 -0.238744572 -0.552826166 0.157819644
1403715342412143104.000000 3.880706787 -3.546764612 -2.901969194 -0.790706217 -0.245614752 -0.531848550 0.177747995
1403715342762142976.000000 3.956758976 -3.440987110 -2.898610830 -0.764876366 -0.313671857 -0.530453622 0.187598199
1403715343012142848.000000 4.009899139 -3.341014147 -2.895374537 -0.755075634 -0.325793594 -0.524688125 0.220049381
1403715343312143104.000000 4.073809624 -3.213704586 -2.906712532 -0.751442254 -0.332533151 -0.521035492 0.230820939
1403715343612143104.000000 4.140858173 -3.083628178 -2.932059526 -0.755730867 -0.335927576 -0.516188443 0.222650081
1403715343912143104.000000 4.212153912 -2.932145357 -2.946823835 -0.748718560 -0.333515823 -0.530337691 0.216632724
1403715344162142976.000000 4.259114265 -2.788025379 -2.950154543 -0.738301456 -0.345910132 -0.528902888 0.235624567
1403715344412143104.000000 4.280660152 -2.644740820 -2.955548286 -0.711043060 -0.380172521 -0.538773179 0.244151875
1403715345162142976.000000 4.072657108 -2.220086336 -3.012564182 -0.705496371 -0.396472692 -0.521772504 0.269884676
1403715347362142976.000000 2.916578531 -1.228612185 -3.083039999 -0.721341491 -0.390727788 -0.503970563 0.270207375
1403715348262142976.000000 2.554714203 -0.942234099 -3.017435551 -0.652607560 -0.490865558 -0.437482715 0.376514763
1403715348762142976.000000 2.480397463 -0.841666877 -3.098215103 -0.618967533 -0.538061917 -0.400472939 0.408643961
1403715350262142976.000000 2.878803730 -0.751751721 -3.449254990 -0.519222558 -0.644530058 -0.350963503 0.437965333
1403715350762142976.000000 2.997578382 -0.732100904 -3.536690235 -0.519000351 -0.657991350 -0.351810873 0.417031318
1403715351262142976.000000 2.960336685 -0.596402049 -3.580562115 -0.511547923 -0.656187713 -0.357762337 0.423960447
1403715352962142976.000000 2.261370897 -0.115410551 -3.491021872 -0.446056753 -0.675385356 -0.311997086 0.497539848
1403715354412143104.000000 2.026977062 0.019389506 -3.536271334 -0.433108956 -0.700102091 -0.280302972 0.493663818
1403715354912143104.000000 1.989484191 0.072093219 -3.536140919 -0.430409431 -0.701864421 -0.284298241 0.491231710
1403715355512142848.000000 1.954984069 0.179455906 -3.393137217 -0.373768121 -0.731590569 -0.249660969 0.512583673
1403715356012142848.000000 1.940211415 0.275167257 -3.312359571 -0.310643286 -0.762617648 -0.218058258 0.523799360
1403715356262142976.000000 1.922035575 0.319872648 -3.279815197 -0.306647241 -0.766295195 -0.235505775 0.513123989
1403715356562142976.000000 1.865717649 0.353645831 -3.259391785 -0.333927929 -0.762388289 -0.228042617 0.505225480
1403715356762142976.000000 1.806805015 0.374669015 -3.259834290 -0.333583504 -0.760918617 -0.213350534 0.514010251
1403715357512142848.000000 1.555870414 0.547442675 -3.185016632 -0.215291142 -0.794012129 -0.153886497 0.547278225
1403715357662142976.000000 1.502313018 0.591539264 -3.173032999 -0.207919434 -0.798028111 -0.155187577 0.543909550
1403715357812143104.000000 1.447785258 0.629651070 -3.160545588 -0.199046031 -0.797316849 -0.163276881 0.545900345
1403715358112143104.000000 1.321330547 0.676267564 -3.152914524 -0.194730222 -0.803141177 -0.169676304 0.536893249
1403715358562142976.000000 1.053608179 0.697513819 -3.165491819 -0.184448451 -0.805189490 -0.156375751 0.541475117
1403715358862142976.000000 0.840233207 0.682199538 -3.178723097 -0.167794704 -0.794688940 -0.120287031 0.570828736
1403715358962142976.000000 0.772419572 0.673661709 -3.184124470 -0.162641078 -0.792604089 -0.112679459 0.576740921
1403715359062142976.000000 0.707981944 0.665160656 -3.193682194 -0.159293905 -0.794857204 -0.105634078 0.575907052
1403715359212142848.000000 0.619646013 0.652515113 -3.207881212 -0.154246405 -0.794127166 -0.103314437 0.578702271
1403715359612143104.000000 0.434241474 0.602490604 -3.236855984 -0.145030513 -0.793862462 -0.124949269 0.577179611
1403715360012142848.000000 0.297140479 0.493704259 -3.230543137 -0.161263570 -0.798208475 -0.109084465 0.570050895
1403715360112143104.000000 0.269095123 0.462568849 -3.226572037 -0.161387727 -0.800377786 -0.108574234 0.567063630
1403715360312143104.000000 0.217472449 0.401129276 -3.217462540 -0.163411796 -0.801508129 -0.109344713 0.564734519
1403715360462142976.000000 0.183597043 0.359308869 -3.210434437 -0.187347189 -0.796294808 -0.101438761 0.566150129
1403715360612143104.000000 0.155766502 0.328084290 -3.204465151 -0.217468813 -0.788559318 -0.105769187 0.565415382
1403715360712142848.000000 0.141795680 0.316053689 -3.198531866 -0.234726802 -0.783152759 -0.121439219 0.562874496
1403715361112143104.000000 0.119000532 0.304109454 -3.165873766 -0.307719678 -0.760090649 -0.210054845 0.532398164
1403715361312143104.000000 0.109541558 0.303560019 -3.150809526 -0.350830495 -0.743152857 -0.244569123 0.514614165
1403715362012142848.000000 0.006219704 0.287730962 -3.154887438 -0.459051043 -0.690147519 -0.313265145 0.463501424
1403715362112143104.000000 -0.018059008 0.290310591 -3.162214756 -0.475250512 -0.678232908 -0.326250255 0.455738872
1403715362212142848.000000 -0.044107929 0.295712054 -3.171072960 -0.492666036 -0.665293515 -0.341249436 0.445211947
1403715362312143104.000000 -0.072369568 0.304399937 -3.181115150 -0.510746837 -0.650599778 -0.357509255 0.433641225
1403715362512142848.000000 -0.139339656 0.326023102 -3.204994202 -0.549762368 -0.615813553 -0.387519717 0.410321325
1403715362612143104.000000 -0.178707808 0.338905156 -3.217222691 -0.568950653 -0.598107517 -0.400919914 0.397272885
1403715362912143104.000000 -0.316744387 0.390526354 -3.238385201 -0.632010221 -0.524888039 -0.418015510 0.387709618
1403715363112143104.000000 -0.396850526 0.428688616 -3.238561869 -0.662267923 -0.473405778 -0.427528441 0.393074632
1403715363812143104.000000 -0.402171850 0.457244933 -3.186903000 -0.720764697 -0.385142207 -0.494479090 0.296064585
1403715364162142976.000000 -0.328672975 0.423765123 -3.150561094 -0.750878990 -0.309442222 -0.531461835 0.240779012
1403715364662142976.000000 -0.242698073 0.336851686 -3.086895227 -0.771392345 -0.270628780 -0.529612601 0.226328343
1403715365162142976.000000 -0.130357563 0.200338006 -3.004806519 -0.781210780 -0.248189643 -0.548286557 0.165811911
1403715365462142976.000000 -0.084618106 0.135637134 -2.958804607 -0.785905480 -0.213883013 -0.561608315 0.145611733
1403715365712142848.000000 -0.063278995 0.087255001 -2.930478096 -0.795978665 -0.162560061 -0.568652570 0.128943503
1403715367762142976.000000 0.119654909 -0.761750698 -2.828400612 -0.825092375 -0.114347003 -0.544712722 0.097136803
1403715368012142848.000000 0.234280571 -0.872670650 -2.804274797 -0.815702915 -0.119218193 -0.558221757 0.093831137
1403715368962142976.000000 0.677732646 -1.385931015 -2.808606386 -0.808897138 -0.112617776 -0.570392668 0.087491490
1403715370312143104.000000 1.278238177 -2.014001369 -2.831534386 -0.772524297 -0.288793057 -0.534357786 0.185112208
1403715370812143104.000000 1.514284611 -2.097784519 -2.840064287 -0.775627136 -0.266819447 -0.537368774 0.196073756
1403715371312143104.000000 1.761748552 -2.169413090 -2.857598782 -0.797239602 -0.275145233 -0.509348810 0.171078876
1403715373062142976.000000 3.029345036 -2.113908291 -2.837520361 -0.753761590 -0.316820920 -0.524861813 0.236617789
1403715373562142976.000000 3.379576206 -2.108890533 -2.813637257 -0.751381934 -0.319481909 -0.529981852 0.229075611
1403715374062142976.000000 3.655698299 -2.074028254 -2.804072618 -0.711968184 -0.399922699 -0.508548796 0.273022711
1403715375562142976.000000 4.058364868 -1.626066804 -2.798663616 -0.671717882 -0.475343019 -0.467712492 0.322628498
1403715376412143104.000000 4.071211815 -1.197231531 -2.854984522 -0.660857618 -0.455527097 -0.490123719 0.339913249
1403715376612143104.000000 4.055063248 -1.119282722 -2.880323887 -0.661216855 -0.467929333 -0.486495703 0.327347517
1403715377012142848.000000 3.980087519 -0.990340531 -2.921991110 -0.646120608 -0.470222354 -0.494902164 0.341307849
1403715377212142848.000000 3.918467760 -0.948310792 -2.942540884 -0.647975564 -0.482321709 -0.485339463 0.334572941
1403715377612143104.000000 3.745034933 -0.899595022 -2.972991705 -0.646051586 -0.485941321 -0.478194773 0.343231857
1403715377812143104.000000 3.638988256 -0.890286088 -2.991073132 -0.649038076 -0.488105446 -0.473344475 0.341244459
1403715379762142976.000000 2.743108273 -0.833771348 -3.025751114 -0.658146799 -0.505861819 -0.459328353 0.316171110
1403715380212142848.000000 2.504437685 -0.674356639 -2.990892887 -0.651236057 -0.491248190 -0.471116602 0.335583121
1403715381312143104.000000 1.809517026 -0.336184204 -2.935016394 -0.656211138 -0.481161028 -0.469715893 0.342400402
1403715381562142976.000000 1.644749761 -0.288173079 -2.931759119 -0.658905745 -0.472093493 -0.474391341 0.343400449
1403715383962142976.000000 0.535463035 0.573358774 -3.039451361 -0.788694799 -0.232091188 -0.540771484 0.177933782
1403715384762142976.000000 0.519983292 0.839421928 -3.066823244 -0.828168035 -0.042538807 -0.555794239 0.058489367
1403715385262142976.000000 0.601999402 0.892898142 -3.047181606 0.826104164 -0.016338509 0.563280046 0.000826282
1403715386762142976.000000 0.951187611 0.705391169 -2.945402145 0.805718601 -0.039509904 0.590922892 -0.008174416
1403715389262142976.000000 1.151936769 -0.975396574 -3.105396271 -0.817331731 -0.010506388 -0.576049447 0.005065564
1403715389762142976.000000 1.259750009 -1.287638664 -3.066798210 -0.816963017 -0.020681649 -0.575940847 0.020878594
1403715390262142976.000000 1.386603713 -1.554027438 -3.083930969 -0.826684833 -0.102501802 -0.549479425 0.064482704
1403715391262142976.000000 1.858698487 -1.787348032 -3.157457590 -0.798644543 -0.231628373 -0.527717054 0.173291743
1403715391762142976.000000 2.220137596 -1.812272787 -3.168600321 -0.788924932 -0.246814042 -0.526548326 0.198563039
1403715392262142976.000000 2.667191029 -1.832760453 -3.045711279 -0.775947034 -0.296565801 -0.517308593 0.205783173
1403715392612143104.000000 3.003592253 -1.806186795 -2.970098019 -0.732549846 -0.339389920 -0.535453379 0.247941494
1403715392912143104.000000 3.255506992 -1.797182322 -2.935299635 -0.711577892 -0.396744967 -0.509693503 0.276519388
1403715393712142848.000000 3.709983587 -1.729978323 -2.906899452 -0.587378204 -0.562960446 -0.443154484 0.376399577
1403715394212142848.000000 3.788342714 -1.685870647 -2.925593615 -0.507520616 -0.644301355 -0.357108325 0.446958959
1403715394512142848.000000 3.801080704 -1.665668249 -2.933862209 -0.430676281 -0.688938439 -0.322473794 0.485687703
1403715395012142848.000000 3.773979187 -1.696713567 -2.953018188 -0.303087831 -0.762604535 -0.220266983 0.527308881
1403715395412143104.000000 3.718325853 -1.756561995 -2.969482183 -0.192076847 -0.801926553 -0.141515806 0.547716618
1403715395912143104.000000 3.603881121 -1.841834307 -3.032181263 -0.107527994 -0.819569826 -0.076040678 0.557638645
1403715396412143104.000000 3.454847336 -1.885388017 -3.092514515 -0.105334938 -0.813530922 -0.064219497 0.568285108
1403715396912143104.000000 3.316764355 -1.900363922 -3.150233030 -0.071089722 -0.819118321 -0.052405693 0.566784978
1403715397412143104.000000 3.147370815 -1.922309399 -3.238823891 -0.076813370 -0.833130717 -0.013719745 0.547544301
1403715398212142848.000000 2.720657349 -1.709801435 -3.295400381 -0.064257666 -0.801479757 -0.040562712 0.593174338
1403715398712142848.000000 2.553432226 -1.557173371 -3.344511986 -0.066211298 -0.801401913 -0.064707190 0.590918005
1403715399212142848.000000 2.506634712 -1.531247616 -3.366825104 -0.061306886 -0.798299730 -0.071860246 0.594806790
1403715400212142848.000000 2.605948687 -1.873555779 -3.358922005 -0.094189651 -0.826473475 -0.085923404 0.548349321
1403715400662142976.000000 2.517445326 -2.114376068 -3.332589388 -0.187074259 -0.811701298 -0.144771710 0.534027636
1403715400862142976.000000 2.443912983 -2.234292507 -3.332751513 -0.250335842 -0.795758367 -0.164333433 0.526398242
1403715401062142976.000000 2.352807760 -2.344040871 -3.340087175 -0.298352301 -0.785000682 -0.174555704 0.514091671
1403715401262142976.000000 2.251194477 -2.431036711 -3.340022564 -0.312346756 -0.782537341 -0.191932559 0.503226459
1403715401462142976.000000 2.125583649 -2.490485907 -3.331126690 -0.314842761 -0.777862668 -0.203127027 0.504522800
1403715401662142976.000000 1.984002233 -2.528916359 -3.310331583 -0.317877233 -0.766081870 -0.202958584 0.520461679
1403715401862142976.000000 1.837913156 -2.542823076 -3.288835287 -0.336438775 -0.747148573 -0.202116594 0.536401808
1403715402062142976.000000 1.708078504 -2.543461561 -3.269654751 -0.332140326 -0.748415112 -0.221373826 0.529670894
1403715402212142848.000000 1.617359638 -2.541552782 -3.254688978 -0.324798882 -0.739420414 -0.233768269 0.541401505
1403715402412143104.000000 1.512688518 -2.544497490 -3.245605707 -0.331492037 -0.737774670 -0.252042115 0.531296909
1403715402612143104.000000 1.416459799 -2.557838678 -3.241225004 -0.341825694 -0.728910327 -0.283676267 0.520934403
1403715402762142976.000000 1.339865446 -2.581924677 -3.240233421 -0.354012787 -0.722795308 -0.288305998 0.518769324
1403715402912143104.000000 1.262275696 -2.620988607 -3.240967751 -0.374853551 -0.719367206 -0.272949517 0.517198563
1403715403062142976.000000 1.186175585 -2.662826300 -3.243479252 -0.394455343 -0.722659230 -0.255158812 0.507013381
1403715403362142976.000000 1.047491431 -2.713969469 -3.233847618 -0.404273003 -0.731329441 -0.247712791 0.490264356
1403715403512142848.000000 0.980641782 -2.715318441 -3.223719358 -0.407179147 -0.726758242 -0.259714961 0.488442332
1403715403662142976.000000 0.914082766 -2.702101231 -3.217066526 -0.424788058 -0.716791451 -0.271858186 0.481516540
1403715403862142976.000000 0.826768994 -2.666556835 -3.212655306 -0.462812781 -0.698470712 -0.283684283 0.466332823
1403715404012142848.000000 0.762745142 -2.620831013 -3.205833912 -0.488522768 -0.680998087 -0.299561977 0.455905467
1403715404162142976.000000 0.703184664 -2.560913563 -3.194015741 -0.503795683 -0.661811292 -0.328894317 0.447240800
1403715404312143104.000000 0.643097997 -2.491024494 -3.183469534 -0.512098074 -0.648523152 -0.358803153 0.434089541
1403715404512142848.000000 0.551050782 -2.397864103 -3.175934076 -0.518804669 -0.638108671 -0.378232330 0.424969733
1403715404712142848.000000 0.442052305 -2.303673506 -3.181518078 -0.524284601 -0.628791809 -0.380355090 0.430205286
1403715404862142976.000000 0.354753047 -2.237376451 -3.191463470 -0.532731175 -0.620167315 -0.376192659 0.435969144
1403715405012142848.000000 0.269434363 -2.174023390 -3.201270580 -0.546043992 -0.603952110 -0.381572932 0.437584072
1403715405162142976.000000 0.190132752 -2.115884542 -3.213085413 -0.571071148 -0.578804672 -0.388864338 0.433182895
1403715405312143104.000000 0.120862946 -2.065725565 -3.225750923 -0.602779806 -0.549961030 -0.401206821 0.416211933
1403715405462142976.000000 0.064616874 -2.020185471 -3.238311291 -0.632036805 -0.522874594 -0.418001235 0.390393019
1403715405612143104.000000 0.018667027 -1.977587223 -3.249920845 -0.658288896 -0.494755924 -0.436126411 0.362858295
1403715405762142976.000000 -0.019664783 -1.935111165 -3.261299849 -0.680405796 -0.472627521 -0.453610450 0.328494668
1403715405962142976.000000 -0.064786866 -1.870609164 -3.278555393 -0.708529592 -0.433556825 -0.472120166 0.295155495
1403715406162142976.000000 -0.104630664 -1.798385859 -3.298032522 -0.728449166 -0.382846266 -0.499271899 0.271142334
1403715406362142976.000000 -0.139450341 -1.724568844 -3.331787586 -0.751787841 -0.334705949 -0.512882829 0.244414106
1403715406562142976.000000 -0.167411715 -1.652499676 -3.368492842 -0.776296616 -0.286838204 -0.516103029 0.220737755
1403715406762142976.000000 -0.179565266 -1.585308075 -3.407862902 -0.791285932 -0.243594468 -0.526443899 0.193352073
1403715406962142976.000000 -0.176649362 -1.526991487 -3.443050385 -0.799745381 -0.203987524 -0.541417480 0.160198748
1403715407162142976.000000 -0.159469947 -1.472257137 -3.474444389 -0.812295496 -0.164134845 -0.543991983 0.131562233
1403715407362142976.000000 -0.129923746 -1.419108868 -3.501724482 -0.828296721 -0.143160582 -0.530856609 0.107800215
1403715407562142976.000000 -0.073165625 -1.360355139 -3.511406898 -0.828404248 -0.135334656 -0.534536362 0.098497823
1403715407762142976.000000 0.000984609 -1.297360539 -3.497228861 -0.818903685 -0.142707482 -0.549098790 0.086729243
1403715407962142976.000000 0.091033906 -1.222007751 -3.496281147 -0.813803852 -0.147670761 -0.555377603 0.086443029
1403715410862142976.000000 0.802865148 -0.405573428 -3.215283155 -0.751805067 -0.298183411 -0.550847650 0.206016421
1403715411862142976.000000 0.791560471 -0.257063985 -3.271227837 -0.750474274 -0.314459950 -0.532777071 0.232490689
1403715412362142976.000000 0.750353575 -0.277729630 -3.299187422 -0.754599392 -0.316213012 -0.526758671 0.230465651
1403715412662142976.000000 0.722273886 -0.299060643 -3.310979128 -0.759143293 -0.317124307 -0.521147311 0.227022484
1403715412912143104.000000 0.706740141 -0.310516566 -3.315189838 -0.761279345 -0.319464296 -0.518234611 0.223224223
1403715413362142976.000000 0.690160632 -0.311247617 -3.385873079 -0.756599069 -0.313118309 -0.526043892 0.229766458
1403715413762142976.000000 0.677149236 -0.324202806 -3.478408337 -0.754060924 -0.312424362 -0.530449748 0.228924170
1403715414162142976.000000 0.655027330 -0.354432195 -3.549683809 -0.756960988 -0.317515105 -0.526891649 0.220407292
1403715414362142976.000000 0.637021065 -0.362386227 -3.538822889 -0.768786311 -0.321299791 -0.510680437 0.211989582
1403715414562142976.000000 0.628169417 -0.351169437 -3.530802965 -0.765162706 -0.321716160 -0.516139090 0.211246803
1403715414762142976.000000 0.620058477 -0.325357854 -3.544883966 -0.758800387 -0.314007342 -0.526174247 0.220821470
1403715414962142976.000000 0.611661315 -0.295896113 -3.578328133 -0.763056636 -0.296926618 -0.522015512 0.238911808
1403715415162142976.000000 0.609985352 -0.279907078 -3.613390684 -0.765742779 -0.284584343 -0.521059334 0.247278824
1403715415562142976.000000 0.635981560 -0.292329222 -3.662880182 -0.758712232 -0.300141037 -0.540049136 0.206441462
1403715415962142976.000000 0.634923577 -0.288197249 -3.692978144 -0.755886078 -0.299069077 -0.546135247 0.202312067
1403715416362142976.000000 0.633525848 -0.285524011 -3.686195850 -0.758997619 -0.299814731 -0.542202950 0.200124070
1403715416762142976.000000 0.632381499 -0.285999715 -3.685942411 -0.759703994 -0.299494803 -0.541294932 0.200381204
1403715417162142976.000000 0.631536722 -0.287216872 -3.688353777 -0.759839773 -0.299383193 -0.541154504 0.200412378
1403715417562142976.000000 0.629617691 -0.288067400 -3.687041521 -0.759757698 -0.299174190 -0.541305244 0.200628519
1403715417962142976.000000 0.629244030 -0.288767874 -3.686711788 -0.759806216 -0.299102366 -0.541264713 0.200660810
1403715418312143104.000000 0.629185081 -0.289199293 -3.686557293 -0.759861410 -0.298995495 -0.541256070 0.200634465
1403715418512142848.000000 0.629143596 -0.289882779 -3.686105251 -0.759815872 -0.298962504 -0.541320503 0.200682104
