1403715277.862143 -5.1895080 2.1407967 3.3421443 -0.8276254 -0.0546865 0.0244966 0.5580730
1403715278.762143 -5.2022691 2.1773069 3.3884168 -0.8144064 -0.0446012 0.0272158 0.5779379
1403715280.012143 -5.2335572 2.2764599 3.5082707 -0.8194976 -0.0459685 0.0278606 0.5705562
1403715282.712143 -5.3551545 2.8678648 3.5816324 -0.7382080 0.3595328 -0.2654757 0.5052800
1403715283.612143 -5.3673334 3.1691930 3.4643881 -0.6424901 0.5099084 -0.3549381 0.4485742
1403715284.062143 -5.3728814 3.2751505 3.4200416 -0.6288180 0.5288476 -0.3675850 0.4356483
1403715284.362143 -5.3654099 3.3396678 3.3941941 -0.6283641 0.5361154 -0.3489097 0.4427200
1403715284.612143 -5.3350067 3.3732462 3.3747644 -0.6365584 0.5194486 -0.3606286 0.4414903
1403715285.162143 -5.2529335 3.4307208 3.3611014 -0.5954205 0.5443421 -0.3957938 0.4387636
1403715285.462143 -5.2411246 3.4455414 3.4008300 0.5739331 -0.5894343 0.3933212 -0.4104468
1403715286.262143 -5.1542606 3.3545794 3.6605911 0.5737284 -0.5969709 0.4054557 -0.3873850
1403715287.412143 -4.8121824 3.2256634 3.8370161 0.5311025 -0.6192760 0.4491296 -0.3642939
1403715288.012143 -4.6456366 3.1892922 3.9384661 0.4533614 -0.6751655 0.4798243 -0.3292166
1403715288.912143 -4.5603728 3.0536423 3.9709148 0.4060405 -0.7071633 0.5051497 -0.2826217
1403715289.262143 -4.5570536 2.9917216 3.9016986 0.3885222 -0.7206003 0.5144175 -0.2552652
1403715289.862143 -4.5181675 2.9177670 3.7100582 0.3297460 -0.7572162 0.5233734 -0.2096942
1403715290.662143 -4.3020205 2.8426154 3.7450185 0.3489188 -0.7515246 0.5085689 -0.2341459
1403715290.812143 -4.2311392 2.8208725 3.7548666 0.3453176 -0.7462078 0.5178910 -0.2360477
1403715291.262143 -4.0427394 2.7566829 3.7587204 0.3077128 -0.7556778 0.5194557 -0.2538301
1403715291.662143 -3.9313061 2.6491015 3.7126036 0.2791760 -0.7731982 0.5203814 -0.2311460
1403715292.362143 -3.7986488 2.3539832 3.6389794 0.3190381 -0.7650040 0.5211762 -0.2033691
1403715292.562143 -3.7414644 2.2724617 3.6213994 0.3598415 -0.7438258 0.5138094 -0.2307319
1403715293.262143 -3.5008421 2.0878267 3.7182121 0.4978582 -0.6433533 0.4617036 -0.3536431
1403715296.062143 -3.2876484 1.5462394 3.6303635 -0.7691047 0.2428726 -0.1778436 0.5637929
1403715296.462143 -3.3097653 1.4334540 3.5240583 -0.8035097 0.2150384 -0.1327310 0.5389926
1403715296.562143 -3.3018143 1.4080582 3.5164900 -0.8065559 0.2063257 -0.1246732 0.5397721
1403715297.562143 -3.0711277 1.2771902 3.4822454 -0.8325697 0.0581212 -0.0351663 0.5497389
1403715300.262143 -2.8596616 1.6483054 3.5526609 -0.7350124 -0.3348955 0.2259616 0.5445578
1403715301.112143 -2.8856158 1.8417790 3.5703719 -0.7271383 -0.3293849 0.2261277 0.5582489
1403715303.662143 -2.7505007 1.1229196 3.4358921 -0.6885290 -0.4431291 0.2904900 0.4951567
1403715304.062143 -2.8428893 1.0347476 3.4284034 -0.6418184 -0.4931673 0.3573739 0.4659819
1403715304.212143 -2.8651707 1.0060968 3.4233475 -0.6367116 -0.4974725 0.3666451 0.4611842
1403715304.362143 -2.8794680 0.9831483 3.4120746 -0.6388332 -0.4999698 0.3661262 0.4559320
1403715304.762143 -2.8934100 0.9419291 3.3358541 -0.6430728 -0.4967072 0.3487204 0.4670475
1403715305.212143 -2.8788416 0.8879244 3.3293843 -0.6515025 -0.4956661 0.3401654 0.4627605
1403715305.512143 -2.8669646 0.8523083 3.3581207 -0.6493728 -0.5006959 0.3437535 0.4576595
1403715308.012143 -2.3273091 0.9484651 3.6054149 -0.8036294 -0.2033119 0.1095331 0.5484948
1403715308.212143 -2.2872131 0.9411802 3.5575466 -0.8112878 -0.1667922 0.0793130 0.5547090
1403715308.512143 -2.2640858 0.9430389 3.4891665 -0.8181401 -0.1235540 0.0568410 0.5587041
1403715309.012143 -2.2791328 1.0036960 3.4997199 -0.8224504 -0.1061332 0.0723779 0.5541413
1403715311.112143 -1.7575155 1.3244207 3.6128345 -0.8221323 -0.0629386 0.0396446 0.5644162
1403715312.962143 -1.1289510 1.8348923 3.6702099 -0.8006672 -0.0572026 0.0068830 0.5963326
1403715313.512143 -1.0524769 1.8922787 3.7668226 -0.8101352 -0.0679651 0.0225096 0.5818549
1403715313.912143 -1.0393670 1.8807678 3.8335555 -0.8136336 -0.0509366 0.0054529 0.5791168
1403715315.412143 -1.3273034 1.8502274 3.9040105 -0.8155333 0.0704669 -0.0672667 0.5704516
1403715317.312143 -1.6932416 1.9792669 3.7088761 -0.7337645 0.3673592 -0.2741781 0.5014611
1403715317.612143 -1.7500353 2.0573397 3.6650820 -0.6952519 0.4368754 -0.3114085 0.4783194
1403715317.762143 -1.7786167 2.0951037 3.6486528 -0.6734529 0.4690624 -0.3264190 0.4689269
1403715318.112143 -1.8308823 2.1555791 3.6165087 -0.6244242 0.5353297 -0.3475967 0.4502147
1403715318.612143 -1.8646705 2.1269722 3.5567791 -0.6083147 0.5643167 -0.3860122 0.4031062
1403715318.812143 -1.8577020 2.0987451 3.5283806 -0.6003007 0.5917757 -0.3897166 0.3708930
1403715318.912143 -1.8414183 2.0855167 3.5156918 0.5900154 -0.6018963 0.3977104 -0.3625315
1403715319.312143 -1.7053181 2.0455909 3.4801421 0.5391200 -0.6275896 0.4494950 -0.3368015
1403715319.712143 -1.5119447 2.0565562 3.4698725 0.4831082 -0.6636465 0.4797930 -0.3098041
1403715319.812143 -1.4604102 2.0695500 3.4823439 0.4786053 -0.6673346 0.4809665 -0.3070388
1403715320.012143 -1.3523321 2.1039031 3.5374649 0.4706183 -0.6732650 0.4832584 -0.3028104
1403715320.362143 -1.1466219 2.1810706 3.6248055 0.4140318 -0.6945599 0.5168409 -0.2811401
1403715320.662143 -0.9915948 2.2656000 3.6882851 0.3236207 -0.7413088 0.5313717 -0.2517439
1403715320.812143 -0.9321029 2.3100889 3.7177413 0.2803272 -0.7590066 0.5332872 -0.2468409
1403715321.012143 -0.8852346 2.3609536 3.7445107 0.2531499 -0.7759491 0.5272655 -0.2362401
1403715321.512143 -0.8942629 2.3906064 3.7882097 0.2521255 -0.7815421 0.5276953 -0.2171691
1403715321.812143 -0.9647555 2.3424823 3.8125446 0.2521532 -0.7741778 0.5382884 -0.2175160
1403715321.912143 -0.9984274 2.3177485 3.8237629 0.2404307 -0.7706243 0.5464838 -0.2229052
1403715322.112143 -1.0951006 2.2607765 3.8401401 0.2276727 -0.7818539 0.5418074 -0.2081215
1403715322.512143 -1.3438901 2.1115131 3.8468986 0.2184805 -0.7995052 0.5435069 -0.1328835
1403715322.612143 -1.4014459 2.0709229 3.8275573 0.2102435 -0.8046799 0.5415967 -0.1223147
1403715322.712143 -1.4535638 2.0285575 3.8054428 0.2043613 -0.8078778 0.5404613 -0.1160666
1403715322.812143 -1.5005448 1.9824991 3.7835515 0.2009380 -0.8083386 0.5417843 -0.1126166
1403715325.162143 -1.5327249 1.3494973 3.9765356 0.1957149 -0.7802640 0.5788705 -0.1333894
1403715325.462143 -1.5641201 1.3935928 3.9809325 0.1965367 -0.7880379 0.5660653 -0.1412086
1403715325.812143 -1.6155268 1.4467738 3.9834471 0.1817701 -0.8018430 0.5461289 -0.1604706
1403715326.112143 -1.6977676 1.4519091 3.9774470 0.1887368 -0.8022701 0.5478599 -0.1434943
1403715326.412143 -1.7903301 1.4247146 3.9521210 0.1930003 -0.7865098 0.5727680 -0.1268474
1403715326.562143 -1.8317571 1.4142244 3.9385757 0.1887234 -0.7778900 0.5856106 -0.1277916
1403715326.712143 -1.8751656 1.4176462 3.9235554 0.1863797 -0.7758553 0.5894704 -0.1258403
1403715327.162143 -2.0211608 1.4793582 3.8784297 0.1685615 -0.8014585 0.5572456 -0.1368532
1403715327.462143 -2.1469023 1.5025005 3.8565416 0.1612841 -0.8095621 0.5466087 -0.1407678
1403715327.912143 -2.3789597 1.4623210 3.8234513 0.2228567 -0.7948510 0.5429512 -0.1541132
1403715328.262143 -2.5465021 1.3923073 3.7992556 0.2618136 -0.7678846 0.5591404 -0.1707891
1403715328.512143 -2.6557212 1.3562443 3.7888343 0.2595477 -0.7620504 0.5704913 -0.1626460
1403715328.662143 -2.7167575 1.3533018 3.7796133 0.2616041 -0.7699647 0.5603613 -0.1572036
1403715329.112143 -2.8374331 1.4072335 3.7625990 0.3340879 -0.7484812 0.5278723 -0.2225134
1403715329.562143 -2.9084196 1.4692435 3.7197831 0.4120071 -0.7139566 0.4915052 -0.2809606
1403715329.712143 -2.9238954 1.4792626 3.7040448 0.4176755 -0.7101473 0.4906083 -0.2837988
1403715330.212143 -2.9495578 1.5058656 3.6111753 0.4221811 -0.7042069 0.4914270 -0.2904396
1403715330.512143 -2.9509244 1.5108113 3.5617185 0.4255028 -0.7043599 0.4890104 -0.2892982
1403715333.162143 -2.9691682 0.8991985 3.9869368 0.5235919 -0.5982649 0.4541216 -0.4021248
1403715333.312143 -2.9611692 0.8233209 3.9864604 0.5300063 -0.5943209 0.4516607 -0.4023415
1403715333.462143 -2.9666002 0.7504721 3.9777329 0.5369822 -0.5970568 0.4454840 -0.3958754
1403715334.212143 -3.0770407 0.4148388 3.9366727 0.5743114 -0.5916504 0.4016688 -0.3984700
1403715334.362143 -3.0881262 0.3461289 3.9374967 0.5806376 -0.5865483 0.3966061 -0.4019014
1403715334.762143 -3.0872719 0.1497231 3.9420493 -0.5865700 0.5769133 -0.4002068 0.4036597
1403715335.062143 -3.0665386 0.0058236 3.9391201 -0.5884272 0.5751507 -0.4031231 0.4005582
1403715335.412143 -3.0235994 -0.1421595 3.9325650 -0.5977564 0.5659234 -0.3993418 0.4036635
1403715335.712143 -2.9715796 -0.2512050 3.9277008 -0.6096407 0.5533933 -0.3827589 0.4190343
1403715336.212143 -2.8553853 -0.4211392 3.9117181 -0.6244150 0.5181497 -0.3774325 0.4462864
1403715336.662143 -2.7579615 -0.5650706 3.8967693 -0.6352196 0.5173846 -0.3683103 0.4394960
1403715337.112143 -2.6511149 -0.6834822 3.9151959 -0.6382799 0.5132105 -0.3701566 0.4384037
1403715337.262143 -2.6182017 -0.7112470 3.9296155 -0.6493669 0.5050238 -0.3584907 0.4413140
1403715337.412143 -2.5817583 -0.7334905 3.9436874 -0.6598453 0.4970651 -0.3394678 0.4497688
1403715337.562143 -2.5379364 -0.7561216 3.9572015 -0.6614392 0.4918868 -0.3255080 0.4632387
1403715337.712143 -2.4860244 -0.7833157 3.9673712 -0.6653419 0.4819039 -0.3272661 0.4668894
1403715337.862143 -2.4293737 -0.8130360 3.9772196 -0.6665758 0.4775283 -0.3304948 0.4673505
1403715338.012143 -2.3698411 -0.8425722 3.9889565 -0.6655923 0.4773300 -0.3361315 0.4649287
1403715338.312143 -2.2538090 -0.8987627 4.0099678 -0.6610381 0.4811979 -0.3328280 0.4697903
1403715338.612143 -2.1402051 -0.9581108 4.0276718 -0.6787978 0.4555407 -0.3114601 0.4844677
1403715339.062143 -1.9672148 -1.0759854 4.0553389 -0.7160732 0.4042283 -0.2837432 0.4932833
1403715339.212143 -1.9059249 -1.1153927 4.0540791 -0.7231219 0.3948040 -0.2855221 0.4895934
1403715339.562143 -1.7576421 -1.1866317 4.0419788 -0.7160247 0.3958386 -0.2835965 0.5001934
1403715339.712143 -1.6928215 -1.2158737 4.0254502 -0.7188422 0.3975195 -0.2894668 0.4913787
1403715340.162143 -1.5396867 -1.2432976 3.9773207 -0.7352335 0.3596240 -0.3078244 0.4851252
1403715340.612143 -1.4819024 -1.1384649 4.0244102 -0.7680584 0.2969454 -0.2164242 0.5244715
1403715340.812143 -1.4541607 -1.0812898 4.0436435 -0.7754900 0.2853331 -0.1982066 0.5271758
1403715340.962143 -1.4260463 -1.0361748 4.0574121 -0.7746199 0.2911415 -0.1870319 0.5293579
1403715341.112143 -1.3870473 -0.9911013 4.0681615 -0.7721797 0.2952235 -0.1898539 0.5296577
1403715341.262143 -1.3384838 -0.9473295 4.0799861 -0.7643731 0.2962666 -0.2031614 0.5354301
1403715341.412143 -1.2867993 -0.9083223 4.0983505 -0.7561849 0.2985695 -0.2174525 0.5401435
1403715342.012143 -1.1366283 -0.7664862 4.1407266 -0.7574442 0.2991022 -0.2421229 0.5274398
1403715342.312143 -1.1176605 -0.6838632 4.1498041 -0.7657714 0.3095662 -0.2119139 0.5223556
1403715342.462143 -1.1046653 -0.6421962 4.1515594 -0.7737821 0.2967906 -0.2029441 0.5215268
1403715342.612143 -1.0845339 -0.5967479 4.1492290 -0.7850301 0.2674575 -0.1998813 0.5217680
1403715342.912143 -1.0434006 -0.4793668 4.1501112 -0.7934121 0.2208561 -0.1787180 0.5383118
1403715343.062143 -1.0269010 -0.4106741 4.1525483 -0.7909349 0.2159416 -0.1663401 0.5478341
1403715343.212143 -1.0090694 -0.3403330 4.1485887 -0.7908142 0.2109950 -0.1616845 0.5513185
1403715343.362143 -0.9901631 -0.2701831 4.1376233 -0.7949536 0.2095011 -0.1580863 0.5469613
1403715343.512143 -0.9706684 -0.1990418 4.1245852 -0.7983721 0.2086363 -0.1601519 0.5416865
1403715343.812143 -0.9312021 -0.0423779 4.1054506 -0.7936880 0.2067425 -0.1741399 0.5449700
1403715343.962143 -0.9146573 0.0467424 4.0995140 -0.7907558 0.2066992 -0.1738671 0.5493187
1403715344.412143 -0.9208360 0.3053322 4.0901728 -0.7907279 0.1473412 -0.1594002 0.5723911
1403715344.562143 -0.9448945 0.3844695 4.0817695 -0.7892812 0.1301835 -0.1590494 0.5786110
1403715344.712143 -0.9882280 0.4571729 4.0688639 -0.7976686 0.1225012 -0.1539986 0.5700901
1403715344.862143 -1.0503850 0.5279603 4.0551372 -0.8041576 0.1193796 -0.1497783 0.5627126
1403715345.162143 -1.2211378 0.6739035 4.0344853 -0.7970064 0.1308173 -0.1285301 0.5754545
1403715346.912143 -2.3821454 1.2817521 3.9544981 -0.7971910 0.1730952 -0.1154155 0.5667486
1403715348.362143 -3.0481718 1.5779510 4.0345678 -0.8185601 0.0005780 0.0212138 0.5740288
1403715349.962143 -2.8403523 1.8032453 3.6523843 -0.8019256 -0.1355729 0.1003340 0.5731217
1403715350.362143 -2.6946549 1.7980375 3.5796332 -0.8112588 -0.1881341 0.1030680 0.5439134
1403715350.612143 -2.6293719 1.8183126 3.5338333 -0.8144771 -0.1972057 0.0869440 0.5386814
1403715350.912143 -2.6198990 1.8766296 3.4915593 -0.8114570 -0.1896335 0.0923637 0.5450190
1403715351.262143 -2.6836526 1.9692354 3.4656384 -0.8081398 -0.1928581 0.0943653 0.5484625
1403715351.912143 -2.9773412 2.1205657 3.4824798 -0.7889257 -0.2030224 0.1209392 0.5672317
1403715352.162143 -3.1223462 2.1406066 3.5083725 -0.7864669 -0.2274477 0.1593857 0.5516645
1403715352.662143 -3.3755531 2.2101171 3.5533702 -0.7816445 -0.2383848 0.1915943 0.5435959
1403715353.012143 -3.4965806 2.2844381 3.5607421 -0.7692417 -0.2466474 0.1830989 0.5602742
1403715354.112143 -3.7021832 2.3522885 3.5634916 -0.7687237 -0.2742217 0.1933603 0.5444980
1403715354.762143 -3.7704015 2.3750298 3.4826784 -0.7727371 -0.2809946 0.1897449 0.5365784
1403715356.012143 -3.8657656 2.5698266 3.7334702 -0.7175069 -0.4002107 0.2615792 0.5065488
1403715356.162143 -3.8792706 2.5967162 3.7521219 -0.7157791 -0.4069905 0.2493872 0.5097305
1403715356.512143 -3.9438360 2.6294866 3.7848263 -0.7325299 -0.3902932 0.2373343 0.5047213
1403715356.662143 -3.9856913 2.6341753 3.7873685 -0.7368286 -0.3815829 0.2486026 0.4996748
1403715357.562143 -4.3145599 2.7562609 3.8643134 -0.6617115 -0.4869002 0.3198789 0.4719572
1403715357.962143 -4.4843831 2.8186107 3.8874953 -0.6491938 -0.5024899 0.3056954 0.4822879
1403715358.362143 -4.6919880 2.8061204 3.8847194 -0.6618612 -0.4980641 0.3113676 0.4657491
1403715358.512143 -4.7871599 2.7896757 3.8810318 -0.6504735 -0.5086215 0.3126911 0.4694815
1403715358.612143 -4.8549991 2.7738349 3.8781273 -0.6403960 -0.5150242 0.3192942 0.4719050
1403715358.912143 -5.0601988 2.7038760 3.8673291 -0.6234224 -0.5142668 0.3669110 0.4607064
1403715359.112143 -5.1822701 2.6581256 3.8496904 -0.6189129 -0.5209485 0.3753999 0.4523655
1403715359.212143 -5.2375202 2.6371706 3.8403153 -0.6157136 -0.5220138 0.3779162 0.4534068
1403715360.162143 -5.5492182 2.3532848 3.8248930 -0.6245507 -0.5238745 0.3646606 0.4500163
1403715360.362143 -5.5873222 2.2823777 3.8340015 -0.6308384 -0.5181339 0.3648427 0.4477389
1403715360.462143 -5.6053739 2.2506609 3.8400369 -0.6425703 -0.5038877 0.3690315 0.4438652
1403715360.562143 -5.6225801 2.2243452 3.8454208 -0.6555104 -0.4869395 0.3689409 0.4439355
1403715360.662143 -5.6386881 2.2066438 3.8498306 -0.6665126 -0.4713882 0.3598227 0.4517542
1403715361.062143 -5.6766949 2.1909702 3.8776455 -0.7073512 -0.4101239 0.2816326 0.5021312
1403715361.262143 -5.6909766 2.1917098 3.8938842 -0.7315307 -0.3698997 0.2459898 0.5172294
1403715361.662143 -5.7339897 2.1857598 3.9079943 -0.7624896 -0.3030634 0.1858511 0.5405752
1403715361.962143 -5.7935963 2.1690111 3.8973718 -0.7853189 -0.2609728 0.1584383 0.5385767
1403715362.162143 -5.8465004 2.1685770 3.8830593 -0.7960342 -0.2218153 0.1299020 0.5479535
1403715362.362143 -5.9093370 2.1796453 3.8612719 -0.8059734 -0.1758096 0.0918998 0.5577207
1403715362.562143 -5.9864087 2.1944752 3.8352959 -0.8143348 -0.1239562 0.0543890 0.5643896
1403715362.662143 -6.0311155 2.2029176 3.8236749 -0.8172610 -0.0977166 0.0375411 0.5666803
1403715363.012143 -6.2046208 2.2458348 3.8169055 -0.8150105 0.0192419 0.0298725 0.5783557
1403715363.212143 -6.2740932 2.2677672 3.8210530 -0.8132695 0.0644050 0.0161667 0.5780859
1403715363.362143 -6.2981610 2.2803829 3.8271463 -0.8128591 0.0893627 -0.0026043 0.5755587
1403715363.512143 -6.3001885 2.2894807 3.8373287 -0.8098390 0.1124002 -0.0245195 0.5752615
1403715364.112143 -6.1767893 2.2962408 3.9023199 -0.7822175 0.2180330 -0.1488577 0.5643039
1403715364.462143 -6.1027784 2.2647090 3.9425921 -0.7721643 0.2659369 -0.1687331 0.5518778
1403715364.912143 -5.9783359 2.1798587 4.0122995 -0.7711891 0.2714306 -0.1998114 0.5400632
1403715365.912143 -5.7838483 1.9998651 4.1458921 -0.7006991 0.4112711 -0.2829929 0.5096977
1403715367.062143 -5.6604700 1.5182042 4.1819391 -0.7065110 0.4332459 -0.2935250 0.4764277
1403715367.262143 -5.6149101 1.4360752 4.1926699 -0.7086435 0.4315932 -0.2864895 0.4790359
1403715367.512143 -5.5357237 1.3392801 4.2065206 -0.7133287 0.4305136 -0.2783197 0.4778686
1403715368.962143 -4.7261066 0.7566695 4.2473221 -0.7009912 0.4168240 -0.2999909 0.4948481
1403715369.212143 -4.6006694 0.6242156 4.2393923 -0.7223134 0.3958313 -0.2780845 0.4942165
1403715369.762143 -4.3188848 0.3818793 4.2370453 -0.7757806 0.2879119 -0.2095486 0.5209230
1403715370.762143 -3.7871823 0.2353282 4.2124600 -0.7703704 0.2768857 -0.1928133 0.5410054
1403715372.562143 -2.6223474 0.4573317 4.1675625 -0.7829424 0.2365473 -0.1747655 0.5481821
1403715373.062143 -2.2685807 0.5552988 4.2190313 -0.7857974 0.2237426 -0.1565591 0.5549334
1403715373.562143 -1.9272738 0.6376805 4.2428904 -0.7853432 0.2201897 -0.1655798 0.5543790
1403715374.612143 -1.4938288 0.8327270 4.2524571 -0.8279108 0.0294534 -0.0419097 0.5585156
1403715376.612143 -1.4899694 1.7422543 4.1701860 -0.8073059 0.0482696 -0.0616896 0.5849117
1403715376.812143 -1.5334623 1.8017135 4.1439409 -0.8100557 0.0422395 -0.0610141 0.5816381
1403715377.162143 -1.6434485 1.8734736 4.1109614 -0.8030217 0.0310968 -0.0550258 0.5925887
1403715377.562143 -1.8200026 1.8861933 4.0787716 -0.8060669 0.0250914 -0.0445348 0.5896127
1403715377.762143 -1.9250438 1.8735809 4.0610061 -0.8095906 0.0247996 -0.0427617 0.5849098
1403715379.462143 -2.7125959 1.6809578 4.0034351 -0.8256286 0.0182836 -0.0491087 0.5617751
1403715380.512143 -3.3247337 1.8879290 4.0754046 -0.8163905 0.0301065 -0.0409947 0.5752562
1403715381.362143 -3.9211349 2.0034122 4.1222892 -0.8116752 0.0375516 -0.0383670 0.5816366
1403715381.762143 -4.1881247 2.0087943 4.1169157 -0.8152171 0.0402239 -0.0519960 0.5754124
1403715384.612143 -5.3893843 2.8858261 3.9957166 -0.6878430 0.4557332 -0.2968180 0.4807060
1403715386.112143 -5.0444126 3.0218649 4.0848875 -0.6134785 0.5275455 -0.3782693 0.4497246
1403715386.612143 -4.9306464 2.9284501 4.1142740 -0.6082860 0.5288306 -0.3816836 0.4523758
1403715387.862143 -4.8231363 2.2519536 4.0848455 -0.6387389 0.5327357 -0.3501785 0.4307904
1403715388.362143 -4.6782517 1.8948579 4.0617409 -0.6396140 0.5181131 -0.3566885 0.4418440
1403715389.462143 -4.2616596 1.1540093 3.9662948 -0.6475555 0.4969090 -0.3693131 0.4442535
1403715389.862143 -4.1267285 0.9432836 3.9864416 -0.6570406 0.4859276 -0.3459623 0.4609578
1403715390.212143 -4.0081415 0.7746563 3.9731967 -0.7021518 0.4434685 -0.3094275 0.4632207
1403715392.062143 -2.8697352 0.7134137 3.9582043 -0.7859744 0.2640240 -0.1830929 0.5282164
1403715392.412143 -2.5464039 0.7930961 4.0447659 -0.7866760 0.2318120 -0.1679190 0.5469984
1403715392.662143 -2.3223364 0.8627491 4.0897794 -0.7846529 0.1833657 -0.1488770 0.5731775
1403715392.912143 -2.1240044 0.9081879 4.1172228 -0.8025197 0.1350205 -0.1161970 0.5694119
1403715393.812143 -1.6736240 1.0535474 4.1412878 -0.8102580 -0.0922424 0.0304278 0.5779685
1403715394.162143 -1.6286209 1.0806193 4.1305013 -0.8008620 -0.1720607 0.1039638 0.5640981
1403715394.462143 -1.6118741 1.0949311 4.1198153 -0.7723126 -0.2536884 0.1576712 0.5606381
1403715394.712143 -1.6090270 1.0865412 4.1151505 -0.7451640 -0.3194644 0.2051032 0.5482752
1403715395.262143 -1.6259116 0.9919286 4.0983858 -0.6729633 -0.4728551 0.3086009 0.4778014
1403715395.662143 -1.6730168 0.9056330 4.0615649 -0.6205581 -0.5438015 0.3598114 0.4355723
1403715395.962143 -1.7316434 0.8378158 4.0169287 -0.5948819 -0.5724197 0.3840296 0.4134884
1403715396.162143 -1.7835811 0.7948132 3.9939671 -0.5979039 -0.5657081 0.4036664 0.3994229
1403715396.562143 -1.8962507 0.7635956 3.9503675 -0.5827112 -0.5743616 0.3892496 0.4231327
1403715396.812143 -1.9593391 0.7398956 3.9204342 -0.5686204 -0.5877109 0.3996846 0.4141486
1403715397.012143 -2.0054433 0.7137473 3.8877482 -0.5679770 -0.6016385 0.3982009 0.3960675
1403715397.212143 -2.0617385 0.6874802 3.8505344 -0.5724420 -0.6084880 0.3983473 0.3786449
1403715397.612143 -2.2464328 0.6684432 3.7899413 -0.5807215 -0.5988228 0.4169852 0.3609671
1403715398.062143 -2.5278149 0.7472491 3.7704172 -0.5567026 -0.5880395 0.4284561 0.4008954
1403715399.412143 -2.8383648 0.8798645 3.6787796 -0.5484603 -0.5889484 0.4083802 0.4307630
1403715399.912143 -2.7192907 0.7227733 3.6748211 -0.5757263 -0.6019118 0.3832031 0.3992453
1403715400.362143 -2.6972480 0.5243533 3.7065139 -0.6005486 -0.5720775 0.3460566 0.4385358
1403715400.812143 -2.7778499 0.2433891 3.7238688 -0.6823268 -0.4785975 0.3018575 0.4628788
1403715400.962143 -2.8277397 0.1452904 3.7190478 -0.7094533 -0.4419126 0.2903158 0.4659463
1403715401.112143 -2.8831105 0.0546055 3.7161603 -0.7267234 -0.4209884 0.2783888 0.4659846
1403715401.262143 -2.9466457 -0.0234780 3.7186713 -0.7323218 -0.4157385 0.2624818 0.4711364
1403715401.412143 -3.0257773 -0.0904622 3.7275286 -0.7322302 -0.4117984 0.2564490 0.4780115
1403715401.562143 -3.1195564 -0.1472645 3.7434840 -0.7296969 -0.4061806 0.2608170 0.4842875
1403715401.712143 -3.2226753 -0.1928654 3.7613168 -0.7263469 -0.3927901 0.2744291 0.4927727
1403715401.862143 -3.3293738 -0.2254419 3.7785397 -0.7294830 -0.3727423 0.2816560 0.4995876
1403715402.012143 -3.4277663 -0.2468565 3.7895498 -0.7274188 -0.3738188 0.2688250 0.5087776
1403715402.162143 -3.5205076 -0.2641568 3.8011971 -0.7184823 -0.3755370 0.2651616 0.5219622
1403715402.312143 -3.6046009 -0.2826836 3.8121524 -0.7142860 -0.3703319 0.2615568 0.5331398
1403715402.462143 -3.6768498 -0.3029106 3.8160603 -0.7210232 -0.3651221 0.2377860 0.5387664
1403715402.762143 -3.8187723 -0.3668416 3.8183558 -0.7271932 -0.3421140 0.2139954 0.5552964
1403715402.912143 -3.8870692 -0.4234359 3.8186624 -0.7415018 -0.3268022 0.2220815 0.5422686
1403715403.112143 -3.9741635 -0.5006881 3.8198600 -0.7641636 -0.3158404 0.2248843 0.5154861
1403715403.262143 -4.0363979 -0.5450184 3.8254027 -0.7728941 -0.3156631 0.2217423 0.5038075
1403715403.412143 -4.1003332 -0.5717888 3.8334525 -0.7713388 -0.3184815 0.2138654 0.5078067
1403715403.562143 -4.1685314 -0.5807433 3.8430529 -0.7727047 -0.3075542 0.2046820 0.5161815
1403715403.712143 -4.2392683 -0.5770202 3.8474941 -0.7834623 -0.2866910 0.1890705 0.5179260
1403715403.862143 -4.3130274 -0.5602388 3.8519530 -0.7971727 -0.2565849 0.1749699 0.5177506
1403715404.012143 -4.3885970 -0.5255971 3.8581824 -0.8062665 -0.2268952 0.1567204 0.5233464
1403715404.162143 -4.4625969 -0.4753141 3.8678348 -0.8060855 -0.2023744 0.1315152 0.5403467
1403715404.312143 -4.5385294 -0.4164648 3.8750641 -0.8040498 -0.1865630 0.1024687 0.5551562
1403715404.462143 -4.6215501 -0.3585653 3.8781958 -0.8036738 -0.1760034 0.0866740 0.5617998
1403715404.612143 -4.7130814 -0.3049493 3.8774250 -0.8016938 -0.1701380 0.0800692 0.5673879
1403715404.762143 -4.8135366 -0.2571473 3.8726096 -0.8009369 -0.1591235 0.0901334 0.5701366
1403715405.062143 -5.0157232 -0.1662879 3.8555086 -0.8036895 -0.1198281 0.0883020 0.5761312
1403715405.212143 -5.1063366 -0.1246324 3.8453217 -0.8094776 -0.0806370 0.0768527 0.5764871
1403715405.362143 -5.1830697 -0.0853062 3.8327782 -0.8159019 -0.0392300 0.0510449 0.5745952
1403715405.512143 -5.2464342 -0.0474110 3.8200693 -0.8210396 0.0002014 0.0200597 0.5705187
1403715405.662143 -5.2983904 -0.0101452 3.8073478 -0.8241884 0.0350509 -0.0166046 0.5649861
1403715405.812143 -5.3446083 0.0286717 3.7948384 -0.8266320 0.0668906 -0.0510949 0.5564120
1403715405.962143 -5.3878393 0.0742960 3.7825217 -0.8232096 0.1037229 -0.0783898 0.5526505
1403715406.112143 -5.4277568 0.1275282 3.7682266 -0.8107273 0.1426561 -0.1057284 0.5578458
1403715406.262143 -5.4642577 0.1833162 3.7453656 -0.8004292 0.1819110 -0.1303139 0.5560934
1403715406.462143 -5.5086145 0.2566824 3.7101347 -0.7902616 0.2354531 -0.1530131 0.5446426
1403715406.662143 -5.5405278 0.3284392 3.6714346 -0.7776026 0.2838428 -0.1761181 0.5326819
1403715406.862143 -5.5520034 0.3956566 3.6317759 -0.7603516 0.3224815 -0.2088411 0.5236951
1403715407.062143 -5.5484891 0.4593239 3.5972223 -0.7430826 0.3596708 -0.2395559 0.5109582
1403715407.262143 -5.5351315 0.5189791 3.5678151 -0.7349615 0.3952993 -0.2557436 0.4880219
1403715407.412143 -5.5164528 0.5658760 3.5502687 -0.7355841 0.4080344 -0.2624758 0.4727901
1403715407.612143 -5.4668159 0.6392488 3.5452728 -0.7298113 0.4108210 -0.2724375 0.4736871
1403715407.812143 -5.4058914 0.7183409 3.5618513 -0.7280492 0.3962677 -0.2910531 0.4777076
1403715408.012143 -5.3327017 0.8175230 3.5693541 -0.7251874 0.3935739 -0.2898448 0.4849669
1403715408.162143 -5.2761407 0.9004221 3.5938935 -0.7235220 0.3946835 -0.2854246 0.4891560
1403715411.012143 -4.8493052 1.7748790 3.8224015 -0.7722566 0.2343745 -0.1891961 0.5593686
1403715412.312143 -4.9342909 1.8482857 3.7595084 -0.7853225 0.2239956 -0.1624509 0.5538089
1403715412.712143 -4.9638309 1.8127065 3.7399399 -0.7908806 0.2260025 -0.1619393 0.5451666
1403715413.112143 -4.9778066 1.7994628 3.7215300 -0.7893769 0.2246232 -0.1666076 0.5465076
1403715413.512143 -4.9939537 1.7982764 3.6151481 -0.7825037 0.2327950 -0.1561996 0.5559641
1403715413.912143 -5.0005398 1.7726488 3.5345721 -0.7837885 0.2251268 -0.1694762 0.5534179
1403715414.312143 -5.0253105 1.7390037 3.4994197 -0.7974313 0.2287743 -0.1665295 0.5329480
1403715414.512143 -5.0382576 1.7417216 3.5125837 -0.7989868 0.2271929 -0.1696351 0.5303088
1403715414.712143 -5.0506296 1.7637410 3.5052948 -0.7896587 0.2267979 -0.1716801 0.5436247
1403715414.912143 -5.0672626 1.7923908 3.4800887 -0.7818022 0.2408110 -0.1569448 0.5533207
1403715415.112143 -5.0746922 1.8121464 3.4443014 -0.7759291 0.2541088 -0.1461999 0.5585591
1403715415.262143 -5.0695701 1.8174536 3.4172177 -0.7739541 0.2571968 -0.1484992 0.5592790
1403715415.712143 -5.0390263 1.8098178 3.3583665 -0.7780441 0.2378746 -0.1957071 0.5475050
1403715415.812143 -5.0389423 1.8094759 3.3569765 -0.7787334 0.2379726 -0.1954754 0.5465645
1403715416.212143 -5.0446091 1.8127475 3.3563833 -0.7779109 0.2382536 -0.1968579 0.5471169
1403715416.662143 -5.0434403 1.8134685 3.3571582 -0.7791297 0.2398459 -0.1947132 0.5454518
1403715417.062143 -5.0442123 1.8125072 3.3551149 -0.7789806 0.2398204 -0.1947379 0.5456671
1403715417.412143 -5.0448484 1.8127732 3.3542662 -0.7790527 0.2401592 -0.1943591 0.5455503
1403715417.862143 -5.0451226 1.8122673 3.3539624 -0.7788985 0.2403298 -0.1942440 0.5457363
1403715418.212143 -5.0451965 1.8123722 3.3541985 -0.7788695 0.2403510 -0.1942640 0.5457612
1403715418.612143 -5.0449643 1.8121767 3.3546197 -0.7788226 0.2405091 -0.1941708 0.5457916
1403715418.712143 -5.0450311 1.8120804 3.3548474 -0.7787933 0.2404812 -0.1942410 0.5458208
