1403715277.862143 0.3595296 -0.5891691 0.3299132 -0.8218638 -0.1149625 0.0648107 0.5541869
1403715278.762143 0.3423097 -0.5561323 0.3772398 -0.8094760 -0.1039945 0.0690271 0.5737327
1403715279.512143 0.2994953 -0.4758992 0.4464162 -0.8077106 -0.1043840 0.0711726 0.5758836
1403715282.112143 0.1298428 -0.0852765 0.6395172 -0.8039622 0.1809685 -0.1380582 0.5493953
1403715283.912143 0.0209556 0.4721602 0.4197245 -0.6659392 0.4782098 -0.3359636 0.4636475
1403715284.362143 0.0130261 0.5710403 0.3794591 -0.6659391 0.4887639 -0.3157541 0.4668344
1403715284.512143 0.0253839 0.5944861 0.3677805 -0.6702830 0.4792604 -0.3222257 0.4660480
1403715284.862143 0.0715126 0.6411321 0.3503077 -0.6725963 0.4636435 -0.3377283 0.4675345
1403715286.362143 0.2424783 0.6012892 0.6702606 -0.6165541 0.5521836 -0.3778653 0.4149363
1403715286.462143 0.2695922 0.5886300 0.6899094 -0.6171946 0.5503084 -0.3806536 0.4139255
1403715287.462143 0.5906051 0.5400451 0.8278771 0.5722879 -0.5806978 0.4197705 -0.3988351
1403715288.312143 0.8052235 0.4820430 0.9520765 0.4623604 -0.6680735 0.4784156 -0.3331956
1403715289.162143 0.8574187 0.3542839 0.9188985 0.4460396 -0.6861689 0.4900447 -0.3001285
1403715289.412143 0.8655993 0.3173717 0.8485997 0.4275115 -0.6998248 0.4999608 -0.2784212
1403715290.512143 1.0806180 0.2410299 0.7211441 0.4058196 -0.7269676 0.4867579 -0.2643774
1403715290.762143 1.1855595 0.2256202 0.7412722 0.4009150 -0.7201533 0.4968983 -0.2715487
1403715291.212143 1.3873174 0.1935320 0.7501180 0.3668676 -0.7297037 0.4985899 -0.2904288
1403715291.662143 1.5320591 0.0978053 0.6983921 0.3350548 -0.7508583 0.5022182 -0.2678189
1403715292.062143 1.6277070 -0.0587478 0.6524984 0.3402515 -0.7532586 0.5148189 -0.2275780
1403715292.362143 1.7047131 -0.1725664 0.6289374 0.3736974 -0.7398393 0.5050944 -0.2405571
1403715292.462143 1.7372563 -0.2095476 0.6191231 0.3938334 -0.7303175 0.4988034 -0.2504532
1403715292.662143 1.8148787 -0.2804944 0.6022260 0.4336458 -0.6934010 0.4990588 -0.2865078
1403715294.612143 2.3009634 -0.6148669 0.8554339 -0.6964470 0.4181133 -0.3038472 0.4978151
1403715297.162143 2.4669671 -1.1256520 0.5063088 -0.8236212 0.0798263 -0.0573708 0.5585557
1403715297.262143 2.4887238 -1.1358572 0.4979497 -0.8320541 0.0629674 -0.0360282 0.5499301
1403715297.362143 2.5145073 -1.1398809 0.4874927 -0.8356991 0.0419422 -0.0170772 0.5473172
1403715297.712143 2.6383989 -1.1028341 0.4544570 -0.8377714 -0.0237241 0.0279827 0.5447874
1403715300.312143 2.7219539 -0.7122422 0.5376692 -0.7048801 -0.3902176 0.2688875 0.5278010
1403715300.862143 2.6615255 -0.5799558 0.5561323 -0.7057313 -0.3805672 0.2817889 0.5269792
1403715303.662143 2.9181788 -1.2320489 0.4197037 -0.6543276 -0.4928474 0.3252115 0.4724345
1403715304.062143 2.8406284 -1.3327928 0.4121468 -0.6038584 -0.5392725 0.3901297 0.4385650
1403715304.462143 2.8066490 -1.4015491 0.3850274 -0.6029507 -0.5462189 0.3948196 0.4268640
1403715304.762143 2.8034534 -1.4315635 0.3181498 -0.6047943 -0.5428995 0.3816994 0.4402153
1403715305.162143 2.8220334 -1.4758348 0.3058431 -0.6120690 -0.5418988 0.3730679 0.4387911
1403715305.662143 2.8477633 -1.5313946 0.3821323 -0.6062556 -0.5517690 0.3799750 0.4285139
1403715307.962143 3.3467400 -1.3397713 0.6023698 -0.7837612 -0.2716416 0.1572575 0.5359098
1403715308.212143 3.3998742 -1.3429661 0.5410092 -0.7968099 -0.2259834 0.1191913 0.5475572
1403715308.362143 3.4189076 -1.3406569 0.5065753 -0.8025523 -0.2029848 0.1022236 0.5515953
1403715309.362143 3.3929846 -1.1846192 0.5131111 -0.7928510 -0.1689047 0.1434935 0.5676867
1403715311.562143 4.0130200 -0.8277963 0.6069261 -0.8204761 -0.1162765 0.0735562 0.5548769
1403715312.762143 4.3661880 -0.3771058 0.6548535 -0.8055816 -0.1026824 0.0518642 0.5812098
1403715312.962143 4.4110041 -0.3010031 0.6524249 -0.7936478 -0.1157305 0.0496143 0.5952044
1403715314.712143 4.4195914 -0.2934253 0.8777122 -0.8218438 -0.0111479 -0.0215761 0.5691950
1403715317.362143 3.8218627 -0.2280831 0.6854671 -0.7539274 0.3250908 -0.2442050 0.5160169
1403715317.612143 3.7633691 -0.1709168 0.6511564 -0.7251409 0.3848370 -0.2762457 0.4997595
1403715318.012143 3.6856461 -0.0942784 0.6098619 -0.6723241 0.4735982 -0.3078219 0.4784670
1403715318.362143 3.6483989 -0.0863898 0.5728512 -0.6491566 0.5057635 -0.3296688 0.4627284
1403715318.612143 3.6420610 -0.1173612 0.5415318 -0.6474835 0.5182992 -0.3562057 0.4304051
1403715319.062143 3.7131338 -0.1676048 0.4863801 -0.6151879 0.5686048 -0.3879791 0.3843237
1403715319.262143 3.7897005 -0.1763908 0.4691002 -0.5896357 0.5820717 -0.4175727 0.3730353
1403715319.562143 3.9274025 -0.1594095 0.4528332 0.5463844 -0.6134536 0.4484796 -0.3521433
1403715319.762143 4.0247478 -0.1269180 0.4584680 0.5276187 -0.6287423 0.4575613 -0.3419640
1403715320.612143 4.4643054 0.1282977 0.6643624 0.3915311 -0.7072845 0.5098951 -0.2940392
1403715320.812143 4.5368061 0.1986214 0.7043517 0.3344733 -0.7366518 0.5140289 -0.2850368
1403715320.912143 4.5606270 0.2309233 0.7191384 0.3163804 -0.7481508 0.5104681 -0.2821277
1403715321.062143 4.5798273 0.2665800 0.7363179 0.3070142 -0.7574778 0.5094751 -0.2690812
1403715321.562143 4.5543590 0.2790850 0.7785149 0.3097501 -0.7608295 0.5099559 -0.2552221
1403715321.762143 4.5127993 0.2398030 0.7938769 0.3123359 -0.7545795 0.5184425 -0.2535219
1403715322.112143 4.3826261 0.1264275 0.8264642 0.2838530 -0.7630836 0.5254526 -0.2470437
1403715322.262143 4.2996798 0.0629208 0.8385606 0.2904637 -0.7669301 0.5295873 -0.2167634
1403715322.412143 4.2141109 -0.0076916 0.8436055 0.2852134 -0.7746305 0.5322238 -0.1879863
1403715322.512143 4.1595964 -0.0567852 0.8338425 0.2758250 -0.7814493 0.5326513 -0.1718725
1403715322.612143 4.1088166 -0.1053143 0.8143778 0.2679842 -0.7872269 0.5314782 -0.1612118
1403715322.712143 4.0635443 -0.1551294 0.7921832 0.2627592 -0.7905545 0.5310408 -0.1548450
1403715322.812143 4.0238242 -0.2082491 0.7704291 0.2594929 -0.7911413 0.5327462 -0.1514606
1403715324.162143 4.1035299 -0.8918560 0.8434236 0.2406770 -0.7398194 0.6027672 -0.1772388
1403715324.912143 4.1029902 -0.8447846 0.9413345 0.2503238 -0.7769982 0.5513839 -0.1720108
1403715325.312143 4.0654106 -0.8227286 0.9661860 0.2525356 -0.7630937 0.5672358 -0.1793250
1403715325.462143 4.0448580 -0.7972446 0.9674399 0.2532559 -0.7713929 0.5546460 -0.1821603
1403715326.162143 3.8890340 -0.7667122 0.9585445 0.2491574 -0.7840849 0.5398617 -0.1779908
1403715326.562143 3.7767811 -0.8170537 0.9237974 0.2451566 -0.7616485 0.5751821 -0.1701631
1403715326.862143 3.6869664 -0.8115258 0.8920736 0.2375530 -0.7703884 0.5665893 -0.1704315
1403715327.212143 3.5628712 -0.7769300 0.8606646 0.2253812 -0.7886963 0.5436583 -0.1777558
1403715327.462143 3.4550254 -0.7765785 0.8441291 0.2199347 -0.7953541 0.5353135 -0.1802224
1403715327.712143 3.3313026 -0.8094256 0.8265600 0.2450917 -0.7881423 0.5355831 -0.1786405
1403715328.462143 2.9985690 -0.9869104 0.7797694 0.3157676 -0.7404215 0.5567362 -0.2052109
1403715328.562143 2.9576592 -0.9995145 0.7742636 0.3136110 -0.7433563 0.5555326 -0.2011298
1403715328.662143 2.9177523 -1.0049763 0.7683766 0.3169987 -0.7490205 0.5473510 -0.1971981
1403715329.112143 2.7892911 -0.9672776 0.7526498 0.3876430 -0.7222041 0.5103573 -0.2601722
1403715330.062143 2.6729288 -0.8895931 0.6333396 0.4651673 -0.6743507 0.4715763 -0.3263227
1403715330.312143 2.6632156 -0.8847964 0.5808010 0.4769014 -0.6715105 0.4675412 -0.3210044
1403715331.312143 2.6422844 -0.9083338 0.6937802 0.5378670 -0.6186617 0.4203026 -0.3889761
1403715332.412143 2.5977168 -1.1750305 0.9228019 0.5473032 -0.6171625 0.4031760 -0.3962561
1403715332.762143 2.6393867 -1.3019713 0.9414486 0.5601051 -0.6076025 0.4001057 -0.3962536
1403715333.212143 2.7396007 -1.5109050 0.9740818 -0.5666689 0.5556425 -0.4248829 0.4354565
1403715333.362143 2.7533138 -1.5837988 0.9706792 -0.5742379 0.5549767 -0.4197385 0.4313597
1403715333.512143 2.7543886 -1.6555142 0.9617124 -0.5788115 0.5573076 -0.4151706 0.4266368
1403715334.212143 2.6906915 -1.9749367 0.9221163 -0.6150255 0.5488659 -0.3725418 0.4262657
1403715334.362143 2.6899152 -2.0442014 0.9245274 -0.6209593 0.5433730 -0.3672294 0.4292992
1403715334.762143 2.7187390 -2.2373149 0.9288955 -0.6264068 0.5332860 -0.3707443 0.4310096
1403715335.262143 2.7965753 -2.4606559 0.9217562 -0.6311328 0.5286329 -0.3734065 0.4275348
1403715335.562143 2.8576798 -2.5695810 0.9162140 -0.6415066 0.5156348 -0.3609120 0.4385574
1403715336.012143 2.9739914 -2.7105689 0.9038602 -0.6619294 0.4839787 -0.3418505 0.4590776
1403715336.312143 3.0597916 -2.7991016 0.8949696 -0.6619972 0.4709043 -0.3416862 0.4725035
1403715336.612143 3.1346259 -2.8854785 0.8879199 -0.6708478 0.4705773 -0.3356161 0.4646312
1403715336.912143 3.2147961 -2.9606812 0.8903549 -0.6703417 0.4701529 -0.3386033 0.4636230
1403715337.362143 3.3308673 -3.0355077 0.9291074 -0.6915091 0.4508393 -0.3126125 0.4699283
1403715337.512143 3.3739903 -3.0517242 0.9439765 -0.6955976 0.4451300 -0.2947729 0.4807415
1403715337.812143 3.4864819 -3.0905080 0.9649740 -0.6996675 0.4294400 -0.2944223 0.4892466
1403715337.962143 3.5501263 -3.1115370 0.9748594 -0.6996508 0.4273797 -0.3004487 0.4874074
1403715338.112143 3.6136467 -3.1315095 0.9870017 -0.6951854 0.4317919 -0.3030825 0.4882766
1403715338.262143 3.6761942 -3.1501679 0.9959511 -0.6935591 0.4327797 -0.3009419 0.4910311
1403715338.562143 3.7973650 -3.1910920 1.0115427 -0.7060355 0.4134309 -0.2788314 0.5028338
1403715339.012143 3.9814701 -3.2808952 1.0441829 -0.7408252 0.3544115 -0.2495415 0.5131273
1403715339.162143 4.0462270 -3.3122997 1.0467136 -0.7481328 0.3449777 -0.2480716 0.5096550
1403715339.312143 4.1133151 -3.3381665 1.0452859 -0.7497181 0.3392654 -0.2488564 0.5107760
1403715339.762143 4.3140345 -3.3970075 1.0122933 -0.7461741 0.3425800 -0.2600676 0.5081616
1403715340.062143 4.4284363 -3.4069762 0.9759157 -0.7548290 0.3176449 -0.2814178 0.5001389
1403715340.412143 4.4817772 -3.3414907 0.9881882 -0.7740183 0.2695894 -0.2158196 0.5306967
1403715340.562143 4.4893012 -3.2996941 1.0080961 -0.7854409 0.2465366 -0.1853393 0.5366114
1403715340.712143 4.5006051 -3.2556200 1.0255760 -0.7917289 0.2329014 -0.1658971 0.5398152
1403715340.862143 4.5177855 -3.2086568 1.0401930 -0.7947394 0.2304411 -0.1544158 0.5398536
1403715341.012143 4.5419083 -3.1598630 1.0541795 -0.7940416 0.2376936 -0.1454235 0.5402330
1403715341.162143 4.5782709 -3.1103365 1.0678111 -0.7909222 0.2376363 -0.1566225 0.5417016
1403715342.062143 4.7846003 -2.8514228 1.1339040 -0.7792963 0.2464309 -0.1969260 0.5414696
1403715342.212143 4.7851639 -2.8110309 1.1385822 -0.7850163 0.2531246 -0.1804653 0.5358262
1403715342.362143 4.7901030 -2.7676082 1.1402385 -0.7881056 0.2509589 -0.1708833 0.5354515
1403715342.512143 4.7992153 -2.7237751 1.1391881 -0.7965495 0.2326165 -0.1615102 0.5341469
1403715342.662143 4.8144512 -2.6729126 1.1388111 -0.8044268 0.1970764 -0.1631325 0.5361400
1403715342.812143 4.8260765 -2.6142035 1.1409504 -0.8079729 0.1702517 -0.1520355 0.5432121
1403715342.962143 4.8320928 -2.5483816 1.1455805 -0.8069146 0.1615497 -0.1334894 0.5522420
1403715343.262143 4.8468456 -2.4058640 1.1375763 -0.8056382 0.1526329 -0.1196404 0.5597646
1403715343.412143 4.8561878 -2.3334014 1.1241357 -0.8105040 0.1509936 -0.1183954 0.5534138
1403715343.562143 4.8657565 -2.2580526 1.1106427 -0.8122330 0.1506851 -0.1214137 0.5503002
1403715343.712143 4.8750248 -2.1771417 1.0988047 -0.8109205 0.1506440 -0.1268705 0.5510157
1403715343.862143 4.8835087 -2.0898509 1.0902112 -0.8059170 0.1490331 -0.1347995 0.5568805
1403715344.212143 4.8672228 -1.8847327 1.0831273 -0.8037946 0.1249638 -0.1161219 0.5699247
1403715344.812143 4.7028031 -1.5974908 1.0470289 -0.8096778 0.0617835 -0.1097875 0.5731940
1403715344.962143 4.6203279 -1.5383734 1.0349901 -0.8115888 0.0613715 -0.1048023 0.5714663
1403715346.962143 3.2277977 -1.0177212 0.9375819 -0.8089096 0.1184893 -0.0733408 0.5711801
1403715347.162143 3.1312666 -0.9833987 0.9426184 -0.8146442 0.1185394 -0.0767927 0.5624999
1403715349.212143 2.5111678 -0.6819529 0.8093276 -0.8015225 -0.1291899 0.1096493 0.5734533
1403715350.462143 2.9044847 -0.5503571 0.5431845 -0.7971463 -0.2538490 0.1329346 0.5314573
1403715350.662143 2.9409795 -0.5242429 0.5093905 -0.7980663 -0.2541840 0.1262989 0.5315349
1403715350.912143 2.9369857 -0.4738073 0.4755638 -0.7954033 -0.2483111 0.1312857 0.5370655
1403715351.162143 2.8919535 -0.4156120 0.4546385 -0.7909717 -0.2517255 0.1304248 0.5422060
1403715353.862143 1.8389587 -0.1532313 0.5895072 -0.7432589 -0.3301498 0.2212135 0.5381747
1403715354.162143 1.7908540 -0.1665763 0.5366299 -0.7489413 -0.3261153 0.2377969 0.5255363
1403715354.662143 1.7393041 -0.1583497 0.4595071 -0.7499473 -0.3376693 0.2271217 0.5215116
1403715355.112143 1.6844571 -0.1076123 0.5467441 -0.7483274 -0.3343690 0.2371466 0.5215027
1403715355.862143 1.6167104 0.0036672 0.6925420 -0.6908941 -0.4419442 0.2979756 0.4884274
1403715356.012143 1.6042042 0.0296227 0.7146964 -0.6862676 -0.4516245 0.2967883 0.4868152
1403715356.312143 1.5640663 0.0709334 0.7499832 -0.6863657 -0.4554656 0.2748815 0.4958763
1403715357.012143 1.3487366 0.0775071 0.7823613 -0.6835611 -0.4670990 0.3206345 0.4601699
1403715357.312143 1.2347763 0.1069981 0.8131331 -0.6400592 -0.5150819 0.3524570 0.4480950
1403715357.562143 1.1318257 0.1465806 0.8512487 -0.6251563 -0.5341008 0.3518589 0.4473380
1403715357.712143 1.0660751 0.1673779 0.8614043 -0.6195996 -0.5396472 0.3497476 0.4500600
1403715358.112143 0.8846147 0.1771498 0.8751794 -0.6141917 -0.5503874 0.3356270 0.4551889
1403715358.462143 0.6882148 0.1228251 0.8682929 -0.6179400 -0.5515364 0.3421664 0.4437116
1403715358.912143 0.3968106 -0.0136226 0.8548927 -0.5852777 -0.5589314 0.3973656 0.4326043
1403715359.012143 0.3392450 -0.0464675 0.8480995 -0.5821535 -0.5614755 0.4036451 0.4276837
1403715359.112143 0.2854314 -0.0770933 0.8389806 -0.5804395 -0.5652543 0.4053282 0.4234227
1403715359.362143 0.1672971 -0.1455587 0.8145203 -0.5735760 -0.5684642 0.4050556 0.4287062
1403715359.762143 0.0357848 -0.2716506 0.7962301 -0.5741028 -0.5677264 0.3966504 0.4367623
1403715360.062143 -0.0211544 -0.3902409 0.8045944 -0.5854918 -0.5664195 0.3972321 0.4225814
1403715360.262143 -0.0483917 -0.4685622 0.8129414 -0.5860758 -0.5687944 0.3941537 0.4214629
1403715360.362143 -0.0612880 -0.5058717 0.8187941 -0.5923444 -0.5629088 0.3955178 0.4193181
1403715360.462143 -0.0737590 -0.5400637 0.8251644 -0.6050051 -0.5495059 0.3995720 0.4151558
1403715360.562143 -0.0863627 -0.5686800 0.8307099 -0.6191989 -0.5335847 0.3993625 0.4151985
1403715360.662143 -0.0988380 -0.5891758 0.8359435 -0.6313177 -0.5189389 0.3908981 0.4234845
1403715361.462143 -0.1650840 -0.6145583 0.8946612 -0.7255648 -0.3836875 0.2481664 0.5145416
1403715361.662143 -0.1874739 -0.6265359 0.8970988 -0.7391381 -0.3579192 0.2240562 0.5247548
1403715361.862143 -0.2211388 -0.6448728 0.8915702 -0.7570179 -0.3336839 0.2073810 0.5220844
1403715362.062143 -0.2682979 -0.6568906 0.8812745 -0.7715015 -0.2994161 0.1843701 0.5302293
1403715362.162143 -0.2956853 -0.6595676 0.8725493 -0.7783059 -0.2795590 0.1687933 0.5362794
1403715362.562143 -0.4388703 -0.6526810 0.8261160 -0.8038394 -0.1833343 0.0948822 0.5578784
1403715362.712143 -0.5086289 -0.6503683 0.8106641 -0.8109918 -0.1440014 0.0710008 0.5625965
1403715363.012143 -0.6627023 -0.6373612 0.8064237 -0.8145919 -0.0408253 0.0715714 0.5741522
1403715363.162143 -0.7203085 -0.6279168 0.8083699 -0.8149164 -0.0049229 0.0633967 0.5760798
1403715363.462143 -0.7634139 -0.6080148 0.8242658 -0.8168703 0.0448334 0.0248517 0.5745392
1403715363.612143 -0.7520157 -0.5989200 0.8330948 -0.8155127 0.0622948 -0.0070280 0.5753338
1403715364.362143 -0.5846516 -0.5935160 0.9146881 -0.7901410 0.1999474 -0.1285787 0.5649477
1403715364.512143 -0.5513933 -0.6089082 0.9353973 -0.7897350 0.2111774 -0.1265197 0.5618858
1403715364.762143 -0.4793978 -0.6439229 0.9757507 -0.7866517 0.2119963 -0.1380486 0.5631866
1403715365.162143 -0.3470398 -0.7095498 1.0345080 -0.7829884 0.2372686 -0.1867456 0.5438372
1403715365.612143 -0.2487558 -0.7666611 1.0986385 -0.7572858 0.2929088 -0.2225568 0.5396211
1403715366.662143 -0.0914700 -1.0900500 1.1512170 -0.7224700 0.3853756 -0.2712810 0.5058945
1403715366.812143 -0.0653919 -1.1610241 1.1545060 -0.7301545 0.3821557 -0.2682866 0.4988523
1403715367.212143 0.0267301 -1.3265848 1.1726568 -0.7382002 0.3781858 -0.2540098 0.4975087
1403715368.062143 0.4373610 -1.5764331 1.2404501 -0.7364848 0.3626513 -0.2522952 0.5122709
1403715369.062143 1.0771555 -1.9281085 1.2316625 -0.7363067 0.3598424 -0.2563286 0.5125051
1403715369.262143 1.1910621 -2.0167310 1.2236311 -0.7536311 0.3330611 -0.2372555 0.5146069
1403715369.762143 1.4744747 -2.1936977 1.2241927 -0.7948731 0.2306727 -0.1713166 0.5344320
1403715370.012143 1.6248076 -2.2520144 1.2147262 -0.8070831 0.2025192 -0.1642908 0.5297278
1403715370.762143 2.0209138 -2.2596557 1.1982280 -0.7885458 0.2202170 -0.1532769 0.5533590
1403715372.762143 3.2720203 -1.8160663 1.1782603 -0.7998453 0.1655347 -0.1277927 0.5625963
1403715375.612143 4.2505512 -0.8964558 1.2362232 -0.8215312 -0.0084718 -0.0127468 0.5699582
1403715376.262143 4.1416254 -0.5732009 1.1931436 -0.8138728 0.0016767 -0.0111064 0.5809345
1403715376.662143 4.0559068 -0.4286281 1.1463274 -0.8109356 -0.0125881 -0.0196661 0.5846694
1403715377.062143 3.9341772 -0.3422927 1.1063511 -0.7971833 -0.0229725 -0.0116648 0.6031873
1403715377.462143 3.7698674 -0.3389966 1.0701212 -0.8063994 -0.0337624 -0.0049526 0.5903860
1403715377.662143 3.6724327 -0.3605121 1.0543822 -0.8074273 -0.0345844 -0.0010796 0.5889514
1403715377.862143 3.5684733 -0.3933715 1.0359055 -0.8103032 -0.0344239 -0.0000325 0.5849990
1403715380.312143 2.3798947 -0.5862031 1.0496752 -0.8143619 -0.0310160 0.0026076 0.5795221
1403715380.512143 2.2398775 -0.5657479 1.0610219 -0.8165521 -0.0298456 0.0003841 0.5764997
1403715380.962143 1.9251606 -0.5362219 1.0886137 -0.8138815 -0.0354200 -0.0017483 0.5799478
1403715381.362143 1.6346723 -0.5382147 1.1055276 -0.8121733 -0.0223086 0.0038297 0.5829771
1403715384.262143 0.0935679 0.0087117 0.9861649 -0.7536967 0.3254102 -0.2194194 0.5271667
1403715386.512143 0.4832840 0.2474288 1.0979263 -0.6486028 0.4808561 -0.3501184 0.4748779
1403715387.512143 0.6281460 -0.1900722 1.0389754 -0.6623830 0.4847274 -0.3323236 0.4645958
1403715389.262143 1.3307810 -1.3140852 0.9288993 -0.6783460 0.4534278 -0.3342424 0.4717330
1403715389.762143 1.5422888 -1.5681603 0.9693644 -0.6841313 0.4448324 -0.3212066 0.4805360
1403715390.512143 1.8732430 -1.8498304 0.9327530 -0.7604669 0.3328119 -0.2545791 0.4961008
1403715392.712143 3.4175477 -1.4144324 1.0780581 -0.7962206 0.1157323 -0.1011190 0.5851613
1403715393.062143 3.6682065 -1.3198791 1.1132739 -0.8186604 0.0427463 -0.0535835 0.5701725
1403715393.312143 3.8134778 -1.2508726 1.1268703 -0.8164536 -0.0250947 -0.0235765 0.5763834
1403715393.812143 3.9880505 -1.1466433 1.1246159 -0.8011987 -0.1515946 0.0719604 0.5743878
1403715394.062143 4.0196924 -1.1191745 1.1175094 -0.7930055 -0.2055571 0.1265518 0.5593506
1403715394.412143 4.0422111 -1.0955857 1.1058474 -0.7595031 -0.2963832 0.1894267 0.5472015
1403715395.062143 4.0518684 -1.1577946 1.0856309 -0.6718720 -0.4705934 0.3083674 0.4817048
1403715395.312143 4.0456462 -1.2089612 1.0761366 -0.6276249 -0.5318977 0.3494822 0.4483682
1403715395.512143 4.0312867 -1.2549188 1.0606594 -0.5978810 -0.5682162 0.3734366 0.4245160
1403715395.712143 4.0095348 -1.3036319 1.0362802 -0.5726419 -0.5949746 0.3936203 0.4039177
1403715396.112143 3.9345801 -1.4040284 0.9789171 -0.5535054 -0.6104761 0.4279786 0.3711942
1403715396.312143 3.8831382 -1.4378753 0.9567556 -0.5518068 -0.6072845 0.4304060 0.3761192
1403715396.612143 3.8022583 -1.4667478 0.9242220 -0.5353263 -0.6180664 0.4195598 0.3941945
1403715397.212143 3.6595631 -1.5596184 0.8296642 -0.5262506 -0.6489087 0.4249534 0.3484144
1403715397.412143 3.5852065 -1.5930996 0.7973642 -0.5344095 -0.6425351 0.4367047 0.3329329
1403715397.762143 3.3913312 -1.6049169 0.7592974 -0.5283340 -0.6357434 0.4487808 0.3395430
1403715398.112143 3.1622643 -1.5630600 0.7479427 -0.5092268 -0.6255580 0.4582592 0.3733147
1403715399.112143 2.8280258 -1.4468870 0.6673067 -0.4994314 -0.6220475 0.4392971 0.4130898
1403715399.612143 2.9224973 -1.5279921 0.6552787 -0.5104806 -0.6373697 0.4254820 0.3900441
1403715400.112143 3.0436997 -1.6996825 0.6677918 -0.5369378 -0.6356742 0.4020523 0.3820604
1403715400.412143 3.0592895 -1.8426050 0.6907678 -0.5630646 -0.6092046 0.3708652 0.4174770
1403715400.862143 3.0119238 -2.1391969 0.7057338 -0.6558528 -0.5140243 0.3315530 0.4423899
1403715401.012143 2.9740310 -2.2425539 0.6998444 -0.6831416 -0.4840252 0.3200998 0.4433659
1403715401.162143 2.9296379 -2.3370597 0.6994205 -0.6971446 -0.4701523 0.3064472 0.4461350
1403715401.312143 2.8731346 -2.4203107 0.7027473 -0.7005118 -0.4679233 0.2915983 0.4531021
1403715401.462143 2.7979426 -2.4963636 0.7142086 -0.6992520 -0.4631994 0.2905595 0.4605085
1403715401.612143 2.7091985 -2.5631647 0.7311559 -0.6963785 -0.4550977 0.3003322 0.4666302
1403715401.762143 2.6090915 -2.6197410 0.7490134 -0.6975145 -0.4367826 0.3154903 0.4723985
1403715401.912143 2.5111592 -2.6628411 0.7656350 -0.7003630 -0.4240551 0.3145120 0.4803657
1403715402.062143 2.4210687 -2.6968155 0.7777743 -0.6970745 -0.4288715 0.3011256 0.4893667
1403715402.212143 2.3353441 -2.7280993 0.7921782 -0.6858335 -0.4253366 0.3039233 0.5063120
1403715402.362143 2.2592065 -2.7590182 0.7993422 -0.6879130 -0.4221182 0.2924735 0.5128853
1403715402.512143 2.1912675 -2.7906663 0.8010116 -0.6927579 -0.4139632 0.2684658 0.5259727
1403715402.662143 2.1248138 -2.8305466 0.8027005 -0.6940352 -0.4034049 0.2546490 0.5391973
1403715402.812143 2.0615852 -2.8869884 0.8036528 -0.7056044 -0.3896737 0.2558605 0.5336781
1403715403.112143 1.9472554 -3.0211527 0.8059502 -0.7393295 -0.3712568 0.2615488 0.4971444
1403715403.262143 1.8925331 -3.0745103 0.8115673 -0.7479658 -0.3716551 0.2577062 0.4858057
1403715403.412143 1.8334429 -3.1103735 0.8193412 -0.7461316 -0.3744899 0.2501944 0.4903547
1403715403.562143 1.7672589 -3.1288698 0.8283844 -0.7483107 -0.3635752 0.2416784 0.4994355
1403715403.712143 1.6960148 -3.1350739 0.8322210 -0.7605432 -0.3435155 0.2262534 0.5023750
1403715403.862143 1.6200525 -3.1285701 0.8363442 -0.7764795 -0.3144870 0.2121520 0.5031592
1403715404.012143 1.5398531 -3.1046314 0.8422136 -0.7876976 -0.2856296 0.1943181 0.5100870
1403715404.162143 1.4585122 -3.0647359 0.8512087 -0.7893559 -0.2610205 0.1702805 0.5289520
1403715404.312143 1.3744467 -3.0167351 0.8582652 -0.7886001 -0.2450227 0.1424752 0.5456873
1403715404.462143 1.2847455 -2.9727643 0.8616612 -0.7889397 -0.2344324 0.1273529 0.5535313
1403715404.612143 1.1868688 -2.9339805 0.8620100 -0.7874817 -0.2284271 0.1212342 0.5594602
1403715404.912143 0.9733599 -2.8734572 0.8515809 -0.7902495 -0.2042328 0.1339107 0.5620165
1403715405.062143 0.8686330 -2.8428748 0.8422778 -0.7929860 -0.1787216 0.1300362 0.5677344
1403715405.212143 0.7735361 -2.8149066 0.8318567 -0.8016450 -0.1399695 0.1188407 0.5689032
1403715405.362143 0.6930053 -2.7876699 0.8197320 -0.8111632 -0.0991591 0.0929678 0.5688045
1403715405.512143 0.6257435 -2.7598081 0.8072217 -0.8190843 -0.0601869 0.0618216 0.5671477
1403715405.662143 0.5693684 -2.7300997 0.7945569 -0.8246747 -0.0256639 0.0248170 0.5644794
1403715405.812143 0.5185638 -2.6970847 0.7804151 -0.8295947 0.0057292 -0.0103660 0.5582403
1403715406.012143 0.4529431 -2.6418192 0.7628958 -0.8255485 0.0559308 -0.0470929 0.5595745
1403715406.162143 0.4063743 -2.5947564 0.7468421 -0.8164417 0.0961928 -0.0730986 0.5646473
1403715406.362143 0.3491994 -2.5296168 0.7147603 -0.8084124 0.1490347 -0.1028261 0.5600758
1403715406.562143 0.3000844 -2.4636693 0.6769032 -0.8019813 0.2023531 -0.1239975 0.5481824
1403715406.762143 0.2688779 -2.3983121 0.6374457 -0.7896899 0.2464505 -0.1522688 0.5408016
1403715406.962143 0.2566986 -2.3349788 0.5993390 -0.7744317 0.2841273 -0.1878081 0.5331560
1403715407.162143 0.2563245 -2.2728777 0.5683732 -0.7621730 0.3239565 -0.2127426 0.5185414
1403715407.362143 0.2655293 -2.2112324 0.5415518 -0.7637842 0.3499613 -0.2248166 0.4935771
1403715407.562143 0.2986631 -2.1351035 0.5307524 -0.7592261 0.3567317 -0.2343309 0.4913320
1403715407.762143 0.3444954 -2.0485692 0.5434022 -0.7549973 0.3452468 -0.2524146 0.4970621
1403715407.962143 0.4009957 -1.9448411 0.5504081 -0.7532627 0.3383806 -0.2562069 0.5024458
1403715408.712143 0.6211696 -1.4905295 0.6534172 -0.7451062 0.3013105 -0.2339975 0.5470594
1403715408.862143 0.6461931 -1.4127432 0.6470783 -0.7533579 0.2714919 -0.2149148 0.5590668
1403715409.212143 0.6668493 -1.2768860 0.6572270 -0.7788256 0.1964500 -0.1496232 0.5765857
1403715411.862143 0.6840639 -0.8098658 0.7678583 -0.7956443 0.1652895 -0.1237154 0.5694945
1403715412.712143 0.6329783 -0.8748603 0.7209470 -0.8055507 0.1674522 -0.1221498 0.5550921
1403715413.112143 0.6200130 -0.8918366 0.7089316 -0.8042415 0.1661959 -0.1266409 0.5563602
1403715413.512143 0.6019980 -0.8977846 0.6100848 -0.7980072 0.1749158 -0.1156224 0.5649960
1403715413.912143 0.5995011 -0.9234961 0.5270491 -0.7988177 0.1671189 -0.1291810 0.5632706
1403715414.112143 0.5942603 -0.9417377 0.4872126 -0.8002661 0.1657041 -0.1314450 0.5611049
1403715414.312143 0.5803483 -0.9594795 0.4893292 -0.8125529 0.1699217 -0.1277247 0.5427438
1403715414.512143 0.5674162 -0.9586197 0.5025393 -0.8139340 0.1682543 -0.1310111 0.5404054
1403715414.712143 0.5523435 -0.9385992 0.4946340 -0.8044220 0.1684742 -0.1321093 0.5541381
1403715414.862143 0.5382545 -0.9189672 0.4768127 -0.7999060 0.1776736 -0.1217056 0.5601520
1403715415.062143 0.5235570 -0.8995173 0.4446455 -0.7944823 0.1937314 -0.1064841 0.5656211
1403715415.262143 0.5253860 -0.8912194 0.4108354 -0.7914892 0.1996911 -0.1079816 0.5674577
1403715415.662143 0.5545986 -0.8902666 0.3670011 -0.7942536 0.1796830 -0.1550908 0.5593050
1403715415.862143 0.5555705 -0.8901855 0.3546304 -0.7938620 0.1797542 -0.1564978 0.5594463
1403715416.312143 0.5516541 -0.8883066 0.3494055 -0.7949033 0.1813381 -0.1559224 0.5576139
1403715416.712143 0.5521868 -0.8886965 0.3503488 -0.7956031 0.1820675 -0.1551783 0.5565851
1403715417.112143 0.5503983 -0.8899461 0.3490628 -0.7956631 0.1822974 -0.1549200 0.5564959
1403715417.512143 0.5475504 -0.8908322 0.3501030 -0.7954242 0.1825040 -0.1547039 0.5568298
1403715417.862143 0.5463724 -0.8915586 0.3503159 -0.7953944 0.1827586 -0.1546618 0.5568005
1403715418.162143 0.5454604 -0.8917254 0.3505251 -0.7953691 0.1828231 -0.1546817 0.5568098
1403715418.612143 0.5452731 -0.8923416 0.3506982 -0.7952818 0.1830553 -0.1546025 0.5568803
1403715418.712143 0.5452728 -0.8925883 0.3507613 -0.7952469 0.1830479 -0.1546606 0.5569164
