1403638538.177829266 -0.1033116339257273 0.08522708314567004 -0.011829647918449104 -0.07832665033464939 -0.8339010269852758 -0.049378963018014116 0.5440916568479263
1403638538.227829456 -0.10354019918552687 0.08528584549037702 -0.011961948232923885 -0.07834691071279186 -0.8338957702169076 -0.04932693140706372 0.5441015161108035
1403638538.277829409 -0.10361854446426955 0.08532187828927104 -0.012031486608072878 -0.07826219940947132 -0.8338350001449246 -0.04925777410120504 0.5442130946306792
1403638538.327829599 -0.10321323716698119 0.08523647101117222 -0.011792627448190405 -0.07840843709725563 -0.8338888907688136 -0.04931953943688994 0.544103866806749
1403638538.377829313 -0.10317495673041478 0.08530000392450614 -0.01160635976971797 -0.07829277964273594 -0.8338336801501759 -0.04938699658098784 0.5441990068639759
1403638538.427829504 -0.10334820588762164 0.08524160573381856 -0.01146799028466977 -0.07827525124268743 -0.8337379924147744 -0.049102443368832155 0.5443738560054905
1403638538.477829456 -0.10316823362060452 0.08521215271786574 -0.011289567656882082 -0.07820443674119429 -0.8338303820513557 -0.04933145586731791 0.5442217999162601
1403638538.527829409 -0.10314254024600275 0.08523444129475498 -0.011304677828785404 -0.07832370515804217 -0.8336874653351916 -0.04910986659710138 0.5444435952016652
1403638538.577829361 -0.10343545241564221 0.08521489298821448 -0.011366957267691614 -0.07821466453097976 -0.8337839460670429 -0.049465069359666304 0.5442793441298507
1403638538.627829552 -0.10335207386950422 0.08514031880550742 -0.011362415299061844 -0.07842932432185948 -0.8334985240352841 -0.04929074228407762 0.544701270645208
1403638538.677829266 -0.10340391989613859 0.08511825193800317 -0.01146243031262235 -0.07835577359363946 -0.8335990907264965 -0.049191625608695624 0.5445669037450537
1403638538.727829456 -0.10338587886799577 0.08530059433267875 -0.011412300208259413 -0.0783944342257839 -0.8331481333965477 -0.04934605525186602 0.545237074428498
1403638538.777829409 -0.10357436299735183 0.08529375037909652 -0.011380843140772267 -0.07820689843211716 -0.8326765000152845 -0.048967667745566594 0.5460180353023919
1403638538.827829599 -0.10433650475236572 0.08536451546152085 -0.011550037320512551 -0.0779167911570105 -0.8325131023494647 -0.04843963122629107 0.5463556627316364
1403638538.877829313 -0.10527842931296165 0.0853297949626959 -0.01121559040003535 -0.07775761071710785 -0.8318395695381645 -0.04774188893983806 0.5474645162625463
1403638538.927829504 -0.10650382761837729 0.08538442816667022 -0.010058304504397507 -0.07714576671977645 -0.8297868825778714 -0.048502926650628685 0.5505903434362424
1403638538.977829456 -0.108671389366193 0.0852723081881553 -0.008664088063229068 -0.07709481583437831 -0.8271593085717094 -0.04881729326648618 0.5545094584340007
1403638539.027829409 -0.11174062784628536 0.08535198423420239 -0.007312842350315266 -0.07776293448880237 -0.8252220995095922 -0.04985104792560431 0.5572039891470536
1403638539.077829361 -0.11523451204533945 0.08560904601385227 -0.005780783739783199 -0.07835023756363337 -0.8216752256660894 -0.05059390453912076 0.5622733504477958
1403638539.127829552 -0.11976857869489096 0.08598629445381929 -0.003811431763356553 -0.07894549053567841 -0.818615215626125 -0.050045413015456064 0.5666852697093745
1403638539.177829266 -0.12410221427933635 0.08629631917852108 0.0009413316342333259 -0.07867990926498405 -0.8163778566310013 -0.0500803291047167 0.569937389295868
1403638539.227829456 -0.1282324513373512 0.0865464304044257 0.007904887215408388 -0.07812815122549624 -0.8138520808258715 -0.04994442936957968 0.5736256065557328
1403638539.277829409 -0.13203732005612479 0.08665810147288025 0.01709032934207325 -0.0777447281375184 -0.8127379540345597 -0.049760162148707265 0.5752709810006721
1403638539.327829599 -0.13650874776726374 0.08701297457233291 0.026853455460323746 -0.07765230861894244 -0.8127952844891858 -0.04931398234900822 0.5752408848675256
1403638539.377829313 -0.14116339975997896 0.08757924540540761 0.039980611717312264 -0.07722104818486769 -0.8136762693323728 -0.0494512277979175 0.5740404293356532
1403638539.427829504 -0.14610066551861356 0.08754750015190917 0.05369166141266632 -0.07643240337712992 -0.8143624301154736 -0.04953811566832713 0.5731648063397191
1403638539.477829456 -0.1508355398324984 0.08791290677228057 0.06773115539330629 -0.07607243154506352 -0.8157234795304871 -0.04921315355493614 0.5713022454171478
1403638539.527829409 -0.15495822525692304 0.0885245264841061 0.08315591328146443 -0.07545940320392815 -0.8162988585968242 -0.04915072264985333 0.5705666116980789
1403638539.577829361 -0.1598206354273016 0.08903000384431208 0.09728537512207971 -0.07465606760901254 -0.8165152509570452 -0.04917364682139208 0.5703606481709594
1403638539.627829552 -0.16558866951275356 0.0900704948162245 0.11262294240096699 -0.07437158536093184 -0.8169079743939844 -0.048394679060274795 0.5699019070867124
1403638539.677829266 -0.17137938720919488 0.09033785806321477 0.12240254737780651 -0.07430465715073288 -0.8170055943168338 -0.04758792616072392 0.5698386316005882
1403638539.727829456 -0.17795505330771352 0.09123688852447813 0.13065692541644028 -0.07345979593891976 -0.8174494367929673 -0.04775014793482918 0.5692978131344565
1403638539.777829409 -0.1840263597293244 0.09173663159337649 0.13591753015696958 -0.07251613625763499 -0.8181936538992328 -0.0479429121473779 0.5683326771144831
1403638539.827829599 -0.19112726957213505 0.09186940261608637 0.1401947815704405 -0.07217751361420464 -0.819030674096722 -0.04760349506321074 0.5671975570071746
1403638539.877829313 -0.19831932203775127 0.09226506355559184 0.14360494799203977 -0.07205726521203566 -0.8208280116103243 -0.04689655128114681 0.5646679018360603
1403638539.927829504 -0.2061191726691393 0.09116739681053213 0.14754370168525827 -0.07169275571515087 -0.8229103768852511 -0.04612459340602375 0.5617394256020052
1403638539.977829456 -0.2130336495900424 0.09344170442576485 0.1538995961016685 -0.07193529488346669 -0.8254439798023813 -0.044997134946701 0.5580706114862377
1403638540.027829409 -0.2220591285777523 0.09444697043459113 0.15779322855339686 -0.07233505192832211 -0.8283997897797079 -0.04446751752896341 0.5536642199386502
1403638540.077829361 -0.2315667406968167 0.09541124695783743 0.16191026295314567 -0.07188911428926843 -0.8314467314530009 -0.04448677050811861 0.5491349699778589
1403638540.127829552 -0.2415743563050754 0.09563831861212593 0.16621856330096407 -0.07234402916836354 -0.8343348049294592 -0.04396198010841437 0.5447193029735182
1403638540.177829266 -0.25441449169049296 0.09650998388387087 0.16864369681149663 -0.07188161858587917 -0.8354476032017734 -0.04420113738604305 0.5430530311743657
1403638540.227829456 -0.2680572194421369 0.09787074793313834 0.17219088497493756 -0.07110013677150327 -0.8342239799274079 -0.044470798475240304 0.545011440199308
1403638540.277829409 -0.28316787761497986 0.09974293940343079 0.1774394535366363 -0.07020138465169165 -0.8312883720172282 -0.04491756482260767 0.5495578409160757
1403638540.327829599 -0.30096733388775715 0.10178132341413436 0.18024856306433315 -0.06967559208356622 -0.8280490759152308 -0.04542082769007857 0.5544519710089281
1403638540.377829313 -0.32141975792926797 0.10501336339757168 0.18234488051778197 -0.06788179057113759 -0.8251774194635826 -0.045640652905002466 0.558919689864907
1403638540.427829504 -0.3384613181637889 0.10620747276006232 0.18656223939154065 -0.06539801922274135 -0.8235448065816157 -0.04481261240704595 0.5616839684408372
1403638540.477829456 -0.3586658788326352 0.10788797877817216 0.1890823855071191 -0.06175744749525218 -0.8229722469107799 -0.04269726743003419 0.5630982523925125
1403638540.527829409 -0.3791102519591297 0.10897068101740837 0.19125783596706034 -0.05658381107916919 -0.8232597587714227 -0.03951016638362945 0.563454158440342
1403638540.577829361 -0.4015294550826252 0.10868185376730376 0.1931821788622759 -0.050091799455295086 -0.8234615437707735 -0.03550808562840129 0.5640399572840485
1403638540.627829552 -0.4273055705806092 0.10883579764452063 0.1967804315440172 -0.042664264795741494 -0.8237811627801532 -0.030872095464873843 0.5644566148780839
1403638540.677829266 -0.4554116600972183 0.11030475644792388 0.20111675054418174 -0.03301540368171147 -0.8241092007328729 -0.027331802979569664 0.5648070298190745
1403638540.727829456 -0.48107806788817914 0.10833003011114375 0.20646646356267348 -0.021383348453798957 -0.8236086080626877 -0.02406481944812791 0.5662442031481423
1403638540.777829409 -0.5039368733510028 0.10757132609578471 0.21122530446795987 -0.009049233612933602 -0.8238727730164275 -0.019655780759824965 0.566361559020351
1403638540.827829599 -0.5274450852977631 0.10508642706243942 0.21745678671605947 0.004984191023295047 -0.8236342942134354 -0.01527796729246154 0.5668935446367246
1403638540.877829313 -0.5522886726521015 0.09832628826877679 0.22135025651284548 0.01879016953435241 -0.8239110835720888 -0.009606869211397499 0.5663260226758896
1403638540.927829504 -0.5776234222409056 0.09234401155331012 0.2235068262612766 0.03291453116614664 -0.8233668387912584 -0.003933037817482941 0.5665405666238996
1403638540.977829456 -0.6001750351908398 0.08564612072320814 0.22750551269883398 0.044947273401361065 -0.8229529970405001 0.003892551406120062 0.5663152437639242
1403638541.027829409 -0.6222181443561731 0.07551000111697494 0.23128433671656531 0.05548138854858398 -0.8222663498241096 0.010705799729987775 0.566290783364693
1403638541.077829361 -0.6482043619417509 0.06573505160350702 0.23608509029030747 0.06431738835971228 -0.8213865223264377 0.01733815159568997 0.566468748471009
1403638541.127829552 -0.6743509802571244 0.05697534463805512 0.23753708024058043 0.07160245698986936 -0.8204477466830837 0.022671071569593432 0.5667668000417376
1403638541.177829266 -0.6998746469312579 0.04517945241064263 0.23589946749043222 0.07753210061444107 -0.8199281274652052 0.026845465977576918 0.5665562285617919
1403638541.227829456 -0.7291157393892682 0.03746736165774039 0.23384866433367169 0.08262183017279118 -0.8197923688860083 0.030184270121072217 0.5658648380421102
1403638541.277829409 -0.7547260730126518 0.024741001506009906 0.22998004423214846 0.0863082338349241 -0.8192926911470542 0.031967989023020685 0.5659402995750857
1403638541.327829599 -0.7814062592907097 0.011321385403539982 0.23140313219068834 0.08852039425344112 -0.8193543083704521 0.03401542508694418 0.5653897841420095
1403638541.377829313 -0.8056125806810686 -0.0008695124893270404 0.23420450282581853 0.09015462473754211 -0.8192189237959967 0.03500768138543654 0.5652671587638697
1403638541.427829504 -0.8336484485571338 -0.015843697884934067 0.2394092124610857 0.09002669518735741 -0.8194704110985648 0.036501873323516426 0.5648283391717043
1403638541.477829456 -0.8580285400542238 -0.029726510293632068 0.24368669946533683 0.09065451642624853 -0.8190487988307821 0.03635856063630107 0.5653484579034708
1403638541.527829409 -0.8824496513515678 -0.04860961686108715 0.25283023406801775 0.09083740408847098 -0.8184058337289011 0.03524021313507052 0.5663202139383383
1403638541.577829361 -0.9128601343294842 -0.06772398474365669 0.2593268299391519 0.09125192134847512 -0.8176992659102095 0.03549559900373345 0.5672574898857506
1403638541.627829552 -0.9416902694978114 -0.08790125111471522 0.26698776335132957 0.09311654658588381 -0.8168429458232218 0.03628073343233374 0.5681378521031424
1403638541.677829266 -0.9719851204973962 -0.11497035641463725 0.28141162124804475 0.09405119901995676 -0.8161362546069924 0.0395776929180605 0.568779036271787
1403638541.727829456 -0.9957029821398419 -0.14031181824749078 0.29419144519192625 0.09705242186625011 -0.8152958401305006 0.042972384483823234 0.5692336028798469
1403638541.777829409 -1.0197720357622286 -0.16774949736977077 0.31115436044911776 0.09949751766654456 -0.8150393725000505 0.049236751947785797 0.5686710890405383
1403638541.827829599 -1.0456563300392376 -0.1936239497355781 0.32795154177019104 0.10340882789600024 -0.8144823449735147 0.05526380368859996 0.568217419692047
1403638541.877829313 -1.0683905532491353 -0.21734028071763753 0.3410511620673484 0.10842592956334897 -0.8136676673829185 0.061296461850125675 0.5678305104682383
1403638541.927829504 -1.088702776405133 -0.24222866717701447 0.35649425737129176 0.11488153628897158 -0.8134791462175774 0.06716464561669853 0.5661650127552835
1403638541.977829456 -1.1151718795797965 -0.2687631207347767 0.3712221215621088 0.12255284293785307 -0.8129217875475624 0.07311022064433635 0.5646183345018674
1403638542.027829409 -1.1363399874476148 -0.29381987393327735 0.385234464151699 0.1305828692204723 -0.8122335574969672 0.08040340058522859 0.5628144059246364
1403638542.077829361 -1.1559485026270924 -0.32112792965000597 0.3983715294068125 0.139607879405401 -0.8113540904834785 0.08694619451444678 0.5609407625793568
1403638542.127829552 -1.1776958153963122 -0.34448757332579144 0.40864885009035057 0.14988760056679826 -0.8098211710986254 0.09388206914415245 0.559383173799491
1403638542.177829266 -1.2032949879725157 -0.37224344430462036 0.41483888576031525 0.1598302197297649 -0.8078114493413112 0.1022907059085919 0.5580605474847216
1403638542.227829456 -1.2254241872996259 -0.40062200191560526 0.41741890048009955 0.1709844691709294 -0.8062059234976735 0.11002627705464298 0.5555992607780306
1403638542.277829409 -1.2533845876715775 -0.4272244929396502 0.4207182421450271 0.18323117800824235 -0.8041050993365627 0.1173443964170563 0.5532373968344557
1403638542.327829599 -1.2804539821026208 -0.4554324543316418 0.427556237802057 0.19472805722161285 -0.801515474039065 0.12503620236893806 0.5513799748846374
1403638542.377829313 -1.3044581846885839 -0.48301810697898534 0.431513526072907 0.2049250577229216 -0.7968327314379893 0.13118049712859517 0.5530415861392568
1403638542.427829504 -1.3290047708870476 -0.5127741700630268 0.4371109421664442 0.2153663521367056 -0.7908198895126783 0.13515691280350123 0.556734986901228
1403638542.477829456 -1.3524164678451487 -0.5461738955806883 0.4400480572118803 0.22536108944304042 -0.7837743584903882 0.13695186689803537 0.562276018065122
1403638542.527829409 -1.3762764121221864 -0.5796870579292244 0.4407438605455749 0.23493809534837345 -0.7778067489585887 0.13543211693259158 0.5669910884058996
1403638542.577829361 -1.397189547823441 -0.6099002452060929 0.4425022136993555 0.24410221484417466 -0.77205421973923 0.13266114789507266 0.5716182382763682
1403638542.627829552 -1.41547390011771 -0.6398050456029368 0.4440093756799684 0.24999824696593428 -0.7697727655768151 0.1327387466973107 0.5721286490077288
1403638542.677829266 -1.4335247803283167 -0.6698351741755767 0.44810117052785525 0.25385262155929356 -0.7685993599663041 0.1335036792515106 0.571830952304238
1403638542.727829456 -1.4458741473082444 -0.699404452949723 0.45516626269349364 0.25449993588789005 -0.7701456585806364 0.13710071899635076 0.5686025325771433
1403638542.777829409 -1.4606256835060802 -0.7295788316075761 0.4662195094435274 0.2530982951758754 -0.772566610817009 0.14314333086733672 0.5644396085127176
1403638542.827829599 -1.4763247339704473 -0.7640074315409137 0.47226500785734543 0.2519385087611071 -0.7745170673154442 0.14714016094717952 0.5612486732962061
1403638542.877829313 -1.4825111373254891 -0.8007859010317354 0.4853258112880197 0.2500998503229159 -0.7776975182007627 0.150386618441852 0.5567948455638346
1403638542.927829504 -1.497296090601974 -0.8398949620501738 0.49688604850673995 0.24843774946078498 -0.7800102078962171 0.15348511093369938 0.5534483543585893
1403638542.977829456 -1.5071612553356206 -0.8706347066506904 0.5078613794682936 0.24724251779873843 -0.7817690907463848 0.15539828590868826 0.5509624296472067
1403638543.027829409 -1.510811349412231 -0.8927540747218017 0.5170384240449372 0.24608906994356847 -0.7831974082423537 0.1577758669003908 0.5487702298782249
1403638543.077829361 -1.5218200748373587 -0.929117568463093 0.5289487049230148 0.2446022279395076 -0.7844460134229762 0.1593492432245756 0.5471946827186686
1403638543.127829552 -1.5378250945984886 -0.9735915246342407 0.5413574025380369 0.24286063201158872 -0.7851383412523509 0.16013704041018037 0.5467473153140372
1403638543.177829266 -1.5522689711696096 -1.0140674910310907 0.5526421789857873 0.2422671513468011 -0.7855100318535708 0.16007844989675193 0.5464938308108899
1403638543.227829456 -1.5627880480383916 -1.0520301683357156 0.5614212651021138 0.24156837116336996 -0.7858080658601465 0.15982131072730754 0.5464499559154685
1403638543.277829409 -1.5712713444439574 -1.0895883682821854 0.5682720688898769 0.24021002493063984 -0.7854948304142761 0.160497240688706 0.547300329843296
1403638543.327829599 -1.5768575633513577 -1.1287340330242421 0.5779053247244037 0.23944503346162863 -0.7863347764371322 0.16006827258288764 0.5465545200878458
1403638543.377829313 -1.5855651564525983 -1.1730508047733612 0.585285530045924 0.23921158643525442 -0.786782844803266 0.15990462256595891 0.5460595972240091
1403638543.427829504 -1.5933532940533832 -1.212773261728411 0.5894833147380285 0.2406851871436757 -0.7864732538518424 0.16112874470047384 0.5454979278572548
1403638543.477829456 -1.599853742364275 -1.249735509809685 0.5924012149411202 0.24362795263817336 -0.785791402994559 0.16244367191527362 0.5447837599707408
1403638543.527829409 -1.6090235886945068 -1.2886912843238874 0.5958301882459265 0.24794019089562083 -0.7847991083179239 0.16536283440124733 0.5433885850115187
1403638543.577829361 -1.6198239099110234 -1.3319733827839084 0.5994346050572927 0.254921264496899 -0.7828978285196528 0.16787867604565632 0.5421281113682187
1403638543.627829552 -1.627740984863007 -1.3685483179045435 0.5994641731084845 0.26382708437294333 -0.780459908940851 0.17074948827203246 0.540483313657461
1403638543.677829266 -1.6367100323365222 -1.4146341757848322 0.6021978122974965 0.272955142801466 -0.7773513847063567 0.17507766805416433 0.5390437133128044
1403638543.727829456 -1.6445387973080492 -1.455980035897227 0.602417213283074 0.283294546700264 -0.7739596529768983 0.17993961489383106 0.5369845345683908
1403638543.777829409 -1.6526734725861743 -1.5014270215908805 0.6048678295754518 0.29430108466187027 -0.7696960529935263 0.18524295805958627 0.5353876203857985
1403638543.827829599 -1.6641024469797938 -1.5508170896180187 0.6126770412971105 0.30627059669485485 -0.7648234198324539 0.189630535309912 0.5341195728992189
1403638543.877829313 -1.6736801933049616 -1.598838903797834 0.6198571944029209 0.31673069123929365 -0.7602643235709919 0.1964785167743588 0.5320488887107738
1403638543.927829504 -1.6826907327173224 -1.6487168737485642 0.6299644362674673 0.3270237244379244 -0.7558524474282761 0.20360290928977653 0.5294227202341932
1403638543.977829456 -1.6868693793668732 -1.6934528866611003 0.6392412643190074 0.33500994173963194 -0.7520836651472178 0.21024448891759676 0.5271961252077961
1403638544.027829409 -1.6908419020757037 -1.7375850914240767 0.6496175555162271 0.3413753050722994 -0.7495828278661617 0.2180028689471269 0.5235104911897991
1403638544.077829361 -1.692961570390757 -1.779463282007529 0.6622729005004814 0.34642172992946424 -0.7481091649669331 0.2251880844364323 0.5192446330517106
1403638544.127829552 -1.696253669054347 -1.8200298115627944 0.673540856966656 0.35081890822007333 -0.7460772712050668 0.2299957366440452 0.5171042062795855
1403638544.177829266 -1.7107786413173485 -1.8734128575663482 0.6850904169536719 0.35288294260349024 -0.7447256475533583 0.2361171111253327 0.5148845001838375
1403638544.227829456 -1.7173333044304615 -1.921466650525737 0.6961543994264002 0.3550507062145915 -0.7430741903814603 0.23969975253362408 0.5141242770389048
1403638544.277829409 -1.7289728608401356 -1.965740979506374 0.6943381868461178 0.3557913510775765 -0.7411970079886158 0.24230611666861007 0.5150992677844676
1403638544.327829599 -1.7897743356068787 -2.0947287886181036 0.7321390663515654 0.35758935528278185 -0.7404137284578787 0.24413792276337476 0.5141148104930763
1403638544.377829313 -1.8005867837163574 -2.1420424021686366 0.7377919225902907 0.35826505611205417 -0.7406027620645665 0.24478019168662654 0.5130656450681729
1403638544.427829504 -1.8147597073110813 -2.1905806431041324 0.7464794956009976 0.3585771104658917 -0.7412592376202644 0.2454460762745244 0.5115793409960927
1403638544.477829456 -1.830616772656493 -2.2465726323913047 0.7529993409518403 0.3593696949827185 -0.7413503803471578 0.24415920827252982 0.511506907971812
1403638544.527829409 -1.8407691450413524 -2.294740381681435 0.757411823054598 0.35886752399407107 -0.7406310794449522 0.24438154583118954 0.5127936860373068
1403638544.577829361 -1.8537868915736369 -2.349729421785528 0.7637600762437544 0.358513711662537 -0.7389270239482852 0.2458019505527939 0.5148166401091981
1403638544.627829552 -1.867043024029352 -2.402370703802437 0.7714459327312387 0.35820507956274217 -0.735428251989749 0.24855598112009705 0.518704474050666
1403638544.677829266 -1.880708927962587 -2.4527141065693168 0.7791472099763884 0.35804908733959795 -0.7322932736278028 0.25078599509363103 0.5221626155898701
1403638544.727829456 -1.8868715838657815 -2.4930556579775263 0.7875101310863953 0.3583970354850937 -0.7309877276825011 0.2519451108082928 0.5231941972851643
1403638544.777829409 -1.8910021844355633 -2.5290688787176627 0.7922011017807653 0.3589765174157316 -0.731674859432363 0.2519585298564424 0.521828189398853
1403638544.827829599 -1.9064118366888885 -2.582130624076166 0.8018519918305926 0.36026836533762946 -0.7329048287172699 0.2509655751958095 0.5196859600244155
1403638544.877829313 -1.9246925350409414 -2.6509300579457644 0.8151815594449872 0.3609981304531952 -0.7352638600802703 0.24988629629995285 0.5163567030557954
1403638544.927829504 -1.9296563142801286 -2.6885282796522643 0.8228422735744748 0.3616058458306792 -0.7361549150159834 0.24952926033349226 0.5148323043441523
1403638544.977829456 -1.9349972435628817 -2.723182752150598 0.8234503445102161 0.36179870728070646 -0.7362653849757297 0.24992286560203658 0.5143476835233309
1403638545.027829409 -1.9434093770421612 -2.771865074373032 0.8277131002309963 0.3617833053745459 -0.7356338506385873 0.2506161537744936 0.5149244810787231
1403638545.077829361 -1.9514333805850774 -2.8116191943500572 0.8275571009526641 0.3618325580209307 -0.7349184768356093 0.2511964658613382 0.5156281294697096
1403638545.127829552 -1.9580590742378643 -2.854194345559112 0.8256750467027432 0.36217214221292066 -0.7344114079729966 0.2513271416648885 0.5160483418310554
1403638545.177829266 -1.9592726643445277 -2.8816000423273773 0.8177831597607561 0.36279969867919415 -0.7345311214194944 0.25083317212354966 0.515677350740697
1403638545.227829456 -1.9804414113528621 -2.946879523425044 0.8186431460490861 0.36391499166845415 -0.7347106877038998 0.25005786689002185 0.5150117934756677
1403638545.277829409 -1.9993396609228262 -3.00382963902022 0.8163562262139815 0.36443088004355745 -0.7339119899978573 0.25023622111485366 0.5156987087924707
1403638545.327829599 -2.0061496536502825 -3.0395765454769124 0.8087065520540256 0.3643169004031816 -0.7325712898723532 0.2507400111095312 0.51743786889265
1403638545.377829313 -2.0097234401561823 -3.0736994926745753 0.7980228227886366 0.363593321553799 -0.7312313444619204 0.25186062290910105 0.519294563832251
1403638545.427829504 -2.0174729663699686 -3.116172377528623 0.7926729952347886 0.3635101353095781 -0.7316131092576729 0.25258990171110907 0.518460202371508
1403638545.477829456 -2.0301603109722355 -3.165799928762126 0.7863134600829187 0.36441900519486997 -0.7314154303854418 0.25389881025318733 0.5174607724251921
1403638545.527829409 -2.0338945568790447 -3.192823031184002 0.7765685176787291 0.36693871997389027 -0.7304589122198877 0.25589460073815545 0.5160462253088588
1403638545.577829361 -2.044065546073814 -3.236127151436471 0.7721879113768157 0.37090083472659735 -0.729342266500522 0.25843087231849576 0.5135230406979769
1403638545.627829552 -2.0558409818024423 -3.28612947009294 0.7733655859977459 0.3755179962888536 -0.727380896368205 0.26307152169752623 0.5105846066359022
1403638545.677829266 -2.062492943779196 -3.3322012352093253 0.7733506016017698 0.3820975941177591 -0.7244668322294189 0.26686142191591844 0.507872246792346
1403638545.727829456 -2.0752770555066036 -3.356053939630743 0.773012896214467 0.38954152211259657 -0.7219305489306638 0.27102189442842667 0.5036078015790648
1403638545.777829409 -2.0824927966278874 -3.38985373862828 0.7729945222148413 0.3986404854927803 -0.7172417108784747 0.27577562451548204 0.5005975393719938
1403638545.827829599 -2.096844016791148 -3.4462123061292536 0.7768324770979834 -0.4082018388770542 0.7118722064181611 -0.2811866334476524 -0.49753723241291814
1403638545.877829313 -2.1053210000036144 -3.48494350193547 0.7823853998697046 -0.4183313207221925 0.7069324278083128 -0.2868781536957218 -0.49289590538774497
1403638545.927829504 -2.1155499873664874 -3.529976527131906 0.7890888836350916 -0.42979975118465574 0.700551238614815 -0.2917170967747932 -0.48928649215581516
1403638545.977829456 -2.1268752286481365 -3.5792471011587925 0.7963197903497506 -0.4406920374171528 0.6946753338477253 -0.2967758829116085 -0.48491317163251557
1403638546.027829409 -2.147684551253345 -3.6444955309468474 0.807984246576854 -0.45088425832841034 0.6885322648780624 -0.30031878139856893 -0.48211547927110127
1403638546.077829361 -2.158496205689512 -3.6923141363325827 0.8168597635595322 -0.4600384835608041 0.6829698666627441 -0.3032753687608491 -0.4795214339075163
1403638546.127829552 -2.1675279344643967 -3.742973089068163 0.8242904387339742 -0.46728701215993446 0.678192910886079 -0.30644601316719083 -0.4772714792489094
1403638546.177829266 -2.1780105854043326 -3.7917531898500587 0.8312609531108142 -0.4724315999235628 0.674509500145198 -0.3109591369218708 -0.4744994549758124
1403638546.227829456 -2.18174271462983 -3.831053518986741 0.8351855503968728 -0.47675349271731887 0.6720373309554749 -0.31365868039042455 -0.47190058825966347
1403638546.277829409 -2.190743622947027 -3.874578961164113 0.8397151211638011 -0.48017554205286167 0.6699863656333126 -0.3159979029261166 -0.46978191113111456
1403638546.327829599 -2.1965932734875318 -3.9205515768938466 0.8434771124699336 -0.48156619904828024 0.6691840012339287 -0.3196496207546411 -0.4670234345064022
1403638546.377829313 -2.202114167192586 -3.9646788286000363 0.8415298211269643 -0.4825095885297834 0.6684668453307473 -0.3222403873969611 -0.4652931402896828
1403638546.427829504 -2.212320177933226 -4.011679760860123 0.8385353167344832 -0.4829093615598392 0.6685930389039888 -0.3244932035246642 -0.46312639496502345
1403638546.477829456 -2.223535674478241 -4.065622724216612 0.8369812100871988 -0.48379962380099195 0.6680140459439359 -0.3250887399059208 -0.46261481776745167
1403638546.527829409 -2.2401540960845296 -4.122797926281908 0.8377859069046217 -0.4847991126136927 0.6676555515464713 -0.32587525988627414 -0.4615313639312139
1403638546.577829361 -2.247766363058822 -4.1669491276449415 0.8368246319180822 -0.4870635987344894 0.6661713337336586 -0.32631075042228225 -0.46098383817458694
1403638546.627829552 -2.2539623442920695 -4.207089690165679 0.8341850892202114 -0.48990700281710686 0.6639365287123743 -0.3281576410130441 -0.45988256878998585
1403638546.677829266 -2.2623784434583722 -4.258405012656879 0.835684184449845 -0.49295368557163394 0.6613985951263868 -0.3301069000537633 -0.45888778234234956
1403638546.727829456 -2.268320651194474 -4.302346665544614 0.8406196605577007 -0.495727382198668 0.6592764781515941 -0.33183289476473293 -0.4577071310855275
1403638546.777829409 -2.276863506386204 -4.363782712533912 0.8506170414315058 -0.4986405344915808 0.6572162454043389 -0.3322988244656419 -0.45716727288523945
1403638546.827829599 -2.304989898606408 -4.4491766505664465 0.8670031962126944 -0.5012269901716409 0.6555011515018025 -0.3327191465973013 -0.45649503194542274
1403638546.877829313 -2.3204849741478895 -4.520512535718124 0.88114206277889 -0.5033139951380413 0.6540903608144043 -0.33312133812702766 -0.455928718411469
1403638546.927829504 -2.364197159628057 -4.660875507664367 0.9004898112661354 -0.5053603680088016 0.6527276597937931 -0.3329157550802118 -0.4557681434737396
1403638546.977829456 -2.3814159948417055 -4.7301076789968635 0.908085125844996 -0.5076382451096498 0.6508664618938499 -0.3320654692694974 -0.45651811026793365
1403638547.027829409 -2.3797682586278412 -4.768018363436811 0.9111755594790927 -0.5092479363396697 0.6495935785832279 -0.3314450662580355 -0.4569889386521625
1403638547.077829361 -2.3914184559464404 -4.833588733141573 0.918400892220663 -0.510940946557266 0.6484202605896622 -0.3300353972992462 -0.45778504925076846
1403638547.127829552 -2.396333522916512 -4.8844232088579185 0.9198585381096122 -0.5130279704917886 0.6470745942099433 -0.3279159057182288 -0.458876813314976
1403638547.177829266 -2.3930034545294574 -4.91882540081972 0.9189719595598437 -0.5141560313028232 0.6464288931770087 -0.3269112584201183 -0.4592409940968384
1403638547.227829456 -2.387166530669413 -4.9468161321443835 0.9160642960243617 -0.5151706839698965 0.6457484213046883 -0.325880311416316 -0.45979361173432676
1403638547.277829409 -2.3894016584285143 -5.001465710021683 0.9151124772030281 -0.5156794378749856 0.6451758200261355 -0.32497128206912385 -0.460669669543039
1403638547.327829599 -2.3763111776034638 -5.012136769623986 0.9063229897851153 -0.5159571206063942 0.6449824944948842 -0.3244516301952252 -0.46099563029857066
1403638547.377829313 -2.381631746901447 -5.083387894948071 0.9089242417207769 -0.513439057323311 0.646636427383062 -0.3279866162158213 -0.45898414436613727
1403638547.427829504 -2.3854347211617872 -5.150732224974546 0.9099072707854405 -0.5119270965847592 0.6485549483868229 -0.3295957911207633 -0.45680821050057996
1403638547.477829456 -2.383381535186793 -5.212734564018077 0.9073307663228569 -0.5096075880728165 0.649899747264719 -0.33255455926744476 -0.4553437051220723
1403638547.527829409 -2.3742629538989557 -5.24647160381029 0.8998001512074063 -0.5077799895204309 0.6518673905766708 -0.3342548787254777 -0.45332335412331165
1403638547.577829361 -2.3720253381647742 -5.309902070104261 0.8920887875790785 -0.5061399440188106 0.653318210221457 -0.3354926642585837 -0.45215301114815654
1403638547.627829552 -2.3584220183661997 -5.355963640161081 0.8833531632161804 -0.5050753958116846 0.6541987431078956 -0.33598642362610953 -0.45170341176557044
1403638547.677829266 -2.3616925754802733 -5.424369493072091 0.8782303652490667 -0.5044411000754779 0.6547744789472795 -0.33581466953940325 -0.4517057294258086
1403638547.727829456 -2.3541596639454405 -5.473655074292899 0.8683121156487904 -0.5048269065077831 0.6546782340704244 -0.33453620311490495 -0.4523623913475522
1403638547.777829409 -2.351040123144324 -5.531055269037026 0.8609229342968231 -0.5050721028394176 0.6544205053125169 -0.3334596152098874 -0.4532556212381185
1403638547.827829599 -2.34161084507416 -5.568099131811409 0.8486440499009162 -0.5069114079224856 0.653102813427114 -0.3298920243354369 -0.45570691446531664
1403638547.877829313 -2.3345166505791304 -5.6323751389952355 0.8370467917509079 -0.5071650440864459 0.651926936455351 -0.329411399862577 -0.45745274862144114
1403638547.927829504 -2.3296779248190895 -5.677260895656603 0.8216743067242142 -0.5069247844279089 0.6528751970578085 -0.32960270398237235 -0.45622724329762976
1403638547.977829456 -2.3141450046851766 -5.715339558695404 0.8083857558510654 -0.507341945342397 0.6518798126587828 -0.32981955720474726 -0.45702945203718215
1403638548.027829409 -2.3237827492116265 -5.8112190189654696 0.8058109291924482 -0.5081286432166559 0.6523546333583168 -0.3311412404141286 -0.454515338768373
1403638548.077829361 -2.3358571670505657 -5.918616237059805 0.8106510374927557 -0.5097276391464697 0.6515616256891857 -0.3330739852138514 -0.4524454687508706
1403638548.127829552 -2.3310861579694016 -5.990727484229572 0.8095695885546623 -0.5122351198561622 0.6497403456384155 -0.3348020575670406 -0.4509548175643449
1403638548.177829266 -2.32418482667842 -6.05285593070532 0.806224995785313 -0.5152976787376626 0.6478799436527799 -0.3374601485380943 -0.44815235026572703
1403638548.227829456 -2.311589239951601 -6.098814826002646 0.8047623868912834 -0.5188816686908804 0.6447249536215489 -0.3408866779985485 -0.44596840789160497
1403638548.277829409 -2.3007767454180468 -6.159404881459773 0.8154236894601029 -0.5240698859838968 0.6419068409564046 -0.34380913991390555 -0.4417031100749181
1403638548.327829599 -2.3017573851368627 -6.257527071117827 0.823067781120491 -0.5290249134367112 0.6372825883893437 -0.3483794576758412 -0.4389023774924732
1403638548.377829313 -2.295732124752375 -6.342134359836075 0.8316737742509506 -0.5356942676404551 0.6328532538677903 -0.35152958171590476 -0.4346899629215604
1403638548.427829504 -2.291583960830558 -6.427615948293368 0.8443424708772741 -0.5418012018232277 0.6279746097843347 -0.3555009129017046 -0.4309506330140072
1403638548.477829456 -2.260485761243373 -6.395081619619796 0.8412076692583008 -0.5466234587217518 0.6232499858863574 -0.3599051181912118 -0.42805438365643983
1403638548.527829409 -2.24690457963712 -6.4646642011483015 0.847620109593658 -0.5506519693063698 0.6195015043239555 -0.3634855341568497 -0.4252982027919738
1403638548.577829361 -2.2424078537858594 -6.550568427090631 0.8560940078905361 -0.5548158583555086 0.6153911723025276 -0.3664006184423433 -0.4233481488968972
1403638548.627829552 -2.224287456640435 -6.587903946444582 0.8608357817172315 -0.5579706731477636 0.6123629623840809 -0.36871403737850106 -0.42158070265047654
1403638548.677829266 -2.195514691246189 -6.572591373371541 0.8644547338831362 -0.5602341145021159 0.6103019859090462 -0.3711601395505069 -0.4194155144392645
1403638548.727829456 -2.180620608893204 -6.619427862220012 0.8701985279845599 -0.5625415381139693 0.6083615295820103 -0.37239034891589456 -0.41805345980544745
1403638548.777829409 -2.1649758909053682 -6.673392737116084 0.875633434598315 -0.5643312617301954 0.6066892880091156 -0.37371315079996303 -0.41688945269479094
1403638548.827829599 -2.1565058618054502 -6.754050214207817 0.8816114394565957 -0.5659543592285042 0.6055409839096421 -0.3745573974083012 -0.4155990088086301
1403638548.877829313 -2.140552296354177 -6.796078474841341 0.8871973901937624 -0.5670249696647994 0.6046117654383819 -0.37495236605190296 -0.4151361464172882
1403638548.927829504 -2.132656324837694 -6.880802092952238 0.8953331973312667 -0.5673428809704414 0.6038025547402269 -0.37635775458196197 -0.41460749012452564
1403638548.977829456 -2.1246233585326864 -6.956803420322607 0.9062317250450949 -0.5679416354713869 0.6035374728661366 -0.3763234163878341 -0.41420466417295754
1403638549.027829409 -2.1139953155220286 -7.025976723445048 0.9183352593257332 -0.569002746229789 0.6032578183462268 -0.3755358103829337 -0.41387043202811974
1403638549.077829361 -2.0922759182864437 -7.023162927499461 0.9283908118512348 -0.5683140937172207 0.6033660309805852 -0.37689745853867845 -0.41342088637149793
1403638549.127829552 -2.0858826076870414 -7.151564711275024 0.9480231968168994 -0.5675476185314442 0.6037671850682437 -0.37770653438420454 -0.4131496833080344
1403638549.177829266 -2.075763322093669 -7.23201472541516 0.9668082628958489 -0.5672372633646986 0.6034099734941158 -0.37793850016568936 -0.41388498526869444
1403638549.227829456 -2.0627535036942852 -7.293771718290363 0.9866705974658676 -0.5668833765934206 0.6039110099874206 -0.3781981468960886 -0.41340160986911995
1403638549.277829409 -2.0606869567210566 -7.380240995930983 1.0118574681313781 -0.5662162093066998 0.6041095791600765 -0.37902836960305825 -0.4132654301068919
1403638549.327829599 -2.050802658878363 -7.442789438118451 1.0336630454144449 -0.5651024432323414 0.6048448161002473 -0.3802409367258403 -0.41260005711021425
1403638549.377829313 -2.0335932102826795 -7.48798704289126 1.0526450915151597 -0.5640552798113642 0.6053774649693536 -0.38132806669848485 -0.4122483132436062
1403638549.427829504 -2.0181357923204954 -7.550642360345238 1.0741275019557943 -0.5626898656571898 0.6061613346760507 -0.38223298499097685 -0.4121243703244572
1403638549.477829456 -1.9986694421643263 -7.58178290478913 1.0925163393681303 -0.5617483338456672 0.6071939428503988 -0.3826876336879717 -0.4114662807687943
1403638549.527829409 -1.9852148185973326 -7.645599148909472 1.1090325297426327 -0.5610387615068052 0.6076134759853831 -0.3827835431033435 -0.41172579590926917
1403638549.577829361 -1.9737537064799302 -7.687978367869478 1.1260842057099636 -0.5600487680195516 0.6073538719857248 -0.3838392245353957 -0.4124731522557517
1403638549.627829552 -1.9606095107107429 -7.742075143617236 1.1394132177311365 -0.5592635436426986 0.6067616243125138 -0.38459943461198376 -0.4137002476552241
1403638549.677829266 -1.9502854145258022 -7.806864887620708 1.1508234211792627 -0.5585660357846072 0.6067050892219351 -0.3850256988428817 -0.41432852859853053
1403638549.727829456 -1.9424842262189983 -7.870957756619563 1.1652624208322944 -0.5593946724888994 0.6060080532283242 -0.38355954949837145 -0.4155886329076629
1403638549.777829409 -1.934927108352818 -7.961088541628471 1.1833470670138275 -0.5591079908309309 0.6069127985130487 -0.3835372255251708 -0.41467373467162544
1403638549.827829599 -1.928494630590914 -8.04674787041887 1.2049277654110193 -0.558715157052945 0.6078649652511047 -0.38369471712820363 -0.41366160245723116
1403638549.877829313 -1.920028587260611 -8.117742569598725 1.2238773233624356 -0.5591056612784371 0.6086144788679249 -0.38248916294992963 -0.41314805562242235
1403638549.927829504 -1.9112302636709786 -8.241622289181977 1.247254935602778 -0.5594130362308143 0.6087080451940743 -0.38153446786508577 -0.41347674715990546
1403638549.977829456 -1.9083668663019526 -8.331078700591437 1.2716288425805786 -0.5590926821349765 0.6094457753403529 -0.3822359786520511 -0.41217335712879716
1403638550.027829409 -1.8996281308678042 -8.394651659023388 1.2959123382544693 -0.558802532832498 0.6096298334622818 -0.3823228118556562 -0.41221409848223317
1403638550.077829361 -1.894109141073214 -8.473247502445226 1.3247642778485484 -0.5587722304057571 0.609848179794388 -0.38246889726284017 -0.41179647249022705
1403638550.127829552 -1.8922247930446507 -8.503803675884491 1.3515431894241052 -0.5585231180081338 0.610421423967262 -0.38368048160306306 -0.4101547267179719
1403638550.177829266 -1.8906050552244709 -8.61027823528029 1.3814725502160141 -0.5587294537429667 0.6101756487225503 -0.3836766817593427 -0.4102429513108555
1403638550.227829456 -1.8903167704386412 -8.71043697567644 1.4174868766136102 -0.5589976332442103 0.6102923794993913 -0.3839300431718191 -0.4094662128948217
1403638550.277829409 -1.8920046331525882 -8.843307423879148 1.4566753063268099 -0.5593909989423008 0.609902091122865 -0.3835291768892161 -0.40988598417239347
1403638550.327829599 -1.8705140246030287 -8.763649012218991 1.4700425624227422 -0.559508741971083 0.609276884598032 -0.3836076770323887 -0.4105810464138199
1403638550.377829313 -1.8681844063917912 -8.84278243381195 1.4990008252166147 -0.5597865136396133 0.6084609240575916 -0.38375997821291813 -0.4112695492790704
1403638550.427829504 -1.8679652039023527 -8.897268857811408 1.5215936236980778 -0.5588132228041378 0.6083541741306328 -0.38596319825245856 -0.41068892173008775
1403638550.477829456 -1.8620616378867163 -8.975970206678927 1.545918443753777 -0.5582072651283059 0.6085798338328479 -0.3869223241509553 -0.41027594382754584
1403638550.527829409 -1.8607248606125015 -9.017740784512693 1.5695452013689124 -0.5574273275220208 0.6092432311079151 -0.3887234123340612 -0.4086460186814606
1403638550.577829361 -1.8556813423499972 -9.08512141607794 1.5952639785589209 -0.5560548127846343 0.6091316705681709 -0.3906349979017471 -0.4088593297262237
1403638550.627829552 -1.8556030943221957 -9.180402227884727 1.623626138178098 -0.5542907685125713 0.6085827828847319 -0.39300544769385093 -0.4097992903861282
1403638550.677829266 -1.8539222822033752 -9.195444759599644 1.638683054603054 -0.5525934023311423 0.607576582484428 -0.39529166717471625 -0.41138270014533784
1403638550.727829456 -1.8502267759648092 -9.210941646188536 1.651462035841266 -0.5514679984126868 0.6071877254132637 -0.39721825494456586 -0.41161118883354725
1403638550.777829409 -1.8503410156156828 -9.224040120080012 1.656766470771596 -0.5505954956663369 0.6061881789609991 -0.39858427925962586 -0.41292985380930414
1403638550.827829599 -1.8529179474607638 -9.267798521300167 1.6717145667366469 -0.5488295403261829 0.6043804464665455 -0.40106982576138683 -0.4155158317777805
1403638550.877829313 -1.8486191633300542 -9.302536292735407 1.6872840352238145 -0.5465036655852733 0.6022171518463868 -0.40428720806292545 -0.41859299912990733
1403638550.927829504 -1.8485690808425645 -9.432804148335059 1.7118963710736728 -0.5439013257812301 0.5999983513665623 -0.4066024556811395 -0.42290397161163495
1403638550.977829456 -1.852575207959446 -9.47698950777182 1.7285615549217437 -0.5417774870712607 0.5982609364770388 -0.40953379551029145 -0.42525648345827877
1403638551.027829409 -1.8481542792267425 -9.435918933582784 1.7251919664831208 -0.5399907752783537 0.5969997839288806 -0.41148792773666154 -0.42740952952658956
1403638551.077829361 -1.85228302580575 -9.504985532827602 1.7381386361500786 -0.5387700368980377 0.5957938510525954 -0.41285613602946697 -0.4293091489027728
1403638551.127829552 -1.8700971546993734 -9.718192272560474 1.7710758804336992 -0.5379652899976259 0.59596694046648 -0.4145191458147761 -0.42847477216492197
1403638551.177829266 -1.8775237212269316 -9.799445196361749 1.7905270920564098 -0.5364265005163622 0.5958945859938364 -0.4173102711241486 -0.42779479840373613
1403638551.227829456 -1.889279758034916 -9.87953099788426 1.810729377884553 -0.5360165655358222 0.5961789618205274 -0.41836066319018417 -0.42688551445188316
1403638551.277829409 -1.906541832766228 -9.995472731364334 1.84266184012376 -0.5355908757491695 0.5974368302768743 -0.4182690090182368 -0.4257495551822235
1403638551.327829599 -1.9240645804062124 -10.096846218313242 1.8734125800004475 -0.5353574389725911 0.6004636345804765 -0.4160101897380938 -0.42399452604625426
1403638551.377829313 -1.9368933226740908 -10.164517581183203 1.8954688822743582 -0.5326069288523331 0.6049521849574164 -0.41375900802693744 -0.4232802812916026
1403638551.427829504 -1.9548920573203614 -10.228024280458303 1.920390327889869 -0.5285606772126304 0.6106515992341864 -0.41057195994314777 -0.42327166284278767
1403638551.477829456 -1.9763223226154956 -10.369476001672227 1.9548878928638769 -0.5228739066422201 0.6174366415677448 -0.406638493639875 -0.4242876464057614
1403638551.527829409 -1.9956945408208464 -10.45706180521238 1.9779931946320395 -0.5153119586986074 0.6249468592119429 -0.4033411215120336 -0.42568879252424296
1403638551.577829361 -2.0122781699303607 -10.444530760800031 1.983451590547637 -0.5063493006817879 0.6320218690529389 -0.4005088946905553 -0.42866230066527183
1403638551.627829552 -2.034373267622856 -10.556632648231586 2.010213330555055 -0.4970766249854333 0.6408803302124861 -0.3971143717627245 -0.4295199727362188
1403638551.677829266 -2.0567148891088247 -10.605862717656441 2.0243213487627427 -0.48763192477809697 0.6486519026356338 -0.3934716390705521 -0.43202532841433516
1403638551.727829456 -2.0821378982623657 -10.616785984475642 2.0319112335423806 -0.4783765279248493 0.6554470307043159 -0.3891263495496377 -0.43603414035787935
1403638551.777829409 -2.1013120278307 -10.568037358368588 2.0254529184572565 -0.46895924228450475 0.6621966059041666 -0.38434440101374084 -0.4402865721485655
1403638551.827829599 -2.1377171124683616 -10.721660450038758 2.0531708402167133 -0.46003653693995966 0.6683228128788676 -0.3794425117089469 -0.4446733438986115
1403638551.877829313 -2.17723848831362 -10.870995152040576 2.083048728209628 -0.4530763168141387 0.6726052554571736 -0.3740254880157959 -0.4499210550619631
1403638551.927829504 -2.200262097661073 -10.83548753091857 2.0796642362730493 -0.44887105769872443 0.6747499219740414 -0.3670802942401999 -0.4565954160271235
1403638551.977829456 -2.229752552210833 -10.850936018232419 2.0864085671322288 -0.44484600720078643 0.6758138043175926 -0.3618111550617879 -0.4631203081750522
1403638552.027829409 -2.256748875673416 -10.829395231299168 2.090218142957263 -0.44214355859635956 0.6762131979263837 -0.35605922168225695 -0.4695387259821562
1403638552.077829361 -2.27933467406295 -10.882898066456708 2.1060610785999647 -0.43980879553089414 0.6768944658601322 -0.35200101390417143 -0.4737904512250388
1403638552.127829552 -2.3134753400736 -10.9197586190578 2.1272588363049514 -0.43808762471981 0.6791205684054631 -0.34813085632327057 -0.4750572528776108
1403638552.177829266 -2.3562521135479533 -10.976901235511527 2.154959509882457 -0.4367597234157363 0.6818387961916307 -0.34591420196438627 -0.4740043933225719
1403638552.227829456 -2.392610026543389 -11.00140183364284 2.1727274970179318 -0.4359957749864107 0.6839768084442978 -0.3436446766812204 -0.473277662575587
1403638552.277829409 -2.433292041189182 -11.030908946962528 2.1989681834874903 -0.4356193293111498 0.6859913265218722 -0.3417790336664033 -0.4720580388186666
1403638552.327829599 -2.4790144895161554 -11.069307559726926 2.2214034903768125 -0.4353035412601025 0.6865592473910822 -0.3415557747890779 -0.47168514869183437
1403638552.377829313 -2.51933597023896 -11.085312376048943 2.2407687496823803 -0.43334709058179455 0.6867220018834661 -0.3440332015833441 -0.4714491991951761
1403638552.427829504 -2.563760804049045 -11.11710773195018 2.2623606370037495 -0.43043591428929806 0.6848497533635656 -0.3473203447065021 -0.474419979723405
1403638552.477829456 -2.6109223489730593 -11.134448106606369 2.27664011654214 -0.42799225772639166 0.6827400338008257 -0.3514007543177146 -0.47666149774956074
1403638552.527829409 -2.6529859685341335 -11.1363093283863 2.2884399784586194 -0.42588346922547027 0.6809522180645622 -0.35437517943305324 -0.4789003858374121
1403638552.577829361 -2.6976166162013637 -11.15346057819578 2.2992152353182544 -0.42474720116145365 0.6789029047309194 -0.3567279123706106 -0.4810674148070495
1403638552.627829552 -2.742440991080821 -11.18537990108415 2.3152763704690256 -0.4248152493006675 0.6774343148542497 -0.3573656365430586 -0.4826018595464999
1403638552.677829266 -2.789242199081041 -11.205660853130473 2.3265861594062622 -0.4259584673533488 0.6768870372032961 -0.35697129458149707 -0.4826539317160276
1403638552.727829456 -2.8376999762239143 -11.214963429206412 2.3317226474426387 -0.4267158013851715 0.6763862273331724 -0.3574997002789523 -0.48229582272985555
1403638552.777829409 -2.88798651695367 -11.249145943504745 2.346723116864811 -0.4281792701727581 0.676096574720427 -0.3565399301504137 -0.48211535181320314
1403638552.827829599 -2.9366498936942893 -11.264265478125491 2.3550211812256205 -0.42982807454225935 0.6755335147018605 -0.3559262830751552 -0.4818908360470756
1403638552.877829313 -2.9933885881788274 -11.29400362481296 2.3648137197778474 -0.4323961234256268 0.6747115156444197 -0.3544426107496501 -0.48183856091877103
1403638552.927829504 -3.0368987044091886 -11.268902715950857 2.3648415705313037 -0.43581504187238873 0.6741899748126843 -0.35195612225545964 -0.4813107261912413
1403638552.977829456 -3.0959156020493137 -11.301596796901952 2.37245789562487 -0.4385878345301109 0.6725198745069969 -0.3500143186479145 -0.4825429582293347
1403638553.027829409 -3.1514184087306583 -11.327163329420236 2.3787597529091915 -0.4417951663328014 0.6719755057984063 -0.34743309079093426 -0.48224080917670886
1403638553.077829361 -3.2041775080416777 -11.36356382437389 2.3914371593302604 -0.4436483964558198 0.6710491128259478 -0.34593473201886793 -0.4829061499719405
1403638553.127829552 -3.2465783331922955 -11.316454735487902 2.3823854709878765 -0.4439978687255106 0.6695081587317107 -0.3473972658898248 -0.4836732963593846
1403638553.177829266 -3.2978894297797994 -11.315690833535617 2.386758473057206 -0.4425096088634704 0.667308496941869 -0.3510569717302296 -0.48543137370001443
1403638553.227829456 -3.3655148460244666 -11.397443205226786 2.4045434029813206 -0.44045347474780694 0.6645771595291319 -0.3552046272644345 -0.4880241883192962
1403638553.277829409 -3.4183660278903116 -11.385096503756769 2.401764099487511 -0.43966760486478124 0.6612825441981998 -0.3582182452333364 -0.4909964182691885
1403638553.327829599 -3.4851663924350036 -11.339755363335046 2.395426692488925 -0.4398266674147901 0.658104137002172 -0.3599794560378609 -0.4938281469520668
1403638553.377829313 -3.5351605135985125 -11.326005842442813 2.393877995290787 -0.44100430406228247 0.6557918268625089 -0.35977219832005397 -0.4960002509423064
1403638553.427829504 -3.5764098024390276 -11.269381212703774 2.390343711748498 -0.44278441041418803 0.6527222376300051 -0.3578228567322224 -0.49985842955523957
1403638553.477829456 -3.6333513312651236 -11.282569406828744 2.39799849634654 0.4445226490297518 -0.6501072677158074 0.3563041777552977 0.502799649837568
1403638553.527829409 -3.674840815735837 -11.228510968650353 2.39940853916217 0.4460140979849123 -0.647952178458661 0.3548299820954733 0.5052970241704443
1403638553.577829361 -3.7227701494168772 -11.201102162251676 2.4099306313561795 0.4474063484533817 -0.6459679857915693 0.35311718288581684 0.5078003306879374
1403638553.627829552 -3.7782197186528306 -11.21375279965835 2.428060166507781 0.4485063487729092 -0.6452658958770713 0.35172521610598323 0.508687871964286
1403638553.677829266 -3.853705433716619 -11.297496553935021 2.4629420473674175 0.44974895519914193 -0.6449486085998155 0.3509688827768028 0.5085154991589197
1403638553.727829456 -3.9001003433759682 -11.285128309266375 2.482852452765803 0.4505689187608514 -0.6449513523928982 0.35008416950150534 0.5083959842068879
1403638553.777829409 -3.944045660183569 -11.243282147620825 2.497448496879293 0.4517010987373322 -0.6454147448069117 0.3491449255803506 0.507448268818416
1403638553.827829599 -3.982646356983692 -11.211323696971816 2.515801928336738 0.4523490691883514 -0.646395622618713 0.3477804911026328 0.506558731710559
1403638553.877829313 -4.031117335234896 -11.21486024102538 2.543929036204558 0.452921609448649 -0.6476292097892359 0.3465833699231734 0.5052904016651337
1403638553.927829504 -4.06624769150153 -11.155560949372301 2.561177678773893 0.4534100462995645 -0.6485315761474596 0.34557966931008727 0.5043816182354879
1403638553.977829456 -4.096905106513005 -11.114967746413745 2.5808018278172673 0.452843664182186 -0.6513217297467115 0.34553491503512584 0.5013165094643022
1403638554.027829409 -4.1474295424718655 -11.118323324094883 2.605386885127335 -0.45272106668035156 0.6536557219817638 -0.34571383820224777 -0.4982567360104368
1403638554.077829361 -4.195192796020451 -11.103441859339238 2.6252078289448497 -0.45383448999781306 0.6545514359781672 -0.34435906601213534 -0.49700453418715806
1403638554.127829552 -4.234433974185724 -11.064852268937859 2.641423623703164 -0.45437564756270765 0.6556259046927106 -0.3436331567726899 -0.4955942872595192
1403638554.177829266 -4.265254026371579 -11.00423746411939 2.6533374880675975 -0.457417008041464 0.6578729817196014 -0.33945399089135897 -0.4926903781744531
1403638554.227829456 -4.298199313525733 -10.956079826712555 2.6642987986760267 -0.4605703202293156 0.6610450654587238 -0.3351439806659668 -0.4884392631432362
1403638554.277829409 -4.324730554281476 -10.896321701073024 2.669810053617275 -0.4631146430374446 0.6640699792684037 -0.3314546831420303 -0.48443129859865414
1403638554.327829599 -4.356040705277637 -10.840958662817432 2.6755859190980904 -0.465745693816977 0.6657926975552102 -0.32810617912633083 -0.48181673672903835
1403638554.377829313 -4.383862341520258 -10.78665253662028 2.6793340266751504 -0.467645296531141 0.6674191686750531 -0.32560272179566047 -0.4794188121847746
1403638554.427829504 -4.409672181679753 -10.745070899986471 2.6895280558263623 -0.46846660540781426 0.6687244958415003 -0.3240142622001639 -0.4778716837918879
1403638554.477829456 -4.422906749415561 -10.671422127548844 2.689968435442321 -0.4694246235055056 0.6697025839855864 -0.32219214205052554 -0.47679261262171113
1403638554.527829409 -4.459077282165577 -10.644721060274478 2.696410893691518 -0.46958293643969307 0.6699485581930955 -0.3222266652298665 -0.47626754182340353
1403638554.577829361 -4.484665867593489 -10.579403853596093 2.694912942462822 -0.4691990893754132 0.6704433636817878 -0.3235139932915494 -0.4750753695666495
1403638554.627829552 -4.506930827948451 -10.514703237550014 2.696513311211763 -0.4680583311624201 0.6718290794760287 -0.3249343448599745 -0.4732702802102214
1403638554.677829266 -4.495297380556198 -10.369009337772239 2.6854384555946904 -0.46538037263663107 0.6727052469939321 -0.3293295643766217 -0.47162569635138407
1403638554.727829456 -4.500052294896 -10.28754375593988 2.691354274365712 -0.4642431679012872 0.6730753180958953 -0.3300487149855963 -0.4717157438155349
1403638554.777829409 -4.516389227629129 -10.225630521568569 2.693317486819439 -0.46207178551682365 0.6737727747339525 -0.33363983315159423 -0.4703236915053094
1403638554.827829599 -4.552320738974633 -10.198154529504562 2.7037022441682255 -0.46158718442015806 0.6736498070962765 -0.33473913616675643 -0.470194554728736
1403638554.877829313 -4.581647530305369 -10.144364932569145 2.7167531977257933 -0.4600929357116666 0.6739177958295113 -0.3366687168038275 -0.4698972973939919
1403638554.927829504 -4.6203108815267155 -10.11485364504932 2.7292082884423605 -0.4591905983394224 0.6737863306020137 -0.3381999728358945 -0.46986886837112063
1403638554.977829456 -4.65278096837723 -10.067859375820444 2.739580596671977 -0.45704580981624054 0.6743669753273882 -0.3394577269491046 -0.47021990805553315
1403638555.027829409 -4.6941005306065895 -10.069720689920997 2.765082898448948 -0.4547822825742418 0.675887039826397 -0.338026540478039 -0.47126196831881306
1403638555.077829361 -4.72357353175529 -10.017986610470935 2.7664795726471523 -0.45262025498062397 0.6776682111423953 -0.3356710439055276 -0.4724676186488494
1403638555.127829552 -4.757186118788948 -9.958437992667557 2.770587880913824 -0.44996424484028963 0.6799505934580427 -0.332314117418505 -0.47409566142891846
1403638555.177829266 -4.796164638358924 -9.916271878178927 2.7746795853911523 -0.4462506580462554 0.6829868749207029 -0.32946326376284396 -0.4752296673294619
1403638555.227829456 -4.830440635812078 -9.870721840744098 2.771116090392462 -0.4417570663840412 0.6859030540460163 -0.3268234508458271 -0.4770473003040044
1403638555.277829409 -4.864977513247555 -9.834598852710108 2.773312720774782 -0.4380432357222346 0.6886679078563969 -0.32375030398030513 -0.4785816304449516
1403638555.327829599 -4.897630872123435 -9.79094516828158 2.7664745499016514 -0.43451123430455724 0.6905810397405595 -0.321128902056881 -0.48080561880839134
1403638555.377829313 -4.942918245269052 -9.77462587958468 2.77198641932533 -0.4329342181136929 0.691445247303668 -0.31687477975444966 -0.4837993455173578
1403638555.427829504 -4.982244803759159 -9.7384124628028 2.7740845518847905 -0.43172184729685004 0.6926655245607695 -0.31332205837288335 -0.48544825201923303
1403638555.477829456 -5.014178203965286 -9.694635000065114 2.7720737245036573 -0.42966095930697107 0.6936608854924038 -0.3109924592526217 -0.4873496960841509
1403638555.527829409 -5.039780952307748 -9.642043754091736 2.7635012913272075 -0.42749611875502186 0.6947665053010621 -0.310372499230901 -0.4880732355725991
1403638555.577829361 -5.07280696352454 -9.579759640163752 2.756107626376054 -0.4268592086899881 0.6946409962244161 -0.30888139842295764 -0.489752370110841
1403638555.627829552 -5.092332394623967 -9.513192036250198 2.7490418760877775 -0.4256396244273208 0.6957624969205175 -0.3081776281522388 -0.48966519939930053
1403638555.677829266 -5.127932709287598 -9.449241703269802 2.750924750205854 -0.42488196342024104 0.6966187774604393 -0.3076870252363199 -0.4894142320682025
1403638555.727829456 -5.170842066944572 -9.427147438620242 2.7634382502463835 -0.42445722597967595 0.6974118637820461 -0.3077543240057234 -0.48861030650762116
1403638555.777829409 -5.208645971723437 -9.395986668512817 2.7723916239762842 -0.42513267118500814 0.6979347623369219 -0.3063368620907847 -0.4881669861196839
1403638555.827829599 -5.231780051723254 -9.33529398565009 2.7737480140437403 -0.42565935765464696 0.6978221904230216 -0.30613154364088613 -0.4879977251814785
1403638555.877829313 -5.254472888515792 -9.262457909611713 2.7711105379563326 -0.4261240527728313 0.6979192143513521 -0.30598913337512346 -0.48754252342128046
1403638555.927829504 -5.276644150060893 -9.188084323229052 2.767870639007807 -0.42696761131346395 0.697320138488004 -0.3053298878098415 -0.4880747309156412
1403638555.977829456 -5.2867089269114285 -9.101107084207193 2.766032873363245 -0.42772124319947313 0.69655431095503 -0.30507048904240025 -0.48867026379890494
1403638556.027829409 -5.312095672675215 -9.047267436628763 2.7774997766292766 -0.4283883291968998 0.6962615727237811 -0.30433505610217687 -0.48896158886294994
1403638556.077829361 -5.359376741447907 -9.035372156287197 2.799432477506718 -0.42919081263023084 0.69680816098683 -0.3035173055198143 -0.48798655553810694
1403638556.127829552 -5.392280699805034 -8.997790485733251 2.812020751225047 -0.429492631910825 0.6983783528322395 -0.3030756178734849 -0.4857457413917762
1403638556.177829266 -5.41445089210502 -8.944008226085446 2.819397258428805 -0.4293722138809448 0.7012463369495925 -0.3025726829769966 -0.4820195518626363
1403638556.227829456 -5.4528205360468265 -8.91147932630661 2.826609622999106 -0.4302899236970019 0.7029192286858958 -0.30132283808123994 -0.47954112103042873
1403638556.277829409 -5.478594004125512 -8.861463081814168 2.8316328122117036 -0.4301898538561562 0.7043638838567922 -0.3013406930232845 -0.4774955449903601
1403638556.327829599 -5.514256292478167 -8.822989210892981 2.8403078742536083 -0.43100204873364445 0.7055940394736144 -0.3004046203940665 -0.47553270076053195
1403638556.377829313 -5.54951917401988 -8.790222022343093 2.847913299397384 -0.43113810323758844 0.7065880596293833 -0.30017618668363943 -0.474075423191233
1403638556.427829504 -5.575071645964425 -8.748426520235823 2.8519250696767555 -0.4316867780779691 0.7077619336953636 -0.29903983783671334 -0.47254073499652327
1403638556.477829456 -5.612990104874533 -8.714610094759642 2.8568277759082297 -0.4321642975773935 0.7098748087362988 -0.29764235272642253 -0.469809329073531
1403638556.527829409 -5.648208309717942 -8.678760477571585 2.8594707529135355 -0.4326294432207181 0.7111841141804531 -0.29645119300557626 -0.4681512691016294
1403638556.577829361 -5.686436938529311 -8.65336944839936 2.863862919801846 -0.4315643323850663 0.7125895055678482 -0.2974537564011349 -0.4663578951518415
1403638556.627829552 -5.720979598497494 -8.608651790786267 2.862190432017284 -0.4289837049232056 0.7138103532231725 -0.30129954090117866 -0.46439890955353097
1403638556.677829266 -5.750433482687269 -8.572599487678016 2.8653196344632237 -0.42549497909840145 0.7147573037279669 -0.3052048900753149 -0.4636011158352543
1403638556.727829456 -5.793188081774614 -8.550935871291541 2.8819262320187895 -0.422733176515792 0.7136279601827722 -0.3085314791491871 -0.46566095208022196
1403638556.777829409 -5.828415654675223 -8.523879820798978 2.894400062604164 -0.420739152681146 0.7118480814415358 -0.31115716528025605 -0.4684357937262177
1403638556.827829599 -5.852745479869039 -8.467382527847509 2.8995330291757426 -0.4182134284626585 0.7109046241893477 -0.3142307932119439 -0.4700756876898695
1403638556.877829313 -5.852793740286796 -8.409003682754618 2.899084463272397 -0.4162022516531632 0.7104659031878994 -0.316437085515808 -0.4710429460638392
1403638556.927829504 -5.882647691000652 -8.363824988047488 2.9052866434916926 -0.414628246058199 0.7094505121510571 -0.3184776108826612 -0.47258374892263993
1403638556.977829456 -5.926173698717616 -8.331266086792386 2.920640819128911 -0.4136485591521446 0.7089716872408419 -0.31989349417967317 -0.47320415106352137
1403638557.027829409 -5.977045320770694 -8.308776417076881 2.937430513369495 -0.41397936288334763 0.7083867267776367 -0.31945601413868674 -0.4740856330480675
1403638557.077829361 -6.023925732342993 -8.273850276409142 2.944229200500299 -0.41509130752030426 0.7075598531306451 -0.31865196639401 -0.4748886026975748
1403638557.127829552 -6.07412252481937 -8.24604649155918 2.9566533285303227 -0.4164624057529439 0.7067591188613807 -0.31714888104416095 -0.4758857003033311
1403638557.177829266 -6.128337058906536 -8.224246113379824 2.9667057150334077 -0.41688627899369923 0.7061752374366539 -0.31689150023344775 -0.47655234916834477
1403638557.227829456 -6.178395220093184 -8.191990816340896 2.9699521809538876 -0.4176694957916339 0.7053218357130345 -0.31615053785784797 -0.47762133302832155
1403638557.277829409 -6.229831009724884 -8.165048895979869 2.9757468530793205 -0.41801722294660654 0.7049659792583968 -0.3158767489375526 -0.47802348152459945
1403638557.327829599 -6.277282189833514 -8.133953724553797 2.9783531885755674 -0.41872295021627315 0.7044880072869523 -0.3148480645735106 -0.4787885073655737
1403638557.377829313 -6.339750396292813 -8.110462452172339 2.9857113775105746 -0.42029924862913737 0.7036899210262777 -0.3133293818771479 -0.47957662067734075
1403638557.427829504 -6.385211045618268 -8.07541284306517 2.9874980824341137 -0.4218504106568429 0.7025435416277204 -0.31133018194294637 -0.4811946809319535
1403638557.477829456 -6.452143056921526 -8.065202707809814 3.004310274378025 -0.42482544529272853 0.7010145546583454 -0.3076028357727356 -0.4832001972408208
1403638557.527829409 -6.516267723918799 -8.051261078812725 3.0165792342900475 -0.42648857629345854 0.7001478340931516 -0.3051544609658127 -0.48454231978075124
1403638557.577829361 -6.565062391344142 -8.018394928844389 3.0218298439271867 -0.4278032847817846 0.6987774343367615 -0.3030088694447064 -0.4867032687680342
1403638557.627829552 -6.625333122694949 -7.9882545202066 3.035350415751243 -0.42876073991378116 0.6981009659158322 -0.3018755141246694 -0.487535068757044
1403638557.677829266 -6.695323810934317 -7.97142215473897 3.048993497611369 -0.43009246458032924 0.6973118598264001 -0.3010371892718579 -0.4880094801660771
1403638557.727829456 -6.749102601884142 -7.93517970565371 3.0554248345030777 -0.42998140447847677 0.6965085569303785 -0.30136781537845536 -0.4890493449331013
1403638557.777829409 -6.807542996633409 -7.916664497509883 3.072410864718018 -0.4298345128506967 0.6967505330877016 -0.30109238176501724 -0.48900343950475156
1403638557.827829599 -6.857479603089507 -7.892550972410452 3.0794312638911556 -0.4305312837475426 0.6964363503844377 -0.299144173947346 -0.4900326384754975
1403638557.877829313 -6.901387850809372 -7.857262252809981 3.0836699715120357 -0.43079658262690484 0.6968373899268921 -0.29812925510781013 -0.48984783723695186
1403638557.927829504 -6.951928172461168 -7.826924498134516 3.087711324440675 -0.43189718943191835 0.6967884837730849 -0.2964681531341634 -0.4899563866501115
1403638557.977829456 -6.981366025974545 -7.789539862888339 3.083779376938001 -0.43233404206031284 0.6980157854177412 -0.2953848148343518 -0.4884762538227639
1403638558.027829409 -7.039593313065676 -7.7717302690581365 3.0903166959226525 -0.43249748516147896 0.699747633054682 -0.2948895555602863 -0.48614743173735214
1403638558.077829361 -7.089169051225805 -7.743937682687833 3.09001128916976 -0.43275227935498173 0.7020103543164293 -0.29445213057609 -0.48291290099229117
1403638558.127829552 -7.1358276398327565 -7.716444244655026 3.0894424170549852 -0.43332487016083476 0.704866633901946 -0.2928974067814413 -0.4791697970579352
1403638558.177829266 -7.168500805058289 -7.682943162651898 3.084498192788509 -0.434006367539553 0.7079723793608452 -0.2915897072296144 -0.47475154095064703
1403638558.227829456 -7.23262081272024 -7.666587995581644 3.089302103265237 -0.4344318245148436 0.7110839490911435 -0.29038245330459383 -0.4704323947247401
1403638558.277829409 -7.28690370478358 -7.64314718419376 3.090567046679127 -0.43567675243078724 0.7118058445024347 -0.28849218515716873 -0.4693511118840355
1403638558.327829599 -7.338191111768506 -7.628887212311089 3.099895389513605 -0.4365152704435059 0.7129868749218674 -0.2862652046712442 -0.4681413968592322
1403638558.377829313 -7.405305034790251 -7.620533494717557 3.1129891894821466 -0.4383358726045546 0.7134998193623454 -0.2834316770025629 -0.46738223653602734
1403638558.427829504 -7.453706144793741 -7.601959639233515 3.122538659594963 -0.44009199890306705 0.7155561913244228 -0.2801745312366293 -0.4645434334969377
1403638558.477829456 -7.519050126976099 -7.604853927097757 3.1390712140341486 -0.44180536968589096 0.7174081227363752 -0.27710160794859945 -0.4618964165490828
1403638558.527829409 -7.57651561729748 -7.590229061817517 3.149896071617186 -0.44185607515483116 0.7185205476625728 -0.27701040434884355 -0.4601702590541189
1403638558.577829361 -7.635732258987707 -7.582712250054856 3.168247822511764 -0.44064845123970575 0.7196046405856104 -0.27855410056305635 -0.4587000291336487
1403638558.627829552 -7.694367900549276 -7.58711662620293 3.187349029706143 -0.43774392063416223 0.7197718972676856 -0.2818217150901396 -0.45922238268094134
1403638558.677829266 -7.745312309106751 -7.578350795309285 3.208682413508584 -0.4339783104448531 0.7202614318424924 -0.28647266928134374 -0.459151070584024
1403638558.727829456 -7.813913862831889 -7.583552189686181 3.23161105437241 -0.4298625397150369 0.7201397282637368 -0.292044419041985 -0.45970319341113897
1403638558.777829409 -7.865337599591851 -7.5804683927987275 3.243131115145533 -0.42818297078728673 0.7195156905459981 -0.2946225894218512 -0.46060182846820363
1403638558.827829599 -7.936944143604648 -7.589743936091916 3.2638169311633694 -0.42582761928048063 0.7192496064018528 -0.2976448562575502 -0.4612573922357455
1403638558.877829313 -7.978246117243581 -7.587868034872294 3.271186305435389 -0.4262033461550022 0.7182551926310649 -0.2973389265928557 -0.4626551077394477
1403638558.927829504 -8.02948876810338 -7.589007025360481 3.2843928794806456 -0.4252596811671779 0.7162485123342696 -0.29814671120244896 -0.4661017171730858
1403638558.977829456 -8.076803720545222 -7.587950957163897 3.2974147044522324 -0.42450137365682167 0.7139022133258808 -0.298329867076273 -0.4702568489476081
1403638559.027829409 -8.03333846157814 -7.628706854685407 3.285355119425403 -0.42492228331128523 0.7112755395018416 -0.29791079910234247 -0.47410686119280315
1403638559.077829361 -8.066995608201756 -7.627577620552748 3.2863773907816425 -0.4243323369578853 0.7092977061572733 -0.2985420580566659 -0.47719123150282267
1403638559.127829552 -8.135982446058106 -7.638916215726894 3.2930027189494484 -0.42461073751050676 0.7074676253641589 -0.29879686746931905 -0.4794952686345341
1403638559.177829266 -8.1873744310227 -7.645177369413303 3.294510745764726 -0.4248542689053254 0.7057488513085859 -0.2989951046422199 -0.4816838553133384
1403638559.227829456 -8.264204986103346 -7.65807219276937 3.3053889937013916 -0.4261422176322816 0.704340628694359 -0.29769503058746744 -0.48340951364800766
1403638559.277829409 -8.327511594878946 -7.665013046440905 3.3074001664609693 -0.42705081946511464 0.7031852042946433 -0.2969457956842108 -0.4847487601642173
1403638559.327829599 -8.390166884440626 -7.675167693602739 3.306910370439758 -0.42804935772908737 0.7019992992195035 -0.2959706395131714 -0.4861811512072494
1403638559.377829313 -8.469288057984905 -7.690942203029597 3.312431446408133 -0.43021892158194963 0.7008980259031148 -0.29325970370017795 -0.48749603381326573
1403638559.427829504 -8.54046855411557 -7.698815478301873 3.3161878698215417 -0.4316971772117332 0.6994683082936552 -0.29151632972323493 -0.4892850522802917
1403638559.477829456 -8.607128763432536 -7.708898050274135 3.318664059110107 -0.4323857058780802 0.6987599214548974 -0.29071275511183975 -0.49016657121425933
1403638559.527829409 -8.669136619189668 -7.716277127230496 3.3175372130535026 -0.43306472893872083 0.6978711839243128 -0.28983321567849396 -0.4913526821813167
1403638559.577829361 -8.734926218175948 -7.728211626380876 3.3173113196601167 -0.43377235648221124 0.696959361161563 -0.2894920091905953 -0.49222308789402375
1403638559.627829552 -8.759438239835022 -7.72790218606529 3.2988443853098146 -0.43355240169379233 0.6964375782502659 -0.29007799397761175 -0.49281007700368096
1403638559.677829266 -8.815148651823648 -7.737197730522567 3.288753058706882 -0.43396195029252316 0.6959039805064127 -0.29031242938007595 -0.4930652786001854
1403638559.727829456 -8.89232937160636 -7.752778076751339 3.289062579750657 -0.43450608484198366 0.6952973701601465 -0.29065341872358436 -0.4932409345015558
1403638559.777829409 -8.979647907576084 -7.775399192156066 3.292618376067134 -0.43491138577777017 0.6949215376149426 -0.29075280959524885 -0.49335478794900994
1403638559.827829599 -9.025509503355016 -7.791002171668678 3.2874791313385874 -0.4345388715065137 0.6958235239925836 -0.291676058234807 -0.4918644830245355
1403638559.877829313 -9.204243553686506 -7.797503397594209 3.3182743609692458 -0.43465303978386893 0.6957293537175084 -0.29183665331049174 -0.4918015546610162
1403638559.927829504 -9.255699494596993 -7.812353146111448 3.315536760321206 -0.4323388993619527 0.6970033841575779 -0.2917975806447614 -0.4920604947577518
1403638559.977829456 -9.280453588572932 -7.816285671708881 3.303505460069952 -0.4285155265706758 0.6991103710471828 -0.29069409324530726 -0.4930680244493812
1403638560.027829409 -9.327546604514216 -7.826335490013891 3.2967451103687546 -0.4223294596781526 0.7024860739815694 -0.28855417827493596 -0.49486122251596704
1403638560.077829361 -9.376408944757621 -7.840038289830536 3.285049640712616 -0.4149827744335451 0.7065974543228583 -0.2853693675829301 -0.4970650445497172
1403638560.127829552 -9.429412666749675 -7.852926825111421 3.2739930599151505 0.40592682634739535 -0.7110629006731582 0.28143798653645274 0.5004054582757003
1403638560.177829266 -9.487189617015362 -7.864705515850825 3.263501380102826 0.3963929140622092 -0.7156865300207159 0.2758045414433384 0.5045763602740488
1403638560.227829456 -9.549089229758494 -7.8813932534983495 3.25338411510519 0.3861065170197512 -0.7210777589349258 0.2699558433433891 0.5080280166772512
1403638560.277829409 -9.572652742672823 -7.8859641461992185 3.235572960254518 0.37492596969183883 -0.7258965264897176 0.2633652313533796 0.5129751504653788
1403638560.327829599 -9.603174099729848 -7.891437737194689 3.2129336430771205 0.3627191390557907 -0.7291366690060602 0.2578722916286255 0.519900399387781
1403638560.377829313 -9.675491871916899 -7.904983033565577 3.2023948479937814 0.35014088678093364 -0.7326184968648718 0.2525692397734592 0.5261941434261449
1403638560.427829504 -9.685224312866865 -7.908351425367279 3.175178921687273 0.3373088695700483 -0.7362886890376229 0.24618159725793387 0.5324437191630375
1403638560.477829456 -9.723360936537508 -7.918606591906546 3.1596263614358087 0.32392367130337085 -0.7398604788633332 0.23952387046611304 0.5388026006455406
1403638560.527829409 -9.777806050979901 -7.935856913893803 3.1517735137586618 0.3110086824620423 -0.7439987887794881 0.23276822831035632 0.5436527877396906
1403638560.577829361 -9.845056586649735 -7.950053660066876 3.137402334574872 0.29644536254753434 -0.7485478148843389 0.22789558380358618 0.5475946664630374
1403638560.627829552 -9.905278479697214 -7.957074318267358 3.124827527084122 0.28234643186035974 -0.7536442575152624 0.2224842068690181 0.5502741164400302
1403638560.677829266 -9.949510510958941 -7.964087292583907 3.108349759225015 0.26846441080050076 -0.7584922224372767 0.2181440290242619 0.5522948408565508
1403638560.727829456 -10.010191273357147 -7.96955673960095 3.0945157948264477 0.2549829086123722 -0.7630996051176154 0.21546121991726583 0.5533888069853581
1403638560.777829409 -10.084832967875409 -7.979189137537687 3.0826143232148087 0.24290222137389347 -0.7665993195313395 0.2110433158141698 0.5556840046248193
1403638560.827829599 -10.108821996357497 -7.974572419734482 3.065434965390366 0.23171224159178627 -0.7697718230915909 0.2050101911278593 0.5583292926262038
1403638560.877829313 -10.160606137359967 -7.970046587098194 3.05368082632203 0.2200829538931877 -0.7722813194711304 0.2004139951024949 0.5612301556123265
1403638560.927829504 -10.23352342525049 -7.975315955981364 3.044685897795016 0.20882646836427615 -0.7746814493477169 0.19467762458756419 0.5642346857753148
1403638560.977829456 -10.305966484883323 -7.978851760602326 3.0438394362286587 0.19863530388997916 -0.776169428416659 0.18739565308461312 0.5683202474352675
1403638561.027829409 -10.371895579589939 -7.978329152635876 3.0447055230135565 0.18884027867237071 -0.7769701968810648 0.1802532736073505 0.5728572419576927
1403638561.077829361 -10.416739226339434 -7.971341834292076 3.041196146930927 0.1785468207333525 -0.7783747349463395 0.1742874354748976 0.5760882698326807
1403638561.127829552 -10.524620236013995 -7.9743013415558135 3.0471379242261096 0.16828373395507087 -0.779138677731455 0.16702158840120102 0.5802820820574757
1403638561.177829266 -10.583840995972595 -7.96363833328699 3.045318460440619 0.15931215952706107 -0.7796480863893077 0.16175652994257197 0.5836123047342755
1403638561.227829456 -10.599519503120034 -7.951668416629528 3.0486306366086695 0.1517409174606562 -0.7797434833837371 0.15677337793443358 0.5868533906009418
1403638561.277829409 -10.634922122706618 -7.93787070632368 3.0516795955800857 0.1450658420403124 -0.7795003638032293 0.15347749824786722 0.5897285323225802
1403638561.327829599 -10.67715044036672 -7.9211691644568445 3.05498723266144 0.14104635859158793 -0.7810328983607485 0.14952655023239725 0.5896908912149316
1403638561.377829313 -10.761692515924937 -7.912972832703522 3.0633941793208486 0.13983356249265316 -0.7841393747456624 0.14378429360359815 0.587280250550799
1403638561.427829504 -10.780120480210215 -7.892646389334566 3.058732702294873 0.14103481559831701 -0.7872738967948286 0.13759138240751967 0.5842752807554177
1403638561.477829456 -10.785296519639873 -7.871434575419598 3.052334419821011 0.14337482794173034 -0.789905359761206 0.13096873358131164 0.5816703294455601
1403638561.527829409 -10.822162463885046 -7.847928085977856 3.0505177538650754 0.14609066987809846 -0.791832027597667 0.12551263743798105 0.5795740971510874
1403638561.577829361 -10.840945190699637 -7.823935541704188 3.0480575798056466 0.14833818487017333 -0.7937092579911099 0.1218879967075597 0.5772042211793342
1403638561.627829552 -10.857857002766812 -7.796308338552296 3.04208215017666 0.14983233555634065 -0.7949049481829414 0.11937460707302465 0.5756961852940911
1403638561.677829266 -10.882146270560074 -7.770823396024066 3.035100606565446 0.15099331855852177 -0.7956195544080793 0.11887208826630573 0.5745084586195246
1403638561.727829456 -10.906743732628534 -7.744645606761916 3.028134550424381 0.15228423438627622 -0.7960406296806799 0.11857596729795859 0.5736449841446588
1403638561.777829409 -10.934545928760619 -7.718405799271009 3.0215910855747112 0.15323541667911147 -0.7960602702243248 0.11842942726463916 0.5733946494372996
1403638561.827829599 -10.956897021632553 -7.693453660489369 3.0160456815200924 0.15420372651793815 -0.7960360822172474 0.11717983094881589 0.5734253689496164
1403638561.877829313 -10.975311638391927 -7.668848497303729 3.0070673752633716 0.15425543142242215 -0.7956881927633912 0.11563595252362885 0.5742071823458531
1403638561.927829504 -10.99173630060466 -7.645156470582035 2.9971568070619745 0.153092855407954 -0.7962912842104649 0.11246096789082549 0.574312892955179
1403638561.977829456 -11.024158513453035 -7.6167454043634795 2.9842281079554662 0.1498390883178272 -0.7967671238567255 0.1102405146359736 0.5749412377677909
1403638562.027829409 -11.04379450537202 -7.599589933298834 2.9764996628525267 0.14547233061676534 -0.7976710840337438 0.10616344746152993 0.5755762027259653
1403638562.077829361 -11.056151295520829 -7.571705939810133 2.9639142305461186 0.1407978596119872 -0.7985409228238622 0.10210503039651604 0.5762663620861662
1403638562.127829552 -11.061217579802737 -7.546518663925827 2.9567586659586658 0.1356189123654491 -0.7992459705012782 0.09850698323089868 0.5771566195592233
1403638562.177829266 -11.072294674614684 -7.519836628105022 2.9401183306423593 0.1311460461135833 -0.799905067327098 0.09458682427388052 0.5779324619079523
1403638562.227829456 -11.093144071335162 -7.495263269461558 2.932647959668963 0.12737430045229364 -0.8001914157284423 0.0915777152384873 0.5788635485591561
1403638562.277829409 -11.106923515629376 -7.475059685185259 2.9261502932943126 0.12297994512537717 -0.8006822201927135 0.08797817202264763 0.5796928122823155
1403638562.327829599 -11.130062649185689 -7.449828809501586 2.9250297630506275 0.11747029951957434 -0.8008461471447792 0.08500407534623562 0.5810511892326492
1403638562.377829313 -11.145540414413228 -7.424117354434242 2.9222943575960816 0.11126905255826489 -0.8008974433507923 0.08175080243586054 0.5826656755619329
1403638562.427829504 -11.157432833019623 -7.400242953398305 2.9138572716459317 0.10339874403907408 -0.8014595045168595 0.07822519740603538 0.5838254712168003
1403638562.477829456 -11.180174631081801 -7.370349169486092 2.91635445306606 0.09514492941248397 -0.8024660947340891 0.0741652619996757 0.5843758406383965
1403638562.527829409 -11.195730621892464 -7.344828540656902 2.9184435097208032 0.08556729877649366 -0.8036548011718777 0.06931036865918437 0.5848190068130584
1403638562.577829361 -11.21564920983134 -7.3132144982359275 2.9237158175059763 0.07503505661775442 -0.8040636064577091 0.06499375398772551 0.586197295277943
1403638562.627829552 -11.223248238654442 -7.287391176812224 2.930942418441344 0.06346516434613544 -0.8045852396958348 0.060729253575903634 0.5873046251633196
1403638562.677829266 -11.23676359474101 -7.260139944108085 2.9361333631560207 0.051179095915967476 -0.8059156899463512 0.056392761020348146 0.5871119632097637
1403638562.727829456 -11.244370304578018 -7.235297877091748 2.9419360611568717 0.03804019501242715 -0.8061831926208257 0.05189761076073331 0.5881566470732404
1403638562.777829409 -11.252417856170597 -7.205912945675261 2.9530219480411275 0.024625889463613392 -0.8067979851437898 0.047575876300018985 0.5883936715587046
1403638562.827829599 -11.246891423986131 -7.179305970450188 2.9565396213613484 0.01244670019651058 -0.8069506162556321 0.04057723029011038 0.5890919036626265
1403638562.877829313 -11.249171608034318 -7.1495122995241465 2.963915759062753 0.0004834404892924229 -0.8073846200409305 0.0343816787518494 0.5890227005581877
1403638562.927829504 -11.244540133302936 -7.119902575944841 2.9648734503192222 -0.011139332895391351 -0.807551228014066 0.02706124600574691 0.5890709790511126
1403638562.977829456 -11.251278809847292 -7.0860675315661386 2.963397672131426 -0.02219578581026394 -0.807430565870559 0.020397739759628584 0.5891919556502043
1403638563.027829409 -11.254967073672686 -7.054518478668497 2.962723539538918 -0.033870528363684343 -0.8068985618618467 0.01541061544394175 0.589516760665282
1403638563.077829361 -11.252295293149395 -7.027963987754931 2.9605615472370674 -0.04604989953408884 -0.8065775905394945 0.011933979785343999 0.5892109786136768
1403638563.127829552 -11.266086578413901 -6.989266152860417 2.9555068497303276 -0.057819514269815575 -0.8062578949755865 0.008812873276428247 0.588665816761728
1403638563.177829266 -11.271641393326696 -6.9544933304549605 2.951120549530086 -0.06525670714627885 -0.8057396217313032 0.0002608429389555036 0.5886638736203221
1403638563.227829456 -11.267054724911356 -6.920921348434243 2.946521800890608 -0.07361762110182064 -0.8040330352974318 -0.004765384025640717 0.5899903517251751
1403638563.277829409 -11.256910394703663 -6.881497337186586 2.9449785216687188 -0.07850075521509528 -0.8023670530666723 -0.011246137817615352 0.5915388981021878
1403638563.327829599 -11.261981297938679 -6.836558395697357 2.932198136308015 -0.08380390692455299 -0.7991070576068042 -0.014408199612253087 0.5951447046316636
1403638563.377829313 -11.261797036572487 -6.792762770385709 2.9221596017965337 -0.08755330386501474 -0.7944469983381723 -0.017374272923132837 0.6007383127903373
1403638563.427829504 -11.253950725414528 -6.748899657428783 2.9133610191432626 -0.09117867320184771 -0.7903121560101949 -0.01825077798868852 0.6056071785559315
1403638563.477829456 -11.251758626901516 -6.702234495324004 2.9044759191686347 -0.09358596329440524 -0.7884016839773501 -0.018263533957202344 0.6077260036425388
1403638563.527829409 -11.24436770597165 -6.658431029512096 2.8899936040145673 -0.0936185714446854 -0.7880853570064232 -0.021606581475907535 0.6080215364521554
1403638563.577829361 -11.229508522094529 -6.617096120130658 2.8819003146715256 -0.09344488495206439 -0.7890793006193786 -0.02386414635443968 0.6066732343931961
1403638563.627829552 -11.217362452039605 -6.568383669320685 2.8726643303613995 -0.09287219080408182 -0.7909355934511781 -0.02503748985743771 0.6042919553402325
1403638563.677829266 -11.20502112161648 -6.5152197318684 2.867599432308693 -0.09346831766174377 -0.7928392118838639 -0.023609749475993657 0.601757623485185
1403638563.727829456 -11.190154948369058 -6.462744186092357 2.8608662661893987 -0.09354193318578244 -0.7940626724480551 -0.0221581208531881 0.6001861349954487
1403638563.777829409 -11.165295385786953 -6.424096255270255 2.8553204245326778 -0.09349565348233674 -0.7952479782681371 -0.020265318519282417 0.5986890116794057
1403638563.827829599 -11.142084931467572 -6.380017584473035 2.8563492627648057 -0.09295060206068742 -0.7955923093303152 -0.01834517619389595 0.5983782394283962
1403638563.877829313 -11.136626100539988 -6.326881766282598 2.852558165900546 -0.09241971279906586 -0.7950063771539294 -0.017132442184970096 0.5992745083811765
1403638563.927829504 -11.13387600769015 -6.277607668331853 2.855386186746995 -0.09199475835279533 -0.7949363479483978 -0.015228224293987623 0.5994841685406936
1403638563.977829456 -11.102097480082952 -6.228702304036991 2.8573692843473655 -0.0905760115078504 -0.793868709134051 -0.013836063716768085 0.6011464232098457
1403638564.027829409 -11.070943973347484 -6.1748234350362186 2.8590293740922426 -0.08954929711980823 -0.7946776791590873 -0.01128449715842075 0.6002840742144978
1403638564.077829361 -11.046632746391552 -6.115948589702361 2.8657353859952304 -0.08832670944684645 -0.7949157078517689 -0.00932653223914476 0.6001836598952073
1403638564.127829552 -11.022682118043722 -6.052238675515728 2.8688927370221653 -0.0863002438997504 -0.794926905284349 -0.008086803595387281 0.6004815457326738
1403638564.177829266 -10.995990436765224 -5.992679151374306 2.869045650636574 -0.08387748843006972 -0.7952180903122689 -0.007525299127847799 0.6004466051596996
1403638564.227829456 -10.954202623808314 -5.9421872340088635 2.8686562280776773 -0.08115405831551971 -0.794511954194621 -0.007864495900427839 0.6017498842251638
1403638564.277829409 -10.923532349981746 -5.879102763184773 2.8650380716751056 -0.07825919326926387 -0.7938229104197818 -0.008418170411606515 0.603033846453441
1403638564.327829599 -10.889010755110636 -5.815620125292549 2.8577708103293005 -0.07500975399875 -0.7934653942178072 -0.00969440682902318 0.6038975272842739
1403638564.377829313 -10.848952416611066 -5.752050795443207 2.8663759904045256 -0.07322315192250921 -0.7925446112298485 -0.008284110238188574 0.6053451765320537
1403638564.427829504 -10.8111696613451 -5.692717627453149 2.8705742239334375 -0.07045921786430182 -0.7918114584470063 -0.00933801304072279 0.6066159529738951
1403638564.477829456 -10.772412505231676 -5.63544509756787 2.8758335855883534 -0.06865949674145011 -0.7915134733185952 -0.008801880098961195 0.6072189242514333
1403638564.527829409 -10.72923238338484 -5.57746916036373 2.881550530184322 -0.06814140275603596 -0.7919863069305331 -0.00825469597680364 0.6066681950286382
1403638564.577829361 -10.67765192184161 -5.514020631304919 2.886151261994797 -0.06827255112330428 -0.7933434751096183 -0.006007448570744171 0.6049040418329013
1403638564.627829552 -10.63127399869906 -5.449098661713861 2.8958935443750597 -0.06903503261441994 -0.7941006487937823 -0.00391835648625793 0.6038401860920378
1403638564.677829266 -10.580804351574846 -5.3857144800626084 2.9034079085920967 -0.07095101536573603 -0.7950365299896756 -0.0007000541505505956 0.6023971939880973
1403638564.727829456 -10.521369094511666 -5.328704450312397 2.9040426570743376 -0.07217608442748026 -0.7954988859832771 0.0011892812255535799 0.6016400259675623
1403638564.777829409 -10.476313045690901 -5.252300865788041 2.908063234466006 -0.07394901630700877 -0.7957814458079652 0.003140586212301085 0.6010437340271116
1403638564.827829599 -10.431014657546237 -5.180284412734222 2.9056684726619952 -0.07544834055049546 -0.7956981518958247 0.003989596177010137 0.6009626295370538
1403638564.877829313 -10.376451256436658 -5.1066296855346645 2.9012868743655025 -0.07651368364967774 -0.7952293164422696 0.005151555786329726 0.6014394832051668
1403638564.927829504 -10.32695551205166 -5.027302015840547 2.896646241002347 -0.07750035012660866 -0.7948628384821612 0.006114869050968462 0.6017884778780868
1403638564.977829456 -10.272405309568278 -4.942127067317624 2.885843985415176 -0.07818754090383773 -0.7947414960301208 0.006918918505583712 0.6018511373271046
1403638565.027829409 -10.21153526108741 -4.867364307778996 2.8711642347731887 -0.07858968093604432 -0.7948743870899694 0.007449562078250943 0.6016168837587247
1403638565.077829361 -10.154448624912536 -4.796793946932011 2.850683879515664 -0.07895498254461861 -0.7953296827328716 0.008297042605472751 0.6009558765661684
1403638565.127829552 -10.088702971786352 -4.721426584167821 2.8227293200460255 -0.07935373362814607 -0.7956168597737231 0.008576949935976687 0.6005191365251145
1403638565.177829266 -10.027961708355285 -4.637344663724933 2.7999639188009025 -0.07923926521673405 -0.7961348509980972 0.00883293205058528 0.5998436606196147
1403638565.227829456 -9.97059041654298 -4.551919800537693 2.7748902335975627 -0.07863619654981248 -0.7966780706305765 0.00829165742721343 0.5992091861659261
1403638565.277829409 -9.912596086480741 -4.4450621737410785 2.7453453925382316 -0.07837172760080098 -0.7972390889766161 0.007309357890807225 0.5985100505487148
1403638565.327829599 -9.865425263725523 -4.355728268974081 2.7199883512314353 -0.07790623456414678 -0.79790931030233 0.005961954297134771 0.5976920664103341
1403638565.377829313 -9.809515058181262 -4.264564376972819 2.685586608372985 -0.07727897006155557 -0.7985075451525637 0.004483702628077089 0.5969870664691108
1403638565.427829504 -9.744834013641174 -4.195537340251787 2.653511916286273 -0.07694868994945983 -0.7988441740123928 0.0038284171636633977 0.596583797955946
1403638565.477829456 -9.68064409810001 -4.125873673329208 2.620652399946354 -0.07634106337811675 -0.7979575500081139 0.001577644791893229 0.5978572584357051
1403638565.527829409 -9.627464333501209 -4.021321889199515 2.5896464516723827 -0.07509348371191794 -0.7967192629431353 -0.0018808588398296663 0.5996631113628551
1403638565.577829361 -9.57145930842703 -3.9314912928113377 2.574145471051973 -0.07377915479859784 -0.7962087960802615 -0.00505954111041311 0.6004852957445147
1403638565.627829552 -9.515647105759408 -3.844942834903682 2.5560995325899682 -0.07111664573811102 -0.7958797531034313 -0.010425003186807275 0.6011731535984755
1403638565.677829266 -9.449768896720105 -3.7430401446157124 2.5397542703081597 -0.06755032208428487 -0.7964223839901802 -0.017051014631751776 0.6007142441841505
1403638565.727829456 -9.377088612132248 -3.638181926559504 2.5197504069903793 -0.06461527992263995 -0.7974259506763223 -0.022459360831250236 0.5995267265931807
1403638565.777829409 -9.301434607460044 -3.545865583565779 2.4951639632484754 -0.06319420335399366 -0.7991062631325894 -0.026029890940439986 0.5972923217841929
1403638565.827829599 -9.178237597185815 -3.341412786099924 2.4665373806463022 -0.06220298541021697 -0.8001155658385166 -0.0286333386562766 0.5959244933935522
1403638565.877829313 -9.099548339214277 -3.241922080177271 2.4454597170673984 -0.05972200572596386 -0.8010545093554411 -0.03307944439272388 0.594685383570212
1403638565.927829504 -9.02371138211079 -3.156304327190756 2.4274423291429836 -0.06015905012007532 -0.8024571676132034 -0.03439455604910218 0.59267225120553
1403638565.977829456 -8.953862449923223 -3.072292325718749 2.414648985345578 -0.06020330686833483 -0.8029043878020905 -0.03533785594129588 0.5920062008355486
1403638566.027829409 -8.875394693492673 -2.9797099960904756 2.3944674442301292 -0.061024846038703555 -0.8036634709356102 -0.03501116239906829 0.5909104942012338
1403638566.077829361 -8.755903491239284 -2.8457417574454316 2.3530927671712223 -0.06101001085109318 -0.8032908859754071 -0.037356362831561546 0.5912749218771178
1403638566.127829552 -8.67506405472058 -2.7761242039766536 2.3329514723173967 -0.061969289726690746 -0.8032602488024259 -0.03579297621751834 0.5913134893422662
1403638566.177829266 -8.600870316900604 -2.7109006345495823 2.3123773209044067 -0.06253648538341691 -0.8035619674392057 -0.03507534775354168 0.5908866832659971
1403638566.227829456 -8.529718136065984 -2.651961868868588 2.2935407085606907 -0.06197829328087333 -0.803251018174022 -0.035772715291322206 0.5913263107667992
1403638566.277829409 -8.452525463184342 -2.6162748450231312 2.260195530445767 -0.062080050421522245 -0.8033132760369003 -0.03498613726277796 0.5912781224448901
1403638566.327829599 -8.383403505253222 -2.556479734191094 2.235157756411403 -0.062311337479630906 -0.8042706093878204 -0.034558728796870046 0.5899760828714908
1403638566.377829313 -8.313666707070533 -2.5031432480758076 2.2096375961589305 -0.06126745389217939 -0.8045073742832969 -0.03505775529924904 0.5897331071007825
1403638566.427829504 -8.261977948171124 -2.4713884132327966 2.1858756855181274 -0.0610493759260137 -0.8045408924083538 -0.03387246681742106 0.5897792656015611
1403638566.477829456 -8.175686704562908 -2.3651646306439207 2.150174426222973 -0.0617230800793124 -0.8050123293713435 -0.031482536798357205 0.5891979810067127
1403638566.527829409 -8.11756406132251 -2.3596941809448237 2.126290877070183 -0.06046806536982937 -0.8050634511715474 -0.03177121080853806 0.5892427706997746
1403638566.577829361 -8.042288342475135 -2.2664832042802114 2.089265572355649 -0.059855141559220226 -0.8083602478860032 -0.030610026899624117 0.584836813068235
1403638566.627829552 -7.970309802591618 -2.267829605018228 2.0619477033593587 -0.0595548237033257 -0.8117115114453712 -0.029560702521778993 0.5802618460894666
1403638566.677829266 -7.907284665555808 -2.26417682940745 2.0291200713501305 -0.05862862556834701 -0.817654128259853 -0.029454273624606713 0.5719587892224696
1403638566.727829456 -7.819863461730312 -2.1561027142604288 1.9813464556808964 -0.058901516761922595 -0.8238652000867935 -0.027832311488851905 0.5630294005167761
1403638566.777829409 -7.737856377809155 -2.1040542150506694 1.9327378817327379 -0.0571129181928467 -0.8290142305696521 -0.028424240054614965 0.5555768017707567
1403638566.827829599 -7.6601010299665875 -2.034551562307799 1.8869449465642492 -0.056236578587376115 -0.8332705227269689 -0.027919920966024955 0.5492887775991431
1403638566.877829313 -7.574160096437317 -1.9610344879102253 1.8353238010585138 -0.055978139313481785 -0.8366959096705252 -0.02684085896278007 0.5441378234875361
1403638566.927829504 -7.494686444977038 -1.8667119619962842 1.7823891287153495 -0.05404518062231826 -0.8392305924104985 -0.027523650771678152 0.5403828086292378
1403638566.977829456 -7.379777217247512 -1.720896993497944 1.7198286905305624 -0.05343968168050555 -0.8404213257678098 -0.02672386127163283 0.5386297716013271
1403638567.027829409 -7.329486961177689 -1.6859424354104904 1.6822181469643838 -0.05277235805177433 -0.8389556326515065 -0.026612628466585 0.5409808616523002
1403638567.077829361 -7.261040500585653 -1.6120089241509825 1.6335270036976763 -0.05190755784632172 -0.8323049587002769 -0.026735280201257185 0.5512343294406851
1403638567.127829552 -7.213707588987826 -1.5595816137918084 1.5931100453438858 -0.04995973279385886 -0.8264356173219413 -0.028616807910963136 0.5600797031011349
1403638567.177829266 -7.14671400928619 -1.4733076806680594 1.5422797044147323 -0.04901924561081111 -0.8199925101136817 -0.029214329098311207 0.5695225367731696
1403638567.227829456 -7.108859467160503 -1.4354883883704692 1.4989004172196856 -0.04766371209801811 -0.8150982240744742 -0.031155081409891986 0.5765174902481439
1403638567.277829409 -7.080279329073637 -1.409965059833198 1.463691759446043 -0.04681324968912206 -0.8114383225125601 -0.03283527714410295 0.5816340885697954
1403638567.327829599 -7.033361826226748 -1.3646426644059197 1.4210914731295414 -0.04610829099192246 -0.809701510614816 -0.034768546126912936 0.5839936963787453
1403638567.377829313 -7.0088082287260365 -1.3449302472627938 1.391545644483112 -0.04582706050688255 -0.8097555332085393 -0.035840304619866294 0.583876125156876
1403638567.427829504 -6.959092763913475 -1.2924993228160169 1.3522333970989928 -0.04603621488919622 -0.8095598283665223 -0.037008007769353195 0.5840581808131672
1403638567.477829456 -6.907593370005843 -1.2416921826839322 1.3093759679263242 -0.04662335561693537 -0.8106908699424733 -0.0374592733393303 0.5824116919703981
1403638567.527829409 -6.845476716376594 -1.164483798481165 1.2619968149726777 -0.04718707191438555 -0.8121480322400184 -0.03837170668440095 0.580272837636692
1403638567.577829361 -6.810794093753081 -1.1541423833466433 1.233285736833004 -0.04834621444336563 -0.8142141960028344 -0.03872701201870839 0.5772504700011575
1403638567.627829552 -6.7602473498765825 -1.1045918006219528 1.1972798516766348 -0.048492609845594704 -0.8158863858411393 -0.040472208711010885 0.5747520095758684
1403638567.677829266 -6.718013012403891 -1.0448334858533808 1.166282324477003 -0.04869589988255594 -0.8176177751398434 -0.0415465976569941 0.5721920685688754
1403638567.727829456 -6.664444593429449 -0.9881590911527077 1.1282222941522708 -0.04914511711864418 -0.8191151857049507 -0.042495792564435635 0.5699378717239796
1403638567.777829409 -6.595996494617391 -0.8974478564763873 1.0812518046766815 -0.04938145915110322 -0.8207747858564389 -0.0433123986686536 0.5674630018917468
1403638567.827829599 -6.555374274135292 -0.8674268815974538 1.0545763478329822 -0.04971428758028971 -0.822844890482833 -0.04428437778626847 0.5643524339459891
1403638567.877829313 -6.532435998673865 -0.8513541217888743 1.0401025725198665 -0.05165623526192483 -0.8238274719666963 -0.04268112662660363 0.5628661041681322
1403638567.927829504 -6.49314542794205 -0.8175358027875521 1.01605152705064 -0.052311153469638494 -0.8240526970952029 -0.042138687742597734 0.5625166900885071
1403638567.977829456 -6.435504764137771 -0.7558318365718224 0.9876888299568587 -0.052958114087307315 -0.8246349263050227 -0.042506589003933386 0.5615744530883471
1403638568.027829409 -6.389907305933824 -0.7143416025490797 0.9694942459505036 -0.052805591682933424 -0.8247933263786981 -0.04298803795304869 0.5613194873163815
1403638568.077829361 -6.358735277428103 -0.6866953172784794 0.9561747239822077 -0.05128550450927847 -0.8244871014165488 -0.045726724037304524 0.5616937629471976
1403638568.127829552 -6.293717397517824 -0.6159557559658579 0.9262371829686972 -0.05169695765014342 -0.8238047221696536 -0.045819927545538604 0.562648859005704
1403638631.627829552 -0.056955305736099526 0.12594300285775062 -0.014886914198845191 -0.1672175813021953 -0.8218741086516702 -0.11769802187230623 0.5317033060634593
