1413393217.905760527 -0.1675 0.10887 0.16104 0.04681 0.80628 -0.01819 0.5894
1413393218.005760431 -0.19201 0.13152 0.18512 0.04548 0.80588 -0.0194 0.59001
1413393218.105760574 -0.13431 0.37507 0.2024 0.28574 0.75132 -0.21123 0.5561
1413393218.205760479 -0.23958 0.30306 0.18898 0.18573 0.76109 -0.1585 0.60093
1413393218.305760145 -0.35665 0.12732 0.18491 -0.03161 0.78404 0.00024 0.61991
1413393218.405760527 -0.40193 0.2318 0.19359 0.04185 0.78318 -0.05331 0.61808
1413393218.505760431 -0.43656 0.29843 0.22142 0.06329 0.79195 -0.05227 0.60505
1413393218.605760574 -0.48472 0.35351 0.22506 0.09133 0.79224 -0.06089 0.60025
1413393218.705760479 -0.48284 0.47697 0.23448 0.1514 0.79382 -0.09919 0.58059
1413393218.805760145 -0.52496 0.50676 0.23051 0.15209 0.79901 -0.10054 0.57301
1413393218.905760527 -0.57778 0.51436 0.23121 0.1179 0.81462 -0.08743 0.56112
1413393219.005760431 -0.67919 0.47306 0.26567 0.05432 0.83254 -0.04573 0.54939
1413393219.105760574 -0.6466 0.44212 0.25683 0.00675 0.83426 -0.01306 0.55117
1413393219.205760479 -0.60301 0.45775 0.24805 0.00366 0.83175 -0.01218 0.55501
1413393219.305760145 -0.61075 0.47599 0.25925 0.00299 0.82978 -0.01112 0.55798
1413393219.405760527 -0.61495 0.50333 0.2669 0.00424 0.82818 -0.01399 0.56027
1413393219.505760431 -0.61404 0.52237 0.2703 0.00647 0.82551 -0.01511 0.56415
1413393219.605760574 -0.60337 0.54295 0.26419 0.01369 0.8209 -0.01936 0.57058
1413393219.705760479 -0.59768 0.55702 0.26414 0.0148 0.81628 -0.01852 0.57717
1413393219.805760145 -0.59029 0.57378 0.28218 0.02264 0.81249 -0.0182 0.58225
1413393219.905760527 -0.58411 0.5785 0.3144 0.02183 0.81134 -0.01424 0.58399
1413393220.005760431 -0.57603 0.58625 0.3491 0.02602 0.80987 -0.01364 0.58587
1413393220.105760574 -0.57236 0.59336 0.37469 0.02618 0.80852 -0.01227 0.58776
1413393220.205760479 -0.5694 0.60247 0.39912 0.02696 0.80795 -0.01062 0.58854
1413393220.305760145 -0.56422 0.61442 0.42372 0.03005 0.80735 -0.01148 0.58919
1413393220.405760527 -0.56431 0.62314 0.44869 0.02562 0.80642 -0.00902 0.59072
1413393220.505760431 -0.5643 0.63643 0.4755 0.02681 0.80882 -0.01018 0.58736
1413393220.605760574 -0.56565 0.64912 0.49383 0.02704 0.81058 -0.01195 0.58488
1413393220.705760479 -0.56756 0.66114 0.50034 0.02644 0.8096 -0.01276 0.58625
1413393220.805760145 -0.57117 0.6738 0.49729 0.01951 0.81147 -0.01675 0.58383
1413393220.905760527 -0.57855 0.68149 0.49793 0.00913 0.81236 -0.01883 0.58278
1413393221.005760431 -0.58161 0.69202 0.51599 0.00902 0.81361 -0.02016 0.581
1413393221.105760574 -0.59046 0.6955 0.54123 0.00423 0.81389 -0.01615 0.58077
1413393221.205760479 -0.59545 0.69583 0.57144 0.00206 0.81577 -0.01276 0.57824
1413393221.305760145 -0.59657 0.69549 0.60034 0.00224 0.81796 -0.00986 0.57519
1413393221.405760527 -0.5968 0.69123 0.63283 0.00183 0.82051 -0.00702 0.57159
1413393221.505760431 -0.59293 0.68829 0.66198 0.00342 0.82154 -0.00341 0.57012
1413393221.605760574 -0.58614 0.68459 0.68163 0.00628 0.82223 0.00117 0.56913
1413393221.705760479 -0.58143 0.68478 0.70033 0.00487 0.8192 0.00456 0.57347
1413393221.805760145 -0.56883 0.6832 0.71767 0.00139 0.81401 0.00668 0.58081
1413393221.905760527 -0.55783 0.68658 0.7366 -0.0017 0.81183 0.00874 0.58383
1413393222.005760431 -0.54653 0.68798 0.74922 -0.00837 0.81014 0.01185 0.58606
1413393222.105760574 -0.53499 0.68959 0.74943 -0.01302 0.80873 0.01391 0.58788
1413393222.205760479 -0.52423 0.6928 0.73627 -0.01724 0.80761 0.01789 0.5892
1413393222.305760145 -0.51494 0.69563 0.70896 -0.01875 0.80976 0.01965 0.58613
1413393222.405760527 -0.50707 0.69842 0.68034 -0.01879 0.81529 0.01978 0.57841
1413393222.505760431 -0.4966 0.70324 0.6564 -0.01778 0.81906 0.02029 0.57307
1413393222.605760574 -0.4794 0.71092 0.64556 -0.02002 0.8207 0.01877 0.57069
1413393222.705760479 -0.46009 0.71595 0.64309 -0.01995 0.8215 0.02026 0.5695
1413393222.805760145 -0.43412 0.72292 0.64999 -0.01882 0.82378 0.01763 0.56632
1413393222.905760527 -0.4056 0.72854 0.6651 -0.01999 0.8258 0.01745 0.56334
1413393223.005760431 -0.37025 0.73466 0.68705 -0.01995 0.82614 0.01988 0.56276
1413393223.105760574 -0.32946 0.74039 0.71174 -0.02128 0.82327 0.02092 0.56686
1413393223.205760479 -0.2788 0.74411 0.73694 -0.00638 0.82427 0.01547 0.56595
1413393223.305760145 -0.22958 0.74715 0.75828 -0.00035 0.82358 0.01339 0.56705
1413393223.405760527 -0.17542 0.75373 0.76728 0.00086 0.82141 0.0145 0.57015
1413393223.505760431 -0.12266 0.76045 0.7552 0.00265 0.81799 0.01561 0.57502
1413393223.605760574 -0.0685 0.7668 0.72389 0.00424 0.81378 0.01426 0.58099
1413393223.705760479 -0.01681 0.77447 0.68322 0.00679 0.81164 0.01222 0.58399
1413393223.805760145 0.037 0.78325 0.65033 0.01012 0.8106 0.00827 0.58545
1413393223.905760527 0.0878 0.79497 0.6331 0.01523 0.81148 0.00521 0.58416
1413393224.005760431 0.13885 0.80967 0.63015 0.01799 0.81135 0.00229 0.58428
1413393224.105760574 0.1928 0.8274 0.62752 0.01953 0.81144 -0.00179 0.5841
1413393224.205760479 0.24029 0.84363 0.61704 0.02269 0.8111 -0.0048 0.58445
1413393224.305760145 0.28746 0.86202 0.59838 0.02598 0.80995 -0.00611 0.58589
1413393224.405760527 0.33307 0.87968 0.56508 0.02997 0.80988 -0.01015 0.58574
1413393224.505760431 0.37741 0.90219 0.52658 0.03207 0.80867 -0.01882 0.58709
1413393224.605760574 0.41681 0.92379 0.4774 0.03385 0.80726 -0.03385 0.58825
1413393224.705760479 0.45163 0.94623 0.43023 0.03621 0.80693 -0.05054 0.58737
1413393224.805760145 0.48006 0.98619 0.39338 0.0322 0.80784 -0.06174 0.58527
1413393224.905760527 0.50362 1.02862 0.36444 0.0273 0.80822 -0.0689 0.58419
1413393225.005760431 0.52278 1.06615 0.34762 0.02415 0.81001 -0.07106 0.58159
1413393225.105760574 0.5466 1.09742 0.34051 0.02309 0.8117 -0.06916 0.5795
1413393225.205760479 0.58374 1.1154 0.32955 0.02579 0.81222 -0.07219 0.5783
1413393225.305760145 0.61716 1.12236 0.32155 0.03229 0.81298 -0.07746 0.57621
1413393225.405760527 0.65057 1.12639 0.31538 0.03872 0.8122 -0.0891 0.57523
1413393225.505760431 0.69784 1.13586 0.30893 0.04514 0.81006 -0.10746 0.57465
1413393225.605760574 0.73047 1.12853 0.31026 0.05709 0.80748 -0.13233 0.57202
1413393225.705760479 0.76228 1.12526 0.31737 0.06982 0.80317 -0.15531 0.5709
1413393225.805760145 0.79355 1.11682 0.32823 0.09126 0.79766 -0.17556 0.56973
1413393225.905760527 0.82416 1.09759 0.33449 0.12349 0.78997 -0.1981 0.56698
1413393226.005760431 0.85076 1.08022 0.32275 0.15102 0.78284 -0.21595 0.56366
1413393226.105760574 0.87836 1.06574 0.3004 0.16855 0.77496 -0.2364 0.56138
1413393226.205760479 0.90853 1.05467 0.28228 0.17788 0.76844 -0.25555 0.55906
1413393226.305760145 0.9401 1.04441 0.27674 0.18269 0.76407 -0.27224 0.55561
1413393226.405760527 0.97014 1.03504 0.27754 0.18384 0.76408 -0.28657 0.54796
1413393226.505760431 1.00076 1.02494 0.27343 0.18437 0.76604 -0.29859 0.53854
1413393226.605760574 1.03147 1.01159 0.26202 0.18479 0.76674 -0.3069 0.53271
1413393226.705760479 1.06042 0.99431 0.24702 0.19307 0.76573 -0.30733 0.53098
1413393226.805760145 1.09173 0.97326 0.23357 0.20516 0.76384 -0.30172 0.53237
1413393226.905760527 1.12203 0.95218 0.22306 0.21347 0.7637 -0.29688 0.53203
1413393227.005760431 1.15576 0.93153 0.21493 0.21619 0.76422 -0.29397 0.5318
1413393227.105760574 1.19596 0.91123 0.20733 0.21508 0.76294 -0.29276 0.53474
1413393227.205760479 1.23445 0.89288 0.20307 0.21099 0.76072 -0.29473 0.53845
1413393227.305760145 1.27739 0.87537 0.20066 0.2051 0.75888 -0.29832 0.54133
1413393227.405760527 1.32105 0.85733 0.19978 0.20219 0.75822 -0.30058 0.5421
1413393227.505760431 1.36437 0.83894 0.19976 0.19984 0.75778 -0.30283 0.54234
1413393227.605760574 1.4066 0.81932 0.20015 0.20017 0.75461 -0.30775 0.54386
1413393227.705760479 1.44544 0.79703 0.20093 0.20446 0.75137 -0.31609 0.54197
1413393227.805760145 1.48229 0.77229 0.20017 0.21174 0.74662 -0.32758 0.5389
1413393227.905760527 1.51652 0.7458 0.19839 0.21941 0.73909 -0.34345 0.53633
1413393228.005760431 1.54366 0.71875 0.19595 0.23067 0.72954 -0.36156 0.53277
1413393228.105760574 1.57136 0.68782 0.1928 0.245 0.7196 -0.38027 0.52683
1413393228.205760479 1.5951 0.65501 0.18955 0.2592 0.71124 -0.39873 0.51765
1413393228.305760145 1.61684 0.62095 0.18682 0.27292 0.70479 -0.41171 0.50919
1413393228.405760527 1.63621 0.58549 0.18573 0.28541 0.69823 -0.42293 0.50214
1413393228.505760431 1.65466 0.54803 0.18554 0.29722 0.68894 -0.43501 0.49779
1413393228.605760574 1.67389 0.51008 0.18514 0.30711 0.68044 -0.44737 0.49248
1413393228.705760479 1.69696 0.48021 0.20443 0.31425 0.67534 -0.45882 0.4844
1413393228.805760145 1.71298 0.43706 0.186 0.31379 0.67222 -0.46624 0.48195
1413393228.905760527 1.73361 0.39797 0.18342 0.30988 0.67245 -0.4745 0.47606
1413393229.005760431 1.75221 0.35767 0.18003 0.31108 0.67276 -0.47628 0.47305
1413393229.105760574 1.77291 0.31225 0.17427 0.3204 0.67501 -0.47024 0.46966
1413393229.205760479 1.79475 0.2656 0.1667 0.32794 0.67653 -0.46434 0.46814
1413393229.305760145 1.81784 0.22052 0.15417 0.33322 0.67732 -0.45927 0.46826
1413393229.405760527 1.84448 0.17513 0.13889 0.33398 0.67623 -0.45652 0.47198
1413393229.505760431 1.87484 0.13 0.12339 0.32777 0.67146 -0.45933 0.48033
1413393229.605760574 1.90786 0.08415 0.10964 0.31834 0.6696 -0.46397 0.4848
1413393229.705760479 1.93928 0.03904 0.09819 0.30977 0.67102 -0.46855 0.48398
1413393229.805760145 1.97036 -0.00879 0.09 0.30356 0.67451 -0.47185 0.47984
1413393229.905760527 1.99933 -0.06118 0.08365 0.29877 0.67955 -0.47385 0.47372
1413393230.005760431 2.03061 -0.12039 0.08333 0.30076 0.68325 -0.4711 0.46987
1413393230.105760574 2.059 -0.18327 0.08607 0.31118 0.68553 -0.46167 0.46912
1413393230.205760479 2.09075 -0.24931 0.08677 0.3179 0.68667 -0.45502 0.46945
1413393230.305760145 2.13155 -0.32184 0.08579 0.3205 0.68558 -0.45069 0.47343
1413393230.405760527 2.16763 -0.38693 0.07994 0.31621 0.68325 -0.45223 0.4782
1413393230.505760431 2.20617 -0.45547 0.07295 0.31229 0.67946 -0.45804 0.48064
1413393230.605760574 2.24674 -0.52755 0.06792 0.31124 0.67224 -0.46959 0.48032
1413393230.705760479 2.28477 -0.60305 0.06739 0.31441 0.66275 -0.48419 0.47694
1413393230.805760145 2.31468 -0.67625 0.07219 0.32129 0.65125 -0.49985 0.47201
1413393230.905760527 2.34353 -0.75819 0.07915 0.33327 0.6399 -0.51496 0.46291
1413393231.005760431 2.37149 -0.84467 0.08874 0.35154 0.63224 -0.52474 0.44871
1413393231.105760574 2.40003 -0.93336 0.09967 0.36918 0.62694 -0.52985 0.43579
1413393231.205760479 2.43178 -1.02238 0.11139 0.37991 0.6226 -0.53424 0.42734
1413393231.305760145 2.46749 -1.11196 0.12241 0.38503 0.61834 -0.53814 0.42405
1413393231.405760527 2.5065 -1.20021 0.12412 0.3836 0.61189 -0.54374 0.42754
1413393231.505760431 2.54595 -1.28615 0.11874 0.38292 0.60109 -0.54685 0.43933
1413393231.605760574 2.58546 -1.37084 0.10593 0.38641 0.58855 -0.54459 0.45576
1413393231.705760479 2.6215 -1.45057 0.08662 0.38966 0.58094 -0.54501 0.46221
1413393231.805760145 2.65049 -1.5212 0.06659 0.38988 0.57718 -0.55235 0.45799
1413393231.905760527 2.67429 -1.58527 0.04954 0.38454 0.57205 -0.56673 0.45132
1413393232.005760431 2.69076 -1.6465 0.03996 -0.38137 -0.56415 0.58243 -0.44393
1413393232.105760574 2.69772 -1.70392 0.03338 -0.38689 -0.55647 0.59484 -0.43223
1413393232.205760479 2.69702 -1.76011 0.02998 -0.39906 -0.54714 0.60459 -0.41936
1413393232.305760145 2.6905 -1.81461 0.02264 -0.4121 -0.53559 0.61418 -0.40756
1413393232.405760527 2.6793 -1.86875 0.00886 -0.42015 -0.5221 0.62709 -0.39705
1413393232.505760431 2.66238 -1.92124 -0.01125 -0.42678 -0.50936 0.63971 -0.38624
1413393232.605760574 2.64141 -1.97286 -0.03794 -0.43204 -0.49942 0.64847 -0.3787
1413393232.705760479 2.61704 -2.02588 -0.06562 -0.43593 -0.49155 0.65439 -0.37434
1413393232.805760145 2.58819 -2.08049 -0.08994 -0.43943 -0.48826 0.65741 -0.3692
1413393232.905760527 2.55379 -2.13129 -0.11056 -0.44124 -0.48682 0.6593 -0.36556
1413393233.005760431 2.51716 -2.18651 -0.12731 -0.44518 -0.48992 0.65818 -0.3586
1413393233.105760574 2.47822 -2.24276 -0.13621 -0.44721 -0.49435 0.65673 -0.3526
1413393233.205760479 2.43828 -2.3003 -0.13589 -0.44941 -0.49618 0.65509 -0.35027
1413393233.305760145 2.39709 -2.36071 -0.12527 -0.45825 -0.4918 0.65276 -0.34935
1413393233.405760527 2.35684 -2.42101 -0.10571 -0.47006 -0.48146 0.65207 -0.34934
1413393233.505760431 2.31762 -2.47955 -0.07797 -0.47978 -0.4685 0.65578 -0.3468
1413393233.605760574 2.27822 -2.5355 -0.04519 -0.48597 -0.45663 0.66474 -0.33681
1413393233.705760479 2.24047 -2.58807 -0.00708 -0.4887 -0.4463 0.67823 -0.31937
1413393233.805760145 2.20634 -2.63889 0.04071 -0.49886 -0.4323 0.68567 -0.30678
1413393233.905760527 2.17604 -2.69014 0.0895 0.50903 0.41711 -0.68912 0.30334
1413393234.005760431 2.15088 -2.73541 0.13637 0.51528 0.40034 -0.69593 0.29982
1413393234.105760574 2.12716 -2.7804 0.18185 0.51499 0.38333 -0.70773 0.2949
1413393234.205760479 2.10559 -2.82062 0.22076 0.51452 0.36902 -0.71823 0.28852
1413393234.305760145 2.08369 -2.85427 0.24872 0.52341 0.34356 -0.72059 0.29794
1413393234.405760527 2.05897 -2.88466 0.27261 0.533 0.31293 -0.72111 0.31301
1413393234.505760431 2.03305 -2.9017 0.28907 0.54049 0.29008 -0.72346 0.31675
1413393234.605760574 2.00517 -2.89881 0.30412 0.55341 0.2804 -0.72524 0.29856
1413393234.705760479 1.97795 -2.87688 0.33045 0.56825 0.28766 -0.72797 0.25378
1413393234.805760145 1.95858 -2.84298 0.37004 0.57016 0.29142 -0.73805 0.21276
1413393234.905760527 1.94655 -2.80637 0.40207 0.56349 0.28093 -0.75319 0.19043
1413393235.005760431 1.93769 -2.7724 0.41583 0.55863 0.25854 -0.76629 0.18412
1413393235.105760574 1.92803 -2.74093 0.41066 0.55642 0.23074 -0.77701 0.1828
1413393235.205760479 1.91638 -2.71037 0.38859 0.55779 0.20935 -0.78479 0.17072
1413393235.305760145 1.90392 -2.67969 0.36297 0.5598 0.19896 -0.79135 0.14421
1413393235.405760527 1.89113 -2.65275 0.33876 0.55739 0.19279 -0.79854 0.12031
1413393235.505760431 1.87728 -2.63084 0.31867 0.55332 0.18948 -0.8046 0.10273
1413393235.605760574 1.86188 -2.61616 0.30414 0.56091 0.19199 -0.80126 0.08065
1413393235.705760479 1.84578 -2.61204 0.29221 0.57022 0.18948 -0.79652 0.06717
1413393235.805760145 1.83414 -2.62409 0.28185 0.57478 0.18072 -0.7951 0.0692
1413393235.905760527 1.82679 -2.64647 0.27498 0.57731 0.16128 -0.79535 0.09015
1413393236.005760431 1.82003 -2.67055 0.27014 0.57967 0.14053 -0.79552 0.1067
1413393236.105760574 1.81554 -2.69407 0.27027 0.58127 0.11991 -0.7968 0.11337
1413393236.205760479 1.81283 -2.71044 0.27605 0.58153 0.10325 -0.80015 0.10452
1413393236.305760145 1.81383 -2.72032 0.28391 0.58081 0.09395 -0.80467 0.07959
1413393236.405760527 1.81339 -2.73033 0.29346 0.57982 0.079 -0.80872 0.05948
1413393236.505760431 1.81258 -2.74108 0.30538 0.57664 0.05925 -0.81348 0.04717
1413393236.605760574 1.80903 -2.75432 0.3157 0.56615 0.03939 -0.82259 0.03563
1413393236.705760479 1.80088 -2.76872 0.3201 0.55788 0.02033 -0.82918 0.02844
1413393236.805760145 1.7891 -2.7835 0.3146 0.55841 -0.00069 -0.82903 0.02968
1413393236.905760527 1.77107 -2.794 0.30814 0.56328 -0.01438 -0.82568 0.02745
1413393237.005760431 1.74815 -2.79788 0.31225 0.57226 -0.01735 -0.81967 0.0189
1413393237.105760574 1.72386 -2.79907 0.32995 0.57842 -0.01238 -0.81563 0.00585
1413393237.205760479 1.69833 -2.79959 0.3523 0.58477 -0.00152 -0.81114 -0.00998
1413393237.305760145 1.67319 -2.80358 0.3631 0.58615 0.00611 -0.80994 -0.01957
1413393237.405760527 1.6484 -2.81416 0.36242 0.5866 0.01105 -0.80948 -0.0226
1413393237.505760431 1.62582 -2.82995 0.35248 0.5881 0.0084 -0.80864 -0.01323
1413393237.605760574 1.6051 -2.85051 0.34271 0.58834 -6e-05 -0.8086 0.00488
1413393237.705760479 1.58293 -2.87175 0.33405 0.58531 -0.00728 -0.8105 0.02138
1413393237.805760145 1.56234 -2.88924 0.3276 0.58222 -0.00912 -0.81243 0.02993
1413393237.905760527 1.54188 -2.90194 0.32185 0.57761 -0.00486 -0.81581 0.02813
1413393238.005760431 1.52178 -2.91029 0.31626 0.57195 0.00277 -0.82007 0.01858
1413393238.105760574 1.50134 -2.91673 0.31017 0.5654 0.01132 -0.82471 0.00647
1413393238.205760479 1.47702 -2.92358 0.30906 0.56371 0.0146 -0.82584 -0.0028
1413393238.305760145 1.44742 -2.93418 0.31342 0.56276 0.01457 -0.82645 -0.0086
1413393238.405760527 1.41051 -2.94869 0.33094 0.56262 0.01109 -0.82659 -0.00976
1413393238.505760431 1.36912 -2.96782 0.3531 0.56642 0.00089 -0.82411 -0.00093
1413393238.605760574 1.32523 -2.9878 0.36835 0.5728 -0.01388 -0.81943 0.01534
1413393238.705760479 1.27885 -3.0044 0.37723 0.57578 -0.02657 -0.81664 0.0294
1413393238.805760145 1.23233 -3.01386 0.37856 0.57792 -0.0326 -0.81469 0.03501
1413393238.905760527 1.18635 -3.01542 0.37767 0.57864 -0.02905 -0.81459 0.02775
1413393239.005760431 1.13852 -3.01235 0.377 0.57955 -0.01858 -0.81467 0.00983
1413393239.105760574 1.08987 -3.0064 0.38005 0.57906 -0.00909 -0.81522 -0.00483
1413393239.205760479 1.04102 -3.00122 0.38225 0.57848 -0.00356 -0.81558 -0.01331
1413393239.305760145 0.98935 -2.99987 0.38506 0.57824 -0.00202 -0.81567 -0.01787
1413393239.405760527 0.94043 -3.00187 0.38777 0.57701 -0.00163 -0.8165 -0.01929
1413393239.505760431 0.89103 -3.00674 0.39497 0.5761 -0.0008 -0.81711 -0.02075
1413393239.605760574 0.84046 -3.01787 0.40246 0.57516 -0.00441 -0.8179 -0.01464
1413393239.705760479 0.78795 -3.03115 0.41424 0.57535 -0.01664 -0.81773 0.0038
1413393239.805760145 0.73445 -3.04381 0.42545 0.57528 -0.02552 -0.81736 0.01802
1413393239.905760527 0.68047 -3.04979 0.43486 0.57272 -0.0258 -0.81912 0.01934
1413393240.005760431 0.62346 -3.05204 0.44468 0.57378 -0.02137 -0.81862 0.01349
1413393240.105760574 0.56564 -3.05187 0.45765 0.57715 -0.01182 -0.81655 0.00113
1413393240.205760479 0.50683 -3.05128 0.46709 0.5801 -0.00323 -0.81449 -0.00903
1413393240.305760145 0.44795 -3.05326 0.467 0.57924 -0.00071 -0.81508 -0.01115
1413393240.405760527 0.38915 -3.0579 0.45738 0.57942 -0.00472 -0.815 -0.00441
1413393240.505760431 0.33137 -3.06399 0.43881 0.58049 -0.01129 -0.81417 0.00588
1413393240.605760574 0.27228 -3.0691 0.42197 0.58145 -0.01708 -0.81328 0.01377
1413393240.705760479 0.21171 -3.07078 0.41779 0.58085 -0.01894 -0.81368 0.01341
1413393240.805760145 0.14771 -3.06945 0.43137 0.58444 -0.01627 -0.81126 0.00495
1413393240.905760527 0.08566 -3.06671 0.44127 0.59071 -0.01369 -0.80676 -0.00351
1413393241.005760431 0.02815 -3.0646 0.43718 0.59787 -0.01329 -0.80143 -0.00896
1413393241.105760574 -0.02542 -3.064 0.42082 0.60197 -0.01851 -0.79828 -0.00647
1413393241.205760479 -0.07546 -3.06439 0.39419 0.60084 -0.02797 -0.79888 0.00259
1413393241.305760145 -0.11788 -3.0627 0.36628 0.59576 -0.03597 -0.8023 0.00941
1413393241.405760527 -0.15832 -3.05736 0.33944 0.58362 -0.03881 -0.81105 0.0092
1413393241.505760431 -0.19593 -3.04761 0.31844 0.57854 -0.03581 -0.81486 0.00149
1413393241.605760574 -0.23739 -3.03484 0.3008 0.58204 -0.02941 -0.81258 -0.00918
1413393241.705760479 -0.27622 -3.02167 0.28339 0.58572 -0.02299 -0.80999 -0.01785
1413393241.805760145 -0.31452 -3.01022 0.26913 0.58504 -0.01932 -0.81048 -0.02183
1413393241.905760527 -0.35271 -3.00242 0.25429 0.58563 -0.01693 -0.81007 -0.02326
1413393242.005760431 -0.38957 -2.99867 0.24497 0.59102 -0.01396 -0.80621 -0.02292
1413393242.105760574 -0.42545 -3.00013 0.23514 0.59844 -0.01082 -0.8008 -0.02185
1413393242.205760479 -0.45176 -3.00547 0.23296 0.60845 -0.01203 -0.79335 -0.01557
1413393242.305760145 -0.4739 -3.01333 0.23195 0.61324 -0.01307 -0.78971 -0.01114
1413393242.405760527 -0.48903 -3.02355 0.23041 0.60743 -0.0181 -0.79416 -0.00147
1413393242.505760431 -0.49826 -3.03386 0.22681 0.5923 -0.02657 -0.80519 0.01195
1413393242.605760574 -0.5045 -3.04043 0.22672 0.57859 -0.03211 -0.81472 0.02105
1413393242.705760479 -0.51357 -3.04108 0.2294 0.57316 -0.03441 -0.81835 0.02481
1413393242.805760145 -0.52495 -3.03562 0.23545 0.57442 -0.03452 -0.81728 0.02994
1413393242.905760527 -0.53812 -3.02407 0.24289 0.5772 -0.01952 -0.81601 0.02414
1413393243.005760431 -0.55269 -3.00876 0.25136 0.57414 0.00119 -0.81855 0.01811
1413393243.105760574 -0.56862 -2.99343 0.2624 0.5703 0.02336 -0.82085 0.02045
1413393243.205760479 -0.58693 -2.98045 0.27571 0.57303 0.0454 -0.81765 0.03197
1413393243.305760145 -0.60708 -2.9692 0.29074 0.58513 0.0631 -0.80735 0.04277
1413393243.405760527 -0.62801 -2.95908 0.29608 0.59383 0.07449 -0.7994 0.05267
1413393243.505760431 -0.64612 -2.94969 0.29191 0.59817 0.08268 -0.79481 0.06028
1413393243.605760574 -0.66027 -2.94042 0.27774 0.59859 0.08813 -0.79351 0.06534
1413393243.705760479 -0.66951 -2.9313 0.26169 0.59592 0.0929 -0.79485 0.06681
1413393243.805760145 -0.67361 -2.92253 0.24916 0.59148 0.09608 -0.79776 0.06704
1413393243.905760527 -0.67455 -2.91466 0.24231 0.58974 0.09727 -0.79883 0.06799
1413393244.005760431 -0.67233 -2.90817 0.23875 0.58927 0.09825 -0.79904 0.06814
1413393244.105760574 -0.66874 -2.90381 0.23866 0.58935 0.09958 -0.79902 0.06564
1413393244.205760479 -0.66018 -2.903 0.23896 0.58887 0.10332 -0.79876 0.06735
1413393244.305760145 -0.64864 -2.90637 0.23936 0.58652 0.1137 -0.79863 0.07249
1413393244.405760527 -0.63429 -2.91361 0.23948 0.58526 0.12573 -0.79682 0.08207
1413393244.505760431 -0.61759 -2.9225 0.23421 0.58608 0.13292 -0.7938 0.09341
1413393244.605760574 -0.59786 -2.93138 0.21624 0.58502 0.13724 -0.79265 0.1031
1413393244.705760479 -0.57576 -2.94014 0.19872 0.584 0.14089 -0.79179 0.11033
1413393244.805760145 -0.54886 -2.94657 0.18753 0.5813 0.13886 -0.79272 0.12005
1413393244.905760527 -0.52354 -2.95134 0.19241 0.57927 0.13672 -0.79367 0.12588
1413393245.005760431 -0.50114 -2.95221 0.21323 0.5778 0.13855 -0.79483 0.12327
1413393245.105760574 -0.477 -2.94806 0.2305 0.57159 0.14098 -0.79967 0.11811
1413393245.205760479 -0.45304 -2.94172 0.23698 0.56369 0.14209 -0.80563 0.11414
1413393245.305760145 -0.43029 -2.93473 0.23553 0.56118 0.14419 -0.80762 0.1097
1413393245.405760527 -0.41006 -2.92834 0.22353 0.56319 0.14652 -0.80633 0.10572
1413393245.505760431 -0.39157 -2.92336 0.20171 0.56761 0.14866 -0.80334 0.1018
1413393245.605760574 -0.37134 -2.92004 0.17983 0.57337 0.14997 -0.79947 0.09804
1413393245.705760479 -0.35376 -2.91971 0.15837 0.57721 0.15069 -0.79709 0.09359
1413393245.805760145 -0.33616 -2.92164 0.14003 0.57632 0.14856 -0.79851 0.0904
1413393245.905760527 -0.317 -2.92678 0.1245 0.57405 0.14201 -0.80103 0.09299
1413393246.005760431 -0.29766 -2.9334 0.1122 0.56823 0.13195 -0.80583 0.10173
1413393246.105760574 -0.28057 -2.93964 0.09976 0.56024 0.12101 -0.81181 0.11159
1413393246.205760479 -0.26688 -2.94279 0.09003 0.55764 0.11845 -0.81298 0.11866
1413393246.305760145 -0.25856 -2.94316 0.08216 0.56248 0.13198 -0.80765 0.11787
1413393246.405760527 -0.25232 -2.94165 0.07452 0.57038 0.15136 -0.79895 0.11589
1413393246.505760431 -0.24705 -2.9397 0.06803 0.57738 0.16533 -0.79075 0.11836
1413393246.605760574 -0.23863 -2.93779 0.06031 0.57902 0.17557 -0.78699 0.12062
1413393246.705760479 -0.22767 -2.93604 0.05223 0.57577 0.18164 -0.78778 0.12201
1413393246.805760145 -0.21517 -2.93633 0.04516 0.57501 0.18511 -0.78737 0.12307
1413393246.905760527 -0.20237 -2.93815 0.03514 0.57578 0.18811 -0.78594 0.12408
1413393247.005760431 -0.18621 -2.94219 0.02168 0.5773 0.19037 -0.78382 0.12693
1413393247.105760574 -0.16838 -2.94818 0.00407 0.57673 0.19258 -0.78334 0.12908
1413393247.205760479 -0.14779 -2.95579 -0.01694 0.57203 0.19368 -0.78572 0.13384
1413393247.305760145 -0.12637 -2.96426 -0.04171 0.55903 0.19377 -0.79412 0.13895
1413393247.405760527 -0.1073 -2.97381 -0.06842 0.54509 0.19335 -0.803 0.14381
1413393247.505760431 -0.09339 -2.9843 -0.09449 0.53624 0.19191 -0.80813 0.15013
1413393247.605760574 -0.08766 -2.99464 -0.11852 0.53064 0.1905 -0.81092 0.15663
1413393247.705760479 -0.09141 -3.00419 -0.14069 0.52945 0.19068 -0.81069 0.16156
1413393247.805760145 -0.1038 -3.01259 -0.16308 0.52833 0.19029 -0.80994 0.16927
1413393247.905760527 -0.12546 -3.01824 -0.18062 0.53772 0.18743 -0.80204 0.18016
1413393248.005760431 -0.15385 -3.01938 -0.19463 0.56039 0.19033 -0.78536 0.18153
1413393248.105760574 -0.18294 -3.01324 -0.20585 0.5749 0.19625 -0.77416 0.17793
1413393248.205760479 -0.20925 -3.00091 -0.21608 0.57959 0.20149 -0.77043 0.17295
1413393248.305760145 -0.23264 -2.98378 -0.21882 0.574 0.20585 -0.77514 0.16526
1413393248.405760527 -0.25268 -2.9645 -0.21849 0.57456 0.20601 -0.77552 0.16129
1413393248.505760431 -0.26866 -2.94374 -0.21055 0.58322 0.20218 -0.76974 0.16269
1413393248.605760574 -0.28112 -2.92255 -0.19379 0.59148 0.1972 -0.7646 0.16326
1413393248.705760479 -0.28702 -2.89807 -0.17221 0.59254 0.19432 -0.76507 0.16063
1413393248.805760145 -0.28562 -2.86908 -0.15076 0.58589 0.19414 -0.77165 0.15362
1413393248.905760527 -0.2792 -2.83765 -0.13181 0.56992 0.19499 -0.78519 0.14366
1413393249.005760431 -0.2758 -2.80566 -0.11936 0.55392 0.19398 -0.79826 0.13542
1413393249.105760574 -0.27087 -2.77856 -0.11631 0.54736 0.19101 -0.80429 0.13048
1413393249.205760479 -0.26909 -2.75561 -0.1217 0.54993 0.18702 -0.80382 0.12835
1413393249.305760145 -0.27165 -2.73574 -0.12755 0.55521 0.18394 -0.8012 0.12644
1413393249.405760527 -0.27576 -2.71989 -0.13148 0.55945 0.18486 -0.79868 0.1223
1413393249.505760431 -0.28053 -2.70648 -0.13559 0.56314 0.19111 -0.79584 0.11395
1413393249.605760574 -0.28586 -2.69712 -0.1426 0.56641 0.20168 -0.79249 0.10226
1413393249.705760479 -0.28977 -2.69586 -0.15445 0.57034 0.20459 -0.78875 0.10358
1413393249.805760145 -0.29025 -2.70188 -0.17149 0.57091 0.20162 -0.78778 0.1132
1413393249.905760527 -0.28824 -2.71238 -0.19027 0.57257 0.19853 -0.7861 0.12166
1413393250.005760431 -0.2835 -2.72692 -0.20802 0.56878 0.19702 -0.78861 0.12554
1413393250.105760574 -0.27766 -2.74368 -0.22442 0.5614 0.19725 -0.794 0.12442
1413393250.205760479 -0.27221 -2.76422 -0.23867 0.55778 0.19477 -0.79717 0.12437
1413393250.305760145 -0.26774 -2.78825 -0.25145 0.5614 0.19129 -0.79556 0.12377
1413393250.405760527 -0.26357 -2.81524 -0.2632 0.56774 0.18426 -0.79223 0.12688
1413393250.505760431 -0.25916 -2.84367 -0.27341 0.57609 0.17493 -0.78665 0.13675
1413393250.605760574 -0.25218 -2.8717 -0.28219 0.58207 0.16638 -0.78199 0.14835
1413393250.705760479 -0.24253 -2.89585 -0.29166 0.58035 0.16472 -0.78315 0.15077
1413393250.805760145 -0.23045 -2.91587 -0.29991 0.5719 0.1658 -0.789 0.1514
1413393250.905760527 -0.21924 -2.93128 -0.30575 0.56289 0.16886 -0.79532 0.14871
1413393251.005760431 -0.21012 -2.94281 -0.30871 0.55637 0.16935 -0.80106 0.14168
1413393251.105760574 -0.2051 -2.9508 -0.30742 0.55764 0.16234 -0.80333 0.13168
1413393251.205760479 -0.20345 -2.95632 -0.30256 0.56502 0.14547 -0.80331 0.11947
1413393251.305760145 -0.20397 -2.95851 -0.29589 0.57401 0.12245 -0.8031 0.10273
1413393251.405760527 -0.20488 -2.9586 -0.28605 0.58384 0.09548 -0.80185 0.08401
1413393251.505760431 -0.2035 -2.95711 -0.275 0.59407 0.06742 -0.79887 0.06589
1413393251.605760574 -0.19943 -2.95423 -0.26066 0.60291 0.042 -0.7953 0.04733
1413393251.705760479 -0.19027 -2.95085 -0.24498 0.60995 0.01757 -0.79169 0.02977
1413393251.805760145 -0.17447 -2.94641 -0.22969 0.61005 -0.00527 -0.79226 0.01151
1413393251.905760527 -0.15283 -2.94187 -0.21565 0.59827 -0.02748 -0.80081 -0.00549
1413393252.005760431 -0.12815 -2.93701 -0.20036 0.58447 -0.0461 -0.80967 -0.0267
1413393252.105760574 -0.10379 -2.9334 -0.18299 0.57576 -0.06555 -0.81381 -0.0438
1413393252.205760479 -0.08065 -2.9312 -0.1635 0.5733 -0.08635 -0.81286 -0.05605
1413393252.305760145 -0.06001 -2.92931 -0.14418 0.5739 -0.10607 -0.80902 -0.06981
1413393252.405760527 -0.04153 -2.92833 -0.12629 0.57279 -0.12729 -0.80567 -0.08127
1413393252.505760431 -0.02427 -2.92748 -0.11384 0.5676 -0.14829 -0.80523 -0.08629
1413393252.605760574 -0.01048 -2.92542 -0.10928 0.56659 -0.16045 -0.80294 -0.09228
1413393252.705760479 0.00072 -2.92182 -0.11233 0.56556 -0.16887 -0.80104 -0.09981
1413393252.805760145 0.011 -2.9163 -0.11794 0.56613 -0.17472 -0.79776 -0.11201
1413393252.905760527 0.01902 -2.91121 -0.12212 0.56682 -0.18065 -0.79392 -0.12557
1413393253.005760431 0.02547 -2.90695 -0.12307 0.56622 -0.18396 -0.79156 -0.13781
1413393253.105760574 0.02933 -2.90527 -0.12122 0.56139 -0.18661 -0.79282 -0.14645
1413393253.205760479 0.03017 -2.90695 -0.11912 0.55124 -0.19316 -0.7987 -0.14457
1413393253.305760145 0.02631 -2.9099 -0.11631 0.54281 -0.20059 -0.80373 -0.13838
1413393253.405760527 0.01481 -2.91273 -0.11172 0.54075 -0.20563 -0.80458 -0.134
1413393253.505760431 -0.00324 -2.91405 -0.10494 0.5436 -0.20739 -0.80256 -0.13184
1413393253.605760574 -0.02659 -2.91217 -0.09396 0.54992 -0.20713 -0.79837 -0.13148
1413393253.705760479 -0.05383 -2.90837 -0.07991 0.5571 -0.20446 -0.79374 -0.13344
1413393253.805760145 -0.08347 -2.90315 -0.06636 0.56181 -0.20142 -0.79077 -0.13595
1413393253.905760527 -0.11444 -2.89724 -0.05063 0.56252 -0.20472 -0.78915 -0.13747
1413393254.005760431 -0.14584 -2.89106 -0.03276 0.5625 -0.21365 -0.78621 -0.14076
1413393254.105760574 -0.17682 -2.88364 -0.01136 0.56104 -0.22553 -0.78271 -0.14745
1413393254.205760479 -0.20751 -2.87525 0.0113 0.56015 -0.24028 -0.7771 -0.15687
1413393254.305760145 -0.23784 -2.86679 0.03562 0.55779 -0.25265 -0.77228 -0.16916
1413393254.405760527 -0.26766 -2.8585 0.06137 0.55019 -0.25826 -0.77226 -0.18493
1413393254.505760431 -0.30082 -2.85129 0.08712 0.53892 -0.2633 -0.77566 -0.19646
1413393254.605760574 -0.33842 -2.84622 0.11213 0.53331 -0.27046 -0.77662 -0.19824
1413393254.705760479 -0.38217 -2.84192 0.13688 0.53711 -0.27577 -0.77266 -0.19614
1413393254.805760145 -0.42847 -2.83808 0.16329 0.54673 -0.27789 -0.76542 -0.19494
1413393254.905760527 -0.47578 -2.83588 0.18608 0.55372 -0.27774 -0.76077 -0.19361
1413393255.005760431 -0.52091 -2.83372 0.20664 0.55676 -0.27641 -0.75948 -0.19184
1413393255.105760574 -0.56551 -2.83238 0.22479 0.56044 -0.27725 -0.75762 -0.18725
1413393255.205760479 -0.60665 -2.83055 0.24089 0.56399 -0.28054 -0.75574 -0.17908
1413393255.305760145 -0.64382 -2.82735 0.25304 0.56603 -0.28272 -0.75484 -0.17289
1413393255.405760527 -0.67653 -2.82174 0.26228 0.5668 -0.28426 -0.75442 -0.16967
1413393255.505760431 -0.70506 -2.81352 0.27162 0.56694 -0.28554 -0.75399 -0.16894
1413393255.605760574 -0.72643 -2.80205 0.2781 0.5648 -0.2864 -0.75461 -0.17188
1413393255.705760479 -0.74616 -2.78824 0.28636 0.56156 -0.28797 -0.75551 -0.17589
1413393255.805760145 -0.76164 -2.77229 0.29063 0.55513 -0.29022 -0.75836 -0.18024
1413393255.905760527 -0.77671 -2.75394 0.29183 0.54513 -0.29112 -0.76398 -0.18553
1413393256.005760431 -0.79055 -2.73423 0.29469 0.53866 -0.28828 -0.76726 -0.19509
1413393256.105760574 -0.81004 -2.71258 0.29338 0.53624 -0.28688 -0.76782 -0.20149
1413393256.205760479 -0.8312 -2.69119 0.28845 0.53595 -0.28802 -0.76728 -0.20267
1413393256.305760145 -0.8539 -2.6701 0.28489 0.53579 -0.29104 -0.76684 -0.20047
1413393256.405760527 -0.88074 -2.6477 0.28155 0.53499 -0.29474 -0.7673 -0.19537
1413393256.505760431 -0.91017 -2.62427 0.28543 0.53667 -0.2993 -0.76637 -0.18729
1413393256.605760574 -0.94201 -2.59702 0.29609 0.53626 -0.29687 -0.76784 -0.18629
1413393256.705760479 -0.9796 -2.56435 0.30609 0.53645 -0.28851 -0.76936 -0.19251
1413393256.805760145 -1.01729 -2.53492 0.30903 0.53706 -0.28189 -0.77042 -0.19635
1413393256.905760527 -1.05924 -2.50326 0.30161 0.53909 -0.27814 -0.77059 -0.19546
1413393257.005760431 -1.10041 -2.47404 0.28957 0.54208 -0.2788 -0.76971 -0.18962
1413393257.105760574 -1.14481 -2.44266 0.27387 0.54526 -0.27883 -0.76829 -0.18621
1413393257.205760479 -1.18831 -2.41279 0.26031 0.54618 -0.28009 -0.76788 -0.18327
1413393257.305760145 -1.23518 -2.3806 0.24679 0.54716 -0.281 -0.76702 -0.18258
1413393257.405760527 -1.28002 -2.35006 0.23399 0.54764 -0.28133 -0.76637 -0.18335
1413393257.505760431 -1.3234 -2.3181 0.22094 0.54719 -0.28356 -0.76599 -0.18285
1413393257.605760574 -1.36848 -2.2839 0.20915 0.54838 -0.2854 -0.76419 -0.18395
1413393257.705760479 -1.41305 -2.24815 0.19415 0.54785 -0.28834 -0.76327 -0.18476
1413393257.805760145 -1.45637 -2.21151 0.17977 0.54709 -0.28884 -0.7626 -0.18894
1413393257.905760527 -1.50172 -2.17217 0.16698 0.5436 -0.2861 -0.76402 -0.19728
1413393258.005760431 -1.54715 -2.13585 0.15773 0.54225 -0.28399 -0.76412 -0.20359
1413393258.105760574 -1.59796 -2.09768 0.15073 0.5423 -0.28349 -0.7637 -0.20565
1413393258.205760479 -1.64934 -2.06586 0.14369 0.54368 -0.28016 -0.76465 -0.20307
1413393258.305760145 -1.7092 -2.03247 0.1404 0.55291 -0.27063 -0.76236 -0.19964
1413393258.405760527 -1.76197 -2.00667 0.14008 0.56673 -0.25724 -0.75875 -0.1922
1413393258.505760431 -1.81576 -1.98452 0.13894 0.57657 -0.24394 -0.75972 -0.17574
1413393258.605760574 -1.86772 -1.96588 0.13874 0.58481 -0.22422 -0.76359 -0.15702
1413393258.705760479 -1.91331 -1.95137 0.14045 0.58394 -0.20035 -0.77446 -0.13813
1413393258.805760145 -1.95463 -1.93971 0.14162 0.58008 -0.17769 -0.78637 -0.11643
1413393258.905760527 -1.99279 -1.92893 0.14319 0.57806 -0.15354 -0.79583 -0.0945
1413393259.005760431 -2.03002 -1.91911 0.14485 0.57563 -0.12568 -0.80436 -0.07658
1413393259.105760574 -2.0662 -1.9101 0.14719 0.57529 -0.09826 -0.81 -0.05738
1413393259.205760479 -2.1019 -1.90122 0.15034 0.57617 -0.07088 -0.81333 -0.03875
1413393259.305760145 -2.13753 -1.89261 0.15366 0.57626 -0.04378 -0.81588 -0.01886
1413393259.405760527 -2.17354 -1.88335 0.15795 0.57566 -0.01728 -0.81751 0.00088
1413393259.505760431 -2.21216 -1.87428 0.16294 0.57563 0.00954 -0.81741 0.02005
1413393259.605760574 -2.25329 -1.86582 0.16878 0.57458 0.03899 -0.81658 0.03904
1413393259.705760479 -2.29527 -1.85793 0.17421 0.57185 0.06856 -0.81535 0.05913
1413393259.805760145 -2.33792 -1.84865 0.18208 0.56967 0.09718 -0.8123 0.07871
1413393259.905760527 -2.38308 -1.83917 0.19166 0.56783 0.12428 -0.80784 0.09752
1413393260.005760431 -2.42791 -1.82993 0.20046 0.56509 0.14965 -0.80306 0.11565
1413393260.105760574 -2.47553 -1.82062 0.2099 0.56251 0.17329 -0.79747 0.13265
1413393260.205760479 -2.5234 -1.81084 0.21941 0.55944 0.19591 -0.79136 0.14965
1413393260.305760145 -2.57172 -1.80118 0.22737 0.55981 0.21838 -0.78184 0.1663
1413393260.405760527 -2.62117 -1.78956 0.23197 0.57324 0.2399 -0.76364 0.17521
1413393260.505760431 -2.6565 -1.77726 0.22883 0.59343 0.25879 -0.74207 0.17382
1413393260.605760574 -2.68943 -1.76304 0.21959 0.60931 0.27388 -0.72532 0.16623
1413393260.705760479 -2.70727 -1.7509 0.20675 0.61287 0.28935 -0.71831 0.15714
1413393260.805760145 -2.70366 -1.74288 0.19249 0.59486 0.29748 -0.73066 0.15422
1413393260.905760527 -2.68577 -1.74128 0.18336 0.57153 0.29276 -0.74821 0.16679
1413393261.005760431 -2.66017 -1.74456 0.17829 0.55245 0.28445 -0.76253 0.18007
1413393261.105760574 -2.6323 -1.75204 0.17582 0.53924 0.2781 -0.77271 0.18655
1413393261.205760479 -2.60643 -1.76341 0.17387 0.53073 0.27648 -0.77942 0.18545
1413393261.305760145 -2.58428 -1.7795 0.17354 0.53098 0.2761 -0.77941 0.18534
1413393261.405760527 -2.56567 -1.80053 0.17552 0.53571 0.28061 -0.77318 0.19095
1413393261.505760431 -2.54951 -1.82586 0.17757 0.53516 0.2893 -0.76762 0.20168
1413393261.605760574 -2.53517 -1.85464 0.18005 0.52644 0.29556 -0.76545 0.22269
1413393261.705760479 -2.5227 -1.88411 0.18246 0.51315 0.30786 -0.7633 0.24346
1413393261.805760145 -2.51552 -1.91396 0.18532 0.50079 0.3259 -0.75791 0.26187
1413393261.905760527 -2.51826 -1.94225 0.19217 -0.49962 -0.34858 0.74443 -0.27332
1413393262.005760431 -2.52897 -1.96815 0.1996 0.50322 0.36743 -0.73028 0.28011
1413393262.105760574 -2.54466 -1.9925 0.20721 0.50573 0.38059 -0.71981 0.28506
1413393262.205760479 -2.56262 -2.01539 0.21654 0.50645 0.38871 -0.71387 0.28775
1413393262.305760145 -2.58225 -2.0372 0.22724 0.50463 0.39394 -0.71204 0.28838
1413393262.405760527 -2.60289 -2.05853 0.23754 0.50372 0.39676 -0.71126 0.28802
1413393262.505760431 -2.62388 -2.08031 0.24818 0.50276 0.39809 -0.71124 0.28793
1413393262.605760574 -2.64544 -2.10295 0.24976 0.50272 0.39961 -0.71092 0.28666
1413393262.705760479 -2.66653 -2.12644 0.24123 0.50269 0.39975 -0.71081 0.2868
1413393262.805760145 -2.68715 -2.15004 0.22163 0.50236 0.40032 -0.71086 0.28645
1413393262.905760527 -2.70687 -2.17475 0.20056 0.50136 0.40012 -0.71099 0.28816
1413393263.005760431 -2.72746 -2.20323 0.18054 -0.49859 -0.39936 0.71249 -0.29031
1413393263.105760574 -2.74785 -2.23002 0.16442 -0.49491 -0.39756 0.7144 -0.29435
1413393263.205760479 -2.77173 -2.25957 0.15136 -0.49217 -0.39585 0.71559 -0.29832
1413393263.305760145 -2.79594 -2.28588 0.14252 -0.49241 -0.39472 0.715 -0.30084
1413393263.405760527 -2.82512 -2.31539 0.13587 -0.49125 -0.39339 0.71598 -0.30214
1413393263.505760431 -2.8545 -2.3414 0.1257 -0.49416 -0.39479 0.71436 -0.29939
1413393263.605760574 -2.88881 -2.37117 0.10751 0.50256 0.39451 -0.70912 0.29825
1413393263.705760479 -2.91907 -2.39525 0.08155 0.51365 0.39281 -0.70096 0.30087
1413393263.805760145 -2.94915 -2.42093 0.05073 0.52001 0.39748 -0.69217 0.30413
1413393263.905760527 -2.97337 -2.44184 0.01986 0.51962 0.40676 -0.68437 0.31012
1413393264.005760431 -2.98889 -2.45548 -0.00946 0.5159 0.41752 -0.67752 0.31701
1413393264.105760574 -2.998 -2.4617 -0.03371 0.50484 0.42709 -0.67804 0.32093
1413393264.205760479 -3.00672 -2.46748 -0.05657 -0.49125 -0.43481 0.68368 -0.31967
1413393264.305760145 -3.01526 -2.47114 -0.07611 -0.48184 -0.44099 0.68865 -0.31482
1413393264.405760527 -3.02267 -2.47621 -0.09273 -0.47713 -0.44494 0.69238 -0.30818
1413393264.505760431 -3.02907 -2.48457 -0.10489 -0.47688 -0.44352 0.6941 -0.30677
1413393264.605760574 -3.0364 -2.49781 -0.11545 -0.47964 -0.43948 0.69424 -0.30795
1413393264.705760479 -3.04395 -2.51486 -0.12578 -0.48097 -0.43485 0.69446 -0.31193
1413393264.805760145 -3.05135 -2.53425 -0.1368 -0.48073 -0.43488 0.69308 -0.31531
1413393264.905760527 -3.05914 -2.55496 -0.14751 -0.48194 -0.43783 0.69088 -0.31422
1413393265.005760431 -3.06721 -2.5764 -0.1601 -0.48278 -0.44028 0.6898 -0.31187
1413393265.105760574 -3.07531 -2.60045 -0.17194 -0.48666 -0.43983 0.68737 -0.31182
1413393265.205760479 -3.08164 -2.62408 -0.18138 -0.49955 -0.4346 0.67842 -0.31832
1413393265.305760145 -3.08565 -2.64855 -0.1894 0.5106 0.42822 -0.67052 0.32606
1413393265.405760527 -3.08588 -2.66688 -0.19747 0.50805 0.41917 -0.67316 0.3362
1413393265.505760431 -3.08385 -2.67803 -0.20438 -0.49621 -0.41691 0.68191 -0.33907
1413393265.605760574 -3.08126 -2.68206 -0.20737 -0.48887 -0.42661 0.68367 -0.33407
1413393265.705760479 -3.07852 -2.68533 -0.20657 -0.48691 -0.44257 0.67764 -0.3284
1413393265.805760145 -3.07474 -2.6873 -0.20264 -0.48353 -0.4585 0.66915 -0.32894
1413393265.905760527 -3.06865 -2.68912 -0.19555 -0.47697 -0.47338 0.66033 -0.33523
1413393266.005760431 -3.05944 -2.69097 -0.18523 -0.46767 -0.48852 0.65056 -0.34555
1413393266.105760574 -3.04718 -2.69437 -0.17274 -0.45569 -0.50566 0.6381 -0.35984
1413393266.205760479 -3.03194 -2.69836 -0.15584 -0.44224 -0.52762 0.62008 -0.37621
1413393266.305760145 -3.01499 -2.70167 -0.13499 -0.42455 -0.55269 0.59827 -0.39543
1413393266.405760527 -2.99605 -2.70501 -0.11169 0.40405 0.5813 -0.57088 0.41586
1413393266.505760431 -2.97378 -2.70751 -0.0855 0.37933 0.61199 -0.53824 0.43804
1413393266.605760574 -2.95319 -2.70941 -0.05837 0.35558 0.6366 -0.50203 0.46505
1413393266.705760479 -2.93534 -2.70781 -0.04272 0.33288 0.65593 -0.4698 0.48809
1413393266.805760145 -2.92195 -2.70501 -0.03907 0.31162 0.67157 -0.44295 0.50566
1413393266.905760527 -2.91495 -2.70156 -0.02937 0.30068 0.68123 -0.41927 0.51936
1413393267.005760431 -2.91445 -2.69444 -0.00596 0.28863 0.69246 -0.40876 0.51971
1413393267.105760574 -2.92064 -2.68353 0.03187 0.27954 0.69983 -0.40512 0.51766
1413393267.205760479 -2.93076 -2.67265 0.0663 0.27422 0.70287 -0.40683 0.51504
1413393267.305760145 -2.94297 -2.66146 0.09091 0.272 0.70295 -0.41061 0.51311
1413393267.405760527 -2.95834 -2.65583 0.10246 0.27377 0.70098 -0.41392 0.5122
1413393267.505760431 -2.9754 -2.65026 0.10238 0.28028 0.69968 -0.41551 0.50917
1413393267.605760574 -2.99567 -2.64571 0.09267 0.28826 0.70001 -0.41601 0.50381
1413393267.705760479 -3.01399 -2.64131 0.07297 0.29479 0.69995 -0.41621 0.49993
1413393267.805760145 -3.03272 -2.63654 0.04733 0.29933 0.70115 -0.41562 0.49603
1413393267.905760527 -3.04734 -2.63063 0.02194 0.30406 0.70232 -0.41282 0.49384
1413393268.005760431 -3.05843 -2.62478 0.00176 0.29905 0.70077 -0.41551 0.49683
1413393268.105760574 -3.06819 -2.61715 -0.01218 0.29077 0.69917 -0.42062 0.4997
1413393268.205760479 -3.07841 -2.61133 -0.02527 0.28499 0.69912 -0.42412 0.50013
1413393268.305760145 -3.08833 -2.60581 -0.03527 0.28917 0.70246 -0.42046 0.49612
1413393268.405760527 -3.09934 -2.60087 -0.04374 0.29782 0.70881 -0.41388 0.48744
1413393268.505760431 -3.10588 -2.59567 -0.04697 0.30137 0.71129 -0.4121 0.48313
1413393268.605760574 -3.10804 -2.59255 -0.04404 0.29694 0.70832 -0.41759 0.48552
1413393268.705760479 -3.10639 -2.59071 -0.03554 0.29522 0.70367 -0.42128 0.49012
1413393268.805760145 -3.1032 -2.59062 -0.02347 0.29161 0.70155 -0.42603 0.49121
1413393268.905760527 -3.09912 -2.59216 -0.01019 0.28943 0.6996 -0.42963 0.49215
1413393269.005760431 -3.09504 -2.59552 -0.0028 0.29547 0.69763 -0.42687 0.49376
1413393269.105760574 -3.09035 -2.5996 -0.00222 0.30892 0.6997 -0.41742 0.49066
1413393269.205760479 -3.08231 -2.60101 -0.00182 0.31406 0.70205 -0.40835 0.49168
1413393269.305760145 -3.07044 -2.60019 0.00182 0.30392 0.70163 -0.40199 0.50374
1413393269.405760527 -3.05592 -2.59563 0.00663 0.29181 0.69931 -0.3937 0.5204
1413393269.505760431 -3.04449 -2.58774 0.00429 0.28064 0.70017 -0.38891 0.52891
1413393269.605760574 -3.03705 -2.57724 -0.01194 0.26997 0.70446 -0.38771 0.52965
1413393269.705760479 -3.03401 -2.56657 -0.04045 0.26252 0.70758 -0.38777 0.52919
1413393269.805760145 -3.03717 -2.55499 -0.07475 0.25805 0.71345 -0.38757 0.52363
1413393269.905760527 -3.04239 -2.54506 -0.10757 0.25959 0.71969 -0.38434 0.51667
1413393270.005760431 -3.04882 -2.5359 -0.13842 0.26463 0.72586 -0.37943 0.50906
1413393270.105760574 -3.05411 -2.52682 -0.1663 0.26336 0.72839 -0.37861 0.5067
1413393270.205760479 -3.05801 -2.51966 -0.19217 0.26065 0.72966 -0.37892 0.50604
1413393270.305760145 -3.06057 -2.51415 -0.21597 0.25789 0.73046 -0.37908 0.50618
1413393270.405760527 -3.06182 -2.51225 -0.23654 0.25661 0.72879 -0.38188 0.50713
1413393270.505760431 -3.0631 -2.51206 -0.25502 0.25791 0.72425 -0.38898 0.50758
1413393270.605760574 -3.06753 -2.51259 -0.27217 0.26508 0.72013 -0.3974 0.50321
1413393270.705760479 -3.07113 -2.51673 -0.28438 0.27771 0.71644 -0.40543 0.49519
1413393270.805760145 -3.07167 -2.5253 -0.28555 0.2882 0.71198 -0.4117 0.49044
1413393270.905760527 -3.06863 -2.53439 -0.27431 0.29751 0.70999 -0.41565 0.48439
1413393271.005760431 -3.06161 -2.54621 -0.25606 0.30726 0.70823 -0.41647 0.48015
1413393271.105760574 -3.04977 -2.55775 -0.24251 0.31132 0.70519 -0.41926 0.47959
1413393271.205760479 -3.03514 -2.56795 -0.23849 0.31484 0.70142 -0.42081 0.48145
1413393271.305760145 -3.02259 -2.58399 -0.25499 0.32308 0.6986 -0.41719 0.48324
1413393271.405760527 -2.99938 -2.58262 -0.25449 0.3342 0.6934 -0.42131 0.47959
1413393271.505760431 -2.97835 -2.5835 -0.26254 0.33798 0.68333 -0.43404 0.48003
1413393271.605760574 -2.95394 -2.58116 -0.2665 0.34053 0.67156 -0.44724 0.48272
1413393271.705760479 -2.92814 -2.57697 -0.26794 0.34343 0.66528 -0.45981 0.47753
1413393271.805760145 -2.90287 -2.57071 -0.26485 0.34489 0.66137 -0.47621 0.46569
1413393271.905760527 -2.87589 -2.56187 -0.26072 0.3507 0.65568 -0.48843 0.45665
1413393272.005760431 -2.84391 -2.55354 -0.25432 0.35893 0.6492 -0.49479 0.45265
1413393272.105760574 -2.81339 -2.5442 -0.2469 0.36435 0.645 -0.4996 0.44903
1413393272.205760479 -2.78105 -2.53468 -0.23732 0.36957 0.63666 -0.506 0.44949
1413393272.305760145 -2.7513 -2.52446 -0.2264 0.37043 0.62493 -0.51796 0.45161
1413393272.405760527 -2.72111 -2.51406 -0.21534 0.37444 0.61496 -0.52979 0.44826
1413393272.505760431 -2.69082 -2.50152 -0.20323 0.38538 0.6064 -0.53893 0.43969
1413393272.605760574 -2.66419 -2.48926 -0.19099 0.39855 0.59869 -0.54746 0.42781
1413393272.705760479 -2.63955 -2.47431 -0.17903 0.41029 0.59014 -0.55796 0.41482
1413393272.805760145 -2.61506 -2.45895 -0.16715 0.42097 0.57944 -0.56947 0.40342
1413393272.905760527 -2.58893 -2.44429 -0.15347 -0.43193 -0.56696 0.58099 -0.393
1413393273.005760431 -2.55768 -2.42881 -0.13864 -0.43959 -0.55288 0.59484 -0.38374
1413393273.105760574 -2.52372 -2.41207 -0.12426 -0.44283 -0.53713 0.61274 -0.37408
1413393273.205760479 -2.49066 -2.39786 -0.1108 -0.44761 -0.52 0.63014 -0.36354
1413393273.305760145 -2.45735 -2.38542 -0.09811 -0.45242 -0.5024 0.64824 -0.35028
1413393273.405760527 -2.42234 -2.37281 -0.08432 -0.4621 -0.48333 0.66267 -0.33722
1413393273.505760431 -2.38929 -2.36348 -0.07127 -0.47285 -0.46534 0.67515 -0.32256
1413393273.605760574 -2.35844 -2.35747 -0.05546 -0.48701 -0.44497 0.68311 -0.31334
1413393273.705760479 -2.3275 -2.35165 -0.03825 -0.49989 -0.42444 0.69083 -0.30448
1413393273.805760145 -2.29597 -2.34465 -0.02111 0.50891 0.40577 -0.69983 0.29426
1413393273.905760527 -2.264 -2.33714 -0.00543 0.51109 0.38663 -0.71276 0.28509
1413393274.005760431 -2.23256 -2.32966 0.01139 0.51322 0.36827 -0.7255 0.27319
1413393274.105760574 -2.1987 -2.3204 0.02557 0.5168 0.34955 -0.73623 0.2621
1413393274.205760479 -2.17506 -2.31406 0.05026 0.52067 0.33107 -0.74529 0.25265
1413393274.305760145 -2.1506 -2.30632 0.07096 0.52518 0.31285 -0.75363 0.24157
1413393274.405760527 -2.12862 -2.29779 0.09143 0.53017 0.29616 -0.76066 0.22936
1413393274.505760431 -2.1099 -2.2887 0.10731 0.53642 0.27805 -0.76661 0.21736
1413393274.605760574 -2.09295 -2.27888 0.1128 0.54115 0.25901 -0.77328 0.20521
1413393274.705760479 -2.07788 -2.26815 0.11071 0.5457 0.24084 -0.7794 0.19167
1413393274.805760145 -2.06658 -2.2568 0.10347 0.5554 0.22497 -0.78101 0.17593
1413393274.905760527 -2.05127 -2.24482 0.10084 0.56634 0.20898 -0.78121 0.15906
1413393275.005760431 -2.04456 -2.23102 0.09405 0.57518 0.19322 -0.78135 0.14606
1413393275.105760574 -2.0316 -2.21669 0.09104 0.58091 0.17642 -0.78329 0.1337
1413393275.205760479 -2.01619 -2.20148 0.08731 0.5831 0.15819 -0.78731 0.12293
1413393275.305760145 -1.99792 -2.18523 0.08522 0.58287 0.13857 -0.79298 0.11067
1413393275.405760527 -1.97808 -2.16747 0.08391 0.58277 0.11681 -0.79802 0.09949
1413393275.505760431 -1.95802 -2.14889 0.08522 0.58397 0.09539 -0.80134 0.08793
1413393275.605760574 -1.93625 -2.12858 0.08994 0.58577 0.07371 -0.80354 0.07593
1413393275.705760479 -1.91446 -2.1055 0.09691 0.58776 0.05335 -0.80479 0.06325
1413393275.805760145 -1.89155 -2.07885 0.10401 0.58045 0.03626 -0.81197 0.04972
1413393275.905760527 -1.87035 -2.05155 0.11184 0.56725 0.02042 -0.82209 0.04444
1413393276.005760431 -1.85493 -2.02292 0.1214 0.55683 0.00935 -0.8295 0.04221
1413393276.105760574 -1.84687 -1.99263 0.135 0.56256 0.01183 -0.82613 0.02995
1413393276.205760479 -1.84323 -1.96122 0.15241 0.5763 0.0214 -0.81683 0.01462
1413393276.305760145 -1.84161 -1.93305 0.16848 0.585 0.02995 -0.81046 0.00523
1413393276.405760527 -1.8408 -1.90933 0.17901 0.5868 0.03362 -0.80902 0.00558
1413393276.505760431 -1.84105 -1.8904 0.17832 0.58403 0.03337 -0.81095 0.0124
1413393276.605760574 -1.84196 -1.87499 0.16698 0.57785 0.02949 -0.81528 0.02317
1413393276.705760479 -1.84605 -1.86154 0.15387 0.57309 0.02756 -0.81846 0.03059
1413393276.805760145 -1.8537 -1.84802 0.14296 0.5707 0.02801 -0.82003 0.03279
1413393276.905760527 -1.86328 -1.83376 0.1365 0.57112 0.02919 -0.8197 0.03264
1413393277.005760431 -1.87648 -1.81921 0.13058 0.57182 0.02997 -0.81921 0.03189
1413393277.105760574 -1.8917 -1.80439 0.12653 0.57243 0.03051 -0.8188 0.03108
1413393277.205760479 -1.90957 -1.78931 0.12538 0.57538 0.02974 -0.81676 0.03099
1413393277.305760145 -1.92971 -1.77402 0.12718 0.5793 0.03023 -0.81402 0.02956
1413393277.405760527 -1.95068 -1.75949 0.13068 0.58104 0.03094 -0.81286 0.02647
1413393277.505760431 -1.97188 -1.74687 0.13605 0.58062 0.03132 -0.81322 0.02403
1413393277.605760574 -1.99389 -1.73487 0.14393 0.58361 0.02862 -0.81111 0.02614
1413393277.705760479 -2.0159 -1.72384 0.14936 0.58753 0.02164 -0.80838 0.02956
1413393277.805760145 -2.03836 -1.71009 0.14546 0.59236 0.01047 -0.8051 0.0284
1413393277.905760527 -2.05717 -1.69459 0.13115 0.59607 -0.00247 -0.80262 0.02222
1413393278.005760431 -2.07269 -1.67566 0.114 0.60059 -0.01944 -0.7992 0.01407
1413393278.105760574 -2.08289 -1.65419 0.09875 0.59762 -0.03801 -0.80088 0.00146
1413393278.205760479 -2.08966 -1.62886 0.08774 0.59284 -0.05797 -0.80313 -0.01291
1413393278.305760145 -2.09261 -1.60141 0.08093 0.58571 -0.0823 -0.80602 -0.02249
1413393278.405760527 -2.09568 -1.56942 0.07757 0.57793 -0.10576 -0.80887 -0.02322
1413393278.505760431 -2.0982 -1.53304 0.07693 0.57036 -0.12325 -0.81179 -0.0223
1413393278.605760574 -2.10187 -1.48964 0.07882 0.56596 -0.13438 -0.81311 -0.02194
1413393278.705760479 -2.10592 -1.43894 0.08149 0.56601 -0.13392 -0.81289 -0.0302
1413393278.805760145 -2.11253 -1.37934 0.08886 0.57366 -0.11962 -0.80858 -0.05294
1413393278.905760527 -2.12103 -1.31489 0.09806 0.5779 -0.10704 -0.80604 -0.06974
1413393279.005760431 -2.12948 -1.25273 0.10894 0.57874 -0.09971 -0.80566 -0.07763
1413393279.105760574 -2.13822 -1.19369 0.12116 0.57676 -0.0952 -0.80745 -0.07945
1413393279.205760479 -2.148 -1.1368 0.12711 0.57465 -0.092 -0.8094 -0.07867
1413393279.305760145 -2.15992 -1.08184 0.12202 0.5695 -0.08968 -0.81351 -0.07632
1413393279.405760527 -2.1728 -1.03226 0.11229 0.56142 -0.08752 -0.81963 -0.07313
1413393279.505760431 -2.18935 -0.98524 0.1049 0.55989 -0.0849 -0.8211 -0.07148
1413393279.605760574 -2.21082 -0.94209 0.10114 0.56442 -0.08069 -0.81847 -0.07095
1413393279.705760479 -2.23605 -0.90424 0.09961 0.57106 -0.07661 -0.81426 -0.07072
1413393279.805760145 -2.26403 -0.87026 0.09698 0.57711 -0.07486 -0.81027 -0.06935
1413393279.905760527 -2.29246 -0.83997 0.09181 0.58252 -0.07426 -0.80672 -0.06603
1413393280.005760431 -2.31976 -0.81385 0.08835 0.58614 -0.07417 -0.80447 -0.06131
1413393280.105760574 -2.34516 -0.79188 0.0862 0.5873 -0.07501 -0.80401 -0.05493
1413393280.205760479 -2.36834 -0.77161 0.08792 0.5897 -0.07757 -0.80266 -0.04447
1413393280.305760145 -2.38894 -0.75226 0.09143 0.59019 -0.07894 -0.80257 -0.03638
1413393280.405760527 -2.40627 -0.7302 0.09892 0.59483 -0.08081 -0.79928 -0.0284
1413393280.505760431 -2.41894 -0.70745 0.10767 0.59744 -0.08463 -0.79724 -0.01759
1413393280.605760574 -2.42744 -0.67826 0.11229 0.59148 -0.08575 -0.80166 -0.01193
1413393280.705760479 -2.43179 -0.64492 0.10772 0.58632 -0.08777 -0.80529 -0.00624
1413393280.805760145 -2.43453 -0.60423 0.09499 0.58189 -0.09133 -0.80812 0.00182
1413393280.905760527 -2.43822 -0.55375 0.07791 0.57716 -0.09165 -0.81146 0.00442
1413393281.005760431 -2.44019 -0.49603 0.06726 0.5753 -0.08554 -0.81345 -0.00328
1413393281.105760574 -2.44553 -0.43029 0.0653 0.5744 -0.0731 -0.81506 -0.01993
1413393281.205760479 -2.45177 -0.36074 0.06698 0.57511 -0.06425 -0.81488 -0.03313
1413393281.305760145 -2.45982 -0.28999 0.07037 0.57496 -0.05889 -0.81496 -0.04233
1413393281.405760527 -2.4706 -0.22 0.07718 0.57568 -0.05657 -0.81431 -0.04801
1413393281.505760431 -2.48215 -0.15407 0.08483 0.57553 -0.05868 -0.81411 -0.05045
1413393281.605760574 -2.49508 -0.09341 0.09322 0.57663 -0.06154 -0.81302 -0.05203
1413393281.705760479 -2.51072 -0.03496 0.10381 0.58098 -0.06424 -0.80952 -0.0549
1413393281.805760145 -2.52816 0.02056 0.1178 0.5892 -0.06614 -0.80306 -0.05961
1413393281.905760527 -2.54298 0.0672 0.1333 0.59649 -0.07276 -0.79726 -0.05726
1413393282.005760431 -2.5552 0.11182 0.14876 0.59339 -0.0797 -0.79914 -0.05393
1413393282.105760574 -2.56565 0.15452 0.16626 0.58598 -0.08717 -0.80417 -0.04836
1413393282.205760479 -2.57439 0.19495 0.18539 0.58017 -0.09489 -0.80794 -0.0405
1413393282.305760145 -2.58281 0.23609 0.20595 0.57643 -0.09847 -0.81033 -0.03745
1413393282.405760527 -2.59214 0.28092 0.22959 0.57964 -0.09242 -0.80832 -0.04576
1413393282.505760431 -2.60111 0.32644 0.25057 0.58245 -0.08375 -0.80655 -0.05667
1413393282.605760574 -2.61148 0.37071 0.26303 0.58518 -0.07738 -0.80469 -0.06362
1413393282.705760479 -2.62152 0.41061 0.26506 0.58882 -0.07275 -0.80222 -0.06669
1413393282.805760145 -2.6302 0.44422 0.26348 0.59464 -0.06883 -0.79884 -0.05928
1413393282.905760527 -2.63615 0.47294 0.26183 0.59419 -0.06114 -0.80069 -0.04566
1413393283.005760431 -2.64002 0.4973 0.26238 0.58613 -0.04736 -0.80816 -0.03298
1413393283.105760574 -2.64362 0.51935 0.26399 0.57783 -0.02828 -0.81538 -0.02148
1413393283.205760479 -2.64795 0.53874 0.26851 0.57468 -0.00575 -0.81828 -0.01094
1413393283.305760145 -2.65518 0.55418 0.27354 0.57269 0.01792 -0.81958 0.00052
1413393283.405760527 -2.66476 0.56451 0.27821 0.57123 0.04149 -0.81961 0.01451
1413393283.505760431 -2.67694 0.56957 0.279 0.56961 0.06399 -0.81885 0.03065
1413393283.605760574 -2.69058 0.57022 0.27105 0.56829 0.08442 -0.81698 0.04961
1413393283.705760479 -2.70577 0.56731 0.25207 0.56978 0.10534 -0.81221 0.06764
1413393283.805760145 -2.72257 0.56192 0.22812 0.57314 0.12649 -0.80521 0.08455
1413393283.905760527 -2.73885 0.55334 0.20422 0.57334 0.14985 -0.79935 0.09935
1413393284.005760431 -2.75347 0.54151 0.18172 0.56753 0.17477 -0.79645 0.1142
1413393284.105760574 -2.76606 0.52637 0.16291 0.56131 0.19952 -0.79258 0.13016
1413393284.205760479 -2.77806 0.50782 0.14817 0.55673 0.22356 -0.7864 0.14713
1413393284.305760145 -2.79017 0.48558 0.13712 0.55312 0.24891 -0.77786 0.16442
1413393284.405760527 -2.8014 0.46017 0.12818 0.55066 0.27313 -0.76699 0.1841
1413393284.505760431 -2.8104 0.43174 0.12067 0.54734 0.2979 -0.75509 0.20376
1413393284.605760574 -2.81721 0.4002 0.11312 0.53946 0.32297 -0.74495 0.22298
1413393284.705760479 -2.82034 0.36845 0.10547 0.52426 0.34523 -0.73829 0.24678
1413393284.805760145 -2.82293 0.33312 0.09828 0.50813 0.36704 -0.73039 0.27134
1413393284.905760527 -2.82556 0.29783 0.09295 -0.49341 -0.39158 0.71936 -0.29278
1413393285.005760431 -2.83043 0.26266 0.0898 -0.48055 -0.41668 0.70545 -0.31272
1413393285.105760574 -2.83843 0.22794 0.08819 -0.46814 -0.44072 0.69049 -0.3314
1413393285.205760479 -2.85048 0.19377 0.08826 -0.45645 -0.46416 0.67419 -0.34882
1413393285.305760145 -2.86548 0.16009 0.08768 -0.4447 -0.48646 0.65728 -0.36549
1413393285.405760527 -2.88326 0.1266 0.08798 -0.43376 -0.50797 0.63955 -0.38051
1413393285.505760431 -2.90441 0.09372 0.08949 -0.42234 -0.52938 0.62139 -0.39403
1413393285.605760574 -2.92865 0.06135 0.09182 -0.4133 -0.55107 0.6004 -0.40624
1413393285.705760479 -2.95525 0.02974 0.09546 -0.40682 -0.57177 0.57672 -0.41828
1413393285.805760145 -2.98156 0.00032 0.10137 0.40448 0.59333 -0.55127 0.4248
1413393285.905760527 -3.00678 -0.02863 0.10788 0.3927 0.60754 -0.53671 0.43431
1413393286.005760431 -3.03118 -0.05453 0.11475 0.38023 0.61542 -0.52967 0.44287
1413393286.105760574 -3.0548 -0.07784 0.12341 0.36966 0.61885 -0.52834 0.44859
1413393286.205760479 -3.08185 -0.10579 0.13416 0.36517 0.61907 -0.52791 0.45245
1413393286.305760145 -3.10994 -0.13101 0.1395 0.3654 0.61808 -0.52815 0.45335
1413393286.405760527 -3.13302 -0.14604 0.1365 0.37018 0.61717 -0.52827 0.45055
1413393286.505760431 -3.16161 -0.16646 0.11976 0.37484 0.61498 -0.5299 0.44778
1413393286.605760574 -3.19051 -0.18589 0.09993 0.37581 0.61188 -0.53455 0.44567
1413393286.705760479 -3.22138 -0.20746 0.08716 0.37825 0.61117 -0.53753 0.44099
1413393286.805760145 -3.25072 -0.22703 0.0816 0.38527 0.61411 -0.53648 0.43199
1413393286.905760527 -3.27688 -0.246 0.0819 0.39297 0.62047 -0.53085 0.42283
1413393287.005760431 -3.29698 -0.26668 0.08453 0.3953 0.62872 -0.52191 0.41961
1413393287.105760574 -3.3078 -0.28565 0.08862 0.39178 0.63643 -0.51217 0.42326
1413393287.205760479 -3.30903 -0.30263 0.09443 0.37899 0.64387 -0.50444 0.43283
1413393287.305760145 -3.30129 -0.31793 0.10268 0.35945 0.65087 -0.49622 0.44825
1413393287.405760527 -3.29024 -0.33633 0.11397 0.34088 0.65882 -0.48249 0.46578
1413393287.505760431 -3.27676 -0.35472 0.12851 0.32264 0.67092 -0.4651 0.47901
1413393287.605760574 -3.26164 -0.36973 0.14311 0.30451 0.68574 -0.44529 0.48863
1413393287.705760479 -3.24698 -0.38446 0.15698 0.28537 0.699 -0.4252 0.49917
1413393287.805760145 -3.23246 -0.4007 0.17002 0.26747 0.71088 -0.40371 0.51003
1413393287.905760527 -3.21895 -0.4183 0.17945 0.24998 0.72112 -0.38121 0.52171
1413393288.005760431 -3.20729 -0.43757 0.18703 0.23456 0.7303 -0.35831 0.53221
1413393288.105760574 -3.19888 -0.45967 0.19147 0.22215 0.73946 -0.33947 0.53722
1413393288.205760479 -3.19485 -0.48419 0.19266 0.21359 0.74789 -0.32814 0.53606
1413393288.305760145 -3.19248 -0.51135 0.19157 0.2073 0.75702 -0.32335 0.52857
1413393288.405760527 -3.19044 -0.54212 0.18963 0.20394 0.76127 -0.32274 0.52414
1413393288.505760431 -3.18754 -0.57707 0.18867 0.20693 0.75702 -0.32111 0.53008
1413393288.605760574 -3.1828 -0.6146 0.18815 0.21224 0.7504 -0.31876 0.53875
1413393288.705760479 -3.17806 -0.6512 0.1866 0.21397 0.74554 -0.31315 0.54802
1413393288.805760145 -3.17505 -0.68815 0.18204 0.21218 0.74702 -0.30631 0.55056
1413393288.905760527 -3.17423 -0.72344 0.17497 0.20911 0.75083 -0.30198 0.54894
1413393289.005760431 -3.17333 -0.75664 0.16283 0.2068 0.75404 -0.29933 0.54686
1413393289.105760574 -3.17382 -0.78779 0.14049 0.20516 0.75525 -0.2971 0.54703
1413393289.205760479 -3.1739 -0.81926 0.11654 0.20113 0.75489 -0.29508 0.55011
1413393289.305760145 -3.176 -0.84853 0.09714 0.20052 0.75518 -0.29158 0.5518
1413393289.405760527 -3.17923 -0.87744 0.08322 0.20095 0.75763 -0.28847 0.54991
1413393289.505760431 -3.18376 -0.90412 0.07546 0.20004 0.75996 -0.2884 0.54705
1413393289.605760574 -3.18957 -0.92751 0.07506 0.201 0.76178 -0.28777 0.5445
1413393289.705760479 -3.1935 -0.95202 0.07502 0.20066 0.76275 -0.28827 0.543
1413393289.805760145 -3.19603 -0.97299 0.08047 0.20186 0.7615 -0.28937 0.54373
1413393289.905760527 -3.196 -0.99615 0.08612 0.20449 0.7588 -0.29025 0.54604
1413393290.005760431 -3.19582 -1.01799 0.09261 0.20663 0.75662 -0.29167 0.5475
1413393290.105760574 -3.19634 -1.03506 0.09564 0.20702 0.75515 -0.29499 0.54761
1413393290.205760479 -3.19623 -1.05284 0.08464 0.20672 0.75396 -0.29876 0.54732
1413393290.305760145 -3.19788 -1.06531 0.06602 0.20711 0.75442 -0.30186 0.54483
1413393290.405760527 -3.19732 -1.07822 0.04064 0.20706 0.75739 -0.3028 0.54019
1413393290.505760431 -3.19595 -1.08899 0.01714 0.20338 0.76213 -0.2993 0.53686
1413393290.605760574 -3.19358 -1.10156 -0.00536 0.20027 0.76532 -0.29493 0.5359
1413393290.705760479 -3.18879 -1.11826 -0.02947 0.19661 0.76813 -0.29205 0.53481
1413393290.805760145 -3.1813 -1.13295 -0.05009 0.19601 0.76866 -0.28871 0.53609
1413393290.905760527 -3.17255 -1.15108 -0.07519 0.19424 0.76789 -0.28779 0.53832
1413393291.005760431 -3.16016 -1.16572 -0.09722 0.18733 0.76336 -0.29148 0.54519
1413393291.105760574 -3.1494 -1.18768 -0.12346 0.18151 0.75775 -0.29513 0.55296
1413393291.205760479 -3.14069 -1.21203 -0.14862 0.18063 0.75223 -0.29656 0.55998
1413393291.305760145 -3.13508 -1.24094 -0.17453 0.18378 0.75057 -0.29643 0.56124
1413393291.405760527 -3.13659 -1.26762 -0.20063 0.18953 0.7546 -0.29303 0.55568
1413393291.505760431 -3.13902 -1.29182 -0.22153 0.1929 0.76029 -0.28668 0.55007
1413393291.605760574 -3.14136 -1.31682 -0.23844 0.19474 0.76388 -0.28083 0.54745
1413393291.705760479 -3.14323 -1.34421 -0.25221 0.1954 0.7668 -0.27608 0.54554
1413393291.805760145 -3.14515 -1.3696 -0.26115 0.19537 0.76893 -0.27159 0.54481
1413393291.905760527 -3.14226 -1.39564 -0.25802 0.1924 0.77181 -0.26474 0.54516
1413393292.005760431 -3.13981 -1.41724 -0.2407 0.19168 0.77218 -0.25801 0.5481
1413393292.105760574 -3.13586 -1.4367 -0.2182 0.19184 0.76992 -0.25169 0.55415
1413393292.205760479 -3.12975 -1.45521 -0.19697 0.19229 0.76737 -0.24551 0.56026
1413393292.305760145 -3.12525 -1.46656 -0.17606 0.19112 0.76578 -0.23954 0.5654
1413393292.405760527 -3.12248 -1.4707 -0.15497 0.18634 0.76499 -0.2371 0.56907
1413393292.505760431 -3.12102 -1.47067 -0.13494 0.18304 0.76576 -0.2342 0.57032
1413393292.605760574 -3.12167 -1.46555 -0.11884 0.18059 0.76895 -0.231 0.56811
1413393292.705760479 -3.12441 -1.45675 -0.1009 0.18046 0.77337 -0.22603 0.56413
1413393292.805760145 -3.12557 -1.44176 -0.08294 0.17899 0.77536 -0.22068 0.56398
1413393292.905760527 -3.12837 -1.4215 -0.06118 0.17607 0.77476 -0.21593 0.56756
1413393293.005760431 -3.12923 -1.39627 -0.03887 0.16951 0.77509 -0.21402 0.56982
1413393293.105760574 -3.13375 -1.36466 -0.01579 0.16349 0.77662 -0.21238 0.57011
1413393293.205760479 -3.13921 -1.32974 0.00559 0.15697 0.77781 -0.21213 0.57042
1413393293.305760145 -3.14583 -1.2944 0.02479 0.14969 0.77885 -0.21296 0.57064
1413393293.405760527 -3.15402 -1.25729 0.03575 0.14176 0.77787 -0.21562 0.573
1413393293.505760431 -3.16329 -1.22113 0.03772 0.13694 0.7781 -0.21783 0.57302
1413393293.605760574 -3.17413 -1.18569 0.03182 0.14084 0.7802 -0.2144 0.57051
1413393293.705760479 -3.18612 -1.15045 0.02442 0.14855 0.78441 -0.20836 0.56499
1413393293.805760145 -3.1978 -1.11516 0.02043 0.15414 0.78718 -0.20346 0.56142
1413393293.905760527 -3.20943 -1.07671 0.01903 0.15545 0.78893 -0.20033 0.55972
1413393294.005760431 -3.21739 -1.03409 0.02327 0.1568 0.7901 -0.19792 0.55856
1413393294.105760574 -3.22274 -0.98671 0.02791 0.15673 0.78812 -0.19678 0.56177
1413393294.205760479 -3.22726 -0.93764 0.03772 0.15443 0.78187 -0.19789 0.57068
1413393294.305760145 -3.23197 -0.8842 0.04495 0.15542 0.78157 -0.19875 0.57053
1413393294.405760527 -3.23747 -0.82725 0.05108 0.15731 0.7841 -0.20013 0.56603
1413393294.505760431 -3.24263 -0.76928 0.0568 0.16039 0.787 -0.20152 0.56062
1413393294.605760574 -3.24577 -0.70646 0.06051 0.15911 0.7881 -0.20602 0.5578
1413393294.705760479 -3.24812 -0.64357 0.06546 0.15352 0.78748 -0.21231 0.55788
1413393294.805760145 -3.24888 -0.5787 0.06915 0.14728 0.78543 -0.21935 0.55973
1413393294.905760527 -3.24909 -0.51429 0.07309 0.14524 0.78581 -0.22266 0.55841
1413393295.005760431 -3.24816 -0.45419 0.0779 0.15022 0.78747 -0.21972 0.55593
1413393295.105760574 -3.24532 -0.39997 0.08419 0.15769 0.789 -0.21561 0.55329
1413393295.205760479 -3.24124 -0.34073 0.0921 0.15701 0.78832 -0.21628 0.55419
1413393295.305760145 -3.23389 -0.28432 0.0986 0.15113 0.78741 -0.22052 0.55545
1413393295.405760527 -3.22488 -0.2269 0.10597 0.1437 0.78656 -0.22586 0.55648
1413393295.505760431 -3.21505 -0.17253 0.11447 0.13646 0.78468 -0.23126 0.55872
1413393295.605760574 -3.20573 -0.12281 0.11793 0.13033 0.78314 -0.23514 0.56073
1413393295.705760479 -3.19883 -0.07892 0.11303 0.12738 0.78275 -0.23623 0.56149
1413393295.805760145 -3.19353 -0.03814 0.10097 0.13084 0.78366 -0.23317 0.5607
1413393295.905760527 -3.18794 -0.00199 0.08819 0.14394 0.78689 -0.22333 0.55696
1413393296.005760431 -3.18112 0.03086 0.07887 0.15627 0.78978 -0.21355 0.55338
1413393296.105760574 -3.17096 0.06486 0.07354 0.16301 0.79183 -0.20789 0.55064
1413393296.205760479 -3.15746 0.10097 0.07237 0.16472 0.79292 -0.20698 0.54892
1413393296.305760145 -3.13844 0.13961 0.07351 0.16485 0.79422 -0.20706 0.54696
1413393296.405760527 -3.11643 0.18028 0.07672 0.15899 0.79359 -0.21239 0.54756
1413393296.505760431 -3.09055 0.22225 0.07579 0.15214 0.79188 -0.22236 0.54804
1413393296.605760574 -3.06334 0.26362 0.06469 0.15058 0.78813 -0.23443 0.54883
1413393296.705760479 -3.03464 0.29965 0.04412 0.15244 0.78389 -0.24694 0.5489
1413393296.805760145 -3.00421 0.33213 0.02393 0.1545 0.78053 -0.25724 0.54839
1413393296.905760527 -2.97196 0.36109 0.00585 0.15973 0.77804 -0.26301 0.5477
1413393297.005760431 -2.94054 0.38489 -0.00963 0.16592 0.77626 -0.26683 0.54653
1413393297.105760574 -2.90548 0.40842 -0.02307 0.17212 0.77393 -0.2726 0.54507
1413393297.205760479 -2.87341 0.42582 -0.03559 0.17418 0.77149 -0.27902 0.54462
1413393297.305760145 -2.84012 0.44051 -0.04685 0.17428 0.76843 -0.28451 0.54607
1413393297.405760527 -2.80462 0.45456 -0.05789 0.17699 0.76688 -0.28659 0.54629
1413393297.505760431 -2.77277 0.46034 -0.06775 0.1816 0.76713 -0.28576 0.54486
1413393297.605760574 -2.73941 0.46532 -0.07681 0.18269 0.76638 -0.28544 0.54573
1413393297.705760479 -2.70341 0.47117 -0.08661 0.1784 0.76451 -0.28755 0.54865
1413393297.805760145 -2.67211 0.46934 -0.0954 0.17386 0.76176 -0.28925 0.55302
1413393297.905760527 -2.6407 0.46658 -0.10413 0.17092 0.75974 -0.28959 0.55652
1413393298.005760431 -2.61423 0.45862 -0.11299 0.16915 0.75989 -0.28884 0.55725
1413393298.105760574 -2.58739 0.44899 -0.1223 0.16859 0.76176 -0.28746 0.55558
1413393298.205760479 -2.56619 0.43366 -0.13193 0.17029 0.76699 -0.28412 0.54955
1413393298.305760145 -2.54428 0.41556 -0.14159 0.17697 0.77248 -0.2777 0.54298
1413393298.405760527 -2.51886 0.39525 -0.1506 0.1865 0.77752 -0.26912 0.53689
1413393298.505760431 -2.49317 0.37401 -0.15881 0.19559 0.77842 -0.2599 0.53689
1413393298.605760574 -2.45914 0.35572 -0.16485 0.19734 0.77676 -0.25675 0.54017
1413393298.705760479 -2.42354 0.33872 -0.16971 0.18858 0.77438 -0.26066 0.54482
1413393298.805760145 -2.37856 0.32475 -0.17373 0.17915 0.77189 -0.26613 0.54888
1413393298.905760527 -2.33551 0.30926 -0.17494 0.17341 0.76984 -0.27033 0.55154
1413393299.005760431 -2.29773 0.2917 -0.17441 0.17054 0.76859 -0.27451 0.55211
1413393299.105760574 -2.26014 0.27314 -0.17428 0.17364 0.76809 -0.27554 0.55133
1413393299.205760479 -2.22124 0.25155 -0.1713 0.18573 0.76633 -0.27106 0.55206
1413393299.305760145 -2.18408 0.23336 -0.16792 0.19747 0.76013 -0.26602 0.55896
1413393299.405760527 -2.14916 0.21836 -0.16336 0.20199 0.75234 -0.26564 0.568
1413393299.505760431 -2.11748 0.2091 -0.15953 0.19961 0.74887 -0.26928 0.5717
1413393299.605760574 -2.08858 0.20505 -0.15536 0.19374 0.74953 -0.27466 0.57029
1413393299.705760479 -2.06331 0.20492 -0.15125 0.18774 0.7521 -0.27947 0.56657
1413393299.805760145 -2.04343 0.2066 -0.14266 0.18745 0.75352 -0.27889 0.56506
1413393299.905760527 -2.02661 0.21015 -0.13449 0.19076 0.75743 -0.27529 0.56048
1413393300.005760431 -2.01178 0.21534 -0.12529 0.19822 0.763 -0.26866 0.55349
1413393300.105760574 -1.99663 0.22416 -0.11688 0.20307 0.76698 -0.26407 0.54843
1413393300.205760479 -1.9786 0.23647 -0.10765 0.19695 0.76771 -0.26592 0.54874
1413393300.305760145 -1.95607 0.25156 -0.09793 0.17985 0.76783 -0.26804 0.55339
1413393300.405760527 -1.9338 0.26773 -0.08664 0.15955 0.76968 -0.26474 0.55861
1413393300.505760431 -1.91226 0.28204 -0.07405 0.14018 0.77316 -0.25452 0.56373
1413393300.605760574 -1.896 0.29245 -0.06249 0.12411 0.77822 -0.23683 0.56822
1413393300.705760479 -1.88311 0.29824 -0.05168 0.11404 0.78549 -0.2119 0.57017
1413393300.805760145 -1.8702 0.30161 -0.04046 0.10785 0.7924 -0.18511 0.57114
1413393300.905760527 -1.85893 0.30247 -0.03701 0.10579 0.79481 -0.16278 0.57496
1413393301.005760431 -1.84629 0.30379 -0.04453 0.10321 0.79309 -0.14793 0.58179
1413393301.105760574 -1.83394 0.3061 -0.06072 0.09819 0.79024 -0.13704 0.58916
1413393301.205760479 -1.82346 0.31165 -0.08611 0.09036 0.78919 -0.12572 0.59431
1413393301.305760145 -1.81801 0.32103 -0.11468 0.07982 0.79022 -0.11229 0.59713
1413393301.405760527 -1.81809 0.33447 -0.14063 0.06697 0.79249 -0.09588 0.59857
1413393301.505760431 -1.82346 0.34978 -0.16239 0.05242 0.79652 -0.07788 0.59727
1413393301.605760574 -1.83091 0.36772 -0.18087 0.0392 0.80465 -0.05727 0.58968
1413393301.705760479 -1.84083 0.38773 -0.19533 0.02865 0.8111 -0.03625 0.58308
1413393301.805760145 -1.85081 0.41004 -0.20765 0.02162 0.81489 -0.01946 0.57888
1413393301.905760527 -1.85927 0.43516 -0.21859 0.01614 0.81551 -0.0089 0.57844
1413393302.005760431 -1.86693 0.4628 -0.22731 0.01352 0.81521 -0.0014 0.57901
1413393302.105760574 -1.8717 0.49357 -0.23314 0.01083 0.81443 0.00207 0.58015
1413393302.205760479 -1.87369 0.52787 -0.23616 0.00836 0.81399 0.00111 0.58082
1413393302.305760145 -1.87588 0.56633 -0.23678 0.00565 0.81316 -0.00252 0.58201
1413393302.405760527 -1.87788 0.60685 -0.23496 0.00273 0.81301 -0.0086 0.58218
1413393302.505760431 -1.88013 0.64839 -0.23002 0.00082 0.81309 -0.01615 0.58191
1413393302.605760574 -1.88201 0.68902 -0.22199 -0.00285 0.81346 -0.02541 0.58106
1413393302.705760479 -1.88317 0.72702 -0.21153 -0.00269 0.81447 -0.03137 0.57935
1413393302.805760145 -1.88341 0.76195 -0.19697 -0.00302 0.8147 -0.03571 0.57877
1413393302.905760527 -1.88223 0.79401 -0.18091 -0.00344 0.81507 -0.03799 0.57811
1413393303.005760431 -1.88003 0.82253 -0.16318 -0.00158 0.81548 -0.03767 0.57755
1413393303.105760574 -1.8771 0.84858 -0.14532 0.0009 0.8146 -0.03565 0.57893
1413393303.205760479 -1.8732 0.86983 -0.12785 0.00141 0.81402 -0.03416 0.57983
1413393303.305760145 -1.86838 0.89083 -0.10894 0.0051 0.81451 -0.03155 0.57926
1413393303.405760527 -1.86299 0.90706 -0.09016 0.01424 0.81538 -0.02543 0.57819
1413393303.505760431 -1.85608 0.92674 -0.06796 0.01983 0.81544 -0.0222 0.57808
1413393303.605760574 -1.84814 0.94548 -0.04498 0.023 0.81392 -0.02235 0.58009
1413393303.705760479 -1.83905 0.96974 -0.01782 0.02324 0.81195 -0.02493 0.58273
1413393303.805760145 -1.83131 0.99035 0.00792 0.02141 0.8114 -0.02754 0.58345
1413393303.905760527 -1.82295 1.01395 0.03544 0.01684 0.81116 -0.03205 0.5837
1413393304.005760431 -1.81408 1.03921 0.0612 0.01029 0.81129 -0.03755 0.58335
1413393304.105760574 -1.80635 1.0611 0.07236 0.00602 0.81243 -0.04067 0.58161
1413393304.205760479 -1.79788 1.08196 0.07305 0.00655 0.81708 -0.04044 0.57507
1413393304.305760145 -1.78645 1.10382 0.06986 0.01231 0.82109 -0.03601 0.56953
1413393304.405760527 -1.77206 1.1241 0.06529 0.01727 0.82347 -0.03075 0.56626
1413393304.505760431 -1.74718 1.10038 0.03656 0.01693 0.82333 -0.02433 0.56678
1413393304.605760574 -1.73793 1.15397 0.04811 0.02316 0.82043 -0.02102 0.57089
1413393304.705760479 -1.73774 1.1642 0.01933 0.02376 0.81526 -0.0157 0.5784
1413393304.805760145 -1.69414 1.18814 0.03495 0.02001 0.81649 -0.01586 0.5768
1413393304.905760527 -1.66959 1.20941 0.03375 0.0161 0.81718 -0.01503 0.57596
1413393305.005760431 -1.64324 1.23049 0.03327 0.0154 0.81799 -0.01308 0.57488
1413393305.105760574 -1.61536 1.25291 0.03524 0.01369 0.81923 -0.01349 0.57314
1413393305.205760479 -1.58694 1.27364 0.03954 0.01445 0.81991 -0.01415 0.57214
1413393305.305760145 -1.55577 1.29709 0.04958 0.02176 0.81983 -0.01287 0.57205
1413393305.405760527 -1.52352 1.32009 0.05803 0.02618 0.81934 -0.01693 0.57246
1413393305.505760431 -1.48918 1.34826 0.06846 0.02586 0.81959 -0.02438 0.57185
1413393305.605760574 -1.45402 1.37643 0.07967 0.02586 0.8195 -0.03049 0.57168
1413393305.705760479 -1.41612 1.40611 0.09207 0.03119 0.81915 -0.03588 0.5716
1413393305.805760145 -1.37714 1.43706 0.10624 0.04402 0.81718 -0.03982 0.57332
1413393305.905760527 -1.3382 1.47073 0.12144 0.06022 0.81583 -0.04059 0.57371
1413393306.005760431 -1.29688 1.51078 0.13673 0.06461 0.81405 -0.04677 0.57529
1413393306.105760574 -1.25505 1.55753 0.1528 0.0611 0.81272 -0.05486 0.57684
1413393306.205760479 -1.21185 1.60809 0.16752 0.05692 0.81232 -0.05974 0.57734
1413393306.305760145 -1.16872 1.66174 0.18228 0.05354 0.81361 -0.06372 0.57542
1413393306.405760527 -1.12453 1.71637 0.19544 0.05141 0.81589 -0.07295 0.57127
1413393306.505760431 -1.0816 1.76713 0.20143 0.05394 0.81637 -0.08904 0.56806
1413393306.605760574 -1.03728 1.81502 0.19632 0.06405 0.813 -0.10812 0.56854
1413393306.705760479 -0.9902 1.86438 0.18642 0.07118 0.80689 -0.13194 0.57137
1413393306.805760145 -0.94483 1.90913 0.17635 0.07243 0.80077 -0.1548 0.57408
1413393306.905760527 -0.90104 1.94823 0.17015 0.07547 0.79681 -0.1724 0.57417
1413393307.005760431 -0.85854 1.98136 0.16785 0.08245 0.79368 -0.18879 0.5724
1413393307.105760574 -0.81908 2.00662 0.16829 0.09742 0.79105 -0.20198 0.56917
1413393307.205760479 -0.78084 2.02671 0.16787 0.11698 0.78881 -0.21399 0.56418
1413393307.305760145 -0.74387 2.04019 0.1705 0.13621 0.7846 -0.22715 0.56058
1413393307.405760527 -0.7076 2.0507 0.17297 0.15316 0.78064 -0.24473 0.5543
1413393307.505760431 -0.67231 2.05617 0.17833 0.17113 0.77508 -0.26503 0.54747
1413393307.605760574 -0.63665 2.06007 0.1865 0.18589 0.77022 -0.28834 0.53766
1413393307.705760479 -0.59825 2.06258 0.19496 0.19736 0.76461 -0.31413 0.52702
1413393307.805760145 -0.55806 2.06057 0.2045 0.21753 0.75545 -0.33247 0.521
1413393307.905760527 -0.51792 2.05462 0.21546 0.23921 0.74376 -0.34759 0.51844
1413393308.005760431 -0.47438 2.04893 0.22785 0.25851 0.73243 -0.36374 0.51421
1413393308.105760574 -0.42799 2.04509 0.24109 0.2756 0.72185 -0.38065 0.50801
1413393308.205760479 -0.38149 2.04073 0.25306 0.29017 0.71182 -0.39879 0.50008
1413393308.305760145 -0.32802 2.03986 0.26772 0.30462 0.69921 -0.41764 0.49385
1413393308.405760527 -0.27616 2.03951 0.28159 0.31528 0.68516 -0.43824 0.48898
1413393308.505760431 -0.22473 2.03945 0.29289 0.32105 0.67225 -0.46164 0.48155
1413393308.605760574 -0.17529 2.03986 0.29518 0.32717 0.65844 -0.48472 0.47378
1413393308.705760479 -0.12619 2.0374 0.28844 0.3319 0.64295 -0.5092 0.46602
1413393308.805760145 -0.0785 2.03311 0.27582 0.34234 0.62447 -0.52968 0.46073
1413393308.905760527 -0.03966 2.02757 0.2526 0.35957 0.6068 -0.54417 0.45429
1413393309.005760431 -0.00641 2.01973 0.2257 0.37704 0.59061 -0.55705 0.44577
1413393309.105760574 0.02652 2.01375 0.20005 0.39086 0.57499 -0.57045 0.43727
1413393309.205760479 0.05491 2.00859 0.17653 -0.4022 -0.56103 0.58261 -0.42902
1413393309.305760145 0.08304 2.00657 0.15608 -0.41191 -0.55339 0.58947 -0.42026
1413393309.405760527 0.10936 2.00465 0.13785 -0.42056 -0.55219 0.59083 -0.41126
1413393309.505760431 0.1375 2.00416 0.12249 -0.42376 -0.55489 0.59122 -0.40371
1413393309.605760574 0.16516 2.00475 0.11265 -0.41894 -0.56111 0.59368 -0.39646
1413393309.705760479 0.196 2.00235 0.10229 -0.41216 -0.56719 0.59537 -0.39238
1413393309.805760145 0.22447 1.99683 0.09558 -0.40406 -0.56642 0.59828 -0.39745
1413393309.905760527 0.25089 1.98749 0.09127 -0.39683 -0.56426 0.60111 -0.40348
1413393310.005760431 0.27599 1.97534 0.08683 -0.38975 -0.5622 0.60385 -0.40914
1413393310.105760574 0.29451 1.95902 0.08569 -0.38894 -0.56064 0.60274 -0.41368
1413393310.205760479 0.30885 1.94006 0.08557 -0.39761 -0.56232 0.59575 -0.41325
1413393310.305760145 0.31836 1.92037 0.08614 -0.40859 -0.56718 0.58735 -0.40789
1413393310.405760527 0.32808 1.8993 0.08525 -0.41614 -0.57118 0.58158 -0.40291
1413393310.505760431 0.33774 1.87816 0.08459 -0.4164 -0.57023 0.58166 -0.40389
1413393310.605760574 0.34751 1.85739 0.08334 -0.41214 -0.56694 0.58482 -0.40829
1413393310.705760479 0.35691 1.83659 0.08149 -0.40516 -0.56144 0.59015 -0.41515
1413393310.805760145 0.36417 1.8149 0.07912 -0.39819 -0.55744 0.59544 -0.41971
1413393310.905760527 0.36575 1.79304 0.07796 -0.39752 -0.55683 0.59776 -0.41786
1413393311.005760431 0.3634 1.76882 0.07315 -0.40471 -0.56201 0.5961 -0.40623
1413393311.105760574 0.35849 1.7435 0.06706 -0.40856 -0.56498 0.59679 -0.39713
1413393311.205760479 0.35361 1.71484 0.05206 -0.41081 -0.56291 0.59855 -0.3951
1413393311.305760145 0.34757 1.68422 0.02968 -0.40925 -0.56065 0.60114 -0.396
1413393311.405760527 0.33958 1.65047 0.00468 -0.4115 -0.56181 0.60086 -0.39243
1413393311.505760431 0.3315 1.61436 -0.01763 -0.41297 -0.56346 0.60062 -0.38887
1413393311.605760574 0.32462 1.57121 -0.03507 -0.41558 -0.56543 0.59939 -0.38511
1413393311.705760479 0.31884 1.52775 -0.04801 -0.4195 -0.56438 0.5961 -0.3875
1413393311.805760145 0.31632 1.47689 -0.05558 -0.42417 -0.5634 0.59102 -0.39161
1413393311.905760527 0.31563 1.42837 -0.06054 -0.42552 -0.564 0.58602 -0.39675
1413393312.005760431 0.31809 1.37735 -0.06275 -0.42564 -0.56513 0.57998 -0.40383
1413393312.105760574 0.32268 1.32898 -0.06436 -0.43058 -0.56738 0.57005 -0.40953
1413393312.205760479 0.33101 1.28381 -0.06641 0.42956 0.57001 -0.56584 0.41279
1413393312.305760145 0.34198 1.24124 -0.06836 0.42273 0.56908 -0.56845 0.4175
1413393312.405760527 0.35403 1.20232 -0.06943 -0.40947 -0.56613 0.57646 -0.4237
1413393312.505760431 0.36473 1.16482 -0.07144 -0.39742 -0.5636 0.58383 -0.42843
1413393312.605760574 0.37044 1.12666 -0.07162 -0.39852 -0.56373 0.58322 -0.42807
1413393312.705760479 0.37188 1.09236 -0.07108 -0.40657 -0.56949 0.57778 -0.42019
1413393312.805760145 0.37352 1.05928 -0.07008 -0.40995 -0.5721 0.57505 -0.41709
1413393312.905760527 0.37411 1.02562 -0.06781 0.41093 0.57198 -0.57189 0.42061
1413393313.005760431 0.37575 0.9939 -0.06293 0.4115 0.56892 -0.56733 0.43027
1413393313.105760574 0.37637 0.96613 -0.0576 0.40786 0.57651 -0.56457 0.42726
1413393313.205760479 0.37896 0.94185 -0.04951 0.40428 0.58726 -0.56095 0.42072
1413393313.305760145 0.37968 0.91577 -0.04022 0.39844 0.594 -0.55848 0.42013
1413393313.405760527 0.38217 0.89226 -0.02994 0.3932 0.59597 -0.5574 0.4237
1413393313.505760431 0.38353 0.86847 -0.01923 0.39078 0.59179 -0.55706 0.43216
1413393313.605760574 0.38177 0.84532 -0.01355 0.39184 0.58175 -0.55799 0.44348
1413393313.705760479 0.37417 0.82638 -0.01399 0.3979 0.5693 -0.5597 0.452
1413393313.805760145 0.35975 0.81698 -0.0178 0.41125 0.56237 -0.55877 0.44988
1413393313.905760527 0.34165 0.81544 -0.02348 -0.41726 -0.56302 0.56441 -0.43629
1413393314.005760431 0.32104 0.81782 -0.0293 -0.41435 -0.56493 0.57792 -0.41854
1413393314.105760574 0.29927 0.82102 -0.03164 -0.41066 -0.56366 0.58962 -0.40743
1413393314.205760479 0.2773 0.82134 -0.0305 -0.41164 -0.56378 0.59149 -0.40355
1413393314.305760145 0.25579 0.81784 -0.02738 -0.41162 -0.5687 0.58647 -0.40398
1413393314.405760527 0.23608 0.81498 -0.02546 0.40761 0.57989 -0.57702 0.40575
1413393314.505760431 0.21885 0.80993 -0.02418 0.39879 0.59469 -0.56462 0.4105
1413393314.605760574 0.20611 0.80287 -0.02465 0.3881 0.61175 -0.54732 0.41902
1413393314.705760479 0.1964 0.79317 -0.02461 0.37506 0.63012 -0.52923 0.42685
1413393314.805760145 0.19051 0.78107 -0.02596 0.36181 0.64478 -0.5154 0.43327
1413393314.905760527 0.18915 0.76616 -0.02977 0.34799 0.6567 -0.50345 0.44067
1413393315.005760431 0.1917 0.74637 -0.03441 0.33412 0.66734 -0.49105 0.44932
1413393315.105760574 0.19713 0.72147 -0.04108 0.32332 0.67344 -0.48269 0.45711
1413393315.205760479 0.20471 0.69134 -0.04966 0.32102 0.67873 -0.47395 0.46004
1413393315.305760145 0.21476 0.65707 -0.0606 0.32656 0.68204 -0.46565 0.45972
1413393315.405760527 0.22885 0.61903 -0.07165 0.33879 0.68183 -0.45712 0.45976
1413393315.505760431 0.24909 0.58343 -0.08193 0.34928 0.67839 -0.45236 0.46168
1413393315.605760574 0.27665 0.54869 -0.09 0.35338 0.67353 -0.45256 0.46548
1413393315.705760479 0.31016 0.51874 -0.08767 0.35259 0.66741 -0.45535 0.47213
1413393315.805760145 0.34755 0.4917 -0.07288 0.34549 0.66324 -0.4619 0.47686
1413393315.905760527 0.38627 0.46979 -0.04593 0.33729 0.65947 -0.46849 0.48152
1413393316.005760431 0.42431 0.44947 -0.01457 0.3345 0.65854 -0.47009 0.48317
1413393316.105760574 0.46076 0.42952 0.01802 0.33504 0.65946 -0.46896 0.48264
1413393316.205760479 0.49719 0.41097 0.05504 0.34021 0.66056 -0.46486 0.48149
1413393316.305760145 0.53471 0.3948 0.09346 0.3421 0.66186 -0.46178 0.48132
1413393316.405760527 0.57362 0.38174 0.13115 0.33936 0.66304 -0.46113 0.48226
1413393316.505760431 0.61253 0.37156 0.16879 0.33426 0.66427 -0.46238 0.48293
1413393316.605760574 0.65178 0.3622 0.20439 0.33076 0.66634 -0.46249 0.48238
1413393316.705760479 0.69261 0.35314 0.23639 0.32681 0.66961 -0.4624 0.48063
1413393316.805760145 0.73503 0.34497 0.259 0.32385 0.67287 -0.46109 0.47934
1413393316.905760527 0.77841 0.33589 0.26925 0.32199 0.67586 -0.45856 0.4788
1413393317.005760431 0.82244 0.32583 0.26811 0.3205 0.67733 -0.45596 0.48021
1413393317.105760574 0.86709 0.31569 0.26039 0.32354 0.67549 -0.45125 0.48519
1413393317.205760479 0.91172 0.30642 0.2495 0.32811 0.67241 -0.44638 0.49086
1413393317.305760145 0.95745 0.29924 0.23985 0.33091 0.66962 -0.44415 0.49481
1413393317.405760527 1.00458 0.29574 0.23297 0.33312 0.66732 -0.44396 0.49661
1413393317.505760431 1.052 0.29593 0.22559 0.33455 0.66659 -0.44407 0.49652
1413393317.605760574 1.09932 0.30212 0.21111 0.33476 0.66567 -0.44536 0.49646
1413393317.705760479 1.14909 0.31172 0.18631 0.33383 0.66384 -0.44831 0.49688
1413393317.805760145 1.19642 0.32623 0.1604 0.33313 0.66295 -0.45102 0.49609
1413393317.905760527 1.24606 0.34342 0.13681 0.33533 0.66393 -0.45235 0.49208
1413393318.005760431 1.29122 0.36618 0.1135 0.33699 0.66477 -0.45573 0.48665
1413393318.105760574 1.34059 0.38923 0.08967 0.335 0.66447 -0.46193 0.48257
1413393318.205760479 1.38776 0.41574 0.06387 0.33005 0.66243 -0.47025 0.48076
1413393318.305760145 1.43731 0.4404 0.03847 0.32498 0.65751 -0.47727 0.48403
1413393318.405760527 1.48479 0.46596 0.01059 0.32181 0.65384 -0.48195 0.48647
1413393318.505760431 1.52575 0.48939 -0.01767 0.32047 0.65131 -0.48454 0.48818
1413393318.605760574 1.56514 0.5145 -0.04847 0.3204 0.65037 -0.48549 0.48853
1413393318.705760479 1.59967 0.53778 -0.07938 0.31988 0.6494 -0.48648 0.48918
1413393318.805760145 1.62862 0.55986 -0.10013 0.32055 0.64916 -0.48534 0.49019
1413393318.905760527 1.65432 0.58106 -0.11467 0.32618 0.64664 -0.48052 0.49454
1413393319.005760431 1.67518 0.6034 -0.12919 0.33237 0.6433 -0.47513 0.49994
1413393319.105760574 1.69328 0.63263 -0.13892 0.33013 0.64534 -0.47526 0.49868
1413393319.205760479 1.70557 0.66433 -0.13991 0.32339 0.65004 -0.47875 0.49363
1413393319.305760145 1.71363 0.69615 -0.14127 0.31634 0.6553 -0.48238 0.48768
1413393319.405760527 1.71994 0.72778 -0.14762 0.31179 0.65966 -0.48478 0.4823
1413393319.505760431 1.72459 0.75697 -0.16075 0.30662 0.66372 -0.48734 0.47745
1413393319.605760574 1.72745 0.77951 -0.17936 0.29614 0.66683 -0.49318 0.47372
1413393319.705760479 1.72676 0.7974 -0.19993 0.28806 0.66916 -0.49749 0.4709
1413393319.805760145 1.72462 0.80472 -0.22167 0.29797 0.6726 -0.48935 0.46836
1413393319.905760527 1.72221 0.79205 -0.25101 0.31124 0.67437 -0.47856 0.46832
1413393320.005760431 1.72059 0.78761 -0.28488 0.32186 0.67425 -0.46999 0.47
1413393320.105760574 1.72078 0.78146 -0.31751 0.32813 0.67206 -0.46504 0.47371
1413393320.205760479 1.72352 0.77473 -0.34957 0.33458 0.66604 -0.4613 0.48131
1413393320.305760145 1.72893 0.76995 -0.37708 0.33584 0.66374 -0.46271 0.48225
1413393320.405760527 1.73616 0.76833 -0.39025 0.3307 0.66528 -0.46851 0.47805
1413393320.505760431 1.74519 0.76842 -0.39182 0.32666 0.66902 -0.47366 0.47048
1413393320.605760574 1.75668 0.76805 -0.39323 0.32741 0.6699 -0.47525 0.46709
1413393320.705760479 1.77029 0.7669 -0.4142 0.32929 0.67123 -0.47561 0.46347
1413393320.805760145 1.787 0.76491 -0.46186 0.33093 0.66849 -0.47507 0.4668
1413393320.905760527 1.78439 0.76882 -0.45245 0.34686 0.65762 -0.46713 0.47856
1413393321.005760431 1.77616 0.77386 -0.44211 0.34067 0.67723 -0.47185 0.45018
1413393321.105760574 1.77213 0.78047 -0.46097 0.34072 0.67483 -0.46972 0.45593
1413393321.205760479 1.76577 0.7862 -0.45781 0.35216 0.64985 -0.46236 0.4898
1413393321.305760145 1.7673 0.78726 -0.46437 0.34958 0.65985 -0.47206 0.46857
1413393321.405760527 1.76306 0.78801 -0.46365 0.34613 0.65274 -0.47344 0.47956
1413393321.505760431 1.76523 0.78871 -0.4656 0.34965 0.65285 -0.47088 0.47937
1413393321.605760574 1.76453 0.78821 -0.46583 0.34652 0.65297 -0.4729 0.47951
1413393321.705760479 1.76443 0.78864 -0.46544 0.34791 0.65188 -0.47202 0.48084
1413393321.805760145 1.76477 0.78848 -0.46565 0.34741 0.65228 -0.4724 0.48029
1413393321.905760527 1.76454 0.78856 -0.46567 0.34741 0.65195 -0.47229 0.48084
1413393322.005760431 1.76451 0.7886 -0.46575 0.34741 0.65189 -0.47221 0.481
1413393322.105760574 1.76464 0.7886 -0.46582 0.34719 0.65199 -0.47231 0.48093
1413393322.205760479 1.76459 0.78868 -0.46582 0.34713 0.65187 -0.47222 0.48122
1413393322.305760145 1.76456 0.78862 -0.46587 0.34705 0.65191 -0.47238 0.48107
1413393322.405760527 1.76456 0.78867 -0.46585 0.34702 0.65191 -0.47234 0.48113
1413393322.505760431 1.7646 0.78869 -0.46586 0.347 0.65189 -0.47231 0.48121
1413393322.605760574 1.76458 0.78867 -0.46589 0.34701 0.6519 -0.4723 0.48119
1413393322.705760479 1.76454 0.78867 -0.4659 0.34693 0.6519 -0.47233 0.48121
1413393322.805760145 1.76456 0.78868 -0.46594 0.34693 0.65188 -0.47227 0.4813
1413393322.905760527 1.76455 0.78865 -0.46596 0.34685 0.65187 -0.47232 0.48133
1413393323.005760431 1.76452 0.78867 -0.46597 0.34682 0.65183 -0.47232 0.4814
1413393323.105760574 1.7645 0.78865 -0.46602 0.34673 0.65188 -0.47229 0.48143
1413393323.205760479 1.7645 0.78867 -0.46606 0.34671 0.65183 -0.47227 0.48152
1413393323.305760145 1.7645 0.78867 -0.46612 0.34666 0.65179 -0.47231 0.48158
1413393323.405760527 1.76448 0.78865 -0.46616 0.34663 0.65176 -0.47236 0.4816
1413393323.505760431 1.76445 0.78862 -0.46623 0.34651 0.65169 -0.47236 0.48177
1413393323.605760574 1.76447 0.7886 -0.46625 0.34645 0.65171 -0.4724 0.48175
1413393323.705760479 1.76447 0.78862 -0.46625 0.34646 0.65169 -0.47239 0.48178
1413393323.805760145 1.76445 0.78863 -0.46628 0.3464 0.65168 -0.47242 0.48181
1413393323.905760527 1.76444 0.78863 -0.46631 0.34636 0.65166 -0.47241 0.48186
1413393324.005760431 1.76444 0.78864 -0.46632 0.34638 0.65165 -0.47241 0.48187
1413393324.105760574 1.76443 0.78865 -0.46632 0.34637 0.65167 -0.47241 0.48186
1413393324.205760479 1.76443 0.78866 -0.46633 0.34638 0.65164 -0.47241 0.48189
1413393324.305760145 1.76442 0.78865 -0.46633 0.34635 0.65166 -0.47241 0.48189
1413393324.405760527 1.76442 0.78865 -0.46636 0.34634 0.65165 -0.4724 0.48191
1413393324.505760431 1.76442 0.78865 -0.46636 0.34633 0.65166 -0.47241 0.4819
1413393324.605760574 1.76441 0.78866 -0.46635 0.34636 0.65167 -0.47239 0.48187
1413393324.705760479 1.76442 0.78866 -0.46637 0.34636 0.65167 -0.47239 0.48188
1413393324.805760145 1.7644 0.78867 -0.46638 0.34637 0.65166 -0.47238 0.4819
1413393324.905760527 1.7644 0.78871 -0.46636 0.34638 0.65164 -0.47241 0.48189
1413393325.005760431 1.76434 0.78876 -0.46634 0.34633 0.65165 -0.47241 0.4819
1413393325.105760574 1.7643 0.7888 -0.46636 0.3463 0.65164 -0.47237 0.48198
1413393325.205760479 1.76433 0.7888 -0.46636 0.34626 0.65165 -0.47244 0.48193
1413393325.305760145 1.76436 0.7888 -0.46638 0.34626 0.65168 -0.47234 0.48199
1413393325.405760527 1.76438 0.7888 -0.4664 0.34625 0.65168 -0.47233 0.48201
1413393325.505760431 1.76434 0.7888 -0.46641 0.34647 0.65157 -0.47242 0.48191
1413393325.605760574 1.76433 0.7888 -0.46641 0.3466 0.65154 -0.47244 0.48184
1413393325.705760479 1.76434 0.7888 -0.46642 0.34658 0.65155 -0.47239 0.48188
1413393325.805760145 1.76434 0.7888 -0.46644 0.34657 0.65153 -0.47237 0.48194
1413393325.905760527 1.76436 0.7888 -0.46645 0.34651 0.65155 -0.47232 0.482
1413393326.005760431 1.76436 0.78881 -0.46647 0.34652 0.65154 -0.47229 0.48205
1413393326.105760574 1.76435 0.7888 -0.46647 0.34651 0.65155 -0.47229 0.48204
1413393326.205760479 1.76435 0.78881 -0.46648 0.34653 0.65151 -0.47231 0.48205
