1413393212.455760479 0.0 0.0 0.0 -0.013080419770323724 -0.7989746787594368 0.0 0.6012223925635893
1413393212.655760288 3.95390298667336e-05 0.0002494805685196209 -0.0004991970558547852 -0.012926912251858554 -0.7989321606769917 -5.117747211514853e-06 0.6012822112364833
1413393212.855760336 0.00014743970040450818 0.000158988879922192 -0.001323112916610288 -0.012759214221778356 -0.7988286131822468 0.00012541767644033315 0.6014233396569985
1413393213.055760384 0.00027400565351188124 4.048053643776283e-06 -0.0017969712071827276 -0.012616474404266803 -0.7987638702400666 -2.7675639004650014e-05 0.6015123468448306
1413393213.255760431 0.0002009045430814475 -0.00013939004307814143 -0.002342370967785396 -0.012598137570365863 -0.7987432683542633 5.316543274833611e-06 0.6015400885728582
1413393213.455760479 0.00017359756001006282 -0.00016013243358652126 -0.002648806673366521 -0.012555475622076593 -0.7987150629406867 0.00011623606322724079 0.6015784194539701
1413393213.655760288 5.8303532386442156e-05 -0.00024158870878160724 -0.0029441878036974086 -0.012518242326528954 -0.7986461493913415 7.894869901685654e-05 0.6016706868699369
1413393213.855760336 0.0002428732763789017 -0.0004022601780723777 -0.003202964810221932 -0.012436801084513121 -0.7986004296556483 0.00014418211066010626 0.6017330462456911
1413393214.055760384 0.00010635456834235155 -0.0011496506206382616 -0.0033167099875961578 -0.012489183318806774 -0.7987391486664223 -6.061932024714883e-05 0.6015478277019781
1413393214.255760431 6.316801204825411e-06 -0.0014606796919427122 -0.0036517548535241816 -0.012294823897634078 -0.7987402320987783 8.315005755454426e-06 0.6015503959461581
1413393214.455760479 9.202013058312979e-05 -0.0019168435521133376 -0.004169800185519722 -0.01232871338540173 -0.7986577273036192 0.000264944620190765 0.6016591786458764
1413393214.655760288 0.00021732886681123854 -0.002009902617677357 -0.004562456952775498 -0.01227935329934401 -0.7986813587798594 0.0002826225793627907 0.6016288097694372
1413393214.855760336 0.0002356062037519872 -0.0023016607848490643 -0.00484805425570154 -0.012292371073337124 -0.7986363799414136 0.0003293096674437616 0.6016882264118333
1413393215.055760384 0.0002588832784231282 -0.0021127685491275777 -0.004743613222945036 -0.012299040215335948 -0.7987958786722864 -1.2428324104824591e-05 0.6014764148921337
1413393215.255760431 3.2048293677558226e-05 -0.001902431031168533 -0.004725578257029647 -0.012121793730806749 -0.7987453107882295 0.0003739702966156549 0.6015470478331566
1413393215.455760479 0.0002132685256833937 -0.0017152597344408476 -0.004635543976650619 -0.012010524772164079 -0.799013107464102 0.00029948248851420235 0.6011935725750088
1413393215.655760288 8.392094575175284e-05 -0.0017209890074126313 -0.004622356978173416 -0.012234086828151696 -0.7993054600110066 0.00044404890444402103 0.600800225979195
1413393215.855760336 0.0011713316214269803 -0.0019252284622586025 -0.004683099380720639 -0.012074136413619587 -0.8006868905585428 0.00038260127674451494 0.5989612442669623
1413393216.055760384 0.0024991925505080414 -0.0023976500077197618 -0.004979879853398167 -0.011854184344250368 -0.800588138697762 0.00021300602948417531 0.5990977091580506
1413393216.255760431 0.0017663364308585423 -0.002335910578712673 -0.0051789534259633835 -0.011569015174445382 -0.8012674166499988 0.0001826150888204486 0.5981944930828667
1413393216.455760479 0.00025391905683454685 -0.001823322226694579 -0.0051522025975203655 -0.011562390681039494 -0.8026623745068269 0.0002682100525770534 0.5963215170830056
1413393216.655760288 -0.0025083542621768757 -0.0007091093625696434 -0.0054047185321322066 -0.014052764962343941 -0.8042639982809631 -0.0016466674862949586 0.5941037193556612
1413393216.855760336 -0.004033565493617114 0.00010298864618061632 0.004822768466167437 -0.012529657314448682 -0.8024016408491332 -0.012577813352278571 0.5965202536892483
1413393217.055760384 0.002834641488698674 -0.0039512416352689905 0.03313952002825897 -0.011138011381641359 -0.8028855474650624 -0.021090235295509144 0.5956558942454769
1413393217.255760431 0.019875589537433687 -0.017905054089469727 0.08554887373044254 -0.012397488630715197 -0.8049180210880116 -0.02320111565251487 0.5928026567382259
1413393217.455760479 0.04630788038310443 -0.04181550089185147 0.1207721557530373 -0.012466652997334099 -0.8071063935298995 -0.025193145004122227 0.5897365153447887
1413393217.655760288 0.08316163896235793 -0.07899547799648877 0.14254874716226917 -0.011685040674463557 -0.8072110246832729 -0.02595300532061007 0.5895763419346602
1413393217.855760336 0.12486889930887746 -0.1303775824155371 0.17839719085932584 -0.012872639911125437 -0.8070963811133491 -0.025090884274424054 0.5897458556546131
1413393218.055760384 0.16918890926093724 -0.19425172855951223 0.23383535732127045 -0.015944353533150185 -0.8062313838103914 -0.020591850037055368 0.591026826008476
1413393218.255760431 0.21743992587870706 -0.26251636520630883 0.26260212228563107 -0.030370994119563358 -0.8063921908032348 -0.0002405628382465956 0.590600693749407
1413393218.455760479 0.27063836310974987 -0.32008160949147946 0.25645992546274005 -0.02885874861402372 -0.8069529614949574 -0.004827368154753424 0.5898904873615611
1413393218.655760288 0.3291435040515129 -0.3696888404221392 0.23951825479677738 -0.017715900325424926 -0.8050381415188461 -0.021225719097679868 0.5925784390478107
1413393218.855760336 0.3921866778944134 -0.4251423911754389 0.22863977602109162 -0.02138234283786315 -0.8138912240050825 -0.017584968088291034 0.5803573380251338
1413393219.055760384 0.4475393430093392 -0.48077683674414606 0.22642527784908767 -0.028454902659074053 -0.8268741005097333 -0.007781191054791999 0.5616128501794329
1413393219.255760431 0.47893036386327986 -0.5262150863387035 0.24201968870721877 -0.02721364255173543 -0.8244061324794439 -0.006112521955241084 0.5653110501880481
1413393219.455760479 0.48816298464543234 -0.5604947659637727 0.2649300758837844 -0.026098344607450474 -0.822287856080126 -0.003293374767952731 0.5684634656990318
1413393219.655760288 0.4789603366383739 -0.5844358372430098 0.2695951281215788 -0.02450111607053659 -0.8177164448197702 -0.0032374284185115064 0.5750904539634305
1413393219.855760336 0.46339506484958404 -0.6003128145515837 0.30137033395578317 -0.019940948123335366 -0.810868313642866 -0.008554270630659973 0.5848262656310078
1413393220.055760384 0.4534888242999157 -0.6145761598545298 0.3635584187802388 -0.016561123759532004 -0.8071909150213885 -0.013281964024108568 0.5899085906464097
1413393220.255760431 0.4499100265172557 -0.6317380427521906 0.40850173098676984 -0.01599872207974021 -0.8055296853357027 -0.015447444259782435 0.5921379428820925
1413393220.455760479 0.4507988811288599 -0.6536531544507624 0.4563984398792949 -0.015975093208201927 -0.8052481776268422 -0.016914805664445046 0.5924812724255427
1413393220.655760288 0.4560417712572532 -0.6788730926634161 0.49073306175128806 -0.017248150249630556 -0.8079054420515254 -0.016100383838320638 0.5888396009583361
1413393220.855760336 0.4609919854564553 -0.704017030462979 0.4872714879820815 -0.02585344212108778 -0.8102302687102203 -0.005355646842832598 0.585516719012506
1413393221.055760384 0.4650770210719362 -0.7201296983890314 0.5132990925773624 -0.029295142607939074 -0.8117670865403477 -0.004116417556049371 0.5832315551613274
1413393221.255760431 0.4661475467687684 -0.7244495694566211 0.565046743515827 -0.029124086671694967 -0.8148491689333002 -0.007924590331984175 0.5788867076832404
1413393221.455760479 0.46072362964675884 -0.720204621734093 0.6227319630071185 -0.025975984484461343 -0.8186520357376903 -0.015361907294559869 0.5734963857051711
1413393221.655760288 0.4440040833314491 -0.7149591269084328 0.6623427560961701 -0.02045906775299661 -0.8194632289991554 -0.02261897768740991 0.5723196875115832
1413393221.855760336 0.4187685199217718 -0.714170948022729 0.697029337129938 -0.017509185426297487 -0.8109354363442574 -0.022107750284224056 0.584455638936138
1413393222.055760384 0.39529624880423114 -0.7185262193260102 0.721979384743214 -0.017357812240152797 -0.80839988405848 -0.018378810078871027 0.5880905994390484
1413393222.255760431 0.37473178261919826 -0.7248399266461588 0.7020923326165308 -0.015238162925119324 -0.8085966024679939 -0.01541115018460578 0.587964139482924
1413393222.455760479 0.3569694618110805 -0.7311358368413945 0.6548471307933652 -0.01308243470131467 -0.8182906004592048 -0.015494820081726169 0.5744469110832263
1413393222.655760288 0.33065833300477715 -0.7394945126443107 0.6309918488299153 -0.014251429269873595 -0.8228560606711819 -0.010198930535041756 0.5679795612488516
1413393222.855760336 0.2874470094478369 -0.7472474385935934 0.6429725916503711 -0.012548270807872002 -0.8261940784717532 -0.008112372605764808 0.5631874244056555
1413393223.055760384 0.22354983002503837 -0.7541866167983186 0.6839755270603415 -0.008827577786794837 -0.8258066695668509 -0.005212886847622282 0.5638601282056271
1413393223.255760431 0.1425105996042933 -0.7590132069475208 0.7299382480724598 -0.0027727370962979283 -0.8216349434739992 -0.007979373866964496 0.5699514551119177
1413393223.455760479 0.04975675570148265 -0.7665296744477333 0.7441053600936474 -0.00019873878318124382 -0.8171721366919295 -0.009637105520914867 0.5763130969485677
1413393223.655760288 -0.04883944185624915 -0.7781808039251327 0.6855655604433617 -0.001214131073144883 -0.8096564734279562 -0.012559523739463696 0.5867684204909185
1413393223.855760336 -0.14606480341747813 -0.7970260152106483 0.6233812182724424 -0.007055420726051731 -0.8084007234741357 -0.01656813683352153 0.5883570244050508
1413393224.055760384 -0.2403620211956712 -0.8263723066079224 0.6150227057126022 -0.012463454031600448 -0.8083786835250439 -0.021479956310121635 0.5881387402755089
1413393224.255760431 -0.3301458997457431 -0.8638933139865996 0.5988668221183878 -0.015423056509679893 -0.8060315383817724 -0.024778972048872524 0.5911525107838435
1413393224.455760479 -0.4144382850934975 -0.9067803136531006 0.5423552380833133 -0.021662321663553013 -0.8033910198025206 -0.02688849323520383 0.594449848223027
1413393224.655760288 -0.4915510733599524 -0.9499888713539708 0.4555984068748225 -0.049693788229227306 -0.800395999356376 -0.030072901195056834 0.596650980255189
1413393224.855760336 -0.5517511327679514 -0.9888881945009201 0.37692786135764184 -0.08365086245908249 -0.8031199289903891 -0.04096607916723712 0.5884918803399223
1413393225.055760384 -0.6024346468598586 -1.0193429506595733 0.33591859959024023 -0.09986427214265092 -0.8045326418838372 -0.05503589037678874 0.5828596795655849
1413393225.255760431 -0.658257487074458 -1.0427609514842529 0.3264007917225975 -0.10587171960583919 -0.8054367132313326 -0.06286476603999819 0.5797507232919835
1413393225.455760479 -0.7181308383026062 -1.0561710573796497 0.31921604747327353 -0.12370990500585174 -0.8043760402132323 -0.06914959690136255 0.5769691313950289
1413393225.655760288 -0.7777659290394842 -1.052215962260207 0.32391849594639305 -0.16688561856757844 -0.7972618472505563 -0.08484344027907757 0.5738678662162456
1413393225.855760336 -0.8286702642185537 -1.0271275716164256 0.3405169800490093 -0.20923598200328622 -0.7853213112554133 -0.12876259025178055 0.5682525294927212
1413393226.055760384 -0.873877800925567 -0.9931327527964372 0.316131623463735 -0.24607965567028406 -0.7696208982750973 -0.1806255164275786 0.5608055802314363
1413393226.255760431 -0.924728757088731 -0.9659473729459345 0.2810839634368205 -0.2870194901826842 -0.7540785696500448 -0.20341696821844577 0.5546231694498933
1413393226.455760479 -0.9780523077590159 -0.9453938199335428 0.2793837872110197 -0.3160338705509564 -0.750622517994269 -0.20640678662389983 0.5422957371952425
1413393226.655760288 -1.0318911017185213 -0.9191607652092556 0.25800431212732966 -0.3301265264438018 -0.7525543631188852 -0.20506919911839683 0.5316248965782425
1413393226.855760336 -1.089149747161043 -0.8797555157871837 0.23773489183147467 -0.3183291248792176 -0.7511130426831759 -0.2247008334055737 0.5329214771724847
1413393227.055760384 -1.1526935828266927 -0.8410786602391832 0.2253241593808233 -0.3109520327888226 -0.7524600899251782 -0.23085648745165457 0.5327456509215124
1413393227.255760431 -1.2263630759068875 -0.806270201875789 0.21911050515932803 -0.31403960635613265 -0.7477292232739118 -0.22222715503701163 0.5411979544178291
1413393227.455760479 -1.305319786533588 -0.7711505904762298 0.21715893946748518 -0.31926494595050164 -0.7462723135970423 -0.2163176026417995 0.5425442129753599
1413393227.655760288 -1.3806022696910685 -0.7314605497344687 0.21899357347868073 -0.3283897729756221 -0.7408357293195402 -0.21814541271023516 0.5438153713183267
1413393227.855760336 -1.4421456344676025 -0.6859479542857448 0.21847262702206965 -0.3529129111539745 -0.7296616205101641 -0.23109813640647786 0.5381821699431883
1413393228.055760384 -1.489219557539418 -0.6337421896462115 0.21351620667285312 -0.3871237967278396 -0.710812724727797 -0.2544719907449524 0.5292678360701278
1413393228.255760431 -1.5249459990760446 -0.572589836066856 0.20705601987045447 -0.42192395692531354 -0.6931317408283311 -0.2818940129058712 0.5119417251177836
1413393228.455760479 -1.5581957224017853 -0.5024236720725201 0.20609854219651508 0.44609776239839083 0.6783473945693893 0.3064614964338286 -0.4969134229095089
1413393228.655760288 -1.5909485320586858 -0.42947478434555486 0.20746359081346014 0.46956953038185567 0.6605506868005234 0.3251110856698467 -0.48731922625619384
1413393228.855760336 -1.6228527735894662 -0.3608985010437302 0.2093157248467104 0.48679109934468656 0.6549159087408559 0.3273208823538759 -0.47642482938240716
1413393229.055760384 -1.6550381868805606 -0.2845612596767554 0.20521101569805544 0.4904904975195648 0.6572747618429784 0.330183083779001 -0.4673201156311392
1413393229.255760431 -1.6861322211089709 -0.2108927351829042 0.19366324243918157 0.4781871886713761 0.6608398990570427 0.3452797548550015 -0.46412232363048256
1413393229.455760479 -1.722465696827578 -0.14651206555663754 0.17370194492506702 0.4736059533727583 0.6578419131110687 0.3467873372737446 -0.4718897763152767
1413393229.655760288 -1.7658578375738823 -0.08474051791453391 0.1533578027972517 0.48276881756355866 0.6530327762595081 0.32878797186039493 -0.4820590539332915
1413393229.855760336 -1.8034637384433376 -0.018095208246539984 0.1438822818494167 0.48889159258721665 0.6605781842787048 0.3161480746019217 -0.47399564141258926
1413393230.055760384 -1.8418423153185817 0.07197028055446564 0.14978871715250613 0.48267728508494295 0.6679090279912525 0.3211840466855452 -0.4666486654278087
1413393230.255760431 -1.8909513951335741 0.18564924294462165 0.15631713284344592 0.46838768958734256 0.6701973690575587 0.3354313320525996 -0.4679041357252821
1413393230.455760479 -1.9499929427876557 0.2978636403047267 0.14995112973589445 0.4696842570725477 0.6656234440511574 0.33009888723706304 -0.4768404911839874
1413393230.655760288 -2.0069367649421204 0.41206295345481503 0.1436793357329523 0.4917106191514379 0.6511964400657234 0.32794736980962086 -0.4760403198201238
1413393230.855760336 -2.0520335032571886 0.5367107119114234 0.1531920950740776 0.522033842081112 0.6278365695060875 0.34172934815154704 -0.4653202792967931
1413393231.055760384 -2.0863485678200187 0.6751980900570786 0.17493782012204237 0.541943338460258 0.611345576390616 0.3752590163931687 -0.4378751816920908
1413393231.255760431 -2.1300970368493974 0.8210233987068645 0.20083869175550817 0.549656410867848 0.6025797704925867 0.39818429855709486 -0.41979127500181534
1413393231.455760479 -2.19212238883273 0.9724959486662874 0.20736625304934225 0.559380783652194 0.5885734037937823 0.39738847226008417 -0.42750074776793184
1413393231.655760288 -2.257534555357496 1.1207737192374474 0.1830928869009214 0.5569813994033684 0.5649311649254726 0.40321763175548697 -0.4561140658390238
1413393231.855760336 -2.3060294853281778 1.24622427148015 0.14906209731252024 0.5702926641703728 0.555787285408067 0.4021352416214638 -0.4518340602679136
1413393232.055760384 -2.329722563851453 1.35389420340144 0.13079093819808502 0.600635458028146 0.5413898164054902 0.39682854097787196 -0.43435149627586495
1413393232.255760431 -2.32371944230427 1.456627853666794 0.1271361607786535 0.6208055513514164 0.5224215273390105 0.4179158915998162 -0.40868389096261204
1413393232.455760479 -2.2977815513574766 1.5566766812404746 0.10417579004483055 0.6445111519836794 0.4959135103258807 0.4353421642120004 -0.38620249261769696
1413393232.655760288 -2.2583487760906364 1.6563598659758494 0.0557473445131128 0.6630612171602582 0.47479581831899986 0.4447078956450631 -0.37034259916416523
1413393232.855760336 -2.204834879235953 1.757322699198085 0.008349733436615603 0.6689630254728174 0.4661092890298218 0.4518334261471063 -0.3620457930241967
1413393233.055760384 -2.1358566352757973 1.8610436827891315 -0.022877282283277796 0.6676027952245804 0.47199688845227494 0.45730260965881137 -0.34985678255383934
1413393233.255760431 -2.0599492241972586 1.9673202179536076 -0.020049331833800938 0.6642771014705636 0.4746652837794404 0.46372427592037546 -0.3440764402840746
1413393233.455760479 -1.9810920713701186 2.076577492438726 0.01657253165454513 0.6635634057511783 0.4549264510309493 0.4842337723524891 -0.3438650671608662
1413393233.655760288 -1.9040334507427155 2.177641601986622 0.08009814682292382 0.6799184536370546 0.43205859224715687 0.4969479018726351 -0.32261285171793513
1413393233.855760336 -1.8351022897353908 2.2751919715559588 0.1692402720549944 0.6957590840006068 0.4055500527984139 0.5128999046924101 -0.29729133770150873
1413393234.055760384 -1.7807828138643693 2.3648196133804005 0.2611247190431699 0.7089609559867797 0.37160477167489664 0.523243978077486 -0.2924038234367023
1413393234.255760431 -1.734454395039294 2.440743528941159 0.3355359785251053 0.7270435449827446 0.33773435239903415 0.5252280345426441 -0.28544474533435593
1413393234.455760479 -1.685205562942798 2.4949457962116224 0.3788197058492212 0.7281103422994305 0.27970356761847603 0.5430826022855848 -0.31093814624907623
1413393234.655760288 -1.630237093180377 2.4866254143702182 0.40889228516388376 0.7319381144921252 0.2623429026644163 0.5668971692649596 -0.27215877251100057
1413393234.855760336 -1.5883218426827654 2.4221981076583057 0.4848208882228728 0.752152230888098 0.2683616029095465 0.570180436861196 -0.19272607782720408
1413393235.055760384 -1.5677593543659536 2.356377949118169 0.5146971264083738 0.7775637307681512 0.22440670290146392 0.5597471311640276 -0.17809948186464009
1413393235.255760431 -1.5500284425000144 2.2936469634070007 0.47361397143659073 0.7928858877037982 0.1826085663484782 0.5607829629741553 -0.15332497844201676
1413393235.455760479 -1.5270314873212183 2.2371926824040633 0.4268731166940692 0.8055364876272467 0.17075509343254316 0.5571740384177838 -0.10728819171384055
1413393235.655760288 -1.4973550237146318 2.2091753844943733 0.39867749542275416 0.8032356648421646 0.1725143347835004 0.5659328677252154 -0.06907430960996735
1413393235.855760336 -1.471532193244805 2.2298223709024803 0.37847415142638935 0.7985455035621866 0.15413038818970154 0.57697856446314 -0.07526379160769923
1413393236.055760384 -1.4566710263470843 2.279151864123587 0.36724883440267836 0.7987646877367724 0.1116837581373666 0.5811885489015358 -0.10826625706480666
1413393236.255760431 -1.4503512594579961 2.3134315620602184 0.3731677354520171 0.8047638672758102 0.07968126937583955 0.5812226000749205 -0.09047818742708558
1413393236.455760479 -1.4532720007590803 2.333003719205917 0.3919628256026327 0.8119196708040545 0.05101547235972998 0.5794730596335917 -0.04893713212109375
1413393236.655760288 -1.4488827783774636 2.354984368573887 0.4102524553955917 0.8278156809092555 0.010197591220571098 0.5602516830164151 -0.02711566431640831
1413393236.855760336 -1.4264631155117062 2.3807224546317864 0.40231426475738435 0.8277042766273348 -0.029070341475244448 0.5598926181951349 -0.02409982966602093
1413393237.055760384 -1.3823720211470008 2.3918036343533062 0.4129918096187179 0.8178211325707785 -0.03688035118167672 0.5742458896620519 -0.007077642517443539
1413393237.255760431 -1.3300674448252676 2.39424030378309 0.4576515005634212 0.8104439981620314 -0.01874665708394239 0.5851079250139571 0.021858746011151745
1413393237.455760479 -1.2757520312517052 2.4137066591480854 0.4555638667115078 0.8098161022398791 -0.010564576449824233 0.5859738280495982 0.026850383951540657
1413393237.655760288 -1.2264454285593653 2.454178075749402 0.4317350067165319 0.8100636475478538 -0.025664029786549913 0.5857383164191527 -0.006990649114215162
1413393237.855760336 -1.1839636620491827 2.4891950863694974 0.41220210874887125 0.8134981747219331 -0.02976171824985649 0.5803314664012613 -0.023459517374840873
1413393238.055760384 -1.1406782889969829 2.5054902305699285 0.3988620383041251 0.8224811446614743 -0.014569797840166694 0.5685769685583643 -0.005720008061754472
1413393238.255760431 -1.0887442195684822 2.5184496056674335 0.3953878569659005 0.82642137614957 -0.00647407290981352 0.5628844098093843 0.012121741481622806
1413393238.455760479 -1.0147821752036423 2.5448562937567565 0.42541646977048875 0.8257237554381988 -0.014404002602520963 0.5637238435502723 0.013719789610941778
1413393238.655760288 -0.9248551919279516 2.5805008649417007 0.4572834461952813 0.8178426377541173 -0.04264844469683761 0.5736282217445398 -0.016284755279781377
1413393238.855760336 -0.8344509263872683 2.5979482078676557 0.45476003972154894 0.8141520182899729 -0.053876666970983485 0.5775590225963056 -0.02606475183188995
1413393239.055760384 -0.7467713513227638 2.587736355942984 0.4552886204197306 0.8153554591946224 -0.035394718257995846 0.5778555050247813 0.005069950050442819
1413393239.255760431 -0.6592979414014211 2.5745586751973546 0.459639154830882 0.8156588876805548 -0.024768973908192292 0.5775628084216181 0.022545048400550948
1413393239.455760479 -0.5689195734951421 2.575955891555922 0.46574439217584057 0.8172265628136733 -0.024311586454692054 0.575215207781623 0.026022231505836338
1413393239.655760288 -0.4708692743526028 2.5948635604059613 0.48163150979075986 0.8178174884010584 -0.030598497016530186 0.5744714122900226 0.014862170339978184
1413393239.855760336 -0.3666976266262881 2.6164121442925814 0.49983723569267535 0.8174578054592939 -0.049536236610317884 0.57370108795931 -0.013264962512571081
1413393240.055760384 -0.25704260384166855 2.6182215514605622 0.5205992829242014 0.817551731158852 -0.039757044643002115 0.5744803184724002 -0.0009528736857999812
1413393240.255760431 -0.14347722207638341 2.6136449842562692 0.5403337408868911 0.814876964194423 -0.022850807347733575 0.5788460154708728 0.019765227100245763
1413393240.455760479 -0.032156764053236114 2.6194265833828596 0.522394893554373 0.8140623535937083 -0.029217635345070297 0.5799852913612512 0.008116406280597325
1413393240.655760288 0.0799045913390419 2.625454608290342 0.4927022065495317 0.812848685759366 -0.040524263490639444 0.5810260369699256 -0.0065986734142304505
1413393240.855760336 0.20435151151329078 2.618045262940341 0.5141700676459937 0.8092696032493308 -0.03593506286697309 0.5862750260921186 0.008542499288536544
1413393241.055760384 0.31635735489559963 2.609996459542974 0.512413569777853 0.7989290341191688 -0.03664848702047617 0.6000410183289022 0.01789030920155701
1413393241.255760431 0.4091900998521273 2.607196795336781 0.46098766725174867 0.799445803936558 -0.05423172962892802 0.5982814317346314 0.0021574316294891665
1413393241.455760479 0.4872827252197549 2.5946564405964128 0.40413838779779476 0.8131561334725411 -0.060731413515568114 0.5788651710012145 0.001977829646918442
1413393241.655760288 0.5641936750142688 2.568095653345075 0.36608891262357585 0.8115199803643824 -0.0489452273496491 0.5818476014174713 0.022204839873489046
1413393241.855760336 0.6384917629368918 2.544684839017973 0.33451930256722445 0.8112554091097955 -0.04038674465203287 0.5824183046823586 0.031976404072758965
1413393242.055760384 0.7086179184007773 2.537532002201366 0.31580818207843875 0.803912284424539 -0.03493793863410189 0.5928367460762846 0.03238783563297911
1413393242.255760431 0.7650135678858403 2.5474183754238036 0.3066272992121 0.79134193224403 -0.03430914977707815 0.6099479920685782 0.02375448347904439
1413393242.455760479 0.7938952669447961 2.5669704044354433 0.29917093288002927 0.7988501166427588 -0.04424993805983009 0.5998769492578385 0.005299044314535986
1413393242.655760288 0.8050070258722821 2.5795152891570727 0.2963781726164958 0.8169838687005958 -0.05534139905027999 0.5738391141952917 -0.01354100637744677
1413393242.855760336 0.8232316771319869 2.5677041930604227 0.30689312307345723 0.8162909035783524 -0.052627179025648674 0.5748737922298434 -0.02048569672486829
1413393243.055760384 0.8512422220607688 2.537825136270328 0.3256112156471976 0.8202641326782223 -0.010066156242759009 0.5718246237935448 -0.009056752370224018
1413393243.255760431 0.8904032105094651 2.51068250166372 0.3524697822690543 0.8145532649582857 0.03217680742783267 0.5785202479735799 -0.02796344567685457
1413393243.455760479 0.9325877417159197 2.4882261988499152 0.3648858191917429 0.7992206861456361 0.05721764472570881 0.5964888898317664 -0.04662017027205592
1413393243.655760288 0.9601773886300194 2.4690408645158177 0.3390288501774828 0.7957864375236804 0.06896979711721099 0.5989484208113649 -0.05681462968760346
1413393243.855760336 0.9685628581292947 2.4526506844341838 0.315255412097079 0.8005115982713883 0.0750910178506598 0.5916772651461927 -0.05882630347257492
1413393244.055760384 0.9627564048416144 2.440975775567212 0.30666777987649846 0.8006852407631916 0.07752796998055143 0.5912633928455676 -0.05744701363358807
1413393244.255760431 0.9477241321662242 2.4398036551088866 0.3072616740597685 0.8009348940896358 0.0863714216292602 0.5894145506819956 -0.060280680152849875
1413393244.455760479 0.9231948426658348 2.4543868539708726 0.30598642703127404 0.7975134890100952 0.1080495669965001 0.5883716578244369 -0.07820689347955058
1413393244.655760288 0.8863661899715382 2.473606942793283 0.2713283240292026 0.7953025176077229 0.11751075260542168 0.5865718953822691 -0.09807415590542153
1413393244.855760336 0.8358802297214507 2.4886620507629273 0.25301848384832293 0.7960610742386515 0.11663171293295183 0.5827008984404085 -0.11464498496250193
1413393245.055760384 0.7884913504548667 2.490063659961424 0.28519390023592434 0.7995470024343165 0.11821286219711791 0.5779586619644239 -0.11275679655673942
1413393245.255760431 0.7419886461032987 2.4806451971550394 0.29945982065139165 0.8094400042656161 0.12187597028349874 0.5649750326118352 -0.10371277591102458
1413393245.455760479 0.7044563205583669 2.470925646323615 0.275177486337225 0.8074033383221592 0.12638236335410735 0.5684536930349186 -0.09480372552914461
1413393245.655760288 0.6710694120847379 2.4672104110530224 0.23302600529481338 0.8006811117058946 0.12885666463149362 0.5785501955572229 -0.08709413618687786
1413393245.855760336 0.6367936066293932 2.473328809176306 0.19971881032943958 0.801776991281604 0.12423341673136452 0.5787913768582723 -0.08197717056079841
1413393246.055760384 0.5986182826656992 2.48814778407328 0.17444456575831024 0.8106520617313916 0.10480568414503606 0.5676440839609368 -0.09817941396066869
1413393246.255760431 0.5712943725007132 2.4976045807820366 0.15504469782398772 0.8132486142325699 0.10095254904091612 0.562399236678564 -0.11019243564913837
1413393246.455760479 0.5600880784648927 2.498890453738512 0.1425951454060364 0.7975796273253631 0.13740571747958327 0.5776097714235834 -0.10655214139297509
1413393246.655760288 0.5482270254546131 2.4973703917854744 0.12953936169296318 0.7910339707807112 0.15725106949828066 0.5806661968363332 -0.11119409185812808
1413393246.855760336 0.5261932268833848 2.4982936104833255 0.11476988690095058 0.7907819448317108 0.1648993605464939 0.5785474802486722 -0.11293772495239876
1413393247.055760384 0.4952967357280605 2.5066229766580475 0.08669837804306924 0.7872702145276107 0.1697823991455147 0.5810337406615977 -0.11738542699505301
1413393247.255760431 0.4545407541469222 2.522382899084476 0.04284232557312725 0.7929523863024664 0.17189734594750516 0.5707706376445456 -0.1260900262361851
1413393247.455760479 0.4161810175734966 2.5428639351747937 -0.011726095004244423 0.8093742608232629 0.171697647665916 0.5448745583034911 -0.1361798054644493
1413393247.655760288 0.40532039455021057 2.564085575864814 -0.05831966261961311 0.8146913826355675 0.1680749329527517 0.5342813674466749 -0.15024043520822333
1413393247.855760336 0.4299124262404072 2.5800526191844577 -0.10159670014131209 0.8116283056651096 0.16765347901087777 0.5352081481719863 -0.16341371591458925
1413393248.055760384 0.48763989173241773 2.5811237929732793 -0.12581449740722606 0.782620761810699 0.1714594494642534 0.5739789099054667 -0.16927673010771085
1413393248.255760431 0.5384381395583026 2.5559085108968183 -0.15017147749561893 0.7765367718631028 0.18136683407667012 0.5823215121858802 -0.15810872805432996
1413393248.455760479 0.5712289140558886 2.5140249752193835 -0.15850746353224354 0.7774942941979219 0.182708464138601 0.5829809270630673 -0.14917599774241974
1413393248.655760288 0.5790806088722966 2.465157333578171 -0.14444333681983326 0.7678643928457373 0.1732959283488888 0.5978224613170146 -0.1515292056409627
1413393248.855760336 0.5669723129047923 2.4057688500534247 -0.11158596619462616 0.7808761267093465 0.17291532776028123 0.5844842307824106 -0.13678796777358038
1413393249.055760384 0.5481128995471646 2.348446917580765 -0.08635267700392042 0.8053895844404105 0.1705802708590123 0.5544338892369622 -0.12187309356092865
1413393249.255760431 0.5438514335614952 2.3077292130336087 -0.08600762828869653 0.8053362096703077 0.16340760993263034 0.5578286746075098 -0.11644188333912135
1413393249.455760479 0.5506719749811717 2.2819967137885055 -0.08807741648076316 0.8002172133586657 0.16469954843985127 0.5664894579718933 -0.10777831041019564
1413393249.655760288 0.5577521089113535 2.274511202487344 -0.09382974032408938 0.7932590794100381 0.182360465273718 0.5740110367069795 -0.08942048633974847
1413393249.855760336 0.5549515217154446 2.2927232811705873 -0.11955115920577486 0.789723706936716 0.17753083303929018 0.5775533124710089 -0.10607281120172801
1413393250.055760384 0.545796487988881 2.323558495244151 -0.1548097736485104 0.7939625065324597 0.17435965527469716 0.5712447070341815 -0.11358579804965727
1413393250.255760431 0.5381223289322878 2.36420701291498 -0.18257117877395204 0.799156426507126 0.1698989415836198 0.5655070606450104 -0.11262823794114729
1413393250.455760479 0.5346277188031316 2.414859889983592 -0.20365459231362884 0.7920271397509114 0.15709134528821295 0.5779354153517108 -0.1183468411734543
1413393250.655760288 0.5265386565368642 2.464659703083817 -0.220508809437069 0.7839648251066523 0.14230012996736524 0.5886169261032569 -0.1366745781463314
1413393250.855760336 0.5101179110796117 2.4986743317218263 -0.23645793662513492 0.7946751144768623 0.14312086941992913 0.573360252844453 -0.1388016557025509
1413393251.055760384 0.496759430611952 2.5161726314936805 -0.24128691336881178 0.8046594130025296 0.14382222376505488 0.5623504921591809 -0.12490124493366767
1413393251.255760431 0.49550177233247517 2.5229853247510547 -0.23256620912036433 0.8044611491030446 0.11089921602249936 0.5750405724321583 -0.0993577552395997
1413393251.455760479 0.49602829988986036 2.5230707580609377 -0.21884323282401355 0.8005815045127721 0.05791451336206872 0.593138221695586 -0.06246770155727006
1413393251.655760288 0.48599300384010924 2.518016377532415 -0.19820341871690397 0.792078178691747 0.006003424908232227 0.6098362657662627 -0.02599705148551587
1413393251.855760336 0.45484859016890006 2.5102135896729942 -0.17235099879975943 0.7928866242828656 -0.040353906153905064 0.60796389264854 0.009070199943559338
1413393252.055760384 0.4058615756774077 2.501353445903701 -0.14286729770692402 0.8093414163034085 -0.07923452016491539 0.5800304965844496 0.047465626532849095
1413393252.255760431 0.35955560212510684 2.4973579333578666 -0.10358276669153563 0.8070259240650013 -0.12052854527992082 0.5733760438591538 0.07363382366879098
1413393252.455760479 0.3220790640766916 2.4961556332283523 -0.06782630617622631 0.8006858092464478 -0.16228696964907818 0.5687093852505979 0.09557619725268446
1413393252.655760288 0.29427171748247316 2.4937188238962937 -0.06027149045277585 0.795880068488734 -0.18896207591941747 0.5653282333285272 0.10617080129748843
1413393252.855760336 0.2756664550050401 2.4845543930353835 -0.07144650882846772 0.7899534749739638 -0.2017845173609767 0.5643384557123744 0.1295323254405412
1413393253.055760384 0.2623560065906147 2.4773825088609427 -0.07270117333058973 0.7855697913720227 -0.20905142293225337 0.561862406371408 0.15325874121936947
1413393253.255760431 0.26247000349801936 2.4811774280875256 -0.06861158777677805 0.7947374810055154 -0.22190217871341125 0.5441869469484987 0.15169814151141958
1413393253.455760479 0.28490814510755064 2.4858002866898627 -0.059916338297154016 0.797187494162138 -0.2313199455044635 0.5390907803426306 0.14270358269074598
1413393253.655760288 0.32883517667288514 2.4798211378688135 -0.03930762270730205 0.7890846745045309 -0.2301469572599841 0.5512238318594418 0.14328308244917956
1413393253.855760336 0.38544172457753717 2.4668286895733282 -0.010091001875981599 0.7835066558232228 -0.2272160757533291 0.559319630038244 0.14714525698690056
1413393254.055760384 0.4439154239838529 2.451222317878764 0.02497010680728744 0.7779511368183436 -0.24319130375502485 0.558379683789781 0.15447377522314099
1413393254.255760431 0.5007792204075372 2.431621181990594 0.06748971480719555 0.7667930080998777 -0.27159278314768076 0.5557225184256426 0.17157600469115064
1413393254.455760479 0.5549249135319032 2.4135274583877977 0.11602984937447519 0.7662459906780095 -0.2853495779930287 0.5396846555304109 0.2004574086781702
1413393254.655760288 0.6220849351841777 2.4024635760065407 0.16259597935395076 0.7677287519429088 -0.2981379945535771 0.5282230289290865 0.206607674960545
1413393254.855760336 0.7061508014865815 2.394266016083781 0.21075346148433097 0.7551398901108258 -0.3018981784689779 0.5450005374677844 0.20395011733316257
1413393255.055760384 0.790069552463208 2.388708207013739 0.2503319002643602 0.7500277068429858 -0.3006577771782327 0.5540459910491972 0.20024080451363768
1413393255.255760431 0.8654191291103447 2.3837340269580247 0.28071547907375516 0.7460985309390131 -0.3056264911317097 0.5614163304975864 0.1863897365727282
1413393255.455760479 0.9262844465845493 2.371251777639378 0.29794942129925645 0.7452516121665878 -0.30859559981108775 0.5631806534356132 0.179433391363016
1413393255.655760288 0.9699011296940624 2.3468328967371774 0.3130323836706079 0.7457386011995808 -0.3109060530275121 0.5596684680064945 0.18434362150849506
1413393255.855760336 0.9990265578021837 2.3134432862848104 0.3208009487678722 0.7518300643004902 -0.31564553957697383 0.5461268430194748 0.19200239345518247
1413393256.055760384 1.0263338958823178 2.2733233599893974 0.3260940591039329 0.7589807765198461 -0.3113558598853192 0.5323969034238222 0.2087085207004753
1413393256.255760431 1.0655350032551514 2.2314877825327386 0.3196288189624889 0.7581031851519561 -0.31405166508714993 0.5307301054095668 0.21207703206675896
1413393256.455760479 1.1181160110177433 2.1884165772125312 0.31581254249795043 0.7575844257020593 -0.32177823100402136 0.5308183057404284 0.2018824763973164
1413393256.655760288 1.178433135090777 2.1335766516141565 0.3344948207032687 0.7594514303708237 -0.31730766792484183 0.5315246922230421 0.2000771609676033
1413393256.855760336 1.2482582698924973 2.0707994741428672 0.3416433707460341 0.762113781490453 -0.30385494452105327 0.5326499411469587 0.2076988130645331
1413393257.055760384 1.3258070755323965 2.0107463384422797 0.3188626480121887 0.7607146113929882 -0.3026839564141383 0.5385084381377118 0.19925954079297165
1413393257.255760431 1.4092379397500996 1.9490346916551458 0.29202918214445944 0.7593765248023893 -0.30510361205502284 0.5413161681741941 0.19296602178382619
1413393257.455760479 1.4955091004979255 1.8829664120173737 0.2678307795266129 0.7579010103089135 -0.30561297162198403 0.5426377166429251 0.19424489343481363
1413393257.655760288 1.5814381139950588 1.8124695228642431 0.2419342551489498 0.7546376674806401 -0.3107356014045813 0.5442666865269009 0.1942656706059461
1413393257.855760336 1.66550477426145 1.7373874111279377 0.21376592947906534 0.7548033580144343 -0.3111891086574824 0.5405044267152529 0.20319496569586573
1413393258.055760384 1.7518896583341712 1.6619590792856598 0.19486980608482476 0.7554760284246532 -0.30707667681054013 0.5369835821282769 0.2158900589633964
1413393258.255760431 1.847532280715576 1.5953998828894138 0.1843320221769778 0.7555445582928435 -0.3002463943084881 0.5424534791461969 0.21153899427962852
1413393258.455760479 1.9494235446409782 1.543435552105709 0.18277364484124634 0.7512484328573885 -0.2742677319248376 0.5670093323738965 0.19723949998633533
1413393258.655760288 2.0426117950939346 1.5105931330924827 0.18124942434761868 0.7603978103622427 -0.23750396886280856 0.5828264379166789 0.1603133744761092
1413393258.855760336 2.1198944948592278 1.488503616130815 0.1832240774874467 0.7841348274630132 -0.19166819416078326 0.578531493164515 0.11703498247698267
1413393259.055760384 2.1884033421464575 1.46832206242307 0.18850521115751706 0.8017910401949111 -0.13792305142047953 0.575841070072477 0.08071816256380906
1413393259.255760431 2.2556190434379686 1.4492431181981007 0.19548744519237055 0.8106929131344325 -0.08295477229824282 0.5779686164724963 0.04298586650629212
1413393259.455760479 2.327288598763923 1.4303902543268694 0.20296322775256298 0.8148634724460367 -0.029785943527728023 0.5788798254779651 0.002909724356395438
1413393259.655760288 2.404923911411296 1.411304579024992 0.21473630623796025 0.8154183881843584 0.028357178214666007 0.5771194404696128 -0.034955315567862424
1413393259.855760336 2.4849962003445607 1.3915208286321492 0.23105711028592477 0.8107111923781533 0.08634556752298078 0.5742184876183841 -0.07459848523306475
1413393260.055760384 2.568145508483516 1.371803819612908 0.24852704219155064 0.8027389260616502 0.13731694738468056 0.5698922772382019 -0.10943977745994414
1413393260.255760431 2.655431501737065 1.3517013116134877 0.2674188615907278 0.7913692271063506 0.18337119279252312 0.5653018551972032 -0.1433302639131974
1413393260.455760479 2.743714039681505 1.3270828465265219 0.27718678039245925 0.7577466034602035 0.22678057324448564 0.5905685877351545 -0.16006061265599789
1413393260.655760288 2.8009575047348956 1.2982405169581812 0.2623749613944464 0.7269111330560286 0.2591456540272835 0.6191758444128957 -0.14513789420214826
1413393260.855760336 2.7940135647548954 1.2846101570264254 0.23739851239039367 0.7456315502556556 0.2733939454207312 0.5902783546635963 -0.14443270365867555
1413393261.055760384 2.744263173996347 1.293720796089577 0.22510661877600852 0.7733887699334571 0.2578286846050247 0.5536621344152111 -0.16986000368045479
1413393261.255760431 2.696642240566502 1.3176229617540303 0.22183691838544303 0.786585137302262 0.25191533376914993 0.5371225057836496 -0.1712363868099426
1413393261.455760479 2.66338613420439 1.3601988549985728 0.22686907400289752 0.7756510800268837 0.2615367443994377 0.5454553002813189 -0.18011787467366105
1413393261.655760288 2.6389774989407666 1.416883686734444 0.23140296038537514 0.7707605681922224 0.2775398994858094 0.5300460174295668 -0.2189770995339991
1413393261.855760336 2.6336748491325124 1.4724138162618816 0.2378188158101615 0.7599131549298885 0.3137129228889965 0.508780252638476 -0.255458124752221
1413393262.055760384 2.658740043870877 1.5201888317534922 0.25288566494207687 0.733067168018838 0.3514466897785931 0.5168784483427177 -0.2682059303132116
1413393262.255760431 2.6974509757046987 1.5623163010840173 0.2716873305658166 0.7214706200698948 0.3685842786551088 0.5183221626183462 -0.2738026837756185
1413393262.455760479 2.7391441071873506 1.6014425575238782 0.2921298165690919 0.7206965189056385 0.3750074652759322 0.5152452598396974 -0.27292535762946524
1413393262.655760288 2.7816570205491824 1.6431828329925333 0.2968686340257814 0.7202966214423213 0.377250153136227 0.5150367634558759 -0.2712788812019802
1413393262.855760336 2.822540538326428 1.6873885450309083 0.2630718710645001 0.7203726319727116 0.3777206597438228 0.5144018070283974 -0.2716268676569883
1413393263.055760384 2.86324878903084 1.7365744664400178 0.22632524666442638 0.722458327067269 0.3755226145466712 0.5097933259856376 -0.277754381415522
1413393263.255760431 2.909223653406276 1.787961258710956 0.20238602488047683 0.7244017047984834 0.37277721351244736 0.5050309085798245 -0.2849966676117452
1413393263.455760479 2.9645396443939873 1.8368826007374939 0.19089654755115806 0.7245698975897664 0.3716345722701725 0.5051666707481167 -0.2858195986376688
1413393263.655760288 3.0276064243748517 1.8843061290931178 0.1590534737780232 0.7141238443978005 0.37157764087903966 0.5212042574694689 -0.2833783930662019
1413393263.855760336 3.081855514525015 1.9258618080122791 0.10213207380893255 0.6977739967510401 0.37916478978643986 0.5333779574099965 -0.2912961829362445
1413393264.055760384 3.1156493435089683 1.9532077563096164 0.04768558972882522 0.6868433576792853 0.39988997707257284 0.5249638900828902 -0.3045441221852307
1413393264.255760431 3.134754477032602 1.9643040329722536 0.002689189769778673 0.6961887677335871 0.41713746953803077 0.5003718727699528 -0.30157174955469246
1413393264.455760479 3.1517656838584185 1.9751110477259544 -0.031234981262534968 0.703610252525593 0.4231688370709236 0.49029751380977776 -0.2923509805433459
1413393264.655760288 3.1690213837674293 2.0012462859355358 -0.053962429772202496 0.705120133171619 0.4155359613101237 0.49369627280277717 -0.2939378384532055
1413393264.855760336 3.1854502944851477 2.0394819263126434 -0.07495138314878724 0.7021097315105959 0.4148332207198796 0.4948870157419011 -0.30007026769599565
1413393265.055760384 3.2039051087303845 2.082515386321184 -0.09809990030370762 0.6986247360754283 0.41904522528018157 0.4983436948815424 -0.2966110906304926
1413393265.255760431 3.2189561348188485 2.1299231132665977 -0.11584863415709196 0.6837649417270459 0.4112075682375676 0.5199899880977142 -0.30493319361306437
1413393265.455760479 3.219951307209942 2.162806130611935 -0.13202452029526907 0.6858146477504861 0.39731721430136563 0.5177521982755847 -0.3220713606194042
1413393265.655760288 3.2140014227180647 2.1721576352207026 -0.13910238275972006 0.6907377167403621 0.4138806904548489 0.5025660345106673 -0.31466102665711243
1413393265.855760336 3.204828183082814 2.1751964268725312 -0.13062178735169153 0.6753569459095032 0.4457205229321625 0.4953193945212997 -0.3160457379235955
1413393266.055760384 3.1858366515530436 2.18203165239356 -0.10961048910751955 0.6574806685650385 0.4768276655676698 0.4761271721451627 -0.3371312263160069
1413393266.255760431 3.157510633111542 2.1939810036170986 -0.07659287607331533 0.6234794330819569 0.521419664030335 0.45050359736754514 -0.36937980351513766
1413393266.455760479 3.1210358102464313 2.205455873405958 -0.03127082182262049 0.5706229139764449 0.5805574415210046 0.4100439418716105 -0.4113471926172131
1413393266.655760288 3.0824957360075365 2.214736485987214 0.017729514543740485 0.5023756222876055 0.6331077984729425 0.3631769584802562 -0.46356849167397773
1413393266.855760336 3.0573877313511284 2.2157747941783668 0.028867124482873742 -0.44890083429358507 -0.6649323669755078 -0.32535334752301853 0.500497939629814
1413393267.055760384 3.0558300924189923 2.206919375701914 0.07337363570319227 -0.4261353202928184 -0.6867763062804745 -0.30286747626376287 0.5049933521855454
1413393267.255760431 3.0747668956709497 2.187337770927562 0.1394879753055308 -0.4274137458115046 -0.6918505486667448 -0.29365416150298074 0.5024216771121311
1413393267.455760479 3.105324534822861 2.171303031179794 0.16380470336319689 0.43387048917559295 0.6892360889897151 0.2969437776412378 -0.49853225088929604
1413393267.655760288 3.1440142240913276 2.156714501486879 0.15162207258610072 0.43475353542073286 0.6886051230195986 0.3125298654711975 -0.4890168005077072
1413393267.855760336 3.183668020362113 2.1369018763383414 0.10735113875177005 0.4318480949891929 0.689951629884308 0.32317490904493446 -0.4827338287689076
1413393268.055760384 3.2094049341850255 2.117442020388674 0.06692253903130627 0.43580240409146037 0.687839469689207 0.3155132644458017 -0.48724173516276975
1413393268.255760431 3.228389282149924 2.1021841659769627 0.040908760317826226 0.43977663711688086 0.6887869850540304 0.307254779836046 -0.48760998649960763
1413393268.455760479 3.244350655072937 2.093876096815799 0.02738740634658786 0.42950512995831697 0.6986523704949261 0.3210008421857933 -0.4736756990359651
1413393268.655760288 3.2458282662141427 2.09010676195537 0.03312046267168414 0.4367758451426302 0.6942652754820636 0.31707019050574947 -0.4761187694812027
1413393268.855760336 3.238500696613731 2.09099407344645 0.05609206409841189 0.4448958309401192 0.6880460330213676 0.31229921081840184 -0.48075935662008557
1413393269.055760384 3.230242684266833 2.1000871584380207 0.06969728059580654 0.4400278968062262 0.6862532414624082 0.32236292352318613 -0.48115910482095514
1413393269.255760431 3.2133070038525604 2.1053749767387835 0.07297119589432331 0.42268950510135617 0.691058793585606 0.3309366081219102 -0.4839961647470178
1413393269.455760479 3.183384838141569 2.0967156920609553 0.08119733871542033 -0.4074185663991083 -0.689371258548975 -0.3087064031380004 0.5133008243717903
1413393269.655760288 3.1671488705531607 2.076304635319126 0.050770375215829534 -0.4048878268195095 -0.6958875915300786 -0.28819850783440554 0.5184090351538505
1413393269.855760336 3.1698367925725144 2.05268099507031 -0.015035835361703269 -0.40467293507329566 -0.7064031826503483 -0.2801855934711904 0.5086554751215003
1413393270.055760384 3.181848809759626 2.0330518949142093 -0.0766820678209862 0.39683913056023634 0.7168644344695143 0.28701970302457164 -0.4962295609135339
1413393270.255760431 3.1915343913616545 2.0165718920617315 -0.1312810672917663 0.3980826441991113 0.7201052030593692 0.28169312311674904 -0.49358655705240906
1413393270.455760479 3.196091521760494 2.0093548345188568 -0.17672927194775243 0.40356720846752386 0.7162011917920588 0.2797462552884441 -0.49591470413500455
1413393270.655760288 3.2069463165508543 2.00870889742697 -0.211647452766674 0.42057389319617283 0.7072841455580389 0.2915397497366369 -0.48772052666194854
1413393270.855760336 3.2140448570602147 2.0177036972309654 -0.214422755019697 0.43106372912934643 0.6981143241482672 0.3157420027583228 -0.47657889120495006
1413393271.055760384 3.2043264070241033 2.034069581577473 -0.177440279112355 0.4345220702139387 0.6944645913022709 0.33119922248669736 -0.46820569939764567
1413393271.255760431 3.1779645570594575 2.0528208608207676 -0.16749696961144497 0.43573288406658617 0.6874516377736002 0.3405253205059132 -0.4707330512717634
1413393271.455760479 3.140099018834764 2.064411364087933 -0.1854734305836743 0.44219618359048923 0.6764978416566496 0.3579712701912332 -0.4676214015306099
1413393271.655760288 3.0904886767723205 2.0606078981264395 -0.19404762315212237 0.4682684575965904 0.6546365934393942 0.36352467448390713 -0.4690686444343122
1413393271.855760336 3.038142983868512 2.0456852035069897 -0.19148435042862494 0.4987266514856147 0.6445628307836214 0.3682209079045807 -0.4474637943476527
1413393272.055760384 2.980376586928845 2.0317053097277413 -0.18003071462626616 0.5127773140894375 0.6318691945336332 0.38285707278234055 -0.43728847340756066
1413393272.255760431 2.9166928449099 2.0164906072373396 -0.16303537159066858 0.5266375630459555 0.6155505678719104 0.39051507970244004 -0.4373195034600442
1413393272.455760479 2.857706714638806 1.997720148344118 -0.14386189357959478 0.5479461700595766 0.5946253968743882 0.40087563340337373 -0.43066734105623866
1413393272.655760288 2.807203539195946 1.9737871583577287 -0.1214246645763878 0.5659215606353171 0.5774796944701566 0.4244043507924278 -0.4075916298345924
1413393272.855760336 2.752530794498739 1.9457003908004067 -0.09671902336316426 0.5874240165003789 0.5558564105753631 0.4464173747503741 -0.3829728491437956
1413393273.055760384 2.6886209155497696 1.916894603162469 -0.06981140660300363 0.6155327422862338 0.5257592397450769 0.46001605281275254 -0.36480391465879103
1413393273.255760431 2.6193958322309885 1.891080414973569 -0.0445110586466846 0.6501161178240258 0.4916698417397834 0.4681719763366759 -0.34121078623276446
1413393273.455760479 2.553374340859731 1.873417772209591 -0.01920226223007563 0.6798021809046818 0.454276889660594 0.4832661867649825 -0.31297810640167395
1413393273.655760288 2.4897046612820133 1.8632339695251272 0.01160412840749325 0.6955085576525257 0.41259537982252364 0.5102914697497873 -0.29263546381366373
1413393273.855760336 2.4243543160581056 1.8542429963521636 0.04475751819022039 0.7134316394425513 0.373505752947226 0.5267665910250944 -0.27207665636191447
1413393274.055760384 2.3599407501388763 1.8422269173497001 0.07767098909987707 0.7372373181616445 0.33662375959581514 0.5297294719722832 -0.25010451357187435
1413393274.255760431 2.304433949886074 1.828860557638636 0.1166306199061809 0.7546335153000077 0.29843838751449825 0.5373582413065632 -0.2295842044725163
1413393274.455760479 2.259482117191745 1.8130594752616704 0.15632172904783198 0.7672827135750161 0.26345296675617264 0.5473499765934274 -0.2056155997952835
1413393274.655760288 2.221791035070469 1.791085583550097 0.16826098367371656 0.7787914205636433 0.22580900759027123 0.5564683246622375 -0.18121042738991633
1413393274.855760336 2.196023128766962 1.7655715724281975 0.15221923450898325 0.7821241765566145 0.19304375833026455 0.5729693044724585 -0.15073836919440475
1413393275.055760384 2.168787811172383 1.7357750185061445 0.1426293997094336 0.7822090371997835 0.16061660800152974 0.5893328557488008 -0.12262998202605792
1413393275.255760431 2.1339013259575474 1.7036076730415552 0.13522745645497422 0.7884309254164359 0.12416705247095618 0.5940797684926127 -0.10014213696091026
1413393275.455760479 2.0901048278098635 1.666306980158706 0.13117996165805546 0.7973618582754325 0.08101460199157462 0.5930320601290567 -0.07722484632848313
1413393275.655760288 2.040484007895683 1.6219772638465084 0.13740099672124434 0.8007808421791213 0.03896704963651963 0.5952953434503268 -0.05343281676602019
1413393275.855760336 1.987236626215658 1.5678347974066664 0.15037420646833405 0.8122125151540517 0.002656869384880083 0.582600841771574 -0.029665306991914154
1413393276.055760384 1.948170928359139 1.5091603262460114 0.17068718823246454 0.8250029143670844 -0.017314290950716023 0.5644357276611985 -0.021970797753709196
1413393276.255760431 1.9358813107625668 1.4467779404270824 0.20563142889262692 0.8086901091593282 0.00025494259654578724 0.5881886821283795 0.0073699774688347494
1413393276.455760479 1.929469503868861 1.400230978499117 0.22590675420867348 0.8049130219651303 0.008765678956690339 0.5932535862673244 0.00940065550961292
1413393276.655760288 1.928204898511132 1.3698303012789441 0.20579395654635224 0.8125381963861459 0.003323842784205926 0.5828128131011319 -0.009992815794400794
1413393276.855760336 1.9377853813661843 1.3400931653144292 0.18635302695240605 0.8151126971518166 0.0032874130059549547 0.5790775769735909 -0.015800117204419227
1413393277.055760384 1.9610068747711138 1.3081599723295425 0.17548929335909114 0.8140848488955655 0.005504961140684919 0.5805325780117396 -0.014747205437774958
1413393277.255760431 1.9952903347978987 1.2768473683276997 0.17364574284394255 0.8101551637924723 0.005526499043093839 0.5860357214523134 -0.013423917842363825
1413393277.455760479 2.034752188304538 1.245793688729592 0.18139078040420922 0.8081107275569611 0.006430702166972393 0.5889324358111667 -0.008618823943842719
1413393277.655760288 2.0763619577385533 1.2194291070790242 0.19631461124747449 0.8049975171501758 0.002045871919375712 0.5931818602775983 -0.010492493859712348
1413393277.855760336 2.1176294010662717 1.1908908854772577 0.1902361908394826 0.7984193396373922 -0.01948257841854596 0.601719553235459 -0.008975883517168822
1413393278.055760384 2.143314943174239 1.1530355480547994 0.1594218800618625 0.7924003243061399 -0.05226111922024521 0.6077024355562353 0.00826143304888244
1413393278.255760431 2.14794707928764 1.1047821698847045 0.13941451927074514 0.7966789502402315 -0.09253331130118675 0.5961902176380246 0.036020285064240785
1413393278.455760479 2.144730005763186 1.044852979716919 0.1307174177412254 0.8016035470809451 -0.13900246120688492 0.5801891864227399 0.03860799196298476
1413393278.655760288 2.143821614785938 0.9620727848837707 0.1332775559421622 0.8045237394354116 -0.15964588298460622 0.5707418651414309 0.03883900237422009
1413393278.855760336 2.148903328913052 0.8470546201828552 0.14877226836704618 0.7988560352957494 -0.13653653871709584 0.5805735401569636 0.0782379251765553
1413393279.055760384 2.157719560508648 0.7286087218050595 0.17147526052602813 0.7983950855652916 -0.12078656202272416 0.5822406762242702 0.09471899877761877
1413393279.255760431 2.172256593182488 0.6202978276803393 0.18270975429566502 0.8037137922699609 -0.1139514751108043 0.5763846844661475 0.094020726159606
1413393279.455760479 2.194552193695321 0.5245461163467426 0.16506957423499735 0.8134286136573982 -0.10954564571923742 0.5643633176203285 0.08847422060435646
1413393279.655760288 2.233207071128222 0.4409891533819265 0.15963172167947803 0.8086669585826033 -0.10198742307986776 0.5727290606571908 0.08739415717673724
1413393279.855760336 2.28488723150769 0.3711591688898802 0.1564937129752826 0.8009948026876688 -0.09690292961877264 0.5847984104864898 0.08383297317119205
1413393280.055760384 2.3359384502556915 0.3168663419138323 0.14876790011255234 0.7968179098919098 -0.09657316387204869 0.5916337135234415 0.07565970867835893
1413393280.255760431 2.378798014698547 0.2749195703701156 0.1501861575241004 0.7955205487132623 -0.10082637078852301 0.5949006932389143 0.05544605226725345
1413393280.455760479 2.4096120140820774 0.23162617644611472 0.16303403436179556 0.7899657151865596 -0.10546336110539475 0.6027910708520514 0.038400171806526315
1413393280.655760288 2.4235925269902605 0.174530550377261 0.1703472203136487 0.7959433812507051 -0.10819111900836857 0.595113715061877 0.024667422965457434
1413393280.855760336 2.424120796312485 0.09434883434433888 0.14463933525484704 0.8023187983996557 -0.11453526771207112 0.5856991884068697 0.011076050008279438
1413393281.055760384 2.424192333683919 -0.02019603208819487 0.12422559142357084 0.8064511417470455 -0.1010736173502035 0.5819750211432998 0.026939833248981603
1413393281.255760431 2.4336203290475535 -0.1598153505683331 0.13434020496638616 0.8080419858649589 -0.08360192708425412 0.5806998118142732 0.05354059605268113
1413393281.455760479 2.451240824535135 -0.2976752510479249 0.1522043783262467 0.8070616598723177 -0.08015100178865102 0.5813932928410167 0.06487783223481243
1413393281.655760288 2.475738888031405 -0.4196393330833898 0.16999555537253394 0.8042749901061319 -0.08504450283586429 0.5839223588951585 0.07031252810904184
1413393281.855760336 2.502262554653821 -0.522882168245412 0.19595665455670094 0.7919019025008238 -0.09154915361653242 0.5992089494386136 0.07388345010842573
1413393282.055760384 2.520014665082648 -0.6078491047277573 0.2221860090320872 0.7937348321891353 -0.10479561312660252 0.5953357341606332 0.06766283522067659
1413393282.255760431 2.5300393898641014 -0.6860711649733131 0.25374363764865493 0.8013400289786323 -0.1189313337686946 0.5838746289071222 0.0529142090810339
1413393282.455760479 2.5438975606454477 -0.774371509415447 0.2981052569148788 0.7992006756112441 -0.10908898405241971 0.5872445691165511 0.06724351049456431
1413393282.655760288 2.5615220807877783 -0.8604251504517726 0.32409847459822316 0.7959583659341054 -0.09622281276251218 0.5920889103604015 0.08137673028196651
1413393282.855760336 2.577759668370442 -0.9259492029047788 0.32306269254210745 0.7910930136124517 -0.08674557740398794 0.6016190741403674 0.06856776388707958
1413393283.055760384 2.5842163469534674 -0.9732585545257794 0.3226636582751959 0.8055418189680162 -0.059831337953594625 0.5879088519386695 0.04342546147270736
1413393283.255760431 2.589808315931497 -1.008010281904392 0.3301923143422587 0.8137644837378694 -0.014562710172932291 0.5805855438393114 0.02226474261377222
1413393283.455760479 2.6066082727492055 -1.0264979159354493 0.33987804445475944 0.8152589322821467 0.03207865208744025 0.5781772743002709 -0.005905327825692428
1413393283.655760288 2.635948439341208 -1.0281884016686276 0.3250980688698442 0.8119264114202045 0.07532014596877426 0.5773975871869436 -0.04140536631692861
1413393283.855760336 2.673516956206972 -1.0166881310158191 0.2767463410887933 0.7999731109195928 0.11912874691585124 0.5832627525332417 -0.0752058838843061
1413393284.055760384 2.7074302889497304 -0.9931375939744586 0.22999088007813828 0.7936715692712341 0.16830363373368257 0.5750888003104643 -0.10503427421383815
1413393284.255760431 2.734525645733799 -0.9545627239860136 0.19912922660990523 0.7827835161534761 0.21864924553428705 0.5661002333098153 -0.13774251381412278
1413393284.455760479 2.7603100470389483 -0.8981114692261308 0.18125660220196121 0.7633256446273816 0.2685242234767592 0.560842927168102 -0.17516824114395443
1413393284.655760288 2.7769324553100154 -0.8282421575669696 0.1642939268046428 0.7446235931758168 0.31768611421640586 0.5459515525735467 -0.21575017859108023
1413393284.855760336 2.787413549148072 -0.75245858001772 0.14856037133989816 0.7304250845181098 0.3634486903616098 0.5144873209271493 -0.26398303351891506
1413393285.055760384 2.8017624116631676 -0.6791649340735351 0.1412802298143905 0.7050202156415674 0.4141766100749411 0.48927769565318846 -0.30333408601625134
1413393285.255760431 2.8306749448670523 -0.6070389601434848 0.1404431693293139 0.6744332257661769 0.4612019267926271 0.4660566751965225 -0.3394462876650258
1413393285.455760479 2.87353169935817 -0.536548711354352 0.14245838583673578 0.6408097038095536 0.5063461966450573 0.4435811121866711 -0.36906943731115976
1413393285.655760288 2.9285040023175033 -0.4666149956788064 0.1469844672599331 0.6006734498760935 0.5498293672046366 0.4256049556565039 -0.39463843615794
1413393285.855760336 2.9872464224624298 -0.4009689064927787 0.15878595356272474 0.5550309928400378 0.5917376317557737 0.41608052981837396 -0.4106874296312831
1413393286.055760384 3.0396812726421487 -0.3453638955269145 0.1724991351592423 0.5427034821771964 0.6080647946948087 0.3909818088321963 -0.4276252577289959
1413393286.255760431 3.0909600788096516 -0.2990519200956944 0.1891607274451669 0.541829691997907 0.6089425960714264 0.3823749503923074 -0.43519983556028907
1413393286.455760479 3.146662827565116 -0.2603401864010715 0.18062333505455458 0.5424427894220439 0.606541902568947 0.39005419899806865 -0.43095297014411305
1413393286.655760288 3.207043789165936 -0.22791080713424383 0.14202901286676073 0.5498032297447949 0.6012327293091609 0.393614345695836 -0.4257973234205301
1413393286.855760336 3.2653161036748855 -0.1953708477156051 0.13074769321205848 0.547835468312206 0.6067608633136982 0.4055404209749541 -0.4089676287500183
1413393287.055760384 3.3000420136453403 -0.1599597289151394 0.13929321684337972 0.5306598332066033 0.6225321276076086 0.4109445234967951 -0.40246551420641963
1413393287.255760431 3.3000140631645025 -0.1212138896520113 0.15399687616073446 0.5156122269213 0.6384592214767343 0.3860668403613478 -0.42126743137099093
1413393287.455760479 3.274612158818029 -0.0838767476547239 0.17800497493254808 0.49031583419617975 0.6563092675868323 0.34891696304515335 -0.4550884319726968
1413393287.655760288 3.2428814662338716 -0.04791032588934948 0.20634885760065572 0.45273512030957225 0.6860658356948388 0.31263295467490954 -0.4760306876470019
1413393287.855760336 3.213295967855003 -0.011460798094115515 0.23245429408644494 -0.41088377166095696 -0.7102071830321807 -0.27636019357052233 0.5004051626069711
1413393288.055760384 3.1927795004354587 0.029210048066292994 0.24907153584550162 -0.36757501106087254 -0.731181207509883 -0.24533966596266132 0.5196836550559547
1413393288.255760431 3.188152694687061 0.0775820007873621 0.2518245142736194 -0.3452803699778019 -0.7490072639550326 -0.22789205593436446 0.5175275794502271
1413393288.455760479 3.1859100222229024 0.1403331667178278 0.24816891339801914 -0.34134297462759444 -0.7568229572298298 -0.22295513500013064 0.5108766904629249
1413393288.655760288 3.181346762882583 0.21492836486030192 0.24654597405564796 -0.33610971957192665 -0.7450211663498801 -0.232136951678251 0.5273387466937274
1413393288.855760336 3.179957578336823 0.2844815889440985 0.23786922062264165 -0.323480821214974 -0.7470244650217388 -0.22995230591781246 0.5333259265844936
1413393289.055760384 3.18320164512309 0.35132398054036634 0.21277745681710405 -0.3175393930024981 -0.7534500972829496 -0.22460588948450927 0.5301262860902511
1413393289.255760431 3.189335797387375 0.41315411486007314 0.1657132648579198 -0.31300227086639726 -0.7531068926037546 -0.21908291299333135 0.5355952426773611
1413393289.455760479 3.200229989909118 0.47008624939692606 0.1361537755372782 -0.30785551807282435 -0.7569169059674334 -0.219293042588859 0.5331156899998188
1413393289.655760288 3.2107463758970964 0.5228084828026147 0.13200246665437748 -0.3080835437810848 -0.76053769577296 -0.21935012849610355 0.5277806973425911
1413393289.855760336 3.215924472690196 0.5716684860233784 0.1372636145039197 -0.3100278288389818 -0.7584756103003615 -0.22087942315789955 0.5289704853291511
1413393290.055760384 3.2167242752354044 0.6160387097800402 0.14902181138746387 -0.31322183872112447 -0.7544390206768642 -0.22495402785052385 0.5311398395725558
1413393290.255760431 3.219056639627367 0.6506696505200363 0.12996201015451228 -0.3202335578133686 -0.7517913066623668 -0.22504954191891335 0.5306722183779804
1413393290.455760479 3.2215290917268544 0.6788771357212441 0.08030395623469774 -0.3215497478423333 -0.7575148081540699 -0.22350699660797976 0.5223233649341433
1413393290.655760288 3.218443067514628 0.7069889936230705 0.031023003442185726 -0.3141468988944868 -0.7645910657466722 -0.21602463093327606 0.5196591064577782
1413393290.855760336 3.2078776945417347 0.7411454762971843 -0.01811660576059152 -0.3075705135897604 -0.7668463901990217 -0.21391442980932857 0.5211406813205295
1413393291.055760384 3.190051096561239 0.7794387360198778 -0.07081137758937305 -0.31318777669884057 -0.75876288690253 -0.2023095570904379 0.5341003099556346
1413393291.255760431 3.1776417004434507 0.8277841880397833 -0.1250818604661027 -0.3162411708682088 -0.7488403184744645 -0.1995430427885535 0.5471857759013337
1413393291.455760479 3.181521093238842 0.8815546635495509 -0.17585187343828887 -0.3097790830539262 -0.7561685191727459 -0.2095539405443857 0.536966699447686
1413393291.655760288 3.192688258408328 0.9340467410914105 -0.2116190507030556 -0.2975227466493524 -0.7640708248040748 -0.21289228592372006 0.5313688591766146
1413393291.855760336 3.1983230182140994 0.9853806916374906 -0.2247028733791317 -0.2879762979362595 -0.7696013601989833 -0.2112051079598751 0.529316352078312
1413393292.055760384 3.1939574053708486 1.0298640447963188 -0.1898462725076239 -0.2739783893890037 -0.7708556372621242 -0.20968813819249207 0.5354888545520144
1413393292.255760431 3.18493091976155 1.0619613681561126 -0.144375829277154 -0.2611485065158173 -0.7665035098289755 -0.20985256025069196 0.547937706240163
1413393292.455760479 3.178065519554609 1.0725300649880434 -0.10566986306506135 -0.25478666007460554 -0.7647358079435232 -0.20304503728172377 0.5559097181479757
1413393292.655760288 3.177039830088371 1.0637681342418326 -0.07203177120175333 -0.24784189260723918 -0.7718559461414889 -0.19844158880953947 0.5508481918865913
1413393292.855760336 3.1767746654509357 1.0356260081311668 -0.03503521094603847 -0.2380939858685731 -0.776050754105126 -0.19553033454083452 0.550294802101129
1413393293.055760384 3.1756912441230774 0.9866226540076843 0.01148873248472182 -0.2331548167341479 -0.7768378862490877 -0.18415451323372126 0.5552016256968946
1413393293.255760431 3.1775142811052333 0.9219738713500661 0.05922792589500952 -0.23293438640887185 -0.7793017368739021 -0.1706649830017255 0.5561509130710651
1413393293.455760479 3.185802991410087 0.8498102009981227 0.08292819678601979 -0.23745566404804955 -0.7788737909722772 -0.15650219560458553 0.5589968587729708
1413393293.655760288 3.203111032276398 0.7793151122901806 0.07567291933192083 -0.23227245212396108 -0.7835078855261774 -0.1624386721343528 0.5529724939786403
1413393293.855760336 3.223926200535232 0.7042887034227742 0.0721663220637035 -0.22233595221160668 -0.7897832339631332 -0.17273674920290388 0.544950624532886
1413393294.055760384 3.238614109027962 0.6152241532778627 0.0806976429912867 -0.217731168428942 -0.7919520400644793 -0.17454879323389758 0.5430817832628282
1413393294.255760431 3.2454036152504844 0.5122145890824927 0.09971937036791229 -0.21862196248984575 -0.782855315946353 -0.1726198288146785 0.5563671328454924
1413393294.455760479 3.252744805677553 0.39763048637083726 0.11349727390767866 -0.22045827804550908 -0.7871036992727027 -0.17710956926350901 0.5481770833469796
1413393294.655760288 3.255426882352081 0.27172038601124926 0.12234070279755853 -0.22894429472177272 -0.7890717225198259 -0.1744970159464562 0.5426795721775267
1413393294.855760336 3.253422014224539 0.14078092805707262 0.12950822412798532 -0.24148608526584076 -0.7867423217376728 -0.16294814054370627 0.5442140142464278
1413393295.055760384 3.2482434431783944 0.016463881657152554 0.14054278661013742 -0.23749457613728706 -0.7895074803280716 -0.17180813844369658 0.5392181639883294
1413393295.255760431 3.2344705532562554 -0.10398630956395417 0.15601555476997464 -0.23795729791828718 -0.789329489971596 -0.17259441428989122 0.539023606888953
1413393295.455760479 3.212713196734734 -0.21946327888180409 0.1723532155655131 -0.24774227305186292 -0.7867787874671004 -0.15889010421413297 0.5425466252007991
1413393295.655760288 3.1891977337992 -0.31917340677085504 0.1789440019940863 -0.2555897642049382 -0.7838586632391122 -0.1472071080911918 0.546415168004295
1413393295.855760336 3.175049536108884 -0.39954193445345276 0.15688854260848406 -0.24800927081666965 -0.786697254897215 -0.15503977752894868 0.5436556797358088
1413393296.055760384 3.1579625278575034 -0.46465609946391795 0.13910778684333752 -0.22951266760657119 -0.7925619820228753 -0.17870215879271845 0.5359430739378228
1413393296.255760431 3.125288184206142 -0.5347536940484421 0.1354449216243868 -0.22596680548217263 -0.7956100659664541 -0.18246377517329476 0.5316489410330285
1413393296.455760479 3.073981115425465 -0.6138551075128231 0.13815287758912034 -0.23579297945657227 -0.7944892324863418 -0.173787846554414 0.5319645802976332
1413393296.655760288 3.0165961803194334 -0.6932983120203905 0.1115884640718475 -0.2590854762957875 -0.7871384005703279 -0.17061641423957244 0.5330833832630776
1413393296.855760336 2.9551974610269185 -0.7640601442935021 0.06637062231254026 -0.2787819423138089 -0.7793226665336398 -0.17640551846078242 0.5327456270324707
1413393297.055760384 2.890880116633762 -0.8173136168189912 0.03334112061735905 -0.2870947232475029 -0.7751364607625926 -0.188888111019739 0.5301522126656218
1413393297.255760431 2.823883969079809 -0.8552282077572071 0.007263112547240047 -0.2998652329900875 -0.7694115971546732 -0.19362546746335124 0.5297129548692053
1413393297.455760479 2.7567921727518483 -0.8777633641393079 -0.013919294296309913 -0.30434275479838707 -0.7663249014715964 -0.1988370757851909 0.5297031718598955
1413393297.655760288 2.6887909826795253 -0.8866139219440763 -0.03260110744650734 -0.30365160151849424 -0.7650484747797239 -0.20102838030258363 0.5311159256173308
1413393297.855760336 2.6231551596423976 -0.8831276894087472 -0.0511480834831148 -0.3070334562659174 -0.7598254977332054 -0.1926421088066131 0.5397079651454353
1413393298.055760384 2.568659350087217 -0.865453620964265 -0.07004498249259668 -0.30549558720828346 -0.7602945611115133 -0.18891846104517948 0.5412341837096375
1413393298.255760431 2.527059788888389 -0.8333169623601684 -0.08965210126292857 -0.2988652625937697 -0.7692687489267986 -0.19344725647868194 0.5305500030149715
1413393298.455760479 2.482707115135397 -0.7893718860471537 -0.10919479257871989 -0.28144052002069836 -0.7786148539101765 -0.2109161045979277 0.519677341993138
1413393298.655760288 2.420853487828758 -0.7483260758064436 -0.1246619209304823 -0.27466678158166324 -0.7763789820895026 -0.21345390201318237 0.5255770799602113
1413393298.855760336 2.344676080522583 -0.7145926126544884 -0.13482238198915408 -0.28550194864896616 -0.7710350021161213 -0.1958140040293688 0.5344628505840064
1413393299.055760384 2.2690537122954937 -0.6780436656223806 -0.1388358544601199 -0.2927295808835921 -0.7684459832063226 -0.19165840642906326 0.5357865420238007
1413393299.255760431 2.196156842898067 -0.6350109254123137 -0.1345962496001922 -0.28536179020643826 -0.7640451041360778 -0.21196946098445293 0.5383982495743996
1413393299.455760479 2.1255524298780477 -0.603995348784958 -0.12903753044369565 -0.2832813766838783 -0.750539367213834 -0.22230716976926518 0.5540955171759722
1413393299.655760288 2.0667761950371846 -0.5945377576428053 -0.12651578909849784 -0.2940184209317824 -0.7504419498010477 -0.21111533227702456 0.5530102753187622
1413393299.855760336 2.024326394098756 -0.5970757080204397 -0.11486850911152467 -0.29423364166680865 -0.7545202217092863 -0.20984324898423562 0.5478061792258
1413393300.055760384 1.9917681894014345 -0.606616352571887 -0.09800143549467366 -0.28239632129258024 -0.7653520667791135 -0.22209110337824392 0.5340075593065187
1413393300.255760431 1.9534397782394126 -0.6292616076400375 -0.08039024503582545 -0.2844337298036999 -0.7675428853456184 -0.2111603533792361 0.5342159466591727
1413393300.455760479 1.9075632496424324 -0.660317527089352 -0.059777617565062 -0.2784570086718821 -0.7715489538595106 -0.17069733123621658 0.5459270347103428
1413393300.655760288 1.8676523657545538 -0.6807728796104014 -0.03560674817411335 -0.2437745163672868 -0.782944309608661 -0.1402910974726586 0.5548789067808085
1413393300.855760336 1.838070433985399 -0.6860623703710783 -0.014308578098149158 -0.19212782638042167 -0.7973473928922327 -0.1277696196380136 0.557672805213672
1413393301.055760384 1.8138546369002293 -0.6849846136937446 -0.028862603034263374 -0.1605362009343544 -0.795943600901118 -0.12227899020455384 0.5707449175662793
1413393301.255760431 1.7926555915332518 -0.6920682965218938 -0.079587010424444 -0.13797567751804768 -0.7952388746090261 -0.10653595286891104 0.5806960784002257
1413393301.455760479 1.7877925897620959 -0.7150670324160925 -0.13219777116476353 -0.10684072803899168 -0.8005343268944536 -0.0813534729697159 0.5840474832841932
1413393301.655760288 1.8001806066922201 -0.7505009265082428 -0.17224659429350206 -0.06688917814021364 -0.8159916485725291 -0.05399206331260161 0.5716365317279136
1413393301.855760336 1.816374487328321 -0.7913304277200016 -0.1974906926234519 -0.03463807391980838 -0.823520167219655 -0.03822402958978313 0.5649368651261703
1413393302.055760384 1.8273052436130055 -0.8415042686071694 -0.21427051982661244 -0.019620308634377158 -0.8232929110454812 -0.03234972406980959 0.5663544132987562
1413393302.255760431 1.8303242065603023 -0.9019099958342124 -0.219950704845542 -0.02101855680784727 -0.8225560667768338 -0.02652059026986557 0.5676763123198857
1413393302.455760479 1.830077272593498 -0.9720504759105416 -0.21704269513111943 -0.03303138869650862 -0.82103294502931 -0.021745570446335415 0.5695094035240157
1413393302.655760288 1.8285587230477187 -1.0452222172928252 -0.20321185513415538 -0.049825987940979 -0.8217312806955982 -0.01719136732608555 0.5674324013841476
1413393302.855760336 1.8240117538621392 -1.1114055635392057 -0.17640975846306353 -0.05860285352834925 -0.8226458693761213 -0.0172485189617763 0.5652627422264851
1413393303.055760384 1.8153238633003976 -1.1666566498269646 -0.14188661020286575 -0.05778914852158787 -0.8227134785576057 -0.020441439055896436 0.5651416584195067
1413393303.255760431 1.803847898648892 -1.2107765340161847 -0.10595236148925427 -0.055051606024229545 -0.8220373509308301 -0.02309620910480022 0.5662953994805103
1413393303.455760479 1.7903991267270292 -1.248930488897821 -0.0666172226618639 -0.04497231322507188 -0.8238804395320561 -0.03840036226574419 0.5636700493875022
1413393303.655760288 1.7719912949790129 -1.291848236873011 -0.017785500534561488 -0.04391289526831607 -0.8207791463527212 -0.04487859546606364 0.5677844328701209
1413393303.855760336 1.7525824767985607 -1.3419282459377804 0.03667290995250383 -0.05065012319778555 -0.819359440744372 -0.04148668726865666 0.5695292149324725
1413393304.055760384 1.7334401896472587 -1.3931249164619464 0.08400630213975495 -0.06029356189135868 -0.819182561303111 -0.030214236766728464 0.5695539636829415
1413393304.255760431 1.716192812942717 -1.4355590835385592 0.08621520537366544 -0.059216839473160005 -0.827222422951909 -0.030947955303424313 0.5578876705483823
1413393304.455760479 1.6901035469028654 -1.472457688299127 0.06490945449893061 -0.04851768728667383 -0.8316969570154394 -0.04062142553429589 0.5516122782336463
1413393304.655760288 1.6478233868516023 -1.504812867333025 0.04457332031404735 -0.039359392426493715 -0.8279007222399889 -0.0447206018901935 0.5577018021378864
1413393304.855760336 1.597179428772407 -1.5415964222024021 0.03134730868192482 -0.036501659111433916 -0.825277200836803 -0.03799146850510727 0.5622649010749883
1413393305.055760384 1.539515845094785 -1.5819974869448061 0.025259974786785027 -0.03322990856774934 -0.8272828631656258 -0.0354697836611777 0.5596791330173363
1413393305.255760431 1.4771297646803236 -1.6218381321330178 0.030728235474375608 -0.03200281900116191 -0.8285722337030716 -0.03969763390245569 0.5575553523855339
1413393305.455760479 1.408681693327263 -1.6664426993178738 0.048179775960133744 -0.04047333520031349 -0.8277470793361265 -0.046346811186913 0.5577173611068655
1413393305.655760288 1.3337678084010236 -1.7213365888429684 0.0705267075717244 -0.05225033606053071 -0.8270661672274596 -0.04875835313570384 0.5575428955763513
1413393305.855760336 1.2522730292534388 -1.781755231469743 0.1013121880172953 -0.05934902893908623 -0.8234467131468901 -0.07291716911539765 0.5595500780258027
1413393306.055760384 1.1679279982848945 -1.8601030288754985 0.13281195409200755 -0.06939451090951373 -0.8199843647532842 -0.08443083604201919 0.5618553882805992
1413393306.255760431 1.0805903452499115 -1.9594164410843473 0.1598931123982445 -0.08014732088261499 -0.8193175671411452 -0.07731425438748862 0.5624212275480763
1413393306.455760479 0.9904828836768378 -2.067093518348527 0.18166880606725663 -0.09877544517523973 -0.822934337704892 -0.07407312892145856 0.5545589768702144
1413393306.655760288 0.8977855096372167 -2.1664460677856243 0.1752824315470199 -0.1363901695362706 -0.8157574701361523 -0.09267382578074812 0.5543906867769376
1413393306.855760336 0.8066969491146757 -2.2538155245883833 0.1549311898270375 -0.18174358166061963 -0.8031618813273643 -0.09667005268131153 0.5590663322195304
1413393307.055760384 0.7240844642049024 -2.3162042857465326 0.14608519121648328 -0.2132655636912854 -0.7955984658551102 -0.11291408371546412 0.5556899226817646
1413393307.255760431 0.6522489209016132 -2.3484806769452296 0.1440371684566553 -0.237475294435239 -0.7891022201992259 -0.15053930169268975 0.5461328494554237
1413393307.455760479 0.5866140471478609 -2.362991488015818 0.14765549248386806 -0.2705516145629362 -0.7785162237774016 -0.1872241196445005 0.5344730509529089
1413393307.655760288 0.5221051399806348 -2.368338475492472 0.158949231684282 -0.3171376513847434 -0.7661451178680678 -0.21652722811542563 0.5153264285134784
1413393307.855760336 0.4515841968591967 -2.3660369359821374 0.17764719309650892 -0.3548166179694534 -0.7472832734468412 -0.25312058978855645 0.501600282957457
1413393308.055760384 0.37359830358331714 -2.359875244896923 0.19947373177361383 0.38511815566430396 0.7236554916818179 0.29250528814179727 -0.4923894718058579
1413393308.255760431 0.28524939718700776 -2.357178345625774 0.22202985022487395 0.41942591612540764 0.7013482312520468 0.3230179215947035 -0.47733843521172903
1413393308.455760479 0.18900901850409532 -2.3606295945728415 0.24435933840661056 0.46018153576915455 0.6722185244091142 0.34483925878323113 -0.4663057957821653
1413393308.655760288 0.09099785748081973 -2.3677550541156394 0.24669335972637513 0.5066570876598533 0.64302043144398 0.356016990070847 -0.4506386834820623
1413393308.855760336 0.003760797123411444 -2.3676763483999483 0.21970951651205348 0.5452885458983445 0.6062028711310803 0.37783325328909956 -0.4386576266902427
1413393309.055760384 -0.06307628553064473 -2.3621694640329216 0.17449471236201336 0.5710644623302541 0.572598802993229 0.40987426437878527 -0.4219230712752031
1413393309.255760431 -0.11447212639315842 -2.3592242126284577 0.13466146814871532 0.5922347698747074 0.5452055612292288 0.43317556563307696 -0.40542299230983764
1413393309.455760479 -0.1631587650666344 -2.357768450941611 0.10256369507712962 0.5957268802652149 0.5413176724044071 0.4488053463782147 -0.388147423968441
1413393309.655760288 -0.2170591092481851 -2.35787353671055 0.08064150158688828 0.599658675641381 0.5524654804496227 0.4415132920593253 -0.37450951733356486
1413393309.855760336 -0.2726131548444993 -2.348912675038697 0.06778988587621443 0.6058034252447625 0.5536061372804821 0.4254613819221182 -0.3814512645396697
1413393310.055760384 -0.31532880069650526 -2.3248415863030907 0.059900953801257394 0.6098358149515524 0.5500093025049644 0.41443975937421784 -0.39221133564585287
1413393310.255760431 -0.3344640092355759 -2.2882500956112484 0.06047861662298141 0.5969988594616406 0.5537052009006866 0.4286098734887476 -0.3915309548986357
1413393310.455760479 -0.345013832732883 -2.2510665007274318 0.05994426551543749 0.5862716220905668 0.5607088425904765 0.4427476878568696 -0.3819236361739988
1413393310.655760288 -0.3615468338513847 -2.2113362147807867 0.05411499171056038 0.5926731120373432 0.5535599247935101 0.43421626658745527 -0.3921303683218788
1413393310.855760336 -0.37124920740402656 -2.1713631644206997 0.0474156396140372 0.6027013158700942 0.545519406470372 0.4219291637226975 -0.40141684295974794
1413393311.055760384 -0.36361226312055317 -2.1266424147316574 0.03996613185725294 0.6010403624532068 0.5532196144456385 0.4321989325291099 -0.38197201941280284
1413393311.255760431 -0.34963936978346877 -2.0726769786012014 0.010993352540830836 0.6049923883072837 0.5505228057136365 0.43444894549296836 -0.37704504271818295
1413393311.455760479 -0.33347618859825573 -2.0086008489040283 -0.03639556033197078 0.6050901788574524 0.5522583995738888 0.43725834145067133 -0.3710548185659804
1413393311.655760288 -0.3165798270162526 -1.9297044226115752 -0.06920196757761105 0.6026269109161063 0.5548629707942486 0.4415541529250339 -0.36605712657265355
1413393311.855760336 -0.30679698365960867 -1.835719035090948 -0.08223132694499141 0.5927631529786808 0.5530304103265261 0.44957047890876384 -0.3750674528900435
1413393312.055760384 -0.307468332063843 -1.739448700170693 -0.08646380311904148 0.5788987195772853 0.5570672035704317 0.4522625300905949 -0.3873125444041544
1413393312.255760431 -0.3189611086934389 -1.6516007266652242 -0.08976934205637906 0.5698537689017403 0.5624875942696096 0.4511378481133365 -0.39414341344193654
1413393312.455760479 -0.3384584935521693 -1.5738732119849215 -0.09362100645926552 0.5834348690779977 0.5560981379239727 0.42806840732508933 -0.40879830380070326
1413393312.655760288 -0.3471826691687935 -1.503500883755566 -0.09288815943236658 0.5843391070708606 0.5575328591851415 0.4268804697874718 -0.4067898516301039
1413393312.855760336 -0.34661736368684654 -1.4367209961060112 -0.08969790902291346 0.5778278038283982 0.5643248749558029 0.4343079760867762 -0.39878446125082456
1413393313.055760384 -0.3463873616696599 -1.3755284466322057 -0.08340417892438211 0.5703988246973442 0.5634159698390383 0.43352208036051587 -0.4114197753545611
1413393313.255760431 -0.3467666006118371 -1.3264786950800567 -0.06945682682066129 0.5635893040581115 0.5839169330098205 0.426544916710471 -0.39933387750641103
1413393313.455760479 -0.34963218559781317 -1.2811081583658086 -0.048195453524746856 0.562102861806171 0.5868452080963737 0.4160309182565371 -0.4081315346042133
1413393313.655760288 -0.3439873080537006 -1.235860566790156 -0.035764424179569945 0.5634644156832518 0.5676794291982578 0.41823174905722654 -0.4304998513409647
1413393313.855760336 -0.31626655168277557 -1.210988306596895 -0.03979047853464124 0.563159636504576 0.5537863213614849 0.4407145215476468 -0.42654735326876275
1413393314.055760384 -0.27355474259201046 -1.2114650552736344 -0.04365926449989462 0.5879931984151533 0.556148171017509 0.43656198841555494 -0.39290818362666846
1413393314.255760431 -0.23250152302428145 -1.208526993178424 -0.0401142870045504 0.5928556486414305 0.5572042795625872 0.4365817878680866 -0.3839816573897406
1413393314.455760479 -0.19910089707899958 -1.1983101537975749 -0.035496508968316486 0.5757583159400664 0.5781968310712718 0.4279109979630657 -0.3886939206978025
1413393314.655760288 -0.17890559394073827 -1.1800658876181978 -0.03573684922841785 0.5441098906317504 0.6135019830843654 0.40576934715320095 -0.4036223241833369
1413393314.855760336 -0.16969596486236815 -1.1511930788721019 -0.03951921252717854 0.5162711476962327 0.6442658849333481 0.37928887658842836 -0.4177625158671871
1413393315.055760384 -0.17426383453031363 -1.1063328833851012 -0.0509198979647692 0.494044474625585 0.6654717381250554 0.3529033745422128 -0.43419653509133393
1413393315.255760431 -0.18462480040415524 -1.0410469134904174 -0.06975711380238422 0.4772284263281077 0.6764107605009296 0.34711517106621104 -0.4407182435507362
1413393315.455760479 -0.20664217303938562 -0.9629734900215803 -0.09344785595847695 0.4599151247737067 0.676873962731757 0.36930789331559827 -0.440376425929917
1413393315.655760288 -0.25443517624313056 -0.8916706717633338 -0.11159565170974906 0.4594407129804952 0.6659251460268354 0.3770413510020796 -0.4508855184849872
1413393315.855760336 -0.3247346841854781 -0.8392269948567126 -0.08831848257534915 0.47107228437477894 0.6564592889694967 0.3653719234971078 -0.46222879869114963
1413393316.055760384 -0.3976958312470402 -0.8002288523797723 -0.033721066605887244 0.47594889588013983 0.654532322946761 0.3587486595512373 -0.4651445861218135
1413393316.255760431 -0.46830161672772785 -0.7677349283683725 0.03238332560429665 0.4685342051491014 0.6580945822186055 0.36599304633259844 -0.4619916768685847
1413393316.455760479 -0.543740384500595 -0.7450371965036494 0.10448020973366376 0.46741801964166707 0.6602770980920949 0.36177458360774645 -0.4633289320824041
1413393316.655760288 -0.6225500509695838 -0.7286996661112723 0.17188424440969668 0.4682921207437824 0.6643751626481831 0.35397247922385217 -0.4626138960920149
1413393316.855760336 -0.7035147241747438 -0.7123543418008342 0.21185328427949224 0.4662077543633626 0.6712309587064179 0.3478168995255791 -0.4594809400288042
1413393317.055760384 -0.7876428353527267 -0.6925561150042563 0.2088403083568526 0.4598593120676806 0.673946340023162 0.34705603461180046 -0.46246929921169105
1413393317.255760431 -0.8746983553548654 -0.6716631634941839 0.18583186754233227 0.45106721800443106 0.6683825920028794 0.35478844653209013 -0.4732105596416891
1413393317.455760479 -0.963898386747403 -0.6616705981856829 0.1675436412413193 0.449655171445966 0.6644095207768995 0.3592511932671729 -0.4767691219330662
1413393317.655760288 -1.0526726196855576 -0.6693498175374151 0.13503415713521438 0.4519374047422005 0.6623550354906205 0.3601070896950182 -0.47682415323292643
1413393317.855760336 -1.1411413087953997 -0.6920903387027796 0.08097668475083458 0.45743136806494117 0.6605278915342205 0.35891387306523936 -0.4750160836610889
1413393318.055760384 -1.227410758566121 -0.7272390900532748 0.033345051338988185 0.464509737288863 0.6618391130809373 0.3609099416128102 -0.4646974353328525
1413393318.255760431 -1.3156000349299197 -0.7702732153597082 -0.015966973007459903 0.47996972609682503 0.6567503054039611 0.35238039772416485 -0.4627484777737671
1413393318.455760479 -1.3986519362382621 -0.8136055806457996 -0.06973306484123537 0.4894560025196558 0.6487068930516623 0.34668494996603233 -0.46842473672046603
1413393318.655760288 -1.4677590750651903 -0.8521477231169238 -0.12887923233475962 0.49217251994752736 0.6457039323488312 0.346911256323018 -0.4695585401140085
1413393318.855760336 -1.5221972092491607 -0.886547870430301 -0.17340018661807177 0.48971413427928284 0.644595101335503 0.3492982473378063 -0.47187705647547584
1413393319.055760384 -1.5620776313225697 -0.9249252174152778 -0.19816988265153868 0.4796948656039148 0.6401229808974157 0.35965749678117487 -0.48039763763908255
1413393319.255760431 -1.5879473164691698 -0.9767051047866261 -0.2092833376371119 0.48662533878876646 0.6487904363281568 0.34676207825690786 -0.4711929652070719
1413393319.455760479 -1.6010508446767797 -1.0307975651726518 -0.22345862699256108 0.49233045805815356 0.6569227422837864 0.33679897768748474 -0.46111785843436215
1413393319.655760288 -1.6061478911251448 -1.0707647775006182 -0.2619003537454428 0.5034167293314572 0.6635571007428608 0.3178466057238517 -0.4530310209164312
1413393319.855760336 -1.6009228778255569 -1.0816627968167862 -0.30711894837982795 0.4914596432031178 0.669124943046149 0.3307430506524234 -0.4487184686873115
1413393320.055760384 -1.5960096803546697 -1.071748094843369 -0.36724741764036234 0.47381938711251265 0.6696922120066578 0.3509896471201873 -0.45145741458991023
1413393320.255760431 -1.5976302477748165 -1.0622801157497777 -0.4332685778934984 0.46580658657900564 0.660234137861298 0.36286223336869344 -0.46416172472174994
1413393320.455760479 -1.6111771239533665 -1.0590586462492066 -0.46481915277340796 0.476980837430815 0.6630957392359214 0.3540097422508506 -0.4554892136179214
1413393320.655760288 -1.6350059205473315 -1.0567252617217766 -0.4719406466075583 0.48112502212152736 0.666666872459853 0.35452885726132116 -0.445402383942834
1413393320.855760336 -1.6610795029785586 -1.051983202054733 -0.5450972342694557 0.47619334312027234 0.6548722754371987 0.36609836810666785 -0.4586438571496637
1413393321.055760384 -1.6480516632561275 -1.0630698124887643 -0.521610852119329 0.47695967074859036 0.6749377943092716 0.36538861535719475 -0.4283218486833213
1413393321.255760431 -1.641631356394305 -1.0709265989245362 -0.5298809724258079 0.4677947139670905 0.6510148332063224 0.38043175273741997 -0.4611067924448513
1413393321.455760479 -1.6423674812826692 -1.0690236561517985 -0.5379707178049599 0.47867779553001044 0.6466981340393809 0.37310734838261334 -0.4619956688966576
1413393321.655760288 -1.645961791283911 -1.0649259568424454 -0.5388817542068659 0.47827121506677733 0.6485102181101521 0.37346167755250753 -0.45958406983358063
1413393321.855760336 -1.6480482349138197 -1.0621508971859488 -0.5389240006406938 0.478519544184127 0.6482518262263905 0.37299551268666803 -0.4600684331090687
1413393322.055760384 -1.6503643850863823 -1.0605528344072488 -0.5385592179690756 0.4784489021555185 0.6481365217670328 0.37298187556114215 -0.46031534591045636
1413393322.255760431 -1.6522451804857898 -1.0599085107980202 -0.5380690035960227 0.4784259532057117 0.6482324524406852 0.3730103695210826 -0.4601810069217812
1413393322.455760479 -1.653517626331737 -1.0600796525083729 -0.5376547338773238 0.478471958357608 0.6483002271089019 0.3729918366037945 -0.46005270396202164
1413393322.655760288 -1.654458031236851 -1.0604943795405006 -0.5370430360492598 0.4784380784838874 0.6483957581329755 0.3729026082361685 -0.46002564130962187
1413393322.855760336 -1.655125941162089 -1.0609256521654522 -0.5362080228351912 0.47838975937210804 0.6484920727579081 0.37277760467431126 -0.4600414406889743
1413393323.055760384 -1.6555840732734137 -1.0612864599601146 -0.5355298673909776 0.4784337610395313 0.6485111777962282 0.37263015428415747 -0.4600882053356046
1413393323.255760431 -1.6557734848351198 -1.0616767744958275 -0.5351133726861071 0.47841187342778624 0.6485921260163153 0.3725137721091314 -0.460091102958786
1413393323.455760479 -1.6561733235942624 -1.0616374889830795 -0.534760316813995 0.47853589041956907 0.6486129421505745 0.37235245788568444 -0.46006336515904944
1413393323.655760288 -1.656649319195938 -1.0614838702398277 -0.5354754134176983 0.478623988534077 0.6486466199298884 0.3722053988668941 -0.4600432383020664
1413393323.855760336 -1.6569758461537685 -1.061096606224481 -0.5357545124773437 0.47866040538563126 0.6487225449242128 0.37212240756045617 -0.4599654224117046
1413393324.055760384 -1.6572814316206952 -1.0605652633870808 -0.5354630288623676 0.4787235483393788 0.6487790305621076 0.3720490000351809 -0.45987941391295195
1413393324.255760431 -1.657429138325877 -1.06006279442046 -0.5350063782852311 0.478809834919079 0.6488085494770336 0.3719502800618833 -0.45982779088699083
1413393324.455760479 -1.6574443341964142 -1.0593847647012122 -0.5346496837645932 0.4788744212997226 0.6488314089958243 0.37182305130273713 -0.45983117537322626
1413393324.655760288 -1.65716243638352 -1.058745855421752 -0.5345187683555178 0.47886676000672185 0.6489576945320849 0.37172725203376206 -0.4597383896995604
1413393324.855760336 -1.6567898150298517 -1.0580739137933817 -0.5344966662330327 0.47887705392214447 0.6490505911646463 0.371612836428406 -0.45968902220648744
1413393325.055760384 -1.6562861453343893 -1.057422887472597 -0.5348360446486099 0.47892355613961324 0.649063156736468 0.3715205231753494 -0.45969745137562334
1413393325.255760431 -1.65591949644144 -1.0568102430352007 -0.5357311587704142 0.4789160509144425 0.649168368305329 0.3713262595775168 -0.4597136660099775
1413393325.455760479 -1.6553248215111778 -1.0560862411536527 -0.5366592899233542 0.4790367656683704 0.64911945189494 0.37130634400386264 -0.45967305034332345
1413393325.655760288 -1.6545524324882812 -1.0551875601919398 -0.5370688445400067 0.47927448331182276 0.6489573963733055 0.37143711325028994 -0.45954840685036524
1413393325.855760336 -1.6539651248103502 -1.054176742992668 -0.5370967458173355 0.47917589529066723 0.6490692598402769 0.37125784126096967 -0.4596380887229417
1413393326.055760384 -1.6537441757760083 -1.053160554286617 -0.5367895517235034 0.47913866466206534 0.649134932137092 0.37117683783439104 -0.45964957844029325
