1413393218.055760384 -0.17599 0.18163 0.23895 0.00977 0.80586 0.00471 0.59201
1413393218.155760527 -0.20162 0.21641 0.258 0.00168 0.80615 -0.00184 0.59171
1413393218.255760431 -0.23024 0.25118 0.27054 -0.01015 0.8065 -0.01043 0.59106
1413393218.355760574 -0.25939 0.28378 0.27335 -0.01474 0.80762 -0.014 0.58935
1413393218.455760479 -0.28898 0.31116 0.26839 -0.00455 0.80709 -0.00879 0.59034
1413393218.555760384 -0.31991 0.33585 0.25957 0.00647 0.80629 -0.00247 0.59148
1413393218.655760527 -0.35099 0.36094 0.25193 0.01216 0.80507 0.00162 0.59305
1413393218.755760431 -0.38501 0.38745 0.24778 0.0135 0.80625 0.002 0.59142
1413393218.855760574 -0.41928 0.41595 0.24389 0.00873 0.81441 -0.00222 0.58022
1413393218.955760479 -0.45377 0.44553 0.24223 0.00285 0.82348 -0.00623 0.5673
1413393219.055760384 -0.48047 0.47126 0.24391 -0.00059 0.82758 -0.00898 0.56128
1413393219.155760527 -0.50007 0.49517 0.25139 -0.00138 0.82667 -0.00905 0.56261
1413393219.255760431 -0.51652 0.5178 0.26134 -0.00272 0.82524 -0.0078 0.56472
1413393219.355760574 -0.52329 0.53411 0.27342 -0.00395 0.8244 -0.00669 0.56596
1413393219.455760479 -0.52227 0.54674 0.28503 -0.0057 0.82337 -0.00665 0.56744
1413393219.555760384 -0.52422 0.56357 0.28861 -0.00607 0.82149 -0.0057 0.57016
1413393219.655760527 -0.52525 0.57946 0.28888 -0.00641 0.81878 -0.00492 0.57405
1413393219.755760431 -0.52162 0.59202 0.29752 -0.00468 0.81467 -0.003 0.5799
1413393219.855760574 -0.51488 0.59986 0.32026 -0.00097 0.81191 -0.00068 0.58379
1413393219.955760479 -0.50792 0.60695 0.35485 0.00223 0.81004 0.00172 0.58637
1413393220.055760384 -0.50102 0.61321 0.38349 0.00413 0.80836 0.00223 0.58866
1413393220.155760527 -0.49626 0.62037 0.40586 0.00547 0.80769 0.00235 0.58957
1413393220.255760431 -0.49364 0.62957 0.42926 0.0066 0.80695 0.00254 0.59058
1413393220.355760574 -0.49324 0.63917 0.45313 0.00754 0.80636 0.00319 0.59136
1413393220.455760479 -0.4937 0.65052 0.47786 0.008 0.80698 0.00281 0.59051
1413393220.555760384 -0.49499 0.66308 0.50143 0.00729 0.80971 0.00164 0.58678
1413393220.655760527 -0.49887 0.67557 0.515 0.00712 0.80997 0.00153 0.58643
1413393220.755760431 -0.50201 0.68887 0.51716 0.00402 0.80998 -0.00151 0.58644
1413393220.855760574 -0.50588 0.70173 0.51591 -0.00347 0.81277 -0.00726 0.58253
1413393220.955760479 -0.50998 0.71159 0.52597 -0.00702 0.81437 -0.00944 0.58022
1413393221.055760384 -0.51145 0.71862 0.54689 -0.00472 0.81471 -0.01032 0.57976
1413393221.155760527 -0.51255 0.72329 0.57312 -0.00257 0.816 -0.01091 0.57795
1413393221.255760431 -0.51228 0.72508 0.60121 -0.00026 0.81806 -0.01033 0.57504
1413393221.355760574 -0.51008 0.72426 0.62945 0.00341 0.82066 -0.00954 0.57133
1413393221.455760479 -0.50526 0.72236 0.65839 0.00744 0.8221 -0.00731 0.56925
1413393221.555760384 -0.49804 0.72003 0.68046 0.01163 0.82329 -0.00432 0.56749
1413393221.655760527 -0.48745 0.71813 0.6958 0.01467 0.82292 -0.00168 0.56797
1413393221.755760431 -0.47573 0.71766 0.715 0.01442 0.81832 -0.00096 0.57458
1413393221.855760574 -0.46208 0.71833 0.73018 0.01393 0.81482 0.00097 0.57955
1413393221.955760479 -0.44932 0.72074 0.74827 0.01106 0.81316 0.00104 0.58193
1413393222.055760384 -0.43575 0.72353 0.75517 0.0099 0.81288 0.00108 0.58234
1413393222.155760527 -0.42531 0.72594 0.75221 0.00806 0.81247 0.00215 0.58295
1413393222.255760431 -0.41499 0.72827 0.73421 0.00684 0.81352 0.00298 0.58149
1413393222.355760574 -0.40598 0.73075 0.70794 0.007 0.81823 0.00362 0.57484
1413393222.455760479 -0.39613 0.7335 0.68307 0.00738 0.82353 0.00514 0.5672
1413393222.555760384 -0.38532 0.73592 0.66435 0.0035 0.82629 0.00381 0.56322
1413393222.655760527 -0.36867 0.73964 0.65552 0.00197 0.82828 0.00374 0.5603
1413393222.755760431 -0.34696 0.7443 0.65756 0.00119 0.82933 0.00488 0.55874
1413393222.855760574 -0.32066 0.74858 0.66636 -0.00018 0.83208 0.00537 0.55463
1413393222.955760479 -0.28885 0.75362 0.68408 -0.00254 0.8341 0.00661 0.55156
1413393223.055760384 -0.25117 0.75857 0.707 -0.00305 0.83202 0.00931 0.55467
1413393223.155760527 -0.20886 0.76283 0.72998 -0.003 0.82986 0.01151 0.55784
1413393223.255760431 -0.16342 0.76738 0.75125 -0.00042 0.82809 0.01524 0.56039
1413393223.355760574 -0.11793 0.77344 0.76813 0.0 0.8264 0.01655 0.56284
1413393223.455760479 -0.06701 0.7804 0.76495 0.00126 0.82391 0.0178 0.56643
1413393223.555760384 -0.01661 0.78752 0.74136 0.00178 0.82012 0.01757 0.57192
1413393223.655760527 0.03382 0.79553 0.7026 0.00406 0.81688 0.01655 0.57655
1413393223.755760431 0.08328 0.80479 0.66405 0.00643 0.81586 0.01398 0.57804
1413393223.855760574 0.13334 0.81741 0.63819 0.00849 0.81613 0.01056 0.57771
1413393223.955760479 0.18127 0.83206 0.62764 0.01267 0.81638 0.00844 0.57732
1413393224.055760384 0.23002 0.84936 0.62635 0.01379 0.81639 0.00494 0.57732
1413393224.155760527 0.28165 0.86982 0.62023 0.01525 0.81549 0.00261 0.57856
1413393224.255760431 0.3258 0.88993 0.60467 0.01756 0.81447 0.00173 0.57993
1413393224.355760574 0.37226 0.91297 0.57897 0.01871 0.81319 0.00091 0.5817
1413393224.455760479 0.41533 0.93522 0.5417 0.02031 0.81234 -0.00505 0.5828
1413393224.555760384 0.45761 0.95894 0.4966 0.0218 0.81188 -0.01733 0.58316
1413393224.655760527 0.50005 0.98222 0.4487 0.0249 0.81024 -0.03365 0.5846
1413393224.755760431 0.53345 1.00346 0.40302 0.0291 0.81203 -0.05114 0.58064
1413393224.855760574 0.56281 1.02388 0.36373 0.03699 0.81358 -0.06759 0.57632
1413393224.955760479 0.59001 1.04244 0.3355 0.04396 0.81413 -0.07904 0.57359
1413393225.055760384 0.61575 1.05937 0.32042 0.0517 0.81551 -0.08352 0.57035
1413393225.155760527 0.64428 1.07328 0.31382 0.05752 0.81556 -0.0865 0.56927
1413393225.255760431 0.66995 1.0868 0.30912 0.05935 0.81637 -0.08912 0.56752
1413393225.355760574 0.70414 1.0989 0.30145 0.06201 0.81645 -0.09344 0.56643
1413393225.455760479 0.73103 1.10755 0.30087 0.06465 0.81576 -0.10647 0.56482
1413393225.555760384 0.75871 1.11194 0.3032 0.07039 0.81336 -0.12633 0.56349
1413393225.655760527 0.79547 1.10874 0.30215 0.08024 0.80923 -0.14918 0.56254
1413393225.755760431 0.82525 1.10014 0.30858 0.09814 0.8041 -0.17066 0.56095
1413393225.855760574 0.85082 1.08722 0.31781 0.12293 0.79763 -0.1897 0.55918
1413393225.955760479 0.87459 1.07296 0.31345 0.14942 0.79097 -0.20642 0.55626
1413393226.055760384 0.89725 1.05898 0.29319 0.17182 0.7827 -0.22432 0.55457
1413393226.155760527 0.9223 1.04876 0.27044 0.18376 0.77474 -0.2444 0.55343
1413393226.255760431 0.95002 1.04096 0.25854 0.19034 0.7689 -0.26221 0.55119
1413393226.355760574 0.97889 1.03321 0.25866 0.19043 0.76579 -0.27699 0.54825
1413393226.455760479 1.00798 1.02466 0.26001 0.18835 0.76781 -0.28752 0.54067
1413393226.555760384 1.04066 1.015 0.25376 0.1843 0.77039 -0.29435 0.53469
1413393226.655760527 1.07355 1.0032 0.24065 0.18223 0.77205 -0.29739 0.53132
1413393226.755760431 1.10697 0.98711 0.22655 0.1912 0.77106 -0.29034 0.53349
1413393226.855760574 1.14152 0.96928 0.21563 0.19817 0.7712 -0.28308 0.53465
1413393226.955760479 1.1771 0.95142 0.20665 0.20278 0.77211 -0.2776 0.53447
1413393227.055760384 1.21819 0.93328 0.19905 0.20279 0.77222 -0.27504 0.53564
1413393227.155760527 1.25652 0.91726 0.19345 0.20004 0.7699 -0.27567 0.53967
1413393227.255760431 1.30057 0.90147 0.19013 0.19414 0.7672 -0.27866 0.54411
1413393227.355760574 1.33866 0.88684 0.18841 0.19173 0.7658 -0.28149 0.54548
1413393227.455760479 1.37541 0.87228 0.18836 0.18933 0.76539 -0.2849 0.54512
1413393227.555760384 1.4162 0.85542 0.18916 0.18935 0.76345 -0.28801 0.54621
1413393227.655760527 1.45195 0.83838 0.18939 0.19224 0.75997 -0.29486 0.54639
1413393227.755760431 1.48707 0.81831 0.18992 0.19805 0.75594 -0.306 0.54378
1413393227.855760574 1.51968 0.79669 0.18758 0.2058 0.74988 -0.32019 0.54111
1413393227.955760479 1.54731 0.77397 0.18536 0.21606 0.74187 -0.33639 0.53833
1413393228.055760384 1.57397 0.74785 0.18181 0.22958 0.73275 -0.35492 0.53329
1413393228.155760527 1.59983 0.71907 0.17847 0.24405 0.72396 -0.37391 0.52584
1413393228.255760431 1.62444 0.68879 0.17585 0.25762 0.71716 -0.3898 0.51707
1413393228.355760574 1.64682 0.6578 0.17496 0.27007 0.71113 -0.40161 0.50997
1413393228.455760479 1.66762 0.62542 0.17533 0.28248 0.70374 -0.41397 0.50357
1413393228.555760384 1.68838 0.59248 0.17614 0.2938 0.69437 -0.42555 0.50044
1413393228.655760527 1.70727 0.56096 0.17657 0.30112 0.6874 -0.43783 0.49508
1413393228.755760431 1.72683 0.52918 0.17768 0.30613 0.68365 -0.44634 0.48958
1413393228.855760574 1.74758 0.49565 0.17773 0.30359 0.68278 -0.45502 0.48436
1413393228.955760479 1.76876 0.45954 0.1754 0.30025 0.68356 -0.46094 0.47972
1413393229.055760384 1.78863 0.42167 0.17192 0.30681 0.68553 -0.4581 0.47547
1413393229.155760527 1.80914 0.38103 0.16547 0.31536 0.68673 -0.45167 0.47427
1413393229.255760431 1.83092 0.34137 0.15599 0.32193 0.68837 -0.44549 0.47334
1413393229.355760574 1.85574 0.30142 0.14276 0.32557 0.68816 -0.44137 0.47501
1413393229.455760479 1.88463 0.26054 0.12669 0.32272 0.68495 -0.44129 0.48162
1413393229.555760384 1.91768 0.21708 0.11151 0.31398 0.68172 -0.44488 0.48863
1413393229.655760527 1.94953 0.17502 0.09856 0.30362 0.68099 -0.45051 0.49103
1413393229.755760431 1.98057 0.13087 0.08923 0.29715 0.68378 -0.45347 0.48837
1413393229.855760574 2.00987 0.08491 0.08279 0.29123 0.68886 -0.45606 0.48234
1413393229.955760479 2.03742 0.03676 0.08096 0.28901 0.69279 -0.45631 0.4778
1413393230.055760384 2.06678 -0.01905 0.08351 0.29689 0.69585 -0.44919 0.47527
1413393230.155760527 2.09861 -0.07967 0.08574 0.30572 0.69708 -0.44095 0.47557
1413393230.255760431 2.13422 -0.1419 0.08508 0.3107 0.69748 -0.43509 0.47716
1413393230.355760574 2.17199 -0.20346 0.0803 0.30891 0.69583 -0.43415 0.48157
1413393230.455760479 2.21275 -0.26639 0.0726 0.30482 0.69289 -0.43692 0.48589
1413393230.555760384 2.25261 -0.32913 0.06586 0.30196 0.68784 -0.44591 0.48668
1413393230.655760527 2.28889 -0.39074 0.06365 0.30282 0.67961 -0.45989 0.4847
1413393230.755760431 2.32532 -0.46001 0.06486 0.30852 0.66904 -0.47531 0.48092
1413393230.855760574 2.35917 -0.53339 0.06917 0.31759 0.65776 -0.49118 0.47458
1413393230.955760479 2.38864 -0.60915 0.07733 0.3335 0.6482 -0.5041 0.46314
1413393231.055760384 2.4195 -0.69084 0.08786 0.35262 0.64255 -0.51136 0.44866
1413393231.155760527 2.45114 -0.77133 0.09965 0.368 0.63792 -0.51503 0.43861
1413393231.255760431 2.48827 -0.85406 0.11172 0.37597 0.63433 -0.51938 0.43187
1413393231.355760574 2.52738 -0.9325 0.11882 0.37698 0.62862 -0.52492 0.43264
1413393231.455760479 2.57039 -1.01235 0.1159 0.37484 0.62063 -0.52982 0.44
1413393231.555760384 2.61258 -1.08908 0.10636 0.37627 0.60836 -0.52977 0.45571
1413393231.655760527 2.65231 -1.16195 0.08941 0.37915 0.59747 -0.52863 0.46886
1413393231.755760431 2.68592 -1.22794 0.07001 0.38134 0.59303 -0.53206 0.46883
1413393231.855760574 2.71552 -1.29017 0.05352 0.37803 0.5892 -0.54268 0.46415
1413393231.955760479 2.73791 -1.34656 0.04221 0.37288 0.58361 -0.55896 0.45599
1413393232.055760384 2.75225 -1.40221 0.03453 0.37403 0.57629 -0.57343 0.44629
1413393232.155760527 2.75788 -1.45569 0.0317 -0.38222 -0.56804 0.5853 -0.43435
1413393232.255760431 2.75749 -1.50979 0.02857 -0.39664 -0.55827 0.5942 -0.42183
1413393232.355760574 2.75266 -1.56389 0.0191 -0.40784 -0.54518 0.60586 -0.41155
1413393232.455760479 2.74312 -1.61674 0.003 -0.41549 -0.53296 0.61906 -0.40011
1413393232.555760384 2.72854 -1.66721 -0.01966 -0.42147 -0.5213 0.63081 -0.39076
1413393232.655760527 2.71101 -1.71876 -0.04808 -0.42583 -0.5128 0.63837 -0.38496
1413393232.755760431 2.68977 -1.77216 -0.07402 -0.43019 -0.50766 0.64217 -0.38057
1413393232.855760574 2.6638 -1.82663 -0.09675 -0.43312 -0.5047 0.64444 -0.37734
1413393232.955760479 2.63377 -1.88218 -0.11658 -0.43581 -0.50644 0.64452 -0.37172
1413393233.055760384 2.60069 -1.9398 -0.12937 -0.43886 -0.51084 0.64249 -0.36557
1413393233.155760527 2.56616 -1.99838 -0.13397 -0.43998 -0.51399 0.64154 -0.36146
1413393233.255760431 2.53127 -2.05729 -0.1284 -0.4458 -0.51303 0.63904 -0.36013
1413393233.355760574 2.49598 -2.11698 -0.11338 -0.45625 -0.50637 0.63716 -0.3598
1413393233.455760479 2.46128 -2.17547 -0.09105 -0.46659 -0.49302 0.63951 -0.3609
1413393233.555760384 2.42787 -2.23168 -0.06104 -0.47498 -0.48057 0.64592 -0.35529
1413393233.655760527 2.39537 -2.28518 -0.02773 -0.48031 -0.47111 0.6572 -0.33977
1413393233.755760431 2.36479 -2.3381 0.01315 -0.48713 -0.45999 0.66856 -0.3227
1413393233.855760574 2.33804 -2.38856 0.06042 -0.49792 -0.44522 0.67398 -0.3156
1413393233.955760479 2.31488 -2.43717 0.1067 0.5071 0.42935 -0.67834 0.31363
1413393234.055760384 2.29493 -2.48145 0.15139 0.5086 0.41188 -0.68918 0.31099
1413393234.155760527 2.27659 -2.52179 0.19245 0.50769 0.39718 -0.70184 0.3032
1413393234.255760431 2.2573 -2.56168 0.22577 0.51153 0.37864 -0.70869 0.30451
1413393234.355760574 2.23707 -2.59636 0.25087 0.52058 0.34913 -0.71044 0.31997
1413393234.455760479 2.21351 -2.62135 0.26947 0.5284 0.32127 -0.71275 0.33102
1413393234.555760384 2.18709 -2.6304 0.2836 0.53764 0.30388 -0.71575 0.32605
1413393234.655760527 2.15663 -2.62277 0.30398 0.55436 0.30482 -0.71721 0.29219
1413393234.755760431 2.12927 -2.59868 0.34123 0.5644 0.31148 -0.72308 0.24817
1413393234.855760574 2.10855 -2.56667 0.38112 0.56137 0.31079 -0.73674 0.2133
1413393234.955760479 2.09327 -2.53511 0.40653 0.55629 0.29371 -0.75115 0.20012
1413393235.055760384 2.08202 -2.50444 0.41064 0.5524 0.26722 -0.76424 0.19846
1413393235.155760527 2.07324 -2.4728 0.39506 0.55169 0.24116 -0.77467 0.19331
1413393235.255760431 2.06099 -2.44222 0.36978 0.55533 0.22627 -0.78138 0.17278
1413393235.355760574 2.04835 -2.41268 0.34428 0.55678 0.21882 -0.78785 0.14632
1413393235.455760479 2.03458 -2.38884 0.32179 0.55384 0.21463 -0.79448 0.12648
1413393235.555760384 2.01901 -2.37182 0.30437 0.55484 0.21498 -0.79641 0.10797
1413393235.655760527 2.00299 -2.36405 0.29091 0.56461 0.21597 -0.79165 0.08871
1413393235.755760431 1.98941 -2.36926 0.27948 0.57226 0.21065 -0.78816 0.08337
1413393235.855760574 1.98085 -2.38627 0.27117 0.57517 0.19708 -0.78808 0.09628
1413393235.955760479 1.97563 -2.40987 0.26537 0.57573 0.1755 -0.78981 0.11804
1413393236.055760384 1.97154 -2.43387 0.26266 0.5782 0.15498 -0.79052 0.12942
1413393236.155760527 1.96937 -2.45344 0.26642 0.57941 0.13551 -0.79313 0.12985
1413393236.255760431 1.97113 -2.4655 0.27405 0.57906 0.12367 -0.79816 0.11109
1413393236.355760574 1.97538 -2.47397 0.28344 0.57989 0.11267 -0.80236 0.08518
1413393236.455760479 1.97874 -2.48354 0.29476 0.57921 0.09493 -0.80661 0.06986
1413393236.555760384 1.98071 -2.49541 0.30614 0.57259 0.07483 -0.81436 0.05794
1413393236.655760527 1.97888 -2.50933 0.31596 0.56095 0.0553 -0.82465 0.04727
1413393236.755760431 1.97198 -2.52545 0.31665 0.55749 0.03598 -0.82823 0.04419
1413393236.855760574 1.95827 -2.54075 0.30947 0.5608 0.01715 -0.82654 0.04513
1413393236.955760479 1.93744 -2.55177 0.30727 0.56768 0.00867 -0.82223 0.03997
1413393237.055760384 1.91277 -2.55776 0.31938 0.57573 0.01015 -0.81704 0.0296
1413393237.155760527 1.88638 -2.56091 0.34129 0.58287 0.01874 -0.81221 0.0148
1413393237.255760431 1.85998 -2.56429 0.35732 0.5874 0.02863 -0.80878 0.00223
1413393237.355760574 1.8349 -2.57226 0.3595 0.58682 0.03534 -0.80894 -0.00409
1413393237.455760479 1.8118 -2.58651 0.35017 0.58821 0.03686 -0.80786 -0.00193
1413393237.555760384 1.79188 -2.60552 0.33884 0.58839 0.03032 -0.80789 0.01388
1413393237.655760527 1.77299 -2.62665 0.32948 0.58624 0.0218 -0.8092 0.03221
1413393237.755760431 1.75182 -2.64776 0.3215 0.58338 0.01727 -0.81077 0.04492
1413393237.855760574 1.7307 -2.66454 0.31537 0.57968 0.0185 -0.81322 0.04806
1413393237.955760479 1.70996 -2.67649 0.31098 0.57581 0.02343 -0.81608 0.0438
1413393238.055760384 1.69045 -2.68442 0.30369 0.56889 0.03418 -0.82118 0.02937
1413393238.155760527 1.66687 -2.69326 0.30023 0.56528 0.03973 -0.82373 0.01866
1413393238.255760431 1.63853 -2.7053 0.30061 0.56415 0.04176 -0.82454 0.01135
1413393238.355760574 1.60604 -2.72017 0.30911 0.56288 0.03941 -0.82556 0.00751
1413393238.455760479 1.56962 -2.73814 0.33034 0.5654 0.03359 -0.82407 0.01023
1413393238.555760384 1.52766 -2.75927 0.34755 0.56984 0.02009 -0.82115 0.02424
1413393238.655760527 1.49038 -2.77821 0.36101 0.57397 0.00513 -0.81783 0.04093
1413393238.755760431 1.4491 -2.79331 0.36449 0.57585 -0.00479 -0.81591 0.05158
1413393238.855760574 1.40663 -2.80145 0.3632 0.57761 -0.00592 -0.81473 0.05046
1413393238.955760479 1.36191 -2.80357 0.36491 0.57847 0.00215 -0.81488 0.03672
1413393239.055760384 1.31337 -2.80208 0.36455 0.57937 0.01269 -0.81474 0.01917
1413393239.155760527 1.26846 -2.80033 0.36978 0.5799 0.01918 -0.81442 0.00769
1413393239.255760431 1.22596 -2.79932 0.37403 0.5799 0.02277 -0.81436 0.00171
1413393239.355760574 1.17916 -2.80244 0.37557 0.57851 0.02441 -0.81531 -0.0016
1413393239.455760479 1.13586 -2.80824 0.38162 0.57746 0.02335 -0.81608 -0.0015
1413393239.555760384 1.0875 -2.82005 0.3878 0.57704 0.02363 -0.81637 -0.0016
1413393239.655760527 1.03798 -2.83593 0.39609 0.57639 0.01684 -0.81694 0.01012
1413393239.755760431 0.99274 -2.85091 0.40873 0.57594 0.00396 -0.81694 0.02978
1413393239.855760574 0.94051 -2.86337 0.41941 0.57383 -0.00147 -0.81808 0.03809
1413393239.955760479 0.88681 -2.87098 0.42901 0.57271 0.00134 -0.81902 0.03485
1413393240.055760384 0.8331 -2.87528 0.44027 0.57537 0.0087 -0.81745 0.02548
1413393240.155760527 0.77662 -2.87734 0.45249 0.57948 0.01898 -0.81468 0.01215
1413393240.255760431 0.72045 -2.88165 0.45769 0.58049 0.02511 -0.81386 0.00553
1413393240.355760574 0.66502 -2.88858 0.45293 0.58009 0.02415 -0.81415 0.00849
1413393240.455760479 0.60907 -2.89743 0.43961 0.58088 0.01873 -0.81358 0.01752
1413393240.555760384 0.55457 -2.90656 0.4216 0.58122 0.01153 -0.81318 0.0279
1413393240.655760527 0.49626 -2.91336 0.4123 0.58106 0.00757 -0.81318 0.03234
1413393240.755760431 0.43249 -2.91701 0.42058 0.58232 0.0084 -0.81246 0.02716
1413393240.855760574 0.37232 -2.91911 0.43584 0.58737 0.01211 -0.80904 0.01737
1413393240.955760479 0.31224 -2.9214 0.44049 0.59502 0.0124 -0.80354 0.01123
1413393241.055760384 0.25776 -2.92432 0.43024 0.60151 0.0107 -0.79875 0.00894
1413393241.155760527 0.20967 -2.92747 0.40745 0.60213 0.00227 -0.79823 0.01606
1413393241.255760431 0.16615 -2.93026 0.37861 0.59882 -0.00685 -0.80047 0.02479
1413393241.355760574 0.12485 -2.92934 0.35121 0.58828 -0.01162 -0.80812 0.02699
1413393241.455760479 0.08662 -2.92407 0.32739 0.57961 -0.01227 -0.81446 0.02364
1413393241.555760384 0.04729 -2.91537 0.30852 0.57945 -0.00688 -0.81486 0.01378
1413393241.655760527 0.00621 -2.90567 0.29157 0.58388 -0.00025 -0.81183 0.00391
1413393241.755760431 -0.03353 -2.89705 0.27492 0.58638 0.00429 -0.81002 -0.00259
1413393241.855760574 -0.07323 -2.8906 0.25952 0.58471 0.00806 -0.81119 -0.00553
1413393241.955760479 -0.1117 -2.88813 0.24708 0.5893 0.01095 -0.80782 -0.00625
1413393242.055760384 -0.14756 -2.88985 0.23721 0.59537 0.01334 -0.80333 -0.00506
1413393242.155760527 -0.18195 -2.8949 0.2297 0.60352 0.01426 -0.79722 -0.00132
1413393242.255760431 -0.20754 -2.90344 0.2268 0.6119 0.01327 -0.79081 0.0048
1413393242.355760574 -0.22665 -2.91321 0.22448 0.61179 0.01031 -0.79088 0.01128
1413393242.455760479 -0.23697 -2.92375 0.22256 0.60035 0.00355 -0.7994 0.02298
1413393242.555760384 -0.24359 -2.93263 0.22023 0.58398 -0.0036 -0.81101 0.03486
1413393242.655760527 -0.24653 -2.93681 0.22263 0.57378 -0.00663 -0.818 0.04001
1413393242.755760431 -0.25323 -2.9354 0.2285 0.57223 -0.00972 -0.81876 0.04578
1413393242.855760574 -0.26292 -2.92797 0.23685 0.57454 -0.00362 -0.81714 0.04668
1413393242.955760479 -0.2777 -2.91515 0.24466 0.57525 0.01683 -0.81695 0.0375
1413393243.055760384 -0.29382 -2.90089 0.25399 0.5716 0.03925 -0.81883 0.03531
1413393243.155760527 -0.31111 -2.88842 0.26614 0.56884 0.06077 -0.8191 0.04245
1413393243.255760431 -0.33134 -2.87801 0.28153 0.57744 0.08089 -0.81057 0.05478
1413393243.355760574 -0.35341 -2.86861 0.29119 0.58753 0.09539 -0.80083 0.06614
1413393243.455760479 -0.37378 -2.85954 0.29136 0.59394 0.10496 -0.79413 0.07467
1413393243.555760384 -0.39084 -2.85073 0.28165 0.59639 0.11134 -0.79075 0.08151
1413393243.655760527 -0.40313 -2.842 0.26615 0.59537 0.1163 -0.79045 0.08488
1413393243.755760431 -0.41065 -2.83394 0.25181 0.59112 0.12052 -0.79292 0.08567
1413393243.855760574 -0.41326 -2.82604 0.24297 0.588 0.12248 -0.79483 0.08662
1413393243.955760479 -0.41328 -2.81948 0.23793 0.58735 0.12388 -0.79513 0.08631
1413393244.055760384 -0.40976 -2.81387 0.23579 0.58756 0.12498 -0.79494 0.08503
1413393244.155760527 -0.40331 -2.81096 0.23599 0.58684 0.12707 -0.79529 0.08357
1413393244.255760431 -0.39331 -2.8116 0.23693 0.58547 0.134 -0.7947 0.08789
1413393244.355760574 -0.38036 -2.81613 0.23767 0.58242 0.14649 -0.79388 0.09534
1413393244.455760479 -0.36536 -2.82321 0.23509 0.58335 0.15551 -0.79013 0.10589
1413393244.555760384 -0.34625 -2.82999 0.22227 0.58319 0.16078 -0.78766 0.11675
1413393244.655760527 -0.32598 -2.83721 0.20211 0.58031 0.16464 -0.78768 0.12529
1413393244.755760431 -0.30213 -2.84227 0.18809 0.57834 0.16581 -0.78762 0.13296
1413393244.855760574 -0.27481 -2.84472 0.18255 0.57535 0.1636 -0.78879 0.14146
1413393244.955760479 -0.25046 -2.84579 0.19624 0.57518 0.16253 -0.78864 0.1442
1413393245.055760384 -0.22799 -2.84337 0.2176 0.57067 0.16527 -0.79231 0.13879
1413393245.155760527 -0.20482 -2.83787 0.22885 0.56353 0.16759 -0.79781 0.13359
1413393245.255760431 -0.18312 -2.83074 0.23072 0.55818 0.16944 -0.80193 0.12898
1413393245.355760574 -0.16684 -2.82347 0.22654 0.55828 0.17179 -0.80208 0.12446
1413393245.455760479 -0.15025 -2.81789 0.21075 0.56214 0.17392 -0.79954 0.12041
1413393245.555760384 -0.1326 -2.81304 0.18737 0.56727 0.17555 -0.79605 0.11698
1413393245.655760527 -0.11405 -2.81007 0.16668 0.57255 0.17622 -0.79263 0.11344
1413393245.755760431 -0.09656 -2.80995 0.1473 0.57401 0.17591 -0.79229 0.10883
1413393245.855760574 -0.07693 -2.81186 0.13132 0.57307 0.17152 -0.79396 0.10862
1413393245.955760479 -0.05813 -2.81657 0.11749 0.56887 0.16349 -0.79793 0.11388
1413393246.055760384 -0.03772 -2.82153 0.10484 0.56108 0.15248 -0.80401 0.12455
1413393246.155760527 -0.02184 -2.82514 0.09443 0.55391 0.1443 -0.80914 0.13286
1413393246.255760431 -0.01171 -2.82636 0.08712 0.55541 0.14951 -0.80657 0.13642
1413393246.355760574 -0.00431 -2.82526 0.07908 0.56265 0.1687 -0.7982 0.13355
1413393246.455760479 0.00081 -2.82395 0.07231 0.57071 0.18529 -0.78863 0.1342
1413393246.555760384 0.00625 -2.82173 0.06506 0.57519 0.19658 -0.78206 0.13743
1413393246.655760527 0.01479 -2.81928 0.05628 0.5732 0.20462 -0.78111 0.13943
1413393246.755760431 0.02507 -2.8177 0.04824 0.57114 0.20935 -0.78113 0.14072
1413393246.855760574 0.03629 -2.81772 0.04019 0.57118 0.21237 -0.78017 0.14134
1413393246.955760479 0.05063 -2.81945 0.02751 0.5736 0.2146 -0.7773 0.14401
1413393247.055760384 0.06679 -2.82276 0.01201 0.57315 0.21705 -0.77657 0.14602
1413393247.155760527 0.08796 -2.82791 -0.00713 0.57146 0.21877 -0.77676 0.14906
1413393247.255760431 0.10956 -2.83385 -0.02994 0.56227 0.21934 -0.78229 0.15419
1413393247.355760574 0.13164 -2.84084 -0.05647 0.54721 0.21998 -0.792 0.1578
1413393247.455760479 0.14884 -2.84918 -0.08201 0.53583 0.21991 -0.79879 0.16267
1413393247.555760384 0.15894 -2.85836 -0.1053 0.52914 0.21831 -0.80247 0.16848
1413393247.655760527 0.15927 -2.86843 -0.1267 0.52467 0.21642 -0.80432 0.17594
1413393247.755760431 0.15077 -2.87797 -0.14783 0.52479 0.21665 -0.80291 0.18166
1413393247.855760574 0.13403 -2.88637 -0.16804 0.52496 0.21565 -0.8013 0.18929
1413393247.955760479 0.11015 -2.89239 -0.18372 0.54397 0.2147 -0.7867 0.19775
1413393248.055760384 0.08088 -2.89298 -0.19733 0.56372 0.21839 -0.77174 0.19734
1413393248.155760527 0.05379 -2.88628 -0.21251 0.57303 0.22312 -0.76457 0.19312
1413393248.255760431 0.02933 -2.87324 -0.22555 0.57213 0.22781 -0.76546 0.18669
1413393248.355760574 0.00807 -2.85571 -0.23409 0.5683 0.2312 -0.76886 0.18011
1413393248.455760479 -0.00803 -2.83423 -0.23908 0.5734 0.22917 -0.76609 0.17833
1413393248.555760384 -0.02015 -2.81087 -0.23936 0.58245 0.22353 -0.7604 0.18049
1413393248.655760527 -0.02855 -2.78551 -0.23148 0.58781 0.21927 -0.75732 0.18128
1413393248.755760431 -0.02985 -2.75536 -0.22024 0.5849 0.21874 -0.76119 0.17502
1413393248.855760574 -0.02553 -2.72365 -0.20326 0.57484 0.21965 -0.77067 0.16549
1413393248.955760479 -0.01778 -2.69409 -0.18346 0.5571 0.21989 -0.78562 0.15523
1413393249.055760384 -0.01179 -2.67347 -0.15977 0.54619 0.21787 -0.79519 0.14796
1413393249.155760527 -0.0207 -2.66874 -0.13594 0.54427 0.21348 -0.79846 0.14376
1413393249.255760431 -0.02687 -2.65655 -0.13702 0.54952 0.20976 -0.79622 0.14165
1413393249.355760574 -0.03176 -2.64183 -0.14084 0.55414 0.2082 -0.79379 0.13954
1413393249.455760479 -0.0384 -2.62807 -0.14427 0.55821 0.21138 -0.79109 0.1338
1413393249.555760384 -0.04465 -2.61627 -0.14929 0.56192 0.22061 -0.78762 0.12339
1413393249.655760527 -0.04936 -2.61079 -0.15797 0.56642 0.2292 -0.78293 0.1169
1413393249.755760431 -0.05164 -2.61232 -0.17172 0.56763 0.22795 -0.78119 0.12482
1413393249.855760574 -0.05082 -2.61908 -0.18965 0.56887 0.2245 -0.77961 0.13491
1413393249.955760479 -0.04673 -2.62857 -0.2073 0.56829 0.22302 -0.77924 0.14173
1413393250.055760384 -0.04075 -2.64155 -0.22389 0.56153 0.22207 -0.78423 0.14265
1413393250.155760527 -0.03407 -2.65869 -0.23831 0.55584 0.22124 -0.78877 0.14121
1413393250.255760431 -0.02839 -2.67933 -0.25128 0.55601 0.21797 -0.78947 0.14169
1413393250.355760574 -0.02284 -2.70313 -0.26321 0.5612 0.2131 -0.78704 0.14214
1413393250.455760479 -0.01716 -2.73 -0.27419 0.56828 0.20475 -0.78295 0.14875
1413393250.555760384 -0.0091 -2.7573 -0.28297 0.57584 0.19438 -0.77759 0.16119
1413393250.655760527 0.00041 -2.78113 -0.29145 0.57767 0.18968 -0.77606 0.16747
1413393250.755760431 0.01121 -2.80001 -0.29904 0.57302 0.1896 -0.77921 0.1689
1413393250.855760574 0.02344 -2.81503 -0.30601 0.56197 0.19115 -0.78694 0.16843
1413393250.955760479 0.03397 -2.82669 -0.30988 0.55491 0.19429 -0.7924 0.16259
1413393251.055760384 0.04136 -2.83542 -0.31071 0.55226 0.192 -0.79665 0.1533
1413393251.155760527 0.04482 -2.84236 -0.30788 0.5574 0.17993 -0.7979 0.14242
1413393251.255760431 0.04603 -2.84602 -0.30275 0.56671 0.15871 -0.79827 0.12813
1413393251.355760574 0.0457 -2.84822 -0.2966 0.57695 0.13315 -0.79825 0.11041
1413393251.455760479 0.04694 -2.84802 -0.28746 0.58718 0.10552 -0.79724 0.09214
1413393251.555760384 0.05005 -2.84597 -0.27644 0.59742 0.07872 -0.79468 0.07337
1413393251.655760527 0.05728 -2.84304 -0.26273 0.60598 0.05334 -0.79168 0.05644
1413393251.755760431 0.07024 -2.83867 -0.24776 0.61077 0.02984 -0.7903 0.03881
1413393251.855760574 0.08915 -2.83339 -0.23222 0.60572 0.00729 -0.79536 0.02111
1413393251.955760479 0.11262 -2.82758 -0.2165 0.59106 -0.01316 -0.80652 0.00215
1413393252.055760384 0.13766 -2.82223 -0.19879 0.58008 -0.03053 -0.81376 -0.01907
1413393252.155760527 0.16148 -2.81859 -0.17871 0.57601 -0.05101 -0.81518 -0.03313
1413393252.255760431 0.18312 -2.81585 -0.15876 0.57536 -0.07186 -0.81345 -0.04575
1413393252.355760574 0.20247 -2.81392 -0.13932 0.57614 -0.09137 -0.81011 -0.05858
1413393252.455760479 0.21985 -2.81199 -0.12362 0.57193 -0.11391 -0.80955 -0.06745
1413393252.555760384 0.23486 -2.80981 -0.11533 0.56945 -0.1311 -0.80829 -0.07213
1413393252.655760527 0.24679 -2.80619 -0.11483 0.56925 -0.14038 -0.8063 -0.07826
1413393252.755760431 0.25686 -2.80083 -0.12023 0.56903 -0.1474 -0.8042 -0.08798
1413393252.855760574 0.26504 -2.79465 -0.12507 0.56981 -0.15325 -0.80093 -0.10173
1413393252.955760479 0.27149 -2.78916 -0.12731 0.57116 -0.15801 -0.79729 -0.11459
1413393253.055760384 0.27629 -2.78608 -0.12643 0.56866 -0.1607 -0.79692 -0.12539
1413393253.155760527 0.27817 -2.78646 -0.12427 0.56063 -0.16539 -0.80107 -0.12893
1413393253.255760431 0.27586 -2.78942 -0.12286 0.55073 -0.17315 -0.80695 -0.12466
1413393253.355760574 0.26715 -2.793 -0.11948 0.54494 -0.1782 -0.81054 -0.11959
1413393253.455760479 0.25202 -2.79548 -0.11432 0.54547 -0.18223 -0.80983 -0.11586
1413393253.555760384 0.23178 -2.79629 -0.10581 0.54944 -0.18388 -0.80691 -0.11489
1413393253.655760527 0.20672 -2.795 -0.09331 0.55763 -0.18161 -0.80162 -0.11606
1413393253.755760431 0.17881 -2.79225 -0.07935 0.56362 -0.17772 -0.798 -0.11811
1413393253.855760574 0.14895 -2.78838 -0.06447 0.56591 -0.17896 -0.79587 -0.11957
1413393253.955760479 0.11743 -2.78455 -0.04783 0.56577 -0.18514 -0.79411 -0.1225
1413393254.055760384 0.08513 -2.7796 -0.02878 0.56537 -0.19566 -0.7911 -0.12741
1413393254.155760527 0.05284 -2.77377 -0.00729 0.56503 -0.20944 -0.78654 -0.13503
1413393254.255760431 0.02117 -2.76659 0.01592 0.56376 -0.22467 -0.78149 -0.14479
1413393254.355760574 -0.00951 -2.75917 0.0418 0.55931 -0.23343 -0.77908 -0.16038
1413393254.455760479 -0.04063 -2.75285 0.06775 0.54935 -0.23832 -0.7816 -0.17471
1413393254.555760384 -0.07498 -2.74866 0.0938 0.54143 -0.24381 -0.78379 -0.18188
1413393254.655760527 -0.1147 -2.74688 0.1184 0.53856 -0.25097 -0.78368 -0.18114
1413393254.755760431 -0.15962 -2.74592 0.14421 0.5476 -0.25482 -0.77649 -0.17959
1413393254.855760574 -0.20644 -2.74507 0.16926 0.55525 -0.25526 -0.77133 -0.17772
1413393254.955760479 -0.25159 -2.74561 0.19127 0.5612 -0.25475 -0.76754 -0.17617
1413393255.055760384 -0.29543 -2.74647 0.21062 0.56398 -0.25426 -0.76631 -0.17333
1413393255.155760527 -0.33708 -2.74758 0.22786 0.56769 -0.25642 -0.76432 -0.16672
1413393255.255760431 -0.37543 -2.7479 0.24239 0.57045 -0.25938 -0.76289 -0.1591
1413393255.355760574 -0.40994 -2.74639 0.2535 0.57113 -0.26118 -0.76275 -0.15429
1413393255.455760479 -0.43982 -2.74189 0.26156 0.57182 -0.26242 -0.76223 -0.15224
1413393255.555760384 -0.46661 -2.73387 0.27082 0.57098 -0.26359 -0.76217 -0.15359
1413393255.655760527 -0.48977 -2.72253 0.27932 0.56838 -0.26487 -0.76288 -0.15749
1413393255.755760431 -0.5095 -2.70889 0.28645 0.56304 -0.26689 -0.76528 -0.16157
1413393255.855760574 -0.52711 -2.69317 0.29128 0.55505 -0.26937 -0.76925 -0.16619
1413393255.955760479 -0.54467 -2.67549 0.29488 0.54657 -0.26722 -0.77397 -0.17554
1413393256.055760384 -0.56251 -2.656 0.29628 0.54233 -0.26474 -0.77589 -0.18382
1413393256.155760527 -0.58313 -2.6367 0.29291 0.54092 -0.2649 -0.77577 -0.18818
1413393256.255760431 -0.606 -2.61809 0.28878 0.54079 -0.26769 -0.77516 -0.18714
1413393256.355760574 -0.63228 -2.59962 0.28452 0.5408 -0.27082 -0.77495 -0.18344
1413393256.455760479 -0.66145 -2.57937 0.28506 0.5404 -0.27551 -0.77517 -0.17657
1413393256.555760384 -0.69362 -2.55645 0.29203 0.54105 -0.27784 -0.77523 -0.17057
1413393256.655760527 -0.72776 -2.52997 0.30395 0.54113 -0.27052 -0.77672 -0.17525
1413393256.755760431 -0.76517 -2.50164 0.31257 0.54126 -0.26295 -0.77814 -0.18001
1413393256.855760574 -0.80524 -2.47337 0.31067 0.54264 -0.25695 -0.77861 -0.18246
1413393256.955760479 -0.84626 -2.4467 0.3 0.54523 -0.25596 -0.77813 -0.17811
1413393257.055760384 -0.88835 -2.42058 0.28738 0.54795 -0.25601 -0.77724 -0.17351
1413393257.155760527 -0.93014 -2.39565 0.27205 0.55019 -0.25739 -0.77618 -0.16906
1413393257.255760431 -0.97317 -2.36991 0.25942 0.55051 -0.25844 -0.77603 -0.16713
1413393257.355760574 -1.01695 -2.34305 0.24595 0.55212 -0.25841 -0.77481 -0.16754
1413393257.455760479 -1.06201 -2.31517 0.23493 0.55192 -0.25907 -0.77456 -0.16827
1413393257.555760384 -1.1051 -2.28672 0.2219 0.5524 -0.26109 -0.77353 -0.16832
1413393257.655760527 -1.15037 -2.25599 0.20983 0.55365 -0.26437 -0.77155 -0.16822
1413393257.755760431 -1.19412 -2.22482 0.19504 0.55314 -0.26625 -0.77076 -0.17053
1413393257.855760574 -1.23813 -2.19218 0.18194 0.55037 -0.26463 -0.77171 -0.17758
1413393257.955760479 -1.28241 -2.15962 0.171 0.54802 -0.26177 -0.77246 -0.18561
1413393258.055760384 -1.32951 -2.1273 0.16377 0.54744 -0.26051 -0.77216 -0.19027
1413393258.155760527 -1.37843 -2.09755 0.15671 0.54865 -0.25921 -0.77188 -0.18972
1413393258.255760431 -1.43007 -2.0704 0.15273 0.55286 -0.25343 -0.77182 -0.18549
1413393258.355760574 -1.48745 -2.04426 0.14948 0.56613 -0.24079 -0.76719 -0.18148
1413393258.455760479 -1.53892 -2.02543 0.14768 0.57638 -0.22752 -0.76639 -0.16931
1413393258.555760384 -1.58785 -2.01041 0.14514 0.58598 -0.21238 -0.76759 -0.14945
1413393258.655760527 -1.63533 -1.99742 0.14487 0.58946 -0.18985 -0.77411 -0.13132
1413393258.755760431 -1.6768 -1.98769 0.145 0.58509 -0.16578 -0.78595 -0.11165
1413393258.855760574 -1.71509 -1.97903 0.14589 0.58235 -0.143 -0.7954 -0.08808
1413393258.955760479 -1.75105 -1.97096 0.14689 0.57868 -0.11629 -0.8042 -0.06977
1413393259.055760384 -1.78552 -1.96343 0.14869 0.57726 -0.0884 -0.8101 -0.052
1413393259.155760527 -1.81857 -1.95643 0.1512 0.57658 -0.06039 -0.81415 -0.03278
1413393259.255760431 -1.85236 -1.94928 0.15394 0.57689 -0.03312 -0.81603 -0.01374
1413393259.355760574 -1.88816 -1.94231 0.15681 0.57546 -0.00687 -0.81778 0.00605
1413393259.455760479 -1.92643 -1.9349 0.16111 0.57524 0.01982 -0.81732 0.0263
1413393259.555760384 -1.96825 -1.92805 0.16618 0.57351 0.04814 -0.81654 0.04512
1413393259.655760527 -2.01026 -1.92107 0.17244 0.57104 0.07766 -0.81471 0.0643
1413393259.755760431 -2.05341 -1.91398 0.17991 0.56779 0.10701 -0.81179 0.08465
1413393259.855760574 -2.09768 -1.90675 0.18884 0.56553 0.13502 -0.80692 0.10402
1413393259.955760479 -2.14318 -1.90024 0.19803 0.5625 0.16093 -0.80176 0.12195
1413393260.055760384 -2.18863 -1.89386 0.2071 0.55893 0.18525 -0.79625 0.1388
1413393260.155760527 -2.2362 -1.88773 0.21686 0.55588 0.20812 -0.78942 0.15651
1413393260.255760431 -2.28415 -1.88163 0.22582 0.55236 0.2306 -0.7822 0.17286
1413393260.355760574 -2.33136 -1.87513 0.23271 0.56011 0.25171 -0.76663 0.18762
1413393260.455760479 -2.37472 -1.86627 0.23356 0.57708 0.27216 -0.7459 0.19115
1413393260.555760384 -2.40589 -1.85575 0.22737 0.59632 0.28844 -0.72552 0.18662
1413393260.655760527 -2.43039 -1.84429 0.21666 0.60623 0.30287 -0.71347 0.17807
1413393260.755760431 -2.43544 -1.83506 0.20416 0.60007 0.31546 -0.71472 0.17195
1413393260.855760574 -2.42675 -1.82935 0.19284 0.57676 0.31755 -0.73173 0.17631
1413393260.955760479 -2.40602 -1.82895 0.18613 0.55477 0.31054 -0.74814 0.18995
1413393261.055760384 -2.38039 -1.83269 0.18277 0.53881 0.30332 -0.76018 0.19951
1413393261.155760527 -2.35451 -1.84005 0.18115 0.52779 0.29952 -0.76888 0.20135
1413393261.255760431 -2.33087 -1.85151 0.17978 0.5226 0.29828 -0.77331 0.19977
1413393261.355760574 -2.31086 -1.86858 0.18115 0.52687 0.30033 -0.76869 0.20327
1413393261.455760479 -2.2933 -1.89059 0.18319 0.53043 0.30762 -0.76162 0.20962
1413393261.555760384 -2.27622 -1.91667 0.18545 0.52464 0.31451 -0.758 0.22643
1413393261.655760527 -2.26054 -1.94415 0.18711 0.51247 0.32313 -0.75594 0.24803
1413393261.755760431 -2.25 -1.97154 0.19011 -0.49836 -0.33794 0.75219 -0.26766
1413393261.855760574 -2.24783 -1.99842 0.1943 -0.48923 -0.35875 0.74272 -0.28341
1413393261.955760479 -2.25476 -2.0237 0.20145 -0.49305 -0.37915 0.72658 -0.29194
1413393262.055760384 -2.26725 -2.04777 0.20889 -0.49639 -0.39476 0.71379 -0.29708
1413393262.155760527 -2.28271 -2.071 0.21713 -0.49747 -0.40467 0.70556 -0.3016
1413393262.255760431 -2.29993 -2.09367 0.22801 -0.49752 -0.41099 0.70132 -0.30284
1413393262.355760574 -2.3181 -2.11571 0.23892 -0.49589 -0.41607 0.70021 -0.30115
1413393262.455760479 -2.33682 -2.13818 0.24927 -0.49435 -0.4173 0.70027 -0.30182
1413393262.555760384 -2.35624 -2.16143 0.25676 -0.49412 -0.41856 0.69994 -0.30124
1413393262.655760527 -2.37608 -2.18526 0.25323 -0.49411 -0.41956 0.69975 -0.30029
1413393262.755760431 -2.39473 -2.20909 0.23952 -0.49419 -0.42015 0.69941 -0.30015
1413393262.855760574 -2.41321 -2.23426 0.21864 -0.4932 -0.42016 0.69985 -0.30071
1413393262.955760479 -2.43103 -2.2607 0.19801 -0.491 -0.41968 0.70079 -0.3028
1413393263.055760384 -2.44959 -2.28833 0.18036 -0.48824 -0.41794 0.70204 -0.30672
1413393263.155760527 -2.46967 -2.31714 0.16488 -0.48479 -0.41659 0.70367 -0.31029
1413393263.255760431 -2.49152 -2.34575 0.15452 -0.48292 -0.41534 0.70428 -0.31348
1413393263.355760574 -2.51589 -2.37399 0.14735 -0.48277 -0.41449 0.70406 -0.31533
1413393263.455760479 -2.54203 -2.40123 0.14028 -0.48326 -0.41425 0.70429 -0.31437
1413393263.555760384 -2.57074 -2.42901 0.12658 -0.48896 -0.41444 0.70109 -0.31246
1413393263.655760527 -2.59893 -2.45536 0.10575 -0.49968 -0.4135 0.69382 -0.31297
1413393263.755760431 -2.62572 -2.47999 0.07749 0.50809 0.41396 -0.6857 0.31669
1413393263.855760574 -2.64691 -2.50048 0.04718 0.51108 0.42062 -0.67699 0.32181
1413393263.955760479 -2.6642 -2.51786 0.01857 0.50969 0.43062 -0.66836 0.32874
1413393264.055760384 -2.67606 -2.53008 -0.00825 0.50161 0.44065 -0.665 0.33465
1413393264.155760527 -2.68609 -2.53895 -0.03234 -0.48875 -0.45027 0.66817 -0.33455
1413393264.255760431 -2.69429 -2.5446 -0.05401 -0.477 -0.45843 0.67338 -0.32996
1413393264.355760574 -2.70224 -2.54999 -0.07282 -0.47022 -0.46309 0.67775 -0.32418
1413393264.455760479 -2.71055 -2.55884 -0.08796 -0.46762 -0.46468 0.68031 -0.32028
1413393264.555760384 -2.7173 -2.57069 -0.10064 -0.46868 -0.46242 0.68169 -0.31907
1413393264.655760527 -2.7234 -2.58623 -0.1113 -0.47114 -0.45703 0.68222 -0.32205
1413393264.755760431 -2.72897 -2.60506 -0.12135 -0.47044 -0.45474 0.68184 -0.3271
1413393264.855760574 -2.73573 -2.62553 -0.13264 -0.47163 -0.45652 0.67938 -0.32802
1413393264.955760479 -2.74267 -2.64711 -0.14473 -0.473 -0.45903 0.67769 -0.32604
1413393265.055760384 -2.74981 -2.67071 -0.15699 -0.47553 -0.46034 0.67562 -0.32481
1413393265.155760527 -2.75577 -2.69526 -0.16745 -0.48273 -0.45811 0.67067 -0.32758
1413393265.255760431 -2.75963 -2.71971 -0.17594 -0.49677 -0.45166 0.66121 -0.3347
1413393265.355760574 -2.76003 -2.74079 -0.18449 0.50107 0.44279 -0.65804 0.34619
1413393265.455760479 -2.75751 -2.75425 -0.19271 -0.49283 -0.43783 0.66466 -0.35165
1413393265.555760384 -2.75397 -2.76107 -0.19821 -0.48116 -0.44031 0.67193 -0.35087
1413393265.655760527 -2.75117 -2.76387 -0.19861 -0.47832 -0.45509 0.66808 -0.3432
1413393265.755760431 -2.7474 -2.76518 -0.19555 -0.47519 -0.47127 0.65992 -0.34148
1413393265.855760574 -2.74199 -2.76566 -0.18867 -0.4706 -0.48601 0.65071 -0.34482
1413393265.955760479 -2.73388 -2.76757 -0.18021 -0.46232 -0.50048 0.64161 -0.35229
1413393266.055760384 -2.72304 -2.77009 -0.16836 -0.45001 -0.51576 0.63094 -0.36522
1413393266.155760527 -2.70995 -2.77369 -0.15355 -0.43869 -0.53518 0.61406 -0.37956
1413393266.255760431 -2.69388 -2.77738 -0.13561 -0.42228 -0.55816 0.59407 -0.39652
1413393266.355760574 -2.67609 -2.78034 -0.11341 0.40248 0.5846 -0.56832 0.41625
1413393266.455760479 -2.65632 -2.78352 -0.08847 0.37908 0.61384 -0.53738 0.43673
1413393266.555760384 -2.63567 -2.78558 -0.06024 0.35288 0.64122 -0.50225 0.46049
1413393266.655760527 -2.61599 -2.78635 -0.0375 0.32931 0.66152 -0.46611 0.48651
1413393266.755760431 -2.60044 -2.78408 -0.02863 0.30685 0.67791 -0.43629 0.5059
1413393266.855760574 -2.59036 -2.77966 -0.02487 0.2896 0.68959 -0.41051 0.52162
1413393266.955760479 -2.5872 -2.77401 -0.00872 0.27811 0.70012 -0.39295 0.52733
1413393267.055760384 -2.59122 -2.76549 0.02288 0.26646 0.70997 -0.38656 0.52489
1413393267.155760527 -2.60221 -2.7556 0.06102 0.26081 0.7138 -0.38491 0.52375
1413393267.255760431 -2.61453 -2.74658 0.08937 0.25718 0.71507 -0.3875 0.5219
1413393267.355760574 -2.62874 -2.73866 0.10834 0.25704 0.71417 -0.3916 0.52013
1413393267.455760479 -2.6456 -2.73344 0.11449 0.2607 0.71285 -0.39403 0.51828
1413393267.555760384 -2.66576 -2.72838 0.11196 0.26927 0.71236 -0.39452 0.51419
1413393267.655760527 -2.68595 -2.72405 0.09621 0.27683 0.71244 -0.39484 0.50981
1413393267.755760431 -2.70493 -2.71936 0.07232 0.28343 0.71286 -0.39432 0.50598
1413393267.855760574 -2.7213 -2.71407 0.04538 0.28808 0.71375 -0.39207 0.50384
1413393267.955760479 -2.73431 -2.70785 0.02188 0.28848 0.7139 -0.39117 0.50409
1413393268.055760384 -2.7466 -2.69929 0.00564 0.27966 0.71183 -0.39655 0.50778
1413393268.155760527 -2.75611 -2.69317 -0.00983 0.27172 0.7115 -0.40102 0.50904
1413393268.255760431 -2.76676 -2.6874 -0.0211 0.27139 0.71319 -0.40031 0.5074
1413393268.355760574 -2.77559 -2.68528 -0.03025 0.27886 0.71778 -0.39487 0.50111
1413393268.455760479 -2.78386 -2.68085 -0.03457 0.28572 0.72256 -0.38956 0.49447
1413393268.555760384 -2.78675 -2.68048 -0.03519 0.28453 0.72299 -0.39219 0.49246
1413393268.655760527 -2.78591 -2.67931 -0.02948 0.28121 0.71853 -0.39733 0.49675
1413393268.755760431 -2.78389 -2.67772 -0.01936 0.27876 0.71474 -0.40158 0.50017
1413393268.855760574 -2.78036 -2.67808 -0.00616 0.27601 0.71282 -0.40583 0.50102
1413393268.955760479 -2.77521 -2.68258 0.00391 0.2759 0.71125 -0.40729 0.50211
1413393269.055760384 -2.77085 -2.68649 0.00699 0.28654 0.71088 -0.40072 0.50197
1413393269.155760527 -2.76514 -2.68904 0.00695 0.29798 0.7142 -0.39074 0.49845
1413393269.255760431 -2.75483 -2.68926 0.0094 0.29443 0.71445 -0.38312 0.50606
1413393269.355760574 -2.74134 -2.68551 0.01479 0.28282 0.71233 -0.37516 0.5214
1413393269.455760479 -2.72889 -2.67786 0.01784 0.27044 0.71148 -0.36803 0.53405
1413393269.555760384 -2.72056 -2.66695 0.01014 0.25873 0.7142 -0.36529 0.53808
1413393269.655760527 -2.71653 -2.65406 -0.01168 0.24966 0.71773 -0.36489 0.53795
1413393269.755760431 -2.71751 -2.642 -0.04424 0.24379 0.72212 -0.36476 0.53484
1413393269.855760574 -2.72336 -2.63142 -0.07879 0.24222 0.72841 -0.3636 0.52777
1413393269.955760479 -2.7314 -2.62328 -0.11035 0.24624 0.73439 -0.35883 0.52084
1413393270.055760384 -2.73798 -2.61685 -0.13765 0.24947 0.73846 -0.35495 0.5162
1413393270.155760527 -2.74291 -2.60967 -0.16404 0.24684 0.74074 -0.35568 0.51368
1413393270.255760431 -2.74611 -2.60374 -0.1887 0.24434 0.7417 -0.35591 0.51334
1413393270.355760574 -2.74774 -2.60018 -0.21115 0.24277 0.74126 -0.35611 0.51456
1413393270.455760479 -2.74866 -2.59921 -0.23 0.24209 0.73816 -0.36175 0.51541
1413393270.555760384 -2.75135 -2.59958 -0.24781 0.24602 0.73444 -0.37008 0.51295
1413393270.655760527 -2.75707 -2.59922 -0.26263 0.25483 0.73034 -0.37941 0.50765
1413393270.755760431 -2.76059 -2.60233 -0.27109 0.26851 0.72545 -0.3858 0.50277
1413393270.855760574 -2.75995 -2.60993 -0.26399 0.27937 0.72232 -0.39067 0.49757
1413393270.955760479 -2.75495 -2.61942 -0.24612 0.2891 0.72015 -0.39248 0.49373
1413393271.055760384 -2.7438 -2.63103 -0.22957 0.29502 0.71921 -0.39466 0.48984
1413393271.155760527 -2.72863 -2.64321 -0.22263 0.29759 0.71524 -0.39754 0.49176
1413393271.255760431 -2.71159 -2.65398 -0.22455 0.30402 0.71259 -0.39639 0.4926
1413393271.355760574 -2.69432 -2.65969 -0.23323 0.31463 0.70968 -0.39577 0.49063
1413393271.455760479 -2.67327 -2.6636 -0.24374 0.32125 0.70202 -0.40406 0.49062
1413393271.555760384 -2.65036 -2.6616 -0.24921 0.32382 0.69059 -0.41908 0.49255
1413393271.655760527 -2.62505 -2.65646 -0.25293 0.32648 0.682 -0.43136 0.49215
1413393271.755760431 -2.60003 -2.64983 -0.25231 0.32917 0.67831 -0.44645 0.48189
1413393271.855760574 -2.57434 -2.64068 -0.24863 0.33229 0.67406 -0.46215 0.47079
1413393271.955760479 -2.54668 -2.63054 -0.24322 0.3406 0.6678 -0.47104 0.46492
1413393272.055760384 -2.51653 -2.61992 -0.23602 0.34758 0.66233 -0.47687 0.46162
1413393272.155760527 -2.48517 -2.60919 -0.22767 0.35293 0.65735 -0.48185 0.45951
1413393272.255760431 -2.45702 -2.59589 -0.21725 0.35509 0.64668 -0.49184 0.4624
1413393272.355760574 -2.42696 -2.58397 -0.20625 0.35759 0.63521 -0.50435 0.4629
1413393272.455760479 -2.40047 -2.57047 -0.19545 0.36599 0.62733 -0.51442 0.45593
1413393272.555760384 -2.37514 -2.55724 -0.18338 0.37787 0.61928 -0.52385 0.44641
1413393272.655760527 -2.35192 -2.54188 -0.17135 0.39112 0.61142 -0.5334 0.43437
1413393272.755760431 -2.32862 -2.52649 -0.16005 0.4025 0.60232 -0.54472 0.42247
1413393272.855760574 -2.30301 -2.51027 -0.14709 0.41455 0.5914 -0.55627 0.41104
1413393272.955760479 -2.27401 -2.49357 -0.13279 0.42359 0.57851 -0.5696 0.40181
1413393273.055760384 -2.24158 -2.476 -0.11911 -0.42895 -0.56322 0.5864 -0.3936
1413393273.155760527 -2.20839 -2.45949 -0.10535 -0.43341 -0.54764 0.60436 -0.38339
1413393273.255760431 -2.1758 -2.44488 -0.09186 -0.43847 -0.53167 0.62291 -0.37022
1413393273.355760574 -2.14302 -2.43215 -0.07844 -0.4454 -0.51408 0.64043 -0.35663
1413393273.455760479 -2.11047 -2.42122 -0.06555 -0.45556 -0.49641 0.65464 -0.34277
1413393273.555760384 -2.0788 -2.41302 -0.05096 -0.46997 -0.4766 0.66469 -0.33192
1413393273.655760527 -2.047 -2.4066 -0.03448 -0.48377 -0.45606 0.67307 -0.32397
1413393273.755760431 -2.01504 -2.39949 -0.01635 -0.49513 -0.43756 0.68145 -0.31466
1413393273.855760574 -1.98294 -2.3907 0.00096 0.50127 0.41857 -0.69339 0.30453
1413393273.955760479 -1.95112 -2.37997 0.0185 0.50354 0.40019 -0.70701 0.29398
1413393274.055760384 -1.92074 -2.37008 0.03727 0.50563 0.38336 -0.71938 0.28259
1413393274.155760527 -1.89282 -2.36004 0.05739 0.51052 0.36458 -0.72966 0.27211
1413393274.255760431 -1.86711 -2.35052 0.07792 0.51485 0.34637 -0.73901 0.26235
1413393274.355760574 -1.84442 -2.34112 0.0992 0.52023 0.3296 -0.74668 0.25139
1413393274.455760479 -1.82518 -2.33098 0.11874 0.52628 0.31247 -0.75384 0.23898
1413393274.555760384 -1.80761 -2.31961 0.12936 0.53187 0.2941 -0.76084 0.22748
1413393274.655760527 -1.79235 -2.30828 0.12972 0.53704 0.27583 -0.7677 0.21483
1413393274.755760431 -1.77972 -2.29659 0.12402 0.54432 0.25912 -0.77227 0.20044
1413393274.855760574 -1.76866 -2.28327 0.11768 0.55555 0.24368 -0.77311 0.18518
1413393274.955760479 -1.75878 -2.26953 0.11377 0.56584 0.22866 -0.7736 0.17053
1413393275.055760384 -1.74846 -2.25586 0.11125 0.57365 0.21173 -0.77526 0.15832
1413393275.155760527 -1.73589 -2.24148 0.10848 0.57855 0.19458 -0.77844 0.14646
1413393275.255760431 -1.72096 -2.22613 0.10593 0.57965 0.17577 -0.78396 0.13606
1413393275.355760574 -1.70384 -2.20903 0.10467 0.57932 0.15558 -0.7904 0.12433
1413393275.455760479 -1.68509 -2.18977 0.10464 0.58018 0.13361 -0.79546 0.11309
1413393275.555760384 -1.66517 -2.16847 0.10735 0.58191 0.11329 -0.79903 0.1005
1413393275.655760527 -1.64524 -2.1465 0.11259 0.58401 0.0922 -0.80154 0.08927
1413393275.755760431 -1.62574 -2.12187 0.12014 0.58347 0.07291 -0.80539 0.07482
1413393275.855760574 -1.60646 -2.0961 0.12738 0.57257 0.05691 -0.81531 0.06475
1413393275.955760479 -1.5904 -2.06923 0.13607 0.55948 0.04365 -0.82541 0.06143
1413393276.055760384 -1.58141 -2.04077 0.14669 0.55535 0.03829 -0.82886 0.05575
1413393276.155760527 -1.57928 -2.01089 0.16274 0.56861 0.0459 -0.82033 0.04034
1413393276.255760431 -1.57886 -1.98244 0.17925 0.58113 0.05509 -0.81145 0.02836
1413393276.355760574 -1.57836 -1.95742 0.19276 0.58623 0.06147 -0.80747 0.0236
1413393276.455760479 -1.57794 -1.93702 0.19751 0.586 0.06312 -0.80738 0.02747
1413393276.555760384 -1.57917 -1.91977 0.19081 0.58015 0.0608 -0.81138 0.03728
1413393276.655760527 -1.5801 -1.90481 0.17808 0.57409 0.05817 -0.8154 0.04657
1413393276.755760431 -1.58699 -1.89056 0.16613 0.57025 0.05834 -0.81784 0.05045
1413393276.855760574 -1.59678 -1.87675 0.15779 0.57004 0.05848 -0.81787 0.05223
1413393276.955760479 -1.60814 -1.86303 0.15259 0.57109 0.06025 -0.81702 0.05204
1413393277.055760384 -1.62328 -1.8496 0.14817 0.57119 0.06057 -0.81696 0.05148
1413393277.155760527 -1.64112 -1.8366 0.14572 0.57273 0.0605 -0.81591 0.05105
1413393277.255760431 -1.66107 -1.82364 0.14617 0.57696 0.06038 -0.81296 0.05067
1413393277.355760574 -1.68337 -1.81078 0.14862 0.57984 0.06083 -0.81105 0.04783
1413393277.455760479 -1.70433 -1.79901 0.15269 0.58013 0.0611 -0.81092 0.04606
1413393277.555760384 -1.7268 -1.78836 0.15896 0.5802 0.061 -0.81093 0.04511
1413393277.655760527 -1.74866 -1.77895 0.16642 0.58427 0.05637 -0.80815 0.04845
1413393277.755760431 -1.77154 -1.76886 0.16715 0.58942 0.04655 -0.80491 0.05033
1413393277.855760574 -1.79363 -1.75708 0.15833 0.59293 0.03434 -0.80314 0.04709
1413393277.955760479 -1.81139 -1.74332 0.14189 0.59796 0.01979 -0.80031 0.03946
1413393278.055760384 -1.82392 -1.72589 0.12662 0.59991 0.00125 -0.7995 0.03002
1413393278.155760527 -1.83199 -1.70448 0.11433 0.5958 -0.01766 -0.8028 0.01519
1413393278.255760431 -1.83799 -1.6792 0.10594 0.59028 -0.03875 -0.80627 0.0012
1413393278.355760574 -1.84327 -1.65107 0.10088 0.58271 -0.06351 -0.81019 -0.00304
1413393278.455760479 -1.84866 -1.61949 0.09883 0.57434 -0.08461 -0.81423 -0.00253
1413393278.555760384 -1.856 -1.58214 0.10031 0.56755 -0.09839 -0.81744 -0.00198
1413393278.655760527 -1.86508 -1.53686 0.10389 0.56514 -0.1047 -0.81832 -0.00386
1413393278.755760431 -1.87695 -1.48298 0.10981 0.56994 -0.09539 -0.81583 -0.02199
1413393278.855760574 -1.89063 -1.42305 0.11877 0.57767 -0.08146 -0.81108 -0.04255
1413393278.955760479 -1.90371 -1.36338 0.12868 0.58064 -0.0719 -0.80916 -0.05419
1413393279.055760384 -1.9162 -1.30669 0.14051 0.58023 -0.06597 -0.80969 -0.05828
1413393279.155760527 -1.92898 -1.25298 0.1506 0.57827 -0.06263 -0.81135 -0.05825
1413393279.255760431 -1.94273 -1.20178 0.15098 0.57431 -0.05887 -0.81449 -0.05747
1413393279.355760574 -1.95829 -1.15175 0.14263 0.56781 -0.05662 -0.81941 -0.05441
1413393279.455760479 -1.97701 -1.106 0.13384 0.56183 -0.05366 -0.82385 -0.05234
1413393279.555760384 -1.99915 -1.06211 0.12907 0.56324 -0.05064 -0.8232 -0.05039
1413393279.655760527 -2.02543 -1.02335 0.12767 0.57045 -0.04624 -0.81848 -0.05029
1413393279.755760431 -2.05431 -0.99063 0.12592 0.57616 -0.04314 -0.81472 -0.04909
1413393279.855760574 -2.08442 -0.96019 0.12161 0.5823 -0.04178 -0.81061 -0.04568
1413393279.955760479 -2.11336 -0.93489 0.11675 0.58731 -0.04222 -0.80719 -0.0417
1413393280.055760384 -2.14057 -0.91318 0.11308 0.58843 -0.04198 -0.80661 -0.03697
1413393280.155760527 -2.16608 -0.89418 0.11268 0.58955 -0.04404 -0.80607 -0.02724
1413393280.255760431 -2.18852 -0.8765 0.11476 0.5903 -0.04647 -0.80567 -0.01669
1413393280.355760574 -2.20888 -0.85726 0.12027 0.59265 -0.04741 -0.80401 -0.00956
1413393280.455760479 -2.22581 -0.83601 0.12814 0.59704 -0.05156 -0.80055 0.0009
1413393280.555760384 -2.2386 -0.81079 0.13563 0.59384 -0.05327 -0.80277 0.00837
1413393280.655760527 -2.24911 -0.77928 0.13648 0.58823 -0.05397 -0.80677 0.01385
1413393280.755760431 -2.25543 -0.74304 0.12828 0.58373 -0.05716 -0.80967 0.02068
1413393280.855760574 -2.26103 -0.69902 0.11247 0.57783 -0.06 -0.81351 0.02666
1413393280.955760479 -2.26786 -0.64578 0.09849 0.57559 -0.05702 -0.81535 0.02552
1413393281.055760384 -2.27686 -0.58447 0.09433 0.57515 -0.04565 -0.81671 0.0103
1413393281.155760527 -2.28867 -0.51685 0.09827 0.57516 -0.03515 -0.81727 -0.00546
1413393281.255760431 -2.30207 -0.44775 0.1054 0.57582 -0.02809 -0.81694 -0.01604
1413393281.355760574 -2.31624 -0.37951 0.11301 0.57657 -0.02485 -0.81634 -0.02317
1413393281.455760479 -2.33101 -0.31357 0.11707 0.57749 -0.02486 -0.81557 -0.0272
1413393281.555760384 -2.34912 -0.25064 0.11871 0.57732 -0.02708 -0.81555 -0.02917
1413393281.655760527 -2.36897 -0.19339 0.12583 0.58058 -0.02998 -0.81301 -0.03219
1413393281.755760431 -2.38987 -0.13972 0.13739 0.58632 -0.03284 -0.80866 -0.03493
1413393281.855760574 -2.40921 -0.09267 0.15118 0.5963 -0.03746 -0.80114 -0.03465
1413393281.955760479 -2.42528 -0.04849 0.16496 0.59825 -0.04417 -0.79946 -0.03177
1413393282.055760384 -2.43855 -0.00768 0.18074 0.59151 -0.05068 -0.8042 -0.02858
1413393282.155760527 -2.44997 0.03044 0.19917 0.58453 -0.05901 -0.80895 -0.02093
1413393282.255760431 -2.46184 0.06953 0.21931 0.57894 -0.06447 -0.81268 -0.01495
1413393282.355760574 -2.47468 0.11179 0.24217 0.57907 -0.06252 -0.81267 -0.01821
1413393282.455760479 -2.48736 0.15585 0.26575 0.5835 -0.05433 -0.80977 -0.0293
1413393282.555760384 -2.50089 0.19893 0.28343 0.58565 -0.04723 -0.80832 -0.03743
1413393282.655760527 -2.5148 0.23884 0.28997 0.58934 -0.04172 -0.80568 -0.04273
1413393282.755760431 -2.52755 0.27316 0.2889 0.59364 -0.03767 -0.80278 -0.04148
1413393282.855760574 -2.53761 0.3018 0.28692 0.59792 -0.03264 -0.80038 -0.02868
1413393282.955760479 -2.54475 0.32723 0.28648 0.59209 -0.02126 -0.80543 -0.01608
1413393283.055760384 -2.55024 0.34997 0.28691 0.58229 -0.00465 -0.81296 -0.00436
1413393283.155760527 -2.55577 0.36998 0.29059 0.57645 0.01708 -0.81693 0.00634
1413393283.255760431 -2.56278 0.38696 0.29601 0.57351 0.04095 -0.818 0.01688
1413393283.355760574 -2.57215 0.39992 0.30149 0.57106 0.0641 -0.81786 0.02976
1413393283.455760479 -2.58394 0.40768 0.30516 0.56919 0.08724 -0.8163 0.04539
1413393283.555760384 -2.59782 0.41028 0.30273 0.56718 0.10942 -0.81381 0.06365
1413393283.655760527 -2.61286 0.40909 0.28891 0.56593 0.12985 -0.81009 0.08134
1413393283.755760431 -2.62876 0.40457 0.2665 0.56853 0.15049 -0.80271 0.09893
1413393283.855760574 -2.6457 0.39651 0.2421 0.56964 0.17229 -0.79527 0.11567
1413393283.955760479 -2.66124 0.38585 0.21875 0.56697 0.19648 -0.78931 0.13012
1413393284.055760384 -2.67441 0.37206 0.19766 0.55921 0.22067 -0.78578 0.14538
1413393284.155760527 -2.68612 0.35439 0.18041 0.55271 0.24535 -0.77984 0.16178
1413393284.255760431 -2.69735 0.3332 0.16741 0.54819 0.26982 -0.77133 0.17816
1413393284.355760574 -2.70765 0.30838 0.15756 0.54433 0.29369 -0.76083 0.19644
1413393284.455760479 -2.71629 0.27974 0.14907 0.54068 0.3178 -0.74838 0.21584
1413393284.555760384 -2.72276 0.24835 0.14065 0.53404 0.34235 -0.73645 0.23505
1413393284.655760527 -2.725 0.21661 0.13269 0.52271 0.3653 -0.72652 0.25593
1413393284.755760431 -2.72451 0.1841 0.12493 0.50455 0.38648 -0.71946 0.28006
1413393284.855760574 -2.72422 0.15018 0.11909 -0.4882 -0.40967 0.70879 -0.30241
1413393284.955760479 -2.72537 0.11664 0.11511 -0.47412 -0.43406 0.69511 -0.3219
1413393285.055760384 -2.72923 0.08278 0.11258 -0.46074 -0.45818 0.67961 -0.34047
1413393285.155760527 -2.73643 0.04809 0.11195 -0.44817 -0.48106 0.6627 -0.35855
1413393285.255760431 -2.74692 0.01372 0.11217 -0.43551 -0.50267 0.64558 -0.37534
1413393285.355760574 -2.76052 -0.02097 0.11315 -0.42367 -0.52378 0.62742 -0.39051
1413393285.455760479 -2.77789 -0.05564 0.1145 -0.41156 -0.54501 0.6087 -0.40382
1413393285.555760384 -2.79831 -0.09003 0.11654 -0.40062 -0.56578 0.58829 -0.4163
1413393285.655760527 -2.82097 -0.12387 0.1201 0.39216 0.58562 -0.5652 0.42873
1413393285.755760431 -2.8448 -0.15727 0.12574 0.38849 0.60617 -0.53907 0.43707
1413393285.855760574 -2.86811 -0.18837 0.13274 0.38191 0.62403 -0.51669 0.4447
1413393285.955760479 -2.89049 -0.21665 0.13947 0.36773 0.63414 -0.50665 0.45381
1413393286.055760384 -2.91241 -0.2434 0.14622 0.35582 0.63918 -0.50304 0.46021
1413393286.155760527 -2.93396 -0.27014 0.15454 0.34851 0.64035 -0.50218 0.46508
1413393286.255760431 -2.95672 -0.2947 0.16289 0.34693 0.63984 -0.5019 0.46727
1413393286.355760574 -2.98234 -0.32078 0.16323 0.34928 0.63893 -0.50232 0.46631
1413393286.455760479 -3.00828 -0.34405 0.15312 0.35491 0.63756 -0.5027 0.46351
1413393286.555760384 -3.03394 -0.3609 0.13311 0.35806 0.63466 -0.50586 0.46163
1413393286.655760527 -3.0626 -0.38371 0.11553 0.35878 0.63283 -0.51041 0.45857
1413393286.755760431 -3.0919 -0.40718 0.10637 0.36326 0.63385 -0.51155 0.45232
1413393286.855760574 -3.11936 -0.43012 0.10449 0.37175 0.63865 -0.50818 0.44236
1413393286.955760479 -3.14051 -0.45211 0.10761 0.37747 0.64591 -0.49992 0.43633
1413393287.055760384 -3.15342 -0.47394 0.11273 0.37729 0.65328 -0.48997 0.43681
1413393287.155760527 -3.15757 -0.4946 0.11836 0.36933 0.66132 -0.48046 0.44204
1413393287.255760431 -3.15377 -0.51312 0.12525 0.35089 0.66796 -0.47344 0.45448
1413393287.355760574 -3.14431 -0.53068 0.13493 0.33099 0.67465 -0.46217 0.47085
1413393287.455760479 -3.13092 -0.54877 0.14746 0.31175 0.68378 -0.44624 0.48592
1413393287.555760384 -3.11541 -0.56533 0.16228 0.29406 0.69687 -0.42651 0.49597
1413393287.655760527 -3.09927 -0.58031 0.17588 0.27464 0.71056 -0.40627 0.5046
1413393287.755760431 -3.08318 -0.59496 0.19004 0.25566 0.72161 -0.38479 0.51562
1413393287.855760574 -3.0679 -0.61114 0.20178 0.23744 0.73141 -0.36241 0.52662
1413393287.955760479 -3.05352 -0.62875 0.21141 0.22117 0.74096 -0.33881 0.53597
1413393288.055760384 -3.04083 -0.64961 0.21934 0.206 0.74907 -0.31751 0.54373
1413393288.155760527 -3.03232 -0.67258 0.2229 0.19577 0.75714 -0.30191 0.54522
1413393288.255760431 -3.02691 -0.69783 0.22272 0.18908 0.7654 -0.29411 0.54029
1413393288.355760574 -3.02234 -0.72589 0.22013 0.18409 0.7731 -0.29144 0.53244
1413393288.455760479 -3.01576 -0.75829 0.21851 0.18467 0.77263 -0.28952 0.53396
1413393288.555760384 -3.00729 -0.79551 0.21809 0.18915 0.76646 -0.28888 0.54158
1413393288.655760527 -2.99822 -0.83298 0.21647 0.19252 0.7603 -0.28501 0.55105
1413393288.755760431 -2.99341 -0.86658 0.21295 0.19114 0.75866 -0.27773 0.55746
1413393288.855760574 -2.98981 -0.90003 0.20639 0.18961 0.76153 -0.27194 0.55693
1413393288.955760479 -2.98609 -0.93307 0.19826 0.18609 0.76514 -0.26882 0.55468
1413393289.055760384 -2.98514 -0.96381 0.18145 0.18454 0.76743 -0.26539 0.55368
1413393289.155760527 -2.98421 -0.99127 0.15739 0.18177 0.76669 -0.26344 0.55655
1413393289.255760431 -2.98393 -1.01792 0.13464 0.17864 0.76668 -0.26065 0.55889
1413393289.355760574 -2.98735 -1.04199 0.11743 0.17791 0.76765 -0.25766 0.55917
1413393289.455760479 -2.98916 -1.06869 0.10717 0.17885 0.77014 -0.25523 0.55656
1413393289.555760384 -2.99119 -1.09502 0.10437 0.17858 0.77245 -0.25497 0.55355
1413393289.655760527 -2.99262 -1.12105 0.10471 0.17917 0.77382 -0.25509 0.55139
1413393289.755760431 -2.99464 -1.14455 0.10629 0.1795 0.77383 -0.25608 0.55081
1413393289.855760574 -2.99361 -1.16817 0.11107 0.1807 0.7717 -0.2572 0.55288
1413393289.955760479 -2.99161 -1.1913 0.11828 0.18364 0.76908 -0.25815 0.55511
1413393290.055760384 -2.98911 -1.21336 0.12279 0.18457 0.76783 -0.26072 0.55534
1413393290.155760527 -2.98736 -1.22997 0.1201 0.18498 0.76636 -0.26399 0.55569
1413393290.255760431 -2.98617 -1.24512 0.10494 0.18472 0.76574 -0.26795 0.55472
1413393290.355760574 -2.98564 -1.25479 0.08239 0.18574 0.76768 -0.27034 0.55054
1413393290.455760479 -2.98419 -1.26523 0.05797 0.18378 0.77158 -0.26883 0.54645
1413393290.555760384 -2.98107 -1.27594 0.03402 0.18028 0.77574 -0.26437 0.54391
1413393290.655760527 -2.97634 -1.2904 0.01179 0.17656 0.77821 -0.26085 0.54331
1413393290.755760431 -2.96871 -1.30626 -0.01055 0.17446 0.7798 -0.25746 0.54331
1413393290.855760574 -2.95999 -1.32218 -0.03401 0.17441 0.77994 -0.2543 0.54461
1413393290.955760479 -2.94898 -1.33608 -0.05716 0.16841 0.77715 -0.25644 0.54946
1413393291.055760384 -2.93591 -1.3555 -0.08228 0.16161 0.77197 -0.26047 0.55687
1413393291.155760527 -2.92454 -1.37709 -0.10825 0.15808 0.76633 -0.26302 0.56442
1413393291.255760431 -2.91621 -1.4017 -0.13241 0.15801 0.76224 -0.26418 0.56941
1413393291.355760574 -2.91279 -1.42765 -0.15704 0.16355 0.76414 -0.26261 0.56602
1413393291.455760479 -2.91178 -1.45405 -0.18079 0.16886 0.76925 -0.25714 0.56002
1413393291.555760384 -2.9132 -1.4793 -0.20069 0.17129 0.77374 -0.25061 0.55605
1413393291.655760527 -2.91386 -1.50552 -0.21583 0.17273 0.77634 -0.24483 0.55454
1413393291.755760431 -2.91436 -1.53158 -0.22708 0.1729 0.77871 -0.24082 0.55291
1413393291.855760574 -2.91167 -1.55799 -0.23147 0.17119 0.78113 -0.2349 0.55259
1413393291.955760479 -2.90783 -1.58104 -0.21965 0.16913 0.78287 -0.22796 0.55366
1413393292.055760384 -2.90281 -1.60251 -0.19912 0.16946 0.78131 -0.22085 0.55863
1413393292.155760527 -2.89709 -1.62061 -0.17736 0.1692 0.77818 -0.21532 0.56519
1413393292.255760431 -2.89039 -1.63515 -0.15737 0.16886 0.7759 -0.20855 0.57093
1413393292.355760574 -2.88641 -1.64097 -0.13814 0.16587 0.77487 -0.20461 0.57462
1413393292.455760479 -2.88365 -1.64233 -0.11819 0.16157 0.77371 -0.20256 0.57814
1413393292.555760384 -2.88299 -1.63965 -0.09968 0.15857 0.77603 -0.19967 0.57685
1413393292.655760527 -2.88502 -1.63291 -0.08447 0.15759 0.78042 -0.19517 0.57273
1413393292.755760431 -2.8866 -1.6216 -0.06725 0.15672 0.78382 -0.18972 0.57014
1413393292.855760574 -2.88856 -1.60652 -0.05023 0.15472 0.78381 -0.18503 0.57225
1413393292.955760479 -2.89205 -1.58401 -0.02668 0.1496 0.78308 -0.18183 0.57563
1413393293.055760384 -2.89432 -1.55896 -0.00746 0.14308 0.78425 -0.17993 0.57629
1413393293.155760527 -2.9016 -1.52643 0.01768 0.13613 0.78572 -0.17923 0.57618
1413393293.255760431 -2.9103 -1.49009 0.04239 0.12969 0.78662 -0.17953 0.57635
1413393293.355760574 -2.92105 -1.45349 0.05908 0.12256 0.78685 -0.18096 0.57715
1413393293.455760479 -2.93329 -1.41782 0.0645 0.11523 0.7864 -0.18391 0.57834
1413393293.555760384 -2.94655 -1.38403 0.06171 0.11519 0.78781 -0.1832 0.57665
1413393293.655760527 -2.96085 -1.35068 0.05435 0.12191 0.79062 -0.17825 0.57296
1413393293.755760431 -2.97472 -1.31788 0.04838 0.12921 0.79434 -0.17174 0.56818
1413393293.855760574 -2.99094 -1.28278 0.04735 0.13249 0.79619 -0.16805 0.56594
1413393293.955760479 -3.00309 -1.2445 0.04939 0.13451 0.79773 -0.16497 0.5642
1413393294.055760384 -3.01437 -1.2025 0.05353 0.13443 0.79798 -0.16339 0.56433
1413393294.155760527 -3.02305 -1.15656 0.06248 0.13303 0.79272 -0.16323 0.57206
1413393294.255760431 -3.03307 -1.10571 0.0701 0.13153 0.78875 -0.16497 0.57737
1413393294.355760574 -3.04361 -1.05253 0.07651 0.13298 0.79048 -0.16608 0.57435
1413393294.455760479 -3.05413 -0.99704 0.0819 0.1366 0.79312 -0.16666 0.56967
1413393294.555760384 -3.06275 -0.93909 0.08748 0.13771 0.79573 -0.16931 0.56496
1413393294.655760527 -3.07109 -0.8782 0.09092 0.13402 0.79573 -0.17502 0.56411
1413393294.755760431 -3.0787 -0.81606 0.09426 0.12797 0.79485 -0.18164 0.56467
1413393294.855760574 -3.08505 -0.75463 0.09724 0.12219 0.79413 -0.18742 0.56506
1413393294.955760479 -3.08986 -0.69611 0.10172 0.12441 0.79504 -0.18773 0.56319
1413393295.055760384 -3.09382 -0.63789 0.10795 0.13159 0.79668 -0.18339 0.56068
1413393295.155760527 -3.09572 -0.57959 0.11609 0.1353 0.79752 -0.18066 0.55948
1413393295.255760431 -3.0954 -0.52221 0.12292 0.13174 0.79649 -0.18393 0.56073
1413393295.355760574 -3.09325 -0.46425 0.13142 0.12612 0.79556 -0.18834 0.56188
1413393295.455760479 -3.08895 -0.4106 0.13898 0.11775 0.79456 -0.19378 0.56326
1413393295.555760384 -3.08354 -0.36047 0.14563 0.10968 0.7931 -0.19875 0.5652
1413393295.655760527 -3.07886 -0.31274 0.14515 0.10553 0.79217 -0.20162 0.56629
1413393295.755760431 -3.07693 -0.26954 0.13627 0.10543 0.79248 -0.20112 0.56605
1413393295.855760574 -3.07409 -0.23259 0.12282 0.11417 0.79445 -0.19391 0.56411
1413393295.955760479 -3.07075 -0.19942 0.11226 0.12867 0.79747 -0.18299 0.56035
1413393296.055760384 -3.06413 -0.1664 0.10437 0.13836 0.79913 -0.17561 0.55803
1413393296.155760527 -3.05533 -0.13143 0.10145 0.14153 0.80022 -0.17271 0.55659
1413393296.255760431 -3.04134 -0.09324 0.09974 0.1423 0.80195 -0.17214 0.55408
1413393296.355760574 -3.02491 -0.05172 0.10279 0.14075 0.8023 -0.17415 0.55334
1413393296.455760479 -3.00381 -0.00811 0.10457 0.13312 0.80147 -0.18212 0.55386
1413393296.555760384 -2.98194 0.03567 0.09848 0.12903 0.79916 -0.19334 0.55436
1413393296.655760527 -2.95832 0.07655 0.08034 0.12955 0.79571 -0.20591 0.55468
1413393296.755760431 -2.93266 0.11432 0.0591 0.13131 0.79229 -0.2179 0.55458
1413393296.855760574 -2.90517 0.14775 0.03954 0.13497 0.78938 -0.2261 0.55457
1413393296.955760479 -2.87692 0.17795 0.02279 0.14083 0.78751 -0.2304 0.55399
1413393297.055760384 -2.84654 0.20207 0.00972 0.14729 0.78599 -0.23491 0.55258
1413393297.155760527 -2.81671 0.22422 -0.00296 0.15197 0.78396 -0.24131 0.55143
1413393297.255760431 -2.78588 0.24283 -0.01412 0.15164 0.7812 -0.24805 0.55246
1413393297.355760574 -2.75397 0.25703 -0.02508 0.15326 0.77939 -0.25162 0.55295
1413393297.455760479 -2.72259 0.26867 -0.03456 0.15681 0.77854 -0.25265 0.55268
1413393297.555760384 -2.69086 0.27711 -0.04306 0.16002 0.7784 -0.25132 0.55256
1413393297.655760527 -2.65752 0.28319 -0.05185 0.15842 0.77726 -0.25212 0.55426
1413393297.755760431 -2.62592 0.28745 -0.05989 0.15356 0.77491 -0.25429 0.55791
1413393297.855760574 -2.59429 0.28968 -0.0689 0.14936 0.77208 -0.25581 0.56227
1413393297.955760479 -2.56632 0.28617 -0.07742 0.14695 0.77194 -0.25511 0.56342
1413393298.055760384 -2.54078 0.27942 -0.08599 0.1455 0.77242 -0.25417 0.56356
1413393298.155760527 -2.51771 0.26884 -0.09439 0.14607 0.77605 -0.25202 0.55937
1413393298.255760431 -2.49461 0.25468 -0.10427 0.1511 0.78111 -0.24702 0.55319
1413393298.355760574 -2.47141 0.23817 -0.1134 0.159 0.78672 -0.23901 0.5465
1413393298.455760479 -2.44405 0.21962 -0.12118 0.16962 0.78923 -0.22928 0.54386
1413393298.555760384 -2.41365 0.20265 -0.12793 0.17596 0.78823 -0.22255 0.54608
1413393298.655760527 -2.37634 0.18936 -0.13544 0.17134 0.78637 -0.22317 0.54996
1413393298.755760431 -2.33895 0.17766 -0.13969 0.1606 0.78387 -0.22899 0.55437
1413393298.855760574 -2.29707 0.16654 -0.14406 0.15277 0.78171 -0.23399 0.55753
1413393298.955760479 -2.25855 0.15383 -0.14467 0.14875 0.78042 -0.23841 0.55855
1413393299.055760384 -2.21953 0.13951 -0.14424 0.14836 0.77975 -0.24147 0.55827
1413393299.155760527 -2.18161 0.12382 -0.14316 0.15585 0.7787 -0.2397 0.55846
1413393299.255760431 -2.14359 0.10714 -0.14037 0.1688 0.77457 -0.23447 0.56264
1413393299.355760574 -2.10648 0.09457 -0.13603 0.1771 0.76648 -0.2319 0.57217
1413393299.455760479 -2.07131 0.08634 -0.13429 0.17754 0.76086 -0.23387 0.57868
1413393299.555760384 -2.0395 0.08285 -0.13234 0.17306 0.75979 -0.23879 0.57943
1413393299.655760527 -2.01335 0.0835 -0.12935 0.16601 0.76165 -0.24447 0.57668
1413393299.755760431 -1.9912 0.08614 -0.12337 0.16285 0.76408 -0.24674 0.57339
1413393299.855760574 -1.97517 0.09011 -0.11458 0.16509 0.76588 -0.24406 0.57149
1413393299.955760479 -1.96067 0.09575 -0.10653 0.17111 0.77149 -0.23851 0.56448
1413393300.055760384 -1.94673 0.10388 -0.09764 0.17841 0.7761 -0.23163 0.55874
1413393300.155760527 -1.93119 0.11463 -0.08895 0.1787 0.77806 -0.23025 0.55648
1413393300.255760431 -1.9128 0.12989 -0.07961 0.16668 0.77832 -0.23354 0.55848
1413393300.355760574 -1.89329 0.14703 -0.06952 0.14676 0.77908 -0.23298 0.56321
1413393300.455760479 -1.87207 0.1635 -0.05804 0.12526 0.78168 -0.2264 0.56747
1413393300.555760384 -1.8528 0.17703 -0.04557 0.10777 0.78526 -0.21207 0.57165
1413393300.655760527 -1.83625 0.18692 -0.0339 0.09475 0.79042 -0.19032 0.57449
1413393300.755760431 -1.82367 0.1917 -0.02195 0.0861 0.79711 -0.16291 0.57503
1413393300.855760574 -1.81238 0.19386 -0.01337 0.08264 0.80089 -0.13762 0.57689
1413393300.955760479 -1.80074 0.19508 -0.0156 0.08068 0.80041 -0.11881 0.58199
1413393301.055760384 -1.78766 0.19764 -0.02941 0.07665 0.79679 -0.10669 0.5898
1413393301.155760527 -1.77581 0.20212 -0.05063 0.07017 0.79438 -0.09594 0.59568
1413393301.255760431 -1.76634 0.20934 -0.07841 0.06035 0.79435 -0.08403 0.59858
1413393301.355760574 -1.76184 0.22015 -0.10556 0.04934 0.79531 -0.06862 0.60028
1413393301.455760479 -1.76383 0.23326 -0.12964 0.03503 0.79721 -0.05185 0.60045
1413393301.555760384 -1.77067 0.24851 -0.15068 0.02102 0.80274 -0.03218 0.59509
1413393301.655760527 -1.78137 0.26614 -0.16796 0.009 0.80983 -0.01008 0.58651
1413393301.755760431 -1.7946 0.28553 -0.18119 0.00032 0.81383 0.00894 0.58104
1413393301.855760574 -1.80854 0.30797 -0.19209 -0.00574 0.81481 0.02268 0.57926
1413393301.955760479 -1.82188 0.33333 -0.20024 -0.00941 0.81496 0.03209 0.57855
1413393302.055760384 -1.83276 0.36061 -0.2054 -0.01158 0.81351 0.03747 0.58023
1413393302.155760527 -1.83952 0.39073 -0.20844 -0.01494 0.81292 0.03814 0.58093
1413393302.255760431 -1.8436 0.42426 -0.20928 -0.01753 0.81299 0.03584 0.58091
1413393302.355760574 -1.8475 0.46081 -0.20866 -0.02096 0.8124 0.03021 0.58195
1413393302.455760479 -1.85194 0.499 -0.20609 -0.02276 0.81241 0.02373 0.58215
1413393302.555760384 -1.85705 0.53793 -0.20081 -0.02534 0.81298 0.01544 0.58153
1413393302.655760527 -1.86127 0.57484 -0.19213 -0.02758 0.81433 0.00738 0.5797
1413393302.755760431 -1.86512 0.60977 -0.18006 -0.02731 0.81542 0.00266 0.57822
1413393302.855760574 -1.86744 0.64228 -0.16526 -0.0278 0.81571 -0.00101 0.57779
1413393302.955760479 -1.86876 0.67179 -0.1486 -0.02764 0.81625 -0.00235 0.57703
1413393303.055760384 -1.86858 0.69804 -0.13161 -0.02472 0.81577 -0.0001 0.57785
1413393303.155760527 -1.86724 0.72114 -0.1143 -0.02267 0.81521 0.00163 0.57872
1413393303.255760431 -1.86472 0.74249 -0.09642 -0.02216 0.8148 0.00259 0.57931
1413393303.355760574 -1.86113 0.76097 -0.07814 -0.0142 0.81538 0.008 0.5787
1413393303.455760479 -1.8567 0.78103 -0.05833 -0.00642 0.816 0.01257 0.57787
1413393303.555760384 -1.85148 0.80289 -0.03618 -0.0018 0.81508 0.01386 0.57918
1413393303.655760527 -1.84535 0.82558 -0.01111 -0.00033 0.81269 0.01301 0.58255
1413393303.755760431 -1.83958 0.84974 0.01461 -0.00136 0.81234 0.00971 0.5831
1413393303.855760574 -1.83428 0.87528 0.04215 -0.00415 0.81175 0.00615 0.58395
1413393303.955760479 -1.82861 0.90105 0.06948 -0.01016 0.81164 0.00148 0.58407
1413393304.055760384 -1.82356 0.92503 0.08805 -0.01581 0.81218 -0.0032 0.58318
1413393304.155760527 -1.81803 0.94638 0.09338 -0.01707 0.81587 -0.00453 0.57797
1413393304.255760431 -1.81106 0.96785 0.09068 -0.01379 0.82044 -0.0014 0.57156
1413393304.355760574 -1.80093 0.98874 0.08404 -0.00787 0.82342 0.00413 0.56736
1413393304.455760479 -1.78805 1.00645 0.07434 -0.00367 0.82414 0.00936 0.5663
1413393304.555760384 -1.77117 1.02708 0.07333 -0.0023 0.82221 0.01364 0.56901
1413393304.655760527 -1.75283 1.04401 0.06585 -0.00015 0.81951 0.01808 0.57278
1413393304.755760431 -1.73334 1.06512 0.06438 -0.00162 0.81736 0.02033 0.57576
1413393304.855760574 -1.71121 1.08522 0.05945 -0.00742 0.81668 0.0208 0.57666
1413393304.955760479 -1.68955 1.10683 0.05923 -0.00953 0.81718 0.02276 0.57585
1413393305.055760384 -1.66634 1.12827 0.05916 -0.00996 0.81864 0.02446 0.5737
1413393305.155760527 -1.64113 1.15055 0.06095 -0.01155 0.81973 0.02308 0.57217
1413393305.255760431 -1.61413 1.17294 0.06754 -0.00548 0.81987 0.02573 0.57195
1413393305.355760574 -1.58618 1.19741 0.07543 -0.00017 0.81889 0.02379 0.57345
1413393305.455760479 -1.557 1.22441 0.08579 0.00082 0.81974 0.01695 0.57249
1413393305.555760384 -1.52627 1.25418 0.09565 0.00131 0.81968 0.01049 0.57272
1413393305.655760527 -1.49288 1.2873 0.10849 0.00333 0.82008 0.00518 0.57222
1413393305.755760431 -1.45999 1.32045 0.12196 0.01268 0.81913 0.00046 0.57347
1413393305.855760574 -1.42235 1.35719 0.13831 0.02737 0.81703 -0.00232 0.57594
1413393305.955760479 -1.3852 1.39894 0.15413 0.03966 0.81576 -0.00468 0.577
1413393306.055760384 -1.34839 1.44704 0.17013 0.03795 0.81451 -0.01294 0.57876
1413393306.155760527 -1.31228 1.50033 0.18571 0.0343 0.81428 -0.0193 0.57913
1413393306.255760431 -1.27674 1.55644 0.20131 0.03053 0.81459 -0.0234 0.57876
1413393306.355760574 -1.24139 1.61494 0.21668 0.02717 0.81698 -0.02932 0.57528
1413393306.455760479 -1.20485 1.67304 0.22858 0.02761 0.81952 -0.04189 0.57085
1413393306.555760384 -1.16728 1.7283 0.23204 0.03404 0.81921 -0.05984 0.56935
1413393306.655760527 -1.12824 1.78184 0.2269 0.04565 0.81506 -0.08025 0.57197
1413393306.755760431 -1.08775 1.83402 0.21803 0.04757 0.81017 -0.10609 0.57454
1413393306.855760574 -1.04824 1.88226 0.21136 0.04837 0.80594 -0.12639 0.57633
1413393306.955760479 -1.01242 1.92092 0.2078 0.05296 0.80289 -0.14353 0.57616
1413393307.055760384 -0.97619 1.95418 0.20788 0.06433 0.80091 -0.15844 0.57384
1413393307.155760527 -0.94353 1.97757 0.20787 0.08282 0.79902 -0.17029 0.57071
1413393307.255760431 -0.91008 1.99537 0.20872 0.10202 0.79655 -0.18349 0.56695
1413393307.355760574 -0.87657 2.00996 0.21071 0.12015 0.79328 -0.19902 0.56272
1413393307.455760479 -0.84272 2.02043 0.21409 0.13878 0.78885 -0.21793 0.55765
1413393307.555760384 -0.8085 2.02872 0.21934 0.15546 0.78496 -0.24025 0.5495
1413393307.655760527 -0.77366 2.03538 0.22652 0.16838 0.78046 -0.26573 0.54029
1413393307.755760431 -0.73681 2.03916 0.23559 0.18297 0.77495 -0.28924 0.53134
1413393307.855760574 -0.69627 2.04046 0.24635 0.20547 0.76472 -0.30503 0.52909
1413393307.955760479 -0.6541 2.04042 0.25827 0.22682 0.75412 -0.3204 0.52649
1413393308.055760384 -0.61023 2.04044 0.27075 0.24479 0.74384 -0.33762 0.52229
1413393308.155760527 -0.56398 2.04179 0.28348 0.26061 0.73436 -0.35588 0.5159
1413393308.255760431 -0.51517 2.04454 0.29696 0.27565 0.72454 -0.37412 0.50901
1413393308.355760574 -0.4636 2.04846 0.31052 0.28852 0.71173 -0.39459 0.50448
1413393308.455760479 -0.41171 2.05371 0.32323 0.29733 0.69891 -0.41717 0.49908
1413393308.555760384 -0.35931 2.05878 0.33022 0.30271 0.68716 -0.44131 0.49134
1413393308.655760527 -0.30833 2.06399 0.32853 0.30867 0.67374 -0.46569 0.48366
1413393308.755760431 -0.2587 2.06569 0.31943 0.31581 0.65795 -0.48957 0.47717
1413393308.855760574 -0.21497 2.06633 0.30316 0.33108 0.64024 -0.50699 0.47269
1413393308.955760479 -0.17728 2.06491 0.28062 0.34832 0.62391 -0.5215 0.46631
1413393309.055760384 -0.14611 2.0631 0.25788 0.36376 0.60934 -0.53563 0.4577
1413393309.155760527 -0.11941 2.0625 0.23716 0.37733 0.59489 -0.54894 0.44987
1413393309.255760431 -0.09512 2.06344 0.21933 0.38799 0.58411 -0.55897 0.44253
1413393309.355760574 -0.07266 2.06636 0.20431 0.39836 0.58012 -0.56239 0.43415
1413393309.455760479 -0.04846 2.07016 0.19024 0.40491 0.58084 -0.56285 0.42647
1413393309.555760384 -0.0231 2.07355 0.17773 0.40408 0.5852 -0.56384 0.41993
1413393309.655760527 0.00355 2.0796 0.17303 0.39814 0.59263 -0.56585 0.41241
1413393309.755760431 0.03163 2.0777 0.16156 0.39086 0.59567 -0.56823 0.41173
1413393309.855760574 0.05771 2.0711 0.15355 0.38148 0.59384 -0.5716 0.41844
1413393309.955760479 0.08206 2.06098 0.14791 0.37437 0.59237 -0.57415 0.42343
1413393310.055760384 0.10307 2.04749 0.14383 0.36951 0.59042 -0.57566 0.42835
1413393310.155760527 0.12 2.03043 0.14236 0.37285 0.58935 -0.57187 0.43198
1413393310.255760431 0.13233 2.01369 0.1437 0.38428 0.59318 -0.56268 0.42877
1413393310.355760574 0.14422 1.99372 0.14138 0.39367 0.59779 -0.5555 0.42318
1413393310.455760479 0.15635 1.97391 0.14 0.39919 0.59926 -0.55208 0.42041
1413393310.555760384 0.16828 1.95488 0.13915 0.39656 0.59665 -0.55407 0.42397
1413393310.655760527 0.18125 1.93509 0.1359 0.38965 0.59222 -0.55926 0.42974
1413393310.755760431 0.19047 1.91617 0.1342 0.38185 0.58793 -0.56493 0.43518
1413393310.855760574 0.19679 1.89515 0.13153 0.37675 0.58479 -0.56963 0.43772
1413393310.955760479 0.19792 1.87348 0.12955 0.38209 0.58857 -0.5685 0.42942
1413393311.055760384 0.19691 1.8489 0.12415 0.38868 0.59268 -0.56755 0.41898
1413393311.155760527 0.19496 1.82251 0.11532 0.39288 0.59369 -0.56803 0.41294
1413393311.255760431 0.19414 1.79302 0.09546 0.39114 0.59012 -0.57191 0.41435
1413393311.355760574 0.19145 1.76217 0.07208 0.39185 0.59037 -0.5727 0.41223
1413393311.455760479 0.18792 1.7276 0.04965 0.39447 0.59203 -0.57183 0.40853
1413393311.555760384 0.18515 1.68849 0.02986 0.39632 0.59376 -0.57139 0.40485
1413393311.655760527 0.18273 1.64758 0.0152 0.39915 0.59439 -0.56922 0.40419
1413393311.755760431 0.18244 1.60092 0.00592 0.40364 0.59264 -0.56499 0.40821
1413393311.855760574 0.18474 1.55386 -0.00055 0.40641 0.59175 -0.55981 0.41385
1413393311.955760479 0.18958 1.50454 -0.00599 0.4054 0.59321 -0.55487 0.41937
1413393312.055760384 0.19648 1.45709 -0.00868 0.40845 0.59442 -0.54584 0.42648
1413393312.155760527 0.20579 1.41239 -0.01143 0.41109 0.59625 -0.53768 0.43173
1413393312.255760431 0.21803 1.36974 -0.01489 0.40673 0.5988 -0.53683 0.43338
1413393312.355760574 0.23239 1.32977 -0.01674 0.39607 0.5953 -0.54257 0.44087
1413393312.455760479 0.24609 1.29512 -0.01787 0.38207 0.59299 -0.55083 0.44605
1413393312.555760384 0.2567 1.26067 -0.01922 0.37432 0.59168 -0.55598 0.44798
1413393312.655760527 0.2632 1.22688 -0.01826 0.38163 0.59461 -0.55118 0.44384
1413393312.755760431 0.26794 1.19452 -0.01772 0.38794 0.59936 -0.54677 0.43738
1413393312.855760574 0.27134 1.16497 -0.01692 0.38949 0.60084 -0.54437 0.43697
1413393312.955760479 0.27573 1.13362 -0.01448 0.38914 0.59926 -0.54128 0.44326
1413393313.055760384 0.27969 1.10742 -0.00992 0.38785 0.59942 -0.53711 0.4492
1413393313.155760527 0.28297 1.0842 -0.00477 0.38515 0.60968 -0.53321 0.44232
1413393313.255760431 0.28684 1.06106 0.00474 0.38177 0.61934 -0.52864 0.43728
1413393313.355760574 0.29167 1.03896 0.01443 0.37473 0.62244 -0.52732 0.44054
1413393313.455760479 0.29526 1.01771 0.02526 0.37069 0.62167 -0.5268 0.44563
1413393313.555760384 0.29776 0.9938 0.034 0.37016 0.61432 -0.52675 0.45622
1413393313.655760527 0.29572 0.97198 0.03613 0.37155 0.60209 -0.52964 0.46788
1413393313.755760431 0.28608 0.95533 0.03505 0.38277 0.59278 -0.52992 0.4704
1413393313.855760574 0.27002 0.94769 0.03368 0.39433 0.58865 -0.53089 0.46492
1413393313.955760479 0.24992 0.94892 0.02896 0.39484 0.5923 -0.54183 0.44688
1413393314.055760384 0.2289 0.95255 0.024 0.39205 0.59336 -0.55548 0.43087
1413393314.155760527 0.20958 0.95252 0.022 0.39122 0.59222 -0.56222 0.42443
1413393314.255760431 0.19049 0.9486 0.02278 0.39307 0.59489 -0.55991 0.42202
1413393314.355760574 0.17166 0.94401 0.02559 0.39073 0.60155 -0.5526 0.42439
1413393314.455760479 0.15412 0.938 0.02748 0.38412 0.61463 -0.54091 0.42673
1413393314.555760384 0.14034 0.92996 0.02812 0.3739 0.62987 -0.52478 0.43366
1413393314.655760527 0.13034 0.91964 0.0276 0.36098 0.64734 -0.50616 0.44096
1413393314.755760431 0.12482 0.90847 0.02559 0.34739 0.66302 -0.48943 0.44742
1413393314.855760574 0.12157 0.89308 0.02184 0.33384 0.67535 -0.47569 0.45407
1413393314.955760479 0.12239 0.87405 0.01634 0.31979 0.6865 -0.46229 0.46125
1413393315.055760384 0.12754 0.85101 0.01003 0.30636 0.69445 -0.45149 0.46909
1413393315.155760527 0.136 0.82409 0.00147 0.29844 0.70035 -0.44297 0.47352
1413393315.255760431 0.14681 0.79332 -0.00846 0.30057 0.70398 -0.43375 0.47533
1413393315.355760574 0.16112 0.76021 -0.02007 0.30973 0.7048 -0.42508 0.47606
1413393315.455760479 0.18053 0.72544 -0.03129 0.32329 0.70306 -0.41691 0.47684
1413393315.555760384 0.20714 0.69344 -0.04167 0.32999 0.69852 -0.4153 0.48031
1413393315.655760527 0.24054 0.66568 -0.04571 0.33004 0.69188 -0.41779 0.48768
1413393315.755760431 0.27822 0.64294 -0.0383 0.32622 0.68713 -0.42285 0.49258
1413393315.855760574 0.31759 0.6257 -0.017 0.31725 0.68306 -0.43004 0.49784
1413393315.955760479 0.35613 0.61133 0.01294 0.31089 0.682 -0.43436 0.49955
1413393316.055760384 0.39314 0.59771 0.04487 0.31005 0.68168 -0.4347 0.50022
1413393316.155760527 0.42968 0.5858 0.07768 0.3137 0.68345 -0.43129 0.49847
1413393316.255760431 0.46689 0.57272 0.11601 0.31754 0.68479 -0.42711 0.49779
1413393316.355760574 0.50652 0.56164 0.15399 0.31637 0.68566 -0.42587 0.49841
1413393316.455760479 0.54699 0.55318 0.1918 0.31287 0.68698 -0.42592 0.49876
1413393316.555760384 0.58742 0.54715 0.22878 0.30859 0.6885 -0.42649 0.49884
1413393316.655760527 0.62894 0.54225 0.26279 0.30497 0.69115 -0.42633 0.49754
1413393316.755760431 0.67076 0.53825 0.28946 0.30184 0.69482 -0.42547 0.49507
1413393316.855760574 0.71271 0.53387 0.30483 0.29912 0.69777 -0.42353 0.49424
1413393316.955760479 0.75666 0.52907 0.30808 0.297 0.70013 -0.42108 0.49427
1413393317.055760384 0.80176 0.52368 0.30389 0.29834 0.69973 -0.41715 0.49735
1413393317.155760527 0.84696 0.51941 0.29352 0.30139 0.69665 -0.41236 0.50378
1413393317.255760431 0.89241 0.51644 0.28394 0.30518 0.6934 -0.40908 0.50864
1413393317.355760574 0.93735 0.51631 0.27598 0.30722 0.69057 -0.40797 0.51215
1413393317.455760479 0.98262 0.52056 0.26999 0.30916 0.68948 -0.40803 0.5124
1413393317.555760384 1.02773 0.52864 0.26019 0.31057 0.68796 -0.40862 0.51311
1413393317.655760527 1.07315 0.54265 0.24056 0.3099 0.68758 -0.41068 0.51239
1413393317.755760431 1.1196 0.55846 0.2143 0.30864 0.68639 -0.41367 0.51234
1413393317.855760574 1.16564 0.57992 0.19063 0.30884 0.68632 -0.41634 0.51014
1413393317.955760479 1.21131 0.60224 0.16873 0.31088 0.68768 -0.41881 0.50503
1413393318.055760384 1.25584 0.62812 0.14577 0.31135 0.68835 -0.42362 0.49978
1413393318.155760527 1.29977 0.65648 0.12175 0.30849 0.68759 -0.43063 0.49661
1413393318.255760431 1.34331 0.68521 0.09713 0.30263 0.68436 -0.43913 0.49721
1413393318.355760574 1.38621 0.71415 0.07189 0.29854 0.6795 -0.44558 0.50062
1413393318.455760479 1.4268 0.74262 0.04452 0.2964 0.67682 -0.44906 0.5024
1413393318.555760384 1.4634 0.76877 0.01495 0.29664 0.67502 -0.45068 0.50323
1413393318.655760527 1.49711 0.79418 -0.01518 0.29641 0.6741 -0.45184 0.50356
1413393318.755760431 1.52656 0.81839 -0.04182 0.29524 0.67346 -0.45237 0.50463
1413393318.855760574 1.55096 0.84172 -0.06143 0.29862 0.67276 -0.44937 0.50625
1413393318.955760479 1.57118 0.86434 -0.07629 0.30513 0.66859 -0.44343 0.51308
1413393319.055760384 1.58498 0.89034 -0.08679 0.30813 0.66761 -0.43992 0.51558
1413393319.155760527 1.59665 0.91837 -0.09573 0.30226 0.67179 -0.44298 0.51098
1413393319.255760431 1.6025 0.94914 -0.09722 0.2958 0.67683 -0.44585 0.50559
1413393319.355760574 1.60617 0.97984 -0.09946 0.28976 0.6816 -0.44915 0.49973
1413393319.455760479 1.60881 1.0079 -0.10867 0.28653 0.68542 -0.4508 0.49486
1413393319.555760384 1.61066 1.03271 -0.12504 0.27792 0.68986 -0.4556 0.48916
1413393319.655760527 1.61141 1.05173 -0.14494 0.26796 0.69277 -0.46114 0.48539
1413393319.755760431 1.60761 1.06292 -0.16446 0.2685 0.69473 -0.45937 0.48398
1413393319.855760574 1.60237 1.06435 -0.18809 0.28172 0.69765 -0.44849 0.48246
1413393319.955760479 1.60061 1.05788 -0.2171 0.29395 0.69803 -0.43834 0.48394
1413393320.055760384 1.60117 1.05214 -0.25046 0.30194 0.69678 -0.43171 0.48678
1413393320.155760527 1.60289 1.04637 -0.28365 0.3084 0.69224 -0.42699 0.49333
1413393320.255760431 1.60768 1.04101 -0.31377 0.31292 0.68665 -0.42505 0.49992
1413393320.355760574 1.61423 1.03802 -0.33457 0.31061 0.68685 -0.42931 0.49745
1413393320.455760479 1.62237 1.03812 -0.34296 0.30423 0.69063 -0.436 0.49028
1413393320.555760384 1.63273 1.03865 -0.34373 0.30352 0.69347 -0.43864 0.48432
1413393320.655760527 1.64506 1.03912 -0.35237 0.30551 0.69467 -0.43973 0.48035
1413393320.755760431 1.66044 1.03898 -0.38728 0.30722 0.6939 -0.43976 0.48035
1413393320.855760574 1.67109 1.04062 -0.42303 0.3166 0.68199 -0.43562 0.49486
1413393320.955760479 1.66096 1.04451 -0.39607 0.31917 0.69168 -0.43576 0.47939
1413393321.055760384 1.65411 1.04888 -0.3984 0.31761 0.70296 -0.43473 0.46473
1413393321.155760527 1.64983 1.05293 -0.42298 0.31539 0.67736 -0.4354 0.50214
1413393321.255760431 1.64714 1.05677 -0.40621 0.33056 0.67823 -0.42805 0.4975
1413393321.355760574 1.64459 1.05666 -0.42102 0.31715 0.67871 -0.44221 0.49318
1413393321.455760479 1.64277 1.06069 -0.41696 0.32315 0.67415 -0.43852 0.4988
1413393321.555760384 1.64236 1.06006 -0.41856 0.32148 0.6766 -0.43952 0.49567
1413393321.655760527 1.64256 1.06143 -0.41889 0.32352 0.67587 -0.43798 0.4967
1413393321.755760431 1.64226 1.06101 -0.41934 0.32244 0.67629 -0.43864 0.49625
1413393321.855760574 1.64214 1.06126 -0.41916 0.32296 0.67567 -0.43822 0.49712
1413393321.955760479 1.64237 1.06123 -0.41926 0.32256 0.67598 -0.43841 0.4968
1413393322.055760384 1.64214 1.06128 -0.41917 0.32276 0.67558 -0.43813 0.49746
1413393322.155760527 1.64206 1.06121 -0.41922 0.32264 0.67576 -0.43813 0.49729
1413393322.255760431 1.64208 1.06125 -0.41923 0.3227 0.67567 -0.43808 0.49741
1413393322.355760574 1.64208 1.06131 -0.41919 0.32263 0.6757 -0.43799 0.49749
1413393322.455760479 1.64202 1.06123 -0.41922 0.32259 0.67573 -0.43809 0.49739
1413393322.555760384 1.64199 1.06124 -0.41916 0.32251 0.6758 -0.43791 0.49751
1413393322.655760527 1.642 1.06121 -0.41915 0.32247 0.6758 -0.43803 0.49743
1413393322.755760431 1.642 1.06119 -0.41912 0.32227 0.67587 -0.43799 0.49751
1413393322.855760574 1.64199 1.06114 -0.41916 0.32228 0.67586 -0.43796 0.49753
1413393322.955760479 1.64197 1.06112 -0.41914 0.32219 0.67584 -0.43799 0.49759
1413393323.055760384 1.64195 1.06112 -0.41917 0.32207 0.67587 -0.43794 0.49767
1413393323.155760527 1.64192 1.06111 -0.41921 0.32197 0.6759 -0.43791 0.49773
1413393323.255760431 1.64192 1.06105 -0.41927 0.3219 0.67591 -0.43791 0.49776
1413393323.355760574 1.64193 1.06102 -0.41931 0.32183 0.67591 -0.43793 0.49778
1413393323.455760479 1.64193 1.06092 -0.41942 0.32168 0.6759 -0.438 0.49783
1413393323.555760384 1.64194 1.06087 -0.41952 0.32155 0.67592 -0.438 0.49789
1413393323.655760527 1.64193 1.06083 -0.41953 0.32149 0.6759 -0.43806 0.4979
1413393323.755760431 1.64193 1.06083 -0.41951 0.32144 0.6759 -0.43809 0.4979
1413393323.855760574 1.64192 1.06082 -0.41949 0.32139 0.67593 -0.43805 0.49793
1413393323.955760479 1.6419 1.06082 -0.41946 0.32135 0.67593 -0.43807 0.49794
1413393324.055760384 1.64189 1.06082 -0.41942 0.32132 0.67593 -0.43809 0.49794
1413393324.155760527 1.64189 1.06081 -0.41942 0.32128 0.67594 -0.43811 0.49794
1413393324.255760431 1.64188 1.0608 -0.41938 0.32123 0.67592 -0.43814 0.49797
1413393324.355760574 1.64186 1.06075 -0.4194 0.32118 0.67592 -0.43816 0.49797
1413393324.455760479 1.64184 1.06074 -0.41943 0.32111 0.6759 -0.43818 0.49804
1413393324.555760384 1.64182 1.06071 -0.41944 0.32107 0.67597 -0.43816 0.49799
1413393324.655760527 1.64181 1.06067 -0.41941 0.32108 0.67599 -0.43813 0.49799
1413393324.755760431 1.64178 1.06065 -0.41943 0.32104 0.67601 -0.4381 0.498
1413393324.855760574 1.64177 1.06061 -0.41944 0.32102 0.67603 -0.4381 0.49799
1413393324.955760479 1.64177 1.0606 -0.41949 0.32098 0.67603 -0.43812 0.498
1413393325.055760384 1.64175 1.06056 -0.41956 0.32095 0.676 -0.43812 0.49806
1413393325.155760527 1.64176 1.0605 -0.41962 0.32084 0.67606 -0.43812 0.49805
1413393325.255760431 1.64177 1.06048 -0.41964 0.32081 0.67607 -0.43808 0.49809
1413393325.355760574 1.64177 1.06042 -0.4196 0.32075 0.67611 -0.43803 0.49812
1413393325.455760479 1.64167 1.06048 -0.41955 0.32087 0.67603 -0.43814 0.49805
1413393325.555760384 1.64166 1.06047 -0.41953 0.32093 0.67593 -0.43825 0.49806
1413393325.655760527 1.64163 1.06043 -0.4195 0.32106 0.67588 -0.43828 0.498
1413393325.755760431 1.64162 1.0604 -0.41949 0.32099 0.67591 -0.43816 0.49812
1413393325.855760574 1.64161 1.06039 -0.41946 0.32098 0.67591 -0.43815 0.49815
1413393325.955760479 1.64159 1.06035 -0.41942 0.32094 0.6759 -0.43813 0.4982
1413393326.055760384 1.64156 1.06034 -0.41934 0.32094 0.67591 -0.43808 0.49822
1413393326.155760527 1.64155 1.06033 -0.41932 0.32093 0.67588 -0.43809 0.49826
