1403715886.684058189 0.0 0.0 0.0 0.036391716085719596 -0.8275218717369125 0.0 0.5602527954391422
1403715886.884057999 1.2044926680899723e-05 3.981423175532085e-06 0.00012455084480464195 0.036520841403958 -0.8274688959686295 -9.799243934305486e-05 0.5603226255873365
1403715887.084058046 4.605478740825185e-06 -2.7131320687468207e-05 0.00025790888480308946 0.036656438158075046 -0.827460610027674 -0.00015835451554998688 0.5603259937911506
1403715887.284058094 -4.8779256387537084e-05 3.0008523739225194e-05 0.000355362197196438 0.03670631725724075 -0.8274464855564383 -0.0002225422896077259 0.5603435645107736
1403715887.484058142 -6.746997510203768e-05 7.857318249233482e-05 0.0004576822587199505 0.03680468572216425 -0.827423636251065 -0.00021727375007202858 0.560370854054773
1403715887.684058189 -8.387443866414065e-05 0.00013854069434946197 0.0005269001460699969 0.03689514977343079 -0.8274239520110539 -0.00025898791345700727 0.5603644211465126
1403715887.884057999 -0.00010818453136798419 0.0001279837808125379 0.0007028022401362201 0.03694545835875065 -0.8274040081264071 -0.0002419055556113048 0.5603905619518589
1403715888.084058046 -0.00018633442242512653 -0.00011942629458328548 0.0007352029013212937 0.03702361577199476 -0.8274054329067398 -0.0002691299689043929 0.5603832876171788
1403715888.284058094 -0.0002757312189498346 -0.00031658779725979096 0.0008532554894462931 0.03701373665550563 -0.8273940408370472 -0.0002830732675799946 0.5604007533503721
1403715888.484058142 -0.0003110349262348594 -0.00044481682711257397 0.0009129450051866741 0.03702919291755219 -0.8273879845877217 -0.00026139263829408463 0.5604086843595765
1403715888.684058189 -0.00029517095912056436 -0.0006596455967851865 0.0009373077425648294 0.03704885291848917 -0.8273760443190405 -0.00023474592596259568 0.5604250250289968
1403715888.884057999 -0.00015621544679498582 -0.000804954628934284 0.0009478281159942325 0.03708136908153493 -0.8273762868244747 -0.00017124492019595514 0.5604225394671071
1403715889.084058046 -0.0001406268916983229 -0.000745437291621614 0.0009217179171608658 0.03708925352731892 -0.8273828459034581 -0.0001453931983551866 0.5604123414400319
1403715889.284058094 -0.00022907667298450633 -0.0006401446598509693 0.000919952145022065 0.03708198354695932 -0.8273948106095363 -0.00014580761186363877 0.5603951575564985
1403715889.484058142 -0.00025799326476017915 -0.00039478808471812973 0.0009150358813141215 0.03708902064950976 -0.8273719035082422 -0.00011552629548525125 0.5604285186231011
1403715889.684058189 -0.0003904080018511222 -0.00021665609292200965 0.0009562585464292279 0.03708350765777049 -0.827338685550015 -5.14558371012291e-05 0.5604779301671623
1403715889.884057999 -0.0003509254133182928 0.0006878486553806533 0.0009123297111858992 0.03687270321182398 -0.8272235875945764 1.716369820271108e-05 0.5606616979876711
1403715890.084058046 -0.0007204126640971016 0.001232243233057965 0.0007851044538726175 0.03666445864937378 -0.8272226922792378 6.834627018123779e-05 0.5606766716914704
1403715890.284058094 -0.001082954872937627 0.0019055011010820988 0.0004596329677703005 0.03654012023933114 -0.8273137660429818 0.0002173162909986872 0.5605503589351299
1403715890.484058142 -0.001640040535707567 0.0017314343880886175 -0.00019031847344579058 0.037039410350307854 -0.8274034027519427 0.0005249182809353447 0.5603850601650673
1403715890.684058189 -0.0020695020760727323 0.0017021180210781241 -0.0008329846967441553 0.03690046930568319 -0.8273637744474077 8.737012836242446e-05 0.5604529707866841
1403715890.884057999 -0.002450673138057193 0.0014496345171275034 -0.0013176198502351337 0.03724333785992093 -0.8271739891703357 3.388688672002848e-05 0.5607103746826554
1403715891.084058046 -0.0027148279966614664 0.0018974487044715472 -0.0020146855412174606 0.037118553370017494 -0.827105213394549 -4.617058228175861e-05 0.5608200931132477
1403715891.284058094 -0.0028204983463470494 0.0019981907906056174 -0.0027280361790578385 0.03711647022389652 -0.8271073910873561 0.00011847644577633564 0.5608170086669246
1403715891.484058142 -0.002530684628504518 0.002047907161382068 -0.003141908234575335 0.03711506629606872 -0.8270654731313671 9.679349299752948e-05 0.5608789224412389
1403715891.684058189 -0.0022259335044228865 0.0020590938036187034 -0.0031483654950008617 0.037085904835042365 -0.826962032447807 0.00015358103165568336 0.561033340333018
1403715891.884057999 -0.0016962377251170215 0.00218103352630928 -0.0028969051964535474 0.03701149697483257 -0.8267300331160995 0.0002869041399161355 0.5613800131119275
1403715892.084058046 -0.0010082810557779116 0.0021467621586981757 -0.002955707034939992 0.037076368898678554 -0.826834021046601 0.00016669096786819135 0.5612226088846717
1403715892.284058094 -3.5837138016813516e-05 0.0023784910491586476 -0.0023270380332391007 0.03672123772804446 -0.8267240193699024 0.00020215248301921348 0.5614079671958392
1403715892.484058142 0.0002850621599269595 0.0028460835122826504 -0.002290236826634568 0.03686797574906725 -0.8266786211435141 0.00024539459114503707 0.5614651810129594
1403715892.684058189 0.0010688221987378607 0.00247498029238745 -0.001973643799624751 0.036851710447989315 -0.8264532814804948 0.0003648469398336828 0.5617978211544483
1403715892.884057999 0.000691988674038937 0.001611645515899965 -0.002515174389399224 0.03664827437949746 -0.8262331298885653 0.000763237389114904 0.5621344470215579
1403715893.084058046 0.0014503704312769142 0.0021846050258632825 -0.0023576969011472595 0.036352763485219375 -0.8256054093888338 0.0011732480354394064 0.5630744249776624
1403715893.284058094 0.0027383253968518524 0.003138082425979432 -0.0024954593048350216 0.03603719508837213 -0.8244737934671272 0.0018971978067788755 0.5647483378431155
1403715893.484058142 0.0024512248506599254 0.002604278776650233 0.002452929173809081 0.035787479823195904 -0.8196513656119516 0.004514214363672507 0.5717259107361128
1403715893.684058189 0.002772488190179609 -0.00622821729496913 0.026450313947989405 0.03260747339181417 -0.8034010417027092 0.01669259724735075 0.5943104206280867
1403715893.884057999 0.013834066853994374 -0.021140055034240966 0.05738201096495944 0.032386063175724365 -0.8096476254568017 0.01681391079298318 0.5857808104640989
1403715894.084058046 0.035211509355438014 -0.04160820530442634 0.0916880508284157 0.03147412757845722 -0.8244405348238592 0.014599141316219234 0.5648841021885297
1403715894.284058094 0.05045827958530407 -0.07266334625785036 0.14208361855981858 0.04316539362807141 -0.8177893839674427 -0.005154031248855685 0.5738734252646295
1403715894.484058142 0.06025203489678152 -0.12263778682691766 0.2087215474227435 0.04823783915934789 -0.8151009655209154 -0.016970398084043218 0.5770576509058392
1403715894.684058189 0.07278244755155686 -0.20094519880175876 0.2488516494100027 0.04033917897517474 -0.8231432510498013 -0.009862350665612984 0.5663132286377455
1403715894.884057999 0.07754861937852858 -0.29934633792607246 0.2947123850796123 0.03208801644215625 -0.8187008078409843 0.002243710771597449 0.5733186829358404
1403715895.084058046 0.07830455957641672 -0.40856759019575045 0.35283170504110983 0.030409187800516397 -0.8140114576082645 0.004620468191924512 0.5800338606094081
1403715895.284058094 0.08158360828345738 -0.5223438833456887 0.41178898664937125 0.026876137266491417 -0.8142951274029091 0.008500065135073023 0.5797662180794915
1403715895.484058142 0.08929046336161295 -0.6386600477794281 0.4661566943186158 0.025848402792287187 -0.8144564443178027 0.00867592292034602 0.579583720219739
1403715895.684058189 0.10078877934522083 -0.7542243933952484 0.5200164369377863 0.02492997051011274 -0.8150443070435489 0.008292353468994073 0.5788026528966443
1403715895.884057999 0.11146164814634595 -0.8694396439360983 0.5711961420249148 0.024120455698603716 -0.8155782011649932 0.008128885224184802 0.5780867777646868
1403715896.084058046 0.11909700986724887 -0.9817050688592445 0.6188539002800784 0.02012215710123624 -0.8161439032663225 0.014246733496623188 0.5773224909350586
1403715896.284058094 0.12163324998411529 -1.0861095380845809 0.6593120802699262 0.004787933427472645 -0.8145715861403576 0.036319099178289634 0.5789051129340045
1403715896.484058142 0.12274764639665042 -1.1582590656049405 0.6987969587578388 -0.014440276389685163 -0.8101126058944753 0.06438399688475464 0.5825493499556701
1403715896.684058189 0.12772896335533773 -1.1728980041385204 0.7393793659317105 -0.022218385618006153 -0.8032099399102941 0.07647134054997443 0.5903492778383819
1403715896.884057999 0.14365460946318728 -1.1241187402016521 0.7784582160129305 -0.027227619060215688 -0.807103933216803 0.08685385029325952 0.5833509290602786
1403715897.084058046 0.16448498999273747 -1.0050050446315268 0.8181262542353347 -0.04169466974001343 -0.8116884238002974 0.10987631356048327 0.5721456570683653
1403715897.284058094 0.17886002347697932 -0.7983781393970795 0.8609619282547851 -0.032299900652286384 -0.8145881117576289 0.09447619826583345 0.5713818097928915
1403715897.484058142 0.18591093484417204 -0.5263694820224538 0.9082593103926603 0.0035484736659181348 -0.820428899171688 0.041093399640111966 0.5702588554722876
1403715897.684058189 0.1863445795130488 -0.2376628736826661 0.9527975346643789 0.004641030959883852 -0.8210215246166623 0.03734056426539274 0.5696558603297894
1403715897.884057999 0.17981825763991366 0.06679525542013837 0.9930412626245989 -0.007595257531181106 -0.8161746707227674 0.052806527369524695 0.5753370226230515
1403715898.084058046 0.1681220925664533 0.3964809890084774 1.0341241461545465 0.0016685766664102947 -0.8059564591744048 0.03802493698617458 0.590749952123681
1403715898.284058094 0.1677088931764707 0.7412315054801876 1.0703686735392888 -0.001060525981087277 -0.795025453218437 0.012487918922387075 0.606446581242257
1403715898.484058142 0.1943543434122122 1.0864397115513722 1.0875879452808994 -0.025618341998598314 -0.8043485310102969 -0.01540199246856481 0.593405358791768
1403715898.684058189 0.2309887248889458 1.4259636756327452 1.0882931239925293 -0.06021734145848826 -0.8114996285049085 -0.04436139613222371 0.5795466256111179
1403715898.884057999 0.2665797148285704 1.7498314550315772 1.0479940198971642 -0.09093520446941605 -0.8094529539628097 -0.06912396563821505 0.5759675175592801
1403715899.084058046 0.2957045136873138 2.0566631429222104 0.9595429506868234 -0.10748468389616274 -0.8104794010841908 -0.08123422664740959 0.5700624383055904
1403715899.284058094 0.3129190157555366 2.353376488973117 0.8597870215488904 -0.10998896794209721 -0.8238874675974304 -0.09161523734979185 0.5483780775634874
1403715899.484058142 0.2981375532128988 2.621788699852318 0.8089779447989194 -0.10240453294902206 -0.8358965234077178 -0.1014974112332942 0.5296117344803427
1403715899.684058189 0.23625592839069806 2.867863466946143 0.7912649494381646 -0.10022412499676002 -0.8358076041922021 -0.09661204444754642 0.5310808661689324
1403715899.884057999 0.12942163520474959 3.0950075182130368 0.7804697353134457 -0.08420059614934981 -0.8289222469617177 -0.10904706356834858 0.5421318160992821
1403715900.084058046 -0.0115440755839466 3.2909397401161566 0.774443862705039 -0.06470766986240849 -0.8228109562524369 -0.12858198014108682 0.5497833410670784
1403715900.284058094 -0.17643791971601971 3.4324845915445397 0.7672590741495217 -0.05612570279464881 -0.8206809593543678 -0.13769687549222204 0.5516994099313814
1403715900.484058142 -0.3639748611749065 3.508772800261636 0.7622812810149431 -0.06301082259704675 -0.8217977583215967 -0.1279231810810096 0.5516463907208221
1403715900.684058189 -0.5707757672738217 3.532989848798589 0.7667910223668388 -0.08836086218194361 -0.8044477402288612 -0.09219408623768215 0.580134847891333
1403715900.884057999 -0.767353568308557 3.5375878809516488 0.7768987093659742 -0.09248120083014955 -0.7767493961506949 -0.08670081299109807 0.6169202315528265
1403715901.084058046 -0.9173382680170659 3.5239299231716856 0.7930561061041712 -0.08734201981406294 -0.7584866859842564 -0.09608726347753828 0.6386208237732212
1403715901.284058094 -0.9982241981251911 3.4816454693373537 0.8182234880291088 -0.08949273462225395 -0.7449283724844638 -0.09589724619173193 0.6541226861149927
1403715901.484058142 -0.9946702524666243 3.4120529791233483 0.8428574787910905 -0.10019745445061477 -0.7617379680498131 -0.08773231408666889 0.6340495084911951
1403715901.684058189 -0.9300949039571066 3.327137056092059 0.8679658561045726 -0.102564478497999 -0.7743110026865133 -0.08998076469513304 0.6179210797940831
1403715901.884057999 -0.8297118280911695 3.2257151367104004 0.8896118969865139 -0.10300756097172739 -0.7877757497178839 -0.09121090461339927 0.6003993516141155
1403715902.084058046 -0.7040284461654651 3.109340871686943 0.9107961221224695 -0.10308605717279055 -0.7900656618025381 -0.08942036548128657 0.597639952725921
1403715902.284058094 -0.5627087336191414 2.982644210061051 0.9230823872039974 -0.09318302749298334 -0.7935238698368973 -0.10062493063716456 0.5928839808263869
1403715902.484058142 -0.41193524375957835 2.836836066368862 0.9315235669048404 -0.09123092359551979 -0.8033928771863083 -0.10118273546212513 0.5796540843559832
1403715902.684058189 -0.2614386945245758 2.671438555756158 0.942272334165356 -0.09867127876379911 -0.8130186593896498 -0.07741870416733625 0.5685692415848559
1403715902.884057999 -0.12164343186260518 2.5049231256608815 0.9296833459961247 -0.07737957327853573 -0.8278142793988396 -0.053885809504310204 0.5530210122559763
1403715903.084058046 -0.017340566831657633 2.34624092909349 0.893838730179186 -0.03399077732842961 -0.8329296724727592 -0.03815971290979971 0.5510141777500991
1403715903.284058094 0.05305498916712177 2.1914116887377073 0.8566466773424405 0.006359235902582312 -0.8349948708851206 -0.023415814862923125 0.549722498474025
1403715903.484058142 0.08188077339014624 2.037838411818406 0.8313778122189368 0.02604312365429482 -0.843695303423004 0.0011173637970062669 0.5361890918233743
1403715903.684058189 0.060735786443401024 1.8874351122257238 0.8605544209510859 0.06251921164396301 -0.8417970257700499 0.029890979266092917 0.5353276052461388
1403715903.884057999 -0.002850658349860438 1.7382686842988766 0.9441532144524665 0.10624164938507441 -0.8248664112075423 0.07496306744722667 0.550171477010916
1403715904.084058046 -0.08907631883328368 1.5921419777760397 1.049166860121778 0.1657973436781329 -0.8020869070377987 0.12590288822397036 0.5597466365460564
1403715904.284058094 -0.17536120495251517 1.4640801354315953 1.1447687597863718 0.23841014805689106 -0.7807533367793079 0.16611508541743428 0.5531641770832414
1403715904.484058142 -0.2592356159807944 1.3488575900394362 1.218308896559742 0.30823453421731306 -0.7497766296977659 0.1958640612119804 0.5517823366150901
1403715904.684058189 -0.33135935344527734 1.2362348212328669 1.2436686135929995 0.3692117163690103 -0.7152895905026502 0.2187305925271744 0.5515436864900987
1403715904.884057999 -0.3706745786862131 1.124449910397682 1.2185697025921094 0.4147346051824899 -0.6898963824435912 0.27785819459833516 0.524245183525713
1403715905.084058046 -0.38444729169392294 1.0166646977560003 1.1506468637382525 0.46793694001257874 -0.645294068824457 0.33561581404619406 0.5019886555229637
1403715905.284058094 -0.3827528568927811 0.9344629580014058 1.0496604349495549 -0.5193725173918373 0.5952483037942076 -0.37190334737247294 -0.4874623526194659
1403715905.484058142 -0.3547302633726125 0.8987557196607966 0.9487918468113594 0.5730126963188715 -0.5695106921713935 0.38162743850598263 0.44908186284824164
1403715905.684058189 -0.29470443756956766 0.8885700029659365 0.8627510698933636 0.6104603892127568 -0.5488107061798786 0.41005818404763883 0.3974886258500196
1403715905.884057999 -0.21897104528112205 0.8887444234928773 0.7820090880294988 0.6514972518606605 -0.5149189124624806 0.44410373902913897 0.3364249000695689
1403715906.084058046 -0.14496634312114812 0.8854734676797037 0.7062613633334855 0.7120087391728093 -0.4568147020972092 0.45450068806812366 0.2789139792749648
1403715906.284058094 -0.06302613699894033 0.8594667311298715 0.650461377741921 0.7552043011288042 -0.36265215203154444 0.4821802098145881 0.2562267071298574
1403715906.484058142 0.041227372838194484 0.8323830366587951 0.5982376722501643 0.7863035922006393 -0.278469873531607 0.5077903036428898 0.215244507372256
1403715906.684058189 0.17371215373242632 0.8200544631901711 0.5668821843081459 0.8004622623402958 -0.21042883918861563 0.5391788131592086 0.15577572868393505
1403715906.884057999 0.31449565779865685 0.8261704449491236 0.5706626801840599 0.8107854509799313 -0.14430413623084148 0.5608473334480977 0.08516770109666556
1403715907.084058046 0.4386820725753723 0.8487433612711446 0.5543589047556112 0.8160262910509662 -0.0589546102709517 0.5741133635595883 0.0319263531223013
1403715907.284058094 0.5431508048457476 0.8843763267249318 0.5404254558245252 0.8173983582835199 0.040594917815062824 0.574370290607545 -0.01762798316278661
1403715907.484058142 0.6297669743967356 0.9427472185294471 0.5761447869424562 0.8057162936178223 0.1343743320938686 0.5722444576905319 -0.07280847282797696
1403715907.684058189 0.6940258051625924 1.0226114732400082 0.6264008611311098 0.7886322898405269 0.20773184898888 0.5652544220434873 -0.12407267506110299
1403715907.884057999 0.7288429883458938 1.1172078267858077 0.6720710056530314 0.7629988692205936 0.26075689456312673 0.5622654616857661 -0.183565024177182
1403715908.084058046 0.7320918814874283 1.2087923278637256 0.7061312213285624 0.7364163181031315 0.3131580351273294 0.5463150009722209 -0.24731148614516563
1403715908.284058094 0.7095656105175951 1.2893369376632309 0.7313765204377787 0.7011602297072912 0.37928850533130154 0.521656927021584 -0.3039549514167499
1403715908.484058142 0.6675322435774881 1.3492440479558092 0.7534473622074047 0.6596113702344206 0.44863682889400347 0.48712837185936175 -0.3554487098683193
1403715908.684058189 0.6123630216741697 1.3828289548036716 0.7775546975015221 0.6025865364281632 0.5184856863456417 0.45440794617682917 -0.4019645228394754
1403715908.884057999 0.5544924460006512 1.3894804961107499 0.7899881177231503 0.5429945009696459 0.5744071364283772 0.41786286423439684 -0.4478884238632017
1403715909.084058046 0.4894793501145289 1.3653604575079612 0.791446879581495 0.4890361235317616 0.6346570082987227 0.37216101437356947 -0.4685619821098906
1403715909.284058094 0.4122681535281619 1.3191237304595969 0.7862552838028911 0.4352529073733235 0.6807572732694465 0.33094975105973184 -0.48743892313529574
1403715909.484058142 0.325221765538621 1.2625381472269828 0.7708961880740176 -0.37802081543677846 -0.7142715518042444 -0.3007745858016123 0.5064099741469914
1403715909.684058189 0.21658759727613197 1.190194852983163 0.7408831849541968 -0.31022810136725004 -0.7456399432128913 -0.2689631980503405 0.5248222540080337
1403715909.884057999 0.08924395632036713 1.094056430974984 0.7032969590438847 -0.23674142419673455 -0.7694159775639227 -0.20779125625522907 0.555675575639691
1403715910.084058046 -0.04027456529835996 0.9716933394953425 0.6643521390636229 -0.14532454035429193 -0.7795349472544165 -0.12995526823067205 0.5952458922486765
1403715910.284058094 -0.14490418862046756 0.8324871489811535 0.6144877738563925 -0.047950017610198896 -0.7956042692676232 -0.05861053103650411 0.601065261170433
1403715910.484058142 -0.22039888823392254 0.6850873249001014 0.5705857608951859 0.03308330400829788 -0.7902975105243627 -0.0026065508921287333 0.6118239499621467
1403715910.684058189 -0.25567835873734024 0.5335507134676769 0.5340583078566683 0.10034517563546488 -0.7802230425875317 0.04639295598232987 0.6156545648148096
1403715910.884057999 -0.24939799298957024 0.3780071200461118 0.5085888284360964 0.1584530111666786 -0.772780185533273 0.09479218037031124 0.6072214346018787
1403715911.084058046 -0.1982787735582861 0.22739804823483575 0.48466164612813306 0.21341105422038595 -0.7600984865249187 0.14559196355716297 0.596245748719932
1403715911.284058094 -0.10713212663907021 0.09274053883448938 0.462098344720078 0.26878207027030177 -0.7372406057821604 0.19593204199710668 0.5880842820599498
1403715911.484058142 0.018719830154983935 -0.009470600114533587 0.4340693095764443 0.3251813651705097 -0.7234016445471184 0.24121895642574442 0.5592499937176638
1403715911.684058189 0.17030274095173908 -0.08108607425901365 0.3989260834134839 0.38273251779149703 -0.7142859941117493 0.2685212878556205 0.5207760136652826
1403715911.884057999 0.33343183529871123 -0.13550691264289189 0.3976319457470288 0.4389332478672895 -0.688666186534253 0.28667060344210904 0.5008956503735809
1403715912.084058046 0.4929768587978802 -0.181091511687106 0.447160504815026 -0.473921205915014 0.6667675462320077 -0.31442122282659757 -0.4816212459101241
1403715912.284058094 0.6454328839505916 -0.2190341573148854 0.5093703730105527 -0.496904249474958 0.6490944299493667 -0.3430207479544871 -0.462708714349715
1403715912.484058142 0.7945537715488269 -0.24967831536556484 0.5638446058723741 -0.5237806379442028 0.6282328013083798 -0.3651837899054609 -0.4445426754151496
1403715912.684058189 0.9428997081291469 -0.27637019568454474 0.6151404796640344 -0.5578879965270576 0.600318872826834 -0.389662256498674 -0.42016849015518565
1403715912.884057999 1.0891465517667425 -0.29644541555537646 0.6624987906357857 0.6023309888965088 -0.5553786117382604 0.4231019307717395 0.3869583099197258
1403715913.084058046 1.226286508531067 -0.3075854010116796 0.6642265530138424 0.6503086518793341 -0.4993508507821761 0.4566807767168493 0.34523912479808216
1403715913.284058094 1.3626531487442868 -0.30982140690690313 0.6350295608147293 0.6874352573798698 -0.4358242558759586 0.4900712728730939 0.3119617483055011
1403715913.484058142 1.4874814538488013 -0.3009550437525889 0.6098045773049197 0.7113034700591571 -0.37440666761562785 0.5083180488390716 0.3089980290410284
1403715913.684058189 1.607573043116594 -0.25180742783703264 0.5892274690737237 0.7213884322016166 -0.3315234908722257 0.5092146456750339 0.33225193681253307
1403715913.884057999 1.743887294142867 -0.14379460405157088 0.5710815222286176 0.729813219343238 -0.33741278023670335 0.5003856623686626 0.3211533426584781
1403715914.084058046 1.9023392571665734 0.015102664108984115 0.569781873557061 0.73310394854624 -0.3532832098617991 0.4914814130458004 0.31015414697566207
1403715914.284058094 2.0816852955982577 0.20796261205576788 0.5761396195122764 0.7282302328521044 -0.3822770059626505 0.4846066005221923 0.2978279056817317
1403715914.484058142 2.271217802827517 0.40500660153015683 0.5856275702395776 0.7254335579090375 -0.4312258151992334 0.45564026702829136 0.28316496327691904
1403715914.684058189 2.4701917414084655 0.5764242205240631 0.6006974147190093 0.7100032942016588 -0.47938757724659614 0.4338795926559208 0.27898274513167365
1403715914.884057999 2.674049359699222 0.6999708483861792 0.6096512963284167 0.6761593284397946 -0.5448890032778082 0.42840972101843916 0.2497391591394912
1403715915.084058046 2.848310489979237 0.7437387150948516 0.6199389601220541 0.654044350665081 -0.5756885708259012 0.42862956514281997 0.23892541235505352
1403715915.284058094 2.971048175103518 0.6958720831787971 0.6403422069252328 0.6471165243266517 -0.5663792145564871 0.43606635534476046 0.26514321224226506
1403715915.484058142 3.05123166249442 0.5858054635055262 0.6459101124604602 0.6570738498609728 -0.5259192388316624 0.4358623402278454 0.3188838823565186
1403715915.684058189 3.1205172720711696 0.4532886582400635 0.5936447325886657 0.6634376211104982 -0.5037861728080808 0.43492616703888853 0.3418906904370952
1403715915.884057999 3.1931239701819614 0.315069953834779 0.5230484903416039 0.6723171335778764 -0.5065147468593337 0.4283381085006232 0.3285710698126384
1403715916.084058046 3.26986799763482 0.16099943866403332 0.45945628549333006 0.6704354599962573 -0.5056203022005463 0.4348462419122835 0.32522784302248686
1403715916.284058094 3.342245904725529 -0.009717726835151042 0.3973018868399225 0.6510498689198669 -0.5174191221777404 0.4350863521100673 0.34512517496100337
1403715916.484058142 3.4089675770140464 -0.18701006228722336 0.33698108131668186 0.6157700780044435 -0.5519869703566099 0.42280670925750496 0.37063739989085376
1403715916.684058189 3.4661763604621276 -0.3640504119181633 0.2781177436504886 -0.5724463965014354 0.5992394359848645 -0.4017250292021895 -0.38965911051272045
1403715916.884057999 3.50641622828438 -0.5420731262882755 0.22631091971411482 -0.5278991427878021 0.6389804341742568 -0.3969101002473663 -0.3943207731124762
1403715917.084058046 3.507764284505111 -0.719961280165299 0.19357881884878422 -0.4947623129045825 0.654275287933721 -0.4011012751939998 -0.4077399518888508
1403715917.284058094 3.4589884815332987 -0.8835700546150794 0.1868471616335673 -0.48064748130159385 0.6298350014162022 -0.3780550516392529 -0.478915699930105
1403715917.484058142 3.4079913368478563 -1.012671663316157 0.1783520442791717 0.4660548861074687 -0.6355406149977848 0.35861604120859103 0.5002754289504205
1403715917.684058189 3.369886200664802 -1.1034047947088137 0.15953971891542812 -0.4562156565483403 0.6606897853584885 -0.3596316533020916 -0.47541703396738494
1403715917.884057999 3.3308944563791854 -1.151253269218891 0.13181501452337102 -0.4451436771385273 0.6495169412451692 -0.37704393344651105 -0.4876604576857933
1403715918.084058046 3.28779992118233 -1.144888991974691 0.11655244102094386 0.4541129870743862 -0.6363779890821605 0.36645876862785776 0.504492240651861
1403715918.284058094 3.2510718803678396 -1.0855332652170393 0.10398273548856882 0.4457994734360283 -0.6452536183846195 0.34438976030337165 0.5160487287494828
1403715918.484058142 3.226740884051307 -0.9860766593394737 0.05512473988795992 -0.4128749881446206 0.6895485760815394 -0.33808029634224457 -0.48965162984888694
1403715918.684058189 3.190487047772619 -0.8571822062285683 -0.031868588282849816 -0.3907169509704812 0.7164822213529553 -0.31888936853984473 -0.4819782789107391
1403715918.884057999 3.130318225371523 -0.7123533078697397 -0.08561436715457958 -0.4056594754739271 0.7224827418826851 -0.27582220054793255 -0.48721780686344107
1403715919.084058046 3.0601987349042528 -0.5876507416160451 -0.08314544148438689 -0.4238755396425942 0.7352550819173922 -0.24475940079125474 -0.46885213781285356
1403715919.284058094 2.9868939898738316 -0.5157669702375263 -0.04556351836919089 -0.4455008967518653 0.7152691662472496 -0.22181820131446298 -0.49062781859051674
1403715919.484058142 2.934371879553907 -0.49826331080553443 -0.02959168664578785 0.4405725127108129 -0.7025858900123938 0.237676526693664 0.5057457828376577
1403715919.684058189 2.901592829265815 -0.5105071553838315 -0.07023735509400235 0.42603283144215554 -0.7047967816584901 0.25870973324423013 0.5048037212837995
1403715919.884057999 2.883069057597598 -0.5415943579693718 -0.15034687137671693 0.42861986043362343 -0.7015670445812456 0.25324429270475635 0.5098588289045597
1403715920.084058046 2.886534961012525 -0.5929869063346618 -0.22329567651319393 -0.4322202210262796 0.7106625872943415 -0.25078040254794104 -0.49523081210081554
1403715920.284058094 2.904182019273629 -0.6724970729147006 -0.23858701948498237 -0.42979412553561963 0.7155227227695764 -0.261556070661088 -0.48465726524612623
1403715920.484058142 2.923217323171956 -0.7794880030886462 -0.20419180218131552 -0.42346345587657264 0.705855934892959 -0.28872165397361677 -0.48896411651596544
1403715920.684058189 2.9372283876233354 -0.8883786685685493 -0.16379037147572373 0.41530922577793605 -0.6925901500000851 0.312303136211035 0.5003037899310816
1403715920.884057999 2.9533310353978193 -0.9767903880353341 -0.09950101138900022 0.42319896633886117 -0.6780494806813535 0.32790128321204587 0.5036191865938281
1403715921.084058046 2.9726094738851385 -1.0319594552609046 -3.2885489694503556e-05 -0.4496236285390933 0.6792910491526916 -0.33751178263913645 -0.4716863998253278
1403715921.284058094 2.9775268001780426 -1.0683450871885964 0.11281228075245793 -0.4755569532506476 0.6699078656185469 -0.33894005865125104 -0.4584633817862679
1403715921.484058142 2.968062438609429 -1.1017474156904683 0.22308522425128657 -0.4955615835854692 0.662314471010983 -0.3275775053934829 -0.45656460257441495
1403715921.684058189 2.9585136242668653 -1.1460642416936695 0.3556844913826453 -0.49901015216308786 0.6602219893419601 -0.3257091910796725 -0.4571753664337023
1403715921.884057999 2.9539998288653924 -1.2009540312711042 0.5094523804689294 -0.48987871917717646 0.6649852372523319 -0.3351673989413257 -0.4532949254301754
1403715922.084058046 2.9460092634724164 -1.2601691929422456 0.6316754748431587 -0.48409549216967507 0.665339054957222 -0.3368738126823854 -0.4577024478179247
1403715922.284058094 2.9321750361235686 -1.3194679254019193 0.7702641599729068 -0.47497250534966867 0.6590205057227685 -0.3452239562022187 -0.47001437452796524
1403715922.484058142 2.9182892296404934 -1.366639167209656 0.9371856024622223 -0.47771427058910787 0.6525505874784979 -0.34169350754951616 -0.4787612696903886
1403715922.684058189 2.9104142179180883 -1.3917829148285767 1.0853698549375452 -0.47341644383171544 0.6527280897839782 -0.34986336875504304 -0.47688419424439804
1403715922.884057999 2.9031141070634323 -1.3993309968094707 1.1924328014601944 -0.4802348869546881 0.6500335082250215 -0.34221731072371037 -0.479289269416064
1403715923.084058046 2.9042102426593934 -1.3940578137183126 1.2552965310698796 -0.48542487642836335 0.6486378107713079 -0.33538863612076036 -0.48077660357325297
1403715923.284058094 2.9213646398425928 -1.3769899569777713 1.3334212741703364 -0.49108509392803507 0.6554100562576707 -0.3281706059078567 -0.47071981272955093
1403715923.484058142 2.952080794302941 -1.3581971059946025 1.4364422274510207 -0.4823085125008509 0.6673793995059558 -0.34193229786131046 -0.45284162746333345
1403715923.684058189 2.9728857569909257 -1.3394558959720613 1.4867721140558898 -0.4689094295897191 0.6738404008567958 -0.3611225110838561 -0.4423274725851489
1403715923.884057999 2.968061598095648 -1.3129982064357029 1.447522728398964 -0.4624366579521157 0.6675536810077571 -0.3717682558095548 -0.4497919344846866
1403715924.084058046 2.936310366062618 -1.2705589642576451 1.3533820083314598 -0.46222941302424014 0.652614446223185 -0.37311958631372594 -0.4703404390707138
1403715924.284058094 2.8928078383826117 -1.1976308629470216 1.232427130385329 -0.4711221970383066 0.6486197861440461 -0.3611557260378092 -0.47634314315463505
1403715924.484058142 2.8484158272220625 -1.1007816822480723 1.115819679926543 -0.48056700676051406 0.6571042890627763 -0.3461462873446137 -0.46631754531238045
1403715924.684058189 2.8003434461315218 -0.9986781936476921 1.003532097156581 -0.4768927925911938 0.6724545653493087 -0.34169859763093496 -0.45124293932712073
1403715924.884057999 2.7324110677831395 -0.8985329253876226 0.8959351964476368 -0.44483265158030844 0.6907099575841188 -0.3386155139348388 -0.4586754847437464
1403715925.084058046 2.637189054858091 -0.7884179417209872 0.7989833161276764 -0.3998077897639633 0.7003472630682521 -0.3170031335607986 -0.49917577632492444
1403715925.284058094 2.535320681596374 -0.6539457232642497 0.7464492042479385 0.35269637683466537 -0.7145802837659176 0.28509676763488817 0.5326350691654996
1403715925.484058142 2.442403178385704 -0.4922265390224292 0.7340854874935613 0.3010300078006985 -0.751868785051592 0.25454178342096073 0.5284720853190702
1403715925.684058189 2.3438319133376653 -0.3104350799734452 0.7287031036156827 0.2498572436273915 -0.7789670358614861 0.21824398515382257 0.5321196085395783
1403715925.884057999 2.2314989849050573 -0.1105304932219722 0.7254678685768527 0.1953680873824432 -0.7922555803581158 0.18068649646513707 0.5491036293989918
1403715926.084058046 2.114003173536994 0.1099614084986687 0.7199513031986827 0.1374378762654458 -0.7959197202803795 0.13898635903510076 0.5729794246206908
1403715926.284058094 2.006947381890823 0.3466435511739561 0.6752856765751666 0.06649342443516228 -0.7918351799263783 0.10080490926942894 0.5986769100316814
1403715926.484058142 1.9267899170938676 0.6136393287786208 0.5954679712671778 0.006613136153923816 -0.7822147757954607 0.04348607722969465 0.6214541592464491
1403715926.684058189 1.8906167345551617 0.8859887718905904 0.5051837819674649 -0.048265324788990656 -0.7857462558304364 -0.01347034348783487 0.6165158795342341
1403715926.884057999 1.8914410467844758 1.1555531148993894 0.426852444178308 -0.09327954409939694 -0.7998164439843382 -0.06878765105073154 0.5889489295752935
1403715927.084058046 1.9049006908320174 1.4084968386689896 0.3956363381451555 -0.13146949111318604 -0.7987601951283931 -0.10762658057400121 0.5771606732435628
1403715927.284058094 1.920552466419186 1.6328025694539428 0.3813592698613604 -0.15068607206748028 -0.7824616681283965 -0.1635000435888469 0.581648675182181
1403715927.484058142 1.9378278831539844 1.8032706041101452 0.3742536817851084 -0.17387013730541198 -0.7543393873372667 -0.2057140217073202 0.5986843954356811
1403715927.684058189 1.975753921659984 1.9141666169027642 0.36366358229768736 -0.2299089310958427 -0.7191918100383385 -0.21378045172967522 0.6198410620752494
1403715927.884057999 2.0587198347216753 1.971440298830359 0.34162232420500444 -0.2858548746955139 -0.7022614501805929 -0.25901926680261633 0.5983517908624536
1403715928.084058046 2.1799545140879224 1.9725210907472077 0.30140600680731067 -0.3515404737097559 -0.6859438268150255 -0.31081694194741327 0.5561413403056882
1403715928.284058094 2.3157214427228703 1.9237570001490023 0.21245691110546616 -0.43528957250356887 -0.64817711448102 -0.34396459869158846 0.521610746802651
1403715928.484058142 2.4589135590471494 1.8318678084059772 0.0960562762983467 -0.49778341581885854 -0.5903453053301357 -0.38763617007185597 0.5034305225776938
1403715928.684058189 2.608208130758983 1.6878043090785133 -0.02156162173597931 0.5523839297022006 0.5672129757807253 0.39726326942657947 -0.4640294485021896
1403715928.884057999 2.7581125677033502 1.518868973404572 -0.07843991074202156 0.5860501979892871 0.5939084028587975 0.36846017760854427 -0.40994520605454826
1403715929.084058046 2.894666654734296 1.390366909901783 -0.026667363896525825 0.5842470366128726 0.6373400786341037 0.3222664014354778 -0.3854833211457794
1403715929.284058094 3.019490639706709 1.3485296840842773 0.07260438290250672 0.5598696191508566 0.6741869198049407 0.3062003262470114 -0.37183244468718357
1403715929.484058142 3.1119445901891067 1.3925579900466787 0.15608903113102357 0.4834812461067505 0.6923262776030138 0.3817582523008617 -0.37575370497666727
1403715929.684058189 3.120509430045495 1.4596855790480214 0.2334585146766699 0.43642584733147477 0.6901894437234026 0.4382802406675087 -0.3756080965505654
1403715929.884057999 3.017152453220582 1.5096380926744315 0.2938457896794303 0.48465499993939226 0.6558078237571 0.3940768408811849 -0.42394465772540524
1403715930.084058046 2.8648587094551323 1.5509800849375333 0.31361890955679034 0.5231785672296294 0.6071136482003683 0.3512886161047 -0.4840387517086471
1403715930.284058094 2.741186937413734 1.5746479581493154 0.31704089653729617 -0.5460537766352093 -0.5763065949554775 -0.3245652071198819 0.5141530977841362
1403715930.484058142 2.6878427318357776 1.5806626388420166 0.31382000710803554 0.5537081687832095 0.5913614930571159 0.32455113619178066 -0.488226800113044
1403715930.684058189 2.6846580995621805 1.5887429466195346 0.2801077939467354 0.5638703238006451 0.6124175712617723 0.3181213102687103 -0.45364502455081157
1403715930.884057999 2.7206814601102383 1.6321460140558641 0.2909449335031884 0.5648151903989135 0.6228792717256628 0.3228389568318695 -0.4344884595715584
1403715931.084058046 2.7752246998220436 1.71512582367138 0.3419810155566521 0.558358490776265 0.641278874652737 0.3353865728727365 -0.4056020801707981
1403715931.284058094 2.8165404706841075 1.8485769548696955 0.3815696139665887 0.5625302337115994 0.6475006504559301 0.33074673496990686 -0.39358511293784265
1403715931.484058142 2.8406427054638628 2.04422226163901 0.4657202296415855 0.5600054419688311 0.6400330774472436 0.3342899278952486 -0.4062041467618493
1403715931.684058189 2.8505551711568544 2.286762359326136 0.5282361406527138 0.5479818111125951 0.6402490796798804 0.3449640495844332 -0.413275761632804
1403715931.884057999 2.845184913477451 2.557047882918456 0.5476586284304605 0.5336690119449973 0.6386858250690289 0.355406993543774 -0.4253982504498243
1403715932.084058046 2.8250623663125354 2.8400490919454278 0.5717582510225233 0.5135837574196455 0.6220009774113991 0.37504153694187886 -0.456826393482604
1403715932.284058094 2.795358315830222 3.098457271469044 0.6177317078999295 -0.47989051392980847 -0.5895478947483282 -0.41452435446279945 0.5003078392307654
1403715932.484058142 2.7635952567276463 3.282833071702812 0.6734774177404595 -0.4549580004110754 -0.558716602729404 -0.4410708725017426 0.5350751920314512
1403715932.684058189 2.7400993781653757 3.3291516416843043 0.7354728464081235 -0.43724047615037587 -0.5324324033816112 -0.4568058126145082 0.5627299098209486
1403715932.884057999 2.740510866817202 3.2077215101080157 0.7895050904831438 -0.43946776886686095 -0.5326443481926585 -0.45917731092139347 0.5588508527335629
1403715933.084058046 2.7591804806804974 2.9404453405908524 0.8322282198593387 0.49544467366031336 0.5884595165867006 0.40993969700087973 -0.49010143593249883
1403715933.284058094 2.7789495446422285 2.615620379541966 0.8743376668055229 0.5432427985714925 0.6359919837326702 0.3534541300670846 -0.418893347245538
1403715933.484058142 2.788457130915476 2.323222460272673 0.9176917084676018 0.5923082684531052 0.6639149207377408 0.2806517586872169 -0.36003122571475715
1403715933.684058189 2.79064979483779 2.1616171434662177 0.9795959522445905 0.6203948592266285 0.6804416522091074 0.23460856498550622 -0.3115576958117923
1403715933.884057999 2.78423331724408 2.2125016661406987 1.0790949315659686 0.614379728308922 0.686014698659466 0.24832398542204695 -0.300427330531593
1403715934.084058046 2.755006213045046 2.4558814188229783 1.2337138401804184 0.5703545529548272 0.6368878622777271 0.34002424981892526 -0.39173083149290394
1403715934.284058094 2.714859983567877 2.7420604506766217 1.3633272290074945 0.5062960466387831 0.5632692917741144 0.4323953132638712 -0.4893120795257139
1403715934.484058142 2.6761764706878566 2.9559691383591615 1.4221917224042666 -0.46222973119778116 -0.5144746323482148 -0.47784923061805135 0.5415899196488453
1403715934.684058189 2.6490264234410867 3.0222384074110917 1.4440106543492748 -0.43277328652202707 -0.48467315651472903 -0.4974950402076136 0.5747154937847331
1403715934.884057999 2.6461522675685116 2.8758756304969646 1.4609651504197148 -0.4443844984832009 -0.4983819305196942 -0.4766317180251164 0.5718042271723638
1403715935.084058046 2.676012952934088 2.5515422526332374 1.4717341856861637 0.510170398768878 0.5713910627141635 0.4071044704220574 -0.4974981083711392
1403715935.284058094 2.721160868768891 2.163964472061443 1.4418901705419847 0.5598516480485255 0.6252157305657804 0.3452210691080846 -0.42011169452226516
1403715935.484058142 2.7643376179053174 1.8031905084726327 1.3692693320108793 0.5824437717072042 0.654616772540855 0.3092748541466886 -0.36957434773027964
1403715935.684058189 2.794978346392291 1.5386347224416503 1.2695397842477887 0.5926807867606996 0.6693364082567802 0.28964090106672197 -0.3417987800094101
1403715935.884057999 2.8015850158871523 1.4212359072951384 1.1849704894743276 0.6014134100575627 0.6804434091532535 0.2730062091922164 -0.3174370597226444
1403715936.084058046 2.7789170837366814 1.482040748968888 1.1502511525184107 0.5863448232144182 0.6605267151230246 0.3090625487962246 -0.35268193578642715
1403715936.284058094 2.736428284084262 1.650611729548741 1.147282271652776 0.5386649280415237 0.60633654127239 0.3913502788582738 -0.4347885155492245
1403715936.484058142 2.6839807821642934 1.8157850912849036 1.1340369194937376 0.5130467427190936 0.5616205547418619 0.4307621292344201 -0.48560208019975687
1403715936.684058189 2.635134627047935 1.9083480285158176 1.1116497135716534 -0.5098232551564696 -0.5378056785289571 -0.43606869732569736 0.5105775081778067
1403715936.884057999 2.6038907186941365 1.903223994109679 1.083597655378386 0.5218647568760039 0.5534891394223799 0.4266462028042386 -0.4891625146156113
1403715937.084058046 2.583999915394249 1.8341817340778799 1.0497395010972186 0.5308472457941147 0.5752835180136161 0.40661126356455346 -0.47108105022089586
1403715937.284058094 2.5658417848354653 1.7333726843045603 1.0067634176312412 0.5237019354669001 0.6097287255526028 0.37185303359344657 -0.4644270507105219
1403715937.484058142 2.5473609507108734 1.621249539037827 0.9316075266830456 0.4932295776681363 0.6426752205973438 0.34535577216334634 -0.4737325565939581
1403715937.684058189 2.531219750579205 1.5137095073518263 0.8143206523323309 0.48219002167789454 0.6872473404423618 0.29962733010509457 -0.4532188644610746
1403715937.884057999 2.5056736671138102 1.4423654184750658 0.7060511892671297 0.4616163114515987 0.717679286730445 0.2678500080004688 -0.4473289568250416
1403715938.084058046 2.456390723540298 1.4254804811300072 0.6128986685030583 0.4306444937244112 0.7436431653655476 0.24311470448154457 -0.4499282199361937
1403715938.284058094 2.370030927402769 1.4763149120922956 0.5681519190312381 0.3864181117522583 0.7655695950423836 0.22488349155080353 -0.46261393546298035
1403715938.484058142 2.2423771251839666 1.5771069317549544 0.5905813739867701 -0.31970207907015336 -0.7667761877842967 -0.22917815454833929 0.5072693879623528
1403715938.684058189 2.0923136792196946 1.6865375871518733 0.6118483039302277 -0.28336719528737303 -0.7690232253629573 -0.20802068054994313 0.5338854820572143
1403715938.884057999 1.934260194924887 1.7989654168453728 0.6155748129325525 -0.2798866970917078 -0.7951591273539399 -0.18280288321866464 0.5059333008059661
1403715939.084058046 1.7463868129621738 1.931470142401326 0.6115871458855147 0.2810050125443437 0.8149087265163772 0.1652283711678818 -0.47922806233966
1403715939.284058094 1.5060106944068905 2.1021612203579085 0.6250630792553219 -0.26476515423024627 -0.7887284813635316 -0.1790462529515424 0.5251183058093193
1403715939.484058142 1.2458378699044748 2.282403073813888 0.6447790256340804 -0.24518344235024872 -0.7380610823119942 -0.2019646495182763 0.5952824528903905
1403715939.684058189 1.027728142328631 2.421983703723015 0.6689327620254915 -0.22900914775807968 -0.6877051032411338 -0.22533350646155192 0.6510309609269012
1403715939.884057999 0.8986418448684559 2.479329340903921 0.7186617975683277 -0.22078773956484096 -0.6492652081512716 -0.24215156602541507 0.6863454542823045
1403715940.084058046 0.9002403853431169 2.416527449528705 0.7900943181551786 -0.2354286618750774 -0.6807462092591527 -0.23718836107506897 0.6518432519540122
1403715940.284058094 0.9934457082865454 2.2653042012743576 0.8664867401783564 -0.2645531311294791 -0.7527780488301186 -0.2090011795003636 0.5653807186110598
1403715940.484058142 1.0978504141082217 2.091715523669096 0.935951049642874 0.28953164380741386 0.8094240330947389 0.1739452168576347 -0.4803615548890186
1403715940.684058189 1.146220603676505 1.958029183998592 0.9988507346532105 0.320210317196942 0.8510935583991123 0.12766892030477153 -0.3959870634258006
1403715940.884057999 1.070112172133857 1.9531791886505308 1.078626396660277 0.3220366975815637 0.8664581739290209 0.12190420048322052 -0.36149960462924374
1403715941.084058046 0.8388108139822138 2.086473457236066 1.2079800465081962 0.2983621991160216 0.8139080127421936 0.17209046366485617 -0.46788739804417007
1403715941.284058094 0.5546024858902102 2.264184081789602 1.3498668822537039 -0.26560819490894333 -0.7144993688884129 -0.22207165134758955 0.6079696705622627
1403715941.484058142 0.3195437212823926 2.4005537820374143 1.4527183054924275 -0.2522838856393752 -0.6579820614927709 -0.23335789365140397 0.6700421936501313
1403715941.684058189 0.17558391780165658 2.472201917964557 1.4725009930674235 -0.24686660227730003 -0.6250397086960406 -0.23204704134211815 0.7032328304608972
1403715941.884057999 0.16920278885997006 2.4546967872948313 1.451274104419657 -0.23849528831959127 -0.5916579142572169 -0.2322927580058216 0.7342349654740109
1403715942.084058046 0.3275758418342358 2.3311556103976483 1.3958236862016393 -0.24981089658987934 -0.6484158012530822 -0.23021698668005114 0.6812867264777145
1403715942.284058094 0.589517928929244 2.13662349683152 1.2798764035276733 -0.27977433013126307 -0.7440547416489482 -0.19872755299496198 0.5732505781162465
1403715942.484058142 0.8607184324258519 1.9322297693439685 1.0865941213945487 0.30485969030992494 0.802740399167701 0.16258760665370373 -0.4860387751312379
1403715942.684058189 1.079141919022251 1.7797972802071387 0.8800082438196124 0.31309024183199924 0.8367691633570861 0.14167593969310466 -0.4262860493102827
1403715942.884057999 1.1928884323151199 1.7217610659352418 0.6968435622785448 0.3068745658825885 0.8469039586790007 0.14061438327752102 -0.4108640660899019
1403715943.084058046 1.183605519094276 1.7635958769315998 0.542638891573177 0.2900623053046141 0.8440804225732341 0.15451016647773996 -0.4236964806618406
1403715943.284058094 1.0495681458353576 1.8862050918775246 0.47335325840350523 0.2698506721210237 0.8056461827901708 0.17775027105714097 -0.4965074863995864
1403715943.484058142 0.8602660977956366 2.0277313239963806 0.46133614653607563 -0.23448117060644574 -0.7340056103430775 -0.19809025914452097 0.6058172941148042
1403715943.684058189 0.7103214142974361 2.13362705240452 0.44536023202123265 -0.2181015461699282 -0.6980814258633575 -0.20496698232696614 0.6504633537557576
1403715943.884057999 0.6483507302220831 2.17580735940443 0.44462154632973294 -0.21830480647288025 -0.6650732483176715 -0.21311416340255018 0.6816178835687626
1403715944.084058046 0.7219259234175317 2.1220961914580103 0.482716275076244 -0.2360676367630731 -0.6904805997160937 -0.20032441009727608 0.6537421074158647
1403715944.284058094 0.8880226925796131 2.0022635742750032 0.5240528858329223 -0.2560945629438333 -0.7839597181464026 -0.144101874756203 0.5468613945479431
1403715944.484058142 1.0522500548218932 1.8935932555716388 0.5432502376410415 0.23158211518286942 0.8455365616277947 0.10224096157703069 -0.4700898133911825
1403715944.684058189 1.1413628572347232 1.8390436437489774 0.5664679870923935 0.1887223402117879 0.8757885754119398 0.06306821470199826 -0.4397734073105149
1403715944.884057999 1.0974677210202328 1.864210071276004 0.6113135170198656 0.12402262397361631 0.8804964040095067 0.04583971075980201 -0.45523970849080003
1403715945.084058046 0.9503785511375819 1.9326372509093412 0.6867090095039984 -0.04119878102341665 -0.8170802041386966 -0.06251974920002955 0.5716413923146341
1403715945.284058094 0.7964231044403982 1.9903609352002187 0.7565733016920249 -0.005319782946322434 -0.755259122967774 -0.07114628490886377 0.6515317054660621
1403715945.484058142 0.7136928721181336 2.0094897288808893 0.8302631847851205 9.332985775279646e-05 -0.7048656509445876 -0.07375247528799746 0.7054962634892854
1403715945.684058189 0.7597211875473129 1.9789549778284568 0.8860384356603154 -0.022196494401985407 -0.740446135893532 -0.05392668463827648 0.669581024343588
1403715945.884057999 0.8976199608635338 1.9201522093440075 0.9270162803396577 -0.04067915260290166 -0.8180564052653424 -0.04366098805500134 0.5720337773860291
1403715946.084058046 1.0280878183775273 1.850738347257294 0.967999022353065 0.04384567722019044 0.8697016342585269 0.0330583201431994 -0.49051378311603383
1403715946.284058094 1.0605146638878604 1.7829151994856691 1.0171074541649534 0.024938392367807902 0.8963901816952454 0.014255301138192853 -0.44233415551624805
1403715946.484058142 0.9471733315924526 1.7239635622434921 1.0952168746656163 -0.018782420694222562 0.8697308356949697 0.008862142383848973 -0.49308919735370593
1403715946.684058189 0.7471168063957364 1.6566912192860679 1.1885691263367073 0.04003069977208341 -0.8006790819130183 0.007432021790910485 0.5977083870210775
1403715946.884057999 0.5623273805301536 1.5842146907750625 1.2705489049249699 0.04720124533332564 -0.7573528772773871 0.01935969909869589 0.6510098799326696
1403715947.084058046 0.44296524388405667 1.5142925816436963 1.333745714603248 0.04816195109940949 -0.7278966714190281 0.022398901257096208 0.6836264706887385
1403715947.284058094 0.4383700780827685 1.453225366230985 1.3922463303196473 0.036696244233973635 -0.6800453511688899 0.026461726479364737 0.7317728356839084
1403715947.484058142 0.568532045356501 1.4148565644230033 1.3821022163734291 0.02736761994591569 -0.7376284421936106 0.023412366145638127 0.6742456197540126
1403715947.684058189 0.7846275041051929 1.387050486314044 1.3116342144193722 0.01555528778933229 -0.8151353203155057 0.03623092532396963 0.5779271257232117
1403715947.884057999 0.994827103887204 1.3751199754929109 1.200839435686562 0.021004683025762583 -0.8629410846069915 0.028897110612616524 0.5040401221998851
1403715948.084058046 1.1309844506967528 1.3720170024122067 1.073031615569229 -0.03477036161199656 0.8938469384717238 -0.019490305322565116 -0.4465969105769822
1403715948.284058094 1.119751328514128 1.3601051875088057 0.974773277260461 -0.04278519679980197 0.8983759376117602 -0.01808409042056082 -0.4367643155398919
1403715948.484058142 0.9584446442341326 1.3355274360913496 0.9249150564149299 0.04252375002794191 -0.8495192258515105 0.02409904646118652 0.5252885412348012
1403715948.684058189 0.7426786040339565 1.3104299406774647 0.8841865792317043 0.04030805060781861 -0.7919238159121488 0.01701256948302911 0.6090504932495434
1403715948.884057999 0.5567621046679936 1.2898344682436085 0.8339392458257834 0.035756899795858624 -0.7514610733883957 0.011607262148387996 0.6587055265935652
1403715949.084058046 0.450288455077689 1.2717040749511468 0.7856928820756752 0.04425654230155688 -0.726229221737158 0.02637202818119141 0.6855195052576344
1403715949.284058094 0.44826209405353873 1.2600423427039205 0.7346641027318573 0.07110989125482216 -0.7605107687497463 0.048066170237336774 0.643627529912025
1403715949.484058142 0.5088593237400628 1.2577303847345085 0.6795348924228055 0.10655033413691686 -0.8280927554256093 0.05925237422449358 0.5471732548803545
1403715949.684058189 0.5482337955969242 1.2492197334661725 0.6385683164464374 -0.14342238689584585 0.8590218630484681 -0.07178360103778327 -0.4861672267484794
1403715949.884057999 0.4987029006261843 1.2130332571520612 0.6190272651561449 -0.19042604904775362 0.8652600808235117 -0.08085367454238379 -0.4566460288787858
1403715950.084058046 0.3543147149542426 1.1326731612206218 0.6305419330281117 -0.24799110449082393 0.8381252980744529 -0.08115147673390097 -0.479020703775285
1403715950.284058094 0.15076007426143445 0.9866623691242834 0.6633389642155562 0.26173721802910105 -0.771120785728511 0.1231567092321419 0.5671849676142454
1403715950.484058142 -0.02657890977934549 0.8269504293695052 0.6915379609078648 0.24321611703823257 -0.7139251482297884 0.1662102934766472 0.6352408531264709
1403715950.684058189 -0.12239378357682915 0.7014992186545055 0.7197892576840972 0.22999422732421493 -0.6808598500509493 0.17981006269873154 0.6717148660993716
1403715950.884057999 -0.09460507844041259 0.6360201396116144 0.7567797393098786 0.22291335563273065 -0.6593692936274127 0.188955277034161 0.6927031642653659
1403715951.084058046 0.06535545549579384 0.6453224408568066 0.7836411965948962 0.23393071796319842 -0.7129653295597309 0.1859681458296176 0.6343285479751133
1403715951.284058094 0.2996550223418788 0.7024460117863232 0.8007759064528082 0.26795073380205303 -0.7849722267880995 0.16266324756785783 0.5343797108027422
1403715951.484058142 0.526153555437215 0.7499116382970427 0.818389173971199 -0.3027406549890271 0.8231033772941728 -0.1539543756921984 -0.4551340201626494
1403715951.684058189 0.6734762749832215 0.7323596553677492 0.8474491566204593 -0.3372203158946951 0.8354930205873272 -0.15627972534032836 -0.4047351214630702
1403715951.884057999 0.6979928531553942 0.6351179911726701 0.9004877967777272 -0.3653307500274457 0.8243882766726034 -0.1750509841590631 -0.3953157792379777
1403715952.084058046 0.6111821259300281 0.4485513072011134 0.9786909023992164 -0.3716458482506191 0.753319591099806 -0.24448428020687243 -0.48437216463739574
1403715952.284058094 0.49678311976057254 0.2536006027644727 1.0482876403242292 0.3744761374361971 -0.6807377070783641 0.30700264204419786 0.5496482278976358
1403715952.484058142 0.40105389501446786 0.12014599182685368 1.1046682689778324 0.37844056800285486 -0.6395397437358977 0.3412580240742117 0.5755993516999289
1403715952.684058189 0.3438495241659451 0.07812263718562001 1.159464875278579 0.3843293118696416 -0.6044039780767696 0.36870186430181495 0.5924911362911948
1403715952.884057999 0.3427925557188073 0.16270967012446572 1.2139958742234278 0.38152100212791173 -0.5756414975092136 0.3878042150095864 0.6104805337616552
1403715953.084058046 0.3940215468974049 0.3746617954963877 1.2391222443216083 0.4370197715982718 -0.6491859119317135 0.3390369222808164 0.5221353620590903
1403715953.284058094 0.45825165701313386 0.6335202763772373 1.2156362797102356 -0.482363861908831 0.7114151825904729 -0.28093852751199433 -0.42695091809717894
1403715953.484058142 0.49981009253036973 0.8448578455250942 1.1602228728604989 -0.5105787775666953 0.7345044249610315 -0.2529257680767508 -0.36856629994394163
1403715953.684058189 0.49443150207154735 0.9380208576528853 1.115213065350073 -0.5493756131152624 0.7298151884012718 -0.24437591271306816 -0.32532543672310626
1403715953.884057999 0.43413020417583575 0.8705632915178109 1.1036382351774459 -0.5854186702825567 0.7020454218918742 -0.24416159026205908 -0.32373187042107054
1403715954.084058046 0.3495704444384827 0.6545900157283038 1.1059466959920323 -0.6091903926446368 0.6199906271999417 -0.2636137477405749 -0.41833775791372074
1403715954.284058094 0.31072663459472605 0.3762381881737594 1.0791469947024614 0.5734890091426298 -0.559632618756137 0.33085522111232357 0.4984541213395577
1403715954.484058142 0.3395676553443107 0.12560573165679584 1.044147093401944 0.5131657218474552 -0.5411567187050872 0.413242749074717 0.5225330401601158
1403715954.684058189 0.41116393512412613 -0.01536947865588284 1.019920644792496 0.474380830808134 -0.5120625813347097 0.4595689631455074 0.5491366936132703
1403715954.884057999 0.5068997424508452 0.013019451469008344 0.9907266010701021 0.48797705322321466 -0.5281577327678364 0.4461524480142587 0.532799960563622
1403715955.084058046 0.6292037099950725 0.17740602594080948 0.9643234285135678 -0.5305418462565641 0.5827991178255636 -0.3897559793659255 -0.47640404509360995
1403715955.284058094 0.7644543946574016 0.3894681089059153 0.9421633418897809 -0.5585874635827923 0.6424261821222369 -0.33824152241623034 -0.4010752031303171
1403715955.484058142 0.8863549288110018 0.5626126234014888 0.9307123711926948 -0.5743461098150765 0.6768814996248049 -0.2994081243548845 -0.3497324072439863
1403715955.684058189 0.9717968920846393 0.6171372250688605 0.936804946931884 -0.5885069123714215 0.6946439436216034 -0.2863126912745303 -0.29858742186568404
1403715955.884057999 1.0119867437303791 0.5188760030283467 0.9785546502827429 -0.6021941226549623 0.6367170837760339 -0.3373933315493157 -0.3436849337606142
1403715956.084058046 1.0348884317346996 0.34952953821275934 1.0317347820898906 0.6014153578523957 -0.5400826707221339 0.4224073432790632 0.4101003687753997
1403715956.284058094 1.0611649960592304 0.2084651743977989 1.0799877061407195 0.621056988009688 -0.46103778005546747 0.4697332000885261 0.4255386042903689
1403715956.484058142 1.0971179025425288 0.15823503025381408 1.1347959275226303 0.6251047044565763 -0.39222508139022233 0.533270951393914 0.4135525195124717
1403715956.684058189 1.1141383227344397 0.23439357752231452 1.1948452654261705 0.6271590323912154 -0.34881396176800666 0.5755581589179813 0.3920882220492891
1403715956.884057999 1.089184729406097 0.44006820844624495 1.2416532182812554 0.6664673290359258 -0.37180749691995846 0.5487776132110687 0.3412090499987681
1403715957.084058046 1.0347438841171168 0.7210777467146402 1.2716795704463466 0.7168273348668931 -0.41126792813931407 0.48073196920226224 0.293110963730894
1403715957.284058094 0.984102183366814 1.0032106860405872 1.254750111995618 0.751387449226319 -0.44873056677031675 0.4158268864236054 0.24727672781525462
1403715957.484058142 0.9618751384680704 1.2197672991741568 1.1944369083889839 0.7780970617037397 -0.4786272008079116 0.3515473042153833 0.20468380032191694
1403715957.684058189 0.9957163049548027 1.3033830965019084 1.1199303096745852 0.7928539723704997 -0.486397615103034 0.3149037034018007 0.18877392855671526
1403715957.884057999 1.1117735725452182 1.2075492374346115 1.065105773468803 0.7691253804091872 -0.4592926968971673 0.37970741137821623 0.23090831412572438
1403715958.084058046 1.2862590985817066 1.0126682523981474 1.031418057078045 0.7213075764825214 -0.3961939065195614 0.491018209726343 0.2857391927327265
1403715958.284058094 1.460023655475119 0.8368424091516908 0.9907360624353556 0.683677896482505 -0.33417783016963537 0.5726352244372626 0.3049567369626621
1403715958.484058142 1.5891710224976925 0.739821624497866 0.9429920459370497 0.6579393658784684 -0.28250942102244037 0.6295302580871313 0.3016552204333479
1403715958.684058189 1.6278561289425895 0.7644426782822081 0.8906932223787779 0.6657794714008503 -0.25987604491580596 0.6490626408897836 0.2606143222123587
1403715958.884057999 1.5698443024095983 0.89195409956087 0.8359733269658058 0.7211631898876479 -0.267405472684744 0.6143734977669009 0.17596355296408528
1403715959.084058046 1.437434339622567 1.051753868030737 0.7806801078624404 0.784500037523237 -0.2649605727371329 0.551437841175357 0.10135034948808982
1403715959.284058094 1.282896614914079 1.174105887625002 0.7321800861211175 0.8394823537403794 -0.21525326137048145 0.4905837709092474 0.09090090730535422
1403715959.484058142 1.1696124795631049 1.2467972255253683 0.6785662711928898 0.8867557501692774 -0.18513384098267757 0.4174108226390201 0.07181856033843337
1403715959.684058189 1.184767391527793 1.2569367519281975 0.6630406921543319 0.9014603018496803 -0.15736265839034 0.39813142318094374 0.0640131846564562
1403715959.884057999 1.353630696327293 1.220329584862158 0.7168859072605567 0.8518827938262448 -0.1239162885505338 0.5049521115963247 0.06295890730984396
1403715960.084058046 1.5607593757412177 1.1749728417309653 0.7654725345235321 0.7750310510680929 -0.09537716484848463 0.6209702584412673 0.06801473691638289
1403715960.284058094 1.7035098959326838 1.151241438162359 0.7997669515433079 0.7270559247983205 -0.07919848728583988 0.6777966384007379 0.07555791686305505
1403715960.484058142 1.7198846232866924 1.1679919544207258 0.8411050293916599 0.700546026480307 -0.07310391741837541 0.7051681132467931 0.08141875767522691
1403715960.684058189 1.5890134674048615 1.2319197497227015 0.8711816825415691 0.7597061982265737 -0.0827569845158396 0.640080008122929 0.07934328637016703
1403715960.884057999 1.3780717810571563 1.330029912640336 0.8957013501840119 0.8413257197066923 -0.09582213704136651 0.5264595529802091 0.07635110011865885
1403715961.084058046 1.1911298037274594 1.4402836619860466 0.927052305599897 0.8940055455671745 -0.10863565931727429 0.4287013684437567 0.07188542769473343
1403715961.284058094 1.132231933244406 1.5340554752439042 0.9700609453442073 0.9154960570507743 -0.1306470720636735 0.3763169999042144 0.056425416873196015
1403715961.484058142 1.2488110572367352 1.5838009510186188 1.0455282187545987 0.8845551958413738 -0.136468133881424 0.44464355704241576 0.03508078001119447
1403715961.684058189 1.4607357469717674 1.594718173595801 1.1442862523321862 0.833110264205719 -0.0929086676205115 0.544747902945666 0.02334500788135477
1403715961.884057999 1.671428900249197 1.5934512455507324 1.2211370890322573 0.7757915553607968 -0.03480546466385718 0.6296801184141178 0.020952105742979475
1403715962.084058046 1.8129423840895855 1.600561890866755 1.2495605100239313 0.7143120163848888 0.00038524885608441216 0.6998160267786717 0.003965286360859581
1403715962.284058094 1.8118346730265456 1.6195554987417067 1.2336734876675792 0.6896156089042954 0.02554972818965668 0.7229832142306433 -0.03275355379896269
1403715962.484058142 1.6469610781068607 1.6338272980235653 1.1819220342580756 0.7258141844456697 0.03298268641635807 0.6812368174360985 -0.08956735244757699
1403715962.684058189 1.368342269037042 1.6106683677288676 1.092272946942234 0.7897469037830523 0.036061057228216044 0.5937249358968035 -0.14996709176230516
1403715962.884057999 1.0594665423637801 1.5208708378610756 0.9638532968570566 0.8341400733335244 0.06368350057829626 0.5207951808497064 -0.17007977368740126
1403715963.084058046 0.7800730205261153 1.3787895555319831 0.7891954464468506 0.8724120304871678 0.14168505586468913 0.4495402855318137 -0.12936817881687834
1403715963.284058094 0.5841203017133872 1.2463940731618293 0.5609255297209459 0.8957793150409165 0.20081314345047868 0.3784837142287641 -0.11833671546258942
1403715963.484058142 0.5435857163433095 1.1839664982694755 0.3314315788966613 0.8584477223375676 0.24265295139748536 0.4256267737458959 -0.15175276822088657
1403715963.684058189 0.6036610178305271 1.1846736625244163 0.13374882591407464 0.775183238632058 0.2684065233051654 0.5336854643073828 -0.20549625295537655
1403715963.884057999 0.6510778552260754 1.1895840199728738 -0.02014899406318954 0.7416975960928692 0.2862860697441549 0.5587372928649645 -0.23608811868238452
1403715964.084058046 0.6597854070961807 1.1781098328431188 -0.11840844980450674 0.7574398404340843 0.30731145239127483 0.5259698212509494 -0.23494745473430695
1403715964.284058094 0.6556085029720292 1.174421032384575 -0.12224500097480656 0.7760379109134231 0.33148732347693965 0.4919837600558551 -0.21408712021284176
1403715964.484058142 0.6579086358392046 1.2070596861196086 -0.05603328017422528 0.7683294881313715 0.31972927746127044 0.5028751835153537 -0.2335798291950729
1403715964.684058189 0.6646244224739112 1.2607390544685373 0.006507085782255284 0.7656025010578897 0.31355098341154064 0.5064476740966943 -0.2430007090074877
1403715964.884057999 0.6776818117430591 1.3182701288796361 0.10672432340838632 0.7572162601419818 0.2903469634272502 0.5148439210811527 -0.277953077211825
1403715965.084058046 0.6999658815467016 1.3547293026859186 0.19940176443590668 0.730625561010398 0.28792886223844505 0.5450983409449834 -0.29351500572873845
1403715965.284058094 0.7063840665790023 1.3476848381453341 0.2271928316052779 0.743408658302247 0.31575859112921345 0.5256264343273249 -0.2671271802461281
1403715965.484058142 0.7070522066868109 1.3226622817157547 0.24040311066812287 0.8027776504952522 0.3481462700595765 0.43456139878974287 -0.21330402994628672
1403715965.684058189 0.7590569955516513 1.3615143975423676 0.28757578217448304 0.8082952175794718 0.3502559546035776 0.4287713017238224 -0.2003366624495942
1403715965.884057999 0.8627131019240226 1.4724292820189464 0.3706381668889069 0.7415164660198127 0.31943444703786583 0.535076716615859 -0.24861189030946748
1403715966.084058046 0.9417777471955988 1.5746128020645445 0.4394258579355675 0.6846485594361986 0.2976607338583391 0.6033861745928781 -0.2803204628485934
1403715966.284058094 0.9449200681359791 1.608830726044145 0.5069816877355575 0.6676343067411644 0.2932070523151577 0.6196662953543833 -0.2903579503601117
1403715966.484058142 0.8655739500317191 1.560186582123355 0.562613096092267 0.743909520528214 0.3221324339708728 0.5314605553259047 -0.24572138365376905
1403715966.684058189 0.7687844545169525 1.5030227882465936 0.6156813684418163 0.811242076583408 0.33757261659207183 0.43512984848828434 -0.19645110501826563
1403715966.884057999 0.7303834660436715 1.5144361419607233 0.6741037362819174 0.8300170021785329 0.3372908458626353 0.40748464415354085 -0.1768132522504996
1403715967.084058046 0.7678828879211871 1.6123032995772455 0.7586488527622015 0.7787009270309565 0.31542346419353295 0.5004383335398286 -0.20903200425223284
1403715967.284058094 0.8094608465849313 1.7329840963109713 0.8460379984269535 0.7036588431370615 0.28361762740471336 0.6023132105221904 -0.24828223925890025
1403715967.484058142 0.7791544499654848 1.802868594997761 0.9227430112058815 0.6691906783778786 0.26253839623946507 0.6409005377459819 -0.2692655328662914
1403715967.684058189 0.6536957885047314 1.7943163112625244 0.9727482061150539 0.7124643547172108 0.27852961403890397 0.5772038869507508 -0.2857472138977488
1403715967.884057999 0.4846010545448911 1.721215558641577 1.0115267055052288 0.7651785682821127 0.3129642532586464 0.47273005418859976 -0.30509249530502497
1403715968.084058046 0.35876200907182365 1.6243976263827167 1.0182130179383817 0.7884413554823341 0.3688979287286907 0.4059357383353968 -0.27837155653461804
1403715968.284058094 0.3038183867252436 1.5579579065715246 1.0065564350169105 0.7778041556271361 0.4012154455927298 0.40811335204081955 -0.2597890559540688
1403715968.484058142 0.2965850861218667 1.5398873402393989 0.9688625286068703 0.7307006245662254 0.3824668304436089 0.4823286438729506 -0.29521991831376676
1403715968.684058189 0.3028515491910483 1.5299736400115787 0.886071550259883 0.682645451381751 0.3576771405726337 0.5474399194528664 -0.3261468770502869
1403715968.884057999 0.28059302838758643 1.4666953341061482 0.7935441009583724 0.6488811666247659 0.34266349241268224 0.5867333060909486 -0.3424602022009165
1403715969.084058046 0.20312046044678786 1.3182334178771407 0.6938555228077015 0.6792389302809702 0.3604597075401899 0.549911117120354 -0.32603839973058185
1403715969.284058094 0.09655828020284125 1.1194518193447027 0.5879381686520273 0.7639975465983418 0.40739800319001757 0.42921070775815073 -0.25712406370227003
1403715969.484058142 0.029872509637077063 0.977710066246727 0.5103999716462613 0.8012419836397856 0.4299234021830396 0.360693783332785 -0.2075503470821199
1403715969.684058189 0.03942723514761673 0.9742940240558494 0.46289704262070813 0.777941753703349 0.46227801044104067 0.3900475226463033 -0.17020164213528546
1403715969.884057999 0.07762956688629509 1.1257589139269362 0.4463172626326015 0.7286504846490884 0.45636350779264695 0.47107670996955553 -0.19719927307304472
1403715970.084058046 0.0844127653710577 1.3485089581117125 0.44834203202943285 0.6885130012909112 0.39810055127710914 0.5329204388293854 -0.2888972204862912
1403715970.284058094 0.04555821911195471 1.5452903964999807 0.4556509637365385 0.6418659027725762 0.3583817721793103 0.5827961011673245 -0.3462937664648581
1403715970.484058142 -0.05162466806580413 1.6472441849668715 0.4612598301348902 0.6231750483354435 0.3367692732283777 0.595766863656352 -0.3785513966573008
1403715970.684058189 -0.20184044821197192 1.6155102774189636 0.45906928812237097 0.6870367816166127 0.35452948020093994 0.51435161830193 -0.37112224552729317
1403715970.884057999 -0.34324835088661826 1.502014592622753 0.45470603550220606 0.7731391357786921 0.3819308375951473 0.39206364774574487 -0.3204228583265435
1403715971.084058046 -0.38583639509434736 1.4157730705847844 0.47727300689173663 0.8111948459647651 0.41214289277484534 0.31773466443807646 -0.2667317769414785
1403715971.284058094 -0.2952375634327403 1.4501283053835858 0.5508196367757465 0.7705950997727794 0.4688845230004487 0.35897395967969176 -0.23972524391308142
1403715971.484058142 -0.15022664946262704 1.6137995125702238 0.654289078070251 0.6755513413332862 0.5093982393757279 0.45671754171570855 -0.27486888880571286
1403715971.684058189 -0.04763595501573639 1.8237193919111325 0.7512743386669885 0.5908412945319371 0.5289917945965419 0.5074059965941865 -0.3370658697436279
1403715971.884057999 -0.021648156226022185 2.009783915534122 0.832790680314784 0.5513210035873328 0.5307702220670185 0.49083451530977856 -0.416424784266655
1403715972.084058046 -0.04277842171496228 2.1312938250324502 0.8969089914610686 0.5308918735896524 0.5446785704131087 0.4556492523444481 -0.4624530595937766
1403715972.284058094 -0.07518366160265282 2.1701436151655566 0.9662896292608989 -0.493968218269174 -0.5346578641980073 -0.46433911076099843 0.5045052604393795
1403715972.484058142 -0.10670527908960462 2.0964530691664547 1.025950177947854 -0.4826223603591554 -0.530957517002204 -0.4657124338952533 0.5179495162055624
1403715972.684058189 -0.13675269842757734 1.9129282384121127 1.0575627290516973 0.5282204036650389 0.5676102969973622 0.4141935212309066 -0.47670271959083654
1403715972.884057999 -0.16338289485145843 1.6784161504151625 1.0581887322201942 0.5750014021480523 0.5945483950117426 0.35903345983415974 -0.43241249778021185
1403715973.084058046 -0.17836697245873245 1.454957730296207 1.0433297917949544 0.5807940309819447 0.570898834428404 0.36443913047103216 -0.45159377166445436
1403715973.284058094 -0.1666791904643723 1.2413024245874293 1.0249983843626655 0.5818622748739491 0.5626004840593297 0.37371812670295224 -0.4530471831817845
1403715973.484058142 -0.12591777179238375 1.029923490406492 1.0042389639951803 0.5957015626509238 0.5737637400875978 0.3597958265881987 -0.43183536444598186
1403715973.684058189 -0.06078314111132198 0.8470070131398463 0.9902869222040895 0.6140630429483265 0.5829723602155316 0.3326998951135097 -0.4151874110588446
1403715973.884057999 0.03286361549282166 0.7212205250406715 0.9818507126441403 0.6244968567700577 0.5868166085552177 0.3130586609416634 -0.4094437917687768
1403715974.084058046 0.16131920916881745 0.6674806076580823 0.9855447366458039 0.609977222295715 0.5934981714132727 0.33131055207157223 -0.40733404828963016
1403715974.284058094 0.3108016626243555 0.6673255035379746 0.9919839887841558 0.5896850295607163 0.5914343481682209 0.35783023721601026 -0.41765356343862897
1403715974.484058142 0.4649335478072186 0.6952535194551998 0.9742952852052011 0.5850957401160994 0.5965163528277841 0.35974116980372134 -0.4152318707126727
1403715974.684058189 0.6190751841709251 0.7474967369900796 0.9456015994390572 0.5768103844467865 0.5921201457154595 0.36947088140280054 -0.42447000038634397
1403715974.884057999 0.7709485953252136 0.8138684608940107 0.9088514937753251 0.572399351664857 0.590992498304765 0.3733710868900683 -0.4285800749404719
1403715975.084058046 0.9185106932396055 0.887131995676335 0.8682929264005277 0.56586050575682 0.5935774898832757 0.3762385417343648 -0.4311753833910695
1403715975.284058094 1.058276097085936 0.9655329384305652 0.8350589458806815 0.5574644380655932 0.6007053388499087 0.38048828039410876 -0.42850340098128537
1403715975.484058142 1.1826987159438667 1.0466519816186932 0.8221646481475988 0.5435216160646241 0.6014838266393242 0.3925138820241812 -0.4344356242074759
1403715975.684058189 1.2876417921578105 1.1169443175826894 0.8264631688253066 0.5440734141358935 0.6044237697395887 0.3868313337521943 -0.4347614815415544
1403715975.884057999 1.3734218802711047 1.1822165242448381 0.8444003341696537 0.5468415791654305 0.606663907861846 0.3825144551900423 -0.43197902931128473
1403715976.084058046 1.4412112047712946 1.2496552688616072 0.8655095765940927 0.5494667017510081 0.6087584086241774 0.38056480507256407 -0.427399079007789
1403715976.284058094 1.4903760011735891 1.3193985581257477 0.8885459686928686 0.5493062965721642 0.6055035181672933 0.38671115305031745 -0.4267113381902375
1403715976.484058142 1.5171316183069938 1.392791360219267 0.909202097917075 0.541340214376623 0.6099378613851382 0.39586730042481144 -0.42215596407300654
1403715976.684058189 1.508585759684891 1.4660214709017776 0.9216564730730678 0.5238920272403269 0.6243121032031514 0.3872353631162769 -0.4310688055760494
1403715976.884057999 1.4713843375051787 1.5369283640719182 0.9282093158721438 0.5114661038595971 0.6351754245744852 0.36986386279805616 -0.4451464114377387
1403715977.084058046 1.413904115285449 1.60645263795863 0.9333574451395897 0.49773457954749306 0.6458735362081094 0.35945704645448645 -0.45376017377403366
1403715977.284058094 1.3330691739919454 1.6712358849304174 0.9342336253493734 0.4686242669489477 0.6671893228257737 0.34153685862257027 -0.4675492253620258
1403715977.484058142 1.2290518653657827 1.7280469312248163 0.9307753889468435 0.4212178563173338 0.6965633432021524 0.31284776020026067 -0.4893887058001744
1403715977.684058189 1.1046559061122891 1.775694434782491 0.9260686323594345 -0.3638265546941233 -0.7269415929200836 -0.2729205797601823 0.5144905399790242
1403715977.884057999 0.9673912349445277 1.8085060993420055 0.9200446260471777 -0.2959188543405526 -0.7548832349095864 -0.23134497428973866 0.5376456418229003
1403715978.084058046 0.8203137531010545 1.8206275843206439 0.9159507393875259 -0.20903851732411682 -0.77592845471051 -0.20199461404598948 0.559853648147206
1403715978.284058094 0.6653886878496508 1.794892786754708 0.9084856668333156 -0.11850287795681703 -0.7911100469136502 -0.1724141901815548 0.5747828360467436
1403715978.484058142 0.5099252922246251 1.713793948439025 0.8969404134379594 -0.0574927704376409 -0.7968090546994276 -0.11154808990734444 0.5910557802237872
1403715978.684058189 0.36400701549305053 1.5880033373643352 0.8774452572842774 -0.005085260302845443 -0.7967847178040899 -0.03184025227081481 0.6034023963643286
1403715978.884057999 0.24573100333825748 1.4438372446274215 0.855119665711763 0.06918412534612921 -0.7992336556669507 0.021747424777804714 0.5966290053007659
1403715979.084058046 0.1484235401708372 1.2889994987750386 0.8420448374857866 0.15331541637952514 -0.7923348987142583 0.07096087997210562 0.5862289185076942
1403715979.284058094 0.07697741017158344 1.1232896503584198 0.8527556401429559 0.22818524781514168 -0.7556636011898844 0.14187624897957918 0.597306574962071
1403715979.484058142 0.04787741468070643 0.9645626222739858 0.8719712481727319 0.3169154227715487 -0.716950924933687 0.18104082738272212 0.5939446143101235
1403715979.684058189 0.07298827834733167 0.8121133837770059 0.8887723257218777 0.3878090986283424 -0.6902446415633958 0.22176683044054954 0.569197602535067
1403715979.884057999 0.15697746084929948 0.6677712857708415 0.9092477991774648 0.4500043962568916 -0.6491908787733977 0.27557416277040675 0.5478194292662062
1403715980.084058046 0.2977345821946247 0.542412101666715 0.9317161824262983 0.5065464995709287 -0.5962884916463993 0.3341147088083339 0.5255644963862628
1403715980.284058094 0.4894860285699132 0.461201616366927 0.94764529197339 0.5604471456346319 -0.5488031577762507 0.3876416369936224 0.48419836042215364
1403715980.484058142 0.72165659863918 0.4230428517765802 0.9579721923836857 0.6091296847495825 -0.4988259190056348 0.44053998688336954 0.43134469933392494
1403715980.684058189 0.9732810172681375 0.4288893274452762 0.96179550630897 0.6507134983523902 -0.4413046518262694 0.4951806480506538 0.36961909195293235
1403715980.884057999 1.2197951691661704 0.48151975657431045 0.9577328318725347 0.6945265968728239 -0.37985217212666333 0.5321950789615091 0.3001891595268051
1403715981.084058046 1.4396181868671376 0.5764554285536505 0.95492477785842 0.7280793031414461 -0.30547519823432473 0.5687412173878289 0.23047528988207833
1403715981.284058094 1.6159960699730078 0.7052572224211815 0.9549532001166001 0.7545682216560896 -0.21861405177919657 0.5978177540556204 0.15952626168913825
1403715981.484058142 1.7357616447660533 0.8566092151196636 0.9632858422112294 0.7701464241764261 -0.1263587995327176 0.6204092717961933 0.07746143930579222
1403715981.684058189 1.7801587833938806 1.0119741199769725 0.9808236990980775 0.7668555467724966 -0.02681907411616657 0.6412590476079495 0.000376177869401971
1403715981.884057999 1.7393433765094033 1.158673736584459 0.9884384859065237 0.7840396266449342 0.07326175718842719 0.612967334168097 -0.06469641433595855
1403715982.084058046 1.6417558903062504 1.3008919849996294 0.9982749791055967 0.7843443970089187 0.16072632324258468 0.5863679973474077 -0.12305887853094422
1403715982.284058094 1.5093538462706357 1.4359522727808571 1.0138878257275799 0.7668980374843304 0.23528195448619202 0.5700754989815399 -0.17754922544919485
1403715982.484058142 1.349247371237803 1.5604564207989513 1.0305893450789367 0.7421275755361645 0.3047285750992247 0.5508545899613445 -0.23010079935999422
1403715982.684058189 1.1603351722528157 1.6675412995477847 1.043684923312806 0.7055520924707712 0.3764517910583971 0.5289239337633885 -0.28411224210167124
1403715982.884057999 0.9448297786269539 1.7556344071232508 1.0555568887645015 0.6617149625677352 0.44840809438784646 0.49609891042915993 -0.33904182673105476
1403715983.084058046 0.7125467262866355 1.8161364599180043 1.066050107298061 0.6114066455794201 0.5131278763074318 0.45998662198781354 -0.3889652990826237
1403715983.284058094 0.46954409863363733 1.8481886852218974 1.0733791195340616 0.5540186926151741 0.5709353719917907 0.41624479280097015 -0.44026851092047364
1403715983.484058142 0.22300630130159557 1.847587858399015 1.0832979894274513 0.48227596528545175 0.6245606785456942 0.36845755649556605 -0.4915006420997553
1403715983.684058189 -0.011255893566274655 1.8103977470333437 1.0984968911848263 -0.40296065116698704 -0.6546192858011267 -0.3150506386269104 0.556632193976751
1403715983.884057999 -0.20412437293840582 1.725023324513667 1.1117193116354704 -0.33061911951655204 -0.6808554757254855 -0.2574503055070884 0.6007047187936567
1403715984.084058046 -0.33520532250782253 1.5947177259432959 1.125256068548021 -0.266791542077332 -0.7097377218807539 -0.19790134897689943 0.6212324003868421
1403715984.284058094 -0.3974287474773285 1.4362645406766406 1.1385471451961604 -0.20961263819008402 -0.73886359343816 -0.13852536848555316 0.6252630282451083
1403715984.484058142 -0.4015057171438468 1.2678801043819918 1.1553164588961133 -0.1458230137197843 -0.7546062375557134 -0.09192186061527591 0.6331314606416738
1403715984.684058189 -0.352617068885726 1.0985685247703003 1.1680398573570692 -0.07375578062222651 -0.7846465178088439 -0.04973150648488415 0.6135280793733358
1403715984.884057999 -0.27482164394096603 0.9286497942928145 1.1758599755261574 -0.0034964506652721376 -0.7952846926446753 0.018250795312161554 0.6059512694513606
1403715985.084058046 -0.17854367390476725 0.7830762723893526 1.182978286895743 0.06731267922231132 -0.789619543885811 0.06306689882569312 0.6066238912236583
1403715985.284058094 -0.06248224292797272 0.6680705097954884 1.1897027569378955 0.11175976570854422 -0.7854152385709638 0.06588842483602082 0.6052201031552591
1403715985.484058142 0.07453574487740458 0.5619625839330902 1.1955916055141529 0.1139621588508799 -0.7874645559181108 0.054840641620477235 0.6032451438269265
1403715985.684058189 0.2312003744132377 0.4539339412822757 1.1899361049888246 0.07583959407000329 -0.8178679408514119 0.04608858698683611 0.568521089714213
1403715985.884057999 0.37115140396063423 0.34099696171524635 1.1641920175502485 0.034353408965227795 -0.8427346967639572 0.04939128309106823 0.534956610688099
1403715986.084058046 0.4864701036206258 0.22653378886170072 1.0971807640725468 0.009513481868978838 -0.8342240999055343 0.05100333245283656 0.5489793301025421
1403715986.284058094 0.5697274848370656 0.1352589319977146 0.9976777910914458 0.0014812737648294998 -0.8251598918026314 0.05059503610035434 0.5626269644372387
1403715986.484058142 0.6399842243597827 0.0714092256114973 0.8996813697006829 0.016790529137016508 -0.812759390917314 0.02936333706207609 0.5816167510011372
1403715986.684058189 0.709170755010523 0.019196943967702294 0.7849494266465458 0.026404600502217775 -0.8375673257020478 0.021645535965340794 0.5452662127466715
1403715986.884057999 0.7416820121028065 -0.031187643814047192 0.6842882807669023 0.030723489436481972 -0.8421852338045392 0.02068975289612072 0.5379145222851522
1403715987.084058046 0.7317395620357786 -0.07719924517192583 0.6066095310395764 0.01306710293482863 -0.8183975223358977 0.02456266598704877 0.5739785899287002
1403715987.284058094 0.7180834696139358 -0.10771398718483056 0.5348813624425147 -0.029110551056191973 -0.798303421156307 0.03221115093697317 0.6006884927682093
1403715987.484058142 0.7247040614610069 -0.10891009420715549 0.46861293527827574 -0.034570914972777055 -0.798826235799608 0.0038277809621063987 0.6005554470077031
1403715987.684058189 0.747966748641811 -0.0975894344371974 0.4086567692565013 -0.028251933795477212 -0.8077832435553997 -0.012851848841502827 0.5886619485332002
1403715987.884057999 0.7749962296625951 -0.08644456469795789 0.3518322784643174 -0.020701037505223747 -0.8213183707543124 -0.017778336311119962 0.5698171036985468
1403715988.084058046 0.7871822837165333 -0.07745343819906012 0.3004232590725298 -0.014704575710347964 -0.8287610420717766 -0.015307902041521045 0.5591999452200583
1403715988.284058094 0.7771688848192548 -0.07100242456196341 0.26369223157663196 -0.00798601186313915 -0.8136515127181538 -0.01532259122591848 0.5810960829895169
1403715988.484058142 0.769046433131763 -0.07270780344005588 0.23551188373947407 -0.009489353653133841 -0.8033990431578721 -0.00855227349593419 0.5953039460980457
1403715988.684058189 0.7720094432903898 -0.07659989493860188 0.21123504394776796 -0.025267664910462357 -0.8043443118884271 0.012199257279480376 0.593500590704096
1403715988.884057999 0.7863048078923637 -0.06541540153006636 0.19361288758679218 -0.026817385305304666 -0.8150315555463383 0.010457158726863529 0.5787011656650662
1403715989.084058046 0.7983842967068099 -0.036830811276667375 0.19032701556414924 -0.02099122142628122 -0.8195599297295896 -0.002956072183933529 0.5726012153703491
1403715989.284058094 0.8024536833112341 0.0001696779178552224 0.19018596537594487 -0.020703158407080462 -0.8191857538341856 -0.008154990556092673 0.5730964806014998
1403715989.484058142 0.8054152027261051 0.04042911509673893 0.19269333988611745 -0.021327914658847445 -0.81874177438769 -0.010063902002593099 0.5736773873938187
1403715989.684058189 0.7960929651820895 0.08144363064288687 0.19653346125697377 -0.019754766734857977 -0.8127462613078719 -0.013349509584749371 0.5821297574569286
1403715989.884057999 0.7786939707382898 0.11912319838581864 0.1893908861991973 -0.015192168672778462 -0.8057122739164164 -0.017372977918927113 0.5918573386478724
1403715990.084058046 0.7700776524544485 0.1472304841016472 0.17263204976913463 -0.009389838253123577 -0.8060729635805093 -0.021082161650585823 0.5913660040820093
1403715990.284058094 0.7708786711185511 0.16505830471448363 0.148901539038082 -0.0062014789655935754 -0.8089023222921834 -0.021444186166647002 0.5875191243953611
1403715990.484058142 0.7756360643066988 0.16858463759021095 0.11495409700352721 -0.0022748503530952502 -0.8110406341803948 -0.024138012242959816 0.5844871864556169
1403715990.684058189 0.7781956639378135 0.15655739748201072 0.055919185706674736 -0.0008822236795666535 -0.8158519510667565 -0.0251324832255877 0.5777137473789312
1403715990.884057999 0.7747534904480808 0.1299045059951431 -0.009295902408315314 8.402766590394004e-05 -0.8213698586656494 -0.025574264489986603 0.5698223453081721
1403715991.084058046 0.7581418359013835 0.08428852505465875 -0.05524301104880553 0.002210875897224138 -0.8184656228305347 -0.026531101342439942 0.5739383563900604
1403715991.284058094 0.7536576301945868 0.0607524474691981 -0.05584743375032885 0.007147140860363139 -0.8126972439093735 -0.032261499808088616 0.5817484883964177
1403715991.484058142 0.759080060683227 0.06708280743860073 -0.06306437783184125 -0.0025219963908297643 -0.811402223148787 -0.019378981839418025 0.584161387690088
1403715991.684058189 0.7594094496150753 0.06707351318591452 -0.06495294257486284 -0.00262371587432289 -0.8118046901725202 -0.019332374931334752 0.5836030503777055
1403715991.884057999 0.7597042696560322 0.06575128191279386 -0.06442884168687549 -0.002743685981361245 -0.8112883573671091 -0.019225635624838804 0.5843235818657125
1403715992.084058046 0.7597798854674684 0.06447866823599717 -0.06258157903871253 -0.0030817918900687704 -0.81164204485443 -0.018848501012270657 0.5838428106901762
1403715992.284058094 0.7604508247007838 0.06310755681276119 -0.060786401182722404 -0.0032404043554144666 -0.8114603569806056 -0.018745807341826216 0.5840977516969037
1403715992.484058142 0.7607846643043076 0.06330037055165127 -0.06089804866654675 -0.0033147641136018146 -0.8115883520427963 -0.018788941429982206 0.583918089160654
1403715992.684058189 0.7609539608053255 0.06407680550285402 -0.060981423761058695 -0.0034197901152363333 -0.8115744870801519 -0.01871370959531816 0.5839391698037587
1403715992.884057999 0.7606948090684206 0.06482092035068722 -0.06119203486171468 -0.003638902792273453 -0.8116300406267508 -0.018684866930189656 0.5838615514728289
1403715993.084058046 0.7604202420739 0.06554536920695812 -0.06127997698860662 -0.0036792605506129825 -0.8116979161302944 -0.018646828059015415 0.5837681490083646
1403715993.284058094 0.7595529031254636 0.06633800979711832 -0.06150483895406046 -0.0037024547739822698 -0.8117295151737687 -0.01863017795939739 0.5837245947323005
1403715993.484058142 0.7584751064615 0.06688314896373403 -0.06164877042905649 -0.0038173952287052495 -0.8117708102652023 -0.01860135166119884 0.5836673443094188
1403715993.684058189 0.7570753366281313 0.0673650811687453 -0.06170199972247229 -0.004015367650284662 -0.8118756232721356 -0.01838691544566127 0.5835270092303382
1403715993.884057999 0.7562927193165655 0.06794671489080545 -0.06097401150758444 -0.004001851624319932 -0.8117388680036444 -0.01856394681463338 0.5837117227161045
