1403715893.784058094 -0.00588 0.01199 0.02166 0.03021 0.80277 -0.03579 0.59444
1403715893.884057999 -0.01154 0.01975 0.03566 0.03183 0.80933 -0.03482 0.58545
1403715893.984057903 -0.01833 0.02858 0.04905 0.03186 0.81512 -0.0358 0.5773
1403715894.084058046 -0.02482 0.03821 0.06224 0.03231 0.82412 -0.0369 0.56428
1403715894.184057951 -0.0298 0.04829 0.07694 0.04112 0.82425 -0.03183 0.56384
1403715894.284058094 -0.03244 0.06476 0.10526 0.05298 0.81823 -0.02436 0.57193
1403715894.384057999 -0.03388 0.08722 0.13999 0.06264 0.81493 -0.0187 0.57587
1403715894.484057903 -0.0362 0.11604 0.17221 0.0647 0.81613 -0.01922 0.57392
1403715894.584058046 -0.03776 0.15145 0.1954 0.06181 0.82039 -0.0231 0.56798
1403715894.684057951 -0.03625 0.19242 0.21424 0.0566 0.82352 -0.02782 0.56378
1403715894.784058094 -0.0317 0.23973 0.23865 0.04999 0.82234 -0.03272 0.56585
1403715894.884057999 -0.02322 0.28842 0.26416 0.04531 0.81835 -0.03572 0.57182
1403715894.984057903 -0.01332 0.33745 0.28988 0.04369 0.81489 -0.03675 0.5768
1403715895.084058046 -0.00296 0.38671 0.3158 0.04356 0.81361 -0.0373 0.57857
1403715895.184057951 0.00681 0.43571 0.34146 0.04128 0.81355 -0.03931 0.57869
1403715895.284058094 0.01557 0.48641 0.36628 0.03975 0.81352 -0.04089 0.57873
1403715895.384057999 0.02368 0.53671 0.39046 0.03947 0.81343 -0.04138 0.57885
1403715895.484057903 0.03051 0.59002 0.41445 0.03958 0.81371 -0.04196 0.5784
1403715895.584058046 0.03662 0.64361 0.43838 0.03914 0.81438 -0.04324 0.5774
1403715895.684057951 0.04405 0.69574 0.4618 0.0401 0.81415 -0.04311 0.57766
1403715895.784058094 0.05107 0.7494 0.48425 0.03988 0.81448 -0.04403 0.57715
1403715895.884057999 0.05607 0.80158 0.50558 0.04026 0.81455 -0.04411 0.577
1403715895.984057903 0.06421 0.85604 0.52828 0.03833 0.81439 -0.04581 0.57724
1403715896.084058046 0.07213 0.90748 0.55014 0.03412 0.81472 -0.04842 0.57682
1403715896.184057951 0.08046 0.95713 0.56988 0.02595 0.81445 -0.05372 0.57716
1403715896.284058094 0.08873 1.00409 0.58812 0.01185 0.81177 -0.06356 0.58038
1403715896.384057999 0.09387 1.04128 0.60729 -0.00462 0.80841 -0.07459 0.58385
1403715896.484057903 0.09662 1.06777 0.6261 -0.0159 0.8055 -0.082 0.58668
1403715896.584058046 0.09659 1.07904 0.64455 -0.02369 0.80158 -0.0866 0.5911
1403715896.684057951 0.09227 1.07515 0.66435 -0.02766 0.79788 -0.08872 0.59562
1403715896.784058094 0.08293 1.05874 0.68433 -0.03233 0.79829 -0.09049 0.59456
1403715896.884057999 0.06981 1.02953 0.70515 -0.03924 0.80156 -0.09392 0.58919
1403715896.984057903 0.05116 0.98325 0.72442 -0.05143 0.80363 -0.10085 0.58426
1403715897.084058046 0.02913 0.91718 0.74472 -0.06363 0.80463 -0.10812 0.58037
1403715897.184057951 0.00813 0.82721 0.76674 -0.06455 0.80486 -0.10888 0.5798
1403715897.284058094 -0.01763 0.71666 0.78907 -0.04852 0.80842 -0.09779 0.57839
1403715897.384057999 -0.04184 0.58775 0.8138 -0.0184 0.81374 -0.07637 0.5759
1403715897.484057903 -0.06687 0.4506 0.83742 0.00281 0.81689 -0.06148 0.5735
1403715897.584058046 -0.08941 0.30956 0.85838 0.01018 0.81809 -0.05576 0.57229
1403715897.684057951 -0.10912 0.16621 0.87653 0.00392 0.81735 -0.0595 0.57304
1403715897.784058094 -0.12638 0.0194 0.89391 -0.00793 0.81532 -0.06689 0.57508
1403715897.884057999 -0.14173 -0.13381 0.91071 -0.01315 0.81145 -0.06949 0.58013
1403715897.984057903 -0.15632 -0.29431 0.92764 -0.00845 0.80844 -0.06462 0.58496
1403715898.084058046 -0.17297 -0.46041 0.94546 0.0009 0.80166 -0.05803 0.59496
1403715898.184057951 -0.19355 -0.63003 0.96134 0.01236 0.79388 -0.05602 0.60536
1403715898.284058094 -0.21943 -0.8 0.97466 0.02618 0.79082 -0.05954 0.60858
1403715898.384057999 -0.25327 -0.96855 0.98351 0.03958 0.79272 -0.06929 0.60434
1403715898.484057903 -0.29238 -1.13371 0.98766 0.05175 0.79863 -0.08407 0.59367
1403715898.584058046 -0.33291 -1.29683 0.98878 0.06453 0.80378 -0.10037 0.58283
1403715898.684057951 -0.37241 -1.4575 0.98311 0.07819 0.80326 -0.11819 0.57852
1403715898.784058094 -0.41119 -1.61539 0.96578 0.09102 0.80046 -0.13487 0.57688
1403715898.884057999 -0.4492 -1.7708 0.9362 0.10109 0.79957 -0.14769 0.57328
1403715898.984057903 -0.48469 -1.92501 0.89497 0.1076 0.7999 -0.15684 0.56919
1403715899.084058046 -0.51591 -2.08234 0.84391 0.11072 0.80012 -0.16277 0.56661
1403715899.184057951 -0.54037 -2.2545 0.78863 0.11144 0.80595 -0.16619 0.55713
1403715899.284058094 -0.5611 -2.41207 0.73916 0.11737 0.81407 -0.16371 0.54472
1403715899.384057999 -0.57475 -2.55994 0.70018 0.12112 0.82324 -0.16042 0.53091
1403715899.484057903 -0.57548 -2.70117 0.67689 0.12461 0.82681 -0.15559 0.52598
1403715899.584058046 -0.56148 -2.82886 0.66559 0.12188 0.82716 -0.15357 0.52665
1403715899.684057951 -0.53389 -2.94636 0.65648 0.11813 0.82731 -0.15213 0.5277
1403715899.784058094 -0.49092 -3.05899 0.64816 0.12084 0.82627 -0.14519 0.53066
1403715899.884057999 -0.44018 -3.16947 0.64163 0.12956 0.82161 -0.13398 0.53871
1403715899.984057903 -0.38223 -3.27494 0.63582 0.1407 0.81878 -0.12146 0.54318
1403715900.084058046 -0.31652 -3.37572 0.62961 0.14728 0.81705 -0.11302 0.54586
1403715900.184057951 -0.24409 -3.46379 0.62462 0.15234 0.81627 -0.10755 0.54674
1403715900.284058094 -0.16395 -3.53937 0.62066 0.15548 0.81574 -0.10388 0.54737
1403715900.384057999 -0.0797 -3.59203 0.6177 0.15656 0.81621 -0.10242 0.54662
1403715900.484057903 0.01357 -3.63399 0.6153 0.14491 0.81591 -0.11087 0.54864
1403715900.584058046 0.10968 -3.65853 0.61801 0.12831 0.80829 -0.12267 0.56138
1403715900.684057951 0.20796 -3.67513 0.62271 0.11074 0.79632 -0.13535 0.57905
1403715900.784058094 0.30618 -3.6891 0.62842 0.10255 0.78109 -0.14127 0.59952
1403715900.884057999 0.39675 -3.69843 0.63581 0.10815 0.7682 -0.13812 0.61571
1403715900.984057903 0.47487 -3.70191 0.64381 0.11516 0.7598 -0.13461 0.62555
1403715901.084058046 0.54155 -3.69977 0.65402 0.11893 0.75031 -0.13241 0.63667
1403715901.184057951 0.59144 -3.68917 0.66691 0.12054 0.74161 -0.13208 0.64656
1403715901.284058094 0.62415 -3.66883 0.68204 0.11967 0.73655 -0.13404 0.65207
1403715901.384057999 0.63899 -3.63899 0.69734 0.11583 0.74042 -0.13905 0.64732
1403715901.484057903 0.63861 -3.60202 0.71102 0.11034 0.75361 -0.1453 0.6315
1403715901.584058046 0.62016 -3.56147 0.72692 0.10994 0.76309 -0.14784 0.61947
1403715901.684057951 0.59863 -3.51448 0.74453 0.11199 0.76616 -0.14798 0.61528
1403715901.784058094 0.56648 -3.46223 0.75805 0.11232 0.77278 -0.14933 0.60655
1403715901.884057999 0.52251 -3.40914 0.77093 0.11255 0.78015 -0.14933 0.59699
1403715901.984057903 0.4762 -3.34979 0.77925 0.11101 0.78379 -0.15054 0.59218
1403715902.084058046 0.42283 -3.28811 0.78812 0.11159 0.7826 -0.15008 0.59377
1403715902.184057951 0.36637 -3.22486 0.79518 0.11693 0.78299 -0.14508 0.59348
1403715902.284058094 0.30839 -3.15914 0.79865 0.12232 0.7874 -0.14032 0.58766
1403715902.384057999 0.24656 -3.08862 0.80322 0.12556 0.7935 -0.13714 0.57947
1403715902.484057903 0.18551 -3.01244 0.80696 0.12134 0.79776 -0.13875 0.57412
1403715902.584058046 0.1261 -2.93235 0.81105 0.10905 0.8024 -0.14521 0.56848
1403715902.684057951 0.06612 -2.84876 0.81694 0.09644 0.80718 -0.14575 0.56384
1403715902.784058094 0.00871 -2.76679 0.8167 0.08416 0.81519 -0.13771 0.55626
1403715902.884057999 -0.04315 -2.68817 0.80504 0.07145 0.82296 -0.12419 0.54973
1403715902.984057903 -0.08637 -2.61144 0.7873 0.06364 0.8282 -0.10435 0.54694
1403715903.084058046 -0.12201 -2.53619 0.77095 0.05549 0.83001 -0.08067 0.54909
1403715903.184057951 -0.1524 -2.45949 0.75628 0.05079 0.83082 -0.05522 0.55146
1403715903.284058094 -0.17678 -2.38245 0.74222 0.04029 0.83402 -0.04072 0.54876
1403715903.384057999 -0.19867 -2.30315 0.72643 0.02801 0.83927 -0.03193 0.54205
1403715903.484057903 -0.20352 -2.22584 0.71875 0.01445 0.84317 -0.02076 0.53706
1403715903.584058046 -0.19267 -2.15007 0.72791 0.00031 0.84397 -0.00444 0.53636
1403715903.684057951 -0.16763 -2.07985 0.75383 -0.01517 0.84279 0.01646 0.53778
1403715903.784058094 -0.13011 -2.01802 0.79394 -0.03537 0.83636 0.03844 0.54569
1403715903.884057999 -0.08445 -1.95562 0.84619 -0.06123 0.82726 0.06178 0.55504
1403715903.984057903 -0.0368 -1.8882 0.90332 -0.085 0.81663 0.09209 0.56339
1403715904.084058046 0.01193 -1.82367 0.95949 -0.11263 0.80684 0.12275 0.56679
1403715904.184057951 0.06033 -1.76539 1.01234 -0.13658 0.79802 0.15747 0.56543
1403715904.284058094 0.10656 -1.714 1.062 -0.15372 0.78817 0.19711 0.56241
1403715904.384057999 0.15243 -1.66713 1.10725 -0.16763 0.77369 0.23655 0.56334
1403715904.484057903 0.19778 -1.62241 1.1406 -0.18412 0.76014 0.26829 0.56242
1403715904.584058046 0.2398 -1.57578 1.16134 -0.19377 0.74481 0.30071 0.56328
1403715904.684057951 0.27667 -1.52758 1.16959 -0.2072 0.72864 0.33001 0.56324
1403715904.784058094 0.30601 -1.47664 1.16385 -0.23541 0.71748 0.35225 0.55293
1403715904.884057999 0.32832 -1.42391 1.1458 -0.26662 0.70571 0.376 0.53806
1403715904.984057903 0.34507 -1.37225 1.11573 -0.2969 0.68772 0.4022 0.52643
1403715905.084058046 0.35734 -1.3236 1.07649 -0.32376 0.6638 0.43006 0.51922
1403715905.184057951 0.36451 -1.28027 1.02735 -0.3468 0.63748 0.45553 0.5156
1403715905.284058094 0.36669 -1.24491 0.97379 -0.35837 0.61747 0.48298 0.50698
1403715905.384057999 0.36237 -1.21968 0.91907 -0.36259 0.60617 0.51191 0.48891
1403715905.484057903 0.34773 -1.20171 0.86935 -0.36899 0.59517 0.53749 0.4698
1403715905.584058046 0.32366 -1.19166 0.82077 -0.37863 0.58407 0.56045 0.44877
1403715905.684057951 0.28818 -1.18695 0.77479 -0.40051 0.57575 0.57623 0.4196
1403715905.784058094 0.25031 -1.18616 0.73139 -0.42215 0.56176 0.59453 0.39084
1403715905.884057999 0.21114 -1.18529 0.68735 -0.43769 0.54213 0.62024 0.36031
1403715905.984057903 0.17331 -1.18605 0.64314 -0.44454 0.51798 0.65264 0.32885
1403715906.084058046 0.13557 -1.18063 0.60125 -0.45149 0.48514 0.68433 0.3041
1403715906.184057951 0.09536 -1.16579 0.56524 -0.46462 0.43942 0.71016 0.29449
1403715906.284058094 0.05232 -1.14942 0.53079 -0.47955 0.39225 0.7319 0.2837
1403715906.384057999 0.00189 -1.13316 0.49693 -0.49099 0.34901 0.75252 0.26616
1403715906.484057903 -0.05277 -1.11912 0.46389 0.50627 -0.30901 -0.76703 -0.24467
1403715906.584058046 -0.11282 -1.11066 0.43635 0.52205 -0.2712 -0.77791 -0.22081
1403715906.684057951 -0.17729 -1.10693 0.42273 0.5401 -0.24072 -0.78453 -0.18669
1403715906.784058094 -0.24 -1.10521 0.42577 0.5528 -0.20937 -0.79228 -0.15125
1403715906.884057999 -0.3017 -1.1059 0.42955 0.56406 -0.17417 -0.79859 -0.11727
1403715906.984057903 -0.35828 -1.10852 0.427 0.57482 -0.13418 -0.80241 -0.08779
1403715907.084058046 -0.41103 -1.11142 0.41333 0.57895 -0.08795 -0.80796 -0.06538
1403715907.184057951 -0.46111 -1.11813 0.40098 0.58039 -0.03664 -0.81225 -0.04526
1403715907.284058094 -0.50664 -1.13186 0.40216 0.58036 0.01205 -0.81411 -0.01591
1403715907.384057999 -0.54698 -1.15166 0.41682 0.58063 0.05995 -0.81183 0.01408
1403715907.484057903 -0.57938 -1.1774 0.44115 0.57961 0.1071 -0.80689 0.03901
1403715907.584058046 -0.60363 -1.20788 0.4674 0.57636 0.14846 -0.8011 0.06336
1403715907.684057951 -0.62337 -1.24391 0.49222 0.57433 0.18179 -0.79299 0.09093
1403715907.784058094 -0.64488 -1.28429 0.51412 0.57437 0.20954 -0.78201 0.12107
1403715907.884057999 -0.65841 -1.32707 0.53308 0.57297 0.23646 -0.77013 0.15067
1403715907.984057903 -0.66543 -1.3704 0.54926 0.56725 0.26137 -0.75899 0.18395
1403715908.084058046 -0.66459 -1.4111 0.56351 0.55869 0.29059 -0.74642 0.21512
1403715908.184057951 -0.66068 -1.4504 0.57626 0.54872 0.32323 -0.73122 0.24444
1403715908.284058094 -0.65174 -1.48546 0.58609 0.53518 0.35843 -0.71475 0.27246
1403715908.384057999 -0.63806 -1.517 0.59637 0.5187 0.39402 -0.69744 0.2988
1403715908.484057903 -0.62198 -1.54413 0.60677 0.50185 0.42924 -0.67693 0.32506
1403715908.584058046 -0.6007 -1.56559 0.61709 -0.48477 -0.46543 0.65258 -0.35001
1403715908.684057951 -0.57544 -1.58188 0.62628 -0.47027 -0.50132 0.62343 -0.37263
1403715908.784058094 -0.54698 -1.58993 0.63265 -0.45435 -0.53163 0.59398 -0.39763
1403715908.884057999 -0.51707 -1.59091 0.63472 -0.43438 -0.55967 0.56724 -0.4199
1403715908.984057903 -0.48583 -1.58411 0.63391 0.40995 0.59114 -0.54282 0.4334
1403715909.084058046 -0.45211 -1.57258 0.63261 0.38874 0.6218 -0.51644 0.4422
1403715909.184057951 -0.41514 -1.55909 0.62917 0.36847 0.64826 -0.49015 0.45138
1403715909.284058094 -0.37397 -1.54243 0.62271 0.34781 0.6694 -0.46552 0.46284
1403715909.384057999 -0.33064 -1.52415 0.61369 0.33106 0.68796 -0.43938 0.47336
1403715909.484057903 -0.2822 -1.50298 0.60073 0.31809 0.70517 -0.41051 0.48274
1403715909.584058046 -0.22837 -1.47843 0.58419 0.30583 0.72381 -0.37781 0.48972
1403715909.684057951 -0.16767 -1.44877 0.56585 0.28614 0.73898 -0.34482 0.50312
1403715909.784058094 -0.10171 -1.41248 0.54583 0.25852 0.75373 -0.31143 0.51776
1403715909.884057999 -0.02999 -1.36872 0.52419 0.22528 0.7655 -0.27341 0.53713
1403715909.984057903 0.04331 -1.31819 0.50213 0.18678 0.77164 -0.23169 0.56214
1403715910.084058046 0.11269 -1.26181 0.47901 0.14857 0.77923 -0.18352 0.58055
1403715910.184057951 0.17639 -1.20104 0.45224 0.1104 0.79002 -0.13469 0.58783
1403715910.284058094 0.23352 -1.13815 0.42439 0.07679 0.79881 -0.08789 0.59016
1403715910.384057999 0.28352 -1.07378 0.40063 0.04687 0.80096 -0.04595 0.59512
1403715910.484057903 0.32507 -1.00734 0.37733 0.02088 0.79631 -0.00749 0.60448
1403715910.584058046 0.35549 -0.93939 0.35696 -0.0037 0.79108 0.02795 0.61107
1403715910.684057951 0.3753 -0.87071 0.33971 -0.02855 0.78888 0.05971 0.61098
1403715910.784058094 0.38639 -0.80187 0.32541 -0.05361 0.78711 0.08918 0.60797
1403715910.884057999 0.38674 -0.73434 0.31467 -0.07809 0.78316 0.11808 0.6055
1403715910.984057903 0.37597 -0.66973 0.30252 -0.10367 0.77984 0.14637 0.59973
1403715911.084058046 0.3543 -0.60641 0.29431 -0.13019 0.77189 0.17354 0.59759
1403715911.184057951 0.32298 -0.54874 0.28605 -0.15671 0.76048 0.20048 0.59743
1403715911.284058094 0.28449 -0.49308 0.27663 -0.18137 0.75068 0.22988 0.59223
1403715911.384057999 0.2379 -0.44117 0.26645 -0.20579 0.7437 0.25867 0.58107
1403715911.484057903 0.18301 -0.39759 0.25551 -0.22811 0.73873 0.28654 0.56581
1403715911.584058046 0.12074 -0.35931 0.24215 -0.24576 0.73662 0.31402 0.54625
1403715911.684057951 0.05388 -0.32784 0.23039 -0.25671 0.73152 0.34463 0.52934
1403715911.784058094 -0.01393 -0.29606 0.22671 -0.2638 0.72055 0.37586 0.51956
1403715911.884057999 -0.08465 -0.26273 0.23627 -0.27542 0.70832 0.40121 0.51133
1403715911.984057903 -0.15767 -0.23101 0.25809 -0.2892 0.69679 0.42121 0.50342
1403715912.084058046 -0.23213 -0.20211 0.29074 -0.30365 0.68787 0.43647 0.49409
1403715912.184057951 -0.30709 -0.17604 0.32403 -0.31856 0.67987 0.44839 0.48502
1403715912.284058094 -0.38074 -0.1524 0.35529 -0.33275 0.67108 0.46001 0.47678
1403715912.384057999 -0.45354 -0.13072 0.3847 -0.34455 0.6614 0.47298 0.46918
1403715912.484057903 -0.52584 -0.11057 0.4113 -0.35551 0.6512 0.48785 0.45995
1403715912.584058046 -0.59733 -0.09186 0.43679 -0.36777 0.63952 0.50411 0.44904
1403715912.684057951 -0.66262 -0.07112 0.4625 -0.38117 0.62438 0.52321 0.43716
1403715912.784058094 -0.73204 -0.05131 0.48815 -0.3982 0.60514 0.54452 0.42278
1403715912.884057999 -0.80239 -0.03458 0.51015 -0.41576 0.58102 0.56979 0.40607
1403715912.984057903 -0.87024 -0.02122 0.51898 -0.43322 0.55395 0.59634 0.38709
1403715913.084058046 -0.93657 -0.01042 0.5136 -0.45102 0.52641 0.6203 0.36701
1403715913.184057951 -1.00202 -0.00234 0.49967 -0.46779 0.49663 0.64263 0.34865
1403715913.284058094 -1.06825 0.00338 0.48612 -0.48545 0.46397 0.66016 0.33654
1403715913.384057999 -1.13124 0.00789 0.47298 -0.49538 0.43072 0.67652 0.33376
1403715913.484057903 -1.19096 0.00534 0.46124 0.50312 -0.40402 -0.68629 -0.33561
1403715913.584058046 -1.25198 -0.00523 0.44955 0.50381 -0.38011 -0.69376 -0.34696
1403715913.684057951 -1.31659 -0.02841 0.43783 0.50196 -0.36254 -0.69808 -0.35958
1403715913.784058094 -1.38951 -0.06531 0.42754 -0.49946 0.36056 0.70139 0.35859
1403715913.884057999 -1.47142 -0.11525 0.41953 -0.49321 0.36987 0.70628 0.348
1403715913.984057903 -1.55902 -0.17842 0.416 -0.48932 0.38018 0.70818 0.33839
1403715914.084058046 -1.64991 -0.25025 0.41682 -0.48483 0.38585 0.70881 0.33712
1403715914.184057951 -1.74581 -0.32814 0.41973 -0.48269 0.39279 0.70651 0.33699
1403715914.284058094 -1.84555 -0.41253 0.42278 -0.47855 0.4153 0.70271 0.3236
1403715914.384057999 -1.94788 -0.49801 0.42749 -0.46615 0.44111 0.70069 0.3117
1403715914.484057903 -2.05073 -0.58184 0.43554 -0.45064 0.4639 0.69801 0.30741
1403715914.584058046 -2.15395 -0.65936 0.44683 -0.43807 0.48443 0.69213 0.30721
1403715914.684057951 -2.26251 -0.72775 0.45653 -0.42967 0.51155 0.68027 0.30157
1403715914.784058094 -2.37045 -0.78596 0.46403 -0.42646 0.54506 0.66187 0.28805
1403715914.884057999 -2.47322 -0.82662 0.47098 -0.426 0.57527 0.64339 0.27135
1403715914.984057903 -2.56701 -0.85008 0.47844 -0.42543 0.59349 0.63007 0.26417
1403715915.084058046 -2.64946 -0.8532 0.487 -0.4269 0.60465 0.61981 0.26072
1403715915.184057951 -2.7207 -0.83818 0.49717 -0.42908 0.60784 0.61377 0.26401
1403715915.284058094 -2.77761 -0.80397 0.51088 -0.43281 0.59486 0.61264 0.28895
1403715915.384057999 -2.8222 -0.75544 0.52186 -0.43192 0.57304 0.61802 0.32114
1403715915.484057903 -2.85701 -0.69456 0.51659 -0.42943 0.55575 0.62373 0.34307
1403715915.584058046 -2.88625 -0.62672 0.49431 -0.4301 0.54486 0.62615 0.35508
1403715915.684057951 -2.91383 -0.55477 0.46048 -0.42704 0.53418 0.6311 0.36607
1403715915.784058094 -2.94287 -0.48066 0.42288 -0.42465 0.53364 0.63545 0.36206
1403715915.884057999 -2.97379 -0.40427 0.38583 -0.42138 0.53758 0.63997 0.35198
1403715915.984057903 -3.0039 -0.32447 0.35326 -0.42203 0.53871 0.64183 0.34604
1403715916.084058046 -3.03437 -0.23909 0.32355 -0.42826 0.53634 0.63812 0.34891
1403715916.184057951 -3.0644 -0.1513 0.29386 -0.42952 0.5386 0.63079 0.3571
1403715916.284058094 -3.09105 -0.05963 0.26383 -0.42726 0.54764 0.61788 0.36846
1403715916.384057999 -3.11444 0.03203 0.23673 -0.42113 0.56155 0.60111 0.38209
1403715916.484057903 -3.13773 0.12575 0.21038 -0.41382 0.5809 0.58074 0.39249
1403715916.584058046 -3.15887 0.2186 0.18517 -0.4015 0.60284 0.55987 0.40241
1403715916.684057951 -3.1771 0.31071 0.16092 -0.3919 0.62625 0.53518 0.40965
1403715916.784058094 -3.19247 0.40278 0.13694 -0.38732 0.64655 0.51128 0.41296
1403715916.884057999 -3.20211 0.49539 0.11478 -0.38714 0.66368 0.48893 0.41304
1403715916.984057903 -3.20182 0.58614 0.09779 -0.3895 0.67438 0.4692 0.41635
1403715917.084058046 -3.18818 0.67337 0.08663 -0.39033 0.67694 0.4553 0.42672
1403715917.184057951 -3.15917 0.75506 0.0841 -0.38247 0.66388 0.44675 0.46196
1403715917.284058094 -3.12393 0.82505 0.08294 -0.36326 0.65242 0.44204 0.49698
1403715917.384057999 -3.09145 0.88357 0.08085 -0.34967 0.65008 0.43388 0.5166
1403715917.484057903 -3.06553 0.93401 0.07771 -0.34309 0.65814 0.42732 0.51627
1403715917.584058046 -3.04517 0.97521 0.07193 -0.34017 0.67382 0.42317 0.50118
1403715917.684057951 -3.02477 1.00946 0.06006 -0.34575 0.68228 0.41634 0.49155
1403715917.784058094 -3.003 1.03555 0.045 -0.356 0.67858 0.40867 0.49578
1403715917.884057999 -2.98144 1.04805 0.03065 -0.36217 0.67009 0.40563 0.50525
1403715917.984057903 -2.96241 1.0437 0.0209 -0.36139 0.66212 0.40873 0.51375
1403715918.084058046 -2.94438 1.02646 0.01374 -0.35003 0.6578 0.41518 0.52192
1403715918.184057951 -2.92734 1.00007 0.00685 -0.33256 0.6597 0.41778 0.52883
1403715918.284058094 -2.9136 0.96586 -0.00014 -0.32786 0.66672 0.40598 0.53214
1403715918.384057999 -2.9041 0.92276 -0.01826 -0.32724 0.68634 0.38849 0.5205
1403715918.484057903 -2.89594 0.87134 -0.05026 -0.32322 0.70942 0.37154 0.50419
1403715918.584058046 -2.88809 0.80934 -0.09082 -0.31637 0.72639 0.35614 0.49541
1403715918.684057951 -2.87293 0.74233 -0.13417 -0.30445 0.73497 0.34881 0.49545
1403715918.784058094 -2.85088 0.67052 -0.16537 -0.28467 0.73778 0.35289 0.50011
1403715918.884057999 -2.82591 0.59701 -0.18242 -0.26125 0.74204 0.36437 0.49836
1403715918.984057903 -2.79921 0.52677 -0.1861 -0.24466 0.74963 0.37395 0.48821
1403715919.084058046 -2.77027 0.46421 -0.17837 -0.23162 0.75568 0.38229 0.4787
1403715919.184057951 -2.73682 0.41261 -0.16224 -0.21843 0.75043 0.39379 0.48381
1403715919.284058094 -2.70058 0.37776 -0.14517 -0.20792 0.73668 0.405 0.50006
1403715919.384057999 -2.66954 0.36235 -0.13197 -0.20681 0.72468 0.40932 0.51432
1403715919.484057903 -2.64756 0.3598 -0.13328 -0.22261 0.72477 0.39957 0.51526
1403715919.584058046 -2.63054 0.36776 -0.14892 -0.23612 0.7258 0.38986 0.51524
1403715919.684057951 -2.61561 0.38102 -0.17774 -0.24225 0.7267 0.38446 0.51518
1403715919.784058094 -2.60331 0.40045 -0.21716 -0.23912 0.72538 0.38512 0.518
1403715919.884057999 -2.59591 0.41924 -0.26008 -0.23582 0.72404 0.38697 0.52001
1403715919.984057903 -2.59285 0.44264 -0.30215 -0.23429 0.72856 0.38876 0.513
1403715920.084058046 -2.59298 0.47267 -0.33188 -0.23411 0.73349 0.39026 0.50485
1403715920.184057951 -2.596 0.50931 -0.34679 -0.23623 0.73759 0.39032 0.49781
1403715920.284058094 -2.59943 0.55475 -0.34562 -0.24576 0.73801 0.38764 0.49465
1403715920.384057999 -2.60247 0.60717 -0.33056 -0.25892 0.73368 0.38562 0.49596
1403715920.484057903 -2.60449 0.6623 -0.30934 -0.27264 0.72768 0.38198 0.50025
1403715920.584058046 -2.60482 0.71857 -0.28821 -0.28497 0.72047 0.37801 0.50678
1403715920.684057951 -2.60535 0.77033 -0.26889 -0.29568 0.71362 0.37456 0.51286
1403715920.784058094 -2.6073 0.81569 -0.24124 -0.30508 0.7053 0.37547 0.51816
1403715920.884057999 -2.61108 0.85439 -0.20411 -0.31122 0.69954 0.38341 0.51651
1403715920.984057903 -2.61719 0.8843 -0.15822 -0.31837 0.7005 0.39493 0.50196
1403715921.084058046 -2.6224 0.90627 -0.10459 -0.32282 0.70161 0.41031 0.48495
1403715921.184057951 -2.62367 0.92395 -0.04789 -0.32544 0.69814 0.42482 0.47562
1403715921.284058094 -2.62097 0.93965 0.00834 -0.32515 0.6932 0.43668 0.47229
1403715921.384057999 -2.61535 0.95386 0.06306 -0.31965 0.68907 0.44858 0.47094
1403715921.484057903 -2.60795 0.96976 0.11836 -0.31413 0.6865 0.45697 0.47034
1403715921.584058046 -2.60032 0.98838 0.17805 -0.31244 0.68489 0.46029 0.47057
1403715921.684057951 -2.5936 1.0101 0.25032 -0.31223 0.68474 0.46033 0.47088
1403715921.784058094 -2.58825 1.03538 0.32781 -0.31682 0.68673 0.45584 0.4693
1403715921.884057999 -2.58236 1.06242 0.40178 -0.32175 0.68912 0.45075 0.46734
1403715921.984057903 -2.57542 1.09122 0.46521 -0.32433 0.69008 0.44652 0.46821
1403715922.084058046 -2.56809 1.11987 0.52508 -0.32306 0.68901 0.44485 0.47223
1403715922.184057951 -2.55907 1.14833 0.59128 -0.32673 0.68622 0.44012 0.47817
1403715922.284058094 -2.54823 1.17465 0.66872 -0.33076 0.68227 0.43583 0.48493
1403715922.384057999 -2.53778 1.197 0.75439 -0.32975 0.67826 0.43617 0.4909
1403715922.484057903 -2.52861 1.214 0.83864 -0.32682 0.67607 0.43898 0.49338
1403715922.584058046 -2.52223 1.22735 0.91964 -0.33059 0.67645 0.43696 0.49213
1403715922.684057951 -2.51703 1.23627 0.99356 -0.33493 0.67599 0.43457 0.49195
1403715922.784058094 -2.51216 1.23902 1.05301 -0.33248 0.67499 0.43704 0.49279
1403715922.884057999 -2.50795 1.23988 1.09715 -0.32696 0.67372 0.44165 0.49411
1403715922.984057903 -2.50617 1.24237 1.12965 -0.32289 0.67302 0.44465 0.49504
1403715923.084058046 -2.50814 1.23966 1.15671 -0.31985 0.67282 0.44676 0.4954
1403715923.184057951 -2.51322 1.23203 1.18701 -0.31637 0.67516 0.4497 0.49177
1403715923.284058094 -2.52444 1.22582 1.22878 -0.31306 0.68 0.45212 0.48497
1403715923.384057999 -2.53693 1.21786 1.27988 -0.31837 0.68599 0.44898 0.4759
1403715923.484057903 -2.55 1.21054 1.32448 -0.32802 0.69134 0.44259 0.46751
1403715923.584058046 -2.56246 1.20331 1.35617 -0.33885 0.69525 0.43485 0.46122
1403715923.684057951 -2.57002 1.19237 1.36654 -0.34737 0.69686 0.42884 0.45806
1403715923.784058094 -2.57297 1.17882 1.34723 -0.35383 0.69599 0.42452 0.45846
1403715923.884057999 -2.56784 1.1649 1.31303 -0.35735 0.69003 0.42245 0.46657
1403715923.984057903 -2.55576 1.1478 1.27227 -0.36025 0.68181 0.42082 0.47777
1403715924.084058046 -2.5401 1.12421 1.22092 -0.35723 0.67526 0.42296 0.48735
1403715924.184057951 -2.52505 1.09152 1.15952 -0.35134 0.67165 0.42738 0.49275
1403715924.284058094 -2.50999 1.05232 1.09888 -0.34459 0.67222 0.43203 0.49267
1403715924.384057999 -2.49436 1.00756 1.04468 -0.33649 0.6749 0.4373 0.48996
1403715924.484057903 -2.47951 0.95905 0.99157 -0.3301 0.68148 0.44109 0.48172
1403715924.584058046 -2.46364 0.90916 0.93913 -0.32425 0.6882 0.44356 0.47381
1403715924.684057951 -2.44576 0.8584 0.88631 -0.32668 0.6966 0.43645 0.46642
1403715924.784058094 -2.42334 0.8076 0.8344 -0.32753 0.70489 0.42186 0.46679
1403715924.884057999 -2.3933 0.75616 0.78401 -0.32279 0.71333 0.40334 0.47359
1403715924.984057903 -2.3566 0.70051 0.73535 -0.31312 0.71955 0.38135 0.48865
1403715925.084058046 -2.31457 0.6409 0.69193 -0.29877 0.72087 0.35771 0.51295
1403715925.184057951 -2.27198 0.57443 0.66071 -0.28081 0.72337 0.33487 0.53456
1403715925.284058094 -2.23165 0.50074 0.6421 -0.26495 0.73349 0.3099 0.54384
1403715925.384057999 -2.19575 0.41934 0.63366 -0.25015 0.75003 0.28299 0.54295
1403715925.484057903 -2.1626 0.33133 0.6305 -0.23435 0.76853 0.25657 0.53723
1403715925.584058046 -2.12871 0.23657 0.62659 -0.21633 0.78348 0.23076 0.53489
1403715925.684057951 -2.09235 0.13534 0.62333 -0.19779 0.79291 0.20434 0.5389
1403715925.784058094 -2.05211 0.03015 0.62198 -0.1787 0.79964 0.17733 0.54515
1403715925.884057999 -2.00915 -0.07926 0.62036 -0.15904 0.8038 0.14952 0.55341
1403715925.984057903 -1.96476 -0.19324 0.61904 -0.13508 0.80602 0.12328 0.56293
1403715926.084058046 -1.91913 -0.31137 0.61333 -0.11602 0.80485 0.09146 0.5748
1403715926.184057951 -1.87646 -0.43367 0.59704 -0.09716 0.8009 0.0561 0.58819
1403715926.284058094 -1.84104 -0.5605 0.56729 -0.0759 0.79757 0.0209 0.59806
1403715926.384057999 -1.812 -0.693 0.52733 -0.04895 0.79344 -0.01099 0.60657
1403715926.484057903 -1.7929 -0.8302 0.48384 -0.01668 0.78537 -0.03797 0.61763
1403715926.584058046 -1.78534 -0.9694 0.43941 0.01408 0.78225 -0.0645 0.61945
1403715926.684057951 -1.79111 -1.10867 0.39272 0.04022 0.78691 -0.09263 0.60874
1403715926.784058094 -1.80428 -1.24661 0.34759 0.06749 0.79296 -0.11739 0.59404
1403715926.884057999 -1.82591 -1.3804 0.31256 0.09455 0.79872 -0.13745 0.57811
1403715926.984057903 -1.84979 -1.50845 0.29119 0.1151 0.80077 -0.15729 0.56637
1403715927.084058046 -1.87158 -1.63141 0.27986 0.13296 0.79572 -0.17532 0.56428
1403715927.184057951 -1.88972 -1.75206 0.26843 0.15806 0.78757 -0.18683 0.56555
1403715927.284058094 -1.90721 -1.86287 0.25623 0.18946 0.77897 -0.19307 0.56572
1403715927.384057999 -1.92413 -1.958 0.2471 0.21663 0.7668 -0.20017 0.5701
1403715927.484057903 -1.93985 -2.03563 0.23959 0.23279 0.74983 -0.21531 0.5807
1403715927.584058046 -1.95833 -2.09502 0.23259 0.23665 0.73045 -0.24118 0.59352
1403715927.684057951 -1.98629 -2.13778 0.22569 0.24322 0.71227 -0.27013 0.60045
1403715927.784058094 -2.0231 -2.16837 0.21663 0.26205 0.70112 -0.29743 0.59271
1403715927.884057999 -2.07163 -2.1821 0.20668 0.28865 0.69271 -0.32458 0.57574
1403715927.984057903 -2.12856 -2.18084 0.19397 0.31693 0.68513 -0.3534 0.5525
1403715928.084058046 -2.19136 -2.1641 0.1735 0.33845 0.6728 -0.38906 0.5305
1403715928.184057951 -2.25591 -2.1341 0.13837 0.35257 0.6564 -0.43164 0.50845
1403715928.284058094 -2.32055 -2.09346 0.09256 0.37111 0.63019 -0.46996 0.49423
1403715928.384057999 -2.38545 -2.04257 0.04141 0.39689 0.59792 -0.49949 0.48526
1403715928.484057903 -2.45152 -1.97977 -0.01318 0.41439 0.56935 -0.52892 0.47367
1403715928.584058046 -2.51841 -1.90419 -0.07101 -0.41903 -0.55227 0.56033 -0.45326
1403715928.684057951 -2.58623 -1.81784 -0.11973 -0.42223 -0.54358 0.58159 -0.43359
1403715928.784058094 -2.65436 -1.72548 -0.15576 -0.41241 -0.55077 0.60144 -0.40601
1403715928.884057999 -2.72137 -1.63397 -0.16889 -0.39043 -0.56832 0.61598 -0.38099
1403715928.984057903 -2.78564 -1.55233 -0.15416 -0.36544 -0.59051 0.61928 -0.36638
1403715929.084058046 -2.84813 -1.49061 -0.1122 -0.34216 -0.61164 0.61643 -0.35894
1403715929.184057951 -2.90826 -1.45568 -0.05844 0.32569 0.6314 -0.60937 0.35203
1403715929.284058094 -2.95679 -1.45488 -0.00089 0.32559 0.64983 -0.59356 0.34554
1403715929.384057999 -3.01001 -1.46408 0.04456 0.3574 0.664 -0.55871 0.34527
1403715929.484057903 -3.05396 -1.48472 0.0835 0.40133 0.67206 -0.51713 0.34618
1403715929.584058046 -3.07664 -1.51354 0.12001 0.44093 0.67533 -0.48112 0.34356
1403715929.684057951 -3.06866 -1.5406 0.15336 0.45602 0.67254 -0.47079 0.34364
1403715929.784058094 -3.03178 -1.56403 0.182 0.43567 0.65846 -0.49502 0.36273
1403715929.884057999 -2.9753 -1.58716 0.20488 0.41462 0.63539 -0.51794 0.39509
1403715929.984057903 -2.90799 -1.6115 0.21838 0.39336 0.60818 -0.53865 0.43039
1403715930.084058046 -2.84243 -1.63348 0.22766 0.37543 0.5853 -0.55434 0.45737
1403715930.184057951 -2.78232 -1.64933 0.23344 0.36116 0.56651 -0.56638 0.47733
1403715930.284058094 -2.73348 -1.65889 0.23995 -0.35074 -0.55376 0.57588 -0.48856
1403715930.384057999 -2.70143 -1.66517 0.24466 -0.34912 -0.55546 0.58039 -0.48241
1403715930.484057903 -2.6851 -1.66908 0.24293 -0.34974 -0.56858 0.58398 -0.46191
1403715930.584058046 -2.67947 -1.67295 0.22735 -0.34749 -0.58064 0.58854 -0.44241
1403715930.684057951 -2.68311 -1.68129 0.21228 -0.34163 -0.58856 0.59492 -0.42773
1403715930.784058094 -2.69667 -1.69713 0.21023 -0.33814 -0.59027 0.59949 -0.42171
1403715930.884057999 -2.71913 -1.72154 0.22388 0.34585 0.59868 -0.59611 0.40819
1403715930.984057903 -2.74736 -1.75542 0.24909 0.35682 0.60856 -0.58962 0.3933
1403715931.084058046 -2.77591 -1.79733 0.2701 0.35642 0.61693 -0.59074 0.37867
1403715931.184057951 -2.80335 -1.85168 0.28295 0.35194 0.62203 -0.59387 0.36952
1403715931.284058094 -2.82889 -1.92249 0.30322 0.35123 0.62241 -0.59496 0.36778
1403715931.384057999 -2.85102 -2.00889 0.33816 0.35193 0.6181 -0.59504 0.3742
1403715931.484057903 -2.87143 -2.11071 0.38165 0.35527 0.61538 -0.59195 0.38038
1403715931.584058046 -2.89074 -2.22455 0.41645 0.36027 0.61475 -0.58679 0.38467
1403715931.684057951 -2.90715 -2.34684 0.43592 0.36605 0.61648 -0.57977 0.38707
1403715931.784058094 -2.92082 -2.47523 0.44192 0.37076 0.61877 -0.57298 0.38904
1403715931.884057999 -2.93099 -2.60964 0.44574 0.37667 0.61575 -0.5653 0.39925
1403715931.984057903 -2.93806 -2.7467 0.45198 0.38664 0.60984 -0.55517 0.41279
1403715932.084058046 -2.94209 -2.8833 0.46163 0.39767 0.60053 -0.54428 0.4301
1403715932.184057951 -2.94313 -3.01463 0.4776 0.41674 0.58746 -0.5281 0.44981
1403715932.284058094 -2.94084 -3.13367 0.4995 0.43918 0.57034 -0.50888 0.47209
1403715932.384057999 -2.93554 -3.23382 0.52429 0.45678 0.55367 -0.49291 0.49178
1403715932.484057903 -2.92886 -3.30617 0.5489 0.46714 0.54137 -0.48256 0.5058
1403715932.584058046 -2.92161 -3.3455 0.576 0.47699 0.5286 -0.47224 0.51967
1403715932.684057951 -2.9141 -3.34578 0.60626 0.48453 0.51623 -0.46344 0.53288
1403715932.784058094 -2.90647 -3.30143 0.63588 0.49116 0.50877 -0.45736 0.53921
1403715932.884057999 -2.90029 -3.21716 0.6635 0.48655 0.51694 -0.46633 0.52781
1403715932.984057903 -2.89523 -3.09658 0.68783 0.46238 0.54268 -0.49554 0.49613
1403715933.084058046 -2.88857 -2.95041 0.71256 0.43386 0.56909 -0.52535 0.46034
1403715933.184057951 -2.88096 -2.79208 0.73811 0.4038 0.59267 -0.55248 0.42479
1403715933.284058094 -2.87111 -2.6335 0.76361 0.37399 0.61292 -0.57566 0.39125
1403715933.384057999 -2.85945 -2.48424 0.78786 0.33836 0.62741 -0.60044 0.36241
1403715933.484057903 -2.84728 -2.35608 0.81121 0.29871 0.63678 -0.62665 0.33556
1403715933.584058046 -2.83771 -2.26218 0.83854 -0.26774 -0.64411 0.6455 -0.31109
1403715933.684057951 -2.83409 -2.21146 0.87107 -0.25096 -0.65173 0.65433 -0.29004
1403715933.784058094 -2.83205 -2.21244 0.91281 0.24967 0.65848 -0.65415 0.27596
1403715933.884057999 -2.82771 -2.26196 0.96492 0.2651 0.65689 -0.64826 0.27924
1403715933.984057903 -2.82486 -2.36243 1.03194 0.30639 0.6398 -0.63055 0.31495
1403715934.084058046 -2.8215 -2.49785 1.10858 0.36194 0.61062 -0.60097 0.3674
1403715934.184057951 -2.81652 -2.64188 1.17735 0.41707 0.57313 -0.56514 0.42213
1403715934.284058094 -2.81043 -2.77755 1.22131 0.45854 0.54163 -0.53304 0.4607
1403715934.384057999 -2.80315 -2.89551 1.24752 0.48516 0.51651 -0.50862 0.48902
1403715934.484057903 -2.79495 -2.98355 1.26097 0.50611 0.49597 -0.48675 0.51083
1403715934.584058046 -2.78672 -3.03494 1.26626 0.5202 0.47931 -0.46849 0.52931
1403715934.684057951 -2.77961 -3.03879 1.26796 0.52677 0.46831 -0.45609 0.5433
1403715934.784058094 -2.77501 -2.99074 1.27487 0.52319 0.46378 -0.4527 0.55339
1403715934.884057999 -2.77249 -2.88939 1.28726 0.5048 0.48231 -0.46947 0.54051
1403715934.984057903 -2.77278 -2.74045 1.30123 0.47036 0.51686 -0.50356 0.50798
1403715935.084058046 -2.7751 -2.56166 1.30774 0.43107 0.55118 -0.5393 0.46854
1403715935.184057951 -2.77909 -2.36735 1.30422 0.39485 0.58007 -0.5695 0.42812
1403715935.284058094 -2.78453 -2.17107 1.28808 0.36576 0.60119 -0.59113 0.39415
1403715935.384057999 -2.78817 -1.98506 1.26146 0.34418 0.61684 -0.60566 0.36636
1403715935.484057903 -2.79562 -1.81552 1.22752 0.32708 0.62975 -0.61385 0.34587
1403715935.584058046 -2.79937 -1.66959 1.18619 0.31669 0.63821 -0.61855 0.33135
1403715935.684057951 -2.79998 -1.55334 1.14284 0.30577 0.64452 -0.62378 0.31937
1403715935.784058094 -2.79794 -1.4724 1.1015 0.29476 0.65063 -0.62924 0.30635
1403715935.884057999 -2.79195 -1.43438 1.06466 0.288 0.65501 -0.63289 0.29575
1403715935.984057903 -2.77876 -1.44495 1.0378 0.29536 0.65071 -0.63218 0.29946
1403715936.084058046 -2.76971 -1.50802 1.02473 0.3269 0.63461 -0.61788 0.32959
1403715936.184057951 -2.75749 -1.58534 1.02302 0.37062 0.61129 -0.594 0.36895
1403715936.284058094 -2.74381 -1.67711 1.01823 0.41266 0.58401 -0.56778 0.40776
1403715936.384057999 -2.72695 -1.7625 1.00969 0.43966 0.55784 -0.54993 0.43942
1403715936.484057903 -2.70861 -1.83519 0.99605 0.45377 0.54173 -0.54065 0.45642
1403715936.584058046 -2.69205 -1.89331 0.9814 -0.45927 -0.52894 0.53716 -0.46984
1403715936.684057951 -2.67635 -1.92853 0.96928 -0.46005 -0.51855 0.53655 -0.48123
1403715936.784058094 -2.66166 -1.93725 0.95831 -0.45595 -0.52228 0.54158 -0.47542
1403715936.884057999 -2.64883 -1.92367 0.94568 -0.4494 -0.53379 0.54932 -0.45974
1403715936.984057903 -2.63721 -1.89527 0.93302 -0.44035 -0.54268 0.55631 -0.44956
1403715937.084058046 -2.6244 -1.85623 0.91951 -0.42797 -0.55523 0.55941 -0.44229
1403715937.184057951 -2.61076 -1.80999 0.9031 0.40951 0.57222 -0.56022 0.43706
1403715937.284058094 -2.5969 -1.7593 0.88282 0.39273 0.58974 -0.5538 0.43734
1403715937.384057999 -2.58352 -1.70578 0.85335 0.3803 0.60705 -0.53927 0.44278
1403715937.484057903 -2.57095 -1.65323 0.81105 0.36604 0.62407 -0.52516 0.44806
1403715937.584058046 -2.55864 -1.60152 0.75393 0.34217 0.64611 -0.52156 0.43982
1403715937.684057951 -2.54582 -1.55516 0.69562 0.31875 0.66867 -0.51671 0.4293
1403715937.784058094 -2.53217 -1.5177 0.63963 0.30087 0.68575 -0.50846 0.42508
1403715937.884057999 -2.51547 -1.49226 0.58729 0.28652 0.6998 -0.49735 0.42524
1403715937.984057903 -2.49368 -1.47979 0.53845 0.27521 0.7137 -0.48284 0.42634
1403715938.084058046 -2.466 -1.48162 0.49289 0.26185 0.72695 -0.46768 0.42926
1403715938.184057951 -2.43104 -1.49824 0.45722 0.24882 0.74103 -0.4498 0.43201
1403715938.284058094 -2.38584 -1.53251 0.43813 0.24425 0.75069 -0.42439 0.44352
1403715938.384057999 -2.33082 -1.58315 0.43744 0.25222 0.75488 -0.38829 0.46452
1403715938.484057903 -2.26835 -1.64138 0.44625 0.25048 0.75523 -0.35818 0.48846
1403715938.584058046 -2.20104 -1.70364 0.4542 0.24104 0.75576 -0.33589 0.50784
1403715938.684057951 -2.13275 -1.7664 0.4583 0.23017 0.75944 -0.32291 0.51576
1403715938.784058094 -2.06292 -1.82984 0.459 0.2174 0.77113 -0.3193 0.50612
1403715938.884057999 -1.98888 -1.89507 0.45683 0.20348 0.78555 -0.32093 0.48838
1403715938.984057903 -1.90758 -1.96569 0.45353 0.19223 0.79695 -0.32271 0.47305
1403715939.084058046 -1.81638 -2.04585 0.44798 0.18482 0.80475 -0.32309 0.46242
1403715939.184057951 -1.7112 -2.1386 0.44607 0.18787 0.79988 -0.31757 0.47333
1403715939.284058094 -1.59537 -2.24061 0.45088 0.2015 0.7792 -0.30556 0.50881
1403715939.384057999 -1.47729 -2.34394 0.45582 0.21539 0.75387 -0.29392 0.54672
1403715939.484057903 -1.36211 -2.44302 0.45797 0.228 0.73021 -0.28388 0.57811
1403715939.584058046 -1.25583 -2.53125 0.45972 0.24032 0.70912 -0.27543 0.60294
1403715939.684057951 -1.16528 -2.60194 0.46867 0.25446 0.68112 -0.26549 0.63313
1403715939.784058094 -1.09737 -2.64911 0.48372 0.26516 0.65804 -0.25903 0.65542
1403715939.884057999 -1.0554 -2.66831 0.50727 0.27312 0.64404 -0.25574 0.66724
1403715939.984057903 -1.04003 -2.65548 0.53983 0.27524 0.64579 -0.25843 0.66364
1403715940.084058046 -1.04885 -2.6131 0.57678 0.26633 0.67579 -0.2722 0.6311
1403715940.184057951 -1.07751 -2.54779 0.61805 0.25095 0.71253 -0.28904 0.58803
1403715940.284058094 -1.11629 -2.46495 0.6588 0.23374 0.74522 -0.30446 0.54527
1403715940.384057999 -1.15894 -2.37485 0.6986 0.21419 0.77397 -0.31873 0.5035
1403715940.484057903 -1.19612 -2.28772 0.73584 0.19451 0.79944 -0.33209 0.46128
1403715940.584058046 -1.22007 -2.21283 0.77111 0.17005 0.82102 -0.34803 0.41939
1403715940.684057951 -1.22352 -2.16063 0.80544 0.14393 0.83826 -0.36473 0.37891
1403715940.784058094 -1.19965 -2.14203 0.84433 0.13205 0.85028 -0.37005 0.35021
1403715940.884057999 -1.14118 -2.16468 0.89012 0.13712 0.85274 -0.36647 0.34604
1403715940.984057903 -1.04444 -2.22873 0.94666 0.15937 0.83653 -0.3571 0.3838
1403715941.084058046 -0.92141 -2.32007 1.01163 0.19314 0.80182 -0.34006 0.45182
1403715941.184057951 -0.78742 -2.42222 1.07996 0.22802 0.75147 -0.31921 0.53047
1403715941.284058094 -0.65648 -2.52027 1.14083 0.24978 0.70591 -0.30312 0.58942
1403715941.384057999 -0.53847 -2.60455 1.19317 0.26052 0.67327 -0.29295 0.62691
1403715941.484057903 -0.43745 -2.67193 1.22991 0.26411 0.65114 -0.2874 0.65089
1403715941.584058046 -0.35807 -2.72011 1.24363 0.26482 0.63694 -0.28415 0.66592
1403715941.684057951 -0.30515 -2.74632 1.24034 0.2645 0.61869 -0.28056 0.6845
1403715941.784058094 -0.28568 -2.74558 1.23077 0.26481 0.59822 -0.27526 0.70444
1403715941.884057999 -0.30335 -2.71539 1.21725 0.26649 0.58658 -0.27077 0.71525
1403715941.984057903 -0.362 -2.65361 1.19465 0.26817 0.60127 -0.27287 0.7015
1403715942.084058046 -0.45664 -2.56237 1.16107 0.261 0.64353 -0.28506 0.66067
1403715942.184057951 -0.57631 -2.45127 1.11484 0.24478 0.69166 -0.30168 0.60883
1403715942.284058094 -0.70768 -2.32954 1.04631 0.22341 0.73632 -0.31921 0.55319
1403715942.384057999 -0.8415 -2.20461 0.95632 0.20233 0.77063 -0.33449 0.5033
1403715942.484057903 -0.96754 -2.0848 0.85324 0.18315 0.79197 -0.34693 0.46784
1403715942.584058046 -1.08237 -1.97944 0.74801 0.16781 0.80961 -0.35407 0.43704
1403715942.684057951 -1.17996 -1.89436 0.64567 0.15907 0.82508 -0.35555 0.4093
1403715942.784058094 -1.25315 -1.83588 0.5482 0.1561 0.83292 -0.35376 0.3959
1403715942.884057999 -1.29819 -1.80837 0.45645 0.15741 0.83497 -0.35015 0.39426
1403715942.984057903 -1.31089 -1.81348 0.37038 0.16121 0.83381 -0.34596 0.39885
1403715943.084058046 -1.27524 -1.841 0.3031 0.17626 0.82941 -0.34304 0.40414
1403715943.184057951 -1.22507 -1.89744 0.2558 0.19065 0.81887 -0.33427 0.42588
1403715943.284058094 -1.15434 -1.97853 0.22692 0.20548 0.79141 -0.32316 0.47646
1403715943.384057999 -1.07276 -2.06236 0.21143 0.22154 0.75598 -0.30442 0.53549
1403715943.484057903 -0.99173 -2.14003 0.20319 0.23265 0.72351 -0.28384 0.58467
1403715943.584058046 -0.92125 -2.20649 0.1911 0.2385 0.70484 -0.27146 0.61043
1403715943.684057951 -0.86571 -2.25865 0.17787 0.24234 0.68955 -0.26592 0.62856
1403715943.784058094 -0.82949 -2.29276 0.16989 0.24637 0.6722 -0.26441 0.64617
1403715943.884057999 -0.81881 -2.30272 0.17097 0.25307 0.65711 -0.26393 0.65917
1403715943.984057903 -0.83844 -2.28453 0.18808 0.25651 0.65284 -0.26664 0.66099
1403715944.084058046 -0.88743 -2.23876 0.21377 0.23781 0.68215 -0.28341 0.63071
1403715944.184057951 -0.95608 -2.1735 0.24303 0.2085 0.72635 -0.29924 0.58258
1403715944.284058094 -1.03317 -2.10226 0.26862 0.17421 0.77284 -0.30857 0.52645
1403715944.384057999 -1.10907 -2.03583 0.28902 0.14936 0.80732 -0.30234 0.48427
1403715944.484057903 -1.17357 -1.98028 0.3014 0.12711 0.83444 -0.2875 0.45266
1403715944.584058046 -1.22055 -1.94096 0.31157 0.10573 0.85365 -0.26827 0.43374
1403715944.684057951 -1.24248 -1.92486 0.3266 0.08535 0.86647 -0.24653 0.42564
1403715944.784058094 -1.23365 -1.93444 0.34695 0.0699 0.87618 -0.2193 0.42347
1403715944.884057999 -1.18937 -1.97082 0.37658 0.06872 0.87489 -0.18181 0.4436
1403715944.984057903 -1.12123 -2.01882 0.41188 0.07987 0.85425 -0.1366 0.49519
1403715945.084058046 -1.04138 -2.06799 0.44656 0.09235 0.81742 -0.09639 0.56037
1403715945.184057951 -0.96202 -2.11159 0.47677 0.10085 0.78451 -0.07114 0.60771
1403715945.284058094 -0.89476 -2.14627 0.50333 0.10607 0.75903 -0.05758 0.63977
1403715945.384057999 -0.84623 -2.16785 0.53223 0.11088 0.73402 -0.0508 0.66808
1403715945.484057903 -0.82362 -2.17329 0.56377 0.11199 0.70975 -0.04985 0.69371
1403715945.584058046 -0.83284 -2.16163 0.59197 0.10521 0.70729 -0.05778 0.69666
1403715945.684057951 -0.87089 -2.13565 0.61045 0.08973 0.74484 -0.07438 0.65699
1403715945.784058094 -0.92875 -2.10337 0.62876 0.07921 0.78291 -0.08741 0.61085
1403715945.884057999 -0.99744 -2.06411 0.64564 0.07293 0.82014 -0.09689 0.55917
1403715945.984057903 -1.06288 -2.02355 0.66255 0.06506 0.85007 -0.10401 0.51219
1403715946.084058046 -1.11186 -1.9844 0.68318 0.05669 0.87046 -0.10242 0.47812
1403715946.184057951 -1.13554 -1.94867 0.70597 0.0456 0.88681 -0.09579 0.4498
1403715946.284058094 -1.12079 -1.92029 0.73763 0.03423 0.89754 -0.08398 0.4315
1403715946.384057999 -1.06146 -1.90591 0.77929 0.02831 0.89531 -0.05981 0.44049
1403715946.484057903 -0.97694 -1.89417 0.82426 0.02802 0.87412 -0.03263 0.4838
1403715946.584058046 -0.87808 -1.87502 0.86613 0.0225 0.84265 -0.01727 0.53772
1403715946.684057951 -0.7743 -1.85293 0.9082 0.01657 0.8072 -0.00781 0.59
1403715946.784058094 -0.67733 -1.82812 0.94597 0.01154 0.78096 -0.00227 0.62447
1403715946.884057999 -0.59333 -1.80252 0.9778 0.00774 0.7652 0.00102 0.64374
1403715946.984057903 -0.52863 -1.77683 1.00478 0.00828 0.75157 0.00419 0.65959
1403715947.084058046 -0.48533 -1.75019 1.02866 0.00658 0.73586 0.00316 0.6771
1403715947.184057951 -0.47032 -1.7228 1.0539 0.00613 0.7052 -0.0004 0.70898
1403715947.284058094 -0.48767 -1.69592 1.07003 0.00535 0.68858 -0.00636 0.72511
1403715947.384057999 -0.54003 -1.66899 1.07263 0.00505 0.70505 -0.01282 0.70902
1403715947.484057903 -0.6228 -1.64029 1.05927 0.00464 0.74589 -0.01802 0.66581
1403715947.584058046 -0.72778 -1.61138 1.03431 -0.00408 0.78377 -0.02537 0.62052
1403715947.684057951 -0.84147 -1.58419 0.99536 -0.01412 0.82137 -0.03306 0.56927
1403715947.784058094 -0.95447 -1.56371 0.9476 -0.01751 0.849 -0.03512 0.52693
1403715947.884057999 -1.05739 -1.54849 0.89318 -0.01121 0.86818 -0.02839 0.49531
1403715947.984057903 -1.14147 -1.53758 0.83273 -0.00689 0.88476 -0.02085 0.46553
1403715948.084058046 -1.19649 -1.52877 0.77407 -0.00597 0.89916 -0.01476 0.43734
1403715948.184057951 -1.21445 -1.52024 0.71984 -0.00436 0.9074 -0.00894 0.42016
1403715948.284058094 -1.18938 -1.51144 0.67761 -0.00507 0.90351 -0.00768 0.42848
1403715948.384057999 -1.11376 -1.51005 0.64792 -0.00736 0.88395 -0.00709 0.46747
1403715948.484057903 -1.02022 -1.50627 0.62413 -0.00594 0.85511 -0.00631 0.51837
1403715948.584058046 -0.91427 -1.50635 0.60011 -0.00105 0.82515 -0.00441 0.56489
1403715948.684057951 -0.80939 -1.50518 0.57269 0.00474 0.79898 -0.0053 0.60131
1403715948.784058094 -0.71285 -1.50464 0.54242 0.01077 0.77525 -0.00679 0.63153
1403715948.884057999 -0.63276 -1.50347 0.5097 0.01259 0.75918 -0.00811 0.65071
1403715948.984057903 -0.57165 -1.4994 0.47978 0.0073 0.74531 -0.00588 0.66666
1403715949.084058046 -0.53483 -1.49311 0.45424 -0.00093 0.73494 0.00139 0.67813
1403715949.184057951 -0.5252 -1.4858 0.42896 -0.01351 0.74124 0.01185 0.67099
1403715949.284058094 -0.53941 -1.48076 0.40064 -0.02518 0.77065 0.0272 0.63617
1403715949.384057999 -0.56911 -1.47566 0.37331 -0.03511 0.80686 0.04428 0.58803
1403715949.484057903 -0.60454 -1.47232 0.34893 -0.04221 0.83847 0.06 0.53999
1403715949.584058046 -0.63179 -1.46739 0.3297 -0.04857 0.85773 0.07774 0.50586
1403715949.684057951 -0.64272 -1.45987 0.31327 -0.05861 0.86976 0.09605 0.48047
1403715949.784058094 -0.63305 -1.4483 0.29931 -0.06634 0.87768 0.1179 0.45976
1403715949.884057999 -0.59341 -1.43016 0.29187 -0.07 0.87742 0.14377 0.45229
1403715949.984057903 -0.52428 -1.40457 0.29627 -0.06976 0.86875 0.17411 0.45835
1403715950.084058046 -0.43655 -1.3647 0.30603 -0.07099 0.85234 0.20404 0.47628
1403715950.184057951 -0.33217 -1.30791 0.31835 -0.08385 0.82185 0.22103 0.51834
1403715950.284058094 -0.22262 -1.23999 0.33169 -0.10943 0.78633 0.2191 0.56719
1403715950.384057999 -0.11975 -1.16857 0.34146 -0.13367 0.7561 0.21023 0.60519
1403715950.484057903 -0.03276 -1.10214 0.3501 -0.14851 0.72882 0.20195 0.63716
1403715950.584058046 0.03434 -1.04349 0.35826 -0.15503 0.7084 0.19518 0.66033
1403715950.684057951 0.07375 -0.99487 0.36883 -0.15996 0.69574 0.18982 0.67404
1403715950.784058094 0.0824 -0.95863 0.38308 -0.16398 0.68281 0.18551 0.68736
1403715950.884057999 0.05623 -0.9355 0.4002 -0.16772 0.67451 0.18359 0.69513
1403715950.984057903 -0.00331 -0.92767 0.4147 -0.17137 0.68998 0.18544 0.67836
1403715951.084058046 -0.09213 -0.93511 0.42617 -0.168 0.72878 0.19315 0.6351
1403715951.184057951 -0.20022 -0.95266 0.43837 -0.15938 0.76667 0.20754 0.58629
1403715951.284058094 -0.31571 -0.97358 0.4499 -0.15045 0.80101 0.22561 0.5337
1403715951.384057999 -0.42472 -0.98952 0.46262 -0.14737 0.8241 0.24205 0.49046
1403715951.484057903 -0.52022 -0.99743 0.4773 -0.1463 0.83941 0.25972 0.45445
1403715951.584058046 -0.59481 -0.9933 0.49341 -0.14817 0.84881 0.277 0.42525
1403715951.684057951 -0.64551 -0.97384 0.51189 -0.15172 0.85232 0.29451 0.40472
1403715951.784058094 -0.66329 -0.93535 0.53428 -0.15893 0.85086 0.31254 0.39128
1403715951.884057999 -0.64232 -0.87403 0.56153 -0.174 0.83974 0.32758 0.39655
1403715951.984057903 -0.58823 -0.80288 0.59378 -0.20922 0.80548 0.34281 0.43579
1403715952.084058046 -0.52298 -0.70614 0.62793 -0.24644 0.76449 0.34469 0.48582
1403715952.184057951 -0.46238 -0.6074 0.66366 -0.28023 0.72295 0.34637 0.52806
1403715952.284058094 -0.40535 -0.51966 0.69358 -0.3065 0.69247 0.34783 0.55278
1403715952.384057999 -0.35515 -0.44816 0.72101 -0.32474 0.66978 0.35019 0.5686
1403715952.484057903 -0.31278 -0.39703 0.74746 -0.33944 0.65156 0.35225 0.5798
1403715952.584058046 -0.28028 -0.36942 0.77403 -0.35112 0.6352 0.35821 0.5873
1403715952.684057951 -0.26138 -0.36959 0.80314 -0.36665 0.61628 0.35819 0.59788
1403715952.784058094 -0.25932 -0.4017 0.83437 -0.38083 0.59367 0.35383 0.61427
1403715952.884057999 -0.27246 -0.46717 0.86174 -0.38453 0.5885 0.35613 0.61561
1403715952.984057903 -0.29694 -0.56665 0.87808 -0.36549 0.6224 0.3811 0.57775
1403715953.084058046 -0.338 -0.68907 0.8829 -0.33914 0.66336 0.41206 0.52454
1403715953.184057951 -0.38427 -0.82333 0.87319 -0.30908 0.70063 0.43946 0.46953
1403715953.284058094 -0.42501 -0.95657 0.85362 -0.2853 0.72513 0.45758 0.42827
1403715953.384057999 -0.46092 -1.07727 0.82657 -0.26915 0.7395 0.47192 0.39747
1403715953.484057903 -0.4842 -1.17729 0.79588 -0.25997 0.74774 0.48693 0.36905
1403715953.584058046 -0.49122 -1.24925 0.76944 -0.25523 0.74802 0.50628 0.34497
1403715953.684057951 -0.48026 -1.28576 0.75101 -0.25379 0.74243 0.52744 0.32588
1403715953.784058094 -0.46065 -1.28126 0.738 -0.2523 0.73528 0.54443 0.31512
1403715953.884057999 -0.4242 -1.23247 0.73604 -0.25264 0.717 0.56153 0.32677
1403715953.984057903 -0.37805 -1.14646 0.73977 -0.2559 0.6796 0.57985 0.36936
1403715954.084058046 -0.33611 -1.03402 0.73889 -0.26975 0.63645 0.58538 0.42367
1403715954.184057951 -0.3051 -0.91211 0.72565 -0.2987 0.6004 0.57307 0.47105
1403715954.284058094 -0.29251 -0.7822 0.71255 -0.33447 0.57611 0.54883 0.50498
1403715954.384057999 -0.29525 -0.65474 0.69748 -0.37589 0.56589 0.51822 0.51955
1403715954.484057903 -0.31049 -0.54267 0.68269 -0.41513 0.55582 0.48759 0.53007
1403715954.584058046 -0.33728 -0.45868 0.67003 -0.44181 0.53923 0.46432 0.5463
1403715954.684057951 -0.37218 -0.41057 0.65897 -0.4595 0.52589 0.44908 0.55734
1403715954.784058094 -0.42192 -0.41065 0.64759 -0.45999 0.52671 0.44976 0.55561
1403715954.884057999 -0.47584 -0.44427 0.63491 -0.44615 0.54275 0.46333 0.54009
1403715954.984057903 -0.53598 -0.51058 0.62303 -0.41982 0.57037 0.48576 0.51232
1403715955.084058046 -0.59974 -0.59906 0.61327 -0.39228 0.59836 0.50611 0.4816
1403715955.184057951 -0.66979 -0.69573 0.60427 -0.36815 0.62979 0.5214 0.4427
1403715955.284058094 -0.73943 -0.79433 0.59643 -0.3436 0.65796 0.53427 0.40446
1403715955.384057999 -0.80421 -0.88508 0.59167 -0.32216 0.67688 0.54366 0.37746
1403715955.484057903 -0.86393 -0.9538 0.59185 -0.30687 0.69225 0.55022 0.35195
1403715955.584058046 -0.91473 -0.99778 0.59515 -0.29976 0.70604 0.5549 0.32209
1403715955.684057951 -0.95246 -1.01245 0.60614 -0.29565 0.70902 0.56508 0.30094
1403715955.784058094 -0.97486 -0.98563 0.62716 -0.30668 0.68849 0.57843 0.31201
1403715955.884057999 -0.95616 -0.91361 0.66223 -0.35273 0.63972 0.59098 0.34217
1403715955.984057903 -0.9588 -0.83504 0.69322 -0.39858 0.59436 0.58823 0.37663
1403715956.084058046 -0.96596 -0.75514 0.72529 -0.43677 0.54252 0.58929 0.40944
1403715956.184057951 -0.97703 -0.68169 0.75306 -0.46351 0.49834 0.59642 0.42555
1403715956.284058094 -0.98669 -0.62433 0.77562 -0.4834 0.46377 0.60856 0.42532
1403715956.384057999 -0.99917 -0.59139 0.7999 0.5104 -0.43065 -0.61514 -0.4191
1403715956.484057903 -1.00978 -0.58347 0.8267 0.54718 -0.39386 -0.61141 -0.41431
1403715956.584058046 -1.01663 -0.60788 0.85493 0.57619 -0.3639 -0.60859 -0.40643
1403715956.684057951 -1.01497 -0.66729 0.88101 0.58851 -0.35047 -0.61343 -0.39312
1403715956.784058094 -1.0061 -0.75497 0.90394 0.58115 -0.3574 -0.63141 -0.36857
1403715956.884057999 -0.98927 -0.86953 0.92646 0.56179 -0.37371 -0.65412 -0.34186
1403715956.984057903 -0.96599 -1.00326 0.94599 0.53071 -0.39375 -0.68073 -0.31611
1403715957.084058046 -0.94024 -1.14183 0.95634 -0.49481 0.41333 0.70573 0.29371
1403715957.184057951 -0.91709 -1.282 0.95646 -0.46248 0.43213 0.72507 0.27137
1403715957.284058094 -0.89771 -1.41572 0.94307 -0.43068 0.45092 0.74168 0.24718
1403715957.384057999 -0.88637 -1.53268 0.91746 -0.39676 0.46842 0.75743 0.22241
1403715957.484057903 -0.88536 -1.62612 0.88547 -0.36736 0.48028 0.76979 0.20447
1403715957.584058046 -0.8977 -1.68695 0.85022 -0.34455 0.48697 0.77916 0.19249
1403715957.684057951 -0.92637 -1.70761 0.81493 -0.3316 0.48747 0.78539 0.1886
1403715957.784058094 -0.97577 -1.68185 0.78375 -0.3473 0.47868 0.78072 0.20182
1403715957.884057999 -1.04769 -1.61546 0.76518 -0.39765 0.45941 0.75975 0.23151
1403715957.984057903 -1.13207 -1.52592 0.75148 -0.45391 0.43019 0.73506 0.26189
1403715958.084058046 -1.22221 -1.43377 0.73984 0.50737 -0.39583 -0.70983 -0.28643
1403715958.184057951 -1.31073 -1.34791 0.72321 0.55373 -0.36378 -0.68674 -0.29904
1403715958.284058094 -1.39198 -1.27656 0.70159 0.58748 -0.33339 -0.67096 -0.30582
1403715958.384057999 -1.46255 -1.22251 0.67568 0.61406 -0.30646 -0.65947 -0.30678
1403715958.484057903 -1.51694 -1.19033 0.65078 0.64335 -0.28135 -0.64451 -0.30258
1403715958.584058046 -1.54969 -1.18778 0.62359 0.65959 -0.26482 -0.64175 -0.28805
1403715958.684057951 -1.55692 -1.21699 0.59519 0.66232 -0.25824 -0.65299 -0.26124
1403715958.784058094 -1.5375 -1.27267 0.56499 0.65059 -0.25812 -0.6779 -0.22485
1403715958.884057999 -1.49485 -1.35066 0.53478 0.62825 -0.26492 -0.70997 -0.17624
1403715958.984057903 -1.43166 -1.4364 0.50506 0.60165 -0.2686 -0.74061 -0.13176
1403715959.084058046 -1.35221 -1.51537 0.47291 0.56626 -0.26085 -0.7751 -0.10261
1403715959.184057951 -1.26941 -1.58201 0.44287 0.53523 -0.23771 -0.80494 -0.09534
1403715959.284058094 -1.19013 -1.63946 0.41594 0.50608 -0.21089 -0.83102 -0.09387
1403715959.384057999 -1.1211 -1.68821 0.38804 -0.46714 0.193 0.85863 0.08534
1403715959.484057903 -1.07262 -1.72363 0.36178 -0.43334 0.18312 0.87911 0.07646
1403715959.584058046 -1.05195 -1.74495 0.34351 -0.41202 0.17097 0.89219 0.07079
1403715959.684057951 -1.07614 -1.75001 0.34451 -0.41534 0.15457 0.89375 0.06936
1403715959.784058094 -1.14867 -1.74284 0.367 -0.4594 0.14092 0.87418 0.06999
1403715959.884057999 -1.24176 -1.72432 0.3967 0.52169 -0.12295 -0.84126 -0.07078
1403715959.984057903 -1.34279 -1.70181 0.42609 0.58523 -0.10622 -0.80049 -0.07369
1403715960.084058046 -1.43734 -1.68149 0.44866 0.63562 -0.09344 -0.76252 -0.07625
1403715960.184057951 -1.51655 -1.66626 0.46513 0.66845 -0.08398 -0.73471 -0.07956
1403715960.284058094 -1.56736 -1.65982 0.48144 0.69092 -0.07681 -0.71391 -0.08402
1403715960.384057999 -1.58426 -1.66399 0.4995 0.70915 -0.07211 -0.69582 -0.08799
1403715960.484057903 -1.56526 -1.67952 0.5176 0.71737 -0.07055 -0.68729 -0.08968
1403715960.584058046 -1.51168 -1.70704 0.53253 0.69704 -0.07354 -0.70749 -0.09053
1403715960.684057951 -1.42861 -1.7449 0.54521 0.65231 -0.08114 -0.74847 -0.08772
1403715960.784058094 -1.32677 -1.79041 0.55886 0.60337 -0.08747 -0.78786 -0.08698
1403715960.884057999 -1.21815 -1.84263 0.57143 0.53986 -0.09558 -0.832 -0.0848
1403715960.984057903 -1.11715 -1.89859 0.58687 -0.4861 0.10345 0.86387 0.08205
1403715961.084058046 -1.03694 -1.9538 0.60383 -0.44375 0.10963 0.88577 0.08046
1403715961.184057951 -0.98971 -2.00663 0.6232 -0.4069 0.11932 0.90252 0.07517
1403715961.284058094 -0.98465 -2.05254 0.64896 -0.39288 0.13355 0.90753 0.06487
1403715961.384057999 -1.02308 -2.08325 0.68532 -0.41754 0.14011 0.89628 0.05209
1403715961.484057903 -1.09985 -2.10398 0.72962 -0.4619 0.13484 0.8756 0.04222
1403715961.584058046 -1.19931 -2.1157 0.77954 0.51169 -0.1173 -0.85035 -0.03632
1403715961.684057951 -1.30806 -2.11941 0.83088 0.5608 -0.09014 -0.82244 -0.03134
1403715961.784058094 -1.41834 -2.11743 0.87707 0.60685 -0.0579 -0.79209 -0.03122
1403715961.884057999 -1.51718 -2.11639 0.91162 0.64384 -0.03077 -0.76397 -0.02947
1403715961.984057903 -1.59678 -2.11838 0.9329 0.67582 -0.0102 -0.73655 -0.02562
1403715962.084058046 -1.65084 -2.12393 0.94624 0.71266 0.00526 -0.70138 -0.01208
1403715962.184057951 -1.67015 -2.13179 0.94756 0.73382 0.01947 -0.67905 0.00398
1403715962.284058094 -1.64881 -2.14076 0.93694 0.73447 0.03138 -0.67746 0.02479
1403715962.384057999 -1.58564 -2.14845 0.91613 0.71935 0.03749 -0.69175 0.05106
1403715962.484057903 -1.4838 -2.151 0.88902 0.6928 0.03919 -0.71543 0.08159
1403715962.584058046 -1.35453 -2.14324 0.85072 0.64973 0.03969 -0.75045 0.11448
1403715962.684057951 -1.20902 -2.12222 0.80385 0.60638 0.04258 -0.78131 0.14159
1403715962.784058094 -1.05736 -2.08487 0.74723 0.56757 0.05064 -0.80612 0.15956
1403715962.884057999 -0.90648 -2.03099 0.68077 0.53418 0.07037 -0.827 0.1605
1403715962.984057903 -0.76545 -1.96323 0.60289 0.50082 0.10799 -0.84733 0.13981
1403715963.084058046 -0.63994 -1.89269 0.51052 -0.46293 -0.14637 0.86629 -0.11749
1403715963.184057951 -0.53712 -1.8254 0.40616 -0.42431 -0.17784 0.88139 -0.10718
1403715963.284058094 -0.46281 -1.76816 0.29087 -0.39187 -0.20401 0.89085 -0.10579
1403715963.384057999 -0.42477 -1.73034 0.17327 -0.38867 -0.22596 0.88576 -0.1153
1403715963.484057903 -0.42953 -1.71212 0.06822 -0.44076 -0.24555 0.85213 -0.13893
1403715963.584058046 -0.4592 -1.70876 -0.02895 0.50323 0.25989 -0.80662 0.16904
1403715963.684057951 -0.49192 -1.70816 -0.11774 0.54618 0.27368 -0.76788 0.19274
1403715963.784058094 -0.51802 -1.70941 -0.19459 0.56568 0.28449 -0.7448 0.21058
1403715963.884057999 -0.53263 -1.70487 -0.25729 0.56974 0.29249 -0.7348 0.22344
1403715963.984057903 -0.54102 -1.6991 -0.30599 0.55849 0.29897 -0.73865 0.23043
1403715964.084058046 -0.54749 -1.69239 -0.34108 0.53647 0.31368 -0.7516 0.22114
1403715964.184057951 -0.54862 -1.68804 -0.35574 0.50995 0.33547 -0.76688 0.19825
1403715964.284058094 -0.54695 -1.69432 -0.3364 0.50347 0.33624 -0.77014 0.20085
1403715964.384057999 -0.54749 -1.71171 -0.29312 0.51064 0.32879 -0.76514 0.21377
1403715964.484057903 -0.54981 -1.73371 -0.25755 0.51439 0.32517 -0.76235 0.2202
1403715964.584058046 -0.55041 -1.75859 -0.22416 0.51682 0.32617 -0.76046 0.21955
1403715964.684057951 -0.55303 -1.78722 -0.19086 0.51791 0.31893 -0.75966 0.23013
1403715964.784058094 -0.55821 -1.81785 -0.14781 0.52017 0.30742 -0.7576 0.24692
1403715964.884057999 -0.56576 -1.84616 -0.09298 0.52651 0.29657 -0.75114 0.26575
1403715964.984057903 -0.57669 -1.86838 -0.04402 0.53853 0.29388 -0.74009 0.27547
1403715965.084058046 -0.58739 -1.88179 -0.00768 0.55664 0.29487 -0.72384 0.28151
1403715965.184057951 -0.59392 -1.88518 0.01207 0.56354 0.30078 -0.71695 0.27917
1403715965.284058094 -0.59479 -1.87736 0.01991 0.53537 0.32261 -0.73829 0.25345
1403715965.384057999 -0.59307 -1.86464 0.02564 -0.48696 -0.34205 0.77195 -0.22354
1403715965.484057903 -0.59701 -1.85837 0.03736 -0.44509 -0.35264 0.7987 -0.19901
1403715965.584058046 -0.61516 -1.87051 0.05752 -0.42302 -0.35743 0.81226 -0.18309
1403715965.684057951 -0.65096 -1.90532 0.08926 -0.44132 -0.35395 0.8032 -0.1866
1403715965.784058094 -0.7012 -1.95892 0.13096 -0.49329 -0.34185 0.77219 -0.20864
1403715965.884057999 -0.75434 -2.01798 0.17169 0.54692 0.32492 -0.73459 0.23596
1403715965.984057903 -0.80011 -2.07204 0.20779 0.58678 0.31264 -0.70227 0.25451
1403715966.084058046 -0.83294 -2.11495 0.24018 0.61396 0.30461 -0.67692 0.26843
1403715966.184057951 -0.84586 -2.13943 0.27413 0.63698 0.29616 -0.65302 0.28304
1403715966.284058094 -0.83484 -2.13962 0.30539 0.62847 0.30131 -0.66088 0.27835
1403715966.384057999 -0.80386 -2.12156 0.33376 0.58908 0.31497 -0.69756 0.2592
1403715966.484057903 -0.75713 -2.09093 0.36199 0.54043 0.32867 -0.73884 0.23243
1403715966.584058046 -0.70541 -2.05808 0.38884 -0.48512 -0.33905 0.77982 -0.20391
1403715966.684057951 -0.66017 -2.03641 0.41783 -0.44593 -0.34208 0.80662 -0.18301
1403715966.784058094 -0.62907 -2.03092 0.44546 -0.42162 -0.3417 0.82257 -0.16988
1403715966.884057999 -0.61752 -2.04845 0.47568 -0.41976 -0.34097 0.82508 -0.16366
1403715966.984057903 -0.62723 -2.0901 0.51467 -0.45858 -0.33191 0.80512 -0.17696
1403715967.084058046 -0.64985 -2.14866 0.55826 0.5131 0.32011 -0.7717 0.19679
1403715967.184057951 -0.67225 -2.21327 0.60023 0.56541 0.30579 -0.73467 0.21693
1403715967.284058094 -0.68471 -2.27269 0.64173 0.61383 0.28946 -0.69539 0.23632
1403715967.384057999 -0.67686 -2.31796 0.68112 0.6474 0.27416 -0.66493 0.25215
1403715967.484057903 -0.64385 -2.34313 0.71524 0.65098 0.26915 -0.66163 0.25697
1403715967.584058046 -0.58327 -2.34645 0.74577 0.62917 0.27199 -0.67797 0.26556
1403715967.684057951 -0.50282 -2.32959 0.773 0.58717 0.28512 -0.70659 0.27324
1403715967.784058094 -0.41341 -2.29782 0.79953 0.53582 0.30073 -0.73601 0.28415
1403715967.884057999 -0.32506 -2.25318 0.82135 -0.48338 -0.3189 0.76114 -0.29208
1403715967.984057903 -0.24954 -2.20337 0.83469 -0.44499 -0.34203 0.776 -0.28779
1403715968.084058046 -0.19154 -2.15173 0.83735 -0.41686 -0.37429 0.78518 -0.26388
1403715968.184057951 -0.15443 -2.10706 0.83242 -0.40146 -0.39941 0.78738 -0.24358
1403715968.284058094 -0.13937 -2.07601 0.82309 -0.4195 -0.4066 0.77314 -0.24688
1403715968.384057999 -0.13555 -2.05777 0.80657 -0.45538 -0.40232 0.749 -0.26413
1403715968.484057903 -0.14328 -2.04495 0.77694 -0.49094 -0.39453 0.72171 -0.28717
1403715968.584058046 -0.1501 -2.03909 0.73702 0.52466 0.38179 -0.69699 0.30525
1403715968.684057951 -0.15404 -2.02709 0.6894 0.55466 0.37079 -0.67303 0.3192
1403715968.784058094 -0.15019 -2.00058 0.63925 0.57791 0.36218 -0.65299 0.32932
1403715968.884057999 -0.13334 -1.9564 0.58962 0.59276 0.35635 -0.63937 0.33595
1403715968.984057903 -0.10084 -1.88791 0.53961 0.58952 0.35789 -0.64168 0.3356
1403715969.084058046 -0.05488 -1.79705 0.48445 0.55519 0.37438 -0.67115 0.31805
1403715969.184057951 -0.00157 -1.69161 0.42552 -0.49424 -0.40028 0.71819 -0.28232
1403715969.284058094 0.0495 -1.58706 0.37193 -0.43592 -0.41977 0.75681 -0.24698
1403715969.384057999 0.0899 -1.49786 0.32688 -0.39553 -0.43148 0.78037 -0.21999
1403715969.484057903 0.11464 -1.43496 0.28843 -0.36933 -0.44119 0.79389 -0.19669
1403715969.584058046 0.11992 -1.40785 0.25883 -0.37205 -0.45753 0.78883 -0.17321
1403715969.684057951 0.11013 -1.42242 0.24002 -0.39983 -0.47302 0.76871 -0.1596
1403715969.784058094 0.09444 -1.46437 0.22374 -0.43902 -0.48052 0.74185 -0.16129
1403715969.884057999 0.08162 -1.54829 0.21789 -0.47952 -0.46785 0.71769 -0.19001
1403715969.984057903 0.07773 -1.65127 0.21638 0.51296 0.43692 -0.69817 0.24192
1403715970.084058046 0.08332 -1.75908 0.21622 0.54008 0.41139 -0.67735 0.28332
1403715970.184057951 0.09914 -1.85982 0.21604 0.56455 0.39257 -0.65521 0.31285
1403715970.284058094 0.12817 -1.9436 0.21774 0.58861 0.37254 -0.63066 0.34208
1403715970.384057999 0.17132 -2.00178 0.22049 0.60391 0.35839 -0.6134 0.36138
1403715970.484057903 0.22908 -2.02878 0.22405 0.60031 0.35188 -0.61288 0.37442
1403715970.584058046 0.29999 -2.02324 0.22472 0.56693 0.35589 -0.63893 0.37908
1403715970.684057951 0.37743 -1.98966 0.2256 0.51915 0.37016 -0.67844 0.36495
1403715970.784058094 0.45332 -1.93562 0.22795 -0.45935 -0.38551 0.72418 -0.34052
1403715970.884057999 0.51689 -1.87481 0.2342 -0.3981 -0.39659 0.7661 -0.31196
1403715970.984057903 0.55759 -1.82175 0.24757 -0.35081 -0.40638 0.79373 -0.28597
1403715971.084058046 0.56567 -1.78627 0.26821 -0.326 -0.42634 0.80369 -0.257
1403715971.184057951 0.53818 -1.78277 0.3021 -0.33102 -0.45367 0.79323 -0.23539
1403715971.284058094 0.47278 -1.81992 0.34765 -0.36662 -0.48465 0.75962 -0.23167
1403715971.384057999 0.39935 -1.89087 0.40063 -0.41658 -0.50857 0.71292 -0.24405
1403715971.484057903 0.33105 -1.98523 0.4549 -0.46375 -0.52035 0.66604 -0.26563
1403715971.584058046 0.27287 -2.08763 0.50485 -0.49649 -0.53231 0.61869 -0.29557
1403715971.684057951 0.23284 -2.19126 0.5516 0.51164 0.54031 -0.58172 0.32845
1403715971.784058094 0.21278 -2.2887 0.59323 0.51065 0.54215 -0.55638 0.36844
1403715971.884057999 0.20871 -2.37394 0.62832 -0.4934 -0.54297 0.54342 -0.40796
1403715971.984057903 0.21631 -2.4426 0.65799 0.47267 0.54956 -0.53456 0.43452
1403715972.084058046 0.22918 -2.49382 0.68619 0.45771 0.55739 -0.52385 0.45321
1403715972.184057951 0.2448 -2.52448 0.71717 0.45813 0.55589 -0.50602 0.47439
1403715972.284058094 0.26119 -2.53213 0.74996 0.4661 0.5476 -0.48697 0.49573
1403715972.384057999 0.27811 -2.51062 0.78207 0.47064 0.54151 -0.47557 0.50902
1403715972.484057903 0.2948 -2.45965 0.81106 0.46697 0.5445 -0.4763 0.50852
1403715972.584058046 0.31088 -2.38012 0.83429 0.44687 0.56064 -0.49485 0.49103
1403715972.684057951 0.32587 -2.28023 0.85089 0.41574 0.58057 -0.52271 0.4657
1403715972.784058094 0.34072 -2.16955 0.85899 0.38177 0.59844 -0.55173 0.43785
1403715972.884057999 0.35365 -2.05816 0.86046 0.3621 0.60617 -0.56962 0.42069
1403715972.984057903 0.3642 -1.95265 0.85771 0.36471 0.59796 -0.57282 0.42579
1403715973.084058046 0.37036 -1.85062 0.85035 0.36796 0.58257 -0.57549 0.44049
1403715973.184057951 0.3672 -1.74959 0.84265 0.37531 0.57704 -0.57446 0.44291
1403715973.284058094 0.35772 -1.64994 0.83491 -0.37702 -0.57465 0.57635 -0.4421
1403715973.384057999 0.34072 -1.54939 0.82732 -0.3708 -0.57763 0.58292 -0.4348
1403715973.484057903 0.31571 -1.45301 0.8205 -0.36267 -0.58602 0.59014 -0.42045
1403715973.584058046 0.28519 -1.36249 0.81506 -0.35065 -0.59224 0.59881 -0.40954
1403715973.684057951 0.24792 -1.28227 0.81161 -0.33516 -0.59537 0.60805 -0.40433
1403715973.784058094 0.20433 -1.2155 0.80857 -0.32169 -0.59694 0.61551 -0.40164
1403715973.884057999 0.15188 -1.1657 0.80849 -0.31549 -0.59957 0.61811 -0.39865
1403715973.984057903 0.0908 -1.13359 0.80966 -0.31769 -0.60349 0.6149 -0.39595
1403715974.084058046 0.02318 -1.11851 0.81444 0.33371 0.60621 -0.60279 0.39723
1403715974.184057951 -0.04865 -1.11504 0.82003 0.34973 0.60487 -0.59049 0.4039
1403715974.284058094 -0.12352 -1.11959 0.82241 0.35936 0.60446 -0.58219 0.40809
1403715974.384057999 -0.1991 -1.12992 0.81684 0.36101 0.60734 -0.57895 0.40698
1403715974.484057903 -0.27548 -1.14714 0.80559 0.36095 0.60949 -0.57742 0.40598
1403715974.584058046 -0.35116 -1.17068 0.79341 0.36546 0.60783 -0.57334 0.41021
1403715974.684057951 -0.42742 -1.2004 0.77927 0.3702 0.60526 -0.56914 0.41556
1403715974.784058094 -0.50204 -1.23266 0.76228 0.37387 0.60401 -0.56592 0.41848
1403715974.884057999 -0.57682 -1.26676 0.74427 0.37404 0.60416 -0.56453 0.41999
1403715974.984057903 -0.65083 -1.30303 0.72597 0.37455 0.60467 -0.56217 0.42196
1403715975.084058046 -0.72294 -1.34016 0.70916 0.37656 0.60698 -0.55792 0.42249
1403715975.184057951 -0.79401 -1.37952 0.69308 0.37885 0.61028 -0.55359 0.4214
1403715975.284058094 -0.86129 -1.4195 0.67957 0.38067 0.61388 -0.54931 0.42012
1403715975.384057999 -0.92507 -1.4619 0.6705 0.38502 0.61444 -0.54309 0.42341
1403715975.484057903 -0.98401 -1.50113 0.66761 0.39249 0.61469 -0.53507 0.42639
1403715975.584058046 -1.03871 -1.53778 0.66825 0.39173 0.61621 -0.53345 0.42692
1403715975.684057951 -1.08888 -1.57275 0.67326 0.38639 0.61769 -0.53581 0.42669
1403715975.784058094 -1.13281 -1.6065 0.68279 0.38345 0.61879 -0.53746 0.42568
1403715975.884057999 -1.17212 -1.64043 0.69302 0.38198 0.61994 -0.53855 0.42395
1403715975.984057903 -1.20627 -1.67474 0.70437 0.3805 0.62095 -0.53997 0.42199
1403715976.084058046 -1.23796 -1.71041 0.71554 0.3799 0.62201 -0.5412 0.41939
1403715976.184057951 -1.26284 -1.74534 0.72702 0.38278 0.62064 -0.54112 0.41891
1403715976.284058094 -1.285 -1.7815 0.73897 0.38607 0.61882 -0.54086 0.41891
1403715976.384057999 -1.30046 -1.81819 0.74964 0.39212 0.61866 -0.53835 0.41675
1403715976.484057903 -1.31005 -1.8556 0.75921 0.39486 0.62346 -0.5326 0.41439
1403715976.584058046 -1.31017 -1.89153 0.76582 0.39422 0.63042 -0.52359 0.41595
1403715976.684057951 -1.30297 -1.9277 0.76982 0.38545 0.63779 -0.51508 0.42349
1403715976.784058094 -1.28952 -1.96299 0.77252 0.37434 0.64377 -0.50903 0.43165
1403715976.884057999 -1.27044 -1.99978 0.77455 0.36754 0.64853 -0.50285 0.43756
1403715976.984057903 -1.24604 -2.03445 0.77517 0.36221 0.6531 -0.49737 0.44147
1403715977.084058046 -1.21645 -2.06827 0.77499 0.35668 0.65927 -0.48881 0.44632
1403715977.184057951 -1.18088 -2.10044 0.77339 0.34923 0.66859 -0.47608 0.45208
1403715977.284058094 -1.13927 -2.13188 0.76965 0.33759 0.68063 -0.4596 0.45993
1403715977.384057999 -1.09154 -2.16083 0.76635 0.32434 0.69463 -0.43726 0.47021
1403715977.484057903 -1.03918 -2.18657 0.7613 0.30744 0.70973 -0.41227 0.48146
1403715977.584058046 -0.98083 -2.2106 0.75635 0.28818 0.72518 -0.38445 0.49322
1403715977.684057951 -0.91768 -2.23243 0.75142 0.26623 0.73955 -0.35491 0.5062
1403715977.784058094 -0.85228 -2.25005 0.74542 0.24319 0.75414 -0.32332 0.51729
1403715977.884057999 -0.78495 -2.2646 0.73991 0.22351 0.76667 -0.28715 0.52896
1403715977.984057903 -0.71481 -2.27433 0.73512 0.20856 0.77765 -0.2453 0.53998
1403715978.084058046 -0.64248 -2.2752 0.73037 0.19259 0.78677 -0.20042 0.55112
1403715978.184057951 -0.56923 -2.26522 0.72549 0.17823 0.79484 -0.15375 0.55931
1403715978.284058094 -0.49333 -2.24325 0.71877 0.16166 0.80079 -0.11042 0.56605
1403715978.384057999 -0.41962 -2.20635 0.71357 0.13463 0.80286 -0.07654 0.5757
1403715978.484057903 -0.34488 -2.15663 0.70542 0.09922 0.80561 -0.05067 0.58188
1403715978.584058046 -0.27208 -2.09607 0.69508 0.057 0.80528 -0.02726 0.58952
1403715978.684057951 -0.20478 -2.02744 0.6833 0.01884 0.80445 0.00091 0.59372
1403715978.784058094 -0.14471 -1.95518 0.67117 -0.01042 0.80441 0.03577 0.5929
1403715978.884057999 -0.09116 -1.88069 0.66045 -0.03532 0.80578 0.07484 0.5864
1403715978.984057903 -0.04206 -1.8039 0.65245 -0.05927 0.80492 0.1166 0.57879
1403715979.084058046 0.00285 -1.72319 0.64836 -0.0857 0.79727 0.15817 0.57619
1403715979.184057951 0.04058 -1.63902 0.65058 -0.12003 0.7826 0.19556 0.5787
1403715979.284058094 0.07216 -1.55399 0.65968 -0.15748 0.75882 0.23175 0.58794
1403715979.384057999 0.09171 -1.47105 0.67088 -0.18085 0.73585 0.27597 0.59133
1403715979.484057903 0.09805 -1.39152 0.68067 -0.1971 0.71923 0.31958 0.58457
1403715979.584058046 0.08905 -1.31395 0.6922 -0.21646 0.70511 0.35631 0.5736
1403715979.684057951 0.06631 -1.23807 0.7054 -0.23847 0.69115 0.38964 0.56002
1403715979.784058094 0.02903 -1.16283 0.71979 -0.26376 0.67142 0.4217 0.54936
1403715979.884057999 -0.02241 -1.08941 0.7344 -0.29271 0.6485 0.45063 0.53918
1403715979.984057903 -0.08868 -1.02223 0.74866 -0.32223 0.62208 0.47874 0.52914
1403715980.084058046 -0.16771 -0.96331 0.76275 -0.35136 0.59419 0.50591 0.51724
1403715980.184057951 -0.26087 -0.91557 0.77474 -0.3777 0.56759 0.5333 0.50077
1403715980.284058094 -0.36743 -0.88221 0.78669 -0.40474 0.54534 0.55891 0.47582
1403715980.384057999 -0.48221 -0.86109 0.7957 -0.42927 0.52168 0.58464 0.4492
1403715980.484057903 -0.60273 -0.85159 0.8044 -0.45756 0.49347 0.60649 0.42342
1403715980.584058046 -0.72623 -0.8536 0.81268 -0.48793 0.46489 0.6256 0.39297
1403715980.684057951 -0.85019 -0.86772 0.81894 0.51113 -0.43451 -0.6473 -0.36187
1403715980.784058094 -0.9716 -0.89388 0.82294 0.53084 -0.40371 -0.66891 -0.32832
1403715980.884057999 -1.08848 -0.92862 0.8254 0.54723 -0.37154 -0.69028 -0.29329
1403715980.984057903 -1.19809 -0.97362 0.82761 0.56427 -0.33515 -0.70867 -0.25895
1403715981.084058046 -1.29593 -1.03199 0.8297 0.58312 -0.29561 -0.72272 -0.22421
1403715981.184057951 -1.38218 -1.09344 0.8307 0.5982 -0.25211 -0.73623 -0.19121
1403715981.284058094 -1.45601 -1.16108 0.83136 0.61088 -0.20736 -0.74842 -0.15397
1403715981.384057999 -1.5168 -1.23039 0.83372 0.62155 -0.16107 -0.75803 -0.11457
1403715981.484057903 -1.56272 -1.30218 0.83788 0.63219 -0.11377 -0.76296 -0.07265
1403715981.584058046 -1.58822 -1.37837 0.84517 0.64482 -0.06436 -0.76091 -0.03291
1403715981.684057951 -1.59097 -1.45426 0.85211 0.65129 -0.01295 -0.75871 0.00347
1403715981.784058094 -1.57496 -1.52908 0.85541 0.64365 0.03849 -0.7635 0.03596
1403715981.884057999 -1.54206 -1.60357 0.855 0.62115 0.08776 -0.77592 0.06653
1403715981.984057903 -1.49508 -1.67725 0.8561 0.60433 0.13375 -0.77961 0.09541
1403715982.084058046 -1.43839 -1.74867 0.85874 0.5936 0.17513 -0.77576 0.12315
1403715982.184057951 -1.37409 -1.82058 0.86244 0.58542 0.21386 -0.76765 0.14919
1403715982.284058094 -1.29929 -1.88823 0.86738 0.57622 0.24962 -0.75803 0.17622
1403715982.384057999 -1.21791 -1.9516 0.87138 0.56654 0.28398 -0.74664 0.20228
1403715982.484057903 -1.12919 -2.0103 0.87534 0.5557 0.31936 -0.73299 0.22787
1403715982.584058046 -1.0349 -2.06653 0.87812 0.54537 0.35537 -0.71574 0.25298
1403715982.684057951 -0.93191 -2.11809 0.88039 0.53206 0.39109 -0.69652 0.28075
1403715982.784058094 -0.8213 -2.16523 0.8824 0.51611 0.4273 -0.67531 0.30823
1403715982.884057999 -0.70509 -2.20593 0.88474 -0.49796 -0.4629 0.65248 -0.3347
1403715982.984057903 -0.5848 -2.23753 0.8872 -0.47969 -0.49651 0.62802 -0.35912
1403715983.084058046 -0.46144 -2.26121 0.88727 -0.46009 -0.52738 0.60247 -0.38368
1403715983.184057951 -0.33564 -2.27744 0.88689 -0.43859 -0.55665 0.57505 -0.40879
1403715983.284058094 -0.21008 -2.2857 0.88567 0.41469 0.58509 -0.54521 0.43411
1403715983.384057999 -0.08488 -2.28742 0.88348 0.39107 0.61431 -0.51108 0.4566
1403715983.484057903 0.04105 -2.28157 0.88319 0.36523 0.63803 -0.47369 0.48492
1403715983.584058046 0.16371 -2.26621 0.88457 0.3388 0.65416 -0.43402 0.51857
1403715983.684057951 0.27888 -2.2395 0.88588 0.30999 0.6676 -0.39523 0.54955
1403715983.784058094 0.38311 -2.20018 0.88723 0.28052 0.68006 -0.35885 0.5745
1403715983.884057999 0.47425 -2.14903 0.88957 0.25093 0.69338 -0.3238 0.59281
1403715983.984057903 0.54882 -2.0864 0.89268 0.22128 0.7067 -0.29077 0.60586
1403715984.084058046 0.60685 -2.01436 0.89529 0.19009 0.72169 -0.2609 0.61234
1403715984.184057951 0.65089 -1.93677 0.89857 0.15885 0.73705 -0.23299 0.61419
1403715984.284058094 0.67694 -1.8554 0.90392 0.13017 0.74956 -0.20427 0.61603
1403715984.384057999 0.68938 -1.77132 0.91165 0.10371 0.75709 -0.17463 0.62093
1403715984.484057903 0.68227 -1.68688 0.92135 0.08281 0.76463 -0.14103 0.62337
1403715984.584058046 0.66105 -1.60378 0.92902 0.06098 0.77827 -0.10678 0.61578
1403715984.684057951 0.63094 -1.52079 0.93553 0.03963 0.7936 -0.06908 0.6032
1403715984.784058094 0.59071 -1.43827 0.93925 0.0071 0.80206 -0.03314 0.59628
1403715984.884057999 0.54621 -1.3585 0.94387 -0.02968 0.8028 0.00041 0.59551
1403715984.984057903 0.49642 -1.28507 0.9489 -0.0587 0.80012 0.03577 0.59589
1403715985.084058046 0.44239 -1.21965 0.95291 -0.07495 0.796 0.07055 0.59648
1403715985.184057951 0.38306 -1.16177 0.95668 -0.08352 0.79377 0.09477 0.59495
1403715985.284058094 0.31904 -1.11031 0.9616 -0.07773 0.79134 0.11483 0.59544
1403715985.384057999 0.25283 -1.05526 0.96677 -0.06688 0.79001 0.12577 0.59631
1403715985.484057903 0.17803 -1.00136 0.97313 -0.06649 0.79395 0.11577 0.59315
1403715985.584058046 0.09886 -0.94713 0.97521 -0.06332 0.8067 0.09728 0.57945
1403715985.684057951 0.01745 -0.89172 0.9755 -0.05669 0.82461 0.0778 0.55746
1403715985.784058094 -0.06081 -0.83651 0.96975 -0.05636 0.84134 0.05713 0.53452
1403715985.884057999 -0.13155 -0.78077 0.95668 -0.05935 0.84883 0.03653 0.52406
1403715985.984057903 -0.19022 -0.71974 0.93383 -0.06008 0.84632 0.02119 0.52885
1403715986.084058046 -0.24416 -0.66307 0.89944 -0.05957 0.84045 0.01103 0.53849
1403715986.184057951 -0.28561 -0.61312 0.85263 -0.06168 0.83517 0.0034 0.54651
1403715986.284058094 -0.3335 -0.56463 0.80854 -0.05814 0.8316 0.00227 0.55232
1403715986.384057999 -0.3711 -0.52632 0.76222 -0.04526 0.82352 0.01041 0.56538
1403715986.484057903 -0.43086 -0.48492 0.71872 -0.03597 0.81932 0.01692 0.57196
1403715986.584058046 -0.46703 -0.45617 0.66491 -0.03047 0.82913 0.0226 0.55776
1403715986.684057951 -0.51432 -0.42156 0.61012 -0.02795 0.84369 0.02606 0.53546
1403715986.784058094 -0.54045 -0.39285 0.55741 -0.02719 0.85066 0.02854 0.52424
1403715986.884057999 -0.55244 -0.36458 0.51045 -0.02689 0.84775 0.0301 0.52885
1403715986.984057903 -0.55554 -0.33776 0.46778 -0.02736 0.83821 0.02617 0.54403
1403715987.084058046 -0.54633 -0.31558 0.42763 -0.03079 0.824 0.01168 0.56563
1403715987.184057951 -0.5511 -0.29133 0.38794 -0.03772 0.81291 -0.01117 0.58105
1403715987.284058094 -0.55175 -0.27774 0.35141 -0.03786 0.80433 -0.03068 0.59218
1403715987.384057999 -0.55597 -0.27473 0.31772 -0.02674 0.80265 -0.0382 0.59462
1403715987.484057903 -0.56299 -0.27766 0.28569 -0.00926 0.80527 -0.03517 0.59179
1403715987.584058046 -0.57144 -0.28197 0.25273 0.00163 0.81117 -0.03176 0.58395
1403715987.684057951 -0.58212 -0.28749 0.22107 0.00713 0.81419 -0.0287 0.57985
1403715987.784058094 -0.59379 -0.29363 0.1908 0.01082 0.81832 -0.02445 0.57414
1403715987.884057999 -0.60468 -0.29906 0.1591 0.01182 0.82775 -0.0208 0.56059
1403715987.984057903 -0.61196 -0.30402 0.12973 0.01094 0.83526 -0.01758 0.54946
1403715988.084058046 -0.61341 -0.30843 0.1049 0.00896 0.83474 -0.01467 0.55037
1403715988.184057951 -0.60926 -0.31175 0.0841 0.00829 0.82763 -0.01131 0.5611
1403715988.284058094 -0.60434 -0.31313 0.06582 0.00892 0.81987 -0.00807 0.57243
1403715988.384057999 -0.59831 -0.31405 0.04882 0.00765 0.81335 -0.00655 0.58168
1403715988.484057903 -0.59366 -0.31339 0.03318 0.00155 0.81002 -0.00992 0.58631
1403715988.584058046 -0.59422 -0.31135 0.01933 -0.00795 0.80935 -0.01719 0.58702
1403715988.684057951 -0.59388 -0.31181 0.00622 -0.0191 0.81091 -0.02596 0.58429
1403715988.784058094 -0.59837 -0.315 -0.00427 -0.02306 0.8156 -0.03013 0.57737
1403715988.884057999 -0.60031 -0.32442 -0.01093 -0.01686 0.82166 -0.02708 0.56909
1403715988.984057903 -0.60549 -0.33877 -0.01313 -0.00953 0.82464 -0.02357 0.56509
1403715989.084058046 -0.60949 -0.35501 -0.01406 -0.00359 0.82599 -0.02111 0.56328
1403715989.184057951 -0.61205 -0.37208 -0.01452 -0.00033 0.82573 -0.02044 0.5637
1403715989.284058094 -0.61264 -0.39003 -0.01727 0.00143 0.82566 -0.02085 0.56379
1403715989.384057999 -0.61012 -0.40861 -0.01766 0.00273 0.82468 -0.02101 0.56521
1403715989.484057903 -0.60627 -0.42762 -0.01769 0.00313 0.82521 -0.02136 0.56442
1403715989.584058046 -0.60016 -0.44779 -0.0177 0.00392 0.82456 -0.0212 0.56537
1403715989.684057951 -0.5914 -0.46742 -0.01772 0.00622 0.81918 -0.01964 0.57317
1403715989.784058094 -0.58265 -0.48654 -0.02031 0.00795 0.81448 -0.01777 0.57986
1403715989.884057999 -0.57473 -0.505 -0.02717 0.01005 0.81235 -0.015 0.58289
1403715989.984057903 -0.56901 -0.52221 -0.03581 0.01303 0.81211 -0.01132 0.58324
1403715990.084058046 -0.56551 -0.53621 -0.0445 0.01351 0.81277 -0.00909 0.58236
1403715990.184057951 -0.56424 -0.54807 -0.05529 0.01309 0.81422 -0.00769 0.58036
1403715990.284058094 -0.56469 -0.55497 -0.06894 0.01396 0.81544 -0.00583 0.57865
1403715990.384057999 -0.56901 -0.55406 -0.08242 0.01547 0.81599 -0.004 0.57785
1403715990.484057903 -0.57076 -0.55377 -0.10354 0.01695 0.81752 -0.00202 0.57565
1403715990.584058046 -0.57177 -0.55085 -0.13227 0.01689 0.81908 -0.00134 0.57344
1403715990.684057951 -0.57265 -0.54405 -0.16508 0.01753 0.82229 -0.00032 0.5688
1403715990.784058094 -0.57133 -0.53412 -0.19966 0.01731 0.82471 0.0001 0.56529
1403715990.884057999 -0.56784 -0.51997 -0.23153 0.01758 0.82759 0.00095 0.56105
1403715990.984057903 -0.56025 -0.50079 -0.2591 0.01837 0.82832 0.0022 0.55995
1403715991.084058046 -0.54887 -0.47614 -0.28034 0.01835 0.82457 0.00309 0.56545
1403715991.184057951 -0.5418 -0.45809 -0.28468 0.01564 0.8197 0.00136 0.57258
1403715991.284058094 -0.54161 -0.45442 -0.28156 0.02405 0.81901 0.00796 0.57322
1403715991.384057999 -0.54241 -0.45971 -0.28866 0.00942 0.81811 -0.00334 0.57497
1403715991.484057903 -0.54049 -0.45576 -0.28895 0.01174 0.81806 -0.00189 0.57502
1403715991.584058046 -0.54078 -0.45644 -0.28997 0.01132 0.8176 -0.00213 0.57567
1403715991.684057951 -0.54047 -0.45645 -0.2903 0.01138 0.8184 -0.00193 0.57453
1403715991.784058094 -0.54059 -0.45652 -0.29009 0.0113 0.81821 -0.00196 0.5748
1403715991.884057999 -0.54069 -0.45645 -0.29028 0.01105 0.81798 -0.00212 0.57514
1403715991.984057903 -0.54074 -0.45651 -0.2903 0.0108 0.81811 -0.00225 0.57495
1403715992.084058046 -0.54071 -0.45653 -0.29029 0.01056 0.81833 -0.0024 0.57465
1403715992.184057951 -0.54072 -0.45649 -0.2903 0.01035 0.81834 -0.00245 0.57463
1403715992.284058094 -0.5408 -0.45654 -0.29031 0.01041 0.81818 -0.00247 0.57486
1403715992.384057999 -0.54077 -0.45651 -0.29037 0.0104 0.81825 -0.0025 0.57476
1403715992.484057903 -0.54079 -0.45652 -0.29036 0.0104 0.81831 -0.00254 0.57468
1403715992.584058046 -0.54081 -0.45657 -0.29036 0.01033 0.81834 -0.00263 0.57464
1403715992.684057951 -0.54079 -0.45656 -0.2904 0.01033 0.81833 -0.0026 0.57466
1403715992.784058094 -0.54078 -0.45654 -0.29046 0.01025 0.81834 -0.00274 0.57464
1403715992.884057999 -0.54078 -0.45656 -0.29047 0.01028 0.81838 -0.00279 0.57459
1403715992.984057903 -0.54077 -0.45658 -0.29046 0.01024 0.81842 -0.00277 0.57453
1403715993.084058046 -0.54076 -0.45657 -0.29048 0.01026 0.81842 -0.00278 0.57452
1403715993.184057951 -0.54069 -0.45657 -0.29054 0.01027 0.81843 -0.00279 0.5745
1403715993.284058094 -0.5407 -0.45657 -0.29056 0.01021 0.81841 -0.0028 0.57454
1403715993.384057999 -0.54067 -0.45657 -0.2906 0.01017 0.81844 -0.0028 0.57449
1403715993.484057903 -0.54066 -0.45656 -0.29062 0.01017 0.81842 -0.00288 0.57452
1403715993.584058046 -0.54067 -0.45658 -0.29064 0.01003 0.81838 -0.00295 0.57459
1403715993.684057951 -0.54064 -0.45663 -0.29069 0.00999 0.81852 -0.00301 0.57439
1403715993.784058094 -0.54057 -0.45636 -0.29075 0.00997 0.81849 -0.00299 0.57442
1403715993.884057999 -0.54066 -0.45658 -0.29063 0.01028 0.81833 -0.00298 0.57464
1403715993.984057903 -0.54081 -0.45665 -0.29069 0.01015 0.81803 -0.00298 0.57507
