1403636626.863555 10.9732771 -22.3943825 54.6876030 -0.8082192 -0.0471667 0.0269908 0.5863690
1403636626.963556 10.9823160 -22.4020081 54.6766281 -0.8134001 -0.0488348 0.0261362 0.5790616
1403636627.213556 11.0061674 -22.4243393 54.6610451 -0.8180918 -0.0503866 0.0254399 0.5723110
1403636627.463556 11.0288754 -22.4390869 54.7082214 -0.8125929 -0.0479577 0.0292572 0.5801179
1403636627.713556 11.0562592 -22.4571838 54.7355614 -0.8208935 -0.0308445 0.0203546 0.5698843
1403636627.963556 11.0915470 -22.4692421 54.7095642 -0.8346741 -0.0116666 -0.0015153 0.5506186
1403636629.013556 11.2765398 -22.3535614 54.8132858 -0.8268350 0.0209753 -0.0175957 0.5617778
1403636629.613555 11.4616070 -22.2801323 54.8541832 -0.8183910 0.0801121 -0.0419839 0.5674995
1403636629.663555 11.4806118 -22.2717628 54.8467941 -0.8208948 0.0868436 -0.0483458 0.5623636
1403636629.913555 11.5862007 -22.2183571 54.7829018 -0.8247398 0.1280151 -0.0836246 0.5444478
1403636629.963556 11.6092100 -22.2053986 54.7700882 -0.8242199 0.1353150 -0.0900015 0.5424491
1403636630.063555 11.6539707 -22.1774521 54.7503662 -0.8210137 0.1455780 -0.0992435 0.5430417
1403636632.813555 12.6146669 -21.1703644 54.6529465 -0.8229115 0.1187524 -0.0699905 0.5511950
1403636634.813555 13.1679106 -19.9930077 54.5694046 -0.8169359 0.0320447 -0.0360699 0.5747068
1403636635.013556 13.2271042 -19.8680115 54.5797577 -0.8207977 0.0206715 -0.0290377 0.5701058
1403636635.463556 13.3436069 -19.5728607 54.5750618 -0.8274974 0.0172880 -0.0130920 0.5610506
1403636635.563555 13.3682785 -19.5019531 54.5788803 -0.8273658 0.0203781 -0.0093665 0.5612156
1403636635.613555 13.3810263 -19.4676018 54.5821609 -0.8269509 0.0211796 -0.0085932 0.5618094
1403636635.713556 13.4083700 -19.3966980 54.5926399 -0.8253986 0.0227187 -0.0081825 0.5640338
1403636636.013556 13.5092239 -19.1727562 54.6644936 -0.8253747 0.0323192 -0.0002112 0.5636595
1403636636.563555 13.7323713 -18.7637291 54.8381119 -0.8040165 0.0109111 -0.0307229 0.5937125
1403636636.763556 13.8035536 -18.6422310 54.8611984 -0.8040162 0.0007329 -0.0450799 0.5928956
1403636636.863555 13.8276634 -18.5928268 54.8623734 -0.8048947 -0.0054378 -0.0531974 0.5910035
1403636637.263556 13.8787975 -18.4113350 54.8189774 -0.8186395 0.0105745 -0.0215726 0.5738050
1403636637.663555 13.9026146 -18.2374153 54.8237839 -0.8241241 0.0089341 -0.0157535 0.5661198
1403636637.863555 13.9127169 -18.1432610 54.8693237 -0.8210080 0.0067173 -0.0159981 0.5706530
1403636638.263556 13.9265432 -17.9464417 54.8981400 -0.8143731 0.0054532 -0.0143662 0.5801383
1403636638.363555 13.9307451 -17.9032059 54.8803864 -0.8190188 0.0087758 -0.0084489 0.5736374
1403636638.663555 13.9537239 -17.7686462 54.8240852 -0.8377275 0.0131156 -0.0000831 0.5459310
1403636638.863555 13.9876413 -17.6566772 54.8389969 -0.8284864 0.0069274 -0.0072004 0.5599201
1403636638.963556 14.0048838 -17.5976486 54.8533173 -0.8244721 0.0094984 -0.0024657 0.5658174
1403636639.313555 14.0868692 -17.3670807 54.8632355 -0.8247728 0.0218917 0.0150381 0.5648403
1403636639.413555 14.1221657 -17.2973824 54.8395348 -0.8254526 0.0140903 0.0043747 0.5642786
1403636639.513556 14.1613569 -17.2270050 54.8141251 -0.8250126 0.0056890 -0.0068417 0.5650443
1403636640.913555 14.5545797 -16.4272881 54.6822510 -0.8155322 -0.0354077 0.0087021 0.5775620
1403636641.663555 14.6837349 -16.1684113 54.6211700 -0.8142086 -0.0276903 0.0108657 0.5798099
1403636641.913555 14.7282085 -16.0950127 54.6389771 -0.8133446 -0.0276469 0.0071218 0.5810814
1403636643.263556 14.9322119 -15.8802719 54.6317711 -0.8164053 0.0263959 -0.0207519 0.5765025
1403636643.713556 15.0160666 -15.7837296 54.6583900 -0.8314002 0.0220515 -0.0181529 0.5549396
1403636644.063555 15.1010752 -15.6665764 54.6951141 -0.8384351 0.0174875 -0.0201701 0.5443473
1403636644.513556 15.2069912 -15.4270630 54.6739082 -0.8129777 0.0379595 0.0047351 0.5810370
1403636644.613555 15.2371254 -15.3726959 54.6497116 -0.8104663 0.0412661 0.0088170 0.5842635
1403636644.713556 15.2733955 -15.3214722 54.6208611 -0.8098773 0.0355103 -0.0007908 0.5855230
1403636645.963556 15.8024492 -14.5549469 54.3685379 -0.8285156 0.0292211 -0.0227083 0.5587419
1403636646.163555 15.8870335 -14.3655128 54.3940773 -0.8186563 0.0563755 -0.0288909 0.5707793
1403636646.563555 16.0980434 -14.0148964 54.4332123 -0.7920377 0.1376261 -0.0892784 0.5880177
1403636646.663555 16.1537704 -13.9451027 54.4352417 -0.7913097 0.1460423 -0.1024663 0.5848088
1403636647.263556 16.4674416 -13.6105270 54.5674553 -0.8002533 0.1609776 -0.1151126 0.5660654
1403636647.563555 16.6138191 -13.4765816 54.5837593 -0.7925912 0.1601016 -0.1054307 0.5788361
1403636647.663555 16.6646271 -13.4403610 54.5870438 -0.7885165 0.1618315 -0.1029172 0.5843462
1403636647.863555 16.7730064 -13.3814392 54.6033401 -0.7923685 0.1639058 -0.1104135 0.5771446
1403636648.063555 16.8834839 -13.3422661 54.6045685 -0.7885055 0.1857386 -0.1284454 0.5720682
1403636648.263556 16.9952412 -13.3151970 54.5805893 -0.7783232 0.2265262 -0.1566837 0.5642244
1403636650.763556 18.0148506 -13.5833511 54.7666168 -0.6909735 0.4390664 -0.3117780 0.4822560
1403636650.863555 18.0285530 -13.6129227 54.7611923 -0.6860518 0.4446836 -0.3171235 0.4806477
1403636651.213556 18.0684185 -13.7116470 54.7866898 -0.6779379 0.4430590 -0.3265370 0.4873116
1403636652.013556 18.0761395 -13.9701881 54.8405228 -0.6575750 0.4659645 -0.3250000 0.4948204
1403636652.413555 18.0325489 -14.1900940 54.7524109 -0.6086940 0.5557649 -0.3826207 0.4173948
1403636652.713556 17.9980659 -14.3580132 54.7040100 0.5877776 -0.5954211 0.3939640 -0.3805047
1403636653.063555 18.0164032 -14.5468636 54.7287598 0.5823066 -0.5933136 0.4039498 -0.3817364
1403636653.263556 18.0503197 -14.6529922 54.7198257 0.5787513 -0.5802412 0.4140519 -0.3961417
1403636653.613555 18.1094475 -14.8140678 54.7553558 -0.5853112 0.5671209 -0.4132412 0.4062223
1403636654.963556 18.0058289 -15.3431625 54.7805595 0.5189173 -0.6324127 0.4511468 -0.3567152
1403636655.413555 17.9146328 -15.4839478 54.7507248 0.4929079 -0.6348898 0.4696603 -0.3652068
1403636655.513556 17.8842335 -15.5146484 54.7480850 0.4858274 -0.6405577 0.4733884 -0.3599458
1403636655.863555 17.7376728 -15.6269684 54.7062683 0.4582998 -0.6832032 0.4662656 -0.3252554
1403636656.063555 17.6573544 -15.7036171 54.6422234 0.4307680 -0.7015886 0.4763908 -0.3086491
1403636656.263556 17.5760460 -15.7891731 54.6155853 0.4209449 -0.7096775 0.4837897 -0.2917378
1403636656.313555 17.5562630 -15.8107185 54.6145096 0.4199985 -0.7110938 0.4842123 -0.2889384
1403636656.513556 17.4820595 -15.9039536 54.6381187 0.4193821 -0.7132204 0.4838435 -0.2851859
1403636656.613555 17.4499397 -15.9496536 54.6509209 0.4201918 -0.7104160 0.4868985 -0.2857935
1403636657.013556 17.3196602 -16.1394463 54.6697426 0.4168262 -0.6882927 0.5094002 -0.3049930
1403636657.313555 17.1793499 -16.2635651 54.6405792 0.4150630 -0.6918150 0.5005233 -0.3139924
1403636657.513556 17.0657749 -16.3472748 54.6410446 0.4179052 -0.7038524 0.4836792 -0.3098413
1403636657.613555 17.0074348 -16.3934898 54.6307831 0.4194567 -0.7064128 0.4803208 -0.3071302
1403636657.913555 16.8351994 -16.5487556 54.5728569 0.4104588 -0.7147320 0.4748595 -0.3085293
1403636658.213556 16.6742058 -16.7549133 54.5368652 0.4154335 -0.7135625 0.4824525 -0.2923749
1403636658.263556 16.6488209 -16.7930069 54.5357933 0.4176694 -0.7120823 0.4852543 -0.2881307
1403636658.363555 16.5986938 -16.8686333 54.5300903 0.4196321 -0.7117426 0.4868894 -0.2833198
1403636658.513556 16.5254440 -16.9802818 54.5166206 0.4235035 -0.7105777 0.4895409 -0.2758148
1403636658.663555 16.4580345 -17.0865974 54.4982147 0.4281060 -0.7069522 0.4948929 -0.2683747
1403636658.813555 16.3970604 -17.1864014 54.4747696 0.4298515 -0.7010234 0.5034574 -0.2651878
1403636659.113555 16.3088589 -17.3537674 54.4056435 0.4174143 -0.6956387 0.5120766 -0.2821875
1403636659.413555 16.2126141 -17.4834824 54.3256912 0.4189768 -0.6998647 0.5057195 -0.2808838
1403636659.463556 16.1958313 -17.5020142 54.3174934 0.4210758 -0.7021190 0.5023848 -0.2780892
1403636659.513556 16.1793480 -17.5203247 54.3120918 0.4222337 -0.7024705 0.5019822 -0.2761664
1403636659.713556 16.1200161 -17.5895691 54.2894020 0.4195716 -0.7009404 0.5058497 -0.2770529
1403636660.063555 16.0290794 -17.6764870 54.1841469 0.4197306 -0.7088144 0.4992284 -0.2686622
1403636660.213556 15.9978962 -17.7052116 54.1226845 0.4217227 -0.7129136 0.4941242 -0.2640937
1403636660.563555 15.9681091 -17.7655678 54.0099297 0.4286065 -0.7222622 0.4805786 -0.2523449
1403636660.663555 15.9765835 -17.7846451 53.9871750 0.4258224 -0.7135527 0.4930148 -0.2577873
1403636661.063555 16.0430450 -17.8146057 53.8403625 0.4214531 -0.6940414 0.5196266 -0.2658421
1403636661.213556 16.0734386 -17.8010330 53.7765198 0.4157554 -0.6958996 0.5175634 -0.2738600
1403636661.663555 16.1400051 -17.7092285 53.6604042 0.4122365 -0.7007666 0.5098876 -0.2810727
1403636661.713556 16.1459694 -17.6954842 53.6539230 0.4116552 -0.7000006 0.5108635 -0.2820598
1403636662.213556 16.1555042 -17.5569038 53.6955948 0.4091854 -0.6998003 0.5093862 -0.2887433
1403636662.413555 16.1304283 -17.4924469 53.6964722 0.4173563 -0.7009851 0.5093960 -0.2737688
1403636662.813555 16.0998306 -17.3565521 53.6597672 0.4002888 -0.7195922 0.4864554 -0.2920911
1403636663.213556 16.0725136 -17.2760849 53.5947342 0.4008123 -0.7340177 0.4671970 -0.2868704
1403636663.513556 16.0709648 -17.2753792 53.5400658 0.4286169 -0.7264427 0.4771724 -0.2467290
1403636663.963556 16.2156563 -17.2880058 53.4208336 0.4452953 -0.7045279 0.5018987 -0.2311931
1403636664.013556 16.2425251 -17.2850800 53.4120979 0.4458369 -0.6991857 0.5083758 -0.2322133
1403636664.213556 16.3696194 -17.2480888 53.3966141 0.4379801 -0.6935896 0.5131999 -0.2524536
1403636664.313555 16.4402409 -17.2187424 53.3904076 0.4330368 -0.6912292 0.5143749 -0.2647638
1403636664.413555 16.5118904 -17.1848907 53.3719940 0.4312535 -0.6889762 0.5146893 -0.2728135
1403636664.513556 16.5798721 -17.1446991 53.3506393 0.4312607 -0.6874865 0.5136234 -0.2785095
1403636664.713556 16.7098064 -17.0498047 53.2966499 0.4285804 -0.6880212 0.5054647 -0.2957214
1403636665.113555 16.9380608 -16.8401070 53.2593689 0.4453457 -0.6914486 0.4890253 -0.2905517
1403636665.213556 16.9966183 -16.7844963 53.2659874 0.4450449 -0.6939164 0.4840450 -0.2934547
1403636665.313555 17.0573997 -16.7305374 53.2798386 0.4384840 -0.6933075 0.4844389 -0.3039332
1403636666.413555 17.6457787 -16.1439972 53.3861504 0.4238725 -0.6910836 0.4960423 -0.3109302
1403636666.563555 17.7019997 -16.0667000 53.3877106 0.4266192 -0.6934453 0.4907893 -0.3102509
1403636666.663555 17.7337475 -16.0181236 53.3973770 0.4342032 -0.6936971 0.4887016 -0.3023620
1403636668.063555 18.2177925 -15.5107880 53.3531647 0.4404498 -0.6978465 0.4774150 -0.3018100
1403636668.313555 18.3118000 -15.4509697 53.3229218 0.4439011 -0.6983343 0.4826742 -0.2868914
1403636668.663555 18.4761009 -15.3659363 53.2484703 0.4386126 -0.6983691 0.4907285 -0.2812208
1403636669.063555 18.6895733 -15.2304306 53.1928177 0.4359366 -0.6861030 0.5111634 -0.2791666
1403636669.213556 18.7601357 -15.1541214 53.2046356 0.4287819 -0.6887143 0.5091932 -0.2872995
1403636669.313555 18.8049774 -15.0987320 53.2075043 0.4281587 -0.6883821 0.5103180 -0.2870293
1403636669.413555 18.8490601 -15.0421791 53.2011566 0.4271295 -0.6891646 0.5097738 -0.2876513
1403636669.713556 18.9697609 -14.8592682 53.1541061 0.4202978 -0.6750619 0.5270564 -0.2997546
1403636669.863555 19.0135155 -14.7520828 53.1422501 0.4081353 -0.6814107 0.5159917 -0.3207143
1403636670.263556 19.0287247 -14.5076332 53.1769714 0.3893857 -0.7001321 0.4748604 -0.3642822
1403636670.463556 18.9784088 -14.4410934 53.1829376 0.3923865 -0.6973015 0.4587780 -0.3864276
1403636670.563555 18.9340286 -14.4273033 53.1828766 0.4028153 -0.6925778 0.4485106 -0.3961237
1403636670.913555 18.6916161 -14.5153809 53.2491264 0.4529651 -0.6562383 0.4104049 -0.4424272
1403636671.613555 17.8657608 -15.3441849 53.4921722 -0.6338799 0.5418565 -0.3614131 0.4170952
1403636672.163555 17.3731861 -16.0821152 53.6483231 -0.6771954 0.5336530 -0.3498891 0.3663311
1403636672.313555 17.3133850 -16.2318802 53.7239685 -0.6774902 0.5291403 -0.3614801 0.3610397
1403636672.763556 17.2607918 -16.5000420 53.7828064 -0.6371925 0.5170705 -0.3855917 0.4218327
1403636673.113555 17.2321892 -16.6080513 53.7084732 -0.6668267 0.4931987 -0.3586782 0.4283073
1403636673.963556 17.4099522 -16.5251770 53.6933250 -0.6838567 0.4569954 -0.3492281 0.4489265
1403636676.463556 18.4970207 -15.1348152 53.2114029 -0.7791457 0.2655671 -0.2335884 0.5175350
1403636677.063555 18.6849289 -14.6286049 53.2029877 -0.7875368 0.2289664 -0.1646039 0.5479650
1403636678.713556 18.9137402 -13.6999207 53.2036514 -0.8176691 -0.0010698 -0.0172933 0.5754279
1403636679.613555 18.8376312 -13.4623413 53.1956062 -0.7917333 -0.1696566 0.1184535 0.5747554
1403636680.013556 18.8018227 -13.4241142 53.3011093 -0.7781207 -0.2038258 0.1175790 0.5823732
1403636680.363555 18.7561588 -13.4619446 53.4214859 -0.7724891 -0.2159945 0.0900067 0.5903437
1403636680.613555 18.6831665 -13.5456543 53.4601784 -0.7801891 -0.2142931 0.0797163 0.5822618
1403636680.713556 18.6388931 -13.5917091 53.4701958 -0.7831005 -0.2089233 0.0831573 0.5798185
1403636681.313555 18.3114185 -13.8820343 53.4518433 -0.8009079 -0.1866380 0.1090400 0.5584114
1403636682.063555 17.8755760 -14.1964378 53.4773178 -0.7879471 -0.1914975 0.1200066 0.5727709
1403636682.313555 17.7292309 -14.3272133 53.5064240 -0.7954035 -0.1911575 0.1233994 0.5617515
1403636682.513556 17.6120949 -14.4245300 53.5130463 -0.7976716 -0.1900800 0.1211145 0.5593933
1403636683.563555 17.0150490 -15.0090561 53.5282516 -0.7891970 -0.1870224 0.1221235 0.5720810
1403636683.813555 16.8788147 -15.1715965 53.4830551 -0.7950758 -0.1898048 0.1236519 0.5626179
1403636684.363555 16.5931931 -15.4981079 53.5447540 -0.7874182 -0.1949783 0.1330321 0.5694371
1403636684.763556 16.4180012 -15.7324867 53.5603409 -0.7844737 -0.1920142 0.1434325 0.5719779
1403636684.863555 16.3822136 -15.7967033 53.5468903 -0.7841451 -0.1930017 0.1424995 0.5723293
1403636686.713556 15.7394600 -17.0301094 53.5025558 -0.8000027 -0.1911092 0.1249465 0.5548526
1403636686.913555 15.6649456 -17.1352158 53.4872246 -0.7961364 -0.1894956 0.1288816 0.5600427
1403636687.063555 15.6133480 -17.2094460 53.4961739 -0.7947678 -0.1887549 0.1313557 0.5616595
1403636688.363555 15.2990093 -17.8040733 53.3188019 -0.7892081 -0.1951795 0.1322054 0.5670779
1403636688.463556 15.2798624 -17.8526001 53.3016090 -0.7897198 -0.1961778 0.1307095 0.5663674
1403636688.863555 15.1889124 -18.0573997 53.1814651 -0.7883134 -0.2098421 0.1198286 0.5658352
1403636689.163555 15.0862389 -18.2095757 53.1369743 -0.7917413 -0.2171769 0.1431653 0.5527057
1403636689.313555 15.0316210 -18.2806778 53.1458778 -0.7934565 -0.2223094 0.1493889 0.5465239
1403636689.463556 14.9767179 -18.3418236 53.1723213 -0.7921301 -0.2266322 0.1526694 0.5457653
1403636689.713556 14.8843765 -18.4262352 53.2422867 -0.7995684 -0.2252205 0.1597952 0.5333213
1403636689.913555 14.8090191 -18.4691811 53.2844810 -0.8052773 -0.2127913 0.1733872 0.5255332
1403636690.013556 14.7761755 -18.4800339 53.2988243 -0.8040702 -0.2081801 0.1764519 0.5282016
1403636690.213556 14.7222586 -18.4775467 53.3177185 -0.8042156 -0.2171954 0.1593080 0.5297967
1403636690.513556 14.6375294 -18.4194336 53.3756866 -0.8014627 -0.2173684 0.1560910 0.5348310
1403636690.813555 14.5589361 -18.3239822 53.3895988 -0.7978874 -0.1892919 0.1933786 0.5386547
1403636690.913555 14.5449829 -18.2802925 53.3694267 -0.7918021 -0.1818587 0.2035835 0.5463795
1403636691.013556 14.5421553 -18.2309036 53.3541641 -0.7813898 -0.1752643 0.2128108 0.5598429
1403636691.113555 14.5555372 -18.1793327 53.3458519 -0.7722446 -0.1743060 0.2159108 0.5715227
1403636691.263556 14.6096163 -18.1055222 53.3458405 -0.7592899 -0.1890269 0.1982817 0.5902814
1403636691.363555 14.6663599 -18.0673790 53.3541336 -0.7578396 -0.2030213 0.1814625 0.5929022
1403636691.463556 14.7301674 -18.0377655 53.3678970 -0.7662845 -0.2125057 0.1736632 0.5809393
1403636691.563555 14.7980061 -18.0101357 53.3890533 -0.7735814 -0.2164102 0.1731200 0.5698840
1403636691.663555 14.8692150 -17.9847450 53.4223671 -0.7772314 -0.2240009 0.1662296 0.5640060
1403636691.863555 15.0103846 -17.9355698 53.4811440 -0.7791609 -0.2333300 0.1565560 0.5603175
1403636692.013556 15.1107960 -17.9078522 53.5162010 -0.7747275 -0.2274843 0.1646458 0.5665157
1403636692.113555 15.1799517 -17.8899879 53.5340500 -0.7753888 -0.2264629 0.1650067 0.5659148
1403636692.313555 15.3198147 -17.8582077 53.5790977 -0.7765942 -0.2319230 0.1552866 0.5648001
1403636692.413555 15.3896141 -17.8479156 53.6114845 -0.7786457 -0.2298938 0.1566948 0.5624112
1403636692.963556 15.7307863 -17.8214226 53.8640289 -0.7842899 -0.2489112 0.1192314 0.5556227
1403636693.513556 15.9004126 -17.8288193 54.0183334 -0.8026512 -0.2340179 0.1470684 0.5285429
1403636693.663555 15.9242144 -17.8175392 54.0328026 -0.8103048 -0.2356758 0.1458741 0.5163177
1403636693.963556 15.9404984 -17.7450714 54.0510902 -0.7899455 -0.2322780 0.1538421 0.5462287
1403636694.263556 15.9461527 -17.6544113 54.0566254 -0.7779831 -0.2303793 0.1589065 0.5625090
1403636694.563555 15.9577055 -17.5793571 54.0855064 -0.7846949 -0.2324980 0.1565358 0.5528972
1403636695.063555 15.9733410 -17.4669685 54.0502472 -0.7869130 -0.2188941 0.1677607 0.5520052
1403636695.663555 16.0336170 -17.3173561 54.0820160 -0.7826109 -0.2262111 0.1414184 0.5624496
1403636696.013556 16.0536575 -17.2552261 54.0698280 -0.7880547 -0.2202661 0.1440940 0.5564977
1403636696.913555 16.0602589 -17.1748657 53.9742622 -0.7810174 -0.2141859 0.1432895 0.5688622
1403636697.213556 16.0581169 -17.1926651 53.9439964 -0.7745562 -0.2339330 0.1128132 0.5767247
1403636699.963556 15.2627811 -17.7982864 53.9041557 -0.7870268 0.2291109 -0.1425463 0.5547771
1403636700.863555 15.3538132 -17.9570618 53.6290741 -0.7664633 0.2773750 -0.1899626 0.5472763
1403636702.613555 15.8144817 -18.2363091 53.4569397 -0.7439513 0.3610294 -0.2534381 0.5019596
1403636703.513556 16.1296349 -18.1900330 53.2016373 -0.7331440 0.3623854 -0.2503538 0.5181696
1403636704.863555 16.6918106 -18.1226196 53.1069489 -0.7634565 0.3523020 -0.2396024 0.4853950
1403636705.013556 16.7772541 -18.0844803 53.0831184 -0.7684942 0.3517094 -0.2365543 0.4793322
1403636705.163555 16.8702011 -18.0322495 53.0506401 -0.7626436 0.3458936 -0.2429207 0.4896140
1403636705.513556 17.0903816 -17.8695717 53.0080338 -0.7540575 0.3413343 -0.2489953 0.5028812
1403636705.663555 17.1818695 -17.7852745 52.9877510 -0.7572848 0.3436357 -0.2467931 0.4975214
1403636705.813555 17.2754574 -17.6923790 52.9599075 -0.7520306 0.3442845 -0.2464909 0.5051340
1403636706.013556 17.4035168 -17.5648155 52.9384460 -0.7403322 0.3507673 -0.2358747 0.5227175
1403636706.463556 17.6896343 -17.3283005 52.8889694 -0.7482604 0.3336614 -0.2506383 0.5157099
1403636706.613555 17.7836723 -17.2497215 52.8626862 -0.7512422 0.3320758 -0.2520871 0.5116765
1403636706.763556 17.8746071 -17.1648064 52.8516464 -0.7545109 0.3342294 -0.2504635 0.5062332
1403636706.913555 17.9649391 -17.0728951 52.8540192 -0.7562538 0.3378998 -0.2494159 0.5016927
1403636707.213556 18.1474457 -16.8736649 52.8768463 -0.7494811 0.3420219 -0.2570556 0.5051945
1403636707.413555 18.2624969 -16.7299385 52.9047623 -0.7496983 0.3459284 -0.2600527 0.5006582
1403636707.963556 18.5696297 -16.2783852 53.0058670 -0.7447710 0.3574666 -0.2428994 0.5084621
1403636708.163555 18.6909790 -16.1152840 52.9803963 -0.7449618 0.3472402 -0.2486443 0.5124764
1403636708.313555 18.7790222 -15.9935684 52.9454994 -0.7397642 0.3496690 -0.2413437 0.5217603
1403636708.663555 18.9999657 -15.7425919 52.8793526 -0.7330450 0.3520719 -0.2373505 0.5313712
1403636709.663555 19.4684563 -15.1679649 52.8039627 -0.7402425 0.3461345 -0.2737446 0.5072435
1403636710.013556 19.5329971 -14.9340248 52.7759705 -0.7417606 0.3412287 -0.2706459 0.5100050
1403636710.363555 19.5516243 -14.6753998 52.7462921 -0.7392054 0.3412552 -0.2546425 0.5218023
1403636710.563555 19.5437813 -14.5291710 52.6929817 -0.7409107 0.3375065 -0.2259861 0.5348561
1403636710.963556 19.5387115 -14.2847137 52.5883408 -0.7645634 0.2717364 -0.2058642 0.5470120
1403636711.363555 19.5131817 -14.0698204 52.5673752 -0.7732483 0.2369916 -0.1985905 0.5536098
1403636711.713556 19.4366856 -13.9035378 52.5880814 -0.7564223 0.2352626 -0.2086435 0.5735371
1403636712.063555 19.2853298 -13.7932434 52.6377029 -0.7628760 0.2613942 -0.1825049 0.5624813
1403636712.413555 19.1198521 -13.7418365 52.7317123 -0.7707811 0.2274091 -0.1849143 0.5656751
1403636712.863555 18.8691006 -13.7371826 52.8753357 -0.7730817 0.1944973 -0.1606122 0.5819959
1403636713.213556 18.6290131 -13.8017845 52.9447098 -0.7800380 0.1932212 -0.1535794 0.5749955
1403636713.413555 18.4868793 -13.8654327 53.0204201 -0.7836446 0.1961856 -0.1497030 0.5700889
1403636713.763556 18.2472115 -13.9850388 53.1628952 -0.7851108 0.2119806 -0.1360790 0.5658159
1403636714.113555 18.0428696 -14.1392365 53.2327232 -0.7865942 0.2119360 -0.1490355 0.5604831
1403636714.863555 17.6998177 -14.5008583 53.2613640 -0.8115414 0.1660463 -0.1167093 0.5479126
1403636715.513556 17.5146790 -14.6929283 53.4060135 -0.8156009 0.0992002 -0.0625812 0.5666023
1403636716.163555 17.4233837 -14.8352509 53.4151764 -0.7971999 0.1024956 -0.0791349 0.5896648
1403636716.613555 17.3733559 -15.0166130 53.4300537 -0.8060814 0.1109237 -0.0838222 0.5752414
1403636716.763556 17.3545990 -15.0819016 53.4068565 -0.8066185 0.0996140 -0.0766627 0.5775521
1403636717.313555 17.2819214 -15.3472061 53.3998451 -0.8147030 0.0084166 -0.0271425 0.5791818
1403636717.663555 17.2219391 -15.5092392 53.4163666 -0.8139634 -0.0083086 -0.0251107 0.5803137
1403636718.063555 17.0813885 -15.7032814 53.3946075 -0.8141507 -0.0409925 -0.0112146 0.5790963
1403636718.263556 16.9828949 -15.8036575 53.4064522 -0.8136360 -0.0621858 0.0225823 0.5775980
1403636718.463556 16.8768864 -15.9105492 53.3915405 -0.8130761 -0.0807012 0.0499655 0.5743676
1403636718.863555 16.6823120 -16.0953598 53.3065414 -0.8107061 -0.1108486 0.0859248 0.5684058
1403636719.063555 16.6032448 -16.1817551 53.2790756 -0.8065193 -0.1247161 0.0776461 0.5726637
1403636719.463556 16.4491386 -16.3440437 53.2614555 -0.7960789 -0.1179596 0.0826547 0.5878029
1403636720.463556 16.1813183 -16.7985039 53.1583214 -0.8107962 -0.1032920 0.0781742 0.5708144
1403636720.713556 16.1413193 -16.8923759 53.1463127 -0.8101505 -0.1047427 0.0807094 0.5711140
1403636721.313555 16.1056232 -17.0706406 53.1278419 -0.8106714 -0.0410801 0.0396142 0.5827136
1403636722.363555 16.1380806 -17.4209747 53.1144943 -0.8143977 -0.0146474 0.0026534 0.5801163
1403636722.863555 16.1210861 -17.5971489 53.0856628 -0.8145021 -0.0060816 -0.0131376 0.5799800
1403636723.313555 16.0860481 -17.7566338 53.1091614 -0.8139302 -0.0020094 -0.0097919 0.5808768
1403636724.813555 15.9071655 -18.2635612 53.1104355 -0.8054354 0.1250085 -0.0988904 0.5708480
1403636727.213556 15.7477179 -18.7540703 53.6016655 -0.8050172 0.0998729 -0.0858041 0.5784552
1403636728.463556 15.5457029 -19.0914993 53.9438286 -0.8050423 0.1059496 -0.0780419 0.5784386
1403636728.713556 15.4738865 -19.1699905 53.9469337 -0.8064227 0.1005265 -0.0677938 0.5787755
1403636729.063555 15.3824320 -19.2980995 54.0026093 -0.8077341 0.0533502 -0.0560181 0.5844496
1403636729.313555 15.3108282 -19.3933830 54.0062599 -0.8092452 0.0427031 -0.0469192 0.5840355
1403636729.563555 15.2279634 -19.4967422 53.9974823 -0.8092679 0.0411352 -0.0437879 0.5843595
1403636730.063555 15.0533857 -19.7250710 54.0440826 -0.8172923 0.0444154 -0.0413356 0.5730201
1403636730.513556 14.8968182 -19.9226646 54.0271378 -0.8238210 0.0434792 -0.0382084 0.5638871
1403636730.763556 14.8111067 -20.0138321 54.0495529 -0.8296403 0.0435545 -0.0365582 0.5553949
1403636731.563555 14.6573420 -20.1117859 54.1300087 -0.8150709 0.0538938 -0.0296061 0.5760889
1403636732.663555 14.6469421 -20.2745705 53.9474106 -0.8035126 0.0244476 -0.0636349 0.5913717
1403636733.063555 14.5766029 -20.4195251 53.9865799 -0.8067018 0.0338967 -0.0456083 0.5882204
1403636733.513556 14.4541025 -20.6259079 54.0886154 -0.8162778 0.0344946 -0.0390036 0.5753080
1403636734.563555 14.0856934 -21.0902290 54.2037392 -0.8192470 0.0351598 -0.0326833 0.5714280
1403636736.963556 13.4325390 -21.6533661 54.4925957 -0.8136157 -0.0157371 -0.0161802 0.5809647
1403636738.263556 13.0523691 -21.8232269 54.6051712 -0.8215845 -0.0088671 0.0118522 0.5698946
1403636738.563555 13.0237598 -21.8259468 54.6487236 -0.8235151 0.0023735 0.0041688 0.5672742
1403636739.163555 13.0584831 -21.7892876 54.5929794 -0.8079721 0.1285777 -0.0640013 0.5714479
1403636740.113555 13.2782955 -21.7899818 54.4261589 -0.7844658 0.2340665 -0.1668593 0.5495309
1403636740.513556 13.3427334 -21.7996941 54.2950516 -0.7830359 0.2247519 -0.1630182 0.5565667
1403636741.863555 13.4778109 -21.9180832 53.8498421 -0.7865028 0.2425073 -0.1732657 0.5409091
1403636742.263556 13.5152292 -21.9213905 53.7371826 -0.7955595 0.2328032 -0.1666762 0.5339541
1403636742.713556 13.5649996 -21.8686790 53.6991806 -0.7837971 0.2247619 -0.1621279 0.5557507
1403636743.113555 13.6076221 -21.8334274 53.5872841 -0.7876458 0.2348994 -0.1597370 0.5467362
1403636743.313555 13.6312141 -21.8213081 53.5317917 -0.8029751 0.2480540 -0.1584750 0.5182528
1403636743.513556 13.6688042 -21.7912788 53.5175285 -0.7998342 0.2520974 -0.1604709 0.5205395
1403636745.663555 14.2688580 -21.3333244 52.5669899 -0.7690815 0.2604598 -0.1943839 0.5503539
1403636746.263556 14.3472366 -21.2858276 52.6189880 -0.7600656 0.2741786 -0.2308310 0.5420733
1403636746.463556 14.3185606 -21.2673645 52.6675568 -0.7498705 0.2761998 -0.2319584 0.5546198
1403636746.863555 14.2228966 -21.2350998 52.6828880 -0.7804938 0.2982742 -0.1805795 0.5188960
1403636747.263556 14.1924486 -21.1753998 52.7021942 -0.7706805 0.2782508 -0.2023955 0.5363432
1403636747.463556 14.1843243 -21.1358261 52.7591820 -0.7689042 0.2776168 -0.2089226 0.5367184
1403636747.863555 14.1546535 -21.0364265 52.8581963 -0.7682528 0.2884425 -0.2096963 0.5316164
1403636748.463556 14.1388445 -20.8748207 53.0179863 -0.7644044 0.2947750 -0.2144414 0.5317975
1403636748.863555 14.1490288 -20.7785568 53.1243744 -0.7568318 0.3078513 -0.2009069 0.5404347
1403636749.663555 14.2373047 -20.7167702 53.3056564 -0.7567802 0.2993401 -0.2336898 0.5320418
1403636750.113555 14.2483635 -20.7149124 53.3739090 -0.7479228 0.2919671 -0.2253662 0.5518849
1403636750.413555 14.2121315 -20.7426567 53.4076233 -0.7581662 0.2893519 -0.2149138 0.5433890
1403636750.863555 14.1367016 -20.7888794 53.6052322 -0.7658015 0.2773426 -0.2092991 0.5411312
1403636751.313555 14.0368271 -20.8287086 53.8474007 -0.7761863 0.2815941 -0.2065376 0.5249587
1403636751.663555 13.9651871 -20.8324432 53.9938812 -0.7656668 0.2904377 -0.1859774 0.5429664
1403636752.163555 13.9498949 -20.8469009 54.1597595 -0.7815996 0.2687860 -0.1880117 0.5305731
1403636752.363555 13.9642620 -20.8363876 54.2282639 -0.7757893 0.2500055 -0.1819676 0.5500327
1403636752.563555 13.9676275 -20.8332558 54.3131065 -0.7836496 0.2193168 -0.1619542 0.5581796
1403636752.763556 13.9648209 -20.8356171 54.3808937 -0.7954975 0.1828417 -0.1370461 0.5612228
1403636753.913555 13.8294716 -20.8268127 54.4353142 -0.8145056 0.0237933 -0.0337581 0.5786840
1403636754.363555 13.7153835 -20.8601494 54.4644127 -0.8062755 0.0292294 -0.0464174 0.5889913
1403636755.313555 13.2923880 -21.1201324 54.5099792 -0.8142690 -0.0391158 0.0062978 0.5791342
1403636755.713556 13.0729141 -21.2689323 54.5585632 -0.8208519 -0.0378787 0.0035486 0.5698726
1403636756.113555 12.8387785 -21.3862877 54.5577583 -0.8130259 -0.0328564 0.0067324 0.5812609
1403636756.313555 12.7171926 -21.4363785 54.5873718 -0.8113573 -0.0333989 0.0074048 0.5835487
1403636756.713556 12.4638100 -21.5627327 54.5946884 -0.8084862 -0.0359445 0.0101351 0.5873291
1403636757.313555 12.0909319 -21.8119545 54.6513023 -0.8100861 -0.0395960 0.0119315 0.5848507
1403636757.713556 11.8431263 -22.0152512 54.6511307 -0.8267173 -0.0584407 0.0157434 0.5593527
1403636757.913555 11.7111845 -22.1019173 54.6972961 -0.8328269 -0.0663998 0.0265940 0.5488928
1403636758.313555 11.4404354 -22.2206879 54.8036690 -0.8116725 -0.0663214 0.0413713 0.5788589
1403636758.513556 11.3069067 -22.2834854 54.8078117 -0.8280401 -0.0591630 0.0517570 0.5551313
1403636758.663555 11.2104673 -22.3252182 54.8058701 -0.8405153 -0.0501815 0.0624600 0.5358307
1403636758.863555 11.1012421 -22.3498116 54.8092270 -0.8222499 -0.0537236 0.0544883 0.5639591
1403636760.213556 10.8928270 -22.4642487 54.5767365 -0.8229607 -0.0663331 0.0443835 0.5624639
1403636760.513556 10.8891640 -22.4814453 54.5331535 -0.8100908 -0.0680797 0.0410422 0.5808903
1403636760.663555 10.8903399 -22.5014648 54.5090065 -0.8183658 -0.0720978 0.0370062 0.5689551
1403636760.813555 10.8888006 -22.5194855 54.4881439 -0.8185138 -0.0756995 0.0336653 0.5684817
1403636760.963556 10.8802967 -22.5351944 54.4688721 -0.8136469 -0.0782703 0.0315583 0.5752014
1403636761.113555 10.8637743 -22.5538025 54.4505653 -0.8223009 -0.0759022 0.0366366 0.5627769
1403636761.213556 10.8515043 -22.5639534 54.4348068 -0.8309276 -0.0765713 0.0363387 0.5498872
1403636761.363555 10.8283596 -22.5711861 54.4198189 -0.8334816 -0.0763285 0.0369820 0.5459988
1403636761.463556 10.8110094 -22.5709114 54.4195595 -0.8249100 -0.0756721 0.0371253 0.5589444
1403636761.713556 10.7662258 -22.5628510 54.4237671 -0.8119135 -0.0653304 0.0477513 0.5781421
1403636761.863555 10.7415371 -22.5569649 54.4291458 -0.8120667 -0.0561873 0.0594990 0.5777981
1403636762.013556 10.7288036 -22.5532265 54.4406166 -0.8117920 -0.0638474 0.0469855 0.5785410
1403636762.113555 10.7236691 -22.5494194 54.4489555 -0.8101698 -0.0758152 0.0281451 0.5805902
1403636762.213556 10.7164984 -22.5504837 54.4594612 -0.8133045 -0.0826612 0.0170053 0.5756855
1403636762.363555 10.6953592 -22.5560112 54.4699097 -0.8259327 -0.0784423 0.0216746 0.5578640
1403636762.463556 10.6743965 -22.5563622 54.4610710 -0.8304510 -0.0707874 0.0315816 0.5516728
1403636762.563555 10.6484871 -22.5503006 54.4440384 -0.8257725 -0.0532155 0.0556706 0.5587205
1403636762.713556 10.6190996 -22.5378036 54.4127274 -0.8179774 -0.0419492 0.0709061 0.5693203
1403636762.813555 10.6091166 -22.5282249 54.3864021 -0.8166668 -0.0514908 0.0575658 0.5719181
1403636763.013556 10.6266346 -22.5471535 54.3940697 -0.8152202 -0.0417605 0.0408684 0.5761961
1403636763.113555 10.6394768 -22.5584984 54.3835106 -0.8103338 -0.0176727 0.0390846 0.5843964
1403636763.213556 10.6425619 -22.5625992 54.3780670 -0.8075503 -0.0082824 0.0360194 0.5886395
1403636763.313555 10.6422443 -22.5605011 54.3708649 -0.8107998 -0.0073699 0.0369203 0.5841116
1403636763.613555 10.6411762 -22.5651627 54.3716698 -0.8124475 -0.0074553 0.0366708 0.5818323
1403636763.763556 10.6391106 -22.5625687 54.3726463 -0.8125012 -0.0073750 0.0364749 0.5817705
