1403636579.763556 0.8860034 0.0445963 -0.6846566 -0.8119168 0.0068528 0.0161995 0.5835081
1403636579.863555 0.8850432 0.0474586 -0.7223790 -0.8124341 0.0077990 0.0108074 0.5829008
1403636581.613555 0.8789530 0.0560432 -0.6223742 -0.8090460 0.0079842 -0.0143128 0.5875168
1403636583.963556 0.8918884 0.0341471 -0.9565356 -0.8468925 0.0152056 -0.0137853 0.5313680
1403636584.013556 0.8903839 0.0309160 -0.9674160 -0.8476426 0.0122006 -0.0124074 0.5302823
1403636586.563555 0.8922125 -0.0291752 -0.7780778 -0.9126018 0.0390875 -0.0101575 0.4068501
1403636587.063555 0.9221362 -0.0194817 -0.7691301 -0.9065092 0.0250856 -0.0012641 0.4214384
1403636587.913555 1.1363721 0.0318161 -0.7694134 -0.9056403 0.0553332 -0.0096393 0.4203107
1403636588.013556 1.1702667 0.0341098 -0.7739289 -0.9091433 0.0614434 -0.0170187 0.4115745
1403636588.163555 1.2087952 0.0362213 -0.7816814 -0.9129965 0.0668046 -0.0200236 0.4019622
1403636588.463556 1.2307109 0.0365908 -0.7896934 -0.9104090 0.0671658 -0.0138791 0.4079850
1403636589.463556 0.8792640 -0.0138404 -0.7595435 -0.9109299 0.0294021 0.0054779 0.4114758
1403636589.863555 0.6966566 -0.0345911 -0.7653632 -0.9110406 0.0135929 0.0172709 0.4117306
1403636590.063555 0.6343455 -0.0430297 -0.7713412 -0.9115168 0.0033441 0.0305959 0.4101095
1403636590.163555 0.6170439 -0.0452085 -0.7702293 -0.9084324 0.0000343 0.0353861 0.4165316
1403636590.663555 0.7106962 -0.0518165 -0.7588564 -0.9066212 0.0078749 0.0143862 0.4216267
1403636591.463556 1.0351372 -0.0173374 -0.7820658 -0.9130137 0.0328907 0.0081125 0.4065199
1403636592.363555 1.1353972 0.1077003 -0.8092034 -0.8941597 0.1004009 -0.0392238 0.4345798
1403636593.663555 0.7221870 -0.0127341 -0.8118280 -0.9027078 -0.0461484 0.0907677 0.4180315
1403636593.763556 0.7452752 -0.0532172 -0.8181296 -0.9077933 -0.0228463 0.0784870 0.4113748
1403636593.863555 0.7825372 -0.0865522 -0.8229377 -0.9089397 0.0092416 0.0590253 0.4126249
1403636593.963556 0.8299961 -0.1107242 -0.8246102 -0.9051332 0.0445626 0.0352488 0.4213142
1403636594.063555 0.8841910 -0.1243563 -0.8243146 -0.8999705 0.0777583 0.0089254 0.4288672
1403636594.163555 0.9410776 -0.1246827 -0.8244686 -0.8966637 0.1076740 -0.0123845 0.4292403
1403636594.313555 1.0284839 -0.0970515 -0.8283455 -0.8946626 0.1338767 -0.0380148 0.4245126
1403636594.663555 1.1759903 0.0605758 -0.8343895 -0.8816165 0.1382809 -0.0587774 0.4474103
1403636594.813555 1.1601001 0.1261533 -0.8377125 -0.8808247 0.1217383 -0.0468913 0.4551142
1403636596.113555 1.0166076 -0.0815127 -0.8785648 -0.9001614 0.0427973 -0.0127826 0.4332604
1403636596.363555 0.9907094 -0.1665218 -0.8626933 -0.8973038 0.0681708 -0.0198757 0.4356645
1403636596.613555 0.8984581 -0.2543687 -0.8346589 -0.8930846 0.0572042 -0.0241391 0.4455837
1403636597.113555 0.8942537 -0.1491541 -0.8430256 -0.8970302 0.0424047 -0.0314001 0.4388082
1403636598.263556 0.8488383 -0.0191672 -0.8619344 -0.8972893 -0.0808527 0.0431716 0.4318227
1403636598.363555 0.8575908 -0.0416677 -0.8761485 -0.9028312 -0.0791700 0.0349310 0.4211981
1403636598.513556 0.8747824 -0.0371727 -0.8993290 -0.9028406 -0.0769562 0.0269993 0.4221702
1403636598.713556 0.8945199 0.0217237 -0.9261635 -0.8884631 -0.0853098 0.0413475 0.4490501
1403636598.813555 0.9017285 0.0559196 -0.9442571 -0.8771260 -0.0904172 0.0533819 0.4686419
1403636598.963556 0.9119404 0.1018966 -0.9789307 -0.8613121 -0.0900257 0.0597285 0.4964568
1403636599.063555 0.9163996 0.1243340 -1.0006135 -0.8528305 -0.0900182 0.0630988 0.5104854
1403636599.213556 0.9197184 0.1487173 -1.0202534 -0.8318874 -0.0893401 0.0743206 0.5426400
1403636601.863555 0.9297474 0.1909205 -1.0668670 -0.7961850 -0.0583691 0.0740845 0.5976571
1403636604.363555 0.9297435 0.1908084 -1.0668696 -0.7961645 -0.0584142 0.0739287 0.5976993
1403636606.863555 0.9297582 0.1907424 -1.0668964 -0.7961777 -0.0582828 0.0741211 0.5976706
1403636609.363555 0.9297395 0.1908251 -1.0669494 -0.7961482 -0.0584625 0.0738628 0.5977243
1403636611.863555 0.9304814 0.1909139 -1.0671604 -0.7959821 -0.0582554 0.0736883 0.5979875
1403636614.363555 0.9303687 0.1908907 -1.0671232 -0.7959435 -0.0582388 0.0739104 0.5980129
1403636616.863555 0.9304069 0.1908414 -1.0670378 -0.7961063 -0.0579212 0.0743578 0.5977716
1403636619.363555 0.9302535 0.1909082 -1.0669811 -0.7962887 -0.0577657 0.0747317 0.5974969
1403636621.863555 0.9306622 0.1910783 -1.0666387 -0.7968221 -0.0573012 0.0753019 0.5967585
1403636624.763556 0.9627183 0.1917956 -1.0635178 -0.8086432 -0.0563881 0.0544657 0.5830524
1403636624.863555 0.9781069 0.1726143 -1.0622319 -0.8123533 -0.0664270 0.0422110 0.5778304
1403636624.963556 0.9959196 0.1519028 -1.0576775 -0.8193495 -0.0765337 0.0289077 0.5674270
1403636625.213556 1.0212412 0.1205789 -1.0119591 -0.8302330 -0.0783726 0.0293795 0.5510969
1403636625.313555 1.0227423 0.1169180 -0.9893789 -0.8260797 -0.0750615 0.0351295 0.5574263
1403636625.363555 1.0224963 0.1152915 -0.9794084 -0.8250115 -0.0745184 0.0371499 0.5589481
1403636625.463556 1.0247838 0.1135943 -0.9780510 -0.8270230 -0.0758075 0.0377959 0.5557497
1403636627.963556 1.1394176 0.1604763 -0.6899928 -0.8340902 -0.0481263 0.0211277 0.5491185
1403636628.563555 1.2096679 0.2351029 -0.5859277 -0.8143300 -0.0212293 0.0283906 0.5793184
1403636629.013556 1.3213495 0.2802976 -0.5755246 -0.8268840 -0.0153271 0.0050259 0.5621411
1403636629.913555 1.6311980 0.4795148 -0.6347086 -0.8283847 0.0927886 -0.0608143 0.5490635
1403636630.013556 1.6775081 0.5145050 -0.6602163 -0.8271639 0.1057473 -0.0720432 0.5471995
1403636630.113555 1.7238276 0.5538851 -0.6775879 -0.8219911 0.1142102 -0.0801316 0.5521464
1403636630.863555 2.0594461 0.8530162 -0.5964093 -0.8152376 0.1121481 -0.0918665 0.5606880
1403636633.163555 2.6987231 1.8575264 -0.7599466 -0.8218650 0.0147316 -0.0281535 0.5687955
1403636634.413555 2.9801145 2.6693511 -0.8313601 -0.8210833 0.0184264 -0.0167732 0.5702642
1403636635.063555 3.1641080 3.1392665 -0.8333905 -0.8212297 -0.0170561 -0.0044995 0.5703251
1403636635.563555 3.2652977 3.5019886 -0.8320220 -0.8268085 -0.0156244 0.0131666 0.5621124
1403636635.713556 3.2974567 3.6196685 -0.8186483 -0.8249581 -0.0128637 0.0143679 0.5648648
1403636635.863555 3.3332567 3.7456031 -0.7855115 -0.8194826 -0.0050402 0.0219097 0.5726629
1403636636.013556 3.3793423 3.8698549 -0.7433548 -0.8251113 -0.0027046 0.0228787 0.5645003
1403636636.163555 3.4345891 3.9956131 -0.7035642 -0.8283762 -0.0112315 0.0101518 0.5599676
1403636636.413555 3.5266893 4.2067575 -0.6097455 -0.8095779 -0.0188650 -0.0002347 0.5867092
1403636636.763556 3.6431935 4.4676700 -0.5401421 -0.8030520 -0.0335287 -0.0208815 0.5945984
1403636637.113555 3.6937344 4.6498880 -0.5588560 -0.8118917 -0.0268184 -0.0036905 0.5831801
1403636637.363555 3.7081568 4.7512989 -0.5918756 -0.8206120 -0.0254886 0.0019771 0.5709137
1403636637.563555 3.7141888 4.8427882 -0.5870161 -0.8232061 -0.0271012 0.0047937 0.5670752
1403636638.213556 3.7177331 5.1604714 -0.4805241 -0.8139051 -0.0299456 0.0093418 0.5801505
1403636638.363555 3.7167370 5.2338667 -0.5040803 -0.8178729 -0.0271410 0.0145695 0.5745737
1403636638.563555 3.7196226 5.3271189 -0.5497932 -0.8372030 -0.0184280 0.0274220 0.5458935
1403636638.763556 3.7386870 5.4403801 -0.5594497 -0.8331624 -0.0271774 0.0162520 0.5521211
1403636639.063555 3.7735341 5.6440525 -0.5228496 -0.8231440 -0.0187658 0.0298163 0.5667388
1403636639.263556 3.8094428 5.7926178 -0.5289783 -0.8240483 -0.0102615 0.0415346 0.5649018
1403636639.463556 3.8700628 5.9456439 -0.5810924 -0.8244036 -0.0248226 0.0213637 0.5650542
1403636639.613555 3.9233859 6.0621872 -0.6301446 -0.8208446 -0.0371435 0.0049024 0.5699214
1403636640.813555 4.2204728 6.7941337 -0.7084413 -0.8113215 -0.0685421 0.0329209 0.5796341
1403636641.263556 4.2941737 6.9916496 -0.7148290 -0.8112561 -0.0674161 0.0323227 0.5798914
1403636642.713556 4.5101652 7.3676376 -0.7533464 -0.8192343 -0.0133846 -0.0003936 0.5733027
1403636643.913555 4.6988921 7.6238718 -0.7084389 -0.8361804 -0.0158030 0.0030850 0.5482181
1403636644.263556 4.7646971 7.7969179 -0.6979694 -0.8308838 -0.0120457 0.0079292 0.5562590
1403636644.463556 4.8037100 7.9195070 -0.7181864 -0.8160065 0.0011957 0.0238345 0.5775499
1403636644.913555 4.9691625 8.1690664 -0.8728447 -0.8121595 -0.0133558 -0.0007711 0.5832822
1403636645.563555 5.2184553 8.5550041 -1.0090084 -0.8345273 -0.0089957 -0.0029349 0.5508854
1403636646.263556 5.4734635 9.2228441 -0.9831791 -0.8167588 0.0444541 -0.0152728 0.5750614
1403636646.413555 5.5447006 9.3726711 -0.9661055 -0.8074428 0.0820302 -0.0366771 0.5830626
1403636646.563555 5.6236672 9.5086527 -0.9604568 -0.7971808 0.1032571 -0.0663133 0.5911372
1403636647.063555 5.8815074 9.8620443 -0.8408594 -0.8012295 0.1279811 -0.0939284 0.5769137
1403636647.363555 6.0214128 10.0267010 -0.8040981 -0.8049334 0.1274995 -0.0899736 0.5724777
1403636647.613555 6.1362462 10.1450834 -0.8064928 -0.7950466 0.1280583 -0.0800807 0.5874429
1403636647.963556 6.3235478 10.2702866 -0.7836676 -0.7967087 0.1391212 -0.0953678 0.5803494
1403636648.113555 6.4070287 10.3065567 -0.7896185 -0.7935154 0.1631329 -0.1126807 0.5753468
1403636650.013556 7.3751640 10.3356810 -0.5702448 -0.7477884 0.2992746 -0.2246549 0.5484319
1403636650.363555 7.4942379 10.2698460 -0.5575647 -0.7299430 0.3441375 -0.2550096 0.5326564
1403636650.963556 7.6354079 10.0949183 -0.6046324 -0.6977091 0.4165164 -0.3046007 0.4969250
1403636651.463556 7.6773829 9.9337826 -0.5321074 -0.7042307 0.4128522 -0.2984442 0.4945131
1403636652.163555 7.6903172 9.6527615 -0.5582190 -0.6623426 0.4650007 -0.3309433 0.4853382
1403636652.463556 7.6639338 9.4703255 -0.6296434 -0.6256214 0.5394190 -0.3695087 0.4255448
1403636652.763556 7.6492257 9.2939777 -0.6640873 -0.6109706 0.5725140 -0.3788486 0.3942290
1403636653.763556 7.8244619 8.7928925 -0.5870361 -0.6071906 0.5363015 -0.3992826 0.4292713
1403636654.263556 7.8387446 8.5894308 -0.6280785 -0.5983406 0.5462969 -0.3999586 0.4284638
1403636654.613555 7.7944765 8.4340210 -0.6008654 0.5673863 -0.5860979 0.4233225 -0.3941576
1403636655.063555 7.7347198 8.2598104 -0.5753307 0.5387004 -0.6085133 0.4428833 -0.3786395
1403636655.363555 7.6815944 8.1571980 -0.6082478 0.5230616 -0.6110519 0.4528275 -0.3846677
1403636655.813555 7.5136361 8.0030155 -0.6513376 0.4926765 -0.6574286 0.4514573 -0.3482007
1403636656.013556 7.4353046 7.9230056 -0.7064447 0.4657937 -0.6795508 0.4599436 -0.3312083
1403636656.363555 7.2988634 7.7616558 -0.7304544 0.4488533 -0.6952825 0.4705871 -0.3060406
1403636656.663555 7.2041788 7.6080565 -0.6758471 0.4496547 -0.6903099 0.4768245 -0.3064660
1403636656.913555 7.1312866 7.4742556 -0.6618133 0.4466263 -0.6726140 0.4954157 -0.3204351
1403636657.163555 7.0369587 7.3481374 -0.6924210 0.4441014 -0.6692551 0.4944587 -0.3322381
1403636657.513556 6.8539257 7.1791725 -0.7133622 0.4483709 -0.6848586 0.4711686 -0.3285307
1403636657.713556 6.7433944 7.0690055 -0.7448521 0.4493905 -0.6876317 0.4677938 -0.3261592
1403636658.113555 6.5287433 6.8035989 -0.8141785 0.4428421 -0.6974763 0.4645042 -0.3188318
1403636658.313555 6.4269185 6.6422405 -0.8214326 0.4496770 -0.6927446 0.4744841 -0.3045662
1403636658.463556 6.3581109 6.5188498 -0.8345208 0.4526000 -0.6918107 0.4773684 -0.2977763
1403636658.563555 6.3155642 6.4373884 -0.8449254 0.4562158 -0.6892991 0.4812534 -0.2917689
1403636658.713556 6.2580509 6.3233366 -0.8692279 0.4587204 -0.6856592 0.4866611 -0.2874163
1403636658.913555 6.1984158 6.1851006 -0.9069486 0.4571710 -0.6781967 0.4980612 -0.2880610
1403636659.163555 6.1372747 6.0410213 -0.9691639 0.4457350 -0.6765419 0.5011276 -0.3041094
1403636659.313555 6.0894976 5.9690466 -1.0130401 0.4456058 -0.6773521 0.4995447 -0.3050981
1403636659.413555 6.0573144 5.9258747 -1.0338740 0.4491006 -0.6812659 0.4938206 -0.3005441
1403636659.613555 5.9976044 5.8456678 -1.0595884 0.4514687 -0.6837187 0.4908138 -0.2963218
1403636659.863555 5.9314413 5.7599726 -1.1085544 0.4470756 -0.6820464 0.4967054 -0.2970185
1403636659.963556 5.9059048 5.7324977 -1.1408830 0.4481114 -0.6853321 0.4936826 -0.2929056
1403636660.063555 5.8823929 5.7078552 -1.1768136 0.4499952 -0.6903300 0.4877404 -0.2881981
1403636660.363555 5.8268943 5.6451101 -1.2945023 0.4568719 -0.7010733 0.4734771 -0.2749249
1403636660.463556 5.8226156 5.6260562 -1.3286686 0.4594496 -0.7059277 0.4664159 -0.2702374
1403636660.913555 5.8784132 5.5606375 -1.4788265 0.4557979 -0.6736121 0.5105177 -0.2790464
1403636661.013556 5.8970609 5.5617366 -1.5196490 0.4528829 -0.6741003 0.5098447 -0.2838034
1403636661.163555 5.9252362 5.5751047 -1.5860033 0.4468973 -0.6770470 0.5064015 -0.2923145
1403636661.413555 5.9665899 5.6178021 -1.6809812 0.4430994 -0.6778482 0.5052555 -0.2981638
1403636661.963556 6.0085354 5.7746029 -1.7339587 0.4334077 -0.6831367 0.4948530 -0.3171789
1403636662.463556 5.9569507 5.9242668 -1.6971588 0.4493471 -0.6831386 0.4964391 -0.2914741
1403636662.913555 5.9079471 6.0804462 -1.7537994 0.4324899 -0.7030249 0.4725252 -0.3089148
1403636663.213556 5.8852963 6.1320782 -1.8078070 0.4319021 -0.7150086 0.4569216 -0.3056895
1403636663.413555 5.8759089 6.1336794 -1.8418927 0.4528181 -0.7060317 0.4696806 -0.2754546
1403636663.863555 5.9864793 6.1233740 -1.9665871 0.4728900 -0.6939711 0.4819149 -0.2500747
1403636664.263556 6.2308626 6.2026987 -2.0086303 0.4642583 -0.6723465 0.5042615 -0.2795261
1403636664.363555 6.3026385 6.2418566 -2.0249543 0.4607047 -0.6706048 0.5041192 -0.2896625
1403636664.463556 6.3728995 6.2867374 -2.0484228 0.4598905 -0.6689181 0.5033256 -0.2961636
1403636664.663555 6.5068374 6.3908863 -2.1105638 0.4573039 -0.6678224 0.4971348 -0.3126393
1403636664.863555 6.6198668 6.5066280 -2.1518316 0.4657867 -0.6655584 0.4927174 -0.3119363
1403636664.963556 6.6735182 6.5670424 -2.1599369 0.4679126 -0.6665219 0.4887025 -0.3130113
1403636665.963556 7.2338762 7.1733084 -2.0311747 0.4587479 -0.6713812 0.4842719 -0.3229218
1403636666.113555 7.3073201 7.2673979 -2.0222454 0.4543271 -0.6743313 0.4813508 -0.3273616
1403636666.263556 7.3773465 7.3554220 -2.0221958 0.4568978 -0.6700649 0.4872420 -0.3238097
1403636667.413555 7.7451630 7.9145246 -2.0155287 0.4717205 -0.6615859 0.4876100 -0.3194062
1403636668.063555 7.9549894 8.1532097 -2.0478325 0.4693140 -0.6788062 0.4650033 -0.3205285
1403636668.413555 8.1025066 8.2458677 -2.1122074 0.4710721 -0.6782413 0.4743714 -0.3050438
1403636668.813555 8.2936907 8.3639507 -2.2137623 0.4701434 -0.6716329 0.4915853 -0.2936297
1403636669.163555 8.4743977 8.5241871 -2.2338610 0.4584519 -0.6673416 0.4995114 -0.3081644
1403636669.363555 8.5659990 8.6411800 -2.2450485 0.4558435 -0.6689543 0.4989897 -0.3093806
1403636669.513556 8.6264286 8.7354517 -2.2666168 0.4531350 -0.6660621 0.5027404 -0.3134998
1403636669.813555 8.7211943 8.9437695 -2.3031101 0.4424390 -0.6571895 0.5114421 -0.3328313
1403636670.063555 8.7383432 9.1266499 -2.2900314 0.4266599 -0.6827643 0.4713605 -0.3600189
1403636670.313555 8.7033405 9.2576504 -2.2540064 0.4162456 -0.6812346 0.4568373 -0.3923759
1403636670.563555 8.6026297 9.3092003 -2.2348013 0.4318207 -0.6741588 0.4314930 -0.4157580
1403636672.063555 7.1831274 7.6099081 -1.8061714 -0.6953337 0.5109432 -0.3244352 0.3875436
1403636672.713556 7.0735221 7.0642395 -1.6174850 -0.6585996 0.4838503 -0.3758934 0.4368520
1403636674.163555 7.2805195 7.1244431 -1.7314367 -0.7012367 0.4293940 -0.3288310 0.4644976
1403636675.163555 7.5635433 7.6210656 -2.0175381 -0.7332733 0.4183111 -0.2668317 0.4648947
1403636676.563555 8.2664204 8.6402426 -2.2406263 -0.7952107 0.2176467 -0.1934250 0.5318426
1403636676.863555 8.3365498 8.9151125 -2.2416868 -0.7957810 0.2039482 -0.1455758 0.5513124
1403636678.313555 8.5010471 9.9183741 -2.3065205 -0.8154930 0.0361700 -0.0336254 0.5766560
1403636679.413555 8.4818974 10.2885180 -2.2686691 -0.7902888 -0.1696106 0.1121165 0.5780188
1403636679.663555 8.4349642 10.3259830 -2.2536192 -0.7833290 -0.2095300 0.1451930 0.5669320
1403636679.913555 8.4109383 10.3468409 -2.1880264 -0.7717895 -0.2295653 0.1492945 0.5738919
1403636680.263556 8.3770218 10.3310051 -2.0553260 -0.7619779 -0.2449714 0.1239956 0.5865183
1403636680.563555 8.3097086 10.2370825 -1.9959521 -0.7686827 -0.2501351 0.1010718 0.5799516
1403636680.913555 8.1478262 10.0461836 -1.9664745 -0.7865169 -0.2164221 0.1388487 0.5614923
1403636681.113555 8.0448980 9.9304590 -1.9816384 -0.8044540 -0.2147103 0.1396830 0.5359496
1403636681.763556 7.6887903 9.6311970 -1.9963508 -0.7787769 -0.2245675 0.1373959 0.5693842
1403636681.963556 7.5760770 9.5246229 -1.9859681 -0.7776600 -0.2261253 0.1409663 0.5694214
1403636682.113555 7.4881134 9.4398174 -1.9612813 -0.7778836 -0.2259758 0.1449318 0.5681787
1403636682.763556 7.1260138 9.0714741 -1.9318447 -0.7790688 -0.2207027 0.1430038 0.5691152
1403636683.463556 6.7456565 8.6161203 -1.9163394 -0.7791047 -0.2208264 0.1445820 0.5686192
1403636684.113555 6.4167805 8.1540995 -1.9505539 -0.7833149 -0.2268098 0.1518223 0.5585024
1403636685.113555 6.0429196 7.4868021 -1.9316783 -0.7751142 -0.2353402 0.1511996 0.5665260
1403636685.713556 5.8783860 7.0355864 -1.9098163 -0.7818022 -0.2286822 0.1418973 0.5624544
1403636688.163555 5.1750250 5.5575953 -2.1170900 -0.7776293 -0.2314703 0.1507607 0.5647880
1403636689.063555 4.9904566 5.0733352 -2.3447340 -0.7797047 -0.2484329 0.1583631 0.5525058
1403636689.213556 4.9404855 4.9909406 -2.3473458 -0.7813792 -0.2533864 0.1675765 0.5451238
1403636689.413555 4.8735552 4.8923306 -2.3225596 -0.7811981 -0.2603937 0.1731832 0.5403076
1403636689.613555 4.8040667 4.8082056 -2.2683802 -0.7831345 -0.2624354 0.1770522 0.5352389
1403636689.813555 4.7317891 4.7426696 -2.2160399 -0.7937542 -0.2551917 0.1862750 0.5197432
1403636689.963556 4.6765614 4.7178421 -2.1897023 -0.7936575 -0.2443410 0.1976697 0.5208952
1403636690.113555 4.6293936 4.7091656 -2.1740837 -0.7931688 -0.2464746 0.1911678 0.5230566
1403636690.463556 4.5253677 4.7506809 -2.1163135 -0.7907067 -0.2546096 0.1742653 0.5287614
1403636690.563555 4.4932871 4.7732744 -2.0986199 -0.7901714 -0.2494891 0.1809570 0.5297536
1403636690.713556 4.4468565 4.8168707 -2.0822711 -0.7908525 -0.2361367 0.1989495 0.5284041
1403636690.863555 4.4115343 4.8736806 -2.0959263 -0.7857760 -0.2199434 0.2209898 0.5341766
1403636691.013556 4.3982434 4.9466605 -2.1234307 -0.7719606 -0.2094610 0.2356939 0.5519523
1403636691.163555 4.4203882 5.0278301 -2.1356585 -0.7579352 -0.2100570 0.2372302 0.5702035
1403636691.313555 4.4831672 5.1053047 -2.1294270 -0.7475870 -0.2293016 0.2135003 0.5856211
1403636691.463556 4.5732107 5.1645484 -2.1075549 -0.7556024 -0.2459912 0.1970605 0.5742129
1403636691.713556 4.7467723 5.2499800 -2.0320067 -0.7665557 -0.2625747 0.1835355 0.5565622
1403636691.863555 4.8527565 5.2946706 -1.9836040 -0.7678529 -0.2673285 0.1787793 0.5540536
1403636692.013556 4.9555087 5.3308196 -1.9452009 -0.7637549 -0.2611557 0.1871704 0.5598602
1403636692.513556 5.3088536 5.4355507 -1.8000081 -0.7669798 -0.2671124 0.1723303 0.5574004
1403636692.763556 5.4783745 5.4654608 -1.6719267 -0.7698913 -0.2699639 0.1624319 0.5549800
1403636693.263556 5.7111855 5.4820280 -1.4709129 -0.7766832 -0.2720745 0.1600567 0.5450878
1403636693.563555 5.7821217 5.4908891 -1.4219286 -0.7947700 -0.2690326 0.1684231 0.5172968
1403636694.063555 5.8142982 5.6128006 -1.3914235 -0.7701873 -0.2635622 0.1813175 0.5517886
1403636694.513556 5.8204451 5.7356443 -1.3595746 -0.7715540 -0.2663644 0.1800845 0.5489299
1403636695.013556 5.8257103 5.8611555 -1.3798265 -0.7751120 -0.2522129 0.1931238 0.5461624
1403636695.913555 5.8835459 6.0900273 -1.3594239 -0.7733327 -0.2560104 0.1663790 0.5556376
1403636696.413555 5.8848567 6.1764297 -1.4362803 -0.7695421 -0.2530190 0.1636414 0.5630345
1403636696.913555 5.8849697 6.1970892 -1.4627986 -0.7710730 -0.2482021 0.1665684 0.5622250
1403636698.513556 5.5319314 5.7723064 -1.3624110 -0.8083541 -0.1326210 0.0730994 0.5688866
1403636700.713556 5.1819038 5.3594451 -1.7573118 -0.7794843 0.2335091 -0.1573284 0.5595762
1403636701.013556 5.2466998 5.2884178 -1.8460832 -0.7814517 0.2483642 -0.1707091 0.5463578
1403636701.513556 5.3674984 5.1965909 -1.8287034 -0.7886586 0.2390080 -0.1672200 0.5412304
1403636702.513556 5.6823120 5.1011000 -1.9371624 -0.7583293 0.3244142 -0.2303662 0.5163559
1403636704.663555 6.5210595 5.2484837 -2.3172617 -0.7688092 0.3188796 -0.2243336 0.5068755
1403636705.113555 6.7579784 5.3756704 -2.3882198 -0.7805273 0.3147414 -0.2211648 0.4927486
1403636705.313555 6.8874817 5.4784713 -2.4304209 -0.7654822 0.3059214 -0.2320346 0.5163419
1403636705.513556 7.0104408 5.5942392 -2.4458418 -0.7676250 0.3085014 -0.2291075 0.5129214
1403636706.063555 7.3394814 5.9696913 -2.5156994 -0.7519689 0.3211287 -0.2096742 0.5361493
1403636706.263556 7.4624343 6.0945516 -2.5219555 -0.7520087 0.3134969 -0.2168192 0.5377658
1403636706.513556 7.6154289 6.2390661 -2.5727510 -0.7627223 0.2998821 -0.2313465 0.5242179
1403636706.863555 7.8192844 6.4683509 -2.5989990 -0.7703890 0.3039078 -0.2300390 0.5110996
1403636707.313555 8.0706158 6.8073144 -2.5592966 -0.7633732 0.3110901 -0.2402111 0.5126235
1403636707.763556 8.2980900 7.1958394 -2.4353867 -0.7620745 0.3271310 -0.2244173 0.5117271
1403636708.213556 8.5522270 7.6066303 -2.4786873 -0.7577302 0.3143688 -0.2270933 0.5248294
1403636708.863555 8.9524879 8.1121416 -2.6102657 -0.7495494 0.3063766 -0.2411010 0.5349573
1403636709.313555 9.1644249 8.3889446 -2.6332684 -0.7478097 0.3128982 -0.2546632 0.5272779
1403636709.813555 9.2728844 8.7100296 -2.6625185 -0.7555328 0.3118376 -0.2525378 0.5178342
1403636710.213556 9.2969131 9.0062609 -2.6802654 -0.7557428 0.3050193 -0.2490379 0.5232553
1403636711.063555 9.2377119 9.5914488 -2.8871431 -0.7813194 0.2218865 -0.1828062 0.5539751
1403636711.563555 9.1521320 9.8548603 -2.8870745 -0.7682351 0.2042164 -0.1773314 0.5802277
1403636712.063555 8.9377728 10.0151119 -2.8234453 -0.7735762 0.2283651 -0.1597846 0.5691206
1403636712.563555 8.6793728 10.0552664 -2.6662798 -0.7819902 0.1754401 -0.1567337 0.5771886
1403636713.063555 8.3667326 9.9886608 -2.5432186 -0.7855287 0.1580672 -0.1356989 0.5827051
1403636714.463556 7.5137272 9.3553553 -2.1871710 -0.7975008 0.1852061 -0.1246979 0.5604833
1403636714.863555 7.3564730 9.1339874 -2.1687889 -0.8178136 0.1304123 -0.0938376 0.5526012
1403636715.863555 7.1319127 8.8537474 -2.0551891 -0.8016622 0.0626508 -0.0483194 0.5925183
1403636716.363555 7.0830126 8.6822081 -2.0072994 -0.8097361 0.0762219 -0.0548293 0.5792335
1403636716.863555 7.0414023 8.4463968 -2.0471020 -0.8108773 0.0518954 -0.0432436 0.5813046
1403636717.213556 7.0053654 8.2659073 -2.0455484 -0.8140069 -0.0119664 -0.0038581 0.5807192
1403636717.713556 6.9359369 8.0131464 -2.0340252 -0.8122035 -0.0426865 -0.0002866 0.5818104
1403636718.213556 6.7510004 7.7393599 -2.0444050 -0.8098716 -0.0929001 0.0393265 0.5778677
1403636718.513556 6.6015658 7.5631752 -2.0637746 -0.8079596 -0.1219066 0.0802573 0.5708756
1403636718.863555 6.4386516 7.3729477 -2.1414394 -0.8049525 -0.1462205 0.1088361 0.5646467
1403636719.163555 6.3250866 7.2368898 -2.1755595 -0.7962545 -0.1610497 0.1006638 0.5743766
1403636719.513556 6.1975288 7.0753956 -2.2080503 -0.7898257 -0.1515521 0.1066369 0.5846674
1403636719.763556 6.1227670 6.9417338 -2.2552814 -0.7991585 -0.1466337 0.1030707 0.5737776
1403636720.013556 6.0621457 6.8103614 -2.2586355 -0.8034351 -0.1401270 0.0991045 0.5701182
1403636720.513556 5.9663863 6.5794401 -2.3250060 -0.8050337 -0.1388800 0.1020095 0.5676506
1403636721.013556 5.9267960 6.3941751 -2.3189344 -0.8073648 -0.1172091 0.0875258 0.5716323
1403636722.013556 5.9704170 6.0752902 -2.3561463 -0.8114277 -0.0479520 0.0200418 0.5821376
1403636722.513556 5.9833255 5.8963342 -2.3572259 -0.8124290 -0.0456211 0.0218714 0.5808610
1403636723.363555 5.8624039 5.8386722 -2.4585466 -0.8124622 -0.0324625 0.0028320 0.5821026
1403636725.863555 5.7168031 4.7913570 -2.0326457 -0.8136308 0.0879938 -0.0685687 0.5705789
1403636727.363555 5.6969271 4.4768243 -1.7893128 -0.8106830 0.0590599 -0.0675267 0.5785716
1403636727.863555 5.6592331 4.3403745 -1.6460495 -0.8101565 0.0585187 -0.0681446 0.5792914
1403636728.363555 5.5467396 4.1837449 -1.5045433 -0.8085504 0.0638901 -0.0633281 0.5815101
1403636728.663555 5.4639678 4.0764260 -1.4844866 -0.8091610 0.0715617 -0.0426950 0.5816481
1403636729.163555 5.3383026 3.8732452 -1.4309931 -0.8078613 0.0105572 -0.0288663 0.5885706
1403636729.663555 5.1871495 3.6390686 -1.4293697 -0.8106312 0.0057801 -0.0191367 0.5852157
1403636730.013556 5.0759954 3.4589758 -1.3881798 -0.8176291 0.0088080 -0.0179089 0.5753994
1403636730.413555 4.9463592 3.2607040 -1.4027247 -0.8201810 0.0083985 -0.0148064 0.5718509
1403636730.763556 4.8344212 3.1147275 -1.3928254 -0.8304650 0.0076793 -0.0133948 0.5568569
1403636731.113555 4.7350230 3.0396206 -1.3242967 -0.8229617 0.0252408 0.0083565 0.5674743
1403636731.613555 4.6761026 2.9866135 -1.3269656 -0.8151921 0.0204636 -0.0030167 0.5788213
1403636732.113555 4.6781769 2.9208479 -1.4349778 -0.8133023 0.0130987 -0.0097988 0.5816115
1403636735.063555 4.0082302 1.6799568 -1.2199373 -0.8218484 -0.0051144 -0.0056882 0.5696549
1403636737.513556 3.3315835 1.1430383 -0.9837172 -0.8183757 -0.0535143 0.0291191 0.5714451
1403636738.513556 3.1172762 1.0372555 -0.7642972 -0.8214664 -0.0383936 0.0300106 0.5681710
1403636739.363555 3.2003031 1.0832067 -0.8823705 -0.8066614 0.1303065 -0.0910450 0.5692350
1403636739.763556 3.2959089 1.0794320 -0.9351919 -0.7931983 0.1951777 -0.1374034 0.5602342
1403636740.763556 3.4945307 1.0781506 -1.2038499 -0.7949043 0.1885729 -0.1332677 0.5610769
1403636741.213556 3.5569942 1.0465972 -1.3645459 -0.7878215 0.1826817 -0.1553275 0.5673079
1403636742.013556 3.6258228 0.9722319 -1.6628513 -0.7956364 0.1969300 -0.1589879 0.5503674
1403636743.013556 3.7261364 1.0673969 -1.8438540 -0.7896045 0.1917754 -0.1370073 0.5665475
1403636743.313555 3.7663164 1.0939701 -1.9525805 -0.8118306 0.2126325 -0.1363360 0.5264323
1403636743.713556 3.8653176 1.2020624 -2.0218725 -0.7986299 0.2110520 -0.1486238 0.5436528
1403636745.213556 4.2745776 1.6033237 -2.8766327 -0.7861819 0.2370871 -0.1655506 0.5461692
1403636745.513556 4.3554215 1.6508353 -2.9721315 -0.7800572 0.2233812 -0.1675416 0.5599477
1403636745.913555 4.4451432 1.6952491 -2.9979734 -0.7748337 0.2343892 -0.1863844 0.5567363
1403636746.413555 4.4506416 1.7396224 -2.8809962 -0.7583485 0.2411835 -0.2110940 0.5676069
1403636746.913555 4.3223386 1.7648261 -2.8557682 -0.7895539 0.2638139 -0.1562448 0.5315962
1403636747.413555 4.2847738 1.8524020 -2.7683783 -0.7794254 0.2425712 -0.1856782 0.5469726
1403636747.913555 4.2327304 1.9865236 -2.6414287 -0.7764754 0.2593036 -0.1830820 0.5443608
1403636748.363555 4.2078834 2.1184256 -2.5145028 -0.7740314 0.2670667 -0.1844515 0.5436253
1403636748.913555 4.2126937 2.2545707 -2.3691564 -0.7669165 0.2770451 -0.1769669 0.5511515
1403636749.213556 4.2323871 2.2997000 -2.3105316 -0.7619795 0.2888595 -0.1746407 0.5526736
1403636749.563555 4.2830935 2.3097198 -2.2094419 -0.7673791 0.2701395 -0.2067606 0.5435109
1403636750.063555 4.3089051 2.3205502 -2.1055520 -0.7575563 0.2599065 -0.2035626 0.5631335
1403636750.563555 4.2457786 2.2689142 -2.0013320 -0.7724612 0.2506681 -0.1898641 0.5517434
1403636750.813555 4.2042623 2.2398710 -1.8909457 -0.7758706 0.2440915 -0.1875000 0.5507159
1403636751.313555 4.0878248 2.1791024 -1.6165750 -0.7864873 0.2475065 -0.1849970 0.5347470
1403636751.813555 3.9981804 2.1583118 -1.4077313 -0.7843179 0.2543826 -0.1533851 0.5446174
1403636752.213556 4.0100660 2.1556990 -1.2644279 -0.7893481 0.2312134 -0.1658741 0.5440181
1403636752.513556 4.0230622 2.1712389 -1.1370363 -0.7886698 0.1936911 -0.1440565 0.5654481
1403636753.013556 4.0205803 2.1644852 -0.9981971 -0.8111945 0.0910916 -0.0888385 0.5707659
1403636753.863555 3.8866329 2.1603165 -0.9873731 -0.8140305 -0.0130656 -0.0103631 0.5805826
1403636754.363555 3.7547541 2.1099470 -0.9510562 -0.8056318 -0.0062442 -0.0221329 0.5919701
1403636754.863555 3.5545588 1.9820086 -0.8956823 -0.8077409 -0.0511013 0.0097980 0.5872371
1403636755.363555 3.3063891 1.7835388 -0.9015998 -0.8148321 -0.0755679 0.0301648 0.5739585
1403636755.863555 3.0233746 1.5827566 -0.8499607 -0.8154629 -0.0702076 0.0283847 0.5738341
1403636756.713556 2.5017283 1.2498212 -0.8092265 -0.8070806 -0.0716301 0.0336497 0.5851135
1403636757.013556 2.3172698 1.1007454 -0.7795753 -0.8061458 -0.0735997 0.0362084 0.5860043
1403636757.313555 2.1375792 0.9378812 -0.7606626 -0.8069251 -0.0747980 0.0364570 0.5847632
1403636757.613555 1.9552864 0.7600403 -0.7655246 -0.8162310 -0.0870206 0.0355486 0.5700270
1403636757.863555 1.7900660 0.6233512 -0.7323633 -0.8287606 -0.1008415 0.0466685 0.5484605
1403636758.213556 1.5454674 0.4895163 -0.6328809 -0.8087883 -0.1033208 0.0622884 0.5755923
1403636758.713556 1.2269391 0.3226024 -0.6158054 -0.8319778 -0.0877848 0.0842354 0.5413051
1403636758.963556 1.1041970 0.2987460 -0.6309111 -0.8113422 -0.0941132 0.0721718 0.5724139
1403636759.213556 1.0041913 0.2737870 -0.6677917 -0.8086834 -0.0770431 0.0974048 0.5749851
1403636759.463556 0.9548717 0.2483714 -0.7362030 -0.8067481 -0.0850212 0.0885543 0.5780026
1403636759.713556 0.9462430 0.2284771 -0.8075945 -0.8048577 -0.1023519 0.0683948 0.5805606
1403636759.963556 0.9407315 0.2033087 -0.8262575 -0.8104298 -0.1039031 0.0673726 0.5725982
1403636760.213556 0.9349907 0.1766753 -0.8488932 -0.8186158 -0.1022041 0.0680033 0.5610687
1403636760.663555 0.9380853 0.1137173 -0.9049725 -0.8140202 -0.1077942 0.0607842 0.5675006
1403636761.063555 0.9179078 0.0540233 -0.9679871 -0.8146651 -0.1121680 0.0585054 0.5659651
1403636761.263556 0.8956941 0.0305424 -1.0091470 -0.8291342 -0.1123520 0.0602621 0.5443179
1403636761.513556 0.8587869 0.0230354 -1.0294006 -0.8159561 -0.1107483 0.0622265 0.5639843
1403636761.713556 0.8266189 0.0242102 -1.0302764 -0.8073282 -0.1012385 0.0726001 0.5768024
1403636761.913555 0.8014068 0.0256979 -1.0220451 -0.8081797 -0.0928723 0.0832402 0.5755792
1403636762.113555 0.7973313 0.0299661 -1.0081077 -0.8043686 -0.1123745 0.0532359 0.5809726
1403636762.313555 0.7864239 0.0228081 -0.9890504 -0.8161081 -0.1177092 0.0435712 0.5641043
1403636762.513556 0.7507420 0.0190343 -1.0062972 -0.8237155 -0.0996711 0.0679677 0.5540208
1403636762.713556 0.7118448 0.0303367 -1.0560944 -0.8128969 -0.0799010 0.0954953 0.5689422
1403636762.863555 0.7029749 0.0384194 -1.0887201 -0.7924395 -0.0831398 0.0914601 0.5972961
1403636763.063555 0.7307101 0.0103654 -1.1030278 -0.8114263 -0.0648794 0.0660160 0.5770788
1403636763.263556 0.7376063 -0.0012609 -1.1214143 -0.8086756 -0.0449848 0.0628397 0.5831564
1403636763.463556 0.7327718 -0.0160915 -1.1239765 -0.8077384 -0.0451313 0.0621358 0.5845179
1403636763.663555 0.7253131 -0.0329292 -1.1200140 -0.8076549 -0.0447671 0.0625935 0.5846124
