1403636579763555584.000000 0.951955259 0.044073969 -0.664713323 -0.578471243 -0.570885241 -0.389467806 0.433331311
1403636579863555328.000000 0.950834453 0.046456628 -0.701929808 -0.579564929 -0.570609510 -0.392884254 0.429128617
1403636581613555456.000000 0.943798065 0.052857395 -0.599295437 -0.577509761 -0.568342030 -0.414053708 0.414764285
1403636583963555584.000000 0.956968129 0.033269696 -0.933918655 -0.609962642 -0.589163542 -0.373933673 0.375507057
1403636584013555456.000000 0.955449462 0.030525183 -0.944745004 -0.608382165 -0.591808379 -0.372159213 0.375674903
1403636586563555584.000000 0.958123267 -0.026554110 -0.758163929 -0.674448252 -0.616928756 -0.283462971 0.290115833
1403636587063555584.000000 0.988007724 -0.015346406 -0.749343753 -0.660076857 -0.622711420 -0.287321597 0.306554139
1403636587913555456.000000 1.202575684 0.031890918 -0.750315249 -0.680780888 -0.600608945 -0.292738169 0.300184369
1403636588013555456.000000 1.236326098 0.033433396 -0.754349053 -0.687708795 -0.598680079 -0.291874170 0.288874269
1403636588163555328.000000 1.274849057 0.035155132 -0.762100697 -0.694321275 -0.597487569 -0.287270010 0.280004650
1403636588463555584.000000 1.296972990 0.035533488 -0.770828843 -0.692620635 -0.595430315 -0.287149757 0.288590431
1403636589463555584.000000 0.945458233 -0.009421948 -0.740930080 -0.666260779 -0.622582495 -0.275514871 0.304268360
1403636589863555328.000000 0.762787163 -0.027646916 -0.747302473 -0.655119777 -0.633832872 -0.267170399 0.312560469
1403636590063555584.000000 0.700517893 -0.034073405 -0.754351199 -0.648139477 -0.641347528 -0.256457478 0.320652723
1403636590163555328.000000 0.683232725 -0.035864085 -0.753514767 -0.643519938 -0.641571105 -0.257558972 0.328530103
1403636590663555328.000000 0.776587546 -0.044774368 -0.739977717 -0.647913277 -0.634930611 -0.276172221 0.317491025
1403636591463555584.000000 1.101494551 -0.012990007 -0.764025152 -0.670203805 -0.621487498 -0.270165354 0.302639782
1403636592363555328.000000 1.200848460 0.100037485 -0.789077103 -0.704430342 -0.560828507 -0.324292511 0.289971948
1403636593663555328.000000 0.787534237 0.005019473 -0.799092054 -0.606440365 -0.670038760 -0.218867257 0.367933750
1403636593763555584.000000 0.811403871 -0.038610451 -0.805429101 -0.626595438 -0.657034159 -0.223069713 0.354858011
1403636593863555328.000000 0.849453807 -0.076869532 -0.809668601 -0.650124490 -0.635145545 -0.238044858 0.342436820
1403636593963555584.000000 0.897294819 -0.106943861 -0.810318470 -0.672382355 -0.607589602 -0.261390865 0.332282484
1403636594063555584.000000 0.951263607 -0.126375377 -0.808666825 -0.692218304 -0.580603600 -0.285751432 0.319498748
1403636594163555328.000000 1.007622957 -0.131552935 -0.807970583 -0.711077213 -0.557142079 -0.301457584 0.305098891
1403636594313555456.000000 1.094008803 -0.108315781 -0.810255170 -0.728345096 -0.537221491 -0.316619307 0.284004897
1403636594663555328.000000 1.240396500 0.046644107 -0.814254463 -0.722184539 -0.525329709 -0.347648054 0.285690427
1403636594813555456.000000 1.225101948 0.114530832 -0.818031788 -0.709827542 -0.536546648 -0.344468564 0.299339235
1403636596113555456.000000 1.082452297 -0.080677569 -0.858280778 -0.668014288 -0.605853677 -0.304025531 0.307028800
1403636596363555328.000000 1.056683421 -0.169252694 -0.843005002 -0.683840752 -0.585854709 -0.310990632 0.304008067
1403636596613555456.000000 0.964090526 -0.256475717 -0.813787699 -0.673107922 -0.590842426 -0.320948064 0.307933986
1403636597113555456.000000 0.959364653 -0.149575114 -0.820485532 -0.665661275 -0.604137778 -0.321209818 0.297887415
1403636598263555584.000000 0.911919355 -0.000743944 -0.841221750 -0.578620434 -0.691468060 -0.262237608 0.343950450
1403636598363555328.000000 0.920531332 -0.023406012 -0.854872763 -0.583917201 -0.694110334 -0.260606319 0.330659986
1403636598513555456.000000 0.937648475 -0.019648910 -0.877228379 -0.585553169 -0.692611396 -0.266955167 0.325809628
1403636598713555456.000000 0.957409441 0.039716929 -0.904511333 -0.569092214 -0.688643813 -0.275684536 0.354826540
1403636598813555456.000000 0.964701831 0.074256785 -0.923143923 -0.557155192 -0.684438944 -0.280940682 0.377086043
1403636598963555584.000000 0.975206256 0.119241528 -0.957853675 -0.545884728 -0.673305750 -0.296108276 0.401234597
1403636599063555584.000000 0.979807913 0.141207203 -0.979581654 -0.539705038 -0.667469800 -0.303641319 0.413527012
1403636599213555456.000000 0.983548880 0.164689466 -0.999803007 -0.524897337 -0.652540982 -0.318437696 0.444151491
1403636601863555328.000000 0.995231152 0.200935468 -1.047913551 -0.520778894 -0.606005490 -0.357827812 0.483224571
1403636604363555328.000000 0.995222926 0.200813442 -1.047895789 -0.520734012 -0.606024861 -0.357968271 0.483144611
1403636606863555328.000000 0.995246053 0.200750902 -1.047953606 -0.520833850 -0.605938852 -0.357812017 0.483260691
1403636609363555328.000000 0.995215893 0.200828493 -1.047964454 -0.520689070 -0.606048703 -0.358032584 0.483115584
1403636611863555328.000000 0.995963931 0.200869232 -1.048171043 -0.520715833 -0.605788589 -0.358344913 0.483181417
1403636614363555328.000000 0.995855987 0.200860590 -1.048158288 -0.520697474 -0.605748236 -0.358205080 0.483355284
1403636616863555328.000000 0.995913446 0.200827226 -1.048147798 -0.521033466 -0.605630279 -0.357717693 0.483501911
1403636619363555328.000000 0.995771527 0.200921953 -1.048145533 -0.521270752 -0.605641782 -0.357257903 0.483571708
1403636621863555328.000000 0.996204674 0.201128036 -1.047907829 -0.521976352 -0.605673075 -0.356331617 0.483454913
1403636624763555584.000000 1.027805448 0.200836837 -1.042791367 -0.531361639 -0.613334894 -0.361437857 0.459170878
1403636624863555328.000000 1.042467833 0.182015046 -1.039495349 -0.527128518 -0.623128712 -0.366385996 0.446774602
1403636624963555584.000000 1.059432983 0.161898613 -1.032902598 -0.525239348 -0.635230660 -0.368410051 0.429976404
1403636625213555456.000000 1.084614873 0.131719857 -0.987315297 -0.531822145 -0.644002974 -0.356485814 0.418740183
1403636625313555456.000000 1.086453795 0.127790555 -0.965498328 -0.531078100 -0.638752103 -0.356900901 0.427286476
1403636625363555328.000000 1.086293459 0.126173913 -0.955761969 -0.530665398 -0.637615919 -0.356545120 0.429785669
1403636625463555584.000000 1.088526487 0.124832384 -0.954423964 -0.531211495 -0.639907241 -0.353809357 0.427962780
1403636627963555584.000000 1.203807831 0.167987376 -0.666644573 -0.555896878 -0.625208139 -0.361167848 0.411887527
1403636628563555584.000000 1.275262594 0.238702729 -0.565142334 -0.560387790 -0.592443764 -0.377602190 0.438625813
1403636629013555456.000000 1.386336327 0.282442749 -0.552726269 -0.573849559 -0.597049117 -0.382104307 0.410152853
1403636629913555456.000000 1.694983482 0.465761423 -0.612574577 -0.651581049 -0.521461427 -0.420642704 0.355780840
1403636630013555456.000000 1.740692973 0.498626947 -0.637783766 -0.659937441 -0.511441112 -0.427445620 0.346699893
1403636630113555456.000000 1.786489964 0.536244392 -0.655007124 -0.662238657 -0.501897216 -0.436798036 0.344596416
1403636630863555328.000000 2.121361256 0.834339917 -0.572631717 -0.656038344 -0.498806953 -0.451205909 0.342371941
1403636633163555328.000000 2.763144732 1.853633404 -0.735814750 -0.591665328 -0.572441697 -0.410692096 0.391885936
1403636634413555456.000000 3.045095682 2.665816784 -0.808719277 -0.593570650 -0.569189012 -0.403653324 0.400951058
1403636635063555584.000000 3.228701115 3.140436649 -0.809431911 -0.568645477 -0.594472051 -0.394678414 0.409236103
1403636635563555584.000000 3.330554485 3.504766703 -0.810079098 -0.573501825 -0.597144783 -0.376283914 0.415841460
1403636635713555456.000000 3.362835646 3.622093678 -0.797029793 -0.574087381 -0.593899488 -0.377400547 0.418659717
1403636635863555328.000000 3.399097919 3.747344732 -0.765274048 -0.575538039 -0.584508061 -0.377618641 0.429546714
1403636636013555456.000000 3.445267200 3.871837854 -0.723413706 -0.581239164 -0.586701274 -0.371159226 0.424480438
1403636636163555328.000000 3.499869108 3.997813225 -0.681624472 -0.577749491 -0.595116615 -0.376943707 0.412256330
1403636636413555456.000000 3.591402769 4.207516193 -0.586097181 -0.558905542 -0.587723017 -0.403246522 0.423790544
1403636636763555584.000000 3.706634760 4.467877865 -0.513256490 -0.544122756 -0.593830407 -0.423445106 0.414716929
1403636637113555456.000000 3.758074522 4.651410580 -0.534245372 -0.555035770 -0.595001578 -0.403145999 0.418786079
1403636637363555328.000000 3.772735596 4.753809452 -0.567981184 -0.562215567 -0.600001335 -0.390419632 0.414107054
1403636637563555584.000000 3.778812647 4.845893860 -0.563314497 -0.562931657 -0.602908432 -0.385680079 0.413352489
1403636638213555456.000000 3.782445192 5.163486481 -0.457052231 -0.554161966 -0.598509669 -0.391691864 0.425756127
1403636638363555328.000000 3.781706810 5.237294674 -0.481390059 -0.558944523 -0.599197567 -0.384034544 0.425512373
1403636638563555584.000000 3.785216093 5.332081318 -0.529286265 -0.578913808 -0.606155992 -0.354617476 0.414343148
1403636638763555584.000000 3.803672791 5.445152760 -0.537050486 -0.569965005 -0.609704256 -0.366919160 0.410817504
1403636639063555584.000000 3.839221954 5.648156166 -0.502455115 -0.568476737 -0.596731126 -0.367685258 0.430759609
1403636639263555584.000000 3.875693083 5.796775818 -0.510505199 -0.574979782 -0.591198504 -0.358105272 0.437770754
1403636639463555584.000000 3.935307980 5.949850559 -0.559342980 -0.565225184 -0.601976752 -0.372464001 0.423574090
1403636639613555456.000000 3.987684488 6.066193581 -0.605705202 -0.554179251 -0.608433485 -0.387547404 0.415332586
1403636640813555456.000000 4.284499168 6.802935600 -0.684549391 -0.524992824 -0.624001861 -0.374263674 0.441509932
1403636641263555584.000000 4.358231068 7.000277996 -0.690956712 -0.525740683 -0.623161197 -0.374879688 0.441284686
1403636642713555456.000000 4.575019836 7.368559837 -0.730093420 -0.569734633 -0.590456128 -0.393892586 0.414261609
1403636643913555456.000000 4.763785362 7.626682281 -0.685446322 -0.580265105 -0.603780627 -0.373614997 0.398940146
1403636644263555584.000000 4.829874992 7.799241066 -0.675741374 -0.579016209 -0.597434461 -0.375891864 0.408065706
1403636644463555584.000000 4.869771481 7.920475483 -0.698625505 -0.577380240 -0.577663362 -0.379761636 0.434417188
1403636644913555456.000000 5.034009457 8.169401169 -0.849555314 -0.564642549 -0.585578561 -0.401239157 0.421050817
1403636645563555584.000000 5.283329010 8.556501389 -0.985839188 -0.583907306 -0.597846031 -0.379844636 0.396674275
1403636646263555584.000000 5.538925171 9.216336250 -0.962683856 -0.608702540 -0.547653556 -0.406197071 0.405660987
1403636646413555456.000000 5.609479904 9.360054970 -0.946303666 -0.628598869 -0.514599442 -0.427445561 0.396662414
1403636646563555584.000000 5.686876297 9.491113663 -0.939369738 -0.636434317 -0.492591321 -0.454493284 0.381760508
1403636647063555584.000000 5.943043709 9.840591431 -0.818482280 -0.657067835 -0.477885157 -0.464330226 0.352540910
1403636647363555328.000000 6.083233833 10.005817413 -0.781969130 -0.659360945 -0.480750293 -0.458357573 0.352179915
1403636647613555456.000000 6.198523998 10.124043465 -0.785842180 -0.652491391 -0.473495007 -0.461920828 0.369711637
1403636647963555584.000000 6.384832859 10.247330666 -0.762108445 -0.661653996 -0.466824681 -0.467899770 0.354060173
1403636648113555456.000000 6.466847420 10.280051231 -0.768012583 -0.676449955 -0.447561115 -0.476939827 0.338574976
1403636650013555456.000000 7.420935154 10.289433479 -0.547576487 -0.740799427 -0.319078475 -0.539340973 0.241902113
1403636650363555328.000000 7.534355164 10.218561172 -0.535022438 -0.760011077 -0.274667799 -0.550425231 0.209697187
1403636650963555584.000000 7.664906025 10.037018776 -0.581714690 -0.788639009 -0.200499147 -0.561570764 0.149956465
1403636651463555584.000000 7.708006859 9.876500130 -0.509117961 -0.790666938 -0.207612932 -0.555396199 0.152570605
1403636652163555328.000000 7.711983681 9.590930939 -0.536883652 -0.797837257 -0.141226470 -0.572948575 0.123453625
1403636652463555584.000000 7.673431873 9.405871391 -0.607213736 -0.824769676 -0.062118478 -0.559417665 0.054297727
1403636652763555584.000000 7.653905869 9.229176521 -0.641139507 -0.837897718 -0.028006788 -0.544503391 0.025671702
1403636653763555584.000000 7.830142975 8.728470802 -0.563261807 -0.809737563 -0.051673844 -0.583410144 0.035883322
1403636654263555584.000000 7.842984200 8.524572372 -0.605208814 -0.810461402 -0.038340297 -0.583495080 0.034870531
1403636654613555456.000000 7.790784836 8.369317055 -0.577467382 0.816852689 -0.011912466 0.576694429 0.005782133
1403636655063555584.000000 7.725129604 8.195664406 -0.552071273 0.812474728 -0.048021521 0.580211699 0.030548327
1403636655363555328.000000 7.669783115 8.093114853 -0.585853219 0.803174675 -0.060664378 0.591709137 0.033326671
1403636655813555456.000000 7.495524883 7.940062523 -0.629970908 0.814342976 -0.115414865 0.565818667 0.058087900
1403636656013555456.000000 7.412416458 7.861433029 -0.685645700 0.810938656 -0.150150672 0.560391724 0.076121807
1403636656363555328.000000 7.272268295 7.702025414 -0.708440959 0.810217440 -0.173426539 0.550610781 0.101483248
1403636656663555328.000000 7.177523136 7.548668861 -0.653258204 0.807360828 -0.169269592 0.555305481 0.105603412
1403636656913555456.000000 7.104308605 7.415141582 -0.638891697 0.792873263 -0.158500060 0.578246176 0.108908735
1403636657163555328.000000 7.010248184 7.288477421 -0.670628726 0.788616657 -0.157762796 0.585847974 0.099884667
1403636657513555456.000000 6.828285217 7.118562222 -0.692951262 0.802391589 -0.166099459 0.566732168 0.085984789
1403636657713555456.000000 6.717871189 7.008333206 -0.724478602 0.805046737 -0.167410120 0.562674761 0.085268758
1403636658113555456.000000 6.502124310 6.743284225 -0.794148386 0.807312667 -0.179120138 0.555334210 0.088126756
1403636658313555456.000000 6.400253296 6.582834244 -0.798904836 0.809075415 -0.171026200 0.552323639 0.105288528
1403636658463555584.000000 6.331457138 6.459825993 -0.810996473 0.810584724 -0.168358818 0.549575508 0.112136394
1403636658563555584.000000 6.289027214 6.378754616 -0.820317566 0.811484814 -0.164065480 0.548069775 0.119140208
1403636658713555456.000000 6.231514931 6.265129566 -0.843626559 0.810804904 -0.159719303 0.548812866 0.126054376
1403636658913555456.000000 6.171364307 6.127482414 -0.880566239 0.804579079 -0.155396357 0.557344258 0.133685440
1403636659163555328.000000 6.109297276 5.983004093 -0.944691241 0.795180559 -0.162050769 0.570897818 0.124511585
1403636659313555456.000000 6.061592102 5.910904408 -0.988782525 0.795632720 -0.162720338 0.570471764 0.122688919
1403636659413555456.000000 6.029837132 5.867594242 -1.009460211 0.800843596 -0.163147569 0.563192129 0.121847898
1403636659613555456.000000 5.970350266 5.787391663 -1.034914851 0.804252803 -0.163300455 0.558081448 0.122701377
1403636659863555328.000000 5.903476715 5.702057838 -1.083824754 0.800006449 -0.165139332 0.562800229 0.126390994
1403636659963555584.000000 5.877999306 5.674612999 -1.116017103 0.803049982 -0.166819438 0.557775199 0.127156913
1403636660063555584.000000 5.854722023 5.649862766 -1.151936769 0.807873011 -0.169152647 0.550257862 0.126273111
1403636660363555328.000000 5.800043106 5.586893559 -1.269252896 0.820263028 -0.172228634 0.530794144 0.125552446
1403636660463555584.000000 5.796142101 5.567654610 -1.303448677 0.825467706 -0.173981160 0.522485435 0.123865396
1403636660913555456.000000 5.850486755 5.504184723 -1.450882077 0.800584018 -0.153092936 0.559870124 0.148906738
1403636661013555456.000000 5.868948460 5.505056381 -1.492359519 0.798806548 -0.155441582 0.562763393 0.145063341
1403636661163555328.000000 5.896778107 5.517929077 -1.560143113 0.796509147 -0.161678016 0.566369057 0.136599764
1403636661413555456.000000 5.937912464 5.560356140 -1.655976892 0.794309080 -0.164861351 0.569703579 0.131649986
1403636661963555584.000000 5.979754925 5.715951443 -1.712064385 0.790861130 -0.175310075 0.575780332 0.110824682
1403636662463555584.000000 5.929067612 5.866563797 -1.671849370 0.802430868 -0.164383575 0.558704257 0.130124405
1403636662913555456.000000 5.879327774 6.021228313 -1.733260274 0.803993225 -0.190379456 0.554239750 0.100840904
1403636663213555456.000000 5.856900692 6.072375298 -1.788392425 0.811845124 -0.199481979 0.540960431 0.092067108
1403636663413555456.000000 5.848653793 6.075352192 -1.817341685 0.820811093 -0.178629026 0.528542340 0.122490212
1403636663863555328.000000 5.960717678 6.066499233 -1.937444329 0.826968789 -0.156124920 0.519142866 0.149125665
1403636664263555584.000000 6.204238415 6.145715237 -1.980493307 0.805652976 -0.146297485 0.555651903 0.144122809
1403636664363555328.000000 6.275924206 6.184411049 -1.997861505 0.801819801 -0.147445291 0.562687695 0.136848375
1403636664463555584.000000 6.346354008 6.228936672 -2.021926403 0.799997807 -0.146753132 0.566680074 0.131684780
1403636664663555328.000000 6.480829716 6.332008362 -2.085974932 0.797194541 -0.147662535 0.573850989 0.115636110
1403636664863555328.000000 6.595069885 6.447413921 -2.126802206 0.801607072 -0.140138492 0.570104718 0.112995349
1403636664963555584.000000 6.649172306 6.507544518 -2.135138988 0.803747118 -0.139352545 0.567984343 0.109385617
1403636665963555584.000000 7.208915710 7.113304615 -2.008279800 0.800506115 -0.149175286 0.571916819 0.099236749
1403636666113555456.000000 7.282084942 7.207148552 -2.000316858 0.799362600 -0.154354915 0.573020816 0.094027571
1403636666263555584.000000 7.352095604 7.295551300 -1.999270678 0.798288941 -0.149503857 0.574664772 0.100716785
1403636667413555456.000000 7.721640110 7.854622841 -1.990908980 0.802934885 -0.133105725 0.571615756 0.104086369
1403636668063555584.000000 7.931899548 8.092242241 -2.025529146 0.813059032 -0.147222966 0.556458533 0.087260403
1403636668413555456.000000 8.078675270 8.185984612 -2.087840319 0.814132631 -0.145677179 0.552242219 0.104856648
1403636668813555456.000000 8.268746376 8.305480957 -2.187176704 0.809102237 -0.141609013 0.556452572 0.125143394
1403636669163555328.000000 8.448272705 8.465622902 -2.208654165 0.797734320 -0.146543160 0.572387874 0.120487563
1403636669363555328.000000 8.539604187 8.582579613 -2.220208645 0.796993136 -0.149513543 0.572909474 0.119258329
1403636669513555456.000000 8.599749565 8.676891327 -2.241988420 0.793041885 -0.149281964 0.578477979 0.119007513
1403636669813555456.000000 8.693779945 8.884910583 -2.280051231 0.779139102 -0.150197983 0.598286033 0.111519776
1403636670063555584.000000 8.711610794 9.065257072 -2.273785591 0.785216510 -0.179511353 0.589177549 0.063879684
1403636670313555456.000000 8.677752495 9.194772720 -2.242205143 0.776323020 -0.185502246 0.601636887 0.030736418
1403636670563555584.000000 8.581388474 9.244343758 -2.225305319 0.782005370 -0.169482082 0.599774480 -0.003749868
1403636672063555584.000000 7.203247547 7.549167156 -1.780609965 -0.854262471 -0.130576238 -0.499692917 0.059098180
1403636672713555456.000000 7.088778019 7.002653599 -1.590612888 -0.809244454 -0.125010535 -0.571125805 0.057542074
1403636674163555328.000000 7.306802273 7.066403389 -1.705201626 -0.800692916 -0.193648145 -0.556136310 0.110017121
1403636675163555328.000000 7.597933769 7.565687656 -1.995216966 -0.815081120 -0.223550677 -0.511830866 0.153938726
1403636676563555584.000000 8.319148064 8.605142593 -2.213508368 -0.717095792 -0.410086066 -0.504327238 0.251509756
1403636676863555328.000000 8.393301964 8.883279800 -2.219027042 -0.707236588 -0.420079380 -0.483795643 0.298816949
1403636678313555456.000000 8.565592766 9.911322594 -2.283459663 -0.602167904 -0.552824259 -0.420338064 0.393821061
1403636679413555456.000000 8.541867256 10.313082695 -2.245263577 -0.438267082 -0.680606067 -0.316160917 0.494711757
1403636679663555328.000000 8.492067337 10.357044220 -2.230771303 -0.405034184 -0.703785241 -0.284585595 0.509553432
1403636679913555456.000000 8.466568947 10.379430771 -2.163719177 -0.382658094 -0.709999979 -0.286515027 0.517089903
1403636680263555584.000000 8.431529045 10.362106323 -2.026877165 -0.365026295 -0.714416027 -0.313380390 0.508092880
1403636680563555584.000000 8.363490105 10.267222404 -1.965182900 -0.366469800 -0.722907007 -0.324990660 0.487325966
1403636680913555456.000000 8.204320908 10.077637672 -1.942669868 -0.402576983 -0.710923433 -0.285200804 0.501178861
1403636681113555456.000000 8.101173401 9.963194847 -1.959075451 -0.416742951 -0.722016871 -0.266506791 0.483726382
1403636681763555584.000000 7.744752884 9.662760735 -1.971459985 -0.391302139 -0.711387873 -0.291792274 0.505635560
1403636681963555584.000000 7.631919861 9.556573868 -1.961302280 -0.389375567 -0.711686611 -0.289274871 0.508142531
1403636682113555456.000000 7.543950081 9.472119331 -1.937063694 -0.389607757 -0.711693347 -0.285576940 0.510043502
1403636682763555584.000000 7.182282925 9.103161812 -1.907816768 -0.394165397 -0.708793759 -0.287635654 0.509422123
1403636683463555584.000000 6.801908493 8.647962570 -1.892475843 -0.394091308 -0.708889663 -0.286162168 0.510175228
1403636684113555456.000000 6.472396374 8.187500954 -1.927341223 -0.392893404 -0.715944231 -0.273815066 0.508019626
1403636685113555456.000000 6.097964287 7.520391941 -1.907399416 -0.381010503 -0.716354549 -0.279909521 0.513145089
1403636685713555456.000000 5.933920860 7.068197727 -1.885320783 -0.390575767 -0.716334343 -0.283659428 0.503838420
1403636688163555328.000000 5.230360508 5.590947151 -2.093146086 -0.385535747 -0.715348125 -0.279005915 0.511659086
1403636689063555584.000000 5.044158936 5.109219551 -2.320733309 -0.375125378 -0.728699565 -0.264819175 0.508083463
1403636689213555456.000000 4.993587971 5.028247356 -2.324195147 -0.372802109 -0.733254492 -0.253020316 0.509251595
1403636689413555456.000000 4.925917625 4.930807590 -2.299638987 -0.367733985 -0.738024890 -0.245594814 0.509680510
1403636689613555456.000000 4.856125832 4.847362995 -2.245926380 -0.367678881 -0.740755022 -0.239245817 0.508778632
1403636689813555456.000000 4.784130096 4.782664299 -2.195828199 -0.380349338 -0.742814004 -0.221746653 0.504371166
1403636689963555584.000000 4.729710102 4.757685661 -2.171389341 -0.387766361 -0.734941483 -0.214523301 0.513301134
1403636690113555456.000000 4.682488918 4.748646736 -2.154855013 -0.385972708 -0.736191094 -0.220660061 0.510251820
1403636690463555584.000000 4.578040123 4.789385319 -2.094512939 -0.378643543 -0.740447998 -0.236666188 0.502349555
1403636690563555584.000000 4.546357155 4.811985970 -2.077820063 -0.381777734 -0.736383855 -0.232641056 0.507801950
1403636690713555456.000000 4.500806808 4.855803967 -2.064348221 -0.391454428 -0.727198064 -0.218973652 0.519612372
1403636690863555328.000000 4.466497898 4.912531376 -2.081185341 -0.398926139 -0.711991787 -0.207503349 0.539321780
1403636691013555456.000000 4.453981400 4.984927177 -2.110141754 -0.396150172 -0.694903493 -0.209729582 0.562305689
1403636691163555328.000000 4.476348877 5.065498829 -2.121617317 -0.385584801 -0.685665548 -0.221585825 0.576269865
1403636691313555456.000000 4.538398266 5.142038345 -2.110776901 -0.364839077 -0.692456365 -0.249268323 0.570317507
1403636691463555584.000000 4.627137184 5.201892376 -2.086459637 -0.359097034 -0.709976077 -0.252759844 0.550541282
1403636691713555456.000000 4.799122810 5.288487434 -2.009109974 -0.355539650 -0.729394019 -0.249764487 0.528387785
1403636691863555328.000000 4.904686451 5.333318710 -1.959998012 -0.353196919 -0.733700693 -0.251341611 0.523223281
1403636692013555456.000000 5.008002758 5.369307995 -1.922602773 -0.354476810 -0.726424396 -0.249530002 0.533281028
1403636692513555456.000000 5.360917091 5.473544598 -1.775645733 -0.352768570 -0.733018994 -0.258294791 0.521077156
1403636692763555584.000000 5.530202866 5.503088474 -1.646517158 -0.352963954 -0.737144113 -0.263594389 0.512399375
1403636693263555584.000000 5.762663841 5.520191669 -1.445591927 -0.356421888 -0.743328154 -0.258256704 0.503716469
1403636693563555584.000000 5.833354473 5.530879974 -1.399046183 -0.371566176 -0.753497481 -0.232628405 0.489963353
1403636694063555584.000000 5.866500378 5.651475430 -1.368470311 -0.357493520 -0.732612729 -0.247948706 0.523448527
1403636694513555456.000000 5.872358799 5.774587631 -1.336422086 -0.356535614 -0.735547364 -0.246784955 0.520528197
1403636695013555456.000000 5.878672600 5.900099754 -1.359187245 -0.368885159 -0.727834523 -0.235626638 0.527883351
1403636695913555456.000000 5.936602116 6.126883030 -1.335458159 -0.365160704 -0.729596555 -0.261315733 0.515810728
1403636696413555456.000000 5.938311100 6.212461472 -1.411949635 -0.364531636 -0.724904418 -0.268519282 0.519160569
1403636696913555456.000000 5.938807011 6.233017445 -1.439168692 -0.368977904 -0.722516656 -0.265887409 0.520700514
1403636698513555456.000000 5.593612671 5.791038990 -1.338076711 -0.477572590 -0.667140424 -0.337639660 0.461354166
1403636700713555456.000000 5.236596584 5.323263645 -1.736162901 -0.716432571 -0.387764186 -0.498365074 0.296640605
1403636701013555456.000000 5.299914837 5.250528812 -1.824168921 -0.728500843 -0.378527880 -0.498713970 0.278006256
1403636701513555456.000000 5.421471596 5.160173893 -1.806157231 -0.727071524 -0.390168965 -0.492482722 0.276759803
1403636702513555456.000000 5.726633072 5.053694248 -1.914010286 -0.766256750 -0.308275878 -0.520982802 0.215391651
1403636704663555328.000000 6.566514969 5.202401161 -2.293642282 -0.769847274 -0.319426477 -0.509880126 0.212894768
1403636705113555456.000000 6.804279804 5.330883503 -2.363766670 -0.775365770 -0.330424577 -0.497554481 0.205102682
1403636705313555456.000000 6.932803631 5.432861328 -2.405656099 -0.758391976 -0.326480657 -0.521943688 0.214071780
1403636705513555456.000000 7.055960178 5.548684597 -2.421338320 -0.761724532 -0.326088160 -0.517455816 0.213733092
1403636706063555584.000000 7.385548592 5.922648430 -2.495391130 -0.759050727 -0.306201041 -0.520175338 0.243927643
1403636706263555584.000000 7.508296490 6.047829151 -2.500476837 -0.753786087 -0.311737239 -0.526339889 0.239985287
1403636706513555456.000000 7.661014080 6.193687916 -2.548043251 -0.752120018 -0.328923047 -0.526962996 0.220080137
1403636706863555328.000000 7.865026474 6.423319817 -2.573947906 -0.760493517 -0.331287950 -0.516776443 0.211754858
1403636707313555456.000000 8.114899635 6.760989666 -2.533986807 -0.760631323 -0.321342975 -0.525220513 0.205723360
1403636707763555584.000000 8.342900276 7.148669720 -2.412699223 -0.770804107 -0.308874518 -0.513478696 0.216326609
1403636708213555456.000000 8.597330093 7.559960365 -2.455550909 -0.758680880 -0.315074652 -0.524526596 0.223614022
1403636708863555328.000000 8.996500969 8.065058708 -2.585899115 -0.747314155 -0.315240830 -0.541635990 0.220851228
1403636709313555456.000000 9.206820488 8.340975761 -2.607787609 -0.750853062 -0.309398592 -0.545975864 0.205918938
1403636709813555456.000000 9.315769196 8.662777901 -2.636522532 -0.755660415 -0.315458208 -0.537745476 0.200731993
1403636710213555456.000000 9.340456009 8.959560394 -2.654366732 -0.750946760 -0.320492208 -0.539002061 0.206979632
1403636711063555584.000000 9.290858269 9.555263519 -2.862368822 -0.709894061 -0.397468328 -0.512473524 0.274663895
1403636711563555584.000000 9.205945015 9.819413185 -2.862676144 -0.687914371 -0.401106209 -0.526997745 0.296919227
1403636712063555584.000000 8.992327690 9.978834152 -2.802106142 -0.708566606 -0.387401372 -0.506834865 0.301615864
1403636712563555584.000000 8.735705376 10.024376869 -2.641378164 -0.677325487 -0.431065619 -0.509827137 0.309012890
1403636713063555584.000000 8.424961090 9.960731506 -2.519196272 -0.667391062 -0.445819378 -0.498544246 0.327548385
1403636714463555584.000000 7.572395325 9.326418877 -2.165528536 -0.695019364 -0.434571683 -0.475197464 0.319816977
1403636714863555328.000000 7.418200970 9.113583565 -2.145963192 -0.670773208 -0.487535357 -0.447048753 0.335440040
1403636715863555328.000000 7.195991516 8.841862679 -2.032820702 -0.610931098 -0.524535954 -0.442285299 0.394979656
1403636716363555328.000000 7.146899700 8.669096947 -1.985069156 -0.626376510 -0.520445824 -0.437619537 0.381153315
1403636716863555328.000000 7.105680943 8.436672211 -2.024268627 -0.609980583 -0.538506866 -0.430620879 0.390512258
1403636717213555456.000000 7.070132732 8.266004562 -2.022036314 -0.566985667 -0.585882246 -0.401630729 0.417087674
1403636717713555456.000000 6.999875546 8.016647339 -2.008584499 -0.544097245 -0.606482565 -0.399634629 0.420034885
1403636718213555456.000000 6.814098835 7.751178265 -2.019373894 -0.506813109 -0.640266657 -0.368288815 0.444479853
1403636718513555456.000000 6.663993835 7.581322193 -2.040947676 -0.484719902 -0.659197450 -0.334023535 0.467903405
1403636718863555328.000000 6.499952316 7.395869732 -2.119888067 -0.465263605 -0.674120367 -0.309139878 0.483243376
1403636719163555328.000000 6.385469437 7.260023594 -2.151760340 -0.448672414 -0.678744555 -0.321766078 0.484216452
1403636719513555456.000000 6.258681297 7.097562790 -2.185320616 -0.450616091 -0.667529941 -0.324873716 0.495788276
1403636719763555584.000000 6.184077740 6.963773251 -2.232855797 -0.460836798 -0.670489013 -0.319711834 0.485652447
1403636720013555456.000000 6.123773098 6.831695080 -2.236396313 -0.468518943 -0.668847620 -0.319974244 0.480363846
1403636720513555456.000000 6.028096676 6.601007938 -2.303226948 -0.470521212 -0.669032872 -0.316166252 0.480670184
1403636721013555456.000000 5.989598274 6.412381649 -2.297207594 -0.487510622 -0.655385911 -0.329419643 0.473587871
1403636722013555456.000000 6.034871101 6.080870628 -2.332435846 -0.539633512 -0.609535456 -0.385351896 0.434472173
1403636722513555456.000000 6.047918797 5.901887894 -2.333890915 -0.541973174 -0.608550429 -0.383160293 0.434879035
1403636723363555328.000000 5.926805973 5.841341019 -2.434196472 -0.551421225 -0.599360526 -0.397694409 0.422540754
1403636725863555328.000000 5.780039787 4.776436329 -2.009707928 -0.637622654 -0.514808834 -0.441382617 0.365500599
1403636727363555328.000000 5.760032654 4.464689732 -1.764451265 -0.615145981 -0.533425748 -0.446057200 0.371598512
1403636727863555328.000000 5.722296715 4.328211784 -1.621095181 -0.614392042 -0.533454001 -0.447003841 0.371667832
1403636728363555328.000000 5.610097885 4.171226978 -1.480528712 -0.616949677 -0.528487027 -0.445188284 0.376672268
1403636728663555328.000000 5.528427601 4.064584255 -1.463217139 -0.622550547 -0.523293555 -0.430640846 0.391335130
1403636729163555328.000000 5.402575970 3.868617535 -1.406597257 -0.578616202 -0.565801203 -0.425191969 0.405319870
1403636729663555328.000000 5.251746178 3.635878325 -1.405605078 -0.577160597 -0.571037471 -0.415841371 0.409729123
1403636730013555456.000000 5.140720367 3.456107855 -1.364725113 -0.584332705 -0.573678851 -0.408027947 0.403684258
1403636730413555456.000000 5.011205673 3.258308411 -1.379555345 -0.585857868 -0.575700164 -0.403297961 0.403349251
1403636730763555584.000000 4.899320126 3.113336802 -1.369720101 -0.592779219 -0.583261073 -0.391656876 0.393731296
1403636731113555456.000000 4.801090240 3.037347078 -1.304864883 -0.599448264 -0.565430403 -0.383828372 0.416684687
1403636731613555456.000000 4.741657734 2.983423948 -1.305989385 -0.590593398 -0.563587606 -0.399937034 0.416675955
1403636732113555456.000000 4.743319035 2.917787313 -1.412733555 -0.584128678 -0.567588985 -0.406688958 0.413812101
1403636735063555584.000000 4.073108673 1.679806709 -1.196733952 -0.577484071 -0.586402297 -0.395140350 0.408054739
1403636737513555456.000000 3.396074295 1.150477767 -0.960624695 -0.540666461 -0.618191123 -0.371266812 0.433221072
1403636738513555456.000000 3.182337999 1.043370366 -0.742451251 -0.553494871 -0.609548330 -0.368418217 0.431697100
1403636739363555328.000000 3.262058496 1.062112927 -0.860257566 -0.662597716 -0.479937702 -0.456848711 0.349161029
1403636739763555584.000000 3.353405952 1.048599958 -0.913030565 -0.699087620 -0.424544901 -0.484194845 0.310794979
1403636740763555584.000000 3.552498341 1.048260093 -1.181624651 -0.695617914 -0.430423558 -0.481771439 0.314241201
1403636741213555456.000000 3.613386631 1.015582085 -1.339936852 -0.686622202 -0.429884940 -0.501886249 0.303082645
1403636742013555456.000000 3.681770802 0.940385282 -1.638289809 -0.702356577 -0.425070345 -0.492633253 0.288657039
1403636743013555456.000000 3.783676863 1.036626220 -1.821719408 -0.694087386 -0.424509585 -0.488354474 0.315506399
1403636743313555456.000000 3.823807240 1.063029528 -1.930554032 -0.724857748 -0.424823970 -0.459652811 0.287793696
1403636743713555456.000000 3.921722174 1.169668317 -1.999139428 -0.714341938 -0.416961610 -0.480616361 0.291318566
1403636745213555456.000000 4.328684807 1.566954970 -2.854330778 -0.723903835 -0.389838278 -0.494770586 0.281409949
1403636745513555456.000000 4.409684181 1.615089178 -2.949209452 -0.709837675 -0.395462960 -0.505816579 0.289636165
1403636745913555456.000000 4.497463226 1.657372236 -2.973981619 -0.714064538 -0.384067863 -0.517124414 0.274200946
1403636746413555456.000000 4.500292301 1.698975086 -2.855890751 -0.707265615 -0.367964268 -0.542578936 0.264548361
1403636746913555456.000000 4.376238346 1.726843834 -2.835772038 -0.745075822 -0.372942239 -0.478086025 0.277866632
1403636747413555456.000000 4.336978912 1.814228535 -2.744607210 -0.723144710 -0.381354064 -0.509784579 0.267863154
1403636747913555456.000000 4.284456730 1.946864486 -2.619086266 -0.732778311 -0.367317975 -0.506262302 0.267977566
1403636748363555328.000000 4.259133816 2.077908993 -2.492605925 -0.736505330 -0.360076040 -0.506807148 0.266555339
1403636748913555456.000000 4.263932705 2.213060379 -2.349179029 -0.738303065 -0.347996801 -0.506908953 0.277218521
1403636749213555456.000000 4.283149719 2.257027864 -2.291826010 -0.743041158 -0.336114883 -0.506463051 0.280021101
1403636749563555584.000000 4.332230568 2.267651081 -2.185704708 -0.734158278 -0.353389770 -0.522711277 0.250799298
1403636750063555584.000000 4.358475685 2.278668880 -2.082391739 -0.719795704 -0.353966922 -0.534227848 0.266837686
1403636750563555584.000000 4.297192574 2.229388952 -1.978050709 -0.723873317 -0.370781869 -0.516249657 0.268355370
1403636750813555456.000000 4.256184578 2.201230049 -1.867311239 -0.721669793 -0.377829939 -0.513758063 0.269239604
1403636751313555456.000000 4.140080929 2.141094923 -1.592650294 -0.731725395 -0.382660776 -0.500683844 0.259739190
1403636751813555456.000000 4.052526474 2.120879412 -1.387907505 -0.734597445 -0.376100421 -0.485168904 0.289009005
1403636752213555456.000000 4.064411640 2.120056629 -1.241540909 -0.722057164 -0.396223903 -0.493413001 0.279613465
1403636752513555456.000000 4.080042362 2.139863968 -1.114309430 -0.694848359 -0.422531903 -0.492628783 0.309789479
1403636753013555456.000000 4.082653046 2.147775173 -0.973389745 -0.638272524 -0.511050701 -0.456001401 0.351423085
1403636753863555328.000000 3.951116323 2.160043478 -0.963093758 -0.566300452 -0.586730480 -0.406159610 0.412414193
1403636754363555328.000000 3.818929434 2.107401848 -0.926102042 -0.565140724 -0.576188028 -0.422675252 0.412272930
1403636754863555328.000000 3.618568420 1.986827493 -0.870638132 -0.534865677 -0.609324038 -0.396241546 0.430854470
1403636755363555328.000000 3.370010138 1.793159604 -0.876952767 -0.522635698 -0.631431580 -0.372153014 0.435486376
1403636755863555328.000000 3.087174892 1.591709137 -0.825526416 -0.526866257 -0.628068507 -0.373368323 0.434209645
1403636756713555456.000000 2.565668106 1.258678198 -0.785124362 -0.519755244 -0.623277247 -0.377610505 0.445859194
1403636757013555456.000000 2.381201744 1.109946609 -0.755581319 -0.517673373 -0.624013841 -0.376407593 0.448261350
1403636757313555456.000000 2.201460838 0.947291732 -0.736615777 -0.517394602 -0.625399411 -0.375342190 0.447545260
1403636757613555456.000000 2.018520832 0.771440148 -0.740642726 -0.515568972 -0.640488207 -0.365456194 0.436354578
1403636757863555328.000000 1.852791309 0.638173342 -0.708001494 -0.514844418 -0.658813417 -0.342163056 0.428747654
1403636758213555456.000000 1.608585358 0.504242063 -0.609494328 -0.498505205 -0.646728337 -0.350267440 0.458854944
1403636758713555456.000000 1.290989280 0.339194566 -0.596571982 -0.525959373 -0.651406169 -0.310449660 0.450175345
1403636758963555584.000000 1.167944789 0.313493878 -0.609315395 -0.506706595 -0.641852438 -0.341041118 0.463643074
1403636759213555456.000000 1.069123983 0.288619578 -0.650145471 -0.516506970 -0.627659976 -0.325031430 0.483340561
1403636759463555584.000000 1.019350290 0.263176650 -0.716942608 -0.509599388 -0.632084668 -0.333412021 0.479180396
1403636759713555456.000000 1.009566069 0.243302539 -0.784833550 -0.496282935 -0.643284857 -0.349452972 0.466658890
1403636759963555584.000000 1.003902435 0.218643948 -0.803411782 -0.499235481 -0.648224354 -0.344523013 0.460296631
1403636760213555456.000000 0.998183548 0.192516372 -0.826457024 -0.506340921 -0.652632773 -0.335910082 0.452607751
1403636760663555328.000000 1.000887752 0.129214942 -0.881237805 -0.499170810 -0.653512836 -0.345571041 0.452028990
1403636761063555584.000000 0.980420411 0.069861017 -0.943717897 -0.496596605 -0.657082200 -0.346076101 0.449295074
1403636761263555584.000000 0.958087385 0.047725454 -0.985493660 -0.506922305 -0.667126358 -0.329480559 0.435218245
1403636761513555456.000000 0.921440005 0.039124928 -1.005664945 -0.498488694 -0.656927526 -0.342033058 0.450520396
1403636761713555456.000000 0.890051544 0.039455149 -1.008105636 -0.498808920 -0.644153714 -0.343802929 0.466963887
1403636761913555456.000000 0.865421355 0.040999211 -1.001657248 -0.505184054 -0.638697147 -0.335421085 0.473653585
1403636762113555456.000000 0.859816313 0.044565383 -0.983004928 -0.489057124 -0.650201976 -0.360467702 0.456205606
1403636762313555456.000000 0.848273873 0.038166251 -0.962851822 -0.493907064 -0.662137568 -0.355350167 0.437442541
1403636762513555456.000000 0.814017296 0.034997351 -0.984182060 -0.511805654 -0.654333532 -0.330955505 0.447628289
1403636762713555456.000000 0.776588380 0.045606088 -1.038128376 -0.517569304 -0.632603765 -0.322084635 0.477698654
1403636762863555328.000000 0.767706394 0.052282929 -1.069607377 -0.500548422 -0.620883584 -0.345046192 0.494871765
1403636763063555584.000000 0.795678973 0.021468729 -1.082942605 -0.527310073 -0.621184528 -0.348923922 0.462953627
1403636763263555584.000000 0.803302407 0.007252714 -1.102461696 -0.539298296 -0.605171561 -0.355633587 0.465241313
1403636763463555584.000000 0.798453212 -0.007686114 -1.104925156 -0.538524806 -0.604637921 -0.357099146 0.465708464
1403636763663555328.000000 0.791017532 -0.024530714 -1.101039052 -0.538715422 -0.604317367 -0.356843084 0.466100127
