1403636626.013556 87.1164474 6.4336853 -80.0413818 -0.8139284 -0.0345765 0.0175226 0.5796707
1403636626.163555 87.1091156 6.4537354 -79.9536743 -0.8127012 -0.0267869 0.0298530 0.5812985
1403636627.163555 87.1787567 6.4666824 -79.9233932 -0.8200158 -0.0433943 0.0222721 0.5702588
1403636627.413555 87.2029572 6.4505539 -79.8873749 -0.8131114 -0.0423299 0.0251767 0.5800210
1403636627.663555 87.2303009 6.4308777 -79.8408813 -0.8179042 -0.0276706 0.0202603 0.5743315
1403636627.913555 87.2654266 6.4119568 -79.8655930 -0.8335575 -0.0075146 -0.0009495 0.5523809
1403636628.163555 87.2986450 6.4337692 -79.8541183 -0.8253834 0.0064757 -0.0120821 0.5644062
1403636628.963556 87.4565201 6.5337372 -79.7633514 -0.8252595 0.0256730 -0.0189115 0.5638529
1403636629.263556 87.5512695 6.5616837 -79.7241211 -0.8259104 0.0441903 -0.0344087 0.5610127
1403636629.413555 87.5982513 6.5840454 -79.7108307 -0.8210034 0.0589223 -0.0366217 0.5666925
1403636630.063555 87.8694611 6.7201614 -79.8247986 -0.8200141 0.1523819 -0.1024904 0.5420816
1403636630.113555 87.8935394 6.7369461 -79.8313599 -0.8165461 0.1563633 -0.1064082 0.5454177
1403636630.613555 88.1340790 6.9052124 -79.8018570 -0.8057898 0.1595111 -0.1235589 0.5567694
1403636633.463556 89.0356750 8.0670166 -79.9542694 -0.8266014 0.0502113 -0.0387986 0.5591990
1403636633.963556 89.1588593 8.3651733 -80.0218964 -0.8255057 0.0689470 -0.0345394 0.5591008
1403636635.013556 89.5317307 9.0953674 -80.0029755 -0.8208922 0.0272549 -0.0330682 0.5694733
1403636635.213556 89.5906906 9.2266922 -79.9985199 -0.8244481 0.0204049 -0.0289191 0.5648298
1403636635.363555 89.6311493 9.3292465 -80.0055695 -0.8268773 0.0232312 -0.0200304 0.5615453
1403636635.663555 89.7121582 9.5429306 -79.9992676 -0.8262115 0.0289616 -0.0122046 0.5624828
1403636636.013556 89.8343201 9.8087692 -79.9195023 -0.8250422 0.0392786 -0.0039612 0.5636905
1403636636.113555 89.8783646 9.8857193 -79.8953552 -0.8292149 0.0340289 -0.0123604 0.5577561
1403636636.213556 89.9224243 9.9633865 -79.8656158 -0.8258235 0.0279856 -0.0203217 0.5628672
1403636636.263556 89.9444885 10.0026474 -79.8474121 -0.8223536 0.0257930 -0.0235669 0.5679030
1403636636.813555 90.1681900 10.3868256 -79.7288666 -0.8037958 0.0042776 -0.0533553 0.5924925
1403636637.163555 90.2246094 10.5491409 -79.7529678 -0.8144124 0.0170148 -0.0278192 0.5793696
1403636637.463556 90.2476273 10.6789627 -79.7826080 -0.8225953 0.0158873 -0.0235039 0.5679191
1403636637.663555 90.2564545 10.7659607 -79.7652435 -0.8236334 0.0163884 -0.0194263 0.5665528
1403636638.063555 90.2789230 10.9668198 -79.6648102 -0.8171653 0.0130239 -0.0187543 0.5759511
1403636638.463556 90.2965164 11.1522141 -79.7221680 -0.8299312 0.0216395 -0.0033168 0.5574360
1403636638.513556 90.3003693 11.1753235 -79.7331924 -0.8347340 0.0242981 0.0007955 0.5501164
1403636638.613555 90.3112793 11.2218246 -79.7509766 -0.8383321 0.0236214 0.0005172 0.5446479
1403636639.013556 90.3802032 11.4627151 -79.7256165 -0.8237697 0.0203048 -0.0015713 0.5665587
1403636639.213556 90.4292679 11.5956650 -79.7107086 -0.8234340 0.0312617 0.0144005 0.5663673
1403636639.513556 90.5381165 11.8063431 -79.7752914 -0.8246657 0.0130545 -0.0105750 0.5653709
1403636639.613555 90.5797348 11.8769073 -79.8048477 -0.8229625 0.0043991 -0.0219125 0.5676560
1403636640.963556 90.9618530 12.6319962 -79.9151459 -0.8152797 -0.0274373 0.0051064 0.5783945
1403636641.263556 91.0211716 12.7584305 -79.9089050 -0.8140619 -0.0253744 0.0044056 0.5802068
1403636641.813555 91.1151581 12.9304962 -79.9592438 -0.8142451 -0.0210021 0.0044080 0.5801246
1403636642.263556 91.1939926 13.0418930 -79.9057236 -0.8107435 0.0028123 -0.0126879 0.5852574
1403636643.263556 91.3465652 13.1786423 -79.9598923 -0.8163769 0.0338204 -0.0246886 0.5759996
1403636644.113555 91.5292969 13.4158554 -79.8894043 -0.8391985 0.0251631 -0.0244900 0.5426906
1403636644.513556 91.6305084 13.6324310 -79.9155045 -0.8127980 0.0454213 0.0005416 0.5807720
1403636644.713556 91.7011337 13.7397079 -79.9705887 -0.8095989 0.0428707 -0.0049391 0.5853952
1403636645.263556 91.9539948 13.9809189 -80.1640091 -0.8451762 0.0330161 -0.0256707 0.5328490
1403636645.463556 92.0371246 14.1096954 -80.1866074 -0.8368963 0.0334574 -0.0278352 0.5456285
1403636646.063555 92.2913055 14.6179810 -80.2184753 -0.8234715 0.0467593 -0.0278282 0.5647424
1403636646.263556 92.3877487 14.8087997 -80.1877670 -0.8128660 0.0867915 -0.0424858 0.5743788
1403636646.563555 92.5581207 15.0634384 -80.1706238 -0.7905913 0.1449076 -0.0941712 0.5874513
1403636646.663555 92.6165009 15.1338196 -80.1680984 -0.7898666 0.1533151 -0.1073152 0.5840280
1403636647.463556 93.0447845 15.5584946 -80.0249557 -0.7948093 0.1681098 -0.1134788 0.5719615
1403636647.663555 93.1492462 15.6337891 -80.0203857 -0.7862412 0.1693018 -0.1072331 0.5845193
1403636647.863555 93.2629776 15.6907501 -80.0036316 -0.7900066 0.1712131 -0.1145900 0.5774469
1403636647.963556 93.3204880 15.7113800 -79.9965744 -0.7886359 0.1787806 -0.1216301 0.5755842
1403636648.063555 93.3783264 15.7269745 -79.9967804 -0.7860519 0.1929545 -0.1323261 0.5721720
1403636649.513556 94.1334076 15.7162094 -79.9984970 -0.7489573 0.3211882 -0.2341450 0.5301672
1403636649.613555 94.1797409 15.7092896 -79.9544373 -0.7458549 0.3193712 -0.2320187 0.5365350
1403636649.713556 94.2257385 15.7003174 -79.9123993 -0.7401592 0.3237565 -0.2327560 0.5414525
1403636651.113555 94.5812683 15.3530273 -79.8404083 -0.6715593 0.4494764 -0.3311336 0.4871651
1403636651.563555 94.5971375 15.2134476 -79.7740479 -0.6818053 0.4446130 -0.3203599 0.4845930
1403636651.913555 94.5922318 15.0976562 -79.7673645 -0.6636735 0.4574051 -0.3197883 0.4980498
1403636652.213556 94.5721588 14.9493103 -79.8203659 -0.6307458 0.5102081 -0.3618274 0.4592695
1403636652.313555 94.5572205 14.8916092 -79.8373947 -0.6171539 0.5367152 -0.3752742 0.4361504
1403636653.063555 94.5199738 14.4645996 -79.8909988 0.5765888 -0.5984895 0.4063257 -0.3798095
1403636653.213556 94.5436249 14.3822250 -79.8968277 0.5743015 -0.5891788 0.4136442 -0.3898008
1403636653.813555 94.6217422 14.1008987 -79.8572617 -0.5785160 0.5648443 -0.4200841 0.4120676
1403636654.663555 94.5469894 13.7616348 -79.8546829 0.5307156 -0.6213794 0.4414977 -0.3705515
1403636655.063555 94.4808502 13.6156998 -79.8461227 0.5060512 -0.6350095 0.4607311 -0.3583324
1403636655.463556 94.3847733 13.4917755 -79.8746185 0.4834724 -0.6413286 0.4739473 -0.3610070
1403636655.763556 94.2618713 13.3984146 -79.8973770 0.4632624 -0.6772037 0.4659627 -0.3311524
1403636655.963556 94.1766434 13.3277359 -79.9550858 0.4373223 -0.6984472 0.4719085 -0.3134058
1403636656.263556 94.0498657 13.2001877 -80.0089722 0.4149227 -0.7135279 0.4847974 -0.2892902
1403636656.313555 94.0293961 13.1785126 -80.0101852 0.4139860 -0.7149505 0.4851847 -0.2864563
1403636656.413555 93.9910889 13.1340332 -80.0055161 0.4131176 -0.7165156 0.4852853 -0.2836148
1403636656.613555 93.9199219 13.0372849 -79.9724426 0.4143597 -0.7140880 0.4880176 -0.2832370
1403636656.913555 93.8241653 12.8910294 -79.9492950 0.4114134 -0.6944839 0.5095153 -0.2980357
1403636657.213556 93.6939621 12.7621307 -79.9771652 0.4084309 -0.6924191 0.5067862 -0.3113000
1403636657.313555 93.6396408 12.7216797 -79.9812317 0.4092424 -0.6957225 0.5016801 -0.3111399
1403636657.413555 93.5820312 12.6808090 -79.9786911 0.4100735 -0.7014040 0.4938317 -0.3098426
1403636658.013556 93.2326584 12.3741074 -80.0796432 0.4032671 -0.7208050 0.4745255 -0.3043706
1403636658.263556 93.0941620 12.1925583 -80.0957031 0.4118825 -0.7155860 0.4866630 -0.2853921
1403636658.363555 93.0418167 12.1170807 -80.1019745 0.4138064 -0.7152455 0.4883755 -0.2804951
1403636658.413555 93.0159531 12.0796280 -80.1046295 0.4148250 -0.7152689 0.4886777 -0.2783971
1403636658.513556 92.9660797 12.0048599 -80.1132812 0.4177900 -0.7143053 0.4906804 -0.2728596
1403636658.713556 92.8756180 11.8654404 -80.1435852 0.4226992 -0.7093921 0.4980813 -0.2645815
1403636658.813555 92.8335037 11.7990875 -80.1595383 0.4241076 -0.7046208 0.5048761 -0.2621878
1403636659.113555 92.7411194 11.6296310 -80.2275772 0.4118595 -0.6991987 0.5133413 -0.2792377
1403636659.313555 92.6728516 11.5397720 -80.2878723 0.4101676 -0.6994913 0.5126634 -0.2822247
1403636659.413555 92.6390076 11.5003052 -80.3102722 0.4134600 -0.7033958 0.5069316 -0.2780390
1403636659.513556 92.6049652 11.4634476 -80.3248062 0.4166960 -0.7060008 0.5031999 -0.2733446
1403636659.813555 92.5175018 11.3658066 -80.3726959 0.4124663 -0.7033136 0.5100306 -0.2740262
1403636659.963556 92.4776535 11.3282776 -80.4209671 0.4122766 -0.7072949 0.5066554 -0.2703005
1403636660.163555 92.4308929 11.2880249 -80.4980545 0.4158639 -0.7159630 0.4960434 -0.2615247
1403636660.463556 92.3894043 11.2359390 -80.6083679 0.4228460 -0.7278690 0.4788389 -0.2492414
1403636660.563555 92.3900757 11.2176208 -80.6330795 0.4229014 -0.7258856 0.4815484 -0.2497114
1403636660.863555 92.4291382 11.1694946 -80.7240295 0.4206159 -0.6991291 0.5187157 -0.2554112
1403636661.013556 92.4561768 11.1663361 -80.7722855 0.4180768 -0.6976355 0.5208068 -0.2593776
1403636661.263556 92.5068130 11.1879196 -80.8798676 0.4091089 -0.7008396 0.5172043 -0.2719439
1403636661.963556 92.5906143 11.3574448 -80.9804077 0.3980950 -0.7054548 0.5077230 -0.2933792
1403636662.213556 92.5828171 11.4271393 -80.9488144 0.4035618 -0.7034541 0.5105432 -0.2857201
1403636662.513556 92.5493469 11.5251999 -80.9501266 0.4150686 -0.7098275 0.5036076 -0.2650330
1403636662.813555 92.5268784 11.6347885 -80.9836960 0.3948086 -0.7228563 0.4879597 -0.2889642
1403636662.913555 92.5190277 11.6656189 -81.0036469 0.3955423 -0.7258459 0.4841641 -0.2868436
1403636663.363555 92.4971848 11.7164154 -81.0746307 0.4116769 -0.7303528 0.4789262 -0.2602629
1403636663.763556 92.5573730 11.7046967 -81.1814041 0.4318921 -0.7264785 0.4810967 -0.2329044
1403636664.013556 92.6769714 11.7034187 -81.2371674 0.4402748 -0.7028644 0.5095056 -0.2292245
1403636664.213556 92.8077927 11.7387009 -81.2528305 0.4324720 -0.6970866 0.5146177 -0.2494134
1403636664.313555 92.8800125 11.7675247 -81.2591934 0.4274943 -0.6947143 0.5158532 -0.2617561
1403636664.713556 93.1597290 11.9318771 -81.3599472 0.4229664 -0.6913565 0.5070909 -0.2932313
1403636664.813555 93.2168884 11.9828796 -81.3761902 0.4301340 -0.6899391 0.5058271 -0.2882840
1403636664.913555 93.2742767 12.0345535 -81.3887024 0.4321417 -0.6882942 0.5047502 -0.2910874
1403636665.113555 93.3894501 12.1438980 -81.3902817 0.4398656 -0.6949456 0.4905624 -0.2879540
1403636665.513556 93.6332245 12.3497238 -81.3406677 0.4379962 -0.6935434 0.4913971 -0.2927215
1403636666.613555 94.1936264 12.9434967 -81.2515488 0.4246030 -0.6978729 0.4902292 -0.3039097
1403636666.713556 94.2246094 12.9922714 -81.2388000 0.4328693 -0.6978090 0.4882484 -0.2954663
1403636666.913555 94.2873154 13.0871201 -81.2183456 0.4361452 -0.7094056 0.4682784 -0.2953581
1403636667.413555 94.4778366 13.2567215 -81.2720642 0.4377017 -0.6836843 0.5020984 -0.2981445
1403636668.313555 94.8195724 13.5350189 -81.3347244 0.4379888 -0.7019253 0.4845026 -0.2841198
1403636669.113555 95.2207794 13.7777939 -81.4527817 0.4267255 -0.6907350 0.5117368 -0.2809199
1403636669.213556 95.2672043 13.8303070 -81.4436646 0.4230485 -0.6924279 0.5105517 -0.2844481
1403636669.313555 95.3123322 13.8864670 -81.4399643 0.4223995 -0.6921232 0.5116647 -0.2841538
1403636669.413555 95.3566971 13.9437714 -81.4455261 0.4213532 -0.6928886 0.5111003 -0.2848570
1403636669.813555 95.5233231 14.1953125 -81.4995346 0.4095009 -0.6803347 0.5248847 -0.3065121
1403636669.913555 95.5434799 14.2694778 -81.4984741 0.3973356 -0.6925929 0.5060842 -0.3260647
1403636670.013556 95.5538330 14.3386002 -81.4990616 0.3927765 -0.7018820 0.4915621 -0.3338489
1403636670.413555 95.5106049 14.5336609 -81.4454117 0.3845140 -0.7014587 0.4659111 -0.3781950
1403636670.913555 95.1969299 14.4748535 -81.3735123 0.4478528 -0.6601626 0.4122670 -0.4400560
1403636671.113555 94.9928970 14.3299637 -81.3239746 0.4852262 -0.6228304 0.3895967 -0.4741860
1403636671.363555 94.6768799 14.0234985 -81.2223969 0.5600208 -0.5791898 0.3785811 -0.4556228
1403636672.563555 93.7546997 12.5792923 -80.8284454 -0.6531537 0.5139869 -0.3969256 0.3894328
1403636672.713556 93.7324677 12.5062408 -80.8312073 -0.6335533 0.5181539 -0.3937340 0.4184497
1403636673.063555 93.6960526 12.3869629 -80.9174576 -0.6572066 0.5044126 -0.3650366 0.4247302
1403636674.113555 93.9192200 12.5189972 -80.9424515 -0.6798212 0.4647608 -0.3492594 0.4470553
1403636676.563555 95.0410461 13.9432144 -81.4347076 -0.7831370 0.2583412 -0.2175960 0.5221190
1403636678.763556 95.4614258 15.3504944 -81.4234085 -0.8175467 -0.0095571 -0.0197020 0.5754460
1403636679.913555 95.3497620 15.6073151 -81.3610229 -0.7825995 -0.1892822 0.1221225 0.5803416
1403636680.213556 95.3201294 15.6047134 -81.2445068 -0.7757107 -0.2063220 0.0953816 0.5887329
1403636680.363555 95.2942200 15.5771255 -81.2013779 -0.7742084 -0.2089445 0.0856715 0.5912731
1403636680.463556 95.2712097 15.5488968 -81.1846008 -0.7773467 -0.2121619 0.0761034 0.5873055
1403636680.713556 95.1713638 15.4468079 -81.1525192 -0.7847988 -0.2017038 0.0789602 0.5806649
1403636681.313555 94.8287506 15.1558838 -81.1702423 -0.8023717 -0.1789523 0.1050295 0.5595931
1403636681.463556 94.7396240 15.0993347 -81.1696014 -0.7937728 -0.1767977 0.1096723 0.5715238
1403636682.063555 94.3771362 14.8391876 -81.1450500 -0.7894821 -0.1837390 0.1157194 0.5740793
1403636683.013556 93.8143616 14.3680344 -81.0859451 -0.7871279 -0.1812294 0.1049677 0.5801443
1403636683.413555 93.5787964 14.1245651 -81.0698929 -0.7905129 -0.1785894 0.1155761 0.5743145
1403636683.663555 93.4318466 13.9612808 -81.1125717 -0.7921439 -0.1804619 0.1189963 0.5707726
1403636684.163555 93.1532059 13.6503448 -81.1218796 -0.7933849 -0.1859388 0.1255455 0.5658672
1403636684.463556 93.0009308 13.4760132 -81.0686798 -0.7873847 -0.1875933 0.1314759 0.5723183
1403636685.113555 92.7476273 13.0656662 -81.1033325 -0.7864381 -0.1939040 0.1232897 0.5733376
1403636685.613555 92.5777893 12.7191391 -81.0747147 -0.7946764 -0.1870631 0.1155736 0.5658087
1403636686.763556 92.1316833 11.9524918 -81.1221695 -0.8001310 -0.1836542 0.1221485 0.5578005
1403636686.913555 92.0736084 11.8742905 -81.1323013 -0.7973677 -0.1819821 0.1254023 0.5615707
1403636689.113555 91.4850998 10.8130646 -81.4984741 -0.7921919 -0.2083539 0.1363084 0.5571721
1403636689.213556 91.4460754 10.7639160 -81.5006866 -0.7932070 -0.2115012 0.1422676 0.5530368
1403636689.413555 91.3706970 10.6749573 -81.4745636 -0.7934996 -0.2185279 0.1479987 0.5483614
1403636689.513556 91.3325577 10.6359329 -81.4511566 -0.7934004 -0.2199361 0.1502691 0.5473236
1403636689.613555 91.2959671 10.5974197 -81.4194489 -0.7957852 -0.2200401 0.1524956 0.5431882
1403636689.913555 91.1808701 10.5263214 -81.3466187 -0.8064179 -0.2049376 0.1706624 0.5277927
1403636690.013556 91.1469116 10.5165253 -81.3320465 -0.8052438 -0.2003136 0.1736942 0.5303651
1403636690.163555 91.1038589 10.5190201 -81.3168945 -0.8054998 -0.2067974 0.1613306 0.5313919
1403636690.463556 91.0200424 10.5690689 -81.2628021 -0.8032947 -0.2124031 0.1496440 0.5359191
1403636690.563555 90.9907150 10.5951462 -81.2462006 -0.8024997 -0.2072465 0.1562076 0.5372544
1403636690.813555 90.9286499 10.6805725 -81.2369232 -0.7988141 -0.1817456 0.1904947 0.5409034
1403636690.913555 90.9151306 10.7251740 -81.2572708 -0.7926292 -0.1744024 0.2006076 0.5487070
1403636691.013556 90.9131851 10.7753677 -81.2727051 -0.7821416 -0.1679114 0.2096381 0.5622385
1403636691.113555 90.9276886 10.8275223 -81.2811661 -0.7730227 -0.1669799 0.2125750 0.5739038
1403636691.263556 90.9832001 10.9021759 -81.2809677 -0.7602701 -0.1817550 0.1946161 0.5925193
1403636691.363555 91.0411224 10.9404297 -81.2724686 -0.7590042 -0.1957895 0.1776999 0.5949806
1403636691.463556 91.1060410 10.9698105 -81.2584686 -0.7676000 -0.2052023 0.1699553 0.5829214
1403636691.563555 91.1752548 10.9966278 -81.2373123 -0.7748959 -0.2091993 0.1694705 0.5718845
1403636691.663555 91.2480469 11.0210953 -81.2038040 -0.7786567 -0.2168978 0.1625671 0.5658808
1403636691.913555 91.4260864 11.0780258 -81.1344376 -0.7804575 -0.2245480 0.1550357 0.5625196
1403636692.063555 91.5286407 11.1048126 -81.1007538 -0.7759830 -0.2184956 0.1630680 0.5687873
1403636692.213556 91.6363983 11.1292877 -81.0692902 -0.7770699 -0.2243383 0.1526789 0.5679119
1403636692.513556 91.8478394 11.1604614 -80.9727478 -0.7796984 -0.2265818 0.1456322 0.5652630
1403636692.763556 92.0156403 11.1719208 -80.8448029 -0.7830526 -0.2293677 0.1356331 0.5619811
1403636693.463556 92.2921524 11.1621170 -80.6119995 -0.8002579 -0.2274177 0.1424744 0.5362550
1403636693.613555 92.3194351 11.1685867 -80.5939560 -0.8100003 -0.2278224 0.1428340 0.5211478
1403636693.763556 92.3350372 11.1936493 -80.5821381 -0.8082427 -0.2276561 0.1442811 0.5235450
1403636693.913555 92.3412170 11.2332153 -80.5717545 -0.7961088 -0.2250319 0.1492855 0.5415581
1403636694.713556 92.3690186 11.4513016 -80.5359192 -0.7855853 -0.2254494 0.1506825 0.5561681
1403636695.063555 92.3814621 11.5315247 -80.5657043 -0.7881973 -0.2117198 0.1637500 0.5541711
1403636695.663555 92.4440308 11.6820450 -80.5347977 -0.7839857 -0.2189658 0.1372715 0.5644261
1403636695.963556 92.4622421 11.7381210 -80.5416031 -0.7878034 -0.2142854 0.1394539 0.5603573
1403636697.563555 92.4013443 11.7259750 -80.6194000 -0.7887658 -0.2102743 0.1268905 0.5634999
1403636699.913555 91.6476517 11.2054367 -80.7206268 -0.7870213 0.2322722 -0.1437785 0.5531500
1403636701.063555 91.7728958 10.9783478 -81.0451660 -0.7702341 0.2906156 -0.1954822 0.5329809
1403636701.513556 91.8755722 10.8897247 -81.0313492 -0.7750470 0.2806591 -0.1921263 0.5325601
1403636702.163555 92.0694199 10.8059998 -81.0537415 -0.7490678 0.3298357 -0.2238194 0.5291605
1403636704.363555 92.8787994 10.8033981 -81.5117340 -0.7432886 0.3616070 -0.2465978 0.5059172
1403636704.963556 93.1769333 10.8732224 -81.5562439 -0.7640153 0.3585607 -0.2399046 0.4797505
1403636705.163555 93.3016815 10.9382324 -81.6002350 -0.7596794 0.3522002 -0.2461026 0.4881347
1403636705.363555 93.4342270 11.0263062 -81.6289749 -0.7475113 0.3443671 -0.2560228 0.5070410
1403636705.563555 93.5638733 11.1281204 -81.6461792 -0.7529761 0.3479848 -0.2515276 0.4986659
1403636705.763556 93.6902542 11.2462616 -81.6808929 -0.7513102 0.3500355 -0.2505756 0.5002199
1403636706.163555 93.9515915 11.4916382 -81.7139130 -0.7317353 0.3593064 -0.2328357 0.5303300
1403636706.363555 94.0836792 11.5919342 -81.7413940 -0.7404267 0.3440593 -0.2500369 0.5204547
1403636706.563555 94.2141724 11.6922684 -81.7828445 -0.7477876 0.3379200 -0.2564041 0.5107649
1403636706.763556 94.3404388 11.8034973 -81.8003082 -0.7515112 0.3404435 -0.2539338 0.5048234
1403636706.963556 94.4660721 11.9269180 -81.7939148 -0.7529345 0.3448544 -0.2538451 0.4997278
1403636707.113555 94.5628204 12.0264969 -81.7827301 -0.7474430 0.3456802 -0.2585586 0.5049571
1403636707.313555 94.6859207 12.1661606 -81.7644958 -0.7468817 0.3499174 -0.2627977 0.5006624
1403636707.713556 94.9137573 12.4858475 -81.6608582 -0.7451913 0.3638630 -0.2505302 0.4995281
1403636707.913555 95.0323639 12.6506424 -81.6353455 -0.7420663 0.3652483 -0.2455475 0.5056062
1403636708.313555 95.2855377 12.9814606 -81.7035217 -0.7367373 0.3557633 -0.2447200 0.5203487
1403636708.713556 95.5512390 13.2666397 -81.7754364 -0.7308830 0.3540048 -0.2482423 0.5280781
1403636708.913555 95.6898422 13.3862076 -81.8182526 -0.7317362 0.3444654 -0.2690318 0.5229987
1403636709.413555 95.9306641 13.6684036 -81.8281708 -0.7337558 0.3523785 -0.2787727 0.5096250
1403636710.063555 96.0695267 14.0911179 -81.8728256 -0.7388245 0.3473939 -0.2741080 0.5082525
1403636710.563555 96.0819550 14.4682999 -81.9582672 -0.7378887 0.3441528 -0.2297391 0.5331971
1403636710.963556 96.0813446 14.7199402 -82.0635223 -0.7620759 0.2785361 -0.2096963 0.5456057
1403636711.413555 96.0521774 14.9686356 -82.0796509 -0.7682906 0.2446723 -0.2009105 0.5563272
1403636711.713556 95.9831390 15.1118088 -82.0612259 -0.7543779 0.2421773 -0.2126702 0.5718701
1403636712.063555 95.8303528 15.2270432 -82.0100784 -0.7605652 0.2683488 -0.1863429 0.5610757
1403636712.213556 95.7588959 15.2578888 -81.9727020 -0.7610509 0.2668974 -0.1844817 0.5617239
1403636712.563555 95.5844345 15.2956314 -81.8606567 -0.7715538 0.2158036 -0.1838484 0.5695027
1403636712.763556 95.4681854 15.2971573 -81.7919388 -0.7685842 0.2037089 -0.1695721 0.5822597
1403636712.913555 95.3750992 15.2845230 -81.7558746 -0.7731380 0.2011875 -0.1627023 0.5790589
1403636713.263556 95.1222534 15.2194748 -81.6792374 -0.7797248 0.2008592 -0.1564335 0.5720257
1403636713.413555 95.0127487 15.1709900 -81.6169434 -0.7819128 0.2035045 -0.1537176 0.5688314
1403636713.813555 94.7305908 15.0309982 -81.4538498 -0.7834080 0.2211006 -0.1387102 0.5640444
1403636714.213556 94.4952393 14.8490448 -81.3778534 -0.7842408 0.2205332 -0.1554321 0.5587240
1403636714.613555 94.2905579 14.6452637 -81.3544464 -0.7969766 0.2199831 -0.1411523 0.5445289
1403636716.213556 93.9024200 14.1829605 -81.2030029 -0.7995808 0.1131672 -0.0817283 0.5841098
1403636716.463556 93.8736725 14.0842972 -81.1877289 -0.8057050 0.1208408 -0.0849472 0.5736035
1403636716.713556 93.8444901 13.9745483 -81.2116241 -0.8054290 0.1114991 -0.0841618 0.5759938
1403636716.963556 93.8073196 13.8537674 -81.2417297 -0.8100665 0.0772353 -0.0592695 0.5781992
1403636717.413555 93.7448654 13.6327896 -81.2140045 -0.8141632 0.0025314 -0.0363253 0.5794932
1403636717.813555 93.6480942 13.4406052 -81.2243042 -0.8141603 -0.0043342 -0.0295380 0.5798723
1403636718.313555 93.4165039 13.1904907 -81.2187729 -0.8140640 -0.0585446 0.0257351 0.5772434
1403636718.563555 93.2796478 13.0588074 -81.2527313 -0.8124176 -0.0827231 0.0605366 0.5739945
1403636718.813555 93.1501999 12.9335480 -81.3061295 -0.8120797 -0.0977356 0.0847541 0.5690265
1403636719.013556 93.0660095 12.8480225 -81.3423767 -0.8085997 -0.1155757 0.0742629 0.5720959
1403636719.463556 92.8863373 12.6768341 -81.3703308 -0.7964160 -0.1107747 0.0786500 0.5892918
1403636719.663555 92.8129730 12.5770645 -81.4106445 -0.8025647 -0.1063607 0.0774876 0.5818702
1403636720.263556 92.6463013 12.2971954 -81.4459534 -0.8110975 -0.0954795 0.0717907 0.5725825
1403636721.063555 92.5305405 12.0043106 -81.4877396 -0.8117289 -0.0678857 0.0569547 0.5772727
1403636721.463556 92.5265350 11.8905258 -81.5112762 -0.8105093 -0.0216730 0.0246387 0.5848060
1403636722.513556 92.5488892 11.5200424 -81.5326157 -0.8135411 -0.0025230 -0.0051604 0.5814792
1403636722.763556 92.5398712 11.4283752 -81.5508041 -0.8139996 0.0013628 -0.0143537 0.5806864
1403636723.013556 92.5206985 11.3313522 -81.5494080 -0.8138118 0.0043865 -0.0132942 0.5809597
1403636723.663555 92.4577637 11.1089554 -81.5306854 -0.8003532 0.0313709 -0.0322470 0.5978384
1403636726.213556 92.1516647 10.4175644 -81.2241745 -0.8065785 0.1285160 -0.0932866 0.5693965
1403636726.613555 92.1184616 10.3460083 -81.2173767 -0.8026010 0.1335849 -0.0758214 0.5764009
1403636726.963556 92.1175995 10.2686844 -81.1095657 -0.8020841 0.1186396 -0.0835775 0.5793104
1403636728.613555 91.8691559 9.8197937 -80.6697388 -0.8036030 0.1195307 -0.0693358 0.5789016
1403636728.863555 91.8044052 9.7379227 -80.6468048 -0.8085517 0.0830526 -0.0690267 0.5784305
1403636729.113555 91.7377167 9.6443710 -80.6052399 -0.8064976 0.0567291 -0.0577573 0.5856684
1403636729.313555 91.6765594 9.5670090 -80.6053314 -0.8086968 0.0501475 -0.0507538 0.5838826
1403636729.563555 91.5889206 9.4608688 -80.6125717 -0.8087647 0.0485584 -0.0476245 0.5841863
1403636730.013556 91.4243011 9.2509384 -80.5697556 -0.8160627 0.0519804 -0.0454191 0.5738264
1403636730.263556 91.3265762 9.1359482 -80.5716400 -0.8181116 0.0512369 -0.0443920 0.5710495
1403636731.213556 91.0319519 8.8689346 -80.4786224 -0.8158489 0.0685509 -0.0199806 0.5738397
1403636731.763556 90.9776764 8.8162766 -80.5001602 -0.8145434 0.0621480 -0.0327428 0.5758339
1403636732.363555 90.9840546 8.7386856 -80.6433868 -0.8119906 0.0513608 -0.0418998 0.5798945
1403636732.913555 90.9422913 8.5837402 -80.6226273 -0.8016799 0.0402339 -0.0522073 0.5941086
1403636734.013556 90.6021042 8.0838470 -80.4454346 -0.8175236 0.0375972 -0.0467000 0.5727659
1403636736.363555 89.8632431 7.3535233 -80.1670227 -0.8158787 0.0205331 -0.0191287 0.5775416
1403636737.813555 89.4065781 7.1093521 -80.1168213 -0.8236850 -0.0035675 0.0160394 0.5668096
1403636738.463556 89.2991638 7.0776138 -79.9495239 -0.8217615 0.0013766 0.0051572 0.5698066
1403636740.563555 89.6223221 7.0993347 -80.3189774 -0.7812038 0.2307896 -0.1657082 0.5558755
1403636740.963556 89.6827621 7.0718079 -80.4188461 -0.7840890 0.2231114 -0.1647280 0.5552391
1403636741.363555 89.7220612 7.0318222 -80.5894089 -0.7769274 0.2412460 -0.1736976 0.5549895
1403636741.763556 89.7416687 6.9852600 -80.7443619 -0.7865938 0.2541783 -0.1719771 0.5358055
1403636741.963556 89.7680664 6.9805298 -80.7928391 -0.7843642 0.2417878 -0.1826611 0.5412453
1403636743.163555 89.9015961 7.0736160 -81.0682526 -0.7907916 0.2461018 -0.1614571 0.5366696
1403636743.563555 89.9840469 7.1398849 -81.1408386 -0.7946845 0.2584195 -0.1649337 0.5239207
1403636743.963556 90.1133499 7.2631454 -81.2475281 -0.7753067 0.2606404 -0.1866400 0.5441798
1403636744.663555 90.3065491 7.4655228 -81.6433792 -0.7555003 0.2949378 -0.1844732 0.5551583
1403636744.863555 90.3677292 7.4888611 -81.7868347 -0.7583407 0.2846701 -0.1979350 0.5520000
1403636745.263556 90.4722290 7.5253067 -82.0032196 -0.7767959 0.2759983 -0.1898222 0.5332735
1403636745.663555 90.5796585 7.5708466 -82.0979767 -0.7670006 0.2670271 -0.1975380 0.5489856
1403636746.263556 90.6625748 7.6175461 -82.0316238 -0.7581419 0.2807847 -0.2338519 0.5400871
1403636746.663555 90.5818787 7.6501770 -81.9679260 -0.7688309 0.2941639 -0.2105075 0.5273076
1403636747.063555 90.5069885 7.6983261 -81.9769516 -0.7745720 0.2979614 -0.1860584 0.5259653
1403636747.463556 90.4949341 7.7743149 -81.8906174 -0.7666711 0.2843228 -0.2118728 0.5352437
1403636747.863555 90.4657593 7.8767853 -81.7874069 -0.7658739 0.2951792 -0.2125425 0.5302188
1403636748.663555 90.4545746 8.0918350 -81.5741348 -0.7592774 0.3036525 -0.2145957 0.5340801
1403636748.863555 90.4600677 8.1395493 -81.5178452 -0.7542577 0.3143488 -0.2039279 0.5391602
1403636749.663555 90.5549927 8.2052307 -81.3333130 -0.7543296 0.3060129 -0.2366104 0.5304323
1403636750.063555 90.5690308 8.2097397 -81.2625427 -0.7441080 0.2995367 -0.2300854 0.5510371
1403636750.513556 90.5115585 8.1721115 -81.1811142 -0.7583089 0.2928158 -0.2163302 0.5407659
1403636750.963556 90.4287949 8.1240768 -80.9472198 -0.7664808 0.2818785 -0.2141325 0.5359096
1403636751.313555 90.3465347 8.0950241 -80.7650223 -0.7739307 0.2884081 -0.2094678 0.5234265
1403636751.513556 90.3036041 8.0922928 -80.6793518 -0.7658402 0.2984724 -0.1987423 0.5337645
1403636751.913555 90.2466431 8.0789795 -80.5249786 -0.7784821 0.2890018 -0.1813320 0.5268418
1403636752.163555 90.2586212 8.0772705 -80.4420547 -0.7795655 0.2754286 -0.1912125 0.5290128
1403636752.363555 90.2717667 8.0863876 -80.3733368 -0.7738482 0.2566453 -0.1854183 0.5485548
1403636752.763556 90.2724304 8.0885620 -80.2198868 -0.7940928 0.1896572 -0.1404785 0.5601004
1403636754.113555 90.0822372 8.0949326 -80.1633911 -0.8096325 0.0343952 -0.0414503 0.5844604
1403636754.313555 90.0286102 8.0752411 -80.1378937 -0.8059531 0.0366306 -0.0486224 0.5888408
1403636754.713556 89.8751602 8.0063477 -80.0776367 -0.8102034 0.0106672 -0.0338757 0.5850720
1403636755.613555 89.4050598 7.6925583 -80.0343323 -0.8229451 -0.0339985 -0.0015278 0.5671006
1403636755.813555 89.2857056 7.6272812 -80.0263977 -0.8185107 -0.0285970 0.0009834 0.5737783
1403636756.163555 89.0710373 7.5264587 -80.0197754 -0.8128636 -0.0266602 0.0020292 0.5818402
1403636756.563555 88.8119049 7.4095001 -79.9831543 -0.8107910 -0.0284839 0.0045343 0.5846248
1403636756.763556 88.6819077 7.3431015 -79.9826508 -0.8089207 -0.0297532 0.0064519 0.5871291
1403636757.163555 88.4176788 7.1748047 -79.9325867 -0.8102417 -0.0306905 0.0100719 0.5852052
1403636757.363555 88.2952576 7.0735550 -79.9358215 -0.8106815 -0.0329519 0.0086048 0.5844962
1403636757.563555 88.1680298 6.9698563 -79.9430847 -0.8167543 -0.0411665 0.0063778 0.5754798
1403636757.763556 88.0331497 6.8644943 -79.9261932 -0.8300638 -0.0538451 0.0149828 0.5548607
1403636758.363555 87.6072235 6.6558533 -79.7661285 -0.8126078 -0.0585862 0.0392164 0.5785311
1403636758.563555 87.4650497 6.5929947 -79.7671967 -0.8341163 -0.0485770 0.0538314 0.5468022
1403636758.763556 87.3409805 6.5575638 -79.7729645 -0.8315153 -0.0458732 0.0539589 0.5509685
1403636760.013556 87.0642166 6.4443665 -80.0054016 -0.8176916 -0.0616550 0.0388679 0.5710239
1403636760.463556 87.0513763 6.4117584 -80.0626602 -0.8088396 -0.0608268 0.0379249 0.5836442
1403636760.763556 87.0496521 6.3660278 -80.1088257 -0.8196863 -0.0685373 0.0295650 0.5679286
1403636760.913555 87.0414505 6.3455276 -80.1265717 -0.8139119 -0.0715259 0.0270844 0.5759323
1403636761.063555 87.0261383 6.3229218 -80.1460953 -0.8185678 -0.0699579 0.0304005 0.5693229
1403636761.163555 87.0132141 6.3080215 -80.1602249 -0.8271288 -0.0687424 0.0329405 0.5568190
1403636761.313555 86.9913559 6.2926636 -80.1796112 -0.8347375 -0.0696359 0.0323743 0.5452670
1403636761.413555 86.9741287 6.2877274 -80.1839523 -0.8294815 -0.0691376 0.0332647 0.5532396
1403636761.563555 86.9487686 6.2888260 -80.1797028 -0.8175681 -0.0672642 0.0336317 0.5709001
1403636761.713556 86.9211197 6.2937775 -80.1748352 -0.8126583 -0.0584101 0.0432950 0.5781871
1403636761.863555 86.8968506 6.2985229 -80.1684418 -0.8126483 -0.0489051 0.0553313 0.5780566
1403636762.013556 86.8839645 6.3009491 -80.1576080 -0.8124740 -0.0564658 0.0430041 0.5786608
1403636762.163555 86.8753052 6.3030624 -80.1445465 -0.8113443 -0.0733204 0.0163587 0.5797213
1403636762.313555 86.8562622 6.2977066 -80.1325073 -0.8222035 -0.0725701 0.0156852 0.5643306
1403636762.413555 86.8382797 6.2950821 -80.1321182 -0.8287946 -0.0680518 0.0212336 0.5549934
1403636762.513556 86.8130569 6.3008347 -80.1447296 -0.8276415 -0.0536649 0.0406235 0.5572069
1403636762.663555 86.7790070 6.3176956 -80.1735687 -0.8189774 -0.0318916 0.0704260 0.5685941
1403636762.763556 86.7658005 6.3284378 -80.1952667 -0.8160215 -0.0378702 0.0618358 0.5734553
1403636762.863555 86.7618179 6.3368683 -80.2042542 -0.7968990 -0.0383143 0.0617002 0.5997310
1403636762.963556 86.7718964 6.3241806 -80.2008514 -0.8083267 -0.0461308 0.0410021 0.5854903
1403636763.063555 86.7863007 6.3098068 -80.2067184 -0.8157060 -0.0195135 0.0370869 0.5769467
1403636763.163555 86.7932510 6.3023453 -80.2067719 -0.8013214 -0.0025327 0.0327505 0.5973316
1403636763.563555 86.7892456 6.2891388 -80.2165680 -0.8113484 0.0000391 0.0327818 0.5836430
1403636763.713556 86.7854385 6.2848206 -80.2136841 -0.8115110 0.0005506 0.0332515 0.5833899
1403636763.813555 86.7818680 6.2838440 -80.2132950 -0.8115764 0.0008758 0.0336867 0.5832737
