1403636624.863555 19.0936069 14.3068657 -39.0605240 -0.8114409 0.0198829 -0.0190936 0.5837839
1403636624.913555 19.1000271 14.2962036 -39.0566902 -0.8155212 0.0151572 -0.0255905 0.5779624
1403636624.963556 19.1063976 14.2860298 -39.0522308 -0.8195410 0.0106126 -0.0313337 0.5720648
1403636625.013556 19.1125355 14.2769737 -39.0444069 -0.8229660 0.0071613 -0.0351631 0.5669561
1403636625.063555 19.1173668 14.2685089 -39.0337143 -0.8263166 0.0050358 -0.0374868 0.5619345
1403636625.113555 19.1206474 14.2623367 -39.0226898 -0.8297917 0.0050983 -0.0366776 0.5568433
1403636625.163555 19.1227016 14.2568703 -39.0094910 -0.8309164 0.0071483 -0.0331697 0.5553617
1403636625.263556 19.1250534 14.2522163 -38.9817085 -0.8282886 0.0113268 -0.0260665 0.5595804
1403636625.363555 19.1250057 14.2488632 -38.9615440 -0.8249473 0.0128945 -0.0217194 0.5646451
1403636625.513556 19.1250916 14.2470856 -38.9664574 -0.8280060 0.0118920 -0.0203041 0.5602254
1403636625.613555 19.1247234 14.2528610 -38.9729347 -0.8288597 0.0098852 -0.0203343 0.5589995
1403636625.663555 19.1240864 14.2573929 -38.9696159 -0.8281183 0.0092271 -0.0209073 0.5600874
1403636625.713556 19.1227036 14.2630577 -38.9637260 -0.8261912 0.0082452 -0.0202842 0.5629643
1403636627.313555 19.1743412 14.3203812 -38.7360802 -0.8125062 0.0011866 -0.0100056 0.5828656
1403636627.763556 19.2147121 14.2816582 -38.6787453 -0.8211650 0.0242884 -0.0203768 0.5698096
1403636627.863555 19.2279282 14.2737503 -38.6904984 -0.8270619 0.0340711 -0.0289640 0.5603293
1403636628.013556 19.2478333 14.2709427 -38.7001495 -0.8309708 0.0442398 -0.0395746 0.5531403
1403636628.063555 19.2542152 14.2745209 -38.6973801 -0.8298568 0.0468045 -0.0419376 0.5544262
1403636629.013556 19.4361553 14.3484879 -38.5902367 -0.8207104 0.0725198 -0.0539596 0.5641487
1403636629.113555 19.4653473 14.3498001 -38.5772018 -0.8215330 0.0767292 -0.0580643 0.5619829
1403636629.813555 19.7161636 14.4390678 -38.6045189 -0.8125697 0.1624139 -0.1045353 0.5499315
1403636629.963556 19.7884464 14.4678574 -38.6435356 -0.8103486 0.1873525 -0.1239090 0.5411846
1403636631.063555 20.3080997 14.7587051 -38.5729828 -0.7951595 0.1987991 -0.1432346 0.5546929
1403636633.763556 21.1815777 15.8185654 -38.8099327 -0.8211044 0.1037685 -0.0711810 0.5567343
1403636635.013556 21.6868668 16.5902519 -38.7906189 -0.8147432 0.0719563 -0.0660477 0.5715361
1403636635.313555 21.7910671 16.7724991 -38.7871552 -0.8197830 0.0663882 -0.0561618 0.5660339
1403636635.363555 21.8076057 16.8045807 -38.7878952 -0.8210725 0.0685698 -0.0524824 0.5642552
1403636635.513556 21.8567657 16.9045105 -38.7886200 -0.8215707 0.0710678 -0.0469486 0.5637081
1403636636.013556 22.0538616 17.2541389 -38.6967926 -0.8186661 0.0841590 -0.0367078 0.5668824
1403636636.163555 22.1310101 17.3599281 -38.6572189 -0.8228075 0.0761127 -0.0489674 0.5610676
1403636636.213556 22.1567650 17.3953629 -38.6411934 -0.8200481 0.0730280 -0.0531300 0.5651242
1403636636.563555 22.3305473 17.6360855 -38.5196533 -0.7982925 0.0620588 -0.0689961 0.5950776
1403636636.963556 22.4693298 17.8402786 -38.4936409 -0.8040702 0.0501610 -0.0828941 0.5865864
1403636637.163555 22.5002689 17.9189835 -38.5194473 -0.8095257 0.0613913 -0.0617667 0.5805896
1403636637.713556 22.5686646 18.1431427 -38.5193062 -0.8190205 0.0602601 -0.0525174 0.5681692
1403636637.863555 22.5871944 18.2127304 -38.4824638 -0.8166311 0.0582185 -0.0532567 0.5717412
1403636638.613555 22.6617241 18.5621452 -38.5197525 -0.8330462 0.0695269 -0.0316976 0.5479009
1403636638.763556 22.6942253 18.6406708 -38.5203514 -0.8287836 0.0618143 -0.0418423 0.5545684
1403636638.863555 22.7180347 18.6978035 -38.5108681 -0.8230974 0.0597460 -0.0439778 0.5630338
1403636639.013556 22.7536964 18.7886162 -38.4930496 -0.8185593 0.0655324 -0.0349056 0.5696033
1403636639.063555 22.7670135 18.8208466 -38.4871597 -0.8175321 0.0688854 -0.0299696 0.5709623
1403636639.263556 22.8297901 18.9528198 -38.4922066 -0.8175523 0.0774193 -0.0181784 0.5703368
1403636639.563555 22.9651394 19.1502647 -38.5634384 -0.8182537 0.0541460 -0.0507025 0.5700512
1403636639.913555 23.1161785 19.3761444 -38.6423149 -0.8079862 0.0545884 -0.0469896 0.5847824
1403636641.513556 23.5701447 20.0610466 -38.6955528 -0.8106623 0.0277083 -0.0214773 0.5844635
1403636641.913555 23.6537609 20.1666222 -38.6962204 -0.8100368 0.0244657 -0.0308585 0.5850552
1403636643.013556 23.8446503 20.3298111 -38.7090187 -0.8186957 0.0788866 -0.0592403 0.5656899
1403636644.113555 24.0853691 20.5796776 -38.6246414 -0.8331904 0.0729811 -0.0561025 0.5452707
1403636644.313555 24.1413841 20.6777382 -38.6277504 -0.8201398 0.0811122 -0.0459739 0.5645158
1403636644.663555 24.2673779 20.8584900 -38.6894913 -0.8024372 0.0923261 -0.0329599 0.5886291
1403636645.463556 24.6514950 21.2035370 -38.9053497 -0.8311631 0.0804101 -0.0602706 0.5468726
1403636646.313555 25.1049004 21.8741913 -38.8853111 -0.8002043 0.1435852 -0.0823079 0.5764389
1403636646.363555 25.1375656 21.9166183 -38.8794937 -0.7954864 0.1563900 -0.0883908 0.5787319
1403636646.463556 25.2053642 21.9961853 -38.8740082 -0.7861317 0.1753567 -0.1090830 0.5825357
1403636646.563555 25.2736225 22.0687027 -38.8711472 -0.7786193 0.1873318 -0.1284457 0.5849448
1403636647.313555 25.7231407 22.4472809 -38.7220421 -0.7852448 0.2121956 -0.1509835 0.5617542
1403636647.613555 25.8841400 22.5565147 -38.7142105 -0.7745766 0.2115806 -0.1413438 0.5790396
1403636647.663555 25.9109688 22.5702286 -38.7116890 -0.7739184 0.2125055 -0.1416097 0.5795158
1403636647.863555 26.0222034 22.6160622 -38.6918221 -0.7773748 0.2153579 -0.1485650 0.5720471
1403636648.063555 26.1343594 22.6435432 -38.6892319 -0.7721002 0.2371204 -0.1663093 0.5656646
1403636648.263556 26.2466450 22.6571808 -38.7090607 -0.7594974 0.2775357 -0.1939157 0.5554587
1403636649.463556 26.8385315 22.5585136 -38.6884193 -0.7276466 0.3646859 -0.2664916 0.5162527
1403636649.763556 26.9666557 22.5231743 -38.5543938 -0.7173219 0.3683441 -0.2674462 0.5274889
1403636650.113555 27.0919132 22.4617577 -38.4671021 -0.7067786 0.3818376 -0.2852852 0.5227584
1403636650.213556 27.1201649 22.4364548 -38.4629135 -0.7008616 0.3924450 -0.2936115 0.5182397
1403636650.863555 27.2324448 22.2332649 -38.5244217 -0.6533807 0.4883710 -0.3490201 0.4612726
1403636651.063555 27.2464218 22.1697807 -38.5226517 -0.6442897 0.4873629 -0.3593358 0.4671682
1403636651.813555 27.2371941 21.9403305 -38.4389496 -0.6445446 0.4840689 -0.3467594 0.4795805
1403636653.113555 27.1006641 21.2631893 -38.5598717 0.5401918 -0.6278032 0.4291790 -0.3603630
1403636653.263556 27.1160564 21.1844635 -38.5729141 0.5378695 -0.6170231 0.4383997 -0.3711935
1403636653.913555 27.1618271 20.8960438 -38.5120201 0.5451196 -0.5961198 0.4435216 -0.3882969
1403636654.513556 27.0836658 20.6667767 -38.5640564 0.5108431 -0.6317731 0.4572254 -0.3617279
1403636654.713556 27.0393410 20.5941334 -38.5249100 0.4893963 -0.6559380 0.4618817 -0.3419094
1403636655.513556 26.8480988 20.3584309 -38.5661240 0.4409010 -0.6706836 0.4956703 -0.3318144
1403636655.563555 26.8279190 20.3459873 -38.5657349 0.4375563 -0.6761478 0.4944743 -0.3269004
1403636656.063555 26.6020641 20.2101517 -38.6615524 0.3825552 -0.7288107 0.4944820 -0.2792385
1403636656.113555 26.5797157 20.1936932 -38.6715775 0.3784448 -0.7313424 0.4967474 -0.2741530
1403636656.513556 26.4043083 20.0479374 -38.6511230 0.3697751 -0.7409143 0.4995059 -0.2545706
1403636656.563555 26.3846245 20.0277481 -38.6414986 0.3704664 -0.7397629 0.5008505 -0.2542723
1403636656.713556 26.3291626 19.9642773 -38.6200638 0.3692112 -0.7308180 0.5113734 -0.2609317
1403636657.263556 26.0892410 19.7366581 -38.6468849 0.3672681 -0.7169888 0.5209247 -0.2822745
1403636657.363555 26.0288391 19.7037506 -38.6532936 0.3682294 -0.7207800 0.5154436 -0.2814269
1403636657.513556 25.9339256 19.6527157 -38.6640167 0.3699381 -0.7298731 0.5024580 -0.2792258
1403636657.963556 25.6454430 19.4584160 -38.7448120 0.3601221 -0.7425967 0.4908913 -0.2790842
1403636658.113555 25.5503807 19.3707199 -38.7615967 0.3628723 -0.7421063 0.4944893 -0.2703374
1403636658.213556 25.4860153 19.3068981 -38.7631454 0.3664454 -0.7403869 0.4988191 -0.2621537
1403636658.463556 25.3320370 19.1403999 -38.7814445 0.3732071 -0.7379805 0.5046096 -0.2479323
1403636658.563555 25.2744102 19.0736237 -38.7919960 0.3771368 -0.7360438 0.5076585 -0.2414338
1403636658.613555 25.2466545 19.0412331 -38.7976761 0.3785985 -0.7349778 0.5093009 -0.2389212
1403636658.713556 25.1924229 18.9799919 -38.8102264 0.3800313 -0.7331045 0.5120999 -0.2364061
1403636658.763556 25.1667233 18.9501324 -38.8180923 0.3807779 -0.7313164 0.5146477 -0.2352069
1403636659.013556 25.0755634 18.8092937 -38.8715134 0.3734423 -0.7243769 0.5255256 -0.2442170
1403636659.113555 25.0348053 18.7651405 -38.8966599 0.3694170 -0.7226707 0.5280119 -0.2499634
1403636659.263556 24.9754372 18.7041073 -38.9413757 0.3669623 -0.7220414 0.5288462 -0.2536071
1403636659.413555 24.9179230 18.6502666 -38.9763641 0.3708254 -0.7272207 0.5211182 -0.2491472
1403636659.513556 24.8798332 18.6177044 -38.9900513 0.3739947 -0.7301353 0.5168843 -0.2446652
1403636659.763556 24.7972298 18.5424824 -39.0237808 0.3704920 -0.7274320 0.5226611 -0.2457718
1403636660.063555 24.7109375 18.4801788 -39.1165657 0.3712972 -0.7360469 0.5137271 -0.2376088
1403636660.313555 24.6584625 18.4394665 -39.2164879 0.3747207 -0.7439991 0.5033962 -0.2294385
1403636660.663555 24.6511135 18.3787975 -39.3211899 0.3763858 -0.7409624 0.5076133 -0.2272384
1403636660.713556 24.6570225 18.3691902 -39.3391685 0.3755781 -0.7359930 0.5146980 -0.2287824
1403636661.113555 24.7204380 18.3428249 -39.4911118 0.3711981 -0.7220214 0.5335745 -0.2370556
1403636661.363555 24.7705765 18.3717232 -39.5890884 0.3652180 -0.7234844 0.5319147 -0.2454646
1403636661.463556 24.7890739 18.3906078 -39.6160088 0.3647926 -0.7234563 0.5319060 -0.2461979
1403636662.213556 24.8522720 18.5888386 -39.6211662 0.3608465 -0.7253048 0.5266974 -0.2575123
1403636662.313555 24.8447495 18.6205349 -39.6204147 0.3657770 -0.7243389 0.5286386 -0.2491617
1403636662.563555 24.8292465 18.7065754 -39.6226501 0.3712353 -0.7350166 0.5154225 -0.2372227
1403636663.263556 24.8163128 18.8761482 -39.7213745 0.3561269 -0.7569240 0.4880413 -0.2491090
1403636663.613555 24.8304863 18.8683491 -39.7992783 0.3813182 -0.7547107 0.4894525 -0.2131770
1403636663.763556 24.8669548 18.8601208 -39.8487091 0.3874457 -0.7511804 0.4932425 -0.2057321
1403636664.063555 25.0202560 18.8425713 -39.8978043 0.3971088 -0.7257168 0.5240167 -0.2025990
1403636664.163555 25.0832539 18.8556118 -39.9049988 0.3926016 -0.7232147 0.5265749 -0.2134088
1403636664.313555 25.1900578 18.8860950 -39.9140701 0.3847353 -0.7192541 0.5296062 -0.2327437
1403636664.363555 25.2268391 18.8983707 -39.9229736 0.3837683 -0.7182879 0.5298203 -0.2368014
1403636664.413555 25.2635117 18.9123993 -39.9335670 0.3829992 -0.7171053 0.5303002 -0.2405273
1403636664.463556 25.2993774 18.9281693 -39.9435768 0.3830031 -0.7166831 0.5296876 -0.2431153
1403636664.863555 25.5790062 19.0830059 -40.0431976 0.3891799 -0.7134027 0.5213903 -0.2602842
1403636665.113555 25.7353668 19.2021484 -40.0478859 0.3964268 -0.7204698 0.5060864 -0.2600878
1403636665.213556 25.7993774 19.2516804 -40.0369530 0.3958366 -0.7232412 0.5009583 -0.2632040
1403636665.413555 25.9315567 19.3421574 -40.0009537 0.3888746 -0.7203695 0.5045148 -0.2744251
1403636666.513556 26.5806046 19.8426647 -39.9152985 0.3758435 -0.7203124 0.5105504 -0.2814783
1403636666.863555 26.7050190 19.9998951 -39.8740921 0.3947384 -0.7290469 0.4930390 -0.2637893
1403636667.513556 26.9598160 20.1948471 -39.9136124 0.3993711 -0.7131215 0.5114418 -0.2653067
1403636667.963556 27.1307716 20.3234043 -39.9270401 0.3919709 -0.7273114 0.4921154 -0.2742253
1403636668.313555 27.2741566 20.3882732 -39.9671631 0.3950307 -0.7263849 0.5000485 -0.2574243
1403636669.063555 27.6779766 20.5521679 -40.1073074 0.3876141 -0.7125707 0.5292407 -0.2488024
1403636669.163555 27.7334061 20.5929890 -40.0998154 0.3821499 -0.7141906 0.5279328 -0.2553045
1403636669.363555 27.8418312 20.6843834 -40.1052628 0.3794356 -0.7156472 0.5273849 -0.2564039
1403636669.413555 27.8674202 20.7091007 -40.1109657 0.3787765 -0.7151122 0.5282452 -0.2570992
1403636669.663555 27.9894371 20.8438187 -40.1475182 0.3739976 -0.7040883 0.5419820 -0.2657836
1403636669.763556 28.0294914 20.9069996 -40.1574898 0.3716084 -0.7000054 0.5466583 -0.2703046
1403636669.863555 28.0634613 20.9771614 -40.1581764 0.3601559 -0.7069809 0.5355015 -0.2893162
1403636670.063555 28.0990467 21.1123142 -40.1455536 0.3484095 -0.7261034 0.5057214 -0.3092420
1403636670.263556 28.0956440 21.2227249 -40.1172714 0.3401428 -0.7242280 0.4971787 -0.3355744
1403636670.463556 28.0532074 21.2962341 -40.1004105 0.3432706 -0.7219067 0.4821311 -0.3585607
1403636670.713556 27.9193764 21.3145103 -40.0704689 0.3775402 -0.7055339 0.4606942 -0.3839873
1403636672.313555 26.1918545 19.7462101 -39.5830307 -0.6397769 0.5711612 -0.3858324 0.3399909
1403636672.513556 26.1419430 19.5986481 -39.5221062 -0.6288950 0.5516444 -0.4165820 0.3558637
1403636673.163555 26.0650558 19.3698235 -39.6038895 -0.6383311 0.5334765 -0.3793011 0.4050517
1403636673.363555 26.0713081 19.3469505 -39.5964203 -0.6621376 0.5291230 -0.3566941 0.3929021
1403636674.713556 26.5099869 19.7776947 -39.7582703 -0.6474124 0.4948492 -0.3391711 0.4700473
1403636676.213556 27.3709526 20.5140648 -39.9857864 -0.7230371 0.3807330 -0.2747076 0.5067500
1403636678.313555 28.0319805 21.8846245 -40.1270638 -0.8061075 0.1230509 -0.0945152 0.5710657
1403636678.613555 28.0920563 21.9903183 -40.0889778 -0.8132041 0.0764870 -0.0604870 0.5737510
1403636679.313555 28.1071301 22.2118988 -40.0897713 -0.8055562 -0.0670999 0.0286094 0.5880123
1403636680.013556 28.0278835 22.3107071 -39.9773407 -0.7884449 -0.1536882 0.0780835 0.5904554
1403636680.163555 28.0155258 22.3089981 -39.9229355 -0.7845102 -0.1645138 0.0596435 0.5949131
1403636680.263556 27.9998646 22.2980194 -39.8883095 -0.7827786 -0.1623163 0.0604532 0.5977095
1403636680.913555 27.7271347 22.0734253 -39.8035927 -0.8041883 -0.1311725 0.0777559 0.5744816
1403636681.013556 27.6664524 22.0264511 -39.8074608 -0.8138171 -0.1258139 0.0839608 0.5610912
1403636681.613555 27.3048992 21.8303795 -39.8362541 -0.7986028 -0.1359534 0.0763688 0.5813072
1403636681.913555 27.1188221 21.7218781 -39.8260040 -0.7965336 -0.1413648 0.0769946 0.5827711
1403636682.313555 26.8561554 21.5489197 -39.7779465 -0.8043218 -0.1401855 0.0855039 0.5710548
1403636683.963556 25.8122959 20.7458382 -39.8299026 -0.8045346 -0.1395540 0.0882871 0.5704859
1403636684.263556 25.6391563 20.5907860 -39.7873573 -0.7984633 -0.1429227 0.0937611 0.5772679
1403636684.463556 25.5259800 20.4876976 -39.7586403 -0.7944661 -0.1443559 0.0964762 0.5819598
1403636684.863555 25.3308372 20.2704811 -39.7741127 -0.7918017 -0.1426148 0.1036221 0.5847850
1403636685.413555 25.1187916 19.9284821 -39.7800331 -0.7997304 -0.1500166 0.0771113 0.5761772
1403636685.513556 25.0765667 19.8636093 -39.7716751 -0.8007325 -0.1462995 0.0791935 0.5754584
1403636685.813555 24.9432316 19.6699944 -39.7836571 -0.7987348 -0.1450966 0.0766786 0.5788696
1403636687.513556 24.2239151 18.7662468 -39.8105316 -0.7976878 -0.1397540 0.0937243 0.5791190
1403636688.963556 23.8100204 18.1249352 -40.1959839 -0.7985173 -0.1609994 0.0894312 0.5731066
1403636689.063555 23.7691460 18.0784073 -40.2090454 -0.7999998 -0.1633146 0.0974693 0.5690592
1403636689.363555 23.6441154 17.9486771 -40.1975517 -0.8034169 -0.1730059 0.1129543 0.5584189
1403636689.463556 23.6024666 17.9131737 -40.1764412 -0.8027046 -0.1758105 0.1150316 0.5581430
1403636689.563555 23.5614700 17.8797340 -40.1482353 -0.8040910 -0.1772856 0.1170381 0.5552564
1403636689.663555 23.5212193 17.8485947 -40.1181870 -0.8073938 -0.1760871 0.1202268 0.5501400
1403636689.863555 23.4407463 17.8065720 -40.0741005 -0.8145692 -0.1659993 0.1320984 0.5398809
1403636690.163555 23.3404732 17.8079414 -40.0354958 -0.8138566 -0.1632375 0.1273568 0.5429285
1403636690.263556 23.3167648 17.8181190 -40.0250893 -0.8135905 -0.1667967 0.1202178 0.5438722
1403636690.513556 23.2556591 17.8748474 -39.9753227 -0.8113561 -0.1656269 0.1194813 0.5477164
1403636690.713556 23.2070827 17.9403152 -39.9513321 -0.8100359 -0.1500188 0.1405769 0.5491579
1403636690.813555 23.1889458 17.9797859 -39.9567986 -0.8059032 -0.1381498 0.1565676 0.5540047
1403636690.863555 23.1835232 18.0020447 -39.9653549 -0.8029646 -0.1342787 0.1619064 0.5576769
1403636690.963556 23.1811943 18.0495567 -39.9849510 -0.7939149 -0.1277406 0.1710639 0.5693141
1403636691.063555 23.1929665 18.1002808 -39.9989052 -0.7823648 -0.1240446 0.1768658 0.5841547
1403636691.163555 23.2225666 18.1483612 -40.0050735 -0.7739487 -0.1272822 0.1743194 0.5953280
1403636691.263556 23.2698135 18.1913109 -40.0035477 -0.7666720 -0.1402049 0.1582881 0.6062191
1403636691.363555 23.3308563 18.2228355 -39.9935799 -0.7662542 -0.1542819 0.1411334 0.6075630
1403636691.463556 23.3978806 18.2443657 -39.9788818 -0.7754198 -0.1632501 0.1340850 0.5950587
1403636691.663555 23.5418892 18.2811966 -39.9217262 -0.7871528 -0.1741158 0.1277341 0.5777181
1403636691.863555 23.6882973 18.3117867 -39.8606606 -0.7899578 -0.1831033 0.1181922 0.5731235
1403636691.963556 23.7574463 18.3203659 -39.8365517 -0.7878870 -0.1791736 0.1237612 0.5760331
1403636692.063555 23.8265419 18.3300209 -39.8155518 -0.7849947 -0.1756918 0.1281122 0.5800890
1403636692.163555 23.8986797 18.3380241 -39.7960281 -0.7856374 -0.1794830 0.1209886 0.5795874
1403636692.263556 23.9703445 18.3444328 -39.7747803 -0.7865880 -0.1821997 0.1164445 0.5783800
1403636692.363555 24.0397415 18.3478737 -39.7472267 -0.7879746 -0.1795751 0.1191665 0.5767567
1403636692.463556 24.1094608 18.3490257 -39.7126732 -0.7893748 -0.1806894 0.1159171 0.5751539
1403636692.663555 24.2413254 18.3480339 -39.6144409 -0.7898275 -0.1797620 0.1124224 0.5755165
1403636692.863555 24.3705025 18.3354645 -39.5188293 -0.7944214 -0.1943943 0.0871357 0.5687820
1403636693.263556 24.5287628 18.3098106 -39.3714828 -0.7994175 -0.1867988 0.1006973 0.5620481
1403636693.763556 24.6292801 18.3258133 -39.3076782 -0.8170563 -0.1833792 0.1130899 0.5347913
1403636694.013556 24.6498146 18.3925514 -39.2969246 -0.7956242 -0.1800531 0.1200901 0.5658104
1403636694.363555 24.6707287 18.4910622 -39.2803955 -0.7898079 -0.1802001 0.1226065 0.5733229
1403636694.813555 24.7010612 18.5919304 -39.2597771 -0.7925951 -0.1790682 0.1197496 0.5704276
1403636695.513556 24.7732811 18.7643166 -39.2737312 -0.7936503 -0.1731383 0.1106003 0.5726343
1403636695.813555 24.8027477 18.8262558 -39.2527771 -0.7935156 -0.1722822 0.1058365 0.5739778
1403636696.363555 24.8292255 18.9174767 -39.3260269 -0.7950333 -0.1713515 0.0986985 0.5734277
1403636696.813555 24.8291054 18.9460831 -39.3541412 -0.7907803 -0.1617624 0.1076264 0.5804447
1403636697.863555 24.6642246 18.7749786 -39.2535133 -0.8061399 -0.1256994 0.0624947 0.5748327
1403636700.313555 23.9539165 18.3865623 -39.5071869 -0.7645426 0.2905709 -0.1833247 0.5453762
1403636700.663555 23.9945889 18.3178368 -39.6455841 -0.7497742 0.3123084 -0.2106645 0.5439878
1403636702.213556 24.3271351 18.0072708 -39.7517166 -0.7237463 0.3792459 -0.2604667 0.5143161
1403636704.213556 25.0351028 17.9375305 -40.1682663 -0.7127701 0.4045462 -0.2765028 0.5018439
1403636704.363555 25.0953178 17.9306908 -40.1960869 -0.7190651 0.4019319 -0.2775216 0.4943459
1403636704.963556 25.3810883 17.9620934 -40.2368698 -0.7399483 0.4009152 -0.2691239 0.4683118
1403636705.113555 25.4796448 17.9999695 -40.2699051 -0.7399994 0.3973207 -0.2717594 0.4697703
1403636705.413555 25.6896744 18.1096802 -40.3158493 -0.7249563 0.3865306 -0.2852418 0.4936289
1403636705.563555 25.7921982 18.1756439 -40.3257446 -0.7295895 0.3899927 -0.2812854 0.4862956
1403636705.663555 25.8589611 18.2248230 -40.3400307 -0.7307436 0.3920881 -0.2796195 0.4838324
1403636705.813555 25.9636650 18.3040237 -40.3663406 -0.7252625 0.3923376 -0.2798270 0.4916936
1403636706.613555 26.5249825 18.6764870 -40.4521408 -0.7258069 0.3798858 -0.2859236 0.4971306
1403636706.763556 26.6254883 18.7495384 -40.4614677 -0.7290649 0.3823663 -0.2837523 0.4916758
1403636706.863555 26.6926727 18.8025398 -40.4595413 -0.7313920 0.3849833 -0.2827433 0.4867339
1403636707.163555 26.8973999 18.9719505 -40.4324799 -0.7240992 0.3884290 -0.2893006 0.4910280
1403636707.313555 26.9967442 19.0626259 -40.4118805 -0.7238886 0.3913409 -0.2926869 0.4870033
1403636707.663555 27.2223701 19.3056488 -40.3108597 -0.7220410 0.4026861 -0.2836356 0.4858513
1403636707.913555 27.3896141 19.4919586 -40.2730865 -0.7184547 0.4065255 -0.2750615 0.4928500
1403636708.013556 27.4614182 19.5662766 -40.2830544 -0.7181995 0.4030724 -0.2767278 0.4951201
1403636708.913555 28.1166725 20.1323853 -40.4522934 -0.7098066 0.3848057 -0.2992769 0.5084610
1403636709.213556 28.2999916 20.2778130 -40.4720535 -0.7050437 0.3891794 -0.3092271 0.5057977
1403636709.413555 28.3884087 20.3771362 -40.4542274 -0.7115933 0.3929580 -0.3077145 0.4945007
1403636709.613555 28.4586258 20.4860306 -40.4590683 -0.7143294 0.3938106 -0.3062564 0.4907685
1403636709.963556 28.5497723 20.7000351 -40.4904327 -0.7168006 0.3897664 -0.3039724 0.4918128
1403636710.563555 28.6201134 21.1316757 -40.5632210 -0.7163679 0.3856227 -0.2599794 0.5201182
1403636710.913555 28.6417809 21.3487816 -40.6668549 -0.7401779 0.3309485 -0.2421727 0.5328812
1403636711.263556 28.6524830 21.5362701 -40.6942101 -0.7572549 0.2877384 -0.2386750 0.5355427
1403636711.513556 28.6286850 21.6665001 -40.6877823 -0.7435186 0.2876005 -0.2336635 0.5566574
1403636711.913555 28.5223999 21.8365517 -40.6540909 -0.7417234 0.2966115 -0.2346294 0.5539107
1403636712.013556 28.4781055 21.8696747 -40.6335144 -0.7433567 0.3063459 -0.2235567 0.5509950
1403636712.113555 28.4334087 21.8987770 -40.6100311 -0.7427924 0.3130414 -0.2156190 0.5511560
1403636712.563555 28.2247639 21.9773293 -40.4774857 -0.7570223 0.2586681 -0.2167819 0.5594764
1403636713.163555 27.8484383 21.9700661 -40.3439026 -0.7627043 0.2422349 -0.1926290 0.5678895
1403636713.413555 27.6642017 21.9221458 -40.2629929 -0.7668791 0.2464581 -0.1869939 0.5623060
1403636714.063555 27.2169094 21.7228584 -40.0591507 -0.7693226 0.2622554 -0.1831534 0.5530096
1403636714.413555 27.0162525 21.5805244 -40.0293045 -0.7681575 0.2698993 -0.1851886 0.5502669
1403636714.713556 26.8632069 21.4466095 -40.0261192 -0.7877149 0.2502775 -0.1645565 0.5383192
1403636715.463556 26.6066151 21.2322693 -39.8921890 -0.8080590 0.1484535 -0.1049025 0.5603551
1403636716.313555 26.4589443 21.0386162 -39.8640823 -0.7938767 0.1612305 -0.1159093 0.5747430
1403636716.613555 26.4132481 20.9173965 -39.8624878 -0.7951109 0.1628783 -0.1209611 0.5715222
1403636716.913555 26.3567581 20.7894211 -39.9110794 -0.7999813 0.1315905 -0.0989580 0.5769932
1403636717.413555 26.2623158 20.5594292 -39.8901558 -0.8104568 0.0475370 -0.0704877 0.5795962
1403636717.713556 26.1816940 20.4289093 -39.8942566 -0.8101100 0.0454651 -0.0623246 0.5811803
1403636717.963556 26.0830250 20.3198586 -39.9118423 -0.8125607 0.0252433 -0.0594275 0.5792893
1403636718.413555 25.8387318 20.1277657 -39.9200401 -0.8141102 -0.0237954 0.0044536 0.5802057
1403636719.113555 25.4776955 19.8527107 -40.0385857 -0.8089040 -0.0743737 0.0380512 0.5819752
1403636719.263556 25.4111938 19.7980270 -40.0429306 -0.8028371 -0.0729458 0.0393757 0.5904076
1403636719.363555 25.3678856 19.7599411 -40.0520363 -0.7997923 -0.0698980 0.0417821 0.5947275
1403636719.763556 25.2076855 19.5953560 -40.1078453 -0.8083104 -0.0597990 0.0411100 0.5842674
1403636720.063555 25.1099339 19.4611473 -40.1140137 -0.8124678 -0.0521604 0.0377801 0.5794377
1403636720.463556 24.9987621 19.3034325 -40.1730461 -0.8128530 -0.0516261 0.0398633 0.5788056
1403636720.613555 24.9656811 19.2501335 -40.1864319 -0.8140234 -0.0529198 0.0412074 0.5769466
1403636720.913555 24.9209938 19.1494522 -40.1732254 -0.8144243 -0.0413143 0.0322251 0.5778995
1403636721.963556 24.8839035 18.8319740 -40.2107773 -0.8098108 0.0420301 -0.0390756 0.5838777
1403636722.313555 24.8772354 18.7149429 -40.2127419 -0.8107656 0.0365545 -0.0375539 0.5830203
1403636724.563555 24.5769978 17.9429779 -40.2351227 -0.7968728 0.1635488 -0.1282108 0.5672808
1403636726.013556 24.3731155 17.6345940 -39.9226112 -0.7969218 0.1763942 -0.1246939 0.5641384
1403636727.363555 24.3044281 17.3732338 -39.6880569 -0.7974506 0.1461895 -0.1287428 0.5710748
1403636728.113555 24.1809940 17.1859550 -39.4638710 -0.7967006 0.1465917 -0.1289711 0.5719664
1403636728.613555 24.0165901 17.0547333 -39.4021797 -0.7931914 0.1632793 -0.1030133 0.5775601
1403636729.063555 23.8840637 16.9159050 -39.3463135 -0.8002012 0.1046678 -0.0943659 0.5829388
1403636729.263556 23.8155041 16.8469925 -39.3412285 -0.8021527 0.0955822 -0.0861690 0.5830866
1403636729.563555 23.7001877 16.7341995 -39.3526993 -0.8024278 0.0929136 -0.0820525 0.5837329
1403636730.163555 23.4568977 16.4860764 -39.3045883 -0.8108435 0.0973945 -0.0773169 0.5718997
1403636730.363555 23.3716068 16.4025688 -39.3169365 -0.8117311 0.0974775 -0.0755359 0.5708634
1403636730.813555 23.2053986 16.2574654 -39.2968674 -0.8233796 0.0968368 -0.0724047 0.5544602
1403636731.813555 23.0387154 16.1563072 -39.2757339 -0.8065550 0.1058519 -0.0673780 0.5776891
1403636732.963556 22.9691219 15.9319382 -39.3819122 -0.7966391 0.0849599 -0.0854310 0.5923255
1403636733.113555 22.9292202 15.8719444 -39.3756599 -0.8024986 0.0852406 -0.0831433 0.5846514
1403636734.263556 22.5009384 15.4042053 -39.2345695 -0.8058153 0.0854065 -0.0769981 0.5808948
1403636736.913555 21.6682415 14.8358765 -38.9264145 -0.8098916 0.0355944 -0.0571096 0.5827068
1403636738.663555 21.2181721 14.7037544 -38.7408257 -0.8192246 0.0672533 -0.0406450 0.5680635
1403636740.263556 21.5054531 14.6889229 -39.0032845 -0.7671380 0.2739578 -0.2100673 0.5406646
1403636740.563555 21.5479298 14.6810226 -39.1050797 -0.7637506 0.2739314 -0.1979319 0.5499725
1403636741.213556 21.6308212 14.6205406 -39.3110619 -0.7611707 0.2666440 -0.2142971 0.5509962
1403636741.363555 21.6379223 14.6109200 -39.3798599 -0.7587789 0.2843126 -0.2058434 0.5486798
1403636742.163555 21.6947174 14.5306587 -39.6508293 -0.7740753 0.2818010 -0.2075542 0.5275576
1403636742.463556 21.7304268 14.5634995 -39.6911240 -0.7681897 0.2800790 -0.1965214 0.5411281
1403636743.063555 21.8048153 14.6180267 -39.7857628 -0.7639348 0.2801218 -0.1950393 0.5476267
1403636743.513556 21.8855686 14.6638451 -39.8836594 -0.7787767 0.3031266 -0.1925390 0.5143441
1403636743.613555 21.9132462 14.6844635 -39.8980255 -0.7737090 0.3000245 -0.1983231 0.5215629
1403636744.813555 22.3008270 14.9845428 -40.5094910 -0.7350777 0.3289082 -0.2266686 0.5478153
1403636745.863555 22.5771179 15.0571213 -40.8475876 -0.7440941 0.3157058 -0.2399213 0.5376723
1403636746.363555 22.6029396 15.0910225 -40.7454071 -0.7278876 0.3221449 -0.2687106 0.5423993
1403636746.663555 22.5349178 15.1151466 -40.7072220 -0.7467946 0.3370570 -0.2404151 0.5204719
1403636747.013556 22.4698563 15.1587753 -40.7051849 -0.7537361 0.3456090 -0.2106217 0.5177595
1403636747.463556 22.4639778 15.2425652 -40.6157227 -0.7464063 0.3264679 -0.2428150 0.5266281
1403636748.063555 22.4424953 15.4212494 -40.4488220 -0.7339281 0.3565679 -0.2249007 0.5325679
1403636748.963556 22.4853115 15.6286278 -40.2303810 -0.7301187 0.3606529 -0.2337459 0.5312430
1403636749.813555 22.5856781 15.6589890 -40.0188637 -0.7294237 0.3456995 -0.2656554 0.5271244
1403636750.213556 22.5688152 15.6493340 -39.9813614 -0.7280480 0.3396697 -0.2559747 0.5376313
1403636750.763556 22.4746456 15.5999718 -39.8226089 -0.7423462 0.3276602 -0.2442820 0.5309306
1403636751.163555 22.3911629 15.5697823 -39.6041183 -0.7481135 0.3259877 -0.2442413 0.5238363
1403636751.513556 22.3100166 15.5673141 -39.4562454 -0.7443079 0.3406380 -0.2295670 0.5265648
1403636751.663555 22.2860756 15.5680695 -39.3935165 -0.7418662 0.3388475 -0.2202892 0.5350605
1403636752.113555 22.2629814 15.5519485 -39.2405548 -0.7614091 0.3214201 -0.2200802 0.5181795
1403636752.313555 22.2781086 15.5589142 -39.1704788 -0.7551730 0.3056604 -0.2192912 0.5368397
1403636752.563555 22.2872715 15.5641975 -39.0626717 -0.7644940 0.2695988 -0.1972053 0.5513397
1403636753.413555 22.2535133 15.5570869 -38.9587517 -0.8092018 0.0877007 -0.1011820 0.5720693
1403636753.863555 22.1617851 15.5755997 -38.9480362 -0.8082027 0.0742941 -0.0718405 0.5797653
1403636754.713556 21.8954582 15.5017319 -38.8650665 -0.8049033 0.0547286 -0.0679922 0.5869520
1403636754.913555 21.8011093 15.4660568 -38.8673859 -0.8056539 0.0297519 -0.0494307 0.5895705
1403636755.263556 21.6134357 15.3754425 -38.8826523 -0.8087587 0.0122844 -0.0332779 0.5870699
1403636755.663555 21.3808060 15.2558861 -38.8342934 -0.8190907 0.0128141 -0.0340346 0.5725101
1403636755.813555 21.2902718 15.2213898 -38.8297195 -0.8159256 0.0161910 -0.0328429 0.5769963
1403636756.163555 21.0699863 15.1476936 -38.8194962 -0.8106687 0.0178955 -0.0323111 0.5843390
1403636756.463556 20.8750000 15.0832138 -38.7864456 -0.8089465 0.0164696 -0.0309056 0.5868382
1403636757.213556 20.3806839 14.8401947 -38.7529831 -0.8064063 0.0137153 -0.0229650 0.5907567
1403636757.463556 20.2173157 14.7346611 -38.7588005 -0.8100753 0.0084280 -0.0278406 0.5856038
1403636757.613555 20.1155853 14.6681976 -38.7595940 -0.8174839 -0.0000582 -0.0248552 0.5754148
1403636757.763556 20.0093174 14.6052017 -38.7470551 -0.8277491 -0.0086766 -0.0173418 0.5607633
1403636757.913555 19.9004898 14.5564651 -38.7130356 -0.8319395 -0.0140392 -0.0092959 0.5546108
1403636758.063555 19.7914104 14.5211143 -38.6655960 -0.8217279 -0.0167442 -0.0032029 0.5696251
1403636758.363555 19.5795269 14.4606590 -38.6131592 -0.8103059 -0.0151276 0.0051209 0.5857894
1403636758.513556 19.4761677 14.4274712 -38.6118355 -0.8254968 -0.0081156 0.0155087 0.5641354
1403636758.663555 19.3813591 14.4018745 -38.6182404 -0.8371342 0.0007742 0.0273002 0.5463153
1403636758.813555 19.3019848 14.3971786 -38.6228676 -0.8241853 -0.0004621 0.0218282 0.5658992
1403636758.913555 19.2544823 14.3996468 -38.6295738 -0.8160582 -0.0061399 0.0133038 0.5777840
1403636760.163555 19.0486069 14.3257294 -38.8471413 -0.8237682 -0.0154005 0.0073204 0.5666703
1403636760.363555 19.0431213 14.3106194 -38.8632889 -0.8111740 -0.0138508 0.0081509 0.5845841
1403636760.713556 19.0387917 14.2606583 -38.9066124 -0.8198432 -0.0217974 -0.0008416 0.5721726
1403636760.863555 19.0309448 14.2432404 -38.9226837 -0.8158402 -0.0255196 -0.0047865 0.5776942
1403636760.963556 19.0233326 14.2326279 -38.9377785 -0.8141506 -0.0267106 -0.0053337 0.5800146
1403636761.063555 19.0119400 14.2223129 -38.9500656 -0.8190678 -0.0245616 -0.0015366 0.5731686
1403636761.163555 18.9995098 14.2146072 -38.9657936 -0.8274811 -0.0228961 0.0017015 0.5610239
1403636761.263556 18.9860153 14.2103004 -38.9806480 -0.8336870 -0.0231742 0.0024343 0.5517455
1403636761.363555 18.9712658 14.2113228 -38.9899292 -0.8333116 -0.0236988 0.0020988 0.5522915
1403636761.463556 18.9553490 14.2160797 -38.9906349 -0.8246284 -0.0235875 0.0014691 0.5651810
1403636761.563555 18.9396687 14.2230186 -38.9894371 -0.8165240 -0.0225901 0.0017227 0.5768669
1403636761.663555 18.9230881 14.2300758 -38.9885941 -0.8119368 -0.0185427 0.0058025 0.5834219
1403636762.063555 18.8796120 14.2524414 -38.9691734 -0.8100674 -0.0177229 0.0018087 0.5860661
1403636762.163555 18.8761177 14.2548904 -38.9604073 -0.8100585 -0.0300464 -0.0167648 0.5853388
1403636762.263556 18.8667488 14.2535400 -38.9518204 -0.8175561 -0.0307763 -0.0189520 0.5747135
1403636762.363555 18.8516235 14.2535324 -38.9493370 -0.8257753 -0.0266455 -0.0140343 0.5631947
1403636762.463556 18.8309441 14.2576027 -38.9601784 -0.8298143 -0.0187734 -0.0036962 0.5577115
1403636762.563555 18.8059406 14.2681313 -38.9779282 -0.8239984 -0.0016810 0.0200299 0.5662354
1403636762.663555 18.7849941 14.2813454 -39.0036469 -0.8164513 0.0109052 0.0374829 0.5760931
1403636762.763556 18.7722359 14.2937698 -39.0341187 -0.8136607 0.0048685 0.0286354 0.5806139
1403636762.863555 18.7683754 14.3024330 -39.0505142 -0.7943661 0.0033709 0.0271155 0.6068245
1403636762.963556 18.7760792 14.2884064 -39.0534668 -0.8054595 -0.0032838 0.0072802 0.5925969
1403636763.113555 18.7915535 14.2720909 -39.0673943 -0.8043661 0.0330110 0.0019632 0.5932130
1403636763.263556 18.7924118 14.2714043 -39.0801544 -0.8064749 0.0433286 0.0001893 0.5896785
1403636763.463556 18.7876053 14.2666321 -39.0801086 -0.8055567 0.0431239 -0.0007556 0.5909469
1403636763.663555 18.7820930 14.2611008 -39.0730820 -0.8054645 0.0434879 -0.0003856 0.5910462
1403636763.763556 18.7788277 14.2587471 -39.0675354 -0.8055509 0.0436583 -0.0004761 0.5909159
