1403638226.145097 0.0000000 0.0000000 0.0000000 -0.8299302 0.0055065 -0.0074551 0.5577902
1403638226.445097 -0.0298987 0.0103106 -0.0325028 -0.8278349 -0.0093557 -0.0325385 0.5599493
1403638226.695097 -0.0296885 0.0114160 -0.0297448 -0.8310149 -0.0097390 -0.0329971 0.5551853
1403638226.945097 -0.0291671 0.0101934 -0.0313299 -0.8285020 -0.0083635 -0.0303165 0.5591024
1403638227.195097 -0.0289619 0.0105012 -0.0321041 -0.8286949 -0.0082403 -0.0298883 0.5588413
1403638227.445097 -0.0291187 0.0100869 -0.0318542 -0.8282714 -0.0081838 -0.0301572 0.5594552
1403638227.695097 -0.0294193 0.0096290 -0.0328406 -0.8273274 -0.0079233 -0.0304277 0.5608393
1403638227.945097 -0.0288076 0.0100801 -0.0322207 -0.8282357 -0.0087190 -0.0300677 0.5595047
1403638228.195097 -0.0290165 0.0097340 -0.0335808 -0.8268816 -0.0075192 -0.0298551 0.5615326
1403638228.445097 -0.0295790 0.0097459 -0.0321382 -0.8280458 -0.0075791 -0.0304574 0.5597814
1403638228.695097 -0.0289613 0.0101834 -0.0326366 -0.8280523 -0.0082681 -0.0300664 0.5597830
1403638228.745097 -0.0286289 0.0099199 -0.0328815 -0.8274902 -0.0077837 -0.0299141 0.5606288
1403638228.795097 -0.0289132 0.0096296 -0.0329487 -0.8271030 -0.0076382 -0.0298354 0.5612060
1403638228.845097 -0.0296499 0.0092097 -0.0337720 -0.8267555 -0.0075138 -0.0301715 0.5617017
