1403638149095097088.000000 5.228606701 -3.471012115 1.461742043 -0.585258663 -0.583842993 -0.407809943 0.387673497
1403638149445096960.000000 5.207846165 -3.249223709 1.649461031 -0.582301795 -0.579794109 -0.409246057 0.396586865
1403638149695097088.000000 5.159226418 -3.121902466 1.755312443 -0.576330483 -0.585171461 -0.409083396 0.397578210
1403638150195097088.000000 5.010769367 -2.964494228 1.789217114 -0.557464302 -0.604086697 -0.412583947 0.392539710
1403638150445096960.000000 4.876884460 -2.890043736 1.745659351 -0.564243019 -0.611217856 -0.398179114 0.386647016
1403638150695097088.000000 4.697531223 -2.769773960 1.729782104 -0.561302185 -0.622076452 -0.376893163 0.394857287
1403638150945096960.000000 4.471968174 -2.593115330 1.779088020 -0.541301847 -0.632733166 -0.376442432 0.406118512
1403638151195097088.000000 4.185268879 -2.377645493 1.834731698 -0.513455212 -0.650549412 -0.367074102 0.422381252
1403638151445096960.000000 3.888466835 -2.190233231 1.788363814 -0.475768149 -0.679433346 -0.336136431 0.446124941
1403638151695097088.000000 3.591180325 -1.991760015 1.708187699 -0.442371815 -0.701286793 -0.312581658 0.463461727
1403638152495096832.000000 2.469981194 -1.429044962 1.883486748 -0.425706893 -0.713793695 -0.312321424 0.460138708
1403638152545097216.000000 2.390096664 -1.401120663 1.886341691 -0.425539464 -0.713524520 -0.312963068 0.460274994
1403638152945096960.000000 1.680583000 -1.181928873 1.929083347 -0.413663030 -0.718663216 -0.292101592 0.476532072
1403638153045097216.000000 1.494422078 -1.134404302 1.956351876 -0.403695732 -0.725025117 -0.283968240 0.480344087
1403638153095097088.000000 1.401879311 -1.110373497 1.972307920 -0.400543243 -0.728068233 -0.278380841 0.481649101
1403638153395097088.000000 0.829209983 -0.938137770 2.089738846 -0.379542738 -0.746670544 -0.260548413 0.480151117
1403638153595097088.000000 0.460247308 -0.827013612 2.163586617 -0.348248690 -0.764080405 -0.254109889 0.479929447
1403638153745096960.000000 0.173885629 -0.751796782 2.211726189 -0.328626752 -0.771408677 -0.237161636 0.490599126
1403638154245096960.000000 -0.868183494 -0.480021417 2.188183308 -0.292063534 -0.770035028 -0.222521633 0.521755874
1403638154345096960.000000 -1.071764231 -0.428034246 2.162627220 -0.289088935 -0.766195297 -0.224971682 0.527977526
1403638154445096960.000000 -1.289670706 -0.376966864 2.149401665 -0.286380231 -0.760679245 -0.229331508 0.535500228
1403638154845096960.000000 -2.142075539 -0.283283114 2.136849403 -0.276963234 -0.775402367 -0.213536680 0.525779963
1403638154895097088.000000 -2.244773626 -0.289255589 2.157020330 -0.273149639 -0.777647793 -0.212718159 0.524789751
1403638155095097088.000000 -2.641102076 -0.332996935 2.229785442 -0.253674388 -0.784432828 -0.204842046 0.527592957
1403638155495096832.000000 -3.396982908 -0.499622881 2.209474087 -0.214105174 -0.784398735 -0.190114215 0.550212979
1403638155545097216.000000 -3.492263079 -0.530544043 2.191961527 -0.210377738 -0.783118308 -0.182400048 0.556055129
1403638155595097088.000000 -3.588364363 -0.566001475 2.182527065 -0.205858842 -0.783618271 -0.175709471 0.559187710
1403638155645096960.000000 -3.683704853 -0.603010535 2.172072411 -0.200832993 -0.783098519 -0.167538077 0.564228594
1403638155695097088.000000 -3.778854370 -0.641219735 2.161024332 -0.196309745 -0.783177316 -0.159013823 0.568163931
1403638155995096832.000000 -4.330103397 -0.928743720 2.127728462 -0.146457881 -0.804158628 -0.106505863 0.566158652
1403638156095097088.000000 -4.494835377 -1.061800122 2.163058519 -0.124858163 -0.815743923 -0.087513119 0.557955027
1403638156245096960.000000 -4.733826637 -1.259724855 2.220459938 -0.104428299 -0.823532522 -0.059602782 0.554379463
1403638156295097088.000000 -4.811683655 -1.323675394 2.241271973 -0.096306540 -0.828378379 -0.053068906 0.549270451
1403638156645096960.000000 -5.387180328 -1.710917950 2.369383097 -0.069330335 -0.837863863 -0.031386316 0.540548265
1403638156945096960.000000 -5.903662682 -1.950733185 2.338592768 -0.068912074 -0.840455174 -0.033913568 0.536410391
1403638157295097088.000000 -6.575815201 -2.091850758 2.231436253 -0.078554615 -0.842609763 -0.033451956 0.531713307
1403638157395097088.000000 -6.772840023 -2.121790648 2.209716558 -0.070012033 -0.839914799 -0.037687492 0.536862314
1403638158045097216.000000 -8.113656998 -2.409101248 2.132916689 0.016178820 -0.827001870 0.013730280 0.561798751
1403638158395097088.000000 -8.889036179 -2.579769373 2.143316269 0.038125079 -0.826419711 0.038315985 0.560454249
1403638158445096960.000000 -8.996962547 -2.603446960 2.147946358 0.041424453 -0.825887561 0.035653662 0.561179698
1403638158695097088.000000 -9.525667191 -2.719728231 2.182404757 0.044881880 -0.824817240 0.029696094 0.562832415
1403638158795097088.000000 -9.718799591 -2.762326479 2.185391188 0.037026409 -0.827468872 0.036680695 0.559087634
1403638159095097088.000000 -10.306118011 -2.901660681 2.233206034 0.032149617 -0.841484070 0.040002447 0.537839115
1403638159295097088.000000 -10.743414879 -2.986501932 2.302511930 0.029612197 -0.850040257 0.038881563 0.524445474
1403638159395097088.000000 -10.972683907 -3.033548832 2.336791039 0.024720974 -0.838685811 0.041803740 0.542445838
1403638159495096832.000000 -11.203992844 -3.077547550 2.354532719 0.022681152 -0.823073268 0.044354018 0.565746188
1403638159895097088.000000 -12.017142296 -3.125421524 2.499664068 0.013297434 -0.801563144 0.059110437 0.594832420
1403638160345096960.000000 -12.706069946 -2.976605654 2.869837284 0.035232767 -0.827458620 0.034370311 0.559365451
1403638160445096960.000000 -12.817195892 -2.937069416 3.003678560 0.036726616 -0.833704114 0.031355321 0.550095856
1403638160545097216.000000 -12.934040070 -2.898244381 3.127077818 0.036439005 -0.834265649 0.032306481 0.549207985
1403638160645096960.000000 -13.064586639 -2.865602255 3.240613461 0.035170730 -0.835508049 0.032174870 0.547406793
1403638160745096960.000000 -13.216536522 -2.819128513 3.341628313 0.031961195 -0.833441138 0.034464803 0.550605714
1403638160945096960.000000 -13.542345047 -2.725410223 3.478703499 0.009939663 -0.814857304 0.039446052 0.578232527
1403638161195097088.000000 -13.896376610 -2.596253872 3.647957087 -0.039730288 -0.814745307 0.013896014 0.578289390
1403638161595097088.000000 -14.431918144 -2.216113567 4.011091709 -0.101935722 -0.824564099 -0.042569932 0.554879367
1403638161645096960.000000 -14.494178772 -2.157237291 4.052700996 -0.106478363 -0.825333118 -0.044016171 0.552765965
1403638161845096960.000000 -14.743560791 -1.918169856 4.215182304 -0.122002251 -0.822563350 -0.047835626 0.553368628
1403638161945096960.000000 -14.877700806 -1.777310491 4.290097713 -0.127245352 -0.818796396 -0.055626113 0.557033956
1403638162345096960.000000 -15.390795708 -1.131001234 4.486062050 -0.155043155 -0.819125116 -0.053346869 0.549681664
1403638162745096960.000000 -15.721454620 -0.487219870 4.580134869 -0.146874949 -0.823545754 -0.063120849 0.544257343
1403638162845096960.000000 -15.814674377 -0.310964823 4.592361450 -0.150842637 -0.821727455 -0.062476262 0.545992076
1403638162945096960.000000 -15.897402763 -0.132587880 4.619432926 -0.159850851 -0.812693596 -0.059886076 0.557126999
1403638163245096960.000000 -16.030138016 0.396453202 4.699650288 -0.176369041 -0.793758988 -0.080828942 0.576461136
1403638163445096960.000000 -16.067541122 0.747794509 4.780971050 -0.196060047 -0.789879322 -0.109734133 0.570622087
1403638163545097216.000000 -16.083473206 0.936861336 4.769955635 -0.204646140 -0.788619995 -0.118649133 0.567556977
1403638163645096960.000000 -16.108560562 1.140535951 4.770380974 -0.209633127 -0.791943550 -0.124512784 0.559799790
1403638163695097088.000000 -16.121635437 1.246231318 4.774657249 -0.210707694 -0.790822864 -0.127998039 0.560194612
1403638163895097088.000000 -16.173524857 1.661870360 4.797558308 -0.220280617 -0.783209205 -0.126553848 0.567489266
1403638163995096832.000000 -16.196886063 1.863590002 4.834266663 -0.220362082 -0.783766866 -0.124511778 0.567139328
1403638164045097216.000000 -16.208806992 1.965180039 4.861613274 -0.221003890 -0.783594787 -0.122254014 0.567618132
1403638164145096960.000000 -16.228610992 2.171108007 4.917069912 -0.221623689 -0.781904399 -0.118292771 0.570539534
1403638164545097216.000000 -16.250751495 3.023811340 5.054635048 -0.222424209 -0.780389607 -0.108085252 0.574314415
1403638164595097088.000000 -16.242616653 3.128039837 5.083329678 -0.219631210 -0.781864941 -0.109397650 0.573133171
1403638164745096960.000000 -16.194808960 3.411056519 5.173029423 -0.226495311 -0.774687529 -0.113462225 0.579383790
1403638164845096960.000000 -16.139671326 3.591765881 5.225158215 -0.220429778 -0.772976220 -0.134861946 0.579422772
1403638164895097088.000000 -16.111808777 3.682162523 5.245126724 -0.222213760 -0.774464428 -0.140791461 0.575329244
1403638164945096960.000000 -16.084384918 3.773860455 5.270135880 -0.221481904 -0.773917258 -0.146620050 0.574891686
1403638165095097088.000000 -15.991626740 4.049686432 5.305939198 -0.234440759 -0.764111042 -0.146802336 0.582770050
1403638165245096960.000000 -15.881564140 4.321934700 5.300888062 -0.249614179 -0.766095102 -0.145568520 0.574108899
1403638165345096960.000000 -15.802124977 4.511201382 5.292240143 -0.259349674 -0.770942569 -0.141267434 0.564295113
1403638165445096960.000000 -15.709178925 4.728262424 5.295972347 -0.263680965 -0.771164000 -0.143547297 0.561402440
1403638165495096832.000000 -15.655823708 4.839570999 5.297936916 -0.266448617 -0.769273043 -0.144668877 0.562401175
1403638165645096960.000000 -15.478011131 5.147598743 5.325541019 -0.261851311 -0.757344067 -0.160240665 0.576356590
1403638165745096960.000000 -15.357370377 5.357013226 5.331325054 -0.255795687 -0.753462493 -0.169311523 0.581546664
1403638165845096960.000000 -15.225916862 5.572333813 5.313959122 -0.255507857 -0.758027673 -0.170574144 0.575338423
1403638165895097088.000000 -15.155950546 5.677531242 5.306493759 -0.257408053 -0.761209309 -0.167977244 0.571038663
1403638165995096832.000000 -15.009237289 5.876639843 5.301774979 -0.257938623 -0.768928826 -0.165334821 0.561142325
1403638166045097216.000000 -14.936069489 5.973949432 5.299643040 -0.258398414 -0.773158908 -0.163713515 0.555565953
1403638166145096960.000000 -14.794094086 6.166461945 5.282351017 -0.255431175 -0.783302784 -0.165875956 0.541919649
1403638166245096960.000000 -14.652965546 6.360518456 5.275290012 -0.252382368 -0.786403298 -0.165963382 0.538822055
1403638166295097088.000000 -14.582440376 6.457882881 5.276683807 -0.251852125 -0.785060167 -0.165779725 0.541080654
1403638166395097088.000000 -14.447291374 6.649603367 5.286733627 -0.245151550 -0.787229240 -0.168702975 0.540101945
1403638166495096832.000000 -14.315382957 6.829457283 5.324604988 -0.243397757 -0.788612127 -0.168450266 0.538955510
1403638166545097216.000000 -14.250050545 6.917461395 5.342773914 -0.245085925 -0.787173033 -0.164832249 0.541407406
1403638166645096960.000000 -14.116437912 7.090667248 5.384587765 -0.245197311 -0.787937522 -0.163943484 0.540513992
1403638166695097088.000000 -14.048038483 7.175712585 5.410657406 -0.241109356 -0.784676909 -0.164177284 0.546986520
1403638166745096960.000000 -13.986482620 7.261576176 5.431378841 -0.243502006 -0.787590325 -0.161128685 0.542628706
1403638166845096960.000000 -13.868842125 7.422549725 5.475142956 -0.250089973 -0.790239632 -0.146216139 0.539997399
1403638166895097088.000000 -13.814727783 7.498337746 5.507850647 -0.255084485 -0.793627977 -0.138164744 0.534786940
1403638166995096832.000000 -13.708063126 7.657156944 5.575150490 -0.265655756 -0.799960136 -0.125696659 0.523155034
1403638167045097216.000000 -13.662058830 7.735961914 5.610448837 -0.265172124 -0.805564702 -0.126864403 0.514446020
1403638167095097088.000000 -13.619715691 7.815300941 5.642558575 -0.264392912 -0.807493746 -0.127707466 0.511606395
1403638167295097088.000000 -13.468602180 8.157707214 5.783982754 -0.256119251 -0.807914793 -0.140492424 0.511799335
1403638167395097088.000000 -13.405229568 8.339804649 5.832511902 -0.253094584 -0.804299176 -0.144094467 0.517960310
1403638167445096960.000000 -13.373948097 8.429127693 5.856522083 -0.254321456 -0.804381669 -0.144708425 0.517059147
1403638167545097216.000000 -13.325125694 8.615969658 5.892613411 -0.258942425 -0.800710261 -0.143726036 0.520725250
1403638167645096960.000000 -13.277085304 8.808873177 5.926742077 -0.261606544 -0.797000110 -0.141416639 0.525694013
1403638167745096960.000000 -13.213927269 9.009772301 5.945712566 -0.270377517 -0.785741925 -0.142003775 0.537903845
1403638167845096960.000000 -13.149970055 9.221893311 5.970750809 -0.282772362 -0.779759824 -0.143612236 0.539805532
1403638167945096960.000000 -13.083864212 9.445837021 6.010842323 -0.294689953 -0.772784293 -0.150512919 0.541579306
1403638168045097216.000000 -13.016376495 9.676446915 6.057615280 -0.305929363 -0.771744430 -0.161171004 0.533705711
1403638168095097088.000000 -12.978725433 9.790751457 6.089772224 -0.311116189 -0.770364583 -0.164248094 0.531759083
1403638168195097088.000000 -12.892105103 10.020654678 6.168157578 -0.323194265 -0.759706438 -0.173202559 0.537021935
1403638168245096960.000000 -12.839998245 10.137584686 6.208425522 -0.324795336 -0.756797314 -0.183010742 0.536910594
1403638168295097088.000000 -12.783926010 10.257348061 6.246501446 -0.329417288 -0.753351986 -0.190108791 0.536473513
1403638168345096960.000000 -12.721859932 10.378062248 6.281367302 -0.334446102 -0.750814736 -0.197345689 0.534301281
1403638168395097088.000000 -12.658895493 10.499317169 6.317429543 -0.340029299 -0.747396231 -0.203906313 0.533105314
1403638168445096960.000000 -12.594746590 10.620567322 6.353773117 -0.343681633 -0.746034443 -0.211810648 0.529577076
1403638168495096832.000000 -12.530112267 10.742074013 6.389556408 -0.350274980 -0.749300003 -0.215786487 0.518934608
1403638168545097216.000000 -12.465946198 10.864424706 6.426340580 -0.351611316 -0.751114249 -0.222973719 0.512327731
1403638168645096960.000000 -12.338189125 11.110380173 6.497624874 -0.353157073 -0.759407699 -0.233450145 0.494045705
1403638168695097088.000000 -12.276532173 11.237098694 6.535191536 -0.351201475 -0.763350666 -0.238505259 0.486896932
1403638168745096960.000000 -12.219694138 11.370600700 6.564564705 -0.352659464 -0.766039968 -0.240372837 0.480660856
1403638168795097088.000000 -12.167576790 11.505931854 6.594459534 -0.356146067 -0.763980269 -0.239963338 0.481572241
1403638168845096960.000000 -12.113905907 11.640128136 6.621581078 -0.356550306 -0.765043616 -0.240856543 0.479132980
1403638168945096960.000000 -12.012825012 11.909964561 6.672907829 -0.352895588 -0.769159198 -0.242750689 0.474268854
1403638169045097216.000000 -11.921276093 12.189395905 6.721467018 -0.346723706 -0.772082388 -0.244618610 0.473110139
1403638169145096960.000000 -11.833351135 12.467193604 6.758490086 -0.344574034 -0.765212119 -0.240933448 0.487514257
1403638169245096960.000000 -11.745942116 12.747968674 6.766332626 -0.348181456 -0.758326352 -0.230417967 0.500617862
1403638169345096960.000000 -11.651934624 13.032855988 6.769573689 -0.359466821 -0.748322845 -0.219837695 0.512316227
1403638169395097088.000000 -11.606629372 13.174966812 6.762903214 -0.366486788 -0.741255343 -0.216505468 0.518992722
1403638169495096832.000000 -11.513388634 13.461236000 6.735952377 -0.375524342 -0.727733195 -0.217821345 0.530980051
1403638169595097088.000000 -11.403234482 13.744087219 6.682081223 -0.385793388 -0.721594512 -0.231753677 0.526075244
1403638169645096960.000000 -11.339827538 13.883843422 6.655063152 -0.392528147 -0.716300964 -0.236369208 0.526273966
1403638169745096960.000000 -11.201079369 14.160253525 6.606124401 -0.405228198 -0.710286736 -0.253188640 0.516893089
1403638169795097088.000000 -11.128015518 14.292614937 6.589782238 -0.411610186 -0.708664536 -0.261328667 0.509979367
1403638169845096960.000000 -11.055157661 14.419272423 6.590785027 -0.422467858 -0.703940570 -0.270530999 0.502793729
1403638169895097088.000000 -10.992462158 14.529465675 6.600988388 -0.433925867 -0.696046770 -0.275701165 0.501214623
1403638169995096832.000000 -10.885728836 14.701653481 6.638046265 -0.441936463 -0.689865530 -0.305884689 0.484986991
1403638170045097216.000000 -10.836541176 14.779950142 6.664041042 -0.447700828 -0.682084262 -0.315701157 0.484414905
1403638170145096960.000000 -10.735426903 14.903991699 6.723112583 -0.461300492 -0.669462740 -0.328841746 0.480504602
1403638170245096960.000000 -10.638202667 15.014575005 6.780110359 -0.482389152 -0.655125201 -0.334553957 0.475589514
1403638170345096960.000000 -10.542695999 15.115915298 6.835093021 -0.503064990 -0.641498923 -0.338982463 0.469569832
1403638170395097088.000000 -10.494122505 15.161521912 6.858706951 -0.514136136 -0.635690868 -0.340614259 0.464266300
1403638170495096832.000000 -10.398577690 15.256982803 6.883047581 -0.533649445 -0.624496758 -0.347472072 0.452200413
1403638170545097216.000000 -10.352200508 15.305994034 6.889567375 -0.544092476 -0.615245342 -0.348768026 0.451439321
1403638170595097088.000000 -10.310343742 15.354798317 6.897276878 -0.556381464 -0.606939852 -0.349332005 0.447248161
1403638170795097088.000000 -10.141502380 15.563416481 6.969964504 -0.581922233 -0.575439394 -0.370156199 0.439568549
1403638170845096960.000000 -10.094257355 15.619498253 6.983149529 -0.587283194 -0.569037437 -0.376814336 0.435092866
1403638170995096832.000000 -9.947412491 15.791467667 6.970741749 -0.601232827 -0.554625273 -0.395654976 0.417572707
1403638171045097216.000000 -9.896728516 15.846529961 6.963071823 -0.607589424 -0.547959089 -0.400235742 0.412779897
1403638171095097088.000000 -9.843182564 15.898719788 6.960735798 -0.612998605 -0.541023433 -0.404077023 0.410180777
1403638171345096960.000000 -9.516937256 16.133918762 6.878694057 -0.621078312 -0.518370628 -0.423222899 0.407965660
1403638171545097216.000000 -9.213569641 16.296779633 6.805285931 -0.629427969 -0.505071878 -0.428570002 0.406264216
1403638171595097088.000000 -9.132476807 16.327243805 6.791950226 -0.631257951 -0.502138138 -0.430137336 0.405404240
1403638171645096960.000000 -9.046230316 16.351369858 6.773570061 -0.632015944 -0.496284217 -0.433838665 0.407482296
1403638171695097088.000000 -8.959759712 16.373014450 6.754279137 -0.634817421 -0.491377294 -0.435192257 0.407630771
1403638171745096960.000000 -8.873034477 16.391284943 6.736397266 -0.640912294 -0.484681934 -0.433929324 0.407455653
1403638171845096960.000000 -8.708259583 16.412305832 6.718750954 -0.648348272 -0.475862145 -0.435676068 0.404210627
1403638171945096960.000000 -8.536540031 16.420690536 6.708177567 -0.649401486 -0.469247609 -0.442610115 0.402716607
1403638171995096832.000000 -8.447117805 16.420513153 6.704233170 -0.649576068 -0.468012601 -0.446380198 0.399699777
1403638172095097088.000000 -8.264152527 16.412603378 6.698085308 -0.649899304 -0.466386795 -0.452356577 0.394319564
1403638172195097088.000000 -8.076996803 16.393806458 6.687118530 -0.648206353 -0.464956999 -0.457601935 0.392739117
1403638172345096960.000000 -7.789578438 16.317289352 6.677659035 -0.642739713 -0.461316764 -0.467321545 0.394566923
1403638172495096832.000000 -7.493364334 16.205789566 6.648104668 -0.641391695 -0.457964331 -0.468144804 0.399657130
1403638172545097216.000000 -7.393652439 16.162452698 6.639284611 -0.639188468 -0.459213585 -0.469364673 0.400322288
1403638172595097088.000000 -7.294562817 16.114490509 6.628545284 -0.638089001 -0.459113955 -0.469633043 0.401872754
1403638172645096960.000000 -7.194894314 16.062061310 6.615810871 -0.639370501 -0.456238836 -0.466870397 0.406304806
1403638172745096960.000000 -6.997458935 15.935591698 6.588198185 -0.641716957 -0.456400931 -0.461249650 0.408835411
1403638172845096960.000000 -6.777442932 15.793193817 6.567775249 -0.643345237 -0.457739502 -0.454350770 0.412488699
1403638172945096960.000000 -6.541044235 15.645820618 6.535349369 -0.641239405 -0.461636543 -0.451801032 0.414221764
1403638173045097216.000000 -6.308388710 15.485070229 6.477360725 -0.642640471 -0.467423618 -0.444394410 0.413572311
1403638173095097088.000000 -6.195798874 15.394141197 6.443601608 -0.646036983 -0.468770325 -0.437602729 0.413998067
1403638173195097088.000000 -5.963729858 15.213159561 6.358679771 -0.645915449 -0.474819243 -0.434313178 0.410745680
1403638173295097088.000000 -5.733935356 15.019139290 6.234768391 -0.641770422 -0.480775505 -0.438160270 0.406203330
1403638173345096960.000000 -5.619942188 14.920332909 6.173764706 -0.641084313 -0.485116243 -0.438879490 0.401320159
1403638173395097088.000000 -5.504159927 14.820672035 6.112386227 -0.637475669 -0.489063144 -0.444057941 0.396553338
1403638173495096832.000000 -5.271425247 14.606572151 5.982758045 -0.632108152 -0.499858767 -0.451159656 0.383452117
1403638173545097216.000000 -5.157357216 14.500988960 5.912189007 -0.628676593 -0.503592670 -0.456501186 0.377844930
1403638173645096960.000000 -4.932749271 14.296279907 5.736028194 -0.629826248 -0.504800260 -0.455746382 0.375221223
1403638173695097088.000000 -4.826544285 14.190735817 5.647514820 -0.631060660 -0.507836342 -0.453137457 0.372197747
1403638173745096960.000000 -4.722774506 14.084593773 5.560666084 -0.634421468 -0.504857421 -0.449934512 0.374416023
1403638173795097088.000000 -4.616663933 13.982857704 5.482957840 -0.636009336 -0.507270634 -0.445800096 0.373404443
1403638173845096960.000000 -4.505628109 13.874973297 5.408948421 -0.640668869 -0.506554186 -0.441684186 0.371296972
1403638173895097088.000000 -4.392060757 13.759719849 5.338086128 -0.642165601 -0.509354651 -0.441219032 0.365386188
1403638173945096960.000000 -4.275384426 13.633148193 5.269722462 -0.641166031 -0.510996759 -0.439387381 0.367052019
1403638173995096832.000000 -4.153992653 13.489030838 5.204524040 -0.640601635 -0.515950561 -0.436106473 0.365014762
1403638174045097216.000000 -4.028747082 13.333369255 5.148687363 -0.643418968 -0.519927621 -0.430646479 0.360875338
1403638174095097088.000000 -3.901322842 13.174526215 5.104513168 -0.643480122 -0.526039720 -0.428552330 0.354342341
1403638174145096960.000000 -3.773956537 13.018608093 5.057828426 -0.643550813 -0.530639291 -0.429800630 0.345739484
1403638174195097088.000000 -3.653316498 12.865388870 5.004649162 -0.645381987 -0.531630218 -0.427300483 0.343897879
1403638174245096960.000000 -3.533034086 12.713648796 4.950748920 -0.646903813 -0.533529937 -0.424896002 0.341064125
1403638174295097088.000000 -3.412144184 12.565123558 4.897939682 -0.648529291 -0.535113811 -0.421264529 0.339998901
1403638174345096960.000000 -3.290352821 12.424333572 4.848006725 -0.648674548 -0.537088454 -0.420630664 0.337383032
1403638174395097088.000000 -3.169448376 12.287681580 4.798028469 -0.651643693 -0.536262631 -0.416798145 0.337731093
1403638174495096832.000000 -2.926374435 12.017721176 4.707895279 -0.652417541 -0.537537873 -0.415485412 0.335821986
1403638174545097216.000000 -2.799699783 11.873146057 4.667158604 -0.653393567 -0.537745953 -0.413608134 0.335908443
1403638174595097088.000000 -2.669682026 11.727362633 4.630186081 -0.652569592 -0.540850163 -0.413732857 0.332353920
1403638174645096960.000000 -2.541172743 11.584234238 4.594584942 -0.653889418 -0.542847753 -0.411027819 0.329850167
1403638174695097088.000000 -2.414702177 11.443642616 4.560712337 -0.654144406 -0.544885516 -0.410175800 0.327033192
1403638174745096960.000000 -2.291049004 11.306699753 4.526993752 -0.655213594 -0.547773600 -0.407257587 0.323698312
1403638174845096960.000000 -2.051866770 11.051918983 4.464128971 -0.654887438 -0.551722586 -0.405945420 0.319269627
1403638174945096960.000000 -1.816292882 10.813749313 4.397186756 -0.654384315 -0.553877413 -0.406555951 0.315774053
1403638174995096832.000000 -1.697864056 10.696296692 4.373649597 -0.657163739 -0.552674592 -0.404086351 0.315278947
1403638175045097216.000000 -1.577450037 10.582678795 4.370486259 -0.654627621 -0.554141462 -0.407035947 0.314184219
1403638175095097088.000000 -1.455031514 10.477562904 4.372570038 -0.655456424 -0.553981543 -0.406487495 0.313447505
1403638175145096960.000000 -1.332035661 10.376499176 4.381971836 -0.652836859 -0.554245114 -0.410551310 0.313151628
1403638175245096960.000000 -1.085270524 10.177295685 4.413125515 -0.650012493 -0.554833174 -0.414876461 0.312284380
1403638175395097088.000000 -0.723633528 9.891862869 4.463011265 -0.657386243 -0.559441626 -0.406032711 0.300009698
1403638175495096832.000000 -0.489099354 9.703457832 4.510262012 -0.657081783 -0.564930677 -0.404135227 0.292868018
1403638175595097088.000000 -0.270737976 9.520771980 4.560423851 -0.660473645 -0.571904659 -0.396593720 0.281803250
1403638175645096960.000000 -0.160865456 9.440802574 4.578210831 -0.667146981 -0.574181676 -0.386215866 0.275803596
1403638175745096960.000000 0.058034223 9.301437378 4.606368542 -0.670747340 -0.580032051 -0.376797676 0.267739624
1403638175795097088.000000 0.158796027 9.247999191 4.616445541 -0.670813322 -0.581006825 -0.375903875 0.266714901
1403638175845096960.000000 0.263388932 9.205488205 4.620425224 -0.670528829 -0.585134029 -0.373581856 0.261621833
1403638175945096960.000000 0.472597927 9.132861137 4.607369423 -0.671058774 -0.588446915 -0.371704578 0.255433112
1403638175995096832.000000 0.576099515 9.105439186 4.597483158 -0.666588426 -0.590870023 -0.376803994 0.254069358
1403638176045097216.000000 0.677576780 9.084156036 4.587536335 -0.663382828 -0.591644347 -0.380160987 0.255651772
1403638176145096960.000000 0.872611821 9.048810959 4.565960407 -0.651740193 -0.586553693 -0.399911344 0.266946673
1403638176195097088.000000 0.967277288 9.032341957 4.544238567 -0.645923316 -0.579180777 -0.410110623 0.281322151
1403638176345096960.000000 1.243324995 9.003874779 4.495718479 -0.638468385 -0.562956274 -0.426281333 0.306141585
1403638176495096832.000000 1.483312249 8.984214783 4.480947971 -0.636704087 -0.561243355 -0.430265754 0.307384521
1403638176695097088.000000 1.774139404 9.000076294 4.444142818 -0.642322779 -0.556209147 -0.427279383 0.309006840
1403638176795097088.000000 1.880012512 9.010263443 4.454100609 -0.645249009 -0.555448294 -0.423815578 0.309049070
1403638176845096960.000000 1.925193071 9.018953323 4.469529629 -0.648549974 -0.552217484 -0.421106219 0.311622083
1403638176895097088.000000 1.969285250 9.028614044 4.485564232 -0.649508119 -0.550134420 -0.420348108 0.314322919
1403638177195097088.000000 2.268737078 9.111823082 4.449299335 -0.641469121 -0.556417465 -0.428930730 0.308116078
1403638177395097088.000000 2.446590424 9.215707779 4.373947144 -0.641901076 -0.561760187 -0.427456737 0.299448282
1403638177445096960.000000 2.485815525 9.250233650 4.362457275 -0.644613087 -0.559733570 -0.424109578 0.302164555
1403638177595097088.000000 2.594018459 9.360476494 4.297211647 -0.645643711 -0.552745759 -0.419918746 0.318252504
1403638177745096960.000000 2.690494061 9.500450134 4.203131199 -0.649681807 -0.543250918 -0.415706009 0.331633151
1403638177795097088.000000 2.723003149 9.550450325 4.159529209 -0.651430547 -0.538135827 -0.415031940 0.337337404
1403638177945096960.000000 2.818536997 9.704396248 4.047866821 -0.652195215 -0.524926662 -0.420381844 0.349817961
1403638178145096960.000000 2.942439318 9.898132324 3.879582167 -0.648869514 -0.515991569 -0.437016726 0.348909080
1403638178295097088.000000 3.055242300 9.994892120 3.757157803 -0.663244665 -0.500754714 -0.441622138 0.338114083
1403638178345096960.000000 3.092232227 10.018969536 3.743226767 -0.667589068 -0.493248850 -0.446094543 0.334708959
1403638178445096960.000000 3.170486927 10.064839363 3.715199232 -0.673405290 -0.475235403 -0.459583908 0.330846280
1403638178595097088.000000 3.298606873 10.116993904 3.636853456 -0.698255479 -0.448274940 -0.464466810 0.309450239
1403638178645096960.000000 3.341151476 10.133666992 3.611831188 -0.705845892 -0.439250290 -0.465776920 0.303138167
1403638178795097088.000000 3.478787661 10.171390533 3.550632000 -0.725218773 -0.410456061 -0.473344564 0.285532027
1403638178895097088.000000 3.574011564 10.190554619 3.497746944 -0.737466335 -0.399623483 -0.474165380 0.267603815
1403638178995096832.000000 3.670897961 10.204986572 3.427592278 -0.748377383 -0.388405323 -0.472129285 0.257228822
1403638179045097216.000000 3.719523430 10.211769104 3.394047737 -0.751667261 -0.386468470 -0.471281469 0.252056152
1403638179145096960.000000 3.812517643 10.232389450 3.340618849 -0.758612156 -0.383715928 -0.468848735 0.239688501
1403638179195097088.000000 3.859460115 10.244309425 3.316805124 -0.759459734 -0.382446766 -0.471067667 0.234628588
1403638179295097088.000000 3.953273773 10.263360023 3.281454086 -0.763831735 -0.379824907 -0.472795457 0.220813453
1403638179395097088.000000 4.047981739 10.292908669 3.236138344 -0.764448285 -0.369916469 -0.482773870 0.213799149
1403638179445096960.000000 4.096342087 10.311215401 3.210974455 -0.764254808 -0.360583752 -0.490427524 0.213013604
1403638179495096832.000000 4.141483784 10.329886436 3.184731245 -0.764450610 -0.346166849 -0.498830885 0.216683283
1403638179595097088.000000 4.227118969 10.368532181 3.117370844 -0.768640041 -0.325883627 -0.509593964 0.208101913
1403638179645096960.000000 4.270656109 10.387690544 3.078103065 -0.771276474 -0.315619230 -0.513786972 0.203813940
1403638179695097088.000000 4.315406322 10.408590317 3.038293362 -0.773557246 -0.308371484 -0.517556667 0.196599603
1403638179745096960.000000 4.362092018 10.434444427 2.996890783 -0.776661634 -0.297382146 -0.521807015 0.189941823
1403638179795097088.000000 4.407705784 10.460287094 2.958267689 -0.780829489 -0.285909146 -0.524350941 0.183350399
1403638179995096832.000000 4.608304024 10.584351540 2.751944304 -0.789459050 -0.251028836 -0.537055910 0.159090802
1403638180045097216.000000 4.658455372 10.621521950 2.696800947 -0.793407917 -0.243339166 -0.535779119 0.155661747
1403638180145096960.000000 4.757084370 10.697118759 2.613146067 -0.799443603 -0.231965825 -0.533529639 0.149759397
1403638180195097088.000000 4.809347630 10.735905647 2.569478989 -0.797821820 -0.227775484 -0.538428605 0.147286415
1403638180295097088.000000 4.906849861 10.806847572 2.463862181 -0.801013172 -0.223738119 -0.536950469 0.141432986
1403638180445096960.000000 5.037922859 10.934323311 2.224998236 -0.802981734 -0.221858740 -0.535828233 0.137430668
1403638180495096832.000000 5.078495979 10.979462624 2.140855074 -0.800611675 -0.222902879 -0.539359868 0.135743245
1403638180545097216.000000 5.115045071 11.024108887 2.059317589 -0.799633622 -0.224629939 -0.540571272 0.133829147
1403638180695097088.000000 5.207075596 11.155803680 1.809349895 -0.803357124 -0.231251821 -0.534482956 0.124370515
1403638180745096960.000000 5.235738277 11.196331978 1.720916986 -0.803724527 -0.232902676 -0.533780813 0.121907383
1403638180895097088.000000 5.288295746 11.318803787 1.451678514 -0.804983616 -0.241607159 -0.528293014 0.120556630
1403638180945096960.000000 5.299118042 11.360782623 1.361144900 -0.801983953 -0.241395101 -0.532249093 0.123535916
1403638181145096960.000000 5.314406395 11.512706757 1.017166853 -0.800849736 -0.235864863 -0.534475386 0.131694645
1403638181195097088.000000 5.314435959 11.546845436 0.933661819 -0.798716724 -0.231853858 -0.538187146 0.136565477
1403638181245096960.000000 5.312547207 11.583200455 0.855657816 -0.797226310 -0.224388972 -0.541820824 0.143213406
1403638181545097216.000000 5.274344444 11.843480110 0.393097818 -0.794697642 -0.177097529 -0.561546385 0.147505477
1403638181595097088.000000 5.258057117 11.884532928 0.307691574 -0.793224990 -0.166160151 -0.567808986 0.144145399
1403638181795097088.000000 5.145342827 12.036944389 -0.017166341 -0.800002754 -0.137769237 -0.574938536 0.102278642
1403638181845096960.000000 5.112080574 12.073826790 -0.094939299 -0.802758157 -0.131355375 -0.574590027 0.090396293
1403638181895097088.000000 5.076543331 12.109971046 -0.167408645 -0.805593491 -0.123978749 -0.573937654 0.079019330
1403638181945096960.000000 5.040739059 12.146571159 -0.232076332 -0.805527687 -0.117367908 -0.576144040 0.073538914
1403638182095097088.000000 4.953001022 12.263381958 -0.413228035 -0.809485197 -0.097880416 -0.575654924 0.061438344
1403638182195097088.000000 4.883345604 12.339151382 -0.524529159 -0.812745035 -0.091980502 -0.572846651 0.053214155
1403638182245096960.000000 4.848861217 12.378218651 -0.589211762 -0.815228164 -0.086571090 -0.570135772 0.053420804
1403638182445096960.000000 4.717624664 12.548803329 -0.893234015 -0.826525152 -0.077597640 -0.555127978 0.051648930
1403638182895097088.000000 4.365048409 12.993461609 -1.557828426 -0.819556713 -0.096295215 -0.563385248 0.040632684
1403638182995096832.000000 4.271368027 13.093599319 -1.699708104 -0.811420441 -0.098587193 -0.574459791 0.043282930
1403638183245096960.000000 3.978977919 13.325356483 -2.133680105 -0.807536542 -0.106001750 -0.579087138 0.036145385
1403638183645096960.000000 3.426553011 13.825290680 -2.873075247 -0.816826224 -0.112020530 -0.565034628 0.031342190
1403638183695097088.000000 3.357219458 13.894388199 -2.970267296 -0.813102961 -0.113334879 -0.570228636 0.029295007
1403638183845096960.000000 3.139691353 14.120150566 -3.217835188 -0.796556115 -0.109534152 -0.593398035 0.037142057
1403638183895097088.000000 3.060028315 14.200545311 -3.290432930 -0.791807890 -0.109994687 -0.599514961 0.039027631
1403638183945096960.000000 2.975573301 14.280875206 -3.362089157 -0.790801704 -0.110095419 -0.600964129 0.036794037
1403638184145096960.000000 2.596937656 14.614537239 -3.604126930 -0.800466895 -0.104886748 -0.588899076 0.038071174
1403638184195097088.000000 2.491538763 14.699706078 -3.658941507 -0.803819835 -0.101424247 -0.584701896 0.041357834
1403638184295097088.000000 2.260481358 14.870458603 -3.752609015 -0.808410466 -0.097097442 -0.579115272 0.040866420
1403638184345096960.000000 2.140967846 14.956427574 -3.798972368 -0.805334449 -0.098141298 -0.583246171 0.040358175
1403638184445096960.000000 1.898108840 15.127563477 -3.904085875 -0.799341142 -0.093957603 -0.591955185 0.042599238
1403638184495096832.000000 1.775217533 15.216371536 -3.967210293 -0.796848118 -0.094620861 -0.595303297 0.041158475
1403638184545097216.000000 1.651393652 15.304147720 -4.034474850 -0.794038713 -0.091576397 -0.599400401 0.042840518
1403638184845096960.000000 0.902961493 15.839733124 -4.438262939 -0.794494212 -0.092521124 -0.598729908 0.041729551
1403638185395097088.000000 -0.778600037 16.755416870 -5.137288094 -0.791490972 -0.100582637 -0.602285504 0.026024107
1403638185495096832.000000 -1.124235272 16.921520233 -5.255939007 -0.780845702 -0.108267277 -0.614585280 0.029035369
1403638185695097088.000000 -1.890131831 17.292070389 -5.449359894 -0.775683463 -0.134039626 -0.615475595 0.039223511
1403638185745096960.000000 -2.091766596 17.386320114 -5.500641346 -0.775359750 -0.136110783 -0.615043283 0.044866037
1403638185945096960.000000 -2.944158792 17.774141312 -5.692033291 -0.785939813 -0.132478133 -0.598203480 0.083070979
1403638186045097216.000000 -3.401163578 17.974721909 -5.766137123 -0.790890932 -0.134266183 -0.590774775 0.086309224
1403638186095097088.000000 -3.637574911 18.073602676 -5.797828674 -0.791890919 -0.136616826 -0.589231908 0.083966635
1403638186245096960.000000 -4.349651337 18.369916916 -5.886563778 -0.786972761 -0.144099981 -0.594722509 0.078831121
1403638186295097088.000000 -4.586718559 18.470663071 -5.901548862 -0.786630154 -0.145838335 -0.595047891 0.076564558
1403638186445096960.000000 -5.313131332 18.771354675 -5.944092274 -0.784931540 -0.148761451 -0.597126484 0.072059348
1403638186545097216.000000 -5.808382034 18.964735031 -5.983842373 -0.782929480 -0.151127279 -0.599302351 0.070842735
1403638186595097088.000000 -6.060674191 19.058851242 -6.008550644 -0.787088513 -0.150525555 -0.594152629 0.069401018
1403638186645096960.000000 -6.316362381 19.150753021 -6.036847115 -0.787290633 -0.149410918 -0.594274580 0.068465568
1403638186895097088.000000 -7.627290726 19.602380753 -6.162580490 -0.779673934 -0.172002316 -0.599461198 0.056304362
1403638186945096960.000000 -7.890055656 19.691621780 -6.195729256 -0.778630674 -0.178414285 -0.598668158 0.059152715
1403638186995096832.000000 -8.156135559 19.782863617 -6.228644848 -0.777688324 -0.186190858 -0.597072124 0.063551515
1403638187045097216.000000 -8.425632477 19.876342773 -6.260010242 -0.775303841 -0.192954212 -0.596888185 0.073464468
1403638187095097088.000000 -8.698868752 19.970983505 -6.290088177 -0.773954988 -0.203835770 -0.594010353 0.081218116
1403638187245096960.000000 -9.539875031 20.271831512 -6.400024891 -0.759380102 -0.235098496 -0.595594704 0.115488432
1403638187295097088.000000 -9.825711250 20.373418808 -6.439400196 -0.751327753 -0.245648324 -0.599259257 0.126696214
1403638187345096960.000000 -10.112780571 20.471632004 -6.487834930 -0.746225119 -0.255764097 -0.599402070 0.135831133
1403638187445096960.000000 -10.697426796 20.662719727 -6.588117599 -0.737316787 -0.272521079 -0.599472463 0.150761992
1403638187495096832.000000 -10.994797707 20.756095886 -6.640092850 -0.735620320 -0.281780750 -0.596465588 0.153919607
1403638187695097088.000000 -12.195309639 21.128763199 -6.821005344 -0.747084320 -0.299674839 -0.572030902 0.157609165
1403638187745096960.000000 -12.499211311 21.218647003 -6.864806175 -0.747127354 -0.302578896 -0.570624590 0.156953648
1403638187845096960.000000 -13.117781639 21.393892288 -6.961906433 -0.745376527 -0.308248460 -0.570713937 0.153890625
1403638188245096960.000000 -15.730578423 22.112867355 -7.428393364 -0.726030886 -0.315012723 -0.595978141 0.135853782
1403638188695097088.000000 -19.003009796 22.877727509 -8.006196976 -0.707480907 -0.296523213 -0.617693663 0.173203200
1403638188895097088.000000 -20.607906342 23.176034927 -8.252380371 -0.712189078 -0.309931010 -0.603636682 0.179867372
1403638189245096960.000000 -23.588771820 23.622306824 -8.607295036 -0.710144937 -0.344592899 -0.582520425 0.193958685
1403638189495096832.000000 -25.792457581 23.880317688 -8.876085281 -0.711679935 -0.385728836 -0.550406277 0.204396158
1403638189895097088.000000 -29.401767731 24.274696350 -9.390745163 -0.724076986 -0.406250805 -0.516658902 0.209132701
1403638190345096960.000000 -33.560512543 24.800884247 -10.082637787 -0.692859769 -0.407582581 -0.555069149 0.213822618
1403638190695097088.000000 -36.959480286 25.239995956 -10.717334747 -0.678103149 -0.432182372 -0.552330136 0.219831780
1403638191045097216.000000 -40.520923615 25.737577438 -11.408549309 -0.677219987 -0.441321641 -0.542312980 0.229139924
1403638191445096960.000000 -44.872333527 26.407611847 -12.144360542 -0.695756376 -0.439970344 -0.519295275 0.229525000
1403638191645096960.000000 -47.111610413 26.771457672 -12.477245331 -0.696133971 -0.437941849 -0.520979524 0.228439808
1403638191895097088.000000 -49.934959412 27.269330978 -12.871192932 -0.692370534 -0.444324195 -0.524990797 0.218137130
1403638191945096960.000000 -50.504261017 27.374448776 -12.952318192 -0.693152130 -0.443963438 -0.524257362 0.218153194
1403638192045097216.000000 -51.653018951 27.584018707 -13.103940010 -0.688889980 -0.444869041 -0.527784824 0.221281290
1403638192245096960.000000 -53.985389709 28.021814346 -13.393944740 -0.682018101 -0.445453107 -0.533207774 0.228281334
1403638192345096960.000000 -55.175140381 28.244998932 -13.526995659 -0.677144706 -0.439106494 -0.538656890 0.241887286
1403638192395097088.000000 -55.775276184 28.355821609 -13.592451096 -0.674889743 -0.436965406 -0.541646421 0.245365471
1403638192445096960.000000 -56.380302429 28.463588715 -13.660571098 -0.676400065 -0.435116559 -0.539851785 0.248428360
1403638192495096832.000000 -56.989379883 28.569465637 -13.731182098 -0.671459138 -0.432279021 -0.544997096 0.255452096
1403638192645096960.000000 -58.824913025 28.848134995 -13.963382721 -0.662527919 -0.431325316 -0.554908037 0.259021789
1403638192845096960.000000 -61.278408051 29.157073975 -14.297518730 -0.652012587 -0.419452786 -0.567767918 0.276728362
1403638192895097088.000000 -61.898414612 29.219963074 -14.384135246 -0.650001526 -0.414502919 -0.569953382 0.284321100
1403638192945096960.000000 -62.521373749 29.277492523 -14.472972870 -0.647276282 -0.408074558 -0.572668552 0.294209570
1403638193095097088.000000 -64.412818909 29.433475494 -14.712989807 -0.640210927 -0.406114489 -0.573503852 0.310313344
1403638193145096960.000000 -65.050445557 29.477874756 -14.790546417 -0.643315077 -0.412558109 -0.566438019 0.308365822
1403638193395097088.000000 -68.313140869 29.594871521 -15.109524727 -0.645082951 -0.439437360 -0.551700354 0.293921113
1403638193495096832.000000 -69.640983582 29.619493484 -15.216484070 -0.636307061 -0.448675036 -0.557257473 0.288562119
1403638193595097088.000000 -70.968261719 29.629364014 -15.354916573 -0.636056721 -0.448536396 -0.556312501 0.291141689
1403638193695097088.000000 -72.300148010 29.634130478 -15.505572319 -0.642164350 -0.453175128 -0.547902107 0.286462188
1403638193795097088.000000 -73.647521973 29.622714996 -15.657804489 -0.649229348 -0.456888348 -0.538385391 0.282657862
1403638194095097088.000000 -77.758537292 29.539714813 -16.248708725 -0.648236871 -0.460224748 -0.539026737 0.278266639
1403638194145096960.000000 -78.447174072 29.522195816 -16.374294281 -0.646705508 -0.458327353 -0.541185498 0.280760348
1403638194195097088.000000 -79.138168335 29.503110886 -16.502613068 -0.644028008 -0.456940323 -0.544813871 0.282154858
1403638194245096960.000000 -79.826728821 29.478147507 -16.639429092 -0.643392682 -0.454780936 -0.546214879 0.284375846
1403638194395097088.000000 -81.851226807 29.350969315 -17.116510391 -0.647216022 -0.453797251 -0.543058276 0.283314615
1403638194445096960.000000 -82.526771545 29.296852112 -17.288442612 -0.648319423 -0.451187521 -0.542235315 0.286518037
1403638194495096832.000000 -83.207595825 29.238998413 -17.457592010 -0.651265800 -0.448733598 -0.539549291 0.288751930
1403638194545097216.000000 -83.889099121 29.173555374 -17.628303528 -0.652876377 -0.449568868 -0.538001001 0.286697209
1403638194645096960.000000 -85.259391785 29.035335541 -17.971681595 -0.657944202 -0.450254202 -0.532806575 0.283721358
1403638194745096960.000000 -86.635459900 28.885341644 -18.319360733 -0.663827479 -0.453029424 -0.525939465 0.278361499
1403638194845096960.000000 -88.006156921 28.717304230 -18.702608109 -0.671739519 -0.452962726 -0.518575788 0.273257971
1403638194895097088.000000 -88.693580627 28.630226135 -18.906908035 -0.672753274 -0.453801244 -0.517732143 0.270963073
1403638195095097088.000000 -91.464454651 28.278413773 -19.743717194 -0.673300922 -0.450693995 -0.519264460 0.271855175
1403638195145096960.000000 -92.160697937 28.186187744 -19.961502075 -0.668711364 -0.452521682 -0.522712171 0.273534715
1403638195195097088.000000 -92.853889465 28.092638016 -20.189630508 -0.676096618 -0.452703476 -0.514055431 0.271477371
1403638195295097088.000000 -94.241195679 27.894136429 -20.655109406 -0.683746219 -0.455340266 -0.504209399 0.266325682
1403638195395097088.000000 -95.633666992 27.700315475 -21.129734039 -0.686084867 -0.456606150 -0.501071095 0.264057338
1403638195445096960.000000 -96.332077026 27.605356216 -21.364217758 -0.684174538 -0.455182046 -0.503583729 0.266679585
1403638195545097216.000000 -97.737693787 27.417901993 -21.785789490 -0.674698532 -0.444926322 -0.517793953 0.280556560
1403638195595097088.000000 -98.439147949 27.319406509 -22.002920151 -0.669686079 -0.443046153 -0.524148047 0.283724517
1403638195745096960.000000 -100.573730469 27.008621216 -22.667364120 -0.673711717 -0.439171880 -0.520942271 0.286111414
1403638195795097088.000000 -101.297409058 26.899673462 -22.884769440 -0.672290802 -0.440170169 -0.521528423 0.286850840
1403638195845096960.000000 -102.024208069 26.791135788 -23.091634750 -0.674357712 -0.438202828 -0.519200027 0.289225429
1403638195995096832.000000 -104.219337463 26.457094193 -23.690076828 -0.679410636 -0.443689227 -0.510818422 0.283911377
1403638196145096960.000000 -106.421508789 26.128202438 -24.303482056 -0.674761415 -0.442096472 -0.517220795 0.285885394
1403638196345096960.000000 -109.375701904 25.683156967 -25.098735809 -0.659258723 -0.438304961 -0.534547389 0.295847625
1403638196395097088.000000 -110.114875793 25.571525574 -25.302675247 -0.660152793 -0.437689364 -0.533333600 0.296953857
1403638196445096960.000000 -110.855895996 25.457950592 -25.508949280 -0.660320401 -0.437601238 -0.533316851 0.296741247
1403638196695097088.000000 -114.574211121 24.851743698 -26.608243942 -0.662941337 -0.441672117 -0.528561532 0.293355346
1403638196745096960.000000 -115.319389343 24.725929260 -26.835586548 -0.664443076 -0.441967517 -0.527254641 0.291860819
1403638196795097088.000000 -116.066764832 24.600488663 -27.060405731 -0.667405128 -0.441340387 -0.525573015 0.289071232
1403638196845096960.000000 -116.816864014 24.477930069 -27.275344849 -0.673483014 -0.438747495 -0.520497620 0.288103133
1403638196945096960.000000 -118.318046570 24.223073959 -27.691089630 -0.667990208 -0.436368853 -0.527790904 0.291218370
1403638196995096832.000000 -119.070724487 24.090839386 -27.894090652 -0.664593101 -0.434620053 -0.532255590 0.293471426
1403638197195097088.000000 -122.112998962 23.517074585 -28.677062988 -0.663142800 -0.429200709 -0.538096905 0.294075102
1403638197295097088.000000 -123.664466858 23.209888458 -29.052820206 -0.661580443 -0.433077663 -0.541419566 0.285692036
1403638197345096960.000000 -124.451019287 23.050817490 -29.231718063 -0.657574356 -0.433926105 -0.546841621 0.283316880
1403638197395097088.000000 -125.240516663 22.889612198 -29.410396576 -0.654665172 -0.434391499 -0.550815821 0.281637281
1403638197495096832.000000 -126.828857422 22.560617447 -29.761035919 -0.654651523 -0.437877893 -0.551750898 0.274345249
1403638197545097216.000000 -127.628410339 22.394592285 -29.934345245 -0.656409025 -0.435968667 -0.550121307 0.276450872
1403638197595097088.000000 -128.431259155 22.231748581 -30.111158371 -0.655832469 -0.435909301 -0.550847054 0.276467592
1403638197645096960.000000 -129.236343384 22.067192078 -30.290191650 -0.656631708 -0.435649782 -0.550337851 0.275993526
1403638197695097088.000000 -130.043960571 21.900066376 -30.473718643 -0.661342561 -0.437514096 -0.545988142 0.270378083
1403638197745096960.000000 -130.856338501 21.731813431 -30.654670715 -0.659167171 -0.437880188 -0.548351288 0.270315558
1403638197795097088.000000 -131.668273926 21.565601349 -30.835166931 -0.659105778 -0.437005132 -0.548641324 0.271291137
1403638197845096960.000000 -132.483596802 21.397563934 -31.020208359 -0.658806443 -0.437332064 -0.548340976 0.272097141
1403638197895097088.000000 -133.302749634 21.225959778 -31.214515686 -0.658558667 -0.435629338 -0.549124956 0.273841888
1403638197945096960.000000 -134.127944946 21.050374985 -31.412845612 -0.658809304 -0.431815624 -0.550011098 0.277476966
1403638197995096832.000000 -134.962646484 20.871564865 -31.611547470 -0.655186832 -0.428802699 -0.554241955 0.282266408
1403638198045097216.000000 -135.798843384 20.693063736 -31.820343018 -0.653768361 -0.426805377 -0.556179464 0.284760624
1403638198145096960.000000 -137.475799561 20.320798874 -32.245910645 -0.651430249 -0.425545394 -0.558067262 0.288289160
1403638198195097088.000000 -138.318801880 20.117898941 -32.442855835 -0.649172187 -0.424266756 -0.560769916 0.290017992
1403638198245096960.000000 -139.163818359 19.906616211 -32.639900208 -0.645866752 -0.428310633 -0.562589109 0.287923187
1403638198295097088.000000 -140.012207031 19.693588257 -32.844802856 -0.649587810 -0.429777712 -0.559200585 0.283939272
1403638198345096960.000000 -140.868621826 19.477985382 -33.053195953 -0.646675050 -0.429429144 -0.561659992 0.286251873
1403638198445096960.000000 -142.601623535 19.044572830 -33.486919403 -0.647422493 -0.434989244 -0.560674131 0.277980328
1403638198595097088.000000 -145.245361328 18.379524231 -34.165580750 -0.641016781 -0.446152657 -0.567333102 0.261110187
1403638198645096960.000000 -146.136459351 18.160839081 -34.393104553 -0.637380123 -0.448550880 -0.572065115 0.255519390
1403638198695097088.000000 -147.034576416 17.942441940 -34.613056183 -0.634486735 -0.452229142 -0.576231718 0.246723577
1403638198795097088.000000 -148.846878052 17.501373291 -35.068729401 -0.618873119 -0.459333748 -0.590117991 0.240352690
1403638198895097088.000000 -150.681381226 17.053094864 -35.534523010 -0.616598904 -0.458781928 -0.593379915 0.239217773
1403638198995096832.000000 -152.546218872 16.600145340 -36.005542755 -0.620814562 -0.461230636 -0.587675214 0.237683564
1403638199095097088.000000 -154.438827515 16.150867462 -36.496334076 -0.623023868 -0.459341854 -0.585278988 0.241443291
1403638199145096960.000000 -155.392456055 15.929419518 -36.759445190 -0.620772481 -0.458753616 -0.587756217 0.242341205
1403638199195097088.000000 -156.357803345 15.707618713 -37.019088745 -0.620319486 -0.456236452 -0.587389469 0.249049559
1403638199295097088.000000 -158.316390991 15.269101143 -37.523273468 -0.619466603 -0.451318711 -0.589185715 0.255798370
1403638199395097088.000000 -160.298934937 14.821588516 -38.029346466 -0.615405381 -0.447341949 -0.593926549 0.261558324
1403638199495096832.000000 -162.309783936 14.354425430 -38.536327362 -0.614979506 -0.445411116 -0.595204473 0.262946457
1403638199595097088.000000 -164.358459473 13.865022659 -39.030422211 -0.619582951 -0.448108196 -0.590601981 0.257886499
1403638199645096960.000000 -165.389114380 13.613065720 -39.289119720 -0.616432130 -0.449698508 -0.590635121 0.262550592
1403638199745096960.000000 -167.461685181 13.085391045 -39.810916901 -0.617306054 -0.454952687 -0.582091331 0.270409077
1403638199795097088.000000 -168.502822876 12.817667961 -40.082450867 -0.620654941 -0.455098957 -0.574732482 0.278127551
1403638199895097088.000000 -170.596542358 12.274376869 -40.632167816 -0.624215782 -0.456506848 -0.564252138 0.289094746
1403638199945096960.000000 -171.648742676 11.999927521 -40.912105560 -0.622194350 -0.457770199 -0.563366532 0.293153465
1403638199995096832.000000 -172.705352783 11.725390434 -41.197086334 -0.621480703 -0.459504247 -0.561111748 0.296262175
1403638200045097216.000000 -173.765136719 11.448138237 -41.484268188 -0.620091498 -0.462203801 -0.558728516 0.299460471
1403638200095097088.000000 -174.827102661 11.167522430 -41.771190643 -0.615473688 -0.465850979 -0.558948696 0.302905023
1403638200195097088.000000 -176.969940186 10.602823257 -42.301876068 -0.603104055 -0.476144195 -0.560647309 0.308588594
1403638200245096960.000000 -178.048309326 10.320164680 -42.558761597 -0.595778406 -0.477366686 -0.561964512 0.318378955
1403638200295097088.000000 -179.132385254 10.028968811 -42.817485809 -0.588157833 -0.483023196 -0.562621295 0.322825462
1403638200395097088.000000 -181.322692871 9.433583260 -43.312259674 -0.579852223 -0.494469345 -0.556236148 0.331470817
1403638200445096960.000000 -182.431472778 9.126469612 -43.538600922 -0.573142052 -0.501596868 -0.556002498 0.332821280
1403638200495096832.000000 -183.542205811 8.813445091 -43.764705658 -0.567445934 -0.507921100 -0.556403100 0.332320422
1403638200545097216.000000 -184.657348633 8.496990204 -43.990016937 -0.562475860 -0.514451385 -0.555906773 0.331554621
1403638200595097088.000000 -185.777816772 8.175925255 -44.214683533 -0.558467388 -0.520345509 -0.553938031 0.332426667
1403638200645096960.000000 -186.904022217 7.846651554 -44.434413910 -0.553754330 -0.527656198 -0.553354025 0.329749107
1403638200695097088.000000 -188.033538818 7.507695675 -44.649417877 -0.547438204 -0.539966285 -0.552078843 0.322423249
1403638200745096960.000000 -189.167648315 7.162049294 -44.869930267 -0.540174842 -0.546950400 -0.551749647 0.323463827
1403638200795097088.000000 -190.310317993 6.811424255 -45.094013214 -0.540645242 -0.555137932 -0.546104252 0.318268359
1403638200845096960.000000 -191.457702637 6.454281330 -45.327919006 -0.539015830 -0.559099197 -0.541763544 0.321500272
1403638200895097088.000000 -192.609512329 6.088128567 -45.563255310 -0.540874362 -0.564631224 -0.536786377 0.317028522
1403638200945096960.000000 -193.765869141 5.718619347 -45.795021057 -0.543221593 -0.563961625 -0.531261563 0.323448241
1403638200995096832.000000 -194.926422119 5.347257137 -46.029323578 -0.545273244 -0.562663555 -0.526636422 0.329759061
1403638201045097216.000000 -196.090698242 4.973668575 -46.266548157 -0.547701120 -0.560777783 -0.521906197 0.336401075
1403638201095097088.000000 -197.259063721 4.598908424 -46.506168365 -0.551212847 -0.559226334 -0.517392337 0.340199143
1403638201145096960.000000 -198.432067871 4.226375580 -46.751209259 -0.555767715 -0.560513139 -0.512989521 0.337326229
1403638201195097088.000000 -199.608642578 3.854765415 -47.002635956 -0.559045613 -0.557752311 -0.510207176 0.340689212
1403638201245096960.000000 -200.792160034 3.480526924 -47.249496460 -0.560106277 -0.555220842 -0.509692609 0.343837470
1403638201295097088.000000 -201.978073120 3.104600191 -47.499011993 -0.561296761 -0.554687440 -0.509583890 0.342917114
1403638201345096960.000000 -203.167312622 2.727349281 -47.751407623 -0.559977770 -0.557344377 -0.510560215 0.339294195
1403638201395097088.000000 -204.364135742 2.350609779 -48.009086609 -0.555737853 -0.556304097 -0.515951931 0.339816093
1403638201445096960.000000 -205.568634033 1.977048635 -48.274913788 -0.554820180 -0.555175364 -0.517325938 0.341070175
1403638201495096832.000000 -206.773422241 1.611154079 -48.548320770 -0.557914913 -0.553174853 -0.516168058 0.341026574
1403638201545097216.000000 -207.980651855 1.245799899 -48.824871063 -0.560463786 -0.551374495 -0.514742076 0.341916829
1403638201595097088.000000 -209.191131592 0.879647970 -49.094779968 -0.555930674 -0.551474154 -0.519052446 0.342639834
1403638201645096960.000000 -210.399795532 0.510420799 -49.365165710 -0.554335713 -0.549526036 -0.522046506 0.343803227
1403638201695097088.000000 -211.608886719 0.134063005 -49.634471893 -0.554873824 -0.548056722 -0.522483349 0.344615728
1403638201745096960.000000 -212.819412231 -0.243694514 -49.911586761 -0.554465115 -0.549529791 -0.522156417 0.343421400
1403638201845096960.000000 -215.247009277 -0.996127188 -50.499713898 -0.552738488 -0.549688637 -0.523256898 0.344274610
1403638201895097088.000000 -216.476684570 -1.373375177 -50.799861908 -0.553656518 -0.550745845 -0.522027791 0.342973262
1403638201945096960.000000 -217.711395264 -1.754765511 -51.095504761 -0.552799165 -0.552439034 -0.520606220 0.343792647
1403638202045097216.000000 -220.191970825 -2.528563738 -51.688179016 -0.549839437 -0.558264673 -0.515014410 0.347530305
1403638202145096960.000000 -222.685058594 -3.302693129 -52.311470032 -0.547045946 -0.564776182 -0.508265018 0.351333469
1403638202195097088.000000 -223.944076538 -3.689424276 -52.627159119 -0.548554838 -0.566205025 -0.502406776 0.355087370
1403638202245096960.000000 -225.210586548 -4.080320835 -52.937202454 -0.550568759 -0.568081141 -0.497206360 0.356291741
1403638202345096960.000000 -227.750518799 -4.866005421 -53.553680420 -0.553299904 -0.569192171 -0.489587754 0.360809356
1403638202445096960.000000 -230.292922974 -5.643644333 -54.160713196 -0.549255729 -0.573879302 -0.488818496 0.360606760
1403638202495096832.000000 -231.561065674 -6.027585983 -54.474342346 -0.548672259 -0.575212717 -0.488031387 0.360436469
1403638202595097088.000000 -234.100250244 -6.796966553 -55.112281799 -0.546636224 -0.575872660 -0.488914818 0.361278087
1403638202645096960.000000 -235.367355347 -7.181918144 -55.438022614 -0.547487617 -0.576790273 -0.487602949 0.360296816
1403638202745096960.000000 -237.912109375 -7.958364010 -56.080791473 -0.549005449 -0.575509727 -0.487105995 0.360706836
1403638202845096960.000000 -240.469818115 -8.735152245 -56.694805145 -0.549083650 -0.576233387 -0.486871332 0.359747887
1403638202945096960.000000 -243.047668457 -9.500070572 -57.305255890 -0.550314844 -0.574103951 -0.486439526 0.361849278
1403638203045097216.000000 -245.634277344 -10.273936272 -57.898429871 -0.546265602 -0.577388406 -0.487161458 0.361787647
1403638203095097088.000000 -246.930084229 -10.661134720 -58.191364288 -0.545200646 -0.580124378 -0.487668365 0.358317584
1403638203195097088.000000 -249.538177490 -11.427325249 -58.751304626 -0.543254673 -0.575701594 -0.492429793 0.361877084
1403638203295097088.000000 -252.158706665 -12.193125725 -59.313896179 -0.534212232 -0.576601207 -0.500605047 0.362688720
1403638203395097088.000000 -254.796920776 -12.963261604 -59.881824493 -0.537025213 -0.569987237 -0.498477966 0.371804178
1403638203445096960.000000 -256.112792969 -13.351933479 -60.169750214 -0.536934257 -0.569505513 -0.497968346 0.373353392
1403638203545097216.000000 -258.750762939 -14.137645721 -60.751831055 -0.538178086 -0.569617212 -0.495977014 0.374042064
1403638203645096960.000000 -261.396331787 -14.933663368 -61.340114594 -0.538740098 -0.571040571 -0.495471686 0.371725291
1403638203745096960.000000 -264.042724609 -15.734643936 -61.945636749 -0.540864110 -0.568895459 -0.493278056 0.374834478
1403638203795097088.000000 -265.366607666 -16.146289825 -62.245262146 -0.537604868 -0.572318554 -0.495739579 0.371045619
1403638203845096960.000000 -266.692108154 -16.565179825 -62.547927856 -0.537280381 -0.572341502 -0.495700091 0.371532619
1403638203945096960.000000 -269.352447510 -17.416780472 -63.151958466 -0.537082553 -0.574262142 -0.494451076 0.370517820
1403638203995096832.000000 -270.687194824 -17.848068237 -63.453197479 -0.536932766 -0.574402571 -0.494028211 0.371081024
1403638204095097088.000000 -273.365600586 -18.720560074 -64.053405762 -0.538496017 -0.576291621 -0.491030931 0.369863153
1403638204195097088.000000 -276.062347412 -19.604097366 -64.642807007 -0.541752994 -0.573381007 -0.485955656 0.376277983
1403638204295097088.000000 -278.773773193 -20.497364044 -65.226951599 -0.551490009 -0.575370193 -0.474092096 0.374225497
1403638204345096960.000000 -280.135711670 -20.949085236 -65.516807556 -0.553023279 -0.576932311 -0.470294923 0.374348938
1403638204395097088.000000 -281.504211426 -21.403596878 -65.802764893 -0.557120323 -0.575412035 -0.466012269 0.375966102
1403638204445096960.000000 -282.877746582 -21.857509613 -66.083892822 -0.560454965 -0.574375749 -0.461500466 0.378153622
1403638204545097216.000000 -285.622741699 -22.757961273 -66.657806396 -0.562394798 -0.571772158 -0.460729092 0.380154401
1403638204645096960.000000 -288.390563965 -23.658889771 -67.230659485 -0.560055912 -0.568660498 -0.461064458 0.387791574
1403638204745096960.000000 -291.167266846 -24.567455292 -67.808868408 -0.551005661 -0.577476561 -0.462708771 0.385764450
1403638204845096960.000000 -293.945953369 -25.474006653 -68.391334534 -0.535543561 -0.591028690 -0.466878235 0.381972581
1403638204945096960.000000 -296.729644775 -26.381277084 -68.920333862 -0.508285284 -0.609170556 -0.472498178 0.383800566
1403638204995096832.000000 -298.128326416 -26.837879181 -69.181694031 -0.496818125 -0.619325936 -0.469794631 0.385875911
1403638205045097216.000000 -299.530364990 -27.298683167 -69.441650391 -0.486811101 -0.628769577 -0.464889437 0.389283597
1403638205145096960.000000 -302.342132568 -28.232355118 -69.958000183 -0.463387400 -0.656523228 -0.446310252 0.393772215
1403638205195097088.000000 -303.752319336 -28.709423065 -70.219635010 -0.448642433 -0.668876708 -0.436652094 0.400822759
1403638205295097088.000000 -306.584991455 -29.673191071 -70.741401672 -0.415765911 -0.693660736 -0.415652603 0.416180789
1403638205395097088.000000 -309.422668457 -30.655883789 -71.266502380 -0.382067293 -0.715525031 -0.393968284 0.432247013
1403638205445096960.000000 -310.843933105 -31.149990082 -71.529487610 -0.363314599 -0.724571943 -0.385405421 0.440977037
1403638205545097216.000000 -313.693084717 -32.137271881 -72.077590942 -0.327033579 -0.738064766 -0.378668725 0.452680320
1403638205645096960.000000 -316.556243896 -33.151119232 -72.616539001 -0.302688360 -0.751097679 -0.376396537 0.450063974
1403638205695097088.000000 -317.994598389 -33.670890808 -72.883605957 -0.288922280 -0.756615043 -0.380630553 0.446293473
1403638205745096960.000000 -319.441436768 -34.190589905 -73.150901794 -0.280898750 -0.761465490 -0.378614366 0.444879174
1403638205795097088.000000 -320.899810791 -34.713001251 -73.414627075 -0.273236305 -0.764499545 -0.375074476 0.447438717
1403638205845096960.000000 -322.363189697 -35.241230011 -73.678627014 -0.266386300 -0.767701805 -0.370106131 0.450215310
1403638205895097088.000000 -323.832031250 -35.775264740 -73.943565369 -0.261783361 -0.772327363 -0.363330275 0.450523198
1403638205995096832.000000 -326.789245605 -36.848308563 -74.481559753 -0.251697779 -0.780387282 -0.343264967 0.458053678
1403638206045097216.000000 -328.275543213 -37.385887146 -74.758323669 -0.238365546 -0.785936892 -0.336849421 0.460453689
1403638206095097088.000000 -329.765106201 -37.930320740 -75.040008545 -0.230641201 -0.790027976 -0.328152210 0.463655800
1403638206145096960.000000 -331.258819580 -38.479770660 -75.321189880 -0.221542180 -0.793106258 -0.319985002 0.468520194
1403638206245096960.000000 -334.257659912 -39.597011566 -75.881774902 -0.200510427 -0.799092233 -0.307835609 0.475903869
1403638206295097088.000000 -335.763031006 -40.163745880 -76.174964905 -0.195068225 -0.804295421 -0.298889726 0.475102395
1403638206345096960.000000 -337.267517090 -40.735519409 -76.477287292 -0.193878874 -0.803595662 -0.288873285 0.482905000
1403638206395097088.000000 -338.773376465 -41.314525604 -76.779457092 -0.190984771 -0.805068612 -0.280891478 0.486301869
1403638206445096960.000000 -340.279052734 -41.897277832 -77.085578918 -0.186993912 -0.804798245 -0.274798334 0.491750777
1403638206495096832.000000 -341.780151367 -42.484344482 -77.397789001 -0.184886560 -0.804839015 -0.269804239 0.495234221
1403638206545097216.000000 -343.283477783 -43.074584961 -77.713066101 -0.183558851 -0.804877758 -0.265420943 0.498025686
1403638206595097088.000000 -344.790069580 -43.668258667 -78.033088684 -0.184615731 -0.805213749 -0.261075884 0.499386996
1403638206695097088.000000 -347.820648193 -44.863277435 -78.693069458 -0.184824288 -0.806057692 -0.252833784 0.502181292
1403638206745096960.000000 -349.336822510 -45.472396851 -79.018455505 -0.177598312 -0.807236195 -0.250387222 0.504117966
1403638206795097088.000000 -350.851562500 -46.089782715 -79.343727112 -0.175214112 -0.808597445 -0.245677084 0.505087137
1403638206845096960.000000 -352.368377686 -46.707965851 -79.675453186 -0.170953572 -0.810116291 -0.244638637 0.504617214
1403638206895097088.000000 -353.890686035 -47.322872162 -80.018844604 -0.165328056 -0.807161868 -0.244103476 0.511439025
1403638206945096960.000000 -355.419769287 -47.936477661 -80.366134644 -0.161127672 -0.809174836 -0.243360266 0.509950817
1403638206995096832.000000 -356.948974609 -48.552806854 -80.718971252 -0.159555092 -0.808751822 -0.240889743 0.512283921
1403638207045097216.000000 -358.478973389 -49.171928406 -81.073791504 -0.162117779 -0.809411943 -0.238254666 0.511668801
1403638207095097088.000000 -360.008819580 -49.792900085 -81.433677673 -0.161976427 -0.809803426 -0.237698972 0.511352479
1403638207145096960.000000 -361.540527344 -50.416187286 -81.804191589 -0.162241429 -0.809984803 -0.236690208 0.511449039
1403638207195097088.000000 -363.074005127 -51.042552948 -82.177337646 -0.162098065 -0.809616446 -0.235067248 0.512824416
1403638207245096960.000000 -364.609252930 -51.670742035 -82.554237366 -0.156731337 -0.808649242 -0.234944180 0.516064763
1403638207295097088.000000 -366.145599365 -52.299217224 -82.935173035 -0.152947009 -0.809135020 -0.232510388 0.517539024
1403638207345096960.000000 -367.683746338 -52.930938721 -83.318687439 -0.149155661 -0.809752107 -0.228200257 0.519594729
1403638207395097088.000000 -369.224090576 -53.565925598 -83.703964233 -0.143182129 -0.810471535 -0.224226207 0.521878839
1403638207445096960.000000 -370.766632080 -54.204448700 -84.091140747 -0.138477504 -0.812309384 -0.217282325 0.523226500
1403638207495096832.000000 -372.312316895 -54.842674255 -84.485374451 -0.126899481 -0.812111437 -0.211385354 0.528855205
1403638207545097216.000000 -373.862274170 -55.476448059 -84.882987976 -0.127315104 -0.816472590 -0.198360205 0.527083158
1403638207595097088.000000 -375.419250488 -56.110816956 -85.276512146 -0.114140466 -0.818096340 -0.196781784 0.528173566
1403638207645096960.000000 -376.982666016 -56.746562958 -85.668998718 -0.114331044 -0.822787642 -0.184873536 0.525138736
1403638207695097088.000000 -378.548645020 -57.388618469 -86.051475525 -0.107787594 -0.829336882 -0.180658892 0.517633498
1403638207745096960.000000 -380.118133545 -58.033523560 -86.438499451 -0.106085069 -0.832663774 -0.173122168 0.515214205
1403638207795097088.000000 -381.689422607 -58.678989410 -86.824394226 -0.106326863 -0.838445902 -0.167241529 0.507674575
1403638207845096960.000000 -383.261718750 -59.322902679 -87.208992004 -0.105977692 -0.841702700 -0.161985829 0.504049599
1403638207895097088.000000 -384.838012695 -59.968029022 -87.593147278 -0.102060504 -0.843549788 -0.159182489 0.502661407
1403638207945096960.000000 -386.421234131 -60.613773346 -87.974441528 -0.101540469 -0.847737014 -0.155671924 0.496787518
1403638207995096832.000000 -388.012329102 -61.261291504 -88.352897644 -0.100503132 -0.850977421 -0.153427601 0.492134690
1403638208045097216.000000 -389.608764648 -61.911064148 -88.738555908 -0.100437611 -0.851996124 -0.152142003 0.490782887
1403638208095097088.000000 -391.208801270 -62.560066223 -89.128067017 -0.096164174 -0.850023389 -0.153187096 0.494718552
1403638208145096960.000000 -392.811920166 -63.204177856 -89.527244568 -0.097600207 -0.848101258 -0.149896458 0.498727947
1403638208195097088.000000 -394.413452148 -63.846687317 -89.925582886 -0.099700451 -0.849116027 -0.151383713 0.496129870
1403638208245096960.000000 -396.013153076 -64.491760254 -90.315277100 -0.098710552 -0.847527444 -0.152353853 0.498740256
1403638208295097088.000000 -397.613861084 -65.140403748 -90.702507019 -0.097058594 -0.849548221 -0.154588029 0.494924307
1403638208345096960.000000 -399.216552734 -65.790847778 -91.092041016 -0.097613074 -0.850960016 -0.155209422 0.492187828
1403638208395097088.000000 -400.822662354 -66.442695618 -91.484054565 -0.098477840 -0.852253437 -0.155760646 0.489596575
1403638208445096960.000000 -402.432708740 -67.095123291 -91.879890442 -0.096877426 -0.852440536 -0.155777991 0.489584714
1403638208495096832.000000 -404.048217773 -67.746025085 -92.283233643 -0.095743991 -0.852675915 -0.153960496 0.489972621
1403638208545097216.000000 -405.668487549 -68.397903442 -92.688865662 -0.093917586 -0.853905380 -0.150115222 0.489377737
1403638208595097088.000000 -407.292388916 -69.054420471 -93.090995789 -0.088929206 -0.856309772 -0.147656694 0.486849874
1403638208645096960.000000 -408.920745850 -69.717880249 -93.493782043 -0.086091645 -0.854126334 -0.141686291 0.492931485
1403638208695097088.000000 -410.554931641 -70.386016846 -93.883735657 -0.082130753 -0.857487738 -0.135758176 0.489427358
1403638208745096960.000000 -412.193023682 -71.052116394 -94.274200439 -0.078345306 -0.856419146 -0.133136332 0.492628753
1403638208795097088.000000 -413.834564209 -71.718269348 -94.672805786 -0.072322808 -0.857235253 -0.130081132 0.492946416
1403638208845096960.000000 -415.482177734 -72.391410828 -95.071647644 -0.066951118 -0.857477307 -0.128386155 0.493727863
1403638208895097088.000000 -417.132629395 -73.066795349 -95.472900391 -0.063846290 -0.858351529 -0.125500500 0.493361861
1403638208945096960.000000 -418.781921387 -73.741065979 -95.872573853 -0.059472486 -0.858435929 -0.124054641 0.494126886
1403638208995096832.000000 -420.434936523 -74.413803101 -96.280639648 -0.055726316 -0.859614372 -0.122766882 0.492834777
1403638209045097216.000000 -422.095336914 -75.091209412 -96.690093994 -0.054942317 -0.857089996 -0.119029693 0.498206913
1403638209095097088.000000 -423.754974365 -75.771751404 -97.108390808 -0.053908084 -0.859204710 -0.118165255 0.494871974
1403638209145096960.000000 -425.413604736 -76.452301025 -97.532806396 -0.052596983 -0.859601438 -0.117570370 0.494465590
1403638209195097088.000000 -427.075622559 -77.134239197 -97.959701538 -0.052098993 -0.860026240 -0.116727881 0.493979007
1403638209245096960.000000 -428.742401123 -77.818168640 -98.390663147 -0.052094322 -0.860709727 -0.115278132 0.493128687
1403638209295097088.000000 -430.418426514 -78.504974365 -98.831451416 -0.049793564 -0.862212479 -0.117275059 0.490262061
1403638209345096960.000000 -432.103454590 -79.192695618 -99.276702881 -0.055098873 -0.864954114 -0.113507777 0.485730976
1403638209395097088.000000 -433.796600342 -79.880920410 -99.717262268 -0.054407220 -0.864269674 -0.112306565 0.487303972
1403638209445096960.000000 -435.497955322 -80.567710876 -100.159408569 -0.054943334 -0.864350498 -0.112553149 0.487043381
1403638209495096832.000000 -437.207214355 -81.254249573 -100.603454590 -0.053294152 -0.861838698 -0.113022946 0.491548270
1403638209545097216.000000 -438.923217773 -81.940284729 -101.059577942 -0.054477911 -0.863159001 -0.113367811 0.489015847
1403638209695097088.000000 -444.078002930 -84.027786255 -102.398445129 -0.060756877 -0.862164438 -0.111365512 0.490488440
1403638209745096960.000000 -445.797760010 -84.725196838 -102.845016479 -0.063984931 -0.864016294 -0.111624613 0.486746132
1403638209795097088.000000 -447.518127441 -85.423286438 -103.296379089 -0.062106047 -0.863856733 -0.114786185 0.486537308
1403638209845096960.000000 -449.242340088 -86.122383118 -103.752807617 -0.061867390 -0.863859594 -0.116840340 0.486073524
1403638209895097088.000000 -450.970184326 -86.822151184 -104.210922241 -0.061523754 -0.862921774 -0.117535554 0.487612814
1403638209945096960.000000 -452.700805664 -87.522171021 -104.664756775 -0.061155528 -0.858971715 -0.118505910 0.494351983
1403638210045097216.000000 -456.167907715 -88.920623779 -105.583427429 -0.062011894 -0.854139805 -0.123977415 0.501227915
1403638210095097088.000000 -457.910217285 -89.619949341 -106.037384033 -0.062288411 -0.852758527 -0.123239957 0.503721237
1403638210195097088.000000 -461.411193848 -91.019813538 -106.929603577 -0.062823482 -0.847460449 -0.121735759 0.512878537
1403638210245096960.000000 -463.171844482 -91.722976685 -107.366600037 -0.062198404 -0.845713675 -0.123626038 0.515379727
1403638210295097088.000000 -464.939422607 -92.430793762 -107.799987793 -0.061943475 -0.845796108 -0.123988159 0.515188277
1403638210345096960.000000 -466.709533691 -93.140670776 -108.232719421 -0.061169412 -0.845802605 -0.125636414 0.514870703
1403638210395097088.000000 -468.482910156 -93.852661133 -108.665634155 -0.065411240 -0.844234169 -0.123387888 0.517460704
1403638210445096960.000000 -470.258148193 -94.566833496 -109.096138000 -0.065700114 -0.842447460 -0.128089607 0.519190669
1403638210495096832.000000 -472.030883789 -95.283950806 -109.531753540 -0.066337004 -0.839432955 -0.131239802 0.523190260
1403638210545097216.000000 -473.804962158 -96.003883362 -109.974761963 -0.069848813 -0.841691792 -0.132046551 0.518883288
1403638210595097088.000000 -475.581237793 -96.725952148 -110.412857056 -0.070130154 -0.841115057 -0.133090526 0.519513488
1403638210695097088.000000 -479.141601562 -98.176437378 -111.293792725 -0.072177283 -0.838909328 -0.134165674 0.522514462
1403638210745096960.000000 -480.925384521 -98.905006409 -111.733787537 -0.072952986 -0.839469612 -0.135401532 0.521186292
1403638210845096960.000000 -484.488616943 -100.376770020 -112.595443726 -0.075575985 -0.838486254 -0.133578971 0.522863090
1403638210895097088.000000 -486.273254395 -101.117988586 -113.023223877 -0.077596918 -0.839190960 -0.131539077 0.521952748
1403638210945096960.000000 -488.063476562 -101.862281799 -113.452087402 -0.077772319 -0.841197193 -0.131891534 0.518597603
1403638210995096832.000000 -489.855621338 -102.608474731 -113.881111145 -0.081146948 -0.841321826 -0.129187495 0.518558919
1403638211045097216.000000 -491.649505615 -103.356178284 -114.318458557 -0.082061514 -0.842792034 -0.129552886 0.515929818
1403638211095097088.000000 -493.448577881 -104.106750488 -114.766937256 -0.082508355 -0.844331980 -0.128947333 0.513486683
1403638211145096960.000000 -495.250976562 -104.859695435 -115.210304260 -0.083808541 -0.848082900 -0.127415210 0.507441521
1403638211295097088.000000 -500.682678223 -107.130218506 -116.513969421 -0.083793595 -0.851246297 -0.127591074 0.502074718
1403638211345096960.000000 -502.503997803 -107.888710022 -116.949485779 -0.085943729 -0.854017198 -0.129752561 0.496419728
1403638211395097088.000000 -504.326873779 -108.648994446 -117.388046265 -0.086054236 -0.853308082 -0.133536175 0.496616662
1403638211445096960.000000 -506.151184082 -109.411384583 -117.834518433 -0.089539707 -0.850482345 -0.135969117 0.500174820
1403638211495096832.000000 -507.981872559 -110.172843933 -118.285125732 -0.093298264 -0.849628925 -0.141838536 0.499307543
1403638211545097216.000000 -509.816864014 -110.935157776 -118.734420776 -0.099813752 -0.850601196 -0.145574212 0.495300889
1403638211645096960.000000 -513.500671387 -112.475921631 -119.639083862 -0.115906425 -0.845133543 -0.154997855 0.498287827
1403638211695097088.000000 -515.347595215 -113.250930786 -120.095886230 -0.124893002 -0.842902541 -0.162476555 0.497512341
1403638211745096960.000000 -517.199462891 -114.032875061 -120.548721313 -0.139216349 -0.844111919 -0.167687535 0.489872247
1403638211995096832.000000 -526.509887695 -117.993400574 -122.733543396 -0.201133043 -0.823567092 -0.208373323 0.487712413
1403638212045097216.000000 -528.381530762 -118.797401428 -123.165840149 -0.213909715 -0.817909181 -0.215865195 0.488538176
1403638212095097088.000000 -530.263305664 -119.605781555 -123.602104187 -0.222766265 -0.813758910 -0.225728139 0.487050802
1403638212145096960.000000 -532.149902344 -120.414184570 -124.036186218 -0.230786651 -0.808791459 -0.236248434 0.486601084
1403638212245096960.000000 -535.933837891 -122.028656006 -124.893844604 -0.249697223 -0.794536948 -0.255357832 0.491075188
1403638212295097088.000000 -537.825622559 -122.833435059 -125.313110352 -0.258286297 -0.789804220 -0.264446884 0.489454031
1403638212395097088.000000 -541.619140625 -124.448074341 -126.151901245 -0.275851339 -0.781279147 -0.282390505 0.483492047
1403638212445096960.000000 -543.525024414 -125.257720947 -126.566520691 -0.286894143 -0.778801739 -0.289912075 0.476561397
1403638212495096832.000000 -545.440002441 -126.069496155 -126.979919434 -0.295709491 -0.772567630 -0.298193455 0.476209939
1403638212545097216.000000 -547.358642578 -126.883804321 -127.393264771 -0.305838823 -0.767134488 -0.304766446 0.474430948
1403638212595097088.000000 -549.281921387 -127.699287415 -127.806999207 -0.314363241 -0.759698033 -0.312023103 0.476105303
1403638212645096960.000000 -551.210327148 -128.514007568 -128.226913452 -0.324688911 -0.755361736 -0.316107064 0.473373145
1403638212695097088.000000 -553.142822266 -129.332321167 -128.653854370 -0.337533683 -0.751557350 -0.321737051 0.466602534
1403638212745096960.000000 -555.079650879 -130.162414551 -129.077163696 -0.347016662 -0.749179900 -0.329364181 0.458070129
1403638212795097088.000000 -557.019104004 -131.000198364 -129.493316650 -0.356137097 -0.742098689 -0.337667882 0.456548482
1403638212845096960.000000 -558.962097168 -131.840057373 -129.909927368 -0.365636975 -0.735559285 -0.345890701 0.453455389
1403638212895097088.000000 -560.909667969 -132.683181763 -130.326080322 -0.374941021 -0.725625813 -0.353770196 0.455777496
1403638212945096960.000000 -562.864807129 -133.532485962 -130.736740112 -0.384322584 -0.722312510 -0.362781018 0.446038961
1403638213045097216.000000 -566.803527832 -135.247695923 -131.530456543 -0.405830145 -0.716108143 -0.375175118 0.426303536
1403638213095097088.000000 -568.784423828 -136.105926514 -131.914245605 -0.417992890 -0.710718811 -0.381484956 0.417887568
1403638213195097088.000000 -572.760986328 -137.828918457 -132.676467896 -0.442201316 -0.694286764 -0.393374920 0.409487635
1403638213245096960.000000 -574.755065918 -138.691848755 -133.059997559 -0.454053670 -0.688027680 -0.397710502 0.402839482
1403638213345096960.000000 -578.756408691 -140.414916992 -133.825363159 -0.481933743 -0.673130631 -0.403422415 0.389724940
1403638213395097088.000000 -580.763977051 -141.276428223 -134.211517334 -0.495764762 -0.663736403 -0.406220645 0.385559440
1403638213445096960.000000 -582.775512695 -142.138412476 -134.599899292 -0.509325922 -0.654195905 -0.408412397 0.381856352
1403638213495096832.000000 -584.790405273 -142.999786377 -134.991394043 -0.520991683 -0.643280625 -0.412020117 0.380785018
1403638213545097216.000000 -586.805419922 -143.856445312 -135.390579224 -0.525539756 -0.631580889 -0.420411110 0.384926051
1403638213645096960.000000 -590.837402344 -145.563110352 -136.188888550 -0.526284099 -0.616466761 -0.445809811 0.379799306
1403638213795097088.000000 -596.905395508 -148.134628296 -137.367706299 -0.521323562 -0.604528010 -0.477566898 0.367011517
1403638213845096960.000000 -598.933837891 -148.992996216 -137.770462036 -0.519034803 -0.602709711 -0.484437704 0.364230812
1403638213895097088.000000 -600.968383789 -149.853195190 -138.173294067 -0.518167973 -0.601147294 -0.488187939 0.363037974
1403638213945096960.000000 -603.008789062 -150.715759277 -138.576553345 -0.517201543 -0.601465285 -0.491465837 0.359448671
1403638213995096832.000000 -605.053771973 -151.581588745 -138.981536865 -0.519740224 -0.599299908 -0.490028381 0.361361384
1403638214045097216.000000 -607.103637695 -152.450714111 -139.387054443 -0.518347323 -0.598179281 -0.492626697 0.361685663
1403638214095097088.000000 -609.164367676 -153.321182251 -139.787307739 -0.520357430 -0.601019323 -0.490374506 0.357122779
1403638214145096960.000000 -611.231445312 -154.195709229 -140.188751221 -0.522202790 -0.605695844 -0.487170875 0.350857973
1403638214195097088.000000 -613.301025391 -155.074890137 -140.599151611 -0.525339961 -0.611027062 -0.483023405 0.342567265
1403638214245096960.000000 -615.368835449 -155.952407837 -141.021041870 -0.526558936 -0.613883495 -0.480076700 0.339719027
1403638214295097088.000000 -617.442382812 -156.831741333 -141.446090698 -0.527923286 -0.616542816 -0.476792216 0.337403566
1403638214345096960.000000 -619.521667480 -157.711334229 -141.873855591 -0.528460920 -0.619037807 -0.474209517 0.335628748
1403638214395097088.000000 -621.605285645 -158.590454102 -142.304855347 -0.525054336 -0.620900154 -0.475810379 0.335269332
1403638214445096960.000000 -623.691894531 -159.467254639 -142.739105225 -0.523560703 -0.622467875 -0.475202680 0.335559696
1403638214545097216.000000 -627.880676270 -161.226074219 -143.613220215 -0.520616591 -0.620442510 -0.474098712 0.345311373
1403638214595097088.000000 -629.986938477 -162.103515625 -144.055801392 -0.516470015 -0.620034754 -0.476731896 0.348629236
1403638214645096960.000000 -632.098815918 -162.982574463 -144.501205444 -0.512594223 -0.619199574 -0.478938043 0.352785170
1403638214695097088.000000 -634.216125488 -163.863662720 -144.949188232 -0.508606791 -0.618512452 -0.481324643 0.356494099
1403638214745096960.000000 -636.341247559 -164.747772217 -145.397659302 -0.506722331 -0.618452191 -0.481739640 0.358714908
1403638214845096960.000000 -640.616271973 -166.517211914 -146.307937622 -0.503827929 -0.617944062 -0.482082397 0.363179237
1403638214895097088.000000 -642.760742188 -167.402984619 -146.775085449 -0.500869989 -0.619553506 -0.483832568 0.362200052
1403638214945096960.000000 -644.909362793 -168.290161133 -147.242935181 -0.502015412 -0.619775712 -0.481716990 0.363052815
1403638214995096832.000000 -647.065673828 -169.177352905 -147.710006714 -0.497938693 -0.619059443 -0.484090626 0.366713524
1403638215045097216.000000 -649.227722168 -170.058364868 -148.186111450 -0.497198135 -0.619268119 -0.484069854 0.367392749
1403638215095097088.000000 -651.395568848 -170.944229126 -148.664855957 -0.500767708 -0.620518029 -0.481813133 0.363380402
1403638215195097088.000000 -655.742980957 -172.725555420 -149.641342163 -0.503231943 -0.622806609 -0.479288965 0.359376699
1403638215245096960.000000 -657.924377441 -173.618591309 -150.133514404 -0.502070189 -0.621735156 -0.481240928 0.360247433
1403638215295097088.000000 -660.112915039 -174.519485474 -150.623733521 -0.502723277 -0.619306982 -0.482648581 0.361633092
1403638215395097088.000000 -664.504638672 -176.338333130 -151.612365723 -0.499677390 -0.623401821 -0.483637452 0.357473761
1403638215445096960.000000 -666.708618164 -177.247940063 -152.106155396 -0.494183004 -0.622097373 -0.489682049 0.359151304
1403638215495096832.000000 -668.925109863 -178.158493042 -152.592117310 -0.493943214 -0.622568846 -0.490027755 0.358191431
1403638215545097216.000000 -671.148254395 -179.071975708 -153.074127197 -0.492755622 -0.622077286 -0.491802633 0.358248562
1403638215595097088.000000 -673.375854492 -179.988754272 -153.553970337 -0.485482872 -0.621630073 -0.498182923 0.360133678
1403638215645096960.000000 -675.608886719 -180.908554077 -154.045547485 -0.488265574 -0.614679992 -0.496772915 0.370110750
1403638215745096960.000000 -680.096557617 -182.752609253 -155.027618408 -0.490256697 -0.612888575 -0.494558126 0.373400897
1403638215795097088.000000 -682.349487305 -183.680130005 -155.521850586 -0.492584050 -0.612423658 -0.494546056 0.371109873
1403638215995096832.000000 -691.405700684 -187.441131592 -157.565734863 -0.502948940 -0.605523348 -0.494572312 0.368486285
1403638216045097216.000000 -693.682373047 -188.395065308 -158.085296631 -0.504646003 -0.603158116 -0.494633198 0.369960546
1403638216095097088.000000 -695.966003418 -189.356430054 -158.599899292 -0.504068494 -0.599107623 -0.498221219 0.372505873
1403638216145096960.000000 -698.256896973 -190.318298340 -159.106811523 -0.506159425 -0.601063132 -0.496591270 0.368677199
1403638216195097088.000000 -700.555480957 -191.280685425 -159.614944458 -0.509577811 -0.600797951 -0.496427476 0.364598572
1403638216245096960.000000 -702.857299805 -192.241760254 -160.137847900 -0.505357742 -0.599834919 -0.500122845 0.366999686
1403638216295097088.000000 -705.163696289 -193.207077026 -160.666183472 -0.506244302 -0.594611168 -0.502152681 0.371479481
1403638216345096960.000000 -707.478820801 -194.177032471 -161.178894043 -0.507616937 -0.590269089 -0.503059626 0.375284374
1403638216395097088.000000 -709.800842285 -195.151641846 -161.677154541 -0.508542955 -0.592543602 -0.503067315 0.370404661
1403638216445096960.000000 -712.127319336 -196.131637573 -162.181274414 -0.508325279 -0.591938913 -0.504007220 0.370392382
1403638216495096832.000000 -714.457519531 -197.115493774 -162.689559937 -0.509783626 -0.591969490 -0.503938735 0.368426979
1403638216545097216.000000 -716.787902832 -198.103881836 -163.207427979 -0.509938776 -0.592128396 -0.504332602 0.367416829
1403638216595097088.000000 -719.123229980 -199.095809937 -163.729385376 -0.509205043 -0.594687343 -0.504189610 0.364486098
1403638216645096960.000000 -721.465820312 -200.091354370 -164.254364014 -0.507448494 -0.594569802 -0.507075965 0.363120735
1403638216695097088.000000 -723.815979004 -201.088363647 -164.777740479 -0.507596433 -0.595371425 -0.507129788 0.361521989
1403638216745096960.000000 -726.172424316 -202.087493896 -165.305389404 -0.508468151 -0.598069906 -0.506407380 0.356824964
1403638216845096960.000000 -730.895996094 -204.081192017 -166.390350342 -0.502494931 -0.592682898 -0.514165282 0.363125116
1403638216895097088.000000 -733.261657715 -205.080703735 -166.941940308 -0.504763961 -0.589348793 -0.516877830 0.361550391
1403638216995096832.000000 -738.003051758 -207.080459595 -168.050155640 -0.510386825 -0.578288019 -0.521005332 0.365570486
1403638217045097216.000000 -740.379089355 -208.081817627 -168.602554321 -0.517309844 -0.575887382 -0.519939363 0.361119777
