1403638531.377829313 -0.1048148759522403 0.063198087397767 -0.04089409573745546 -0.07215848701259547 -0.8334941437424992 -0.05558116557845528 0.5449691726437328
1403638531.577829361 -0.10353369946529627 0.0638475435788978 -0.041199227483704165 -0.07135853417606926 -0.8326846585434836 -0.05614624318717782 0.5462525225594618
1403638531.777829409 -0.10387115547141049 0.0638470522111736 -0.04103801546990546 -0.07189691634221336 -0.8327320028233066 -0.05556493380677533 0.5461691890114818
1403638531.977829456 -0.10485387783545401 0.06418298159873535 -0.0405984041198846 -0.07179824257926407 -0.8327947644246865 -0.055837861860467554 0.5460586286217437
1403638532.177829266 -0.1065226850965317 0.06403473965378778 -0.04016284480566048 -0.07176556817773651 -0.832798392752692 -0.05585288601329538 0.5460558537152542
1403638532.377829313 -0.10841089704953219 0.06339723710083177 -0.039475170414872515 -0.0719563531084384 -0.8327930406991245 -0.055587594877303935 0.5460659794441037
1403638532.577829361 -0.1101892097923006 0.06262317597054996 -0.03864481340688983 -0.07206896664978081 -0.8328133288155949 -0.05550090187871156 0.5460290040683035
1403638532.777829409 -0.11178597896331548 0.0620664354350015 -0.03801402525051314 -0.0719397720779734 -0.832849169089536 -0.05561020443795467 0.5459802523009989
1403638532.977829456 -0.11301284966886548 0.06152414868188242 -0.03747783728454981 -0.07194487153898477 -0.8328561193820856 -0.05559920709928498 0.5459700981162243
1403638533.177829266 -0.11389690581283388 0.06126316896527496 -0.03699165905194084 -0.07201706816245909 -0.8328629169873729 -0.05553960846040818 0.545956275989837
1403638533.377829313 -0.11466380124274665 0.06115912542081976 -0.03654430890309163 -0.07202953518948549 -0.832864970841057 -0.055546713016645266 0.5459507753263274
1403638533.577829361 -0.11530379687430714 0.060935571536432094 -0.036133238533197866 -0.07208589122631064 -0.8328905204836898 -0.05545478805757495 0.5459137034880768
1403638533.777829409 -0.11556382247491476 0.06102915962650493 -0.03588404142792642 -0.0721928569977427 -0.8328860640097445 -0.05541236478694003 0.5459106754823922
1403638533.977829456 -0.11583976583297756 0.06082756206123573 -0.035595710595139864 -0.0720754944082854 -0.8329365934256111 -0.0552407048662521 0.5458664845585267
1403638534.177829266 -0.11569816030734673 0.061061556532834564 -0.035402562201755326 -0.07248824959168848 -0.8329010393062433 -0.05528305563461528 0.5458617921722313
1403638534.377829313 -0.1153453388620237 0.06071549193830227 -0.035424311626703966 -0.07234432521423217 -0.8330038191548063 -0.0550321511140535 0.5457493914120595
1403638534.577829361 -0.11460130751966381 0.06032246077110488 -0.03582880136398865 -0.07237624736145122 -0.8330496967397756 -0.05502606905270751 0.5456757400730945
1403638534.777829409 -0.1140816325719061 0.060207689392718734 -0.036240434803065914 -0.07201593748534446 -0.8331325645264654 -0.054824051333422205 0.5456172266975494
1403638534.977829456 -0.11383254322713714 0.0602275646505382 -0.03676936766508949 -0.0723433678745169 -0.8331112401750156 -0.055150794365043956 0.5455735408719882
1403638535.177829266 -0.11345224217777287 0.0599817593861866 -0.03721036382821247 -0.07241052260548286 -0.8331585426483779 -0.05490989689092357 0.5455166929173997
1403638535.377829313 -0.11309254070986728 0.05974828689139323 -0.037268981438712157 -0.07237183337486286 -0.8331587278747263 -0.054843791003056294 0.5455281940364034
1403638535.577829361 -0.11311579188223707 0.06009104563738617 -0.037075607782954566 -0.07241761008450182 -0.8332448535185807 -0.05483253280839056 0.5453916915211894
1403638535.777829409 -0.11340964143552269 0.06042606692557453 -0.03704620026761019 -0.07250274504155309 -0.8332372176726541 -0.054805722692833424 0.5453947412716507
1403638535.977829456 -0.11345351817923968 0.060796615939689255 -0.037165477396419726 -0.07249961238091672 -0.8333298700868137 -0.054583516830390526 0.5452758691856994
1403638536.177829266 -0.1138017781303763 0.06152550492383882 -0.03733674007873537 -0.07265337002394999 -0.8332912429158218 -0.05450131531493852 0.5453226558038768
1403638536.377829313 -0.11442448694366847 0.06220251112368955 -0.0371427820614822 -0.07264042440778293 -0.8333208637654739 -0.05450190310177861 0.5452790563678304
1403638536.577829361 -0.11512484428076089 0.06277779996901123 -0.03674702609371813 -0.07264328607888873 -0.8333736418233568 -0.05437435092793624 0.5452107446327418
1403638536.777829409 -0.11568848743230509 0.06317495432756776 -0.036507064448485775 -0.07274379195064365 -0.8333393021894981 -0.05432336377336843 0.5452549131437484
1403638536.977829456 -0.11620920433547387 0.06334121693525277 -0.03628030440655439 -0.07297253641907059 -0.8333612206285239 -0.054119700841222675 0.5452110993569836
1403638537.177829266 -0.11646763771811232 0.06362406724764932 -0.03645550692152417 -0.0728737637907846 -0.8333498020544252 -0.05422392682794092 0.5452314075016819
1403638537.377829313 -0.1169558644970319 0.06412788364459636 -0.03650242126712364 -0.07289841116413849 -0.8334097056554463 -0.05428761102023856 0.5451302041337056
1403638537.577829361 -0.1175406237503165 0.0649305051298233 -0.03643387394386011 -0.07282554320461614 -0.8334366986044337 -0.05427472365156494 0.5450999578507931
1403638537.777829409 -0.11718188434298057 0.06554669690204584 -0.036778703847781036 -0.0728574367436922 -0.833417429584887 -0.054156566568178986 0.5451369078249074
1403638537.977829456 -0.11804468471758729 0.06620408010132896 -0.036869306067143 -0.07289645918839589 -0.8334425677865905 -0.05421757929096709 0.5450871916813076
1403638538.177829266 -0.11756579852024247 0.06629401204566615 -0.03660648152400513 -0.07283712796517601 -0.8334684110115651 -0.054169343610103414 0.5450604029358501
1403638538.377829313 -0.11864084883695533 0.06704388609724561 -0.03710402344339665 -0.07276796984984764 -0.8334365715326695 -0.05431001565901388 0.5451043257900451
1403638538.577829361 -0.118177268716251 0.06743490811960243 -0.036610903673872285 -0.07283617687958688 -0.8333066381092876 -0.05433362124779413 0.5452914778563533
1403638538.777829409 -0.11781446655522597 0.0673916339335815 -0.03576158708125159 -0.07266980824876876 -0.8323688956469086 -0.053972587355779894 0.5467797365876487
1403638538.977829456 -0.12234104736732691 0.06823764748108212 -0.0319113967684054 -0.07120563184629103 -0.8268305963545787 -0.05392665044756937 0.5553132803174313
1403638539.177829266 -0.13308746342577024 0.06830557783916662 -0.014574112895950796 -0.07272407850781851 -0.815766244877772 -0.055038961196072746 0.5711456511904417
1403638539.377829313 -0.1482174950582863 0.06692439441493617 0.032609370453678344 -0.07133743504722799 -0.8129087943867291 -0.05437650339318147 0.5754419677503684
1403638539.577829361 -0.16405072368962584 0.06625959669539966 0.10511478610609803 -0.0689548089479585 -0.8159668832818389 -0.0536961041129692 0.5714542922346928
1403638539.777829409 -0.1883551029967006 0.06866318748858383 0.15818265102916043 -0.0668445907087073 -0.8178991967137555 -0.05237755706352086 0.5690600110920924
1403638539.977829456 -0.21951046245703756 0.07167463010892243 0.18182644597140477 -0.06616318461202714 -0.8250150998915053 -0.049529333124033285 0.5590343130018028
1403638540.177829266 -0.2681778348021029 0.07703823323827469 0.20090160565491913 -0.06610179877938346 -0.8349880159059971 -0.048901659777898544 0.5440902435833433
1403638540.377829313 -0.34616050441268287 0.08332272410333458 0.22674880383494353 -0.06255974884881388 -0.8249151513054623 -0.050369513697777465 0.5595213874916828
1403638540.577829361 -0.44092029925153603 0.08434691641916112 0.2470174110488363 -0.04524579346721819 -0.823226136900623 -0.04032804023685194 0.5644689494276552
1403638540.777829409 -0.5462601159371089 0.07695240767960924 0.26416364833348155 -0.00428887347892 -0.8234902988468099 -0.024427080700326422 0.5667880123979693
1403638540.977829456 -0.6555190813751939 0.05534617420268739 0.269343825541565 0.04987517157408282 -0.8225503311096571 -0.000698328480785898 0.5665006022850188
1403638541.177829266 -0.7765687991812622 0.015801814781274195 0.2701109311471895 0.08292088415236946 -0.8193351863493135 0.022758545414924683 0.5668298051373336
1403638541.377829313 -0.9011595584466539 -0.04016159946010871 0.270864158765952 0.09566139736434111 -0.8185132590342089 0.031183161982958896 0.5656081260451901
1403638541.577829361 -1.0266237710346682 -0.11535791392148548 0.28861924992094046 0.09654664068452465 -0.8168768232457032 0.031780437369457654 0.5677860562018547
1403638541.777829409 -1.151539675150946 -0.21752735007490775 0.33704532557048994 0.10522539795860708 -0.8141228977962297 0.04571790066980451 0.5692463407583543
1403638541.977829456 -1.2643684744426162 -0.3365410539918797 0.40302872761750486 0.1282070158934808 -0.8121912748142361 0.06952906730979708 0.5648663585224866
1403638542.177829266 -1.3701767847322626 -0.4618288631780396 0.44875810279805683 0.16491852670963064 -0.8071030936963635 0.09867195595954066 0.5582565009034041
1403638542.377829313 -1.4744272741634712 -0.592075915057608 0.47443902255675474 0.21005816991092766 -0.7966188459037361 0.12707746383556281 0.5523814785000473
1403638542.577829361 -1.5761479531461053 -0.7210114058651903 0.48538187681820266 0.24932482854854984 -0.7714187403191975 0.12956766365568953 0.570931237092935
1403638542.777829409 -1.6499727881120845 -0.8607696392847427 0.5012222966933675 0.25821709703575824 -0.7716542318067566 0.13937328654341857 0.5643126476797451
1403638542.977829456 -1.6923128758379713 -1.0102933704357795 0.5454556654588355 0.2522487432638469 -0.7811726095885073 0.1511676561266025 0.5507161385793777
1403638543.177829266 -1.725662617770057 -1.165977724101392 0.5988548600022696 0.24688760620866818 -0.7857037902664904 0.15473059858849822 0.5456871866939664
1403638543.377829313 -1.759920987687271 -1.3278357678244368 0.6313610213214235 0.24358836720261343 -0.7869407383052038 0.15488556280638854 0.5453434185845499
1403638543.577829361 -1.7932090051856733 -1.4964222169316024 0.6466426851401511 0.2590540613358515 -0.7831792252910291 0.16262020612145492 0.5413649073767803
1403638543.777829409 -1.8248227468545792 -1.6754214053048853 0.6543016190619803 0.29826178616895427 -0.7703061602856708 0.1799355175748196 0.5341268911526893
1403638543.977829456 -1.8535999679894748 -1.8624429352121097 0.686572228724153 0.33955972545955243 -0.7524506239363135 0.20547363854188613 0.5256404048854475
1403638544.177829266 -1.8816012101195103 -2.0505700212328635 0.7357696062353752 0.35771852039457824 -0.745643426520846 0.23102392306188285 0.5125244263702509
1403638544.377829313 -1.9162364257323847 -2.2359163550204864 0.7659085665797657 0.3639403645805749 -0.7423348947261401 0.23989721783087123 0.5088571901604498
1403638544.577829361 -1.9572240498885274 -2.420412436200607 0.7827243777385501 0.36438025188296397 -0.7404727370125446 0.24080358169563884 0.5108236416039319
1403638544.777829409 -1.999261840297055 -2.6072987853810865 0.8139324628228276 0.3648712664272754 -0.7330726499730073 0.2471533123471145 0.518062437350213
1403638544.977829456 -2.0404427576771287 -2.78929326264605 0.8390205627707686 0.3677692214391659 -0.737364859560251 0.24542898042856368 0.5106892197938088
1403638545.177829266 -2.0828146078040075 -2.966980599805519 0.8403029801011882 0.3687634000194054 -0.7358073400913097 0.24670395871028425 0.5116036257012325
1403638545.377829313 -2.1252112524762525 -3.139869513395048 0.8187765200688377 0.36957415329934584 -0.7326959190930822 0.2475354346338166 0.515070717434173
1403638545.577829361 -2.1634143346069523 -3.312580421684094 0.7880631147397782 0.3769253265129122 -0.7306793958710733 0.25376867551143895 0.509545265910577
1403638545.777829409 -2.1977352934917236 -3.485571875259905 0.7812417277904773 -0.40454739256380035 0.7181874032878831 -0.27152640289145696 -0.49681150697343746
1403638545.977829456 -2.232034350220523 -3.658231504049568 0.8033785451692493 -0.44636591862316904 0.6957924621001187 -0.29266056643573307 -0.4806039005561708
1403638546.177829266 -2.2668904785010873 -3.833780511770427 0.8370146145719408 -0.4782646059475934 0.6756212348699486 -0.3070151758708672 -0.46961749911551226
1403638546.377829313 -2.300765463715225 -4.017525675365348 0.8442970669078843 -0.4883086245449224 0.66938705659037 -0.3186592510882067 -0.4603606600917942
1403638546.577829361 -2.3343126849120472 -4.20616757488316 0.8338374134611736 -0.49275696237694194 0.6671867575863493 -0.3225091156315473 -0.4561143243364979
1403638546.777829409 -2.3656029450347353 -4.401799943814523 0.8440237598787406 -0.5044711341654621 0.6581693410959024 -0.32854335529081685 -0.45208545312735315
1403638546.977829456 -2.3948687186845663 -4.610180946935106 0.8796916362708873 -0.5138078026044054 0.6515102177432824 -0.32786881639960286 -0.4517056756247009
1403638547.177829266 -2.416171327795051 -4.820746607450421 0.8946933306878028 -0.5204637699236766 0.6471201449509347 -0.32266792720000914 -0.45413477179343437
1403638547.377829313 -2.4207431620094955 -5.022579113079014 0.8874073473503229 -0.5197522530955319 0.6472472959588145 -0.32353992981765023 -0.45414804534382913
1403638547.577829361 -2.407392522167385 -5.165433569255184 0.8633558877767318 -0.5123494421243903 0.6538452662736032 -0.33137896046521986 -0.44740630470225495
1403638547.777829409 -2.382999845792767 -5.297178834636333 0.8176172336533585 -0.5110994956936137 0.6547508398121812 -0.3297106798220849 -0.44874214297093434
1403638547.977829456 -2.3561239459868 -5.445354811926131 0.7666986871808076 -0.5136580572391553 0.6519054194429962 -0.32580325929095016 -0.45279902889632245
1403638548.177829266 -2.3249458864591555 -5.601017283592087 0.745018510018472 -0.5212319954155583 0.6480670847528389 -0.33291143372407106 -0.4444054881645369
1403638548.377829313 -2.2959576910318296 -5.757638016543098 0.7618676436190153 -0.5415058320839534 0.6329886173810213 -0.3471797928641444 -0.43077028160241965
1403638548.577829361 -2.2687534126441347 -5.9210770618924355 0.7956172025842458 -0.5604831507050283 0.6160283713806562 -0.36216113594798666 -0.41857734654254536
1403638548.777829409 -2.2433759266630178 -6.090473666058331 0.8100004303512939 -0.570278282766069 0.6068455054361871 -0.36980680300278196 -0.4120244424667147
1403638548.977829456 -2.2187199226339285 -6.262048596023451 0.836308801225755 -0.5740251508094621 0.6037267355163183 -0.37259285002984055 -0.40888106237325694
1403638549.177829266 -2.1905256442915904 -6.446838399722614 0.8817037152543639 -0.5736499494381303 0.6033567876457137 -0.3742830362298133 -0.40840975882307917
1403638549.377829313 -2.1600326716157694 -6.641372206704028 0.9446104655811999 -0.5704278243910466 0.6055750566599847 -0.37714717773763295 -0.4070024007744298
1403638549.577829361 -2.1301412217299345 -6.842570674439099 0.9987133848811376 -0.5665202507682833 0.6070884706501584 -0.3805169853320074 -0.4070690582036327
1403638549.777829409 -2.1034234376935137 -7.0497024175618295 1.0357420429506192 -0.5655225782528644 0.6066410437908766 -0.3803177860057148 -0.4093033583078915
1403638549.977829456 -2.0792725991600007 -7.266337597278018 1.09245511946166 -0.5657898142335441 0.6089956811418642 -0.37892546342766154 -0.4067205915934403
1403638550.177829266 -2.0597265369810738 -7.496409318111262 1.1780687211780774 -0.5654698248348367 0.6098372540818473 -0.37994344903080496 -0.4049510788646013
1403638550.377829313 -2.043509946037228 -7.726035385979216 1.2859629740763105 -0.566847778494274 0.6084273323307587 -0.3793952271453252 -0.4056587715163886
1403638550.577829361 -2.0326590274328162 -7.9511424047450925 1.3685286299716006 -0.5631218123898621 0.6096384508889371 -0.38586251583866116 -0.40292046669163845
1403638550.777829409 -2.0308842801233244 -8.17866667701521 1.4311957424888297 -0.5577293979198871 0.6073103177892101 -0.39360629350156784 -0.4064310302111558
1403638550.977829456 -2.039994932461356 -8.420779497976733 1.4881511438865105 -0.549440903128078 0.5991506367983442 -0.4048466815188869 -0.41860765981637477
1403638551.177829266 -2.061363070274028 -8.638401953514084 1.5401742654189534 -0.5439846590334017 0.5968946744449499 -0.41287933741949095 -0.42110342089262276
1403638551.377829313 -2.0935236064991556 -8.757998535723564 1.5936221915492528 -0.5397860568417211 0.6059208589690577 -0.4093186431921217 -0.4170721446472851
1403638551.577829361 -2.15663229831422 -8.896584724264045 1.6535471992389108 -0.5139932260922043 0.6327429106710325 -0.39569660599930495 -0.4229321086502999
1403638551.777829409 -2.246199890828552 -9.03076139611086 1.6950920835114223 -0.47642459567556916 0.6628840655533231 -0.37987854637213425 -0.43508230287724414
1403638551.977829456 -2.365157772439417 -9.163958423413368 1.7356996946320744 -0.4527706772362426 0.676335990224775 -0.35749745242336795 -0.4579999057559187
1403638552.177829266 -2.5017135458228004 -9.281961768595432 1.7998741117789907 -0.4445164829554649 0.6823045762976221 -0.3415981715307939 -0.4692294222989153
1403638552.377829313 -2.6445939858050704 -9.389459765834152 1.8712078280005429 -0.44072957874065755 0.6874218969832792 -0.3392637321621672 -0.4670210851881529
1403638552.577829361 -2.7998284399719187 -9.4800308608992 1.9262811647054925 -0.43194974779129447 0.6800786976970725 -0.35181643634243775 -0.47658952510617686
1403638552.777829409 -2.969687103925525 -9.53818544581547 1.959465730491819 -0.4354309750080281 0.6772125973744181 -0.35170569073343216 -0.47758357495479653
1403638552.977829456 -3.1543346029683534 -9.561627424562179 1.9774815484455648 -0.4454219948888524 0.6738284904467675 -0.3452115044883928 -0.47789478873519453
1403638553.177829266 -3.3492774609315488 -9.56363850640494 1.9808291224642383 -0.45001074001033065 0.667815778011852 -0.34650883556741535 -0.4810863201000656
1403638553.377829313 -3.5423928375772924 -9.540751931369046 1.98426007775218 -0.4478896971296524 0.6567600425690003 -0.35553826774504654 -0.4915827558597396
1403638553.577829361 -3.7268210218774565 -9.48134406586121 2.010397904656795 0.4546174089126991 -0.6470095712005519 0.3489697718675829 0.502913237657504
1403638553.777829409 -3.888208229859009 -9.376479001386643 2.05945799606054 0.45871033151654805 -0.646488961607178 0.34469923097364363 0.5028113905296064
1403638553.977829456 -4.02831917738228 -9.23987068370865 2.1285286995986494 -0.46042568935073097 0.6513169169385125 -0.3416057531387107 -0.49709150839466365
1403638554.177829266 -4.1570862875219925 -9.086074837813513 2.182283746352042 -0.4645642639969828 0.6575496294989431 -0.33557130186690204 -0.48908121076772876
1403638554.377829313 -4.277714393538513 -8.914299123784506 2.214779628337094 -0.4747040564930531 0.6668719398741022 -0.3216528502778886 -0.47589633163707945
1403638554.577829361 -4.393142128706786 -8.744583217516645 2.2357325370195227 -0.4765195778570844 0.6692561734320535 -0.3200096941705337 -0.47182524506304124
1403638554.777829409 -4.50041363852691 -8.582904412580257 2.260067242308015 -0.4694375415337611 0.6721005467960868 -0.33100134800186265 -0.4672765318481287
1403638554.977829456 -4.61488071934724 -8.429313988161596 2.2997933714729504 -0.4643810200311857 0.6727976191184663 -0.33675669064391833 -0.46721361629323527
1403638555.177829266 -4.738916474973402 -8.27012178858263 2.3243018946416827 -0.453377747663306 0.681649280556521 -0.3265532210152446 -0.4724043501969783
1403638555.377829313 -4.870371082226829 -8.105267219865578 2.3305182645850544 -0.4402557905367074 0.6906827765198011 -0.3131968452191684 -0.48066607667121997
1403638555.577829361 -5.005169982966041 -7.942746497168088 2.325340494138092 -0.434398112146453 0.6939543764330959 -0.30472323719651634 -0.4866922562619812
1403638555.777829409 -5.136227488100937 -7.783415667884888 2.336720802093747 -0.432521238809734 0.6969595656671754 -0.30335395951171296 -0.4849217638465343
1403638555.977829456 -5.265540704992036 -7.624986025499735 2.378862801969011 -0.43542918700323385 0.6956890218438033 -0.3011562395732603 -0.4855132617733127
1403638556.177829266 -5.399544426849325 -7.4693785847064635 2.4273745387196874 -0.4371892186684947 0.6999868974100187 -0.2990237458709369 -0.47902894478266395
1403638556.377829313 -5.53845966558745 -7.321502800549588 2.4552402337029693 -0.43879942492836316 0.7054088462220489 -0.2965346716320911 -0.47108450714729944
1403638556.577829361 -5.685654341071633 -7.191657775188653 2.477308676322546 -0.4396324234074249 0.711396242268939 -0.29382569221111526 -0.46293107626422725
1403638556.777829409 -5.842023304731937 -7.078812027137294 2.51224392897388 -0.42892065018187614 0.7106509294786157 -0.307955596197511 -0.4649362139577038
1403638556.977829456 -6.016667013822347 -6.974074053523859 2.5712661803457952 -0.42216328252689866 0.7074136744450911 -0.3174525295901224 -0.46964661986540057
1403638557.177829266 -6.209067369636415 -6.8733728666665606 2.615176635218575 -0.4252851465420214 0.7042560030619193 -0.3145796409731405 -0.47349305778136647
1403638557.377829313 -6.408763536248235 -6.773716276816087 2.631818976487501 -0.4285063739443737 0.7018311733339404 -0.3112587149579354 -0.4763751714651413
1403638557.577829361 -6.611776568500787 -6.675834086984144 2.6578593690786936 -0.4361485460529128 0.6964172008871647 -0.3012388387730289 -0.48376925294922973
1403638557.777829409 -6.800036253223675 -6.584791022048706 2.7007513332177258 -0.4377353449777207 0.6948682137388733 -0.29875309234254604 -0.48609929346617425
1403638557.977829456 -6.958869449281158 -6.529290213836478 2.7241960186302223 -0.4407291497878866 0.6960393970452667 -0.292962089389895 -0.48524240176264566
1403638558.177829266 -7.139890204447012 -6.450676720744257 2.733849946196206 -0.4426659331845104 0.7056497754430356 -0.28913412542930567 -0.4717061834736459
1403638558.377829313 -7.326514133181083 -6.382648163869577 2.762173547188921 -0.44679902609169914 0.711312695278712 -0.2807903222181999 -0.4642861991998089
1403638558.577829361 -7.519961351090319 -6.348821619987922 2.823446065980086 -0.44908234288342863 0.7177126585854678 -0.27529898131795455 -0.4554383162424605
1403638558.777829409 -7.738649913683089 -6.344075965668192 2.9045350291686303 -0.436610571565234 0.7180125624116294 -0.2913017438945247 -0.4571350599336462
1403638558.977829456 -7.96004248606821 -6.364647275186089 2.9621428807554513 -0.43331821630844297 0.7119146928714212 -0.2957558121753866 -0.46684182873164415
1403638559.177829266 -8.175799568717677 -6.3975376700876385 2.987923400767166 -0.4337632285006172 0.7039610768124475 -0.29659072467911196 -0.47783072940956184
1403638559.377829313 -8.344976062870344 -6.4490587842052935 2.978369590020026 -0.4393946351534729 0.6987831251769059 -0.29084195607912877 -0.4837824460957487
1403638559.577829361 -8.544444091423925 -6.5140201516306275 2.9428049664195415 -0.44330090571689634 0.6942324326501733 -0.2875762469833783 -0.48869779886770154
1403638559.777829409 -8.734059533261014 -6.566120907787318 2.9142364290684237 -0.4443115268196414 0.692323655143691 -0.288460486297216 -0.48996507172331527
1403638559.977829456 -8.916606748406059 -6.626670767032945 2.899638043518166 -0.43775265877981623 0.6963137251243183 -0.2888676780503681 -0.4899747651792596
1403638560.177829266 -9.099297884664491 -6.676142232972051 2.872373794134714 0.40667426326542444 -0.7128909463852229 0.27383492604885434 0.5014149732862346
1403638560.377829313 -9.267771027254474 -6.725682034150507 2.825256138333734 0.3608513313930905 -0.7303486316546803 0.2500226346974185 0.5233219611398462
1403638560.577829361 -9.360429274461668 -6.754165215483618 2.7745498884840023 0.3084572843730123 -0.7459209917261617 0.22585448992095136 0.5453858516705065
1403638560.777829409 -9.471796073243869 -6.771960229418795 2.691944696962139 0.25421745340849705 -0.7638946787363303 0.20915445526191176 0.5550610957590737
1403638560.977829456 -9.58229608532949 -6.75542446501223 2.63091045881722 0.20995915130562312 -0.7735603610459826 0.18601275096034484 0.568261189139251
1403638561.177829266 -9.670028779701907 -6.693834116637199 2.6226547241360754 0.17189473508586495 -0.7762943429656357 0.16264728627390837 0.5842646261732763
1403638561.377829313 -9.734501303043894 -6.619630059797997 2.645546460340191 0.15288656017579078 -0.7804901973304804 0.14671390864579484 0.5881630561322897
1403638561.577829361 -9.80827707741813 -6.531948457999293 2.650871831612117 0.16050618320489315 -0.7899435861626238 0.12348477526679076 0.578773190560195
1403638561.777829409 -9.820424042056977 -6.436274082121943 2.6570669650685437 0.16558957208308805 -0.7918083759424174 0.11855849489909462 0.575815484936303
1403638561.977829456 -9.825975845102459 -6.328294039177932 2.6482161072222494 0.1621247635444531 -0.7919243748803717 0.11089416108651365 0.5781641899610396
1403638562.177829266 -9.74978298713907 -6.241159541317575 2.6416021885945566 0.1436210031375848 -0.7949957508336557 0.09597322328972376 0.5815014222045991
1403638562.377829313 -9.669730021771112 -6.138827638804031 2.664007416617818 0.12359603457355141 -0.7962137428368324 0.0837288136524512 0.5863080945375178
1403638562.577829361 -9.594134563643108 -6.03597883475391 2.7007574652942323 0.0877088841634694 -0.7997391426876823 0.06661229814101771 0.5901586710612273
1403638562.777829409 -9.531803895438705 -5.914164008034358 2.7519621635402842 0.03745002804429291 -0.8028811734693827 0.04989032843178932 0.5928661500012422
1403638562.977829456 -9.511032136688982 -5.790939027438759 2.7739931979929926 -0.009690471658525344 -0.8036843337469933 0.022819504022481462 0.5945391969292505
1403638563.177829266 -9.43808007212412 -5.644317813421415 2.796475975300749 -0.05304839983995287 -0.8025231442014558 0.002954189711670291 0.5942505726198376
1403638563.377829313 -9.317464301012794 -5.484696845717146 2.809828879566741 -0.0758635333329974 -0.7913401322682151 -0.014521730021093847 0.6064772367777328
1403638563.577829361 -9.1938775202324 -5.303504141188028 2.7921740224347023 -0.08196218041210171 -0.785532164156334 -0.02111316553235984 0.6130054276265058
1403638563.777829409 -9.078684120458233 -5.09461904657571 2.7779656325710347 -0.08227828996016898 -0.7914568932083996 -0.01823083433116079 0.6053874014828357
1403638563.977829456 -8.987755728146135 -4.887426807176746 2.786056609545453 -0.07952430050469975 -0.7901160318318199 -0.01175365145594235 0.6076630592272669
1403638564.177829266 -8.892350365249943 -4.66337796503322 2.7858476165806993 -0.07271759121722113 -0.7910548572317525 -0.005494741505405257 0.6073830526066915
1403638564.377829313 -8.779280317956209 -4.422879648775074 2.7798528306100323 -0.061893781135027685 -0.7882514847873862 -0.006332893602779981 0.6121998456764902
1403638564.577829361 -8.637628256518472 -4.165131475093653 2.7973121217314336 -0.05690459492079133 -0.7888827115047972 -0.004521593926383134 0.6118868275706889
1403638564.777829409 -8.472234657986515 -3.9004905767741125 2.8076327273870567 -0.06259220540439708 -0.7912202827680407 0.004690737460033986 0.6083014687978207
1403638564.977829456 -8.298189045033403 -3.6373815382974106 2.7797593612125255 -0.06673911125467376 -0.7901291759700829 0.008781739377717946 0.6092328433068155
1403638565.177829266 -8.130038638501116 -3.380219315764345 2.6932507840801234 -0.06763786906563266 -0.7912536871510868 0.01037909618964849 0.6076470979119337
1403638565.377829313 -7.922947818289604 -3.060409342511912 2.5697273151005047 -0.06577017007565474 -0.7933878550700663 0.0061256500527297935 0.6051218658810962
1403638565.577829361 -7.721543834172231 -2.719380948246933 2.4478449147108856 -0.06245031238549437 -0.7905620665683357 -0.0035655401662565327 0.6091788442731109
1403638565.777829409 -7.4999384243181755 -2.366477662377812 2.3557362148142276 -0.05223112816658643 -0.7928347279506387 -0.02464543011993732 0.6066939971522213
1403638565.977829456 -7.2668021792427675 -2.031650350339098 2.2881857495526843 -0.049748438191804446 -0.7968028713685964 -0.034382197126393246 0.6012055734916874
1403638566.177829266 -7.036030579136084 -1.74112435907307 2.211150367500757 -0.05160300816257748 -0.797911062210753 -0.033803817591314546 0.5996101802563168
1403638566.377829313 -6.867276450597776 -1.5373576482312132 2.1167856149664175 -0.04980080534210285 -0.798479760335846 -0.03478886901423128 0.5989488181092631
1403638566.577829361 -6.698954789920743 -1.3344495202348374 1.9917853392260525 -0.048764736720246366 -0.8016419002203462 -0.030581885406902452 0.5950269006937218
1403638566.777829409 -6.494978834442568 -1.1027846901694285 1.8332324443385457 -0.045692506196107596 -0.8228700798325105 -0.02853864577934839 0.5656700206760331
1403638566.977829456 -6.2920250386849625 -0.8624702851344843 1.6603833290087262 -0.04167080296337623 -0.8351357953727597 -0.026600259042835236 0.5478176463815297
1403638567.177829266 -6.10028382413852 -0.6148568174701247 1.48912603542741 -0.037443359027291005 -0.8146673546029228 -0.028583425623844392 0.5780121832532571
1403638567.377829313 -5.9103241934231034 -0.36991835536608275 1.3034170487806345 -0.03452683631480197 -0.8035588375145211 -0.034712694314389884 0.5932083285662488
1403638567.577829361 -5.738521922762574 -0.1606172910053378 1.1284805102581223 -0.03707921600756873 -0.8075879672556396 -0.03779175796715774 0.5873658058777893
1403638567.777829409 -5.582911285632666 0.025582491682499764 0.9950061057036094 -0.03838426698035478 -0.8142596419116045 -0.043004322968657645 0.577631813362934
1403638567.977829456 -5.452495566006873 0.18337676038669465 0.9069433157777399 -0.041839113678778066 -0.8185903723153298 -0.04212866009194665 0.5713006799564333
1403638568.177829266 -5.37429879895618 0.28975643728184935 0.8563186886103595 -0.039037117159217614 -0.8176571104285715 -0.04747055203305036 0.5724154958941778
1403638568.377829313 -5.282430419924887 0.39887673329788526 0.8202769861974682 -0.03985582887949279 -0.8178395216104994 -0.04882696174207977 0.5719842284572945
1403638568.577829361 -5.235025143431314 0.4667510123137188 0.7807517935210622 -0.03940317879066287 -0.8200999432830699 -0.05030680756348038 0.5686410973906957
1403638568.777829409 -5.179915180200722 0.5433670978961793 0.726266140027777 -0.038204821337848534 -0.8231279768011306 -0.05136673806571646 0.5642359290713025
1403638568.977829456 -5.118203886777145 0.6221943609645183 0.691091485638614 -0.03815853390594915 -0.8220236726567658 -0.05145546152087724 0.565838619539487
1403638569.177829266 -5.054811621821266 0.7037900986639904 0.6776612877167698 -0.03729620871404449 -0.8225398214161456 -0.053557057036566276 0.5649503311287571
1403638569.377829313 -4.9976562132815525 0.7739245017357915 0.6629232747089864 -0.036099544017085594 -0.8237832246082533 -0.05658168516542196 0.562917875609131
1403638569.577829361 -4.959973999638916 0.8253707354084899 0.6291375935211094 -0.03526185168134276 -0.8209685110707708 -0.05806163280339408 0.5669181179351303
1403638569.777829409 -4.936187092902309 0.8550876272434864 0.6070403295284518 -0.03547863429703629 -0.8188444301794937 -0.058198743781004966 0.5699543594845188
1403638569.977829456 -4.922984853186381 0.8625387558137985 0.6059039156554111 -0.03515490357192956 -0.8160344168684085 -0.05818600898864867 0.5739915954085982
1403638570.177829266 -4.917929081242315 0.851919776513577 0.5971250316158596 -0.03931393708048499 -0.8153626247285969 -0.05098801320646391 0.5753593894748176
1403638570.377829313 -4.919697223394066 0.8318631634828029 0.567988550717023 -0.05092418008676013 -0.8143479645804075 -0.036899717379447805 0.576959731111461
1403638570.577829361 -4.938826661431299 0.8169402977221345 0.5177853143250051 -0.0927716277873067 -0.8104664212778233 -0.025109928371710003 0.5778469490761623
1403638570.777829409 -4.958614660713821 0.8304653565176323 0.4366756840757008 -0.14911767056636285 -0.7929497754239136 -0.032045431537148575 0.5898878404393713
1403638570.977829456 -4.961470656044436 0.8889601898149434 0.34203321397092745 -0.19467194923655062 -0.7715753509463746 -0.05949729334061721 0.6026892914911536
1403638571.177829266 -4.9257600432863615 0.9857758524179431 0.2496207615709516 -0.22704951565097323 -0.770444582606817 -0.09670424215263558 0.5878026472590283
1403638571.377829313 -4.856382474050701 1.1054411751720254 0.19642978820579957 -0.2395215931063502 -0.7707363385579145 -0.12939436969137547 0.5760659684054431
1403638571.577829361 -4.783718577161406 1.236588879848651 0.17291713826134894 -0.24847913002133065 -0.7651876683862506 -0.14213763475802674 0.5766652814930304
1403638571.777829409 -4.702852021381506 1.3856747458804723 0.131829462847044 -0.2713717532535346 -0.7638156791776498 -0.15585796284487316 0.5644920506056239
1403638571.977829456 -4.604953600256356 1.5474829701534993 0.07761460700207676 -0.3088018191060935 -0.7539655714855694 -0.1703774501831029 0.5542101388470988
1403638572.177829266 -4.484406729830838 1.7156618859265915 0.05533754664694289 -0.34307494013679 -0.7390919894385684 -0.19451231079554362 0.5460838557835713
1403638572.377829313 -4.348684515714719 1.8839661677009283 0.05245564244616207 -0.3780473183858167 -0.7291408553780788 -0.2210302705938784 0.5259082216144078
1403638572.577829361 -4.208669282635746 2.064111954181043 0.04071788229375591 -0.4002047029539805 -0.7206025815787993 -0.2455882218450675 0.5101514877436829
1403638572.777829409 -4.069198268884458 2.261623337469785 0.0399858922634506 0.4056930639197592 0.7198954263709294 0.25918366435695545 -0.4999875409530077
1403638572.977829456 -3.938686070803221 2.482405024721761 0.07162894709331044 0.40416381056614664 0.7244770825391503 0.2634274200139328 -0.49233176364026154
1403638573.177829266 -3.8225075541275637 2.7201626136781947 0.09539681055525989 0.40177959162565985 0.7282475623316595 0.26110505024642505 -0.48995183482362886
1403638573.377829313 -3.729114945818991 2.9759336607631734 0.10662280210940009 0.3988783262308444 0.7304977867611023 0.25870323748574153 -0.490246569916532
1403638573.577829361 -3.654853346420385 3.2459879943526175 0.1347994442336176 0.3993845858917124 0.7305669330120925 0.2634717127028331 -0.48718227137998615
1403638573.777829409 -3.6055411378674345 3.5196326553084254 0.18878665583042328 0.40342742378602386 0.727282493584117 0.2728229161304524 -0.4836053604930679
1403638573.977829456 -3.574595133423145 3.7987002228328386 0.24352905657179383 0.4219774911700416 0.7011805930009969 0.29800212676940097 -0.491401572428939
1403638574.177829266 -3.5476374237558637 4.071985938122669 0.2776605288180936 -0.4665691506050526 -0.6575357863554455 -0.3089454436280282 0.5044924481373427
1403638574.377829313 -3.503626158682579 4.3303760961275 0.2920466455246834 0.5085308371596631 0.6244358900078767 0.3294202222080748 -0.4929082309398151
1403638574.577829361 -3.437731393418221 4.587234771040001 0.2990912613554293 0.5407455315106506 0.6015766040016404 0.3525184406470897 -0.4705641387450651
1403638574.777829409 -3.3559606115292406 4.8421677026937635 0.3282368057395385 0.5506827400745247 0.5947349639051417 0.3746181455290207 -0.4502222645906677
1403638574.977829456 -3.2727890881735267 5.0852216482319506 0.36486617091858836 0.5584097373984388 0.5994028348499187 0.3743393407046423 -0.4344707869964009
1403638575.177829266 -3.189831690143525 5.32515890261552 0.3801562085975429 0.566693187161901 0.595493245320779 0.3609177897038102 -0.44043725486941177
1403638575.377829313 -3.098570145126721 5.560405440713108 0.37674855144825703 0.5675382109001723 0.597353659894198 0.3543295469776555 -0.4421759336710058
1403638575.577829361 -2.9960091096607133 5.796140052773035 0.35951507305584784 0.5635918247868441 0.6080492641335203 0.35161848108419674 -0.4347468127314344
1403638575.777829409 -2.8878951587235964 6.040334707414028 0.36425519920320576 0.5555757209075756 0.6212763583295264 0.3563195239748464 -0.422359682916286
1403638575.977829456 -2.7915072603555777 6.292562047890344 0.4072128690967405 0.5527270637486861 0.6260864924725857 0.35594452281209926 -0.41929940808827343
1403638576.177829266 -2.7084325890391483 6.561813425503842 0.4789910337911413 0.5509279931836187 0.6250368227071323 0.3575386428811929 -0.42186897898933035
1403638576.377829313 -2.639312186588729 6.848191717264326 0.543409939664908 0.5455448887447714 0.6272222339538686 0.36613287146604734 -0.4182341019457661
1403638576.577829361 -2.590992109990494 7.141162124056474 0.584768664785887 0.5402557296733426 0.633964171858069 0.37461843984297005 -0.40727656437000154
1403638576.777829409 -2.573126535772651 7.440481032528041 0.6099102498284122 0.5344797422569436 0.6333126819840061 0.38270044008314236 -0.4083954273927704
1403638576.977829456 -2.5869124630864855 7.74021647063727 0.6180202855827021 0.5341593334012569 0.6217158234400237 0.3838426288019471 -0.4252153310253729
1403638577.177829266 -2.6229145181754965 8.031171542725211 0.6266505285326194 0.5393534361018694 0.6148650920451753 0.37681897688050636 -0.4347944896294198
1403638577.377829313 -2.667832440829361 8.319847310387116 0.663503313519214 0.5346588463319722 0.6197107710104658 0.3835157070330143 -0.42780156707466244
1403638577.577829361 -2.7274451029993867 8.603873303737773 0.7169128897155113 0.5330661534681639 0.6224308924375576 0.3850938462541115 -0.4244089887634882
1403638577.777829409 -2.803677820846289 8.8812078618604 0.744896379858167 0.5366262753120206 0.6208407285252079 0.37882799904409414 -0.42787659154162416
1403638577.977829456 -2.8935473671282694 9.156042743909389 0.751775216406893 0.5350086076714035 0.6217355390273344 0.37919285612286113 -0.42827968325999205
1403638578.177829266 -3.000853494698045 9.433213263825579 0.7760963774544579 0.5369519392981413 0.6180840586601068 0.37377241058820304 -0.4358312705592623
1403638578.377829313 -3.112677482476681 9.710726823615504 0.8194886159059037 0.5438991603192767 0.61070256567499 0.36292513788866526 -0.4466558227208881
1403638578.577829361 -3.2176559487342886 9.983840573265248 0.8441344605742714 0.5448858560371292 0.6097929091426149 0.36292311727861093 -0.44669768613107536
1403638578.777829409 -3.3180337093007877 10.260739623639035 0.853428634356139 0.5405571763687627 0.6123894630592364 0.37054133820593177 -0.44212690631855306
1403638578.977829456 -3.4189238448920265 10.53126650354201 0.8527095676648938 0.5349161964781655 0.61678230227033 0.3780145395646283 -0.43651948665459417
1403638579.177829266 -3.5295005745451333 10.795651684081413 0.8741242198630155 0.5330118258834646 0.6177460353583737 0.3789085352883939 -0.4367110614044443
1403638579.377829313 -3.6477603124521027 11.044341818163344 0.9187106246284681 0.5373588635280286 0.6136083639758483 0.37124058722668224 -0.4437461592423624
1403638579.577829361 -3.7647923845701006 11.275802771015163 0.9525956057013893 0.5386576783975373 0.606794783522895 0.36394689734771474 -0.45737364605295644
1403638579.777829409 -3.8757503646152576 11.49293268939552 0.9628776692042635 0.5079157651058092 0.617828288858619 0.3654469267586324 -0.4761914790982189
1403638579.977829456 -3.9858947807278704 11.681895833450055 0.9479471712443602 0.4625548368297847 0.658928844818197 0.33882038238896817 -0.48688453340585547
1403638580.177829266 -4.104174679790532 11.84980113277592 0.9198475876315495 -0.3914818596685116 -0.6890129152051927 -0.30642556328875736 0.5273580665873494
1403638580.377829313 -4.213330303927019 11.976002227454309 0.8710663655316824 -0.32994653331364077 -0.7236439238345824 -0.251304282650304 0.5516528928356308
1403638580.577829361 -4.29981267027888 12.071172069205817 0.8102818351620656 -0.29984653686056895 -0.7434086065023092 -0.20791124485077447 0.5605431405131657
1403638580.777829409 -4.3673017885910435 12.160607291450493 0.7557208893145934 -0.27019212951780497 -0.7644946658595846 -0.182325405123105 0.5561488700576335
1403638580.977829456 -4.41587125400354 12.239414482345259 0.7415857490295591 -0.2553710122384562 -0.7733814253081794 -0.17163309751204334 0.5542642843769205
1403638581.177829266 -4.447228579196635 12.304333700201811 0.7629196357846075 -0.2517953236769931 -0.7746088103478388 -0.1725668373809051 0.5538961929306857
1403638581.377829313 -4.482206571545745 12.36474202453288 0.7881391676252681 -0.25247128839186633 -0.7736087204919038 -0.17971919416974788 0.5527104190844071
1403638581.577829361 -4.520061597539406 12.41861080175284 0.8198014377930536 -0.2561254012090785 -0.7709775799637739 -0.18526328691535704 0.5528750894830213
1403638581.777829409 -4.559990541796626 12.464481790251188 0.849001815016482 -0.25742939531582976 -0.7631942234910275 -0.1925460152347486 0.5605271765715634
1403638581.977829456 -4.5989834553534985 12.50251696850433 0.8564561089798833 -0.255605387529585 -0.7525139531841822 -0.19942438230966467 0.5732526073818931
1403638582.177829266 -4.630914704591365 12.526279703767557 0.8687900853509252 -0.2605569907654381 -0.7614813457607472 -0.19406799363878238 0.560886644935939
1403638582.377829313 -4.659319002046377 12.53807551915992 0.9282723792617321 -0.2584712629104055 -0.7614234664916739 -0.19696092315908445 0.5609218356192268
1403638582.577829361 -4.688944556263999 12.53896749210772 1.0341486083139662 -0.255708118558321 -0.7596180928625895 -0.2002997519518432 0.563448063682899
1403638582.777829409 -4.7193914525485665 12.533177712282251 1.1737709568710362 -0.2577880715556013 -0.7622552663740364 -0.19825586645973073 0.559648845673627
1403638582.977829456 -4.749252937910497 12.50787506098728 1.3232126829431663 -0.2600413476252049 -0.7657644411443949 -0.1973418151695937 0.5541114745161894
1403638583.177829266 -4.782841197555764 12.478213715761242 1.4400312134010653 -0.26240406446928366 -0.7699467545991633 -0.19644627699106162 0.5474805588232824
1403638583.377829313 -4.829402907322222 12.446258410676245 1.53147918516599 -0.2633765717246617 -0.7702424043165896 -0.19546134046730756 0.5469499834928044
1403638583.577829361 -4.88027158976555 12.407391507551154 1.6158196480796478 -0.2633752224838446 -0.7709504484977411 -0.1956519485603642 0.5458838824953075
1403638583.777829409 -4.93055126750231 12.355701398118605 1.7103676604981255 -0.26212079302471925 -0.771013220308744 -0.19717438759345632 0.5458512295958329
1403638583.977829456 -4.9806825260139655 12.299436338669736 1.7691638851140832 -0.26126651883219665 -0.770173556828446 -0.19821951714957295 0.5470662862226285
1403638584.177829266 -5.043663304288755 12.23700533265237 1.8285866204268693 -0.25544136764379954 -0.7579502834551186 -0.20541173741008226 0.5639743732135136
1403638584.377829313 -5.094607887248753 12.154139260546467 1.8543091446124593 -0.2515747242798873 -0.7458246938970187 -0.20952273767754975 0.5801343865638328
1403638584.577829361 -5.138055774339663 12.048003386304774 1.8569965179574042 -0.25094817317263896 -0.7459732249663199 -0.21009831414629068 0.5800066037626868
1403638584.777829409 -5.154486739744035 11.923011396664831 1.877497579936775 -0.2546068553651831 -0.7545614194694024 -0.20392218778199153 0.5694103571067195
1403638584.977829456 -5.160724624907762 11.786691164911652 1.9068924223556387 -0.2612887044457965 -0.7660095099194989 -0.19544049185231935 0.5538597817023198
1403638585.177829266 -5.165363544671459 11.637937990955683 1.9230505723605735 -0.2635735194415197 -0.7672691087624418 -0.19250955913281634 0.5520572291270992
1403638585.377829313 -5.175496998791482 11.499045876390936 1.912731521332337 -0.26209084406464733 -0.7632692396409841 -0.19432567224963984 0.5576432465124651
1403638585.577829361 -5.185957199727143 11.382849566839411 1.8955114004413836 -0.26253619350134366 -0.7653695226838862 -0.19339743598892944 0.55487086119409
1403638585.777829409 -5.196944787206296 11.275418676403152 1.904264509035597 -0.26472996216987904 -0.773080616942297 -0.1899603208522433 0.5442237438226265
1403638585.977829456 -5.216915918463279 11.175954233281907 1.9451816718182582 -0.2688740759233148 -0.7772089979583127 -0.18538572368514594 0.5378522457364466
1403638586.177829266 -5.243123752963821 11.073337548327007 1.9929578598191993 -0.2677462067274051 -0.7701048700886934 -0.1892891073024818 0.5471929200074996
1403638586.377829313 -5.2743842449315785 10.9825496994465 2.0136537737074525 -0.2629135013684294 -0.7645645965079643 -0.19755174561746255 0.5543381426252495
1403638586.577829361 -5.303430621118743 10.889882158321639 2.0132219516987013 -0.25666244626520196 -0.7621975946368993 -0.2081748361104849 0.5566349369363753
1403638586.777829409 -5.339072949862281 10.780198107786669 1.9924111733681744 -0.261514292754204 -0.7627625721537652 -0.20106683365157194 0.5562154812776079
1403638586.977829456 -5.374293109038342 10.64732986638481 1.953793092379622 -0.2621767977061492 -0.7613521486628375 -0.19919089764263456 0.5585062387908079
1403638587.177829266 -5.4089492941929915 10.536664723203318 1.8981118668323582 -0.2626755177739958 -0.7623623215111136 -0.19789542958915368 0.5573532650402139
1403638587.377829313 -5.440510865579913 10.422317920611103 1.8710475131058832 -0.2631893455234677 -0.7656673814174545 -0.1965091959165021 0.5530542155679273
1403638587.577829361 -5.467258455553561 10.293811272798251 1.8589489285160532 -0.2658719269561256 -0.7657726139374466 -0.19381036588145226 0.5525775640377457
1403638587.777829409 -5.495110349695647 10.169519517176754 1.8304356887916666 -0.2668269295391295 -0.7649693723459604 -0.19354861248633354 0.5533210493473989
1403638587.977829456 -5.516941563825178 10.026075569715942 1.7911779910028267 -0.2682055329993108 -0.7641386269946701 -0.19247706020992517 0.5541755426732077
1403638588.177829266 -5.550894634865471 9.919035724619173 1.717163349832726 -0.2628556012360765 -0.7644790878483674 -0.2001397786259707 0.5535546279761795
1403638588.377829313 -5.5758391581941344 9.781512637734881 1.6581267021514874 -0.2596891038361088 -0.7656820318430098 -0.20373902159551713 0.5520715592582376
1403638588.577829361 -5.606407784380569 9.667306961506323 1.6210457363589204 -0.26220686230909557 -0.7648476070269729 -0.19968653155305288 0.5535169270224745
1403638588.777829409 -5.625370141475127 9.54099662634621 1.613918959041447 -0.26474441045819136 -0.7624416666689202 -0.19578596852712551 0.5570107329191303
1403638588.977829456 -5.644386193566615 9.410483014581732 1.6066728448226621 -0.2672573908206359 -0.7617176712733774 -0.19363007554142236 0.5575545445679548
1403638589.177829266 -5.661436321139127 9.279380151688223 1.5795547493645274 -0.2668487276967847 -0.7616691226479443 -0.19563191716391398 0.557117633107266
1403638589.377829313 -5.673191829771501 9.157554720200862 1.536650307958438 -0.26668083922792984 -0.7603276593030414 -0.19557037747752426 0.5590486633037344
1403638589.577829361 -5.668952870332288 9.018905172708246 1.517755822071881 -0.26767023320143835 -0.7611830383801345 -0.19446244500223248 0.5577969037427388
1403638589.777829409 -5.665310110350066 8.903750430645632 1.5235458735333056 -0.26814768811442397 -0.763222486759411 -0.19431719960177402 0.5548234665220737
1403638589.977829456 -5.657041192321092 8.820672531925196 1.5325647065009784 -0.26955760014677194 -0.7637348349065614 -0.1947428084741129 0.5532838699094356
1403638590.177829266 -5.647242738276204 8.714300476058375 1.523987124455398 -0.27074448856170175 -0.762606402857621 -0.19481823813346025 0.5542334799753444
1403638590.377829313 -5.6415006902873985 8.604887307322157 1.4979628616047893 -0.2718023177267122 -0.7620583922775133 -0.1946842503685781 0.554516500653686
1403638590.577829361 -5.637639773384975 8.486250347024724 1.4689539311932993 -0.2727222416711008 -0.7637336726673422 -0.19369744372038986 0.5521003137375766
1403638590.777829409 -5.6285368017057404 8.39103626433093 1.462224086846294 -0.27426531528384956 -0.7662739083712662 -0.19103328376645096 0.5487341056250327
1403638590.977829456 -5.6229897498395305 8.308300284301813 1.474435732329044 -0.27516652853806095 -0.767749537059376 -0.1899859845126448 0.5465796882497794
1403638591.177829266 -5.616826869911152 8.216421424149143 1.4910848747732692 -0.2778853522700217 -0.7727382024440205 -0.18747436366776044 0.5389886496446847
1403638591.377829313 -5.6171369163556175 8.153470160070363 1.493490485479551 -0.28285036002716313 -0.7830563730520724 -0.181387207643958 0.5233708736253294
1403638591.577829361 -5.626506882981006 8.135616473276375 1.4813632190462969 -0.2874748810493211 -0.7886384528627137 -0.17559214525253472 0.5143685273797678
1403638591.777829409 -5.665709474287334 8.134395742270764 1.4520683271740844 -0.287579631957047 -0.7871297471038019 -0.17606531219322574 0.5164549567496503
1403638591.977829456 -5.737326238496839 8.14942241384062 1.4282737028932229 -0.2858362851802885 -0.7820608612739594 -0.17797596667851323 0.5244072678975761
1403638592.177829266 -5.823562128623153 8.228922239599168 1.4534754773500156 -0.28291260460581236 -0.7766238370172086 -0.17686141308730058 0.5343556067767282
1403638592.377829313 -5.918580656450388 8.329193414381004 1.519721346615866 -0.2685838313799318 -0.7686142158181591 -0.16371849457212176 0.5570378508679658
1403638592.577829361 -6.00529917212528 8.446570805393772 1.615920678288204 -0.24062083341678212 -0.7789055049195978 -0.14456770456697265 0.5608101351875514
1403638592.777829409 -6.097947623273439 8.559902360245003 1.725879570457934 -0.22200893292107515 -0.7940843750857197 -0.13286235089174545 0.5499905768871526
1403638592.977829456 -6.215219863300822 8.656267048414938 1.8106660434483253 -0.21382330572139152 -0.8020290597935348 -0.1279805776755641 0.5428166844489408
1403638593.177829266 -6.3325804454995325 8.724581197838557 1.898099303622993 -0.21146193961035537 -0.8012767884165147 -0.1268953000287579 0.545102686906776
1403638593.377829313 -6.468868838700812 8.796911436716139 1.9956852373674128 -0.20254486308063185 -0.7948104242250886 -0.14265189166791073 0.5539877307193144
1403638593.577829361 -6.590071142814432 8.872895583054149 2.1037579769681507 -0.19687569097792812 -0.7872688640640003 -0.1558279656893997 0.563174345196567
1403638593.777829409 -6.721459801402015 8.920062578257731 2.1753787589214553 -0.19661977208798648 -0.7827953650383629 -0.15981556599481705 0.5683582202848766
1403638593.977829456 -6.843464521161667 8.943118640256252 2.238093826963598 -0.19313016200082556 -0.7686869180174245 -0.1496089726735259 0.5911330796791803
1403638594.177829266 -6.83504623468514 8.946512292071722 2.268401848244246 -0.1867617785319033 -0.7806945620357905 -0.13892905723981716 0.5799437523957692
1403638594.377829313 -6.845801223690336 8.940682185096215 2.301879689860658 -0.17735886414918492 -0.7825332257413593 -0.1417608173008916 0.5797322266338256
1403638594.577829361 -6.8556097592139 8.92048040591986 2.3614712406826124 -0.17343192897273252 -0.7815230923150295 -0.1402725155717043 0.5826376606154352
1403638594.777829409 -6.865344318087763 8.887198727897271 2.442810402651831 -0.17863799290964472 -0.7828014781153337 -0.13222610478004565 0.5812285011640956
1403638594.977829456 -6.885018798202703 8.864179216078922 2.4935772250607435 -0.18089107468313836 -0.7847174953291208 -0.13183480953483112 0.5780280742493458
1403638595.177829266 -6.892096498613045 8.832916382593071 2.5266754288616675 -0.1839421800101042 -0.7863731878989363 -0.13013292956242944 0.5751937972643951
1403638595.377829313 -6.89968597175797 8.79985097134702 2.5357776952117033 -0.1849764294368843 -0.7865315362518027 -0.1303450708192012 0.5745972724860815
1403638595.577829361 -6.916888600331063 8.766162570126282 2.5374240779348254 -0.18484173722771682 -0.7876706623627183 -0.13037168269563146 0.573072145705918
1403638595.777829409 -6.926157171800637 8.740588252500238 2.5417588852962885 -0.18020840710433192 -0.7887769525109287 -0.13688924243134917 0.5715043171352558
1403638595.977829456 -6.927661462012683 8.720938757800203 2.543722555862344 -0.17816573909201708 -0.7890342371399729 -0.14045505422992638 0.5709240928330004
1403638596.177829266 -6.943183736924873 8.69457509862205 2.5167696209076995 -0.16576584436662103 -0.7913932167894201 -0.15892884306340432 0.5665333918709905
1403638596.377829313 -6.973260393350379 8.642958020206198 2.502617506547894 -0.14956066976377988 -0.7936616928444071 -0.18014060340003157 0.5614998543001305
1403638596.577829361 -6.9847714526454014 8.538882970620273 2.5278440803974367 -0.13933915849694742 -0.7941909725719697 -0.19249544876572003 0.5592770334997538
1403638596.777829409 -7.030482377608517 8.369315383079739 2.5652794849513176 -0.1299625989429479 -0.7947609493004468 -0.20413725783091477 0.5565902768730212
1403638596.977829456 -7.080553873512048 8.135463060176313 2.6345571304743918 -0.12601290184755848 -0.7928939425954009 -0.20965486553500132 0.558108216856047
1403638597.177829266 -7.152082774034372 7.834828942143496 2.690197269657582 -0.12458616634278574 -0.7902382481599836 -0.21484637644286797 0.5602167730724079
1403638597.377829313 -7.239384844225677 7.466673043729235 2.721949703630249 -0.1322084126989782 -0.785750955563645 -0.20785133348282595 0.5673748272641788
1403638597.577829361 -7.342502973722263 7.037846832550792 2.731853863147704 -0.14806298054260292 -0.7775899362304755 -0.18670920518628753 0.581868471018816
1403638597.777829409 -7.443329353815352 6.578816881401388 2.721156554438155 -0.1474689888012407 -0.7770693850108685 -0.1860219554397765 0.5829338730218684
1403638597.977829456 -7.537296588495946 6.13047822229506 2.692946629140376 -0.12691823970699423 -0.7817739787924156 -0.19159786632488413 0.5796649585180055
1403638598.177829266 -7.6335070363674635 5.600967793658032 2.675290962080826 -0.13281201894536104 -0.7835013681929232 -0.16369877706457867 0.5845419437920691
1403638598.377829313 -7.728019996630345 5.041708812155391 2.6691061195246473 -0.14664449771875562 -0.7871322652314708 -0.13458892302368142 0.5837842153749171
1403638598.577829361 -7.791048677957978 4.499045089806512 2.6432546585687215 -0.14660675682129523 -0.7914328507941224 -0.1253485099206054 0.5800243551784189
1403638598.777829409 -7.848467533912055 3.9928463204996567 2.593976451837868 -0.12733328946739086 -0.7964641322307121 -0.11290949566321787 0.58024353960533
1403638598.977829456 -7.891748178618949 3.5048602078760194 2.5610478465846453 -0.09648702022774375 -0.800689317142843 -0.09439736968497885 0.5836745745179608
1403638599.177829266 -7.923910013466402 3.0492114256611402 2.5541894802321714 -0.062210611416533806 -0.8042806182665374 -0.0705897222770827 0.586753455906399
1403638599.377829313 -7.926891727043281 2.894953357247093 2.5578294504887946 -0.025740057915367032 -0.8104108478454296 -0.04764136535244837 0.5833541012298169
1403638599.577829361 -7.922569287707071 2.7394924797563633 2.5713648510251654 -0.003587757913980578 -0.8154680623087679 -0.033244909161072096 0.5778353946962599
1403638599.777829409 -7.925694382103723 2.6061845224891873 2.571221003059866 0.0023280541343829223 -0.8172638334095238 -0.028071133851902758 0.5755748589109709
1403638599.977829456 -7.943104753726532 2.4646007100570104 2.5516504113215364 -0.005320090398918792 -0.8185958861409128 -0.022201005068900062 0.5739160105857516
1403638600.177829266 -7.978192568527454 2.376758119066933 2.536075409738096 -0.024379517879653652 -0.8212354672285812 -0.0035809004078314662 0.5700571231267241
1403638600.377829313 -8.054486639709461 2.2856396022533323 2.4977965888242197 -0.04352375201096034 -0.8246051681315465 0.014528020112381806 0.5638447803560152
1403638600.577829361 -8.152634401405649 2.233663967706404 2.4779178925171377 -0.05066989704433296 -0.8261503146848446 0.019084949021724626 0.5608422093619426
1403638600.777829409 -8.253867157170278 2.3540668325981957 2.4747659060364806 -0.053593491676538096 -0.8312792644422772 0.021789400301316163 0.5528360916169375
1403638600.977829456 -8.379019271347012 2.5714743780971814 2.478286501753135 -0.03191752947109678 -0.8377441076263181 -0.005738058853401332 0.5450992167780789
1403638601.177829266 -8.534530065421066 2.8330181660153126 2.46242996654054 -0.017593112960285005 -0.8369882860140052 -0.023154882242490765 0.5464475664523313
1403638601.377829313 -8.72101960814664 3.1201142817353786 2.4328967855333894 -0.005923209734443636 -0.8255706378240291 -0.03069774032452306 0.5634320600478399
1403638601.577829361 -8.928177763590588 3.414198973737543 2.4232317805515327 0.013142370357195567 -0.8166356753104691 -0.007389097106787816 0.5769565435602506
1403638601.777829409 -9.131875491628843 3.727321428423343 2.4480838211099494 0.058632268949105365 -0.8122190678793852 0.015797347777028615 0.5801834939186551
1403638601.977829456 -9.33494757083073 4.037766856188391 2.4972730998798554 0.11164547826779657 -0.8053404891242311 0.043811464927356616 0.5805536489436911
1403638602.177829266 -9.545909332856978 4.341109413875771 2.5378202295293484 0.14456977577040642 -0.799915436024466 0.0612177424362541 0.5792126234431587
1403638602.377829313 -9.753733814789015 4.645463520606928 2.5616708789994176 0.17552080961029987 -0.7826403084040032 0.09007252213086013 0.5903842255797002
1403638602.577829361 -9.92720562577669 4.979012142874719 2.605388235853515 0.18862995376434397 -0.7394134545676849 0.15951877393591654 0.6262908625472744
1403638602.777829409 -10.048161401149237 5.371065951505702 2.6777894396860806 0.22189030813244628 -0.7253893584406085 0.19155845662024243 0.6228003913906461
1403638602.977829456 -10.121495489064612 5.835661700241172 2.750860417774612 0.2572627946860912 -0.723354779554808 0.22189978986808864 0.601110805611692
1403638603.177829266 -10.164164354369962 6.369574409829618 2.8153236390723717 0.28654702144625194 -0.7122033091812323 0.2533393171997824 0.5886224946886255
1403638603.377829313 -10.229233310146702 6.965676361061125 2.83965068592745 0.3174283931535293 -0.7330004216532381 0.24551128461752528 0.5492484011837874
1403638603.577829361 -10.287363482088786 7.591100653002361 2.848551754343255 0.3292285530539997 -0.7399427061923431 0.2434711763521748 0.5336807451031567
1403638603.777829409 -10.3719839445802 8.228878102037186 2.8237261399330165 0.3387081009423966 -0.7233693195646782 0.23963949902840276 0.5518936132763864
1403638603.977829456 -10.452241864948366 8.89286003757563 2.7736136596434053 0.3472254692089412 -0.7085986466020179 0.22815432815425246 0.5703227455679023
1403638604.177829266 -10.513613787468124 9.572041597920053 2.71355261786527 0.351137596565854 -0.7041336575082763 0.22098118950029277 0.5762512425411235
1403638604.377829313 -10.545211986797673 10.265238369733 2.6811883660385085 0.34402774353365745 -0.7157311267151315 0.2328920106416339 0.561369020619053
1403638604.577829361 -10.56468402049295 10.97661147813167 2.672862438632093 0.3463784799061614 -0.7288314249302308 0.22871355002355195 0.5445335753918922
1403638604.777829409 -10.590705916262808 11.69869443267239 2.657228527433804 0.3418440510121003 -0.7341936180875497 0.23532908581549067 0.5373291331370692
1403638604.977829456 -10.632237860491543 12.433674629436162 2.6409252980402997 0.34239333950781653 -0.7436532775129784 0.23372769354081732 0.5245168912232677
1403638605.177829266 -10.697748394930539 13.176695098568166 2.651176369875518 0.3459419122892784 -0.7543598314239621 0.2286121747093567 0.5089223041211525
1403638605.377829313 -10.80328503762163 13.912520422043427 2.672739813729573 0.35299101637034375 -0.7509856109909466 0.2184187607048273 0.5135281875614978
1403638605.577829361 -10.937379643366583 14.638132593246617 2.6781483580605574 0.36310735448913417 -0.7323931020149428 0.20534977716244882 0.538130896955022
1403638605.777829409 -11.073619650155722 15.354247615813923 2.6725099816882993 0.36773191574667813 -0.7253731727826003 0.19902434078208484 0.5468055505627486
1403638605.977829456 -11.200046217089746 16.052649478515935 2.697246678171719 0.3712576827905485 -0.7247388279196152 0.19217293790819787 0.5477142742450822
1403638606.177829266 -11.317984144420079 16.732487718223926 2.7204147065082016 0.3734645596435241 -0.7245889896918136 0.18610235333411498 0.5485079149771315
1403638606.377829313 -11.42337505849531 17.395595962304213 2.7143626365403266 0.368996232510442 -0.7342587617112997 0.18940965120358044 0.5374289118345839
1403638606.577829361 -11.531064340909188 18.041314935034215 2.6812458541377318 0.35725141509418185 -0.753278984717895 0.2049040870996452 0.5127928555344018
1403638606.777829409 -11.66576067428053 18.66884214979624 2.6295623561022796 -0.3681441331192414 0.7571800316955859 -0.2153401357476046 -0.4947493534992311
1403638606.977829456 -11.839249052385899 19.273325951411007 2.5759060391257194 -0.3966088651207836 0.7470917299646759 -0.23469130332577176 -0.479035851758047
1403638607.177829266 -12.059704344777149 19.853197071157215 2.5565208568032762 -0.4187586542504273 0.7295051199188457 -0.26510220770255377 -0.47136428478840464
1403638607.377829313 -12.333054211902594 20.42465679932239 2.557942568018977 -0.4240490859242123 0.7073667355493765 -0.2917078305210487 -0.4844803564418962
1403638607.577829361 -12.635466013872854 21.00176767735543 2.514194044992057 -0.4267050770436232 0.7032561088513516 -0.2998315251250817 -0.4831714800460804
1403638607.777829409 -12.972081708241578 21.593380657052958 2.4536481642382433 -0.42729972496815843 0.6999834358496401 -0.29989189993286547 -0.4873427776557619
1403638607.977829456 -13.340856810454577 22.198574371977273 2.37729240952616 -0.4217509803257244 0.7065979575388192 -0.3034735292041769 -0.480363668556356
1403638608.177829266 -13.748197379787435 22.816147106302665 2.285703555044551 -0.41961617809507884 0.7024149895728156 -0.30029224998407916 -0.4902652446422427
1403638608.377829313 -14.185388369956582 23.45093513474951 2.177193144516962 0.41799971689607107 -0.6918870471130799 0.2989555958820313 0.5071430788290722
1403638608.577829361 -14.641541989675558 24.10896133771151 2.046795367968437 0.4183535066033887 -0.6932757423128749 0.2972840795715522 0.5059360282367277
1403638608.777829409 -15.113097996937833 24.794023376865105 1.9220134361480112 0.4140736474737332 -0.690369580622419 0.3034095844240015 0.5097798355173797
1403638608.977829456 -15.599130271467473 25.50930300249275 1.8218000640739718 -0.4161751031010075 0.6980071590005853 -0.30129905750641733 -0.4988017316418212
1403638609.177829266 -16.107973581925958 26.24701405992137 1.7506762252863206 -0.4153870696108036 0.7013526799305355 -0.3025235136232574 -0.49400154297306975
1403638609.377829313 -16.644580439563637 27.00686457937377 1.6780265464441766 -0.409998477506208 0.7016195577771707 -0.3096769652684386 -0.493691626189488
1403638609.577829361 -17.211355271815403 27.790230062366977 1.5777228249900317 -0.41403533905813955 0.7017276496872177 -0.30267111817383024 -0.4945131321807352
1403638609.777829409 -17.804547959039397 28.589187995463643 1.4594277986282147 -0.41644356744290534 0.7007219636704798 -0.2992458929678272 -0.49599937530952265
1403638609.977829456 -18.42274510528944 29.40057787803874 1.3622374142507996 -0.41540325620628027 0.7004971666976151 -0.3006282105590862 -0.4963532342981283
1403638610.177829266 -19.065782471142754 30.227933394916104 1.294985561147055 0.41223936940221556 -0.6951866292757111 0.30496037824574723 0.5037592882447642
1403638610.377829313 -19.730744765401685 31.077075058447278 1.2181764653194336 0.4097165130377198 -0.6933151225169711 0.3082287246224512 0.5064006054030826
1403638610.577829361 -20.416562376629752 31.951021420797073 1.12268198913915 0.4073150007694603 -0.686571661679302 0.31097344188539583 0.5157609542903352
1403638610.777829409 -21.113827131847184 32.86048811569844 1.025535491900137 0.40669922669481123 -0.6865089251333226 0.31324963405662 0.5149523293305528
1403638610.977829456 -21.827991510369646 33.79857999205316 0.9554918801334146 0.41102238978713984 -0.6935907808677486 0.3101774249705534 0.5037681895764147
1403638611.177829266 -22.564845663232678 34.75940759430627 0.8889545789556353 0.4093996935376868 -0.6896362480632477 0.3148969725803513 0.5075762336336433
1403638611.377829313 -23.321760430678445 35.747714274265526 0.8204759794856186 0.41486544053834845 -0.6870225690306778 0.3081346916785337 0.5108225402965837
1403638611.577829361 -24.08960355741705 36.75918770199339 0.7782395283009215 0.4281490573566665 -0.6822327254029541 0.28680499274657784 0.5186422555200415
1403638611.777829409 -24.854746440851727 37.78048905280853 0.7517500702422644 0.4243497173689207 -0.6903112666333524 0.29078092892382223 0.5087672590720446
1403638611.977829456 -25.63021127561864 38.80797306620972 0.7076678855171857 -0.41723202904500506 0.6993320139020232 -0.29896481521642815 -0.4974657852894844
1403638612.177829266 -26.428158523454723 39.84011944110688 0.6713300292004569 -0.41529908568683954 0.7026186130722644 -0.29988691527615086 -0.4938841888930848
1403638612.377829313 -27.254848996062833 40.873797229940166 0.6672369124374583 -0.4152819121284004 0.7022155598172837 -0.29877181582826956 -0.49514608256200826
1403638612.577829361 -28.106564760782646 41.914656378917236 0.6576360360938012 0.41520446983483317 -0.6987555349739171 0.29523565108942046 0.5021771210438452
1403638612.777829409 -28.976942942058155 42.96029487173361 0.6231142435348502 0.4177248694334266 -0.6959192113940853 0.2862192300104516 0.5091963639336309
1403638612.977829456 -29.85501551079164 44.011246815707494 0.586639942032008 0.4133906734469588 -0.6950936875771033 0.28738378844868895 0.513189511521754
1403638613.177829266 -30.739228030883524 45.06521705466228 0.576908880571358 0.41189593298558086 -0.7004653080425 0.287480336180207 0.5069962020865244
1403638613.377829313 -31.635248137460632 46.12062943952363 0.5964971914705274 0.4125543251763548 -0.7005828918953146 0.28597414644768987 0.507150202530749
1403638613.577829361 -32.54519164131611 47.178053282442086 0.6141241361544092 0.4073480697484655 -0.7012533737926621 0.2857467517949457 0.510548773044082
1403638613.777829409 -33.469467344594904 48.23964277318909 0.6069892145506682 0.393189755335108 -0.7004542099162593 0.29336234920270754 0.518366904983239
1403638613.977829456 -34.40902058797159 49.320247554516094 0.5728512209885298 0.37497039795199927 -0.708072825785027 0.2828842272780022 0.5272633004518472
1403638614.177829266 -35.36243548696784 50.422621931584075 0.5234176946801988 0.3496711289486023 -0.7258458960281303 0.25618644258907913 0.5340845845313802
1403638614.377829313 -36.32668745689454 51.53861790200566 0.4885755672377823 0.3260777707843033 -0.7410245373745078 0.23646335020430578 0.5372532051286641
1403638614.577829361 -37.30346737512661 52.662806047036675 0.48395502137016455 0.3085191690146628 -0.7499331784353074 0.2291021526269735 0.5384499548665342
1403638614.777829409 -38.30254649933197 53.797542017622646 0.5090964620667701 0.2797528067547195 -0.7644813066326475 0.2244462546560722 0.5356590125207509
1403638614.977829456 -39.32832153507548 54.95321646158573 0.5653391675808876 0.24266496316709174 -0.7841783024964454 0.20421982181948295 0.5333595128267447
1403638615.177829266 -40.391441230096156 56.13146981567785 0.6401476147622192 0.19931509269851053 -0.7940246582274972 0.1650081703323539 0.5500642141374689
1403638615.377829313 -41.481929840241506 57.32805284508944 0.7247819028624347 0.15236069930431226 -0.798640506067367 0.1186469769487825 0.569984608773435
1403638615.577829361 -42.5875192597722 58.533281832291955 0.7891620466107018 0.10170932776004998 -0.8039141233083333 0.0812846630371628 0.5803189627684322
1403638615.777829409 -43.701615252071754 59.74302956747226 0.846009573175935 0.07151014467132431 -0.8065722256801544 0.06026839766708702 0.5836910691579817
1403638615.977829456 -44.81996205576492 60.961982242048784 0.9209790917063241 0.04779278080579721 -0.8087952279652808 0.04808863434829388 0.5841691643451072
1403638616.177829266 -45.943909243033126 62.19529735833802 0.9717996058568592 0.021354331876174224 -0.8100267597775883 0.029705973356381168 0.5852505413094475
1403638616.377829313 -47.07454972323343 63.44539392710469 0.9612467084010001 -0.016205296941266822 -0.8109240537680231 0.006217630207541446 0.5848939292280245
1403638616.577829361 -48.211698676155436 64.7087091402557 0.9153150990521985 -0.047117425223615686 -0.8123398926955179 -0.013374699732002887 0.5811238804115257
1403638616.777829409 -49.3577668367078 65.98428118973774 0.8547100237743147 -0.06736781894222721 -0.8250070211134841 -0.016300915521989073 0.5608558390883295
1403638616.977829456 -50.530524912046545 67.28103706604445 0.7968393464112041 -0.07214895382334131 -0.8292138646499304 -0.017202213258462332 0.5539882480662438
1403638617.177829266 -51.73736835244117 68.60412551385632 0.7778311779064676 -0.06007522810154827 -0.8226919929570423 -0.02923359110107383 0.5645478268899258
1403638617.377829313 -52.96896318220554 69.93863070578834 0.7865082117160456 -0.05253978798576946 -0.8292639078881431 -0.03069867976721613 0.5555344569106592
1403638617.577829361 -54.22795409348183 71.2783840843955 0.8244734359367617 -0.04649212037101831 -0.833130911886436 -0.030328683644971724 0.5502831428938001
1403638617.777829409 -55.52566550997764 72.61688759205614 0.8909123093366301 -0.039761814482703495 -0.8303041755236378 -0.03181917974820838 0.5549788410554061
1403638617.977829456 -56.84889066374056 73.96177426359186 0.9852052991380799 -0.03592188986744249 -0.8294018113581191 -0.030891382737546595 0.5566398976167365
1403638618.177829266 -58.198118633897344 75.30850844213947 1.067564356074098 -0.03463594668303214 -0.8293174688020312 -0.027630794350093572 0.5570183357329752
1403638618.377829313 -59.56940991255132 76.65980605310283 1.1264367298690925 -0.03192093153592717 -0.8286506989863089 -0.027773150457525667 0.5581646041402368
1403638618.577829361 -60.962108166319375 78.01377074759685 1.1735805915550785 -0.029625618338275393 -0.8277905015843784 -0.02859024757157464 0.5595246249902951
1403638618.777829409 -62.37683392980861 79.3719363882279 1.2186996015661615 -0.0358915751381998 -0.8267629226589418 -0.03485836972655505 0.5603211209766423
1403638618.977829456 -63.812407637641954 80.73138004891352 1.2800035899401025 -0.04784380683550145 -0.8206982581947136 -0.043634902315653444 0.5676806623846332
1403638619.177829266 -65.26088961923149 82.09620181995211 1.3196769630963046 -0.08007749330579066 -0.812678899510567 -0.06867406370400826 0.5730833048801616
1403638619.377829313 -66.71571473852799 83.46388919662611 1.3255467590734684 -0.128736453326421 -0.8032484451920562 -0.09833028524168662 0.5731928260956844
1403638619.577829361 -68.17391817401037 84.82756686109225 1.261661848698022 -0.1658012728651815 -0.794454199999166 -0.11516269076978189 0.5727914251072435
1403638619.777829409 -69.63301412589476 86.20070949528129 1.2328526545489706 -0.19371115565987382 -0.7880785409856961 -0.10766780915900341 0.5742959553082281
1403638619.977829456 -71.08295001143082 87.59467502156546 1.1959404147303714 -0.20402507883044033 -0.7849332997120251 -0.10846260688237602 0.574882027133748
1403638620.177829266 -72.51707236118637 89.01577901027859 1.1649139277990923 -0.20437207541105626 -0.7792021578440029 -0.11528471649012177 0.5811931573486319
1403638620.377829313 -73.92970920738578 90.459064596822 1.1620551238591887 -0.20116294143613625 -0.781263566182362 -0.12073864057740984 0.5784314063240149
1403638620.577829361 -75.32473657040407 91.92003318651447 1.1788742764027278 -0.19754436337722464 -0.78389690045754 -0.12138307178220904 0.5759757146246456
1403638620.777829409 -76.71083707042095 93.39861371979046 1.1778468782918625 -0.19782497566232524 -0.7899287383409009 -0.11478948841961407 0.5689474850084945
1403638620.977829456 -78.09286229817894 94.89685404175648 1.1605335948275588 -0.18764138585438878 -0.7940264910524818 -0.12238339558878304 0.5650972892409831
1403638621.177829266 -79.47467918857315 96.40842020801844 1.141443643881316 -0.18061665829786738 -0.7912904179789789 -0.1249146659714971 0.5706429911836094
1403638621.377829313 -80.86054696466158 97.92814733207443 1.14636858111018 -0.17510662190962906 -0.7910990674485681 -0.12687033908688153 0.5721921473658682
1403638621.577829361 -82.2443738680321 99.45269316707288 1.1410847788958447 -0.17077042734557824 -0.787199224771892 -0.1274915344778142 0.5787061001069255
1403638621.777829409 -83.62416245786707 100.97979955808594 1.1166522696315324 -0.1685797677235244 -0.7846752703884134 -0.12789232894235114 0.5826741234640178
1403638621.977829456 -84.99330092892632 102.50874416650436 1.0788399254301972 -0.16585538777492134 -0.7786795326739229 -0.13026394672675756 0.5909157976611952
1403638622.177829266 -86.35045227122569 104.0361768542072 1.027485162096013 -0.1688491144069433 -0.7791350683994448 -0.12538843168984867 0.5905220257993751
1403638622.377829313 -87.6917287079312 105.5649602473897 0.9866790733242604 -0.1717964743866276 -0.7795112045718648 -0.1229342190745211 0.5896909623840664
1403638622.577829361 -89.0116180203855 107.09672321330602 0.9759667391547201 -0.16903477249444654 -0.7802002908865342 -0.12969763354205655 0.5881269213729182
1403638622.777829409 -90.31644069547725 108.62840271298211 0.9993895848780132 -0.16548680750502553 -0.7650662692449323 -0.13653752524705556 0.6071616130869769
1403638622.977829456 -91.60176325255594 110.15355462688359 1.044236357834082 -0.16731142302780164 -0.7635252610563801 -0.13669498940939706 0.6085643296522478
1403638623.177829266 -92.85881734552578 111.67204304136206 1.0696301282352156 -0.17473696970541736 -0.7742006788621937 -0.12759120116305725 0.5948115547422459
1403638623.377829313 -94.09633043586126 113.19440134140363 1.0754053823838658 -0.17913655730679115 -0.7801219703142717 -0.12181274127149488 0.5869254308128692
1403638623.577829361 -95.32459374935912 114.72724686326312 1.0719614364510428 -0.17837595407246226 -0.7820663792062369 -0.1235766650160332 0.5841943215996072
1403638623.777829409 -96.54157743100373 116.26996949148158 1.0924101370988744 -0.17768918969788325 -0.7834246414802968 -0.12736036932882874 0.5817660348560658
1403638623.977829456 -97.74534657855423 117.82003618894326 1.1257714355711426 -0.17839184597253474 -0.7857238259623658 -0.13028843194490183 0.5777883203290749
1403638624.177829266 -98.94603719558991 119.37847703995986 1.1392465981884579 -0.183647027628191 -0.7858476511514151 -0.12636796789495744 0.5768434580672849
1403638624.377829313 -100.14609451537603 120.95022862449945 1.133999417935284 -0.18821198119874077 -0.7849715505693382 -0.12378757463713227 0.5771243811322292
1403638624.577829361 -101.3453505158771 122.53779650336993 1.1137009193461944 -0.1930917594145091 -0.7764408156571087 -0.12092291340671292 0.5875652144595237
1403638624.777829409 -102.53426220335255 124.13953919457182 1.0887818056269194 -0.1814507693377238 -0.7778205280266566 -0.12744405213127216 0.5880721537916517
1403638624.977829456 -103.71149571620509 125.74878236137916 1.0878738151920182 -0.1711438103781599 -0.7875430607994041 -0.1219143534791543 0.5793294520163057
1403638625.177829266 -104.88894542017592 127.3690212278896 1.0909495697896094 -0.1704530267116559 -0.7894901569326277 -0.10791366352997162 0.579659985695653
1403638625.377829313 -106.06923109772193 129.00839302402514 1.0804189006395846 -0.16785190808865721 -0.7905399429141674 -0.10475670736161737 0.5795673971789977
1403638625.577829361 -107.25284124018422 130.6687659174024 1.0859959275076436 -0.16678148004531573 -0.7905108106808975 -0.104437663845673 0.5799735946427284
1403638625.777829409 -108.44149738369327 132.35000802047546 1.1130032004474797 -0.1679308541337302 -0.7967473178254082 -0.10322286266111963 0.5712599936927886
1403638625.977829456 -109.63998085658075 134.05372779059928 1.129822693364873 -0.16861100277607913 -0.7998791940964365 -0.10437546724083795 0.5664533223794281
1403638626.177829266 -110.85172016521861 135.7813061052501 1.1275600827526762 -0.1709241959744132 -0.8015223308102178 -0.10299890847406035 0.5636826210716384
1403638626.377829313 -112.07657551050066 137.53283892858352 1.1098947963828594 -0.16435533947808795 -0.7982310698929361 -0.11384398985378369 0.5682024528447043
1403638626.577829361 -113.31424080336754 139.29896143496887 1.0815489080143652 -0.16120405474369012 -0.7994135078617265 -0.11705509657080537 0.566788673626394
1403638626.777829409 -114.56626200535142 141.07617287722016 1.057295782563044 -0.1635374850995921 -0.8051645125913571 -0.11309946104045805 0.5587254339523383
1403638626.977829456 -115.84465475494065 142.87072946901696 1.0630892812273427 -0.1635613526271807 -0.8088388805303405 -0.11182759222413911 0.5536442349457352
1403638627.177829266 -117.14753936001038 144.68312064654418 1.0706243933476582 -0.16309177377926312 -0.8088272028856878 -0.11046940010761257 0.5540723245566577
1403638627.377829313 -118.4723451865113 146.51451814633066 1.0661351076576475 -0.15984868182050832 -0.808398005386194 -0.11375180354522954 0.5549789104102774
1403638627.577829361 -119.8197237585763 148.36333803924236 1.0519990630617844 -0.15916307330231017 -0.8077208373690948 -0.11517214028016307 0.5558682785355856
1403638627.777829409 -121.18641338890869 150.22662652714882 1.0357220359065937 -0.1574355299388326 -0.8027021870761203 -0.11910082027483955 0.5627594933788178
1403638627.977829456 -122.56773994886206 152.10087223539176 1.016764746381374 -0.1575444357218195 -0.8039647258831749 -0.12029071844677922 0.5606697899533178
1403638628.177829266 -123.96261992815339 153.98481449169964 1.0026229083114282 -0.1583355268815253 -0.8056586958272813 -0.12232539809675791 0.5575665195719621
1403638628.377829313 -125.37512747531713 155.87904130863635 0.9977004004029626 -0.1604783924253397 -0.8064086734987314 -0.12119565758448657 0.5561145110994354
1403638628.577829361 -126.80606632412622 157.7850320727609 1.004379835882657 -0.17036863340965497 -0.7962694950376169 -0.10742357448638001 0.5704293082137338
1403638628.777829409 -128.24022158262434 159.71117812406135 1.0139518598933284 -0.17373284027413666 -0.7931401084061201 -0.10337919942754954 0.5745071015883582
1403638628.977829456 -129.6731252239617 161.66397496367037 1.0061816234564342 -0.16825707217436314 -0.7944737494509542 -0.11259483742162589 0.5725586622212627
1403638629.177829266 -131.11037835620124 163.63456963613518 1.0030254315228584 -0.16287382330128414 -0.7969483156042599 -0.11977307825514404 0.5692098994799981
1403638629.377829313 -132.5535254602508 165.61669880179025 1.010689425114051 -0.16224051542474713 -0.8003160677121139 -0.12118639957559425 0.5643456950101368
1403638629.577829361 -134.00846806077098 167.6100177497415 1.0220549742489342 -0.1669200768863204 -0.8079492519701369 -0.11608609718381906 0.5530639314002918
1403638629.777829409 -135.48056841315608 169.6230220503353 1.0392547274359185 -0.1802820429399416 -0.7999803428934505 -0.09837708759416493 0.5637834554294874
1403638629.977829456 -136.9593494568509 171.66777027693345 1.0435917182546708 -0.17517666352372555 -0.7879311800588951 -0.10772257560607076 0.5804079933584452
1403638630.177829266 -138.4302961104682 173.73386687440777 1.0098147560214974 -0.16561933540285223 -0.7870144091961875 -0.12130101882982995 0.5817771208040258
1403638630.377829313 -139.89924508967366 175.80636288164317 0.9613106402813046 -0.16552732284948726 -0.8111377260353564 -0.11913779717635359 0.5481445795396186
1403638630.577829361 -141.39255773744847 177.89469749635796 0.9846329015682832 -0.1654530966092658 -0.7925219870670962 -0.11728253162414981 0.575133880601215
1403638630.777829409 -142.87340542686795 180.00510994142152 0.9689750718857518 -0.15688307600961018 -0.8186379118864607 -0.1168920086181356 0.5399591910575247
1403638630.977829456 -144.3358965262596 182.1252341161624 0.9713249198758173 -0.15843416003604474 -0.8172127531079869 -0.11233081205088363 0.5426266872884549
1403638631.177829266 -145.80162144761243 184.26114496772146 0.9748117384802035 -0.1581883746580658 -0.8172867746603597 -0.11296204560317985 0.5424558436810998
1403638631.377829313 -147.26930229974562 186.41297873182458 0.9791495364974027 -0.1583372326760747 -0.8174869027442477 -0.1125991712436987 0.5421862329750381
1403638631.577829361 -148.73998472142347 188.5810394039005 0.9841695252063252 -0.15871270243588645 -0.8174078779333204 -0.11222860718683994 0.5422724213061922
