1403638522.327829599 -0.02356 -0.01094 0.01346 -0.07301 0.80943 0.04421 0.58098
1403638522.427829504 -0.01751 -0.01016 0.03229 -0.07852 0.8094 0.04494 0.58025
1403638522.527829409 0.00031 -0.00248 0.05741 -0.03819 0.85397 0.00979 0.51882
1403638522.627829552 0.00475 -0.00266 0.08189 -0.03716 0.8571 0.00287 0.51379
1403638522.727829456 0.00263 -0.00926 0.10902 -0.04127 0.85326 0.01141 0.51973
1403638522.827829599 0.01494 -0.00052 0.13321 -0.0281 0.84638 0.00407 0.53182
1403638522.927829504 0.00342 -0.00939 0.16301 -0.05206 0.84067 0.00459 0.53902
1403638523.027829409 0.00815 -0.00857 0.17884 -0.04183 0.83588 -0.00541 0.54729
1403638523.127829552 0.00686 -0.0142 0.18332 -0.03475 0.83232 -0.00827 0.55314
1403638523.227829456 0.00471 -0.00279 0.19355 -0.00144 0.81728 -0.02441 0.57572
1403638523.327829599 0.00975 0.00545 0.16316 0.04136 0.81156 -0.04342 0.58118
1403638523.427829504 0.02223 0.01516 0.15177 0.11814 0.80054 -0.08521 0.58131
1403638523.527829409 0.0329 -0.00443 0.11396 0.11775 0.80729 -0.08061 0.57264
1403638523.627829552 0.02916 -0.00802 0.06548 0.13037 0.81481 -0.08497 0.55846
1403638523.727829456 0.01763 -0.01971 0.03759 0.14709 0.81865 -0.0941 0.54711
1403638523.827829599 -0.01047 -0.03205 0.01844 0.15884 0.81771 -0.10027 0.54411
1403638523.927829504 -0.01736 -0.03848 -0.0019 0.17294 0.81642 -0.10091 0.54164
1403638524.027829409 -0.0248 -0.04197 -0.01667 0.17735 0.81888 -0.09146 0.53816
1403638524.127829552 -0.04535 -0.05 -0.02356 0.17018 0.82624 -0.07801 0.5313
1403638524.227829456 -0.05476 -0.05033 -0.00927 0.1558 0.83237 -0.06912 0.52736
1403638524.327829599 -0.05199 -0.04376 0.04217 0.14905 0.83197 -0.07018 0.52979
1403638524.427829504 -0.04481 -0.03643 0.10322 0.14347 0.8277 -0.07269 0.53763
1403638524.527829409 -0.03451 -0.02803 0.16797 0.13883 0.8203 -0.07017 0.55038
1403638524.627829552 -0.02192 -0.01905 0.23041 0.13925 0.81202 -0.07058 0.56236
1403638524.727829456 -0.00894 -0.00984 0.28397 0.14898 0.80546 -0.07374 0.56885
1403638524.827829599 0.00171 -0.00337 0.32293 0.16149 0.80134 -0.07736 0.57079
1403638524.927829504 0.00766 0.00402 0.34785 0.15533 0.80065 -0.07577 0.57367
1403638525.027829409 0.00977 0.0051 0.35271 0.14944 0.80037 -0.07034 0.5763
1403638525.127829552 0.00706 0.00188 0.33209 0.14911 0.79865 -0.06336 0.57958
1403638525.227829456 0.00209 -0.00337 0.29043 0.14494 0.80028 -0.056 0.57915
1403638525.327829599 -0.00407 -0.00988 0.24164 0.14016 0.80723 -0.05175 0.57101
1403638525.427829504 -0.01153 -0.01721 0.18566 0.12899 0.81971 -0.04954 0.55586
1403638525.527829409 -0.01956 -0.02389 0.12923 0.11431 0.83203 -0.05003 0.54051
1403638525.627829552 -0.01921 -0.03745 0.08212 0.10804 0.83842 -0.05219 0.53166
1403638525.727829456 -0.02187 -0.04355 0.04078 0.10597 0.83825 -0.054 0.53216
1403638525.827829599 -0.02369 -0.04661 0.01037 0.10893 0.8342 -0.05738 0.53754
1403638525.927829504 -0.02845 -0.05156 -0.01227 0.11544 0.8304 -0.05704 0.54208
1403638526.027829409 -0.03639 -0.06391 -0.02127 0.11995 0.83047 -0.05605 0.54109
1403638526.127829552 -0.04769 -0.08565 -0.01764 0.12117 0.83206 -0.06211 0.53771
1403638526.227829456 -0.06176 -0.11395 -0.00307 0.12171 0.83148 -0.07062 0.53745
1403638526.327829599 -0.0791 -0.14636 0.01625 0.12305 0.82698 -0.07718 0.54314
1403638526.427829504 -0.10315 -0.18394 0.03651 0.12795 0.8211 -0.0862 0.54954
1403638526.527829409 -0.13021 -0.2263 0.05443 0.12911 0.81408 -0.09626 0.55798
1403638526.627829552 -0.15911 -0.27588 0.06909 0.12815 0.80626 -0.10273 0.56831
1403638526.727829456 -0.19288 -0.33086 0.0826 0.13228 0.80056 -0.10818 0.57438
1403638526.827829599 -0.23002 -0.38982 0.09402 0.14038 0.79692 -0.11025 0.57711
1403638526.927829504 -0.26606 -0.44665 0.1035 0.14108 0.79677 -0.11299 0.57661
1403638527.027829409 -0.30344 -0.50236 0.11242 0.14279 0.79881 -0.12239 0.57143
1403638527.127829552 -0.33719 -0.55646 0.12204 0.14502 0.79957 -0.13584 0.56675
1403638527.227829456 -0.36393 -0.60646 0.13206 0.14618 0.79643 -0.14682 0.56813
1403638527.327829599 -0.38367 -0.64469 0.14196 0.1542 0.78992 -0.15417 0.57313
1403638527.427829504 -0.38962 -0.66473 0.15001 0.16009 0.7847 -0.15486 0.57847
1403638527.527829409 -0.39959 -0.66192 0.1543 0.164 0.78261 -0.15547 0.58005
1403638527.627829552 -0.38987 -0.64379 0.15658 0.15559 0.78434 -0.14879 0.58178
1403638527.727829456 -0.40509 -0.60123 0.15965 0.15716 0.78538 -0.14556 0.58077
1403638527.827829599 -0.41086 -0.55471 0.1655 0.14776 0.78879 -0.14012 0.57996
1403638527.927829504 -0.34045 -0.50818 0.16278 0.10486 0.79728 -0.1141 0.58338
1403638528.027829409 -0.28781 -0.45348 0.16818 0.07556 0.80011 -0.09029 0.58819
1403638528.127829552 -0.23448 -0.38798 0.16349 0.05365 0.80212 -0.07267 0.5903
1403638528.227829456 -0.20824 -0.32892 0.15613 0.04222 0.80476 -0.06262 0.58877
1403638528.327829599 -0.18978 -0.28495 0.15412 0.0339 0.80628 -0.05382 0.58811
1403638528.427829504 -0.16277 -0.25496 0.15414 0.03041 0.80554 -0.04701 0.58989
1403638528.527829409 -0.13214 -0.24573 0.15775 0.02843 0.8063 -0.04407 0.58918
1403638528.627829552 -0.10154 -0.22827 0.15954 0.02897 0.80888 -0.05255 0.5849
1403638528.727829456 -0.08108 -0.21963 0.16992 0.03176 0.80889 -0.05909 0.58413
1403638528.827829599 -0.06537 -0.21622 0.18085 0.03313 0.80791 -0.06495 0.58477
1403638528.927829504 -0.05399 -0.19282 0.18682 0.02759 0.80779 -0.07359 0.58421
1403638529.027829409 -0.07411 -0.18664 0.20934 0.02212 0.80842 -0.07799 0.58299
1403638529.127829552 -0.0684 -0.17531 0.21349 0.02858 0.80992 -0.07191 0.58141
1403638529.227829456 -0.1238 -0.14179 0.22913 0.04796 0.81126 -0.06772 0.57877
1403638529.327829599 -0.14907 -0.1196 0.21558 0.05514 0.81491 -0.06268 0.57355
1403638529.427829504 -0.17314 -0.0939 0.19273 0.05701 0.82308 -0.0596 0.56191
1403638529.527829409 -0.18991 -0.07099 0.15933 0.05415 0.83478 -0.05921 0.54471
1403638529.627829552 -0.2038 -0.06046 0.12679 0.05551 0.84245 -0.05668 0.5329
1403638529.727829456 -0.20524 -0.05146 0.09154 0.05606 0.84267 -0.05506 0.53266
1403638529.827829599 -0.21445 -0.04141 0.07042 0.05547 0.83654 -0.05576 0.54223
1403638529.927829504 -0.19125 -0.04652 0.03646 0.05488 0.83151 -0.05539 0.55001
1403638530.027829409 -0.18364 -0.04529 0.02189 0.05519 0.83117 -0.05546 0.55049
1403638530.127829552 -0.17123 -0.04634 0.01214 0.05516 0.8333 -0.05759 0.54704
1403638530.227829456 -0.15679 -0.04863 0.00255 0.05757 0.83353 -0.06368 0.54576
1403638530.327829599 -0.143 -0.0524 -0.00703 0.05909 0.83253 -0.06993 0.54636
1403638530.427829504 -0.13079 -0.05727 -0.01518 0.06281 0.83176 -0.07425 0.54654
1403638530.527829409 -0.12046 -0.06209 -0.02185 0.06078 0.83148 -0.07831 0.54664
1403638530.627829552 -0.11396 -0.06674 -0.02778 0.06268 0.83265 -0.08094 0.54425
1403638530.727829456 -0.11006 -0.06986 -0.03357 0.06282 0.8365 -0.08329 0.53794
1403638530.827829599 -0.10711 -0.07221 -0.03917 0.06218 0.83854 -0.0837 0.53476
1403638530.927829504 -0.10507 -0.07331 -0.04294 0.05945 0.8377 -0.0828 0.53653
1403638531.027829409 -0.10374 -0.07358 -0.04598 0.05828 0.83494 -0.08251 0.54099
1403638531.127829552 -0.10425 -0.07246 -0.04619 0.06106 0.83133 -0.08106 0.54643
1403638531.227829456 -0.10355 -0.07122 -0.04689 0.06318 0.83113 -0.07824 0.54691
1403638531.327829599 -0.10352 -0.06974 -0.04748 0.06346 0.8275 -0.07775 0.55242
1403638531.427829504 -0.10348 -0.06987 -0.04764 0.06413 0.82836 -0.07721 0.55113
1403638531.527829409 -0.10385 -0.06993 -0.04761 0.06375 0.82754 -0.07772 0.55233
1403638531.627829552 -0.10398 -0.07005 -0.04768 0.06458 0.82771 -0.07689 0.5521
1403638531.727829456 -0.10399 -0.07003 -0.04773 0.06465 0.82782 -0.07741 0.55186
1403638531.827829599 -0.10397 -0.07003 -0.04774 0.06474 0.8278 -0.07757 0.55185
1403638531.927829504 -0.10398 -0.07001 -0.04775 0.06473 0.82776 -0.0778 0.55188
1403638532.027829409 -0.10397 -0.06999 -0.04777 0.06474 0.82773 -0.078 0.55189
1403638532.127829552 -0.10395 -0.07004 -0.04777 0.0649 0.82771 -0.07818 0.55188
1403638532.227829456 -0.104 -0.07007 -0.04777 0.06513 0.82775 -0.07809 0.5518
1403638532.327829599 -0.10399 -0.07015 -0.04777 0.06545 0.82772 -0.0782 0.55179
1403638532.427829504 -0.10401 -0.07021 -0.04777 0.06563 0.82774 -0.07823 0.55175
1403638532.527829409 -0.10401 -0.07024 -0.04777 0.06577 0.82773 -0.07834 0.55172
1403638532.627829552 -0.10402 -0.07027 -0.04778 0.06589 0.82773 -0.07846 0.55169
1403638532.727829456 -0.10403 -0.07027 -0.04779 0.06598 0.82771 -0.07856 0.5517
1403638532.827829599 -0.10402 -0.07029 -0.04778 0.06607 0.8277 -0.0787 0.55168
1403638532.927829504 -0.10405 -0.07031 -0.04778 0.06624 0.8277 -0.07875 0.55165
1403638533.027829409 -0.10405 -0.07036 -0.04777 0.06642 0.82769 -0.07887 0.55163
1403638533.127829552 -0.10406 -0.07039 -0.04778 0.06654 0.82769 -0.07895 0.5516
1403638533.227829456 -0.10407 -0.07042 -0.04779 0.06669 0.82768 -0.07904 0.5516
1403638533.327829599 -0.10407 -0.07045 -0.04778 0.06687 0.82766 -0.07914 0.55158
1403638533.427829504 -0.10409 -0.07047 -0.0478 0.06693 0.82766 -0.07924 0.55156
1403638533.527829409 -0.10409 -0.0705 -0.04779 0.0671 0.82765 -0.07934 0.55155
1403638533.627829552 -0.10409 -0.07054 -0.04778 0.06726 0.82764 -0.07938 0.55153
1403638533.727829456 -0.10412 -0.07055 -0.04779 0.0674 0.82766 -0.07945 0.55147
1403638533.827829599 -0.10411 -0.0706 -0.04779 0.0675 0.82762 -0.07959 0.5515
1403638533.927829504 -0.10413 -0.07066 -0.04782 0.0675 0.82765 -0.07955 0.55146
1403638534.027829409 -0.10412 -0.07066 -0.04786 0.06764 0.8276 -0.07974 0.55149
1403638534.127829552 -0.10417 -0.0707 -0.04781 0.06784 0.82764 -0.07993 0.55138
1403638534.227829456 -0.1042 -0.07071 -0.0478 0.06778 0.82763 -0.08 0.5514
1403638534.327829599 -0.10422 -0.07068 -0.04774 0.06765 0.82766 -0.07997 0.55136
1403638534.427829504 -0.10424 -0.07066 -0.04772 0.06757 0.82771 -0.07999 0.55129
1403638534.527829409 -0.10428 -0.07078 -0.04765 0.06792 0.82771 -0.08033 0.55121
1403638534.627829552 -0.10431 -0.0708 -0.04757 0.0678 0.82776 -0.07997 0.5512
1403638534.727829456 -0.10427 -0.07081 -0.04757 0.06778 0.82777 -0.0798 0.55121
1403638534.827829599 -0.10429 -0.07082 -0.04758 0.06798 0.82774 -0.07994 0.55121
1403638534.927829504 -0.10434 -0.07088 -0.04757 0.06829 0.82773 -0.08016 0.55116
1403638535.027829409 -0.10434 -0.07093 -0.04755 0.0683 0.82774 -0.08016 0.55114
1403638535.127829552 -0.10435 -0.07094 -0.04754 0.06837 0.82777 -0.08016 0.5511
1403638535.227829456 -0.10435 -0.07096 -0.04756 0.06841 0.82774 -0.08022 0.55112
1403638535.327829599 -0.10436 -0.07099 -0.04755 0.06853 0.82776 -0.08032 0.55106
1403638535.427829504 -0.10437 -0.07098 -0.04754 0.06866 0.82775 -0.08032 0.55105
1403638535.527829409 -0.10437 -0.07101 -0.04754 0.06874 0.82774 -0.08044 0.55105
1403638535.627829552 -0.10437 -0.07101 -0.04754 0.06877 0.82775 -0.08043 0.55102
1403638535.727829456 -0.10438 -0.07103 -0.04754 0.06886 0.82774 -0.08052 0.55102
1403638535.827829599 -0.10438 -0.07105 -0.04754 0.06889 0.82773 -0.08054 0.55102
1403638535.927829504 -0.1044 -0.07104 -0.04755 0.06893 0.82774 -0.0806 0.551
1403638536.027829409 -0.1044 -0.07107 -0.04755 0.06895 0.82774 -0.08062 0.55099
1403638536.127829552 -0.1044 -0.07108 -0.04754 0.06904 0.82774 -0.08069 0.55098
1403638536.227829456 -0.10439 -0.07111 -0.04754 0.06912 0.82772 -0.08076 0.55097
1403638536.327829599 -0.1044 -0.07113 -0.04756 0.06924 0.82768 -0.08083 0.55102
1403638536.427829504 -0.10441 -0.07115 -0.04756 0.0694 0.82767 -0.08094 0.55099
1403638536.527829409 -0.10442 -0.07118 -0.04755 0.06945 0.82769 -0.08095 0.55096
1403638536.627829552 -0.10444 -0.07117 -0.04756 0.06954 0.82765 -0.08109 0.55099
1403638536.727829456 -0.10442 -0.07119 -0.04756 0.06969 0.82765 -0.08106 0.55097
1403638536.827829599 -0.10443 -0.07123 -0.04757 0.06977 0.82764 -0.08114 0.55097
1403638536.927829504 -0.10445 -0.07127 -0.04757 0.06989 0.82762 -0.08121 0.55097
1403638537.027829409 -0.10443 -0.07127 -0.04755 0.06991 0.82764 -0.0812 0.55094
1403638537.127829552 -0.10442 -0.07125 -0.04755 0.07004 0.82762 -0.08118 0.55096
1403638537.227829456 -0.10444 -0.07127 -0.04753 0.07012 0.82763 -0.08133 0.55091
1403638537.327829599 -0.10443 -0.07128 -0.04754 0.07019 0.8276 -0.0814 0.55094
1403638537.427829504 -0.10443 -0.07129 -0.04754 0.07022 0.82759 -0.08142 0.55095
1403638537.527829409 -0.10443 -0.07129 -0.04752 0.07032 0.82759 -0.08143 0.55092
1403638537.627829552 -0.10442 -0.07129 -0.04749 0.07041 0.82759 -0.08135 0.55093
1403638537.727829456 -0.10444 -0.07134 -0.04748 0.0705 0.82763 -0.08144 0.55084
1403638537.827829599 -0.10446 -0.07134 -0.04747 0.0706 0.8276 -0.08153 0.55086
1403638537.927829504 -0.10443 -0.07135 -0.04747 0.07068 0.82757 -0.08158 0.55089
1403638538.027829409 -0.10445 -0.07139 -0.04743 0.07076 0.82761 -0.08166 0.55081
1403638538.127829552 -0.10445 -0.0714 -0.04743 0.07096 0.82753 -0.0817 0.5509
1403638538.227829456 -0.10442 -0.07139 -0.04743 0.07098 0.82754 -0.08176 0.55086
1403638538.327829599 -0.10444 -0.07139 -0.04743 0.07095 0.82754 -0.08168 0.55089
1403638538.427829504 -0.10438 -0.0714 -0.04737 0.07114 0.82742 -0.08183 0.55102
1403638538.527829409 -0.10443 -0.07145 -0.04729 0.07119 0.8274 -0.08196 0.55102
1403638538.627829552 -0.10449 -0.07149 -0.0472 0.07142 0.82721 -0.0821 0.55126
1403638538.727829456 -0.10451 -0.07154 -0.04707 0.07152 0.8269 -0.08203 0.55172
1403638538.827829599 -0.10371 -0.07142 -0.0469 0.07105 0.8264 -0.0815 0.55261
1403638538.927829504 -0.10151 -0.07122 -0.04524 0.07145 0.82351 -0.08062 0.55698
1403638539.027829409 -0.09673 -0.07177 -0.04264 0.07304 0.81883 -0.08111 0.56356
1403638539.127829552 -0.08986 -0.07244 -0.03762 0.0729 0.81191 -0.08203 0.57337
1403638539.227829456 -0.0809 -0.07289 -0.02676 0.07316 0.80709 -0.08118 0.58023
1403638539.327829599 -0.07188 -0.07325 -0.0072 0.0728 0.80616 -0.08089 0.58161
1403638539.427829504 -0.06336 -0.07346 0.02024 0.07287 0.80778 -0.08002 0.57946
1403638539.527829409 -0.05437 -0.07369 0.0528 0.07258 0.80986 -0.07911 0.57671
1403638539.627829552 -0.04446 -0.07418 0.08548 0.07163 0.81065 -0.07818 0.57585
1403638539.727829456 -0.03077 -0.07643 0.10779 0.07073 0.81147 -0.0771 0.57495
1403638539.827829599 -0.01664 -0.0784 0.11929 0.07036 0.81322 -0.07585 0.57268
1403638539.927829504 -0.00272 -0.07981 0.12825 0.06895 0.8172 -0.07549 0.56722
1403638540.027829409 0.01437 -0.08143 0.13727 0.06742 0.82268 -0.07636 0.55931
1403638540.127829552 0.03534 -0.08365 0.14579 0.0669 0.82863 -0.07666 0.55047
1403638540.227829456 0.06535 -0.08607 0.15596 0.06751 0.82864 -0.07551 0.55055
1403638540.327829599 0.10122 -0.08995 0.16901 0.06849 0.82239 -0.07402 0.55991
1403638540.427829504 0.14143 -0.09373 0.18033 0.06802 0.81797 -0.06973 0.56696
1403638540.527829409 0.1843 -0.09594 0.19012 0.06275 0.81797 -0.06108 0.56856
1403638540.627829552 0.22994 -0.09674 0.19946 0.05424 0.81896 -0.04716 0.56933
1403638540.727829456 0.27842 -0.09695 0.20962 0.04749 0.81927 -0.02571 0.57086
1403638540.827829599 0.32965 -0.09429 0.21724 0.03901 0.82002 0.00046 0.57101
1403638540.927829504 0.38296 -0.08688 0.22331 0.02771 0.82051 0.02852 0.57025
1403638541.027829409 0.43749 -0.07409 0.22725 0.01315 0.82004 0.05114 0.56986
1403638541.127829552 0.49409 -0.05705 0.2279 0.00123 0.81869 0.06749 0.57026
1403638541.227829456 0.55275 -0.0382 0.22417 -0.00631 0.81847 0.0786 0.56911
1403638541.327829599 0.6131 -0.01502 0.22259 -0.01039 0.81828 0.08473 0.56845
1403638541.427829504 0.67442 0.01384 0.22733 -0.01319 0.81851 0.08623 0.56783
1403638541.527829409 0.73641 0.04993 0.23803 -0.01205 0.81738 0.08717 0.56934
1403638541.627829552 0.80237 0.0924 0.25648 -0.01399 0.81591 0.09024 0.57092
1403638541.727829456 0.86822 0.14414 0.28248 -0.02192 0.81425 0.09522 0.57224
1403638541.827829599 0.93046 0.20422 0.31496 -0.03633 0.81333 0.10325 0.57141
1403638541.927829504 0.98802 0.26845 0.34925 -0.05053 0.81235 0.11655 0.56917
1403638542.027829409 1.0428 0.33544 0.37697 -0.06624 0.81075 0.13404 0.56598
1403638542.127829552 1.09646 0.40314 0.39864 -0.08192 0.8081 0.15471 0.56244
1403638542.227829456 1.14976 0.47337 0.4153 -0.09988 0.80451 0.17697 0.5581
1403638542.327829599 1.19999 0.54546 0.42759 -0.11664 0.7995 0.20209 0.55349
1403638542.427829504 1.24558 0.61503 0.43687 -0.12908 0.7882 0.2245 0.55828
1403638542.527829409 1.29103 0.6861 0.44347 -0.13173 0.77453 0.24541 0.56791
1403638542.627829552 1.33331 0.76044 0.44938 -0.1306 0.76605 0.26124 0.5726
1403638542.727829456 1.36653 0.83702 0.46003 -0.13634 0.76623 0.26661 0.56853
1403638542.827829599 1.39248 0.9188 0.4796 -0.14766 0.77046 0.26475 0.5608
1403638542.927829504 1.4106 1.00343 0.50637 -0.15602 0.77542 0.26271 0.5526
1403638543.027829409 1.42409 1.08931 0.53948 -0.16107 0.77891 0.26112 0.54696
1403638543.127829552 1.4351 1.17348 0.57003 -0.16495 0.78067 0.25916 0.54422
1403638543.227829456 1.45215 1.26538 0.59538 -0.16506 0.7813 0.25802 0.54383
1403638543.327829599 1.46022 1.34951 0.61327 -0.16709 0.78142 0.25695 0.54355
1403638543.427829504 1.47872 1.44556 0.62738 -0.1685 0.78133 0.2586 0.54245
1403638543.527829409 1.49348 1.53966 0.63625 -0.17321 0.77941 0.26633 0.53999
1403638543.627829552 1.49793 1.62383 0.64046 -0.18004 0.77452 0.283 0.53629
1403638543.727829456 1.50594 1.71162 0.64301 -0.19038 0.7674 0.30319 0.53191
1403638543.827829599 1.51561 1.8043 0.65125 -0.20077 0.75744 0.32681 0.52836
1403638543.927829504 1.5245 1.90307 0.66759 -0.21548 0.74781 0.3477 0.52293
1403638544.027829409 1.53387 2.00275 0.68995 -0.23045 0.74115 0.36249 0.51594
1403638544.127829552 1.54335 2.10336 0.71474 -0.24241 0.73748 0.37211 0.50882
1403638544.227829456 1.55366 2.20756 0.73774 -0.25231 0.73438 0.37678 0.50503
1403638544.327829599 1.56342 2.32532 0.75629 -0.25705 0.73242 0.37997 0.50311
1403638544.427829504 1.57554 2.42834 0.76825 -0.25878 0.73277 0.38153 0.50052
1403638544.527829409 1.58933 2.53033 0.77712 -0.2586 0.73177 0.38203 0.50168
1403638544.627829552 1.60729 2.6389 0.78801 -0.26313 0.72649 0.38144 0.50743
1403638544.727829456 1.62608 2.74588 0.80489 -0.26691 0.72199 0.38168 0.51167
1403638544.827829599 1.64056 2.84165 0.82241 -0.26654 0.72351 0.3842 0.50782
1403638544.927829504 1.65516 2.94118 0.83595 -0.26588 0.72629 0.38602 0.5028
1403638545.027829409 1.67243 3.04179 0.84388 -0.26745 0.72566 0.38638 0.50259
1403638545.127829552 1.68825 3.13735 0.84489 -0.26895 0.72443 0.38711 0.50301
1403638545.227829456 1.70524 3.23316 0.8401 -0.26795 0.72466 0.38904 0.50172
1403638545.327829599 1.72149 3.32139 0.82947 -0.26928 0.72241 0.38999 0.50352
1403638545.427829504 1.7373 3.41827 0.8148 -0.27139 0.72139 0.38929 0.50438
1403638545.527829409 1.75178 3.50798 0.79858 -0.27481 0.71994 0.39301 0.50172
1403638545.627829552 1.76446 3.59049 0.78796 -0.28233 0.71618 0.40227 0.49554
1403638545.727829456 1.77739 3.68147 0.78491 -0.29063 0.70972 0.41643 0.48828
1403638545.827829599 1.78977 3.76457 0.78883 -0.30114 0.69883 0.43509 0.4813
1403638545.927829504 1.80235 3.84757 0.80133 -0.31165 0.6868 0.45627 0.47223
1403638546.027829409 1.81483 3.93306 0.81953 -0.3203 0.67415 0.47689 0.46423
1403638546.127829552 1.82749 4.0158 0.83671 -0.32674 0.66312 0.4929 0.45886
1403638546.227829456 1.8386 4.11029 0.8474 -0.33391 0.65656 0.5021 0.45312
1403638546.327829599 1.84747 4.20151 0.85214 -0.34002 0.65313 0.50698 0.44808
1403638546.427829504 1.85604 4.29351 0.85103 -0.34492 0.65261 0.50822 0.44367
1403638546.527829409 1.86488 4.39449 0.84696 -0.34617 0.65147 0.51013 0.44217
1403638546.627829552 1.87365 4.49739 0.84646 -0.34819 0.64768 0.51511 0.44037
1403638546.727829456 1.87937 4.60037 0.85322 -0.35205 0.64256 0.52097 0.43792
1403638546.827829599 1.88679 4.70987 0.87063 -0.35283 0.63814 0.52673 0.43685
1403638546.927829504 1.89112 4.81895 0.89062 -0.35307 0.63495 0.5311 0.43601
1403638547.027829409 1.89638 4.93187 0.90663 -0.35154 0.6319 0.53499 0.43693
1403638547.127829552 1.89684 5.04419 0.9138 -0.34812 0.6291 0.53912 0.43863
1403638547.227829456 1.89533 5.15821 0.91785 -0.34616 0.62783 0.5412 0.43943
1403638547.327829599 1.8879 5.27275 0.91466 -0.34506 0.6269 0.54215 0.44047
1403638547.427829504 1.87716 5.38716 0.91176 -0.35014 0.63035 0.53835 0.43618
1403638547.527829409 1.86231 5.50097 0.90167 -0.35515 0.63357 0.53454 0.43211
1403638547.627829552 1.84806 5.62003 0.88989 -0.35709 0.636 0.53198 0.43011
1403638547.727829456 1.832 5.73485 0.87024 -0.35612 0.63614 0.53185 0.43087
1403638547.827829599 1.81494 5.85506 0.84917 -0.35188 0.63405 0.53416 0.43455
1403638547.927829504 1.79626 5.97428 0.82525 -0.35157 0.63377 0.53429 0.43504
1403638548.027829409 1.77516 6.09148 0.80356 -0.35331 0.63298 0.53554 0.43325
1403638548.127829552 1.75086 6.22137 0.7944 -0.35665 0.6302 0.53938 0.42979
1403638548.227829456 1.72312 6.34736 0.78926 -0.3629 0.62459 0.54599 0.42436
1403638548.327829599 1.69333 6.47241 0.79309 -0.37058 0.61631 0.55566 0.41723
1403638548.427829504 1.66188 6.5999 0.80665 -0.37765 0.60633 0.56779 0.4091
1403638548.527829409 1.63089 6.72411 0.82411 -0.38549 0.59753 0.57627 0.40282
1403638548.627829552 1.59953 6.84607 0.83781 -0.3908 0.5901 0.58313 0.39877
1403638548.727829456 1.56969 6.96864 0.84754 -0.3946 0.58545 0.58764 0.39525
1403638548.827829599 1.53661 7.1019 0.8579 -0.39691 0.5825 0.59069 0.39273
1403638548.927829504 1.50649 7.22974 0.87734 -0.39882 0.58082 0.592 0.39131
1403638549.027829409 1.47412 7.36618 0.90175 -0.39789 0.5801 0.59379 0.39061
1403638549.127829552 1.44213 7.49573 0.93235 -0.40004 0.58059 0.59234 0.3899
1403638549.227829456 1.40944 7.63086 0.97078 -0.40042 0.58065 0.59184 0.39017
1403638549.327829599 1.37563 7.76542 1.01175 -0.40189 0.58202 0.58986 0.38961
1403638549.427829504 1.34322 7.90289 1.05637 -0.40438 0.5833 0.58735 0.38893
1403638549.527829409 1.31068 8.04043 1.09347 -0.40505 0.58477 0.58577 0.38839
1403638549.627829552 1.28164 8.1782 1.1283 -0.40709 0.58401 0.58391 0.3902
1403638549.727829456 1.25631 8.31596 1.15636 -0.40604 0.58346 0.58386 0.3922
1403638549.827829599 1.22881 8.46243 1.18888 -0.40618 0.58507 0.58349 0.39019
1403638549.927829504 1.20216 8.60256 1.23231 -0.40426 0.58586 0.58434 0.38972
1403638550.027829409 1.17681 8.75718 1.28106 -0.40494 0.5868 0.58378 0.38844
1403638550.127829552 1.15322 8.90439 1.33865 -0.40617 0.58767 0.58328 0.38659
1403638550.227829456 1.13093 9.06015 1.40208 -0.40608 0.58743 0.58407 0.38585
1403638550.327829599 1.10977 9.2091 1.4736 -0.40548 0.58656 0.5849 0.38655
1403638550.427829504 1.09039 9.36573 1.53884 -0.40777 0.58608 0.5841 0.38609
1403638550.527829409 1.07149 9.51688 1.60093 -0.41026 0.5874 0.58258 0.38372
1403638550.627829552 1.05432 9.67716 1.65608 -0.41499 0.58663 0.57963 0.38429
1403638550.727829456 1.04185 9.82885 1.70575 -0.41913 0.58556 0.57669 0.38585
1403638550.827829599 1.03209 9.98966 1.75035 -0.42264 0.5834 0.57391 0.38941
1403638550.927829504 1.02704 10.14397 1.79237 -0.42888 0.57909 0.56912 0.39599
1403638551.027829409 1.02446 10.29079 1.82736 -0.43395 0.57612 0.56529 0.40028
1403638551.127829552 1.02665 10.42648 1.85899 -0.43706 0.57531 0.56293 0.40139
1403638551.227829456 1.03461 10.54516 1.89107 -0.44069 0.57581 0.56086 0.39959
1403638551.327829599 1.04682 10.65949 1.9293 -0.43796 0.58023 0.55997 0.39744
1403638551.427829504 1.0657 10.77276 1.97421 -0.43228 0.59077 0.55355 0.39711
1403638551.527829409 1.09088 10.87979 2.00632 -0.42509 0.60569 0.54088 0.39985
1403638551.627829552 1.12172 10.9906 2.03606 -0.41909 0.62243 0.523 0.40425
1403638551.727829456 1.16324 11.09401 2.0595 -0.41136 0.63791 0.50466 0.4113
1403638551.827829599 1.21383 11.19189 2.07681 -0.40204 0.65151 0.48691 0.4205
1403638551.927829504 1.2734 11.28013 2.09423 -0.3904 0.65835 0.47615 0.43295
1403638552.027829409 1.34114 11.35915 2.11747 -0.38009 0.66019 0.46991 0.44594
1403638552.127829552 1.41325 11.43219 2.14834 -0.37261 0.66317 0.46614 0.45176
1403638552.227829456 1.48958 11.49927 2.18523 -0.368 0.66805 0.4642 0.45034
1403638552.327829599 1.57123 11.55795 2.22491 -0.36615 0.67055 0.46303 0.44934
1403638552.427829504 1.65591 11.61068 2.26167 -0.37216 0.66894 0.45798 0.45195
1403638552.527829409 1.74302 11.66353 2.29422 -0.37899 0.66549 0.45316 0.45622
1403638552.627829552 1.83634 11.70208 2.31929 -0.38273 0.66182 0.45177 0.45979
1403638552.727829456 1.93356 11.73235 2.33843 -0.38269 0.66086 0.45384 0.45916
1403638552.827829599 2.03449 11.75819 2.35254 -0.38149 0.65955 0.45698 0.45894
1403638552.927829504 2.13638 11.77912 2.36241 -0.37745 0.65805 0.46267 0.45873
1403638553.027829409 2.24198 11.79242 2.3667 -0.37252 0.65563 0.4688 0.46
1403638553.127829552 2.34726 11.80157 2.36912 -0.37298 0.65271 0.47109 0.46144
1403638553.227829456 2.45319 11.80331 2.36797 -0.38094 0.64775 0.46739 0.46567
1403638553.327829599 2.55885 11.79636 2.36897 -0.3858 0.64189 0.46582 0.47133
1403638553.427829504 2.66622 11.77954 2.37556 -0.38359 0.63662 0.46867 0.47741
1403638553.527829409 2.77277 11.75262 2.38931 -0.38036 0.63218 0.47202 0.48257
1403638553.627829552 2.87571 11.7116 2.4069 -0.37739 0.62924 0.47461 0.48618
1403638553.727829456 2.9755 11.65999 2.43094 -0.37572 0.62883 0.47647 0.48619
1403638553.827829599 3.06854 11.59723 2.46206 -0.3733 0.63012 0.47832 0.48457
1403638553.927829504 3.159 11.52605 2.50018 -0.37116 0.63191 0.47955 0.48265
1403638554.027829409 3.25253 11.45379 2.53499 -0.37136 0.63653 0.47928 0.47666
1403638554.127829552 3.3337 11.36813 2.56424 -0.36895 0.63824 0.48102 0.47449
1403638554.227829456 3.41132 11.28206 2.58403 -0.36022 0.64337 0.48707 0.46806
1403638554.327829599 3.4872 11.18907 2.5993 -0.35304 0.6478 0.49243 0.46177
1403638554.427829504 3.56402 11.09965 2.61168 -0.34913 0.65023 0.49541 0.45813
1403638554.527829409 3.63713 11.01121 2.62247 -0.34738 0.6511 0.49668 0.45683
1403638554.627829552 3.7073 10.9255 2.63227 -0.34989 0.65308 0.49525 0.45364
1403638554.727829456 3.77579 10.83732 2.64484 -0.35551 0.65398 0.49154 0.45201
1403638554.827829599 3.84432 10.75224 2.66422 -0.3598 0.65496 0.48884 0.45012
1403638554.927829504 3.91405 10.66731 2.68739 -0.36314 0.65519 0.48626 0.4499
1403638555.027829409 3.98763 10.5835 2.70847 -0.3633 0.65707 0.48215 0.45145
1403638555.127829552 4.05902 10.49649 2.72041 -0.35712 0.66174 0.47727 0.45473
1403638555.227829456 4.13737 10.41011 2.72831 -0.35106 0.66871 0.46921 0.45763
1403638555.327829599 4.21404 10.32232 2.72928 -0.34512 0.67411 0.46241 0.46114
1403638555.427829504 4.29579 10.23094 2.72729 -0.3375 0.67636 0.45956 0.4663
1403638555.527829409 4.37936 10.1414 2.72122 -0.33474 0.67843 0.45612 0.46865
1403638555.627829552 4.458 10.05521 2.71558 -0.33242 0.67952 0.45474 0.47006
1403638555.727829456 4.53529 9.97036 2.71817 -0.3327 0.68106 0.45348 0.46886
1403638555.827829599 4.61068 9.88375 2.73138 -0.33112 0.68146 0.45468 0.46823
1403638555.927829504 4.68687 9.79443 2.75129 -0.3296 0.68122 0.45618 0.46819
1403638556.027829409 4.76005 9.7171 2.77683 -0.32841 0.68017 0.45757 0.46919
1403638556.127829552 4.83769 9.63251 2.80291 -0.32712 0.68211 0.45865 0.46622
1403638556.227829456 4.91167 9.55798 2.81947 -0.32472 0.68675 0.45984 0.45987
1403638556.327829599 4.99099 9.47923 2.83361 -0.32383 0.68931 0.46044 0.45605
1403638556.427829504 5.06917 9.4122 2.84279 -0.32265 0.69128 0.46109 0.45323
1403638556.527829409 5.15081 9.34416 2.85308 -0.31983 0.69479 0.46239 0.44851
1403638556.627829552 5.23213 9.29152 2.86089 -0.32399 0.69795 0.4586 0.4445
1403638556.727829456 5.31831 9.24243 2.87396 -0.33154 0.69758 0.45249 0.44578
1403638556.827829599 5.40759 9.18896 2.89854 -0.33775 0.69482 0.448 0.44994
1403638556.927829504 5.50308 9.14451 2.92582 -0.34237 0.69357 0.44447 0.45188
1403638557.027829409 5.6049 9.09906 2.95256 -0.34352 0.69236 0.44376 0.45356
1403638557.127829552 5.71106 9.05473 2.97269 -0.34104 0.69064 0.44601 0.45583
1403638557.227829456 5.82026 9.01231 2.98578 -0.33993 0.68937 0.44721 0.4574
1403638557.327829599 5.92736 8.97169 2.99168 -0.33862 0.68859 0.44847 0.45832
1403638557.427829504 6.04126 8.92881 2.99751 -0.33523 0.68656 0.4515 0.46088
1403638557.527829409 6.15751 8.88695 3.00752 -0.3296 0.68371 0.45592 0.46479
1403638557.627829552 6.27494 8.84517 3.02345 -0.32647 0.68139 0.45857 0.4678
1403638557.727829456 6.3885 8.80555 3.04353 -0.32547 0.68063 0.45934 0.46884
1403638557.827829599 6.499 8.76528 3.06199 -0.32357 0.68036 0.46002 0.46988
1403638557.927829504 6.60775 8.72525 3.07387 -0.32086 0.68057 0.46168 0.46981
1403638558.027829409 6.71715 8.68591 3.07878 -0.31936 0.68312 0.46276 0.46606
1403638558.127829552 6.82609 8.64694 3.0788 -0.31738 0.6881 0.46374 0.45905
1403638558.227829456 6.93719 8.61114 3.08102 -0.31447 0.69429 0.46508 0.45031
1403638558.327829599 7.04847 8.58223 3.09076 -0.31035 0.69595 0.46742 0.44817
1403638558.427829504 7.15851 8.56067 3.11145 -0.30419 0.69837 0.471 0.44487
1403638558.527829409 7.26792 8.54789 3.13857 -0.30068 0.70162 0.47257 0.44046
1403638558.627829552 7.37782 8.54514 3.1727 -0.30544 0.70302 0.46856 0.43923
1403638558.727829456 7.49232 8.55175 3.21146 -0.31583 0.70378 0.4606 0.43907
1403638558.827829599 7.61147 8.56461 3.24464 -0.32134 0.70337 0.45625 0.44028
1403638558.927829504 7.73353 8.58193 3.27022 -0.32223 0.70024 0.45558 0.44527
1403638559.027829409 7.85878 8.60397 3.28815 -0.32296 0.69507 0.4555 0.45286
1403638559.127829552 7.9874 8.62854 3.30009 -0.32419 0.69123 0.45523 0.45812
1403638559.227829456 8.11376 8.65449 3.30413 -0.32335 0.68785 0.45678 0.46223
1403638559.327829599 8.24165 8.68234 3.30211 -0.32174 0.68539 0.45884 0.46496
1403638559.427829504 8.36832 8.71132 3.29418 -0.31781 0.68267 0.46242 0.4681
1403638559.527829409 8.48768 8.7405 3.28085 -0.31659 0.68078 0.46368 0.47044
1403638559.627829552 8.60533 8.77214 3.26272 -0.31702 0.67908 0.46409 0.4722
1403638559.727829456 8.71861 8.80512 3.24471 -0.31747 0.67817 0.46454 0.47277
1403638559.827829599 8.82732 8.83975 3.23275 -0.31867 0.67873 0.46455 0.47114
1403638559.927829504 8.93408 8.87638 3.22673 -0.3188 0.67984 0.46204 0.47191
1403638560.027829409 9.03962 8.91182 3.2174 -0.31567 0.6859 0.45269 0.4743
1403638560.127829552 9.14227 8.94822 3.20091 -0.30819 0.69529 0.43699 0.48024
1403638560.227829456 9.24623 8.98484 3.17836 -0.29658 0.70632 0.41748 0.48874
1403638560.327829599 9.35013 9.02088 3.15344 -0.28478 0.71585 0.39471 0.50066
1403638560.427829504 9.44766 9.05322 3.12611 -0.27304 0.72441 0.37014 0.5135
1403638560.527829409 9.54217 9.08177 3.09504 -0.26065 0.73305 0.34473 0.52523
1403638560.627829552 9.63573 9.10762 3.05971 -0.25066 0.74391 0.317 0.53224
1403638560.727829456 9.72809 9.12891 3.02338 -0.24355 0.75466 0.28968 0.53597
1403638560.827829599 9.81706 9.14221 2.9938 -0.23325 0.76243 0.26679 0.5414
1403638560.927829504 9.90487 9.14845 2.97137 -0.22304 0.76851 0.24432 0.54768
1403638561.027829409 9.99092 9.14552 2.9574 -0.2102 0.77127 0.22462 0.55723
1403638561.127829552 10.07416 9.13367 2.94977 -0.1987 0.77395 0.20549 0.56506
1403638561.227829456 10.15523 9.11532 2.94839 -0.18966 0.77526 0.19004 0.57174
1403638561.327829599 10.23114 9.08786 2.95415 -0.18345 0.777 0.18013 0.5746
1403638561.427829504 10.29995 9.04948 2.95989 -0.17154 0.7832 0.18065 0.56968
1403638561.527829409 10.36972 9.00829 2.95893 -0.15901 0.7878 0.18561 0.56537
1403638561.627829552 10.43413 8.96442 2.95218 -0.15216 0.79068 0.18926 0.56201
1403638561.727829456 10.49378 8.91947 2.94162 -0.15055 0.79165 0.19155 0.5603
1403638561.827829599 10.54991 8.87224 2.92501 -0.14914 0.79124 0.19344 0.56061
1403638561.927829504 10.60454 8.82565 2.90063 -0.14475 0.79126 0.19224 0.56213
1403638562.027829409 10.65413 8.77621 2.87541 -0.13917 0.79285 0.18483 0.56378
1403638562.127829552 10.70127 8.72444 2.85642 -0.13163 0.79505 0.17504 0.56563
1403638562.227829456 10.74546 8.67319 2.84318 -0.12455 0.79655 0.16688 0.56759
1403638562.327829599 10.78711 8.62394 2.83505 -0.11841 0.79786 0.15701 0.56986
1403638562.427829504 10.82162 8.57448 2.83129 -0.11131 0.79947 0.14301 0.57272
1403638562.527829409 10.85699 8.52318 2.83314 -0.10227 0.80263 0.12519 0.57416
1403638562.627829552 10.89241 8.47122 2.84268 -0.09349 0.80496 0.10265 0.57685
1403638562.727829456 10.92485 8.41773 2.85603 -0.08442 0.80776 0.07769 0.57824
1403638562.827829599 10.95264 8.36085 2.86752 -0.073 0.80979 0.05204 0.57983
1403638562.927829504 10.97634 8.30015 2.87433 -0.05915 0.81146 0.02798 0.58074
1403638563.027829409 10.99295 8.23658 2.87492 -0.04681 0.81185 0.00491 0.58197
1403638563.127829552 11.00374 8.1686 2.87055 -0.03953 0.81236 -0.01937 0.58149
1403638563.227829456 11.00617 8.09703 2.86133 -0.02595 0.81069 -0.03547 0.58382
1403638563.327829599 11.00472 8.02109 2.84749 -0.01591 0.80616 -0.04665 0.58965
1403638563.427829504 10.99788 7.94227 2.82839 -0.01189 0.79755 -0.05522 0.6006
1403638563.527829409 10.9871 7.85785 2.8041 -0.00825 0.79531 -0.05805 0.60337
1403638563.627829552 10.9696 7.76902 2.78303 -0.00451 0.79791 -0.0574 0.60002
1403638563.727829456 10.94573 7.67527 2.76901 -0.00687 0.80074 -0.05815 0.59614
1403638563.827829599 10.91753 7.576 2.76229 -0.01055 0.80209 -0.05833 0.59426
1403638563.927829504 10.88244 7.47337 2.76582 -0.01376 0.80146 -0.05722 0.59515
1403638564.027829409 10.84267 7.36499 2.77088 -0.01751 0.80102 -0.05505 0.59584
1403638564.127829552 10.79672 7.25019 2.77124 -0.02079 0.80089 -0.05164 0.59622
1403638564.227829456 10.74356 7.13248 2.76752 -0.02113 0.80011 -0.04619 0.5977
1403638564.327829599 10.68435 7.00954 2.76488 -0.01916 0.79895 -0.03975 0.59978
1403638564.427829504 10.62027 6.88397 2.76982 -0.0194 0.79696 -0.03593 0.60265
1403638564.527829409 10.54683 6.7546 2.78162 -0.02047 0.79689 -0.03363 0.60284
1403638564.627829552 10.46972 6.61863 2.79532 -0.02469 0.79902 -0.03445 0.59981
1403638564.727829456 10.3831 6.47506 2.80484 -0.0297 0.80031 -0.03755 0.59767
1403638564.827829599 10.29268 6.3304 2.80671 -0.0325 0.8005 -0.04062 0.59707
1403638564.927829504 10.19614 6.17828 2.79757 -0.03471 0.79964 -0.043 0.59793
1403638565.027829409 10.09333 6.02193 2.76854 -0.03596 0.79957 -0.04393 0.59788
1403638565.127829552 9.98853 5.85976 2.72323 -0.03683 0.80022 -0.04454 0.59692
1403638565.227829456 9.88094 5.69703 2.66795 -0.03637 0.8011 -0.04409 0.59579
1403638565.327829599 9.77148 5.52458 2.6091 -0.03402 0.80205 -0.04315 0.59473
1403638565.427829504 9.65933 5.35003 2.54818 -0.03162 0.80301 -0.04197 0.59365
1403638565.527829409 9.54435 5.16989 2.49109 -0.02599 0.80101 -0.04038 0.59672
1403638565.627829552 9.42543 4.98592 2.44388 -0.01744 0.7995 -0.03686 0.59928
1403638565.727829456 9.3023 4.80041 2.40351 -0.00526 0.80059 -0.03042 0.59841
1403638565.827829599 9.17204 4.61636 2.37164 0.00098 0.80357 -0.02774 0.59457
1403638565.927829504 9.03614 4.43555 2.34658 0.00697 0.80594 -0.02557 0.59141
1403638566.027829409 8.8963 4.25654 2.31868 0.00764 0.80716 -0.02639 0.58969
1403638566.127829552 8.75337 4.07912 2.28057 0.00793 0.80732 -0.02671 0.58945
1403638566.227829456 8.60887 3.90003 2.23257 0.00804 0.80703 -0.02631 0.58986
1403638566.327829599 8.46518 3.72834 2.17814 0.00737 0.80809 -0.02623 0.58843
1403638566.427829504 8.32 3.56025 2.11705 0.00702 0.80792 -0.02494 0.58873
1403638566.527829409 8.17876 3.40134 2.05139 0.00508 0.80825 -0.02431 0.58832
1403638566.627829552 8.03587 3.24676 1.97758 0.00345 0.81482 -0.02306 0.57925
1403638566.727829456 7.89886 3.09971 1.89672 0.00262 0.82715 -0.02193 0.56155
1403638566.827829599 7.76878 2.95498 1.81305 0.00326 0.83679 -0.0187 0.5472
1403638566.927829504 7.64735 2.80786 1.7266 0.00301 0.84298 -0.01602 0.5377
1403638567.027829409 7.53579 2.66821 1.64016 0.00182 0.84279 -0.01474 0.53804
1403638567.127829552 7.4328 2.52747 1.55543 0.0033 0.83028 -0.0122 0.5572
1403638567.227829456 7.33329 2.38614 1.46544 0.00469 0.81903 -0.01053 0.57363
1403638567.327829599 7.23479 2.24972 1.37045 0.00779 0.81344 -0.00915 0.58153
1403638567.427829504 7.13553 2.11871 1.27645 0.0101 0.81302 -0.00933 0.58208
1403638567.527829409 7.0409 1.99346 1.18923 0.01194 0.81575 -0.01035 0.57819
1403638567.627829552 6.94123 1.8734 1.11183 0.01428 0.81965 -0.01136 0.57257
1403638567.727829456 6.84159 1.75457 1.04372 0.01688 0.82288 -0.01179 0.56785
1403638567.827829599 6.74165 1.63283 0.97992 0.01865 0.82687 -0.01199 0.56196
1403638567.927829504 6.64793 1.51592 0.92212 0.01611 0.82838 -0.01456 0.55974
1403638568.027829409 6.56323 1.40961 0.87443 0.01708 0.82899 -0.01464 0.55882
1403638568.127829552 6.48197 1.30654 0.83508 0.01963 0.82802 -0.01312 0.5602
1403638568.227829456 6.40459 1.21084 0.80468 0.02157 0.82727 -0.01195 0.56126
1403638568.327829599 6.32838 1.11571 0.77589 0.02225 0.82738 -0.01197 0.56107
1403638568.427829504 6.25616 1.03052 0.74583 0.02227 0.82857 -0.01238 0.5593
1403638568.527829409 6.18935 0.95232 0.70933 0.0232 0.82924 -0.01201 0.55828
1403638568.627829552 6.12412 0.87719 0.67231 0.02371 0.83071 -0.01154 0.55608
1403638568.727829456 6.066 0.80744 0.6322 0.02539 0.83201 -0.00993 0.55409
1403638568.827829599 6.01011 0.74569 0.60265 0.02325 0.83183 -0.01097 0.55443
1403638568.927829504 5.96188 0.68664 0.57654 0.02423 0.83178 -0.01033 0.55448
1403638569.027829409 5.91553 0.632 0.56023 0.02406 0.83081 -0.01041 0.55593
1403638569.127829552 5.87599 0.58252 0.54917 0.02568 0.83091 -0.00921 0.55574
1403638569.227829456 5.83763 0.53714 0.5441 0.02759 0.83233 -0.00824 0.55353
1403638569.327829599 5.80694 0.49819 0.5346 0.02874 0.83307 -0.00803 0.55236
1403638569.427829504 5.77548 0.45989 0.51878 0.02973 0.83202 -0.0076 0.55389
1403638569.527829409 5.757 0.43145 0.50019 0.02975 0.83086 -0.0073 0.55564
1403638569.627829552 5.74203 0.41014 0.48336 0.02928 0.8295 -0.00797 0.55769
1403638569.727829456 5.72847 0.39278 0.47146 0.03022 0.82855 -0.00779 0.55904
1403638569.827829599 5.72015 0.38189 0.46859 0.03013 0.82796 -0.0074 0.55993
1403638569.927829504 5.71571 0.37741 0.47143 0.03122 0.82619 -0.00674 0.56249
1403638570.027829409 5.71453 0.37872 0.47524 0.02903 0.82507 -0.00796 0.56423
1403638570.127829552 5.7156 0.3852 0.47353 0.02555 0.82526 -0.01031 0.56407
1403638570.227829456 5.71777 0.39501 0.46528 0.01949 0.82486 -0.01372 0.56483
1403638570.327829599 5.72117 0.40703 0.45204 0.01072 0.82465 -0.0201 0.56518
1403638570.427829504 5.72618 0.41885 0.43398 0.00704 0.82448 -0.03029 0.56504
1403638570.527829409 5.72957 0.42443 0.40587 0.00085 0.82342 -0.05239 0.56501
1403638570.627829552 5.73457 0.42516 0.37673 -0.00331 0.82019 -0.08163 0.56623
1403638570.727829456 5.73778 0.41574 0.34031 0.00203 0.81255 -0.10923 0.57256
1403638570.827829599 5.73597 0.39547 0.30255 0.01134 0.80036 -0.13641 0.58369
1403638570.927829504 5.72836 0.3653 0.26297 0.02532 0.7908 -0.1593 0.59044
1403638571.027829409 5.71374 0.32408 0.22162 0.04025 0.78434 -0.18031 0.59219
1403638571.127829552 5.69127 0.2739 0.17687 0.06033 0.78569 -0.19605 0.58362
1403638571.227829456 5.65981 0.21497 0.13868 0.08171 0.78823 -0.2045 0.57462
1403638571.327829599 5.62209 0.15147 0.11104 0.09991 0.78877 -0.20899 0.56937
1403638571.427829504 5.5786 0.08252 0.09293 0.10735 0.78678 -0.21471 0.56864
1403638571.527829409 5.53052 0.00913 0.08307 0.11302 0.78382 -0.21793 0.5704
1403638571.627829552 5.47809 -0.06718 0.07283 0.11944 0.78269 -0.22474 0.568
1403638571.727829456 5.42138 -0.14718 0.05684 0.12628 0.78279 -0.23647 0.56158
1403638571.827829599 5.36141 -0.22941 0.0359 0.13454 0.78159 -0.25203 0.55453
1403638571.927829504 5.29948 -0.31533 0.01406 0.14197 0.77701 -0.27156 0.54987
1403638572.027829409 5.23422 -0.40529 -0.0017 0.15097 0.77071 -0.29135 0.54619
1403638572.127829552 5.16512 -0.49964 -0.00777 0.16203 0.76351 -0.30961 0.54308
1403638572.227829456 5.09179 -0.59803 -0.00558 0.17867 0.75817 -0.32457 0.53657
1403638572.327829599 5.01587 -0.70072 -0.00381 0.19202 0.7541 -0.3425 0.52646
1403638572.427829504 4.94091 -0.80638 -0.0058 0.20577 0.74948 -0.3595 0.51643
1403638572.527829409 4.86634 -0.91735 -0.01124 0.21844 0.74616 -0.37028 0.50836
1403638572.627829552 4.79411 -1.03289 -0.01726 0.22692 0.74306 -0.37704 0.5042
1403638572.727829456 4.72449 -1.15004 -0.01796 0.23407 0.74279 -0.37974 0.49927
1403638572.827829599 4.65708 -1.27158 -0.00983 0.23988 0.74492 -0.37894 0.49391
1403638572.927829504 4.59524 -1.39562 0.00581 0.24129 0.74679 -0.37843 0.49079
1403638573.027829409 4.53778 -1.52123 0.02185 0.24172 0.74922 -0.37734 0.48771
1403638573.127829552 4.4836 -1.6502 0.03222 0.24043 0.75137 -0.37575 0.48626
1403638573.227829456 4.43536 -1.77532 0.03885 0.23894 0.7522 -0.37408 0.48699
1403638573.327829599 4.39209 -1.90561 0.04595 0.23747 0.75317 -0.37206 0.48777
1403638573.427829504 4.35115 -2.03857 0.05469 0.23854 0.75419 -0.37242 0.48539
1403638573.527829409 4.32099 -2.17427 0.0706 0.24167 0.75402 -0.37251 0.48403
1403638573.627829552 4.29331 -2.31449 0.09522 0.243 0.75368 -0.37292 0.48358
1403638573.727829456 4.27112 -2.45784 0.12494 0.24744 0.75306 -0.37484 0.4808
1403638573.827829599 4.25774 -2.60541 0.1582 0.2584 0.74609 -0.37904 0.48261
1403638573.927829504 4.2518 -2.74965 0.18762 0.2728 0.73377 -0.388 0.48643
1403638574.027829409 4.25062 -2.89532 0.20903 0.2806 0.71581 -0.40649 0.49361
1403638574.127829552 4.25028 -3.03586 0.22305 0.28632 0.6946 -0.42974 0.50087
1403638574.227829456 4.24687 -3.17451 0.23219 0.29377 0.67379 -0.45369 0.50385
1403638574.327829599 4.23785 -3.30674 0.23728 0.30475 0.65835 -0.47516 0.49793
1403638574.427829504 4.22224 -3.43321 0.2387 0.31895 0.64667 -0.49369 0.48617
1403638574.527829409 4.19929 -3.56367 0.23832 0.33074 0.63565 -0.5109 0.47491
1403638574.627829552 4.17208 -3.6893 0.24463 0.34148 0.62622 -0.52164 0.46811
1403638574.727829456 4.14091 -3.80951 0.25831 0.35386 0.62328 -0.52587 0.458
1403638574.827829599 4.10816 -3.92476 0.27625 0.36055 0.62541 -0.52868 0.4465
1403638574.927829504 4.07493 -4.03872 0.29315 0.35922 0.6277 -0.53337 0.43872
1403638575.027829409 4.04292 -4.15815 0.30598 0.35519 0.6286 -0.53713 0.43611
1403638575.127829552 4.01011 -4.27457 0.31092 0.34776 0.62613 -0.54183 0.43982
1403638575.227829456 3.97653 -4.39126 0.31286 0.34337 0.62402 -0.54366 0.444
1403638575.327829599 3.93856 -4.50746 0.30742 0.33987 0.62454 -0.54416 0.44534
1403638575.427829504 3.89823 -4.62418 0.29935 0.33649 0.62958 -0.54377 0.44126
1403638575.527829409 3.85499 -4.74094 0.28571 0.33518 0.63408 -0.54168 0.43838
1403638575.627829552 3.80997 -4.86935 0.2765 0.33752 0.6407 -0.53712 0.43254
1403638575.727829456 3.76472 -4.99622 0.27675 0.34011 0.64678 -0.53263 0.42697
1403638575.827829599 3.72024 -5.12458 0.28581 0.34096 0.65261 -0.53001 0.42063
1403638575.927829504 3.6793 -5.26308 0.30493 0.33997 0.65443 -0.52895 0.41996
1403638576.027829409 3.64272 -5.40684 0.33432 0.34009 0.65483 -0.52772 0.42077
1403638576.127829552 3.60849 -5.55567 0.36868 0.34076 0.65459 -0.52704 0.42145
1403638576.227829456 3.57847 -5.71047 0.40443 0.3431 0.65372 -0.52541 0.42294
1403638576.327829599 3.55115 -5.86917 0.43547 0.34787 0.65471 -0.52231 0.42133
1403638576.427829504 3.52906 -6.03116 0.45983 0.3513 0.65674 -0.52028 0.41785
1403638576.527829409 3.51195 -6.19386 0.47906 0.35679 0.6604 -0.51664 0.41189
1403638576.627829552 3.50247 -6.35913 0.49389 0.36047 0.66307 -0.51442 0.40716
1403638576.727829456 3.50242 -6.52715 0.50473 0.36372 0.6622 -0.51214 0.40854
1403638576.827829599 3.51085 -6.68865 0.51022 0.36863 0.65797 -0.5089 0.41498
1403638576.927829504 3.52636 -6.85532 0.51091 0.36873 0.65225 -0.50928 0.42336
1403638577.027829409 3.5483 -7.02198 0.507 0.36467 0.64739 -0.51238 0.43054
1403638577.127829552 3.57474 -7.18233 0.50794 0.36154 0.64359 -0.51513 0.43558
1403638577.227829456 3.60413 -7.3375 0.51631 0.35944 0.64185 -0.51699 0.43767
1403638577.327829599 3.63486 -7.49071 0.53163 0.36339 0.64415 -0.51414 0.43437
1403638577.427829504 3.66886 -7.64394 0.55484 0.3696 0.64873 -0.50921 0.42808
1403638577.527829409 3.70871 -7.79052 0.58049 0.37012 0.64928 -0.5087 0.4274
1403638577.627829552 3.75416 -7.93861 0.60053 0.3673 0.64836 -0.51069 0.42886
1403638577.727829456 3.80526 -8.0877 0.61431 0.36492 0.64808 -0.51227 0.42943
1403638577.827829599 3.86017 -8.23405 0.61979 0.36254 0.64773 -0.5136 0.43037
1403638577.927829504 3.91757 -8.38102 0.62161 0.36246 0.64797 -0.5129 0.43092
1403638578.027829409 3.97792 -8.51682 0.62378 0.36349 0.64805 -0.51159 0.4315
1403638578.127829552 4.04248 -8.66125 0.63564 0.36086 0.64655 -0.51238 0.435
1403638578.227829456 4.11203 -8.80188 0.65152 0.35298 0.64133 -0.51763 0.44291
1403638578.327829599 4.1785 -8.93797 0.67096 0.34708 0.63782 -0.52169 0.44784
1403638578.427829504 4.24346 -9.07523 0.68638 0.34709 0.63707 -0.52222 0.44828
1403638578.527829409 4.30541 -9.20891 0.69498 0.34724 0.63639 -0.52281 0.44845
1403638578.627829552 4.36764 -9.34585 0.70199 0.34842 0.63555 -0.52268 0.44888
1403638578.727829456 4.42436 -9.47869 0.70316 0.3524 0.63705 -0.5203 0.4464
1403638578.827829599 4.48181 -9.61393 0.70192 0.35754 0.64075 -0.51668 0.44118
1403638578.927829504 4.54004 -9.74069 0.69685 0.36176 0.64189 -0.51398 0.43924
1403638579.027829409 4.59961 -9.86873 0.69676 0.36357 0.643 -0.51185 0.4386
1403638579.127829552 4.66641 -9.99641 0.70582 0.3641 0.64323 -0.51096 0.43887
1403638579.227829456 4.73585 -10.12523 0.72302 0.36395 0.64317 -0.51072 0.43936
1403638579.327829599 4.80825 -10.24431 0.74177 0.36097 0.64156 -0.51239 0.44222
1403638579.427829504 4.88107 -10.36801 0.7622 0.35334 0.63697 -0.51763 0.44886
1403638579.527829409 4.94996 -10.4819 0.77448 0.34846 0.63374 -0.51995 0.45453
1403638579.627829552 5.01997 -10.599 0.78247 0.35035 0.63135 -0.51182 0.4655
1403638579.727829456 5.08498 -10.70761 0.78478 0.35159 0.63697 -0.49555 0.47443
1403638579.827829599 5.14727 -10.809 0.7812 0.34508 0.6522 -0.47535 0.47917
1403638579.927829504 5.2077 -10.90027 0.77083 0.33066 0.67286 -0.452 0.48334
1403638580.027829409 5.26394 -10.98289 0.75632 0.31415 0.69021 -0.42197 0.49685
1403638580.127829552 5.32593 -11.06279 0.74293 0.29719 0.70302 -0.38543 0.51854
1403638580.227829456 5.38491 -11.13398 0.72349 0.27347 0.71855 -0.34862 0.53607
1403638580.327829599 5.44362 -11.19542 0.70008 0.2445 0.7358 -0.31707 0.54616
1403638580.427829504 5.49615 -11.251 0.67065 0.21424 0.74936 -0.29649 0.55195
1403638580.527829409 5.54357 -11.30465 0.638 0.19296 0.75789 -0.282 0.55574
1403638580.627829552 5.58542 -11.35426 0.60482 0.17683 0.76603 -0.26816 0.55679
1403638580.727829456 5.62297 -11.40121 0.57556 0.1633 0.77676 -0.25246 0.55339
1403638580.827829599 5.65839 -11.44864 0.5551 0.15637 0.78472 -0.23967 0.54984
1403638580.927829504 5.69121 -11.49438 0.54419 0.15248 0.78892 -0.23165 0.54835
1403638581.027829409 5.72654 -11.5437 0.54419 0.14829 0.79013 -0.22981 0.54853
1403638581.127829552 5.76107 -11.59156 0.5535 0.14948 0.79065 -0.22822 0.54813
1403638581.227829456 5.79505 -11.63687 0.56817 0.15248 0.79083 -0.22795 0.54715
1403638581.327829599 5.82444 -11.67971 0.5793 0.15645 0.79042 -0.22863 0.54634
1403638581.427829504 5.85787 -11.71626 0.59696 0.16045 0.78856 -0.23007 0.54726
1403638581.527829409 5.88331 -11.75336 0.61536 0.16292 0.78725 -0.23219 0.54752
1403638581.627829552 5.91667 -11.7839 0.64173 0.16744 0.78482 -0.2336 0.54905
1403638581.727829456 5.95103 -11.81232 0.66334 0.17257 0.78011 -0.23375 0.55409
1403638581.827829599 5.98157 -11.83996 0.67526 0.17433 0.7784 -0.2352 0.55532
1403638581.927829504 6.01327 -11.86536 0.68535 0.17769 0.77165 -0.23497 0.56372
1403638582.027829409 6.04282 -11.88893 0.68956 0.18003 0.76814 -0.23436 0.56801
1403638582.127829552 6.07044 -11.91003 0.69632 0.178 0.77445 -0.23663 0.55907
1403638582.227829456 6.0966 -11.92832 0.71349 0.17514 0.7805 -0.23901 0.55047
1403638582.327829599 6.12076 -11.94168 0.74349 0.17725 0.77903 -0.23727 0.55263
1403638582.427829504 6.14324 -11.9528 0.78088 0.17879 0.77659 -0.23569 0.55623
1403638582.527829409 6.16568 -11.96193 0.82801 0.17961 0.77557 -0.23454 0.55787
1403638582.627829552 6.18919 -11.96511 0.88774 0.18026 0.77548 -0.23405 0.55799
1403638582.727829456 6.21333 -11.96973 0.9513 0.17914 0.77821 -0.23467 0.55428
1403638582.827829599 6.23516 -11.96508 1.02469 0.17865 0.77955 -0.23565 0.55214
1403638582.927829504 6.25739 -11.95681 1.09445 0.17836 0.78085 -0.2368 0.5499
1403638583.027829409 6.27865 -11.94573 1.15635 0.17744 0.78359 -0.2384 0.54559
1403638583.127829552 6.30513 -11.9332 1.20613 0.17696 0.78568 -0.23947 0.54225
1403638583.227829456 6.32984 -11.91742 1.24964 0.17608 0.78668 -0.24078 0.54051
1403638583.327829599 6.35254 -11.89857 1.28974 0.17652 0.78658 -0.24067 0.54056
1403638583.427829504 6.37586 -11.8785 1.32333 0.17616 0.78693 -0.2409 0.54008
1403638583.527829409 6.40011 -11.85676 1.35867 0.17581 0.78754 -0.24094 0.53927
1403638583.627829552 6.42446 -11.83501 1.40396 0.17647 0.78753 -0.24022 0.5394
1403638583.727829456 6.4502 -11.80824 1.45279 0.17766 0.78745 -0.23941 0.53948
1403638583.827829599 6.4761 -11.77232 1.48378 0.17821 0.78718 -0.23905 0.53985
1403638583.927829504 6.49849 -11.73578 1.51041 0.17784 0.78623 -0.23932 0.54125
1403638584.027829409 6.52782 -11.70255 1.5407 0.17887 0.78555 -0.23852 0.54225
1403638584.127829552 6.55698 -11.66759 1.56817 0.18323 0.77866 -0.23518 0.5521
1403638584.227829456 6.57112 -11.62625 1.57496 0.18718 0.76897 -0.23172 0.56565
1403638584.327829599 6.58644 -11.58268 1.57664 0.18828 0.76316 -0.23055 0.57358
1403638584.427829504 6.59749 -11.53424 1.57251 0.18785 0.76223 -0.23061 0.57492
1403638584.527829409 6.60524 -11.477 1.56451 0.18717 0.76169 -0.23101 0.5757
1403638584.627829552 6.60696 -11.41908 1.57035 0.18659 0.76303 -0.23058 0.57429
1403638584.727829456 6.60791 -11.35413 1.57891 0.18432 0.76669 -0.23174 0.56966
1403638584.827829599 6.60096 -11.28437 1.58299 0.17947 0.77481 -0.23469 0.55891
1403638584.927829504 6.59718 -11.20987 1.60192 0.17429 0.78084 -0.23877 0.55037
1403638585.027829409 6.58994 -11.13527 1.60245 0.1725 0.78352 -0.23997 0.54659
1403638585.127829552 6.58481 -11.0656 1.60425 0.17097 0.78377 -0.24098 0.54626
1403638585.227829456 6.58418 -10.98994 1.60687 0.17094 0.78268 -0.24122 0.54773
1403638585.327829599 6.58217 -10.91603 1.59966 0.17211 0.7803 -0.24021 0.55118
1403638585.427829504 6.58078 -10.84016 1.59238 0.17193 0.77974 -0.24008 0.5521
1403638585.527829409 6.58328 -10.75951 1.58578 0.17239 0.78072 -0.24001 0.55059
1403638585.627829552 6.58294 -10.68245 1.59026 0.17151 0.78276 -0.24013 0.54792
1403638585.727829456 6.58333 -10.59891 1.59722 0.17035 0.78656 -0.2411 0.54238
1403638585.827829599 6.58554 -10.51921 1.61751 0.16753 0.79119 -0.24321 0.53553
1403638585.927829504 6.58845 -10.43377 1.64349 0.16458 0.79331 -0.24597 0.53204
1403638586.027829409 6.59378 -10.34844 1.67781 0.16493 0.79039 -0.24659 0.53598
1403638586.127829552 6.60557 -10.26966 1.70829 0.16739 0.7866 -0.24639 0.54087
1403638586.227829456 6.61069 -10.17991 1.73058 0.16953 0.78395 -0.24565 0.54438
1403638586.327829599 6.62226 -10.10278 1.74966 0.173 0.78074 -0.24391 0.54866
1403638586.427829504 6.63216 -10.02228 1.76054 0.18095 0.77798 -0.23921 0.55207
1403638586.527829409 6.64345 -9.94392 1.7698 0.18766 0.77701 -0.23508 0.55297
1403638586.627829552 6.65159 -9.86084 1.76798 0.18519 0.77747 -0.23694 0.55237
1403638586.727829456 6.66177 -9.77858 1.76514 0.18173 0.77746 -0.23952 0.55241
1403638586.827829599 6.67188 -9.6937 1.7556 0.17868 0.77662 -0.24152 0.55372
1403638586.927829504 6.6808 -9.60594 1.73527 0.17871 0.77591 -0.24109 0.55489
1403638587.027829409 6.68871 -9.51841 1.71569 0.17796 0.77575 -0.24138 0.55523
1403638587.127829552 6.6941 -9.4254 1.69352 0.17728 0.77579 -0.24208 0.55509
1403638587.227829456 6.69861 -9.33649 1.68335 0.177 0.7781 -0.24149 0.55219
1403638587.327829599 6.70258 -9.24418 1.67642 0.1767 0.77956 -0.24213 0.54994
1403638587.427829504 6.70544 -9.15172 1.67864 0.17525 0.78021 -0.2431 0.54905
1403638587.527829409 6.71134 -9.05847 1.67688 0.1741 0.77992 -0.24411 0.54938
1403638587.627829552 6.71503 -8.96408 1.67464 0.17317 0.7799 -0.24538 0.54914
1403638587.727829456 6.72097 -8.86982 1.66438 0.17358 0.77972 -0.24541 0.54925
1403638587.827829599 6.72456 -8.77695 1.65207 0.17284 0.77929 -0.24661 0.54957
1403638587.927829504 6.73425 -8.6892 1.63194 0.17254 0.77898 -0.24704 0.5499
1403638588.027829409 6.73675 -8.59837 1.61098 0.17235 0.77835 -0.24712 0.55082
1403638588.127829552 6.74187 -8.50655 1.58509 0.17561 0.77874 -0.24494 0.55021
1403638588.227829456 6.7454 -8.42017 1.55619 0.18198 0.77975 -0.2403 0.54875
1403638588.327829599 6.74941 -8.31931 1.5321 0.18274 0.78038 -0.23954 0.54793
1403638588.427829504 6.75327 -8.22534 1.51676 0.18259 0.7803 -0.23942 0.54815
1403638588.527829409 6.75988 -8.13008 1.50833 0.18035 0.78006 -0.24092 0.54858
1403638588.627829552 6.76269 -8.03176 1.51027 0.17806 0.77941 -0.24211 0.54972
1403638588.727829456 6.76446 -7.92769 1.51879 0.17535 0.7777 -0.24405 0.55216
1403638588.827829599 6.76692 -7.82875 1.52832 0.17457 0.77705 -0.2448 0.55298
1403638588.927829504 6.76895 -7.72818 1.5307 0.17325 0.77676 -0.24622 0.55317
1403638589.027829409 6.76743 -7.62703 1.52591 0.17315 0.77675 -0.24689 0.55292
1403638589.127829552 6.76795 -7.53336 1.5158 0.17455 0.77693 -0.2464 0.55245
1403638589.227829456 6.76553 -7.4318 1.50044 0.17469 0.7766 -0.24634 0.55289
1403638589.327829599 6.76401 -7.33022 1.48265 0.17484 0.77588 -0.24658 0.55376
1403638589.427829504 6.75851 -7.22855 1.46662 0.17419 0.7759 -0.24685 0.55381
1403638589.527829409 6.75469 -7.12263 1.45521 0.17398 0.7762 -0.24696 0.5534
1403638589.627829552 6.74656 -7.02098 1.45336 0.17436 0.77601 -0.24671 0.55366
1403638589.727829456 6.73985 -6.92013 1.45802 0.17358 0.77772 -0.24744 0.55117
1403638589.827829599 6.72955 -6.82128 1.46664 0.17317 0.77852 -0.2484 0.54974
1403638589.927829504 6.72354 -6.72652 1.47181 0.17432 0.779 -0.24843 0.54868
1403638590.027829409 6.71398 -6.62532 1.47101 0.17334 0.77854 -0.24994 0.54896
1403638590.127829552 6.70795 -6.52675 1.46523 0.17398 0.77802 -0.25024 0.54936
1403638590.227829456 6.69831 -6.42572 1.45338 0.1745 0.77718 -0.25047 0.55028
1403638590.327829599 6.69544 -6.34339 1.43874 0.17448 0.77689 -0.2507 0.55059
1403638590.427829504 6.6845 -6.24609 1.41981 0.17493 0.77791 -0.25097 0.54889
1403638590.527829409 6.67128 -6.13691 1.40023 0.17394 0.77789 -0.25194 0.54878
1403638590.627829552 6.65735 -6.04243 1.38606 0.17295 0.77994 -0.25239 0.54597
1403638590.727829456 6.6461 -5.94092 1.38076 0.17085 0.78093 -0.25388 0.54452
1403638590.827829599 6.63254 -5.84727 1.38346 0.17093 0.78198 -0.25362 0.5431
1403638590.927829504 6.62181 -5.74981 1.39206 0.17009 0.7825 -0.25435 0.54229
1403638591.027829409 6.60762 -5.65118 1.40817 0.16898 0.78324 -0.25563 0.54096
1403638591.127829552 6.59591 -5.56011 1.42101 0.16828 0.78592 -0.25627 0.53697
1403638591.227829456 6.58759 -5.47381 1.42844 0.16656 0.79093 -0.258 0.52926
1403638591.327829599 6.58245 -5.38762 1.43012 0.16315 0.79668 -0.26053 0.52039
1403638591.427829504 6.58288 -5.30603 1.42846 0.16061 0.79991 -0.26273 0.51509
1403638591.527829409 6.58849 -5.22404 1.42014 0.15766 0.80248 -0.26517 0.51074
1403638591.627829552 6.60131 -5.15582 1.40653 0.15556 0.80455 -0.26669 0.50732
1403638591.727829456 6.62179 -5.10241 1.39156 0.15534 0.80345 -0.26739 0.50877
1403638591.827829599 6.64894 -5.05885 1.377 0.15683 0.80106 -0.26622 0.51268
1403638591.927829504 6.68248 -5.0305 1.36629 0.15804 0.79844 -0.26482 0.51709
1403638592.027829409 6.72121 -5.00255 1.36599 0.1586 0.79581 -0.26419 0.52128
1403638592.127829552 6.76412 -4.98938 1.37157 0.15857 0.79425 -0.26267 0.52443
1403638592.227829456 6.81097 -4.96999 1.38881 0.15469 0.78959 -0.25925 0.53423
1403638592.327829599 6.85911 -4.96107 1.41533 0.14771 0.78488 -0.25235 0.54632
1403638592.427829504 6.90737 -4.94768 1.45094 0.13677 0.7845 -0.24063 0.55493
1403638592.527829409 6.95161 -4.93674 1.49287 0.12636 0.78976 -0.22608 0.55606
1403638592.627829552 6.99269 -4.93088 1.54055 0.11959 0.79722 -0.21288 0.55211
1403638592.727829456 7.03328 -4.92879 1.59177 0.11389 0.80445 -0.20347 0.54635
1403638592.827829599 7.07452 -4.9305 1.63817 0.10869 0.81082 -0.19794 0.53998
1403638592.927829504 7.11718 -4.93465 1.67993 0.10688 0.81423 -0.19372 0.53672
1403638593.027829409 7.16169 -4.94466 1.7163 0.10594 0.8156 -0.19124 0.53573
1403638593.127829552 7.20994 -4.96156 1.7486 0.1055 0.81564 -0.19014 0.53614
1403638593.227829456 7.26259 -4.98305 1.78531 0.10848 0.81222 -0.18811 0.54143
1403638593.327829599 7.31943 -5.00572 1.8286 0.1167 0.80958 -0.18346 0.54526
1403638593.427829504 7.37562 -5.0314 1.87325 0.12675 0.80497 -0.17794 0.55163
1403638593.527829409 7.43226 -5.05537 1.91214 0.13206 0.80116 -0.17605 0.55652
1403638593.627829552 7.4899 -5.07738 1.94494 0.13504 0.79911 -0.17575 0.55883
1403638593.727829456 7.54756 -5.09632 1.97155 0.13689 0.79707 -0.17541 0.5614
1403638593.827829599 7.60511 -5.10913 1.99576 0.13591 0.79073 -0.17642 0.57022
1403638593.927829504 7.65867 -5.11894 2.02333 0.13023 0.78139 -0.17416 0.58493
1403638594.027829409 7.70679 -5.12366 2.05318 0.12238 0.78377 -0.17132 0.58428
1403638594.127829552 7.74607 -5.12539 2.08757 0.11679 0.78959 -0.16824 0.57845
1403638594.227829456 7.78311 -5.12408 2.12469 0.11671 0.79439 -0.16324 0.5733
1403638594.327829599 7.81415 -5.11981 2.15736 0.11706 0.79458 -0.15894 0.57418
1403638594.427829504 7.84124 -5.11223 2.19195 0.12155 0.79306 -0.15258 0.57706
1403638594.527829409 7.86536 -5.10044 2.2313 0.1201 0.7927 -0.15131 0.57819
1403638594.627829552 7.8838 -5.08311 2.27776 0.11441 0.79311 -0.15379 0.57813
1403638594.727829456 7.90027 -5.06461 2.32526 0.11071 0.79361 -0.15675 0.57737
1403638594.827829599 7.91301 -5.0437 2.36678 0.10932 0.79389 -0.15857 0.57676
1403638594.927829504 7.92354 -5.02258 2.40242 0.10921 0.79474 -0.1596 0.57532
1403638595.027829409 7.93214 -5.00017 2.43131 0.1085 0.79625 -0.1613 0.57288
1403638595.127829552 7.93729 -4.97566 2.4534 0.10835 0.79715 -0.16262 0.57129
1403638595.227829456 7.944 -4.95272 2.46956 0.10917 0.79764 -0.16299 0.57034
1403638595.327829599 7.94923 -4.92895 2.47956 0.10962 0.79779 -0.16323 0.56997
1403638595.427829504 7.95082 -4.90484 2.48322 0.10928 0.79765 -0.16409 0.56999
1403638595.527829409 7.95068 -4.88094 2.48207 0.1093 0.79826 -0.16412 0.56912
1403638595.627829552 7.94958 -4.85634 2.48184 0.10992 0.79892 -0.16343 0.56828
1403638595.727829456 7.9438 -4.83056 2.48677 0.11416 0.79946 -0.1606 0.56748
1403638595.827829599 7.93779 -4.80511 2.49539 0.11687 0.80033 -0.15893 0.56617
1403638595.927829504 7.93339 -4.77804 2.49429 0.11809 0.80012 -0.15841 0.56636
1403638596.027829409 7.92906 -4.74983 2.47927 0.1221 0.79997 -0.15571 0.56648
1403638596.127829552 7.92447 -4.71859 2.45821 0.13232 0.80122 -0.14881 0.56427
1403638596.227829456 7.92096 -4.681 2.44124 0.14411 0.80335 -0.14009 0.56056
1403638596.327829599 7.92101 -4.63221 2.43431 0.15509 0.80467 -0.13216 0.55767
1403638596.427829504 7.92186 -4.57617 2.43495 0.16183 0.80468 -0.12653 0.55704
1403638596.527829409 7.92924 -4.50682 2.44501 0.16855 0.8046 -0.12109 0.55637
1403638596.627829552 7.93889 -4.42576 2.46276 0.17579 0.80513 -0.11516 0.55462
1403638596.727829456 7.95246 -4.32844 2.48683 0.18206 0.80574 -0.11027 0.5527
1403638596.827829599 7.9752 -4.21306 2.51886 0.18629 0.80542 -0.10697 0.55241
1403638596.927829504 7.99676 -4.08327 2.55407 0.18868 0.80429 -0.10497 0.55362
1403638597.027829409 8.02615 -3.93456 2.58854 0.19047 0.80322 -0.10504 0.55455
1403638597.127829552 8.05825 -3.7757 2.61643 0.19317 0.80156 -0.10408 0.5562
1403638597.227829456 8.09445 -3.59655 2.63792 0.19368 0.79936 -0.10545 0.55892
1403638597.327829599 8.13322 -3.40507 2.65388 0.19002 0.79733 -0.10913 0.56236
1403638597.427829504 8.17633 -3.19919 2.66509 0.18392 0.79537 -0.11476 0.56602
1403638597.527829409 8.21991 -2.98058 2.67471 0.17197 0.79094 -0.12384 0.57402
1403638597.627829552 8.26042 -2.74811 2.67755 0.16277 0.78756 -0.1312 0.5797
1403638597.727829456 8.29739 -2.5047 2.67464 0.16233 0.78668 -0.13184 0.58087
1403638597.827829599 8.33278 -2.25438 2.66569 0.16751 0.78929 -0.12203 0.57799
1403638597.927829504 8.3668 -1.9967 2.65235 0.17154 0.79202 -0.1106 0.57536
1403638598.027829409 8.40167 -1.72796 2.64139 0.16926 0.79309 -0.10406 0.57579
1403638598.127829552 8.43627 -1.44571 2.63853 0.15384 0.79363 -0.10798 0.57864
1403638598.227829456 8.46535 -1.15457 2.64172 0.13303 0.79461 -0.11755 0.58058
1403638598.327829599 8.49189 -0.85957 2.6469 0.11865 0.79713 -0.12478 0.57873
1403638598.427829504 8.51658 -0.56228 2.64705 0.11158 0.79914 -0.12824 0.57661
1403638598.527829409 8.53895 -0.26569 2.64034 0.1078 0.80087 -0.12809 0.57496
1403638598.627829552 8.55632 0.02521 2.62412 0.10296 0.80422 -0.12286 0.5723
1403638598.727829456 8.57197 0.31103 2.6055 0.09658 0.80615 -0.11242 0.57285
1403638598.827829599 8.58551 0.59513 2.59044 0.08752 0.80736 -0.09963 0.57496
1403638598.927829504 8.5965 0.87775 2.58026 0.07811 0.80989 -0.08405 0.57525
1403638599.027829409 8.60593 1.15902 2.57395 0.06542 0.81165 -0.06835 0.57643
1403638599.127829552 8.61377 1.44152 2.57626 0.05468 0.81284 -0.05018 0.57774
1403638599.227829456 8.61804 1.72208 2.58312 0.04327 0.81441 -0.03159 0.57782
1403638599.327829599 8.6198 2.00262 2.59654 0.03015 0.81647 -0.01333 0.57645
1403638599.427829504 8.61789 2.27944 2.617 0.02078 0.81933 0.00325 0.57294
1403638599.527829409 8.61486 2.55747 2.63894 0.01386 0.82149 0.01437 0.56988
1403638599.627829552 8.61075 2.83504 2.65405 0.00802 0.8231 0.01966 0.5675
1403638599.727829456 8.60584 3.10776 2.65947 0.00586 0.82423 0.02283 0.56576
1403638599.827829599 8.60732 3.37761 2.65727 0.00486 0.82485 0.022 0.56491
1403638599.927829504 8.61015 3.64297 2.64975 0.00208 0.82599 0.01818 0.56339
1403638600.027829409 8.61513 3.90763 2.63639 -0.00291 0.82528 0.01164 0.5646
1403638600.127829552 8.62552 4.16503 2.62003 -0.01124 0.82734 0.00225 0.56158
1403638600.227829456 8.63943 4.41546 2.60108 -0.02322 0.83015 -0.00944 0.55698
1403638600.327829599 8.65853 4.6548 2.57998 -0.03214 0.83193 -0.01907 0.55362
1403638600.427829504 8.68236 4.88441 2.56161 -0.03999 0.83321 -0.02751 0.55082
1403638600.527829409 8.71053 5.09944 2.55095 -0.0412 0.83399 -0.03034 0.5494
1403638600.627829552 8.74278 5.30465 2.54795 -0.04069 0.83538 -0.03181 0.54725
1403638600.727829456 8.77986 5.49689 2.55248 -0.04113 0.83756 -0.03314 0.54379
1403638600.827829599 8.82371 5.67181 2.56349 -0.03758 0.84155 -0.03007 0.53802
1403638600.927829504 8.87398 5.83036 2.57816 -0.02206 0.84485 -0.01758 0.53426
1403638601.027829409 8.9342 5.98323 2.58699 -0.00857 0.84579 -0.00648 0.53341
1403638601.127829552 9.00355 6.13054 2.5906 -0.00196 0.84468 -0.00073 0.53527
1403638601.227829456 9.077 6.26821 2.59047 0.00661 0.84176 0.00669 0.53977
1403638601.327829599 9.15709 6.41195 2.58771 0.01282 0.83442 0.01335 0.55081
1403638601.427829504 9.24103 6.5562 2.58577 0.00226 0.83003 0.01599 0.55749
1403638601.527829409 9.32736 6.69847 2.59132 -0.00966 0.82575 0.02576 0.56337
1403638601.627829552 9.41602 6.83856 2.60167 -0.02087 0.82228 0.04284 0.56709
1403638601.727829456 9.50326 6.98214 2.61857 -0.0331 0.81956 0.06604 0.56821
1403638601.827829599 9.58905 7.12701 2.64388 -0.04671 0.81506 0.09388 0.5698
1403638601.927829504 9.67031 7.27558 2.67498 -0.06089 0.81035 0.1217 0.56992
1403638602.027829409 9.74921 7.42788 2.70258 -0.07393 0.80784 0.14199 0.56724
1403638602.127829552 9.82469 7.57836 2.72321 -0.08218 0.80464 0.15747 0.56657
1403638602.227829456 9.89592 7.73052 2.73825 -0.08782 0.7982 0.17438 0.56987
1403638602.327829599 9.95944 7.88393 2.74954 -0.10132 0.78943 0.19058 0.57465
1403638602.427829504 10.01544 8.04177 2.76728 -0.13357 0.77351 0.19835 0.58695
1403638602.527829409 10.06133 8.19336 2.79642 -0.16932 0.74976 0.2036 0.60642
1403638602.627829552 10.09518 8.33745 2.832 -0.19852 0.73264 0.21168 0.61565
1403638602.727829456 10.11074 8.46345 2.87036 -0.21353 0.72621 0.22866 0.61217
1403638602.827829599 10.10811 8.56615 2.91476 -0.22179 0.7222 0.25 0.60558
1403638602.927829504 10.09353 8.65643 2.96163 -0.23582 0.7204 0.26821 0.59454
1403638603.027829409 10.06782 8.7369 3.00773 -0.25759 0.71889 0.28181 0.58089
1403638603.127829552 10.03481 8.80384 3.04942 -0.2744 0.71095 0.29572 0.57602
1403638603.227829456 9.99327 8.85378 3.07973 -0.2789 0.71011 0.31166 0.56641
1403638603.327829599 9.94584 8.8889 3.09943 -0.27283 0.72184 0.32845 0.54464
1403638603.427829504 9.8943 8.91238 3.11167 -0.26717 0.73259 0.33958 0.52594
1403638603.527829409 9.84291 8.93069 3.12031 -0.26534 0.7361 0.34479 0.51853
1403638603.627829552 9.79329 8.94792 3.12685 -0.2697 0.73013 0.34689 0.5233
1403638603.727829456 9.74363 8.96152 3.12818 -0.2666 0.72191 0.35145 0.53316
1403638603.827829599 9.69109 8.969 3.12235 -0.26029 0.71407 0.35665 0.54328
1403638603.927829504 9.63228 8.97376 3.10938 -0.25328 0.70695 0.36111 0.55287
1403638604.027829409 9.5674 8.97538 3.08944 -0.24776 0.70194 0.36366 0.56004
1403638604.127829552 9.49189 8.97372 3.07035 -0.24414 0.69896 0.36548 0.56416
1403638604.227829456 9.40651 8.96838 3.05611 -0.24728 0.70035 0.36397 0.56204
1403638604.327829599 9.3093 8.9577 3.0507 -0.25401 0.70683 0.36023 0.55326
1403638604.427829504 9.20327 8.94286 3.05109 -0.25619 0.71503 0.35892 0.54248
1403638604.527829409 9.09189 8.92299 3.05838 -0.25328 0.72222 0.36099 0.53286
1403638604.627829552 8.97763 8.90303 3.06417 -0.25228 0.72532 0.36174 0.5286
1403638604.727829456 8.86102 8.88151 3.06428 -0.2564 0.72796 0.35888 0.52491
1403638604.827829599 8.74255 8.85763 3.06278 -0.25964 0.73032 0.35635 0.52176
1403638604.927829504 8.62427 8.83064 3.06366 -0.25809 0.73447 0.35726 0.51605
1403638605.027829409 8.50715 8.80125 3.06998 -0.25528 0.74163 0.35934 0.50565
1403638605.127829552 8.39238 8.77108 3.08512 -0.25258 0.74701 0.3614 0.49756
1403638605.227829456 8.2886 8.74769 3.10717 -0.24959 0.74893 0.36366 0.49453
1403638605.327829599 8.19119 8.72959 3.12684 -0.24483 0.74794 0.36718 0.4958
1403638605.427829504 8.0952 8.71577 3.1415 -0.23808 0.74031 0.37231 0.5066
1403638605.527829409 8.00057 8.70649 3.15077 -0.232 0.7301 0.37706 0.52054
1403638605.627829552 7.90408 8.70132 3.15411 -0.22581 0.72263 0.38175 0.53017
1403638605.727829456 7.80244 8.7004 3.15588 -0.22302 0.7193 0.38409 0.53417
1403638605.827829599 7.69472 8.70439 3.16522 -0.22153 0.7198 0.38518 0.53333
1403638605.927829504 7.57926 8.71366 3.18312 -0.21872 0.71924 0.38675 0.53411
1403638606.027829409 7.45893 8.73132 3.20289 -0.21463 0.71857 0.38854 0.53538
1403638606.127829552 7.32937 8.75312 3.2193 -0.21172 0.71864 0.38946 0.53577
1403638606.227829456 7.19308 8.78096 3.22569 -0.2086 0.71878 0.39098 0.53571
1403638606.327829599 7.05017 8.81386 3.2282 -0.20986 0.72275 0.38899 0.5313
1403638606.427829504 6.90073 8.85301 3.21962 -0.21685 0.733 0.38317 0.51852
1403638606.527829409 6.74883 8.89616 3.20644 -0.2255 0.74355 0.37626 0.50468
1403638606.627829552 6.60221 8.94712 3.18729 -0.23115 0.74955 0.37492 0.49415
1403638606.727829456 6.45656 9.00573 3.16306 -0.23525 0.75098 0.38135 0.48505
1403638606.827829599 6.31811 9.07112 3.1353 -0.24189 0.74845 0.39242 0.47679
1403638606.927829504 6.18129 9.14479 3.1095 -0.25158 0.74248 0.40656 0.46919
1403638607.027829409 6.05098 9.22658 3.09136 -0.2649 0.73426 0.42141 0.46163
1403638607.127829552 5.9313 9.31429 3.08297 -0.28172 0.72672 0.43098 0.45473
1403638607.227829456 5.81368 9.4103 3.08028 -0.29608 0.7142 0.43698 0.45968
1403638607.327829599 5.7035 9.50974 3.0725 -0.30883 0.70251 0.43899 0.46733
1403638607.427829504 5.59814 9.61018 3.05606 -0.31793 0.69597 0.43961 0.4704
1403638607.527829409 5.49943 9.70904 3.03028 -0.32216 0.69504 0.44027 0.46829
1403638607.627829552 5.40589 9.80349 2.99959 -0.32333 0.69374 0.44156 0.4682
1403638607.727829456 5.31821 9.89686 2.96704 -0.32296 0.69135 0.44197 0.47159
1403638607.827829599 5.23416 9.98739 2.93002 -0.32225 0.69192 0.44166 0.47153
1403638607.927829504 5.15757 10.07447 2.88842 -0.32467 0.69607 0.43833 0.46685
1403638608.027829409 5.08418 10.16042 2.84356 -0.32687 0.69777 0.43471 0.46616
1403638608.127829552 5.01665 10.24398 2.79422 -0.32532 0.69515 0.43374 0.47203
1403638608.227829456 4.95447 10.32366 2.73967 -0.32175 0.69121 0.43429 0.47968
1403638608.327829599 4.89387 10.39877 2.68129 -0.32173 0.68629 0.43278 0.48806
1403638608.427829504 4.83507 10.47014 2.61722 -0.32222 0.68276 0.43196 0.49339
1403638608.527829409 4.77765 10.53609 2.54748 -0.3206 0.68462 0.4327 0.4912
1403638608.627829552 4.71766 10.59993 2.47578 -0.3226 0.68384 0.4304 0.493
1403638608.727829456 4.6571 10.65698 2.40861 -0.3264 0.68108 0.42816 0.49627
1403638608.827829599 4.59985 10.7039 2.34601 -0.32472 0.68378 0.42963 0.49237
1403638608.927829504 4.53893 10.75049 2.28878 -0.32291 0.68764 0.43107 0.48688
1403638609.027829409 4.48251 10.79017 2.23943 -0.32315 0.69129 0.43133 0.48128
1403638609.127829552 4.42569 10.82806 2.19551 -0.32201 0.69283 0.43198 0.47925
1403638609.227829456 4.3715 10.86281 2.15623 -0.32874 0.69288 0.42708 0.47901
1403638609.327829599 4.32421 10.8898 2.11446 -0.33261 0.69334 0.42406 0.47836
1403638609.427829504 4.2783 10.91721 2.06276 -0.32943 0.69334 0.42591 0.47891
1403638609.527829409 4.23838 10.93481 2.00619 -0.32576 0.69337 0.4281 0.47942
1403638609.627829552 4.19876 10.95532 1.94225 -0.32379 0.69347 0.4289 0.47991
1403638609.727829456 4.16534 10.96795 1.87628 -0.32084 0.69224 0.43118 0.48161
1403638609.827829599 4.13061 10.9824 1.81287 -0.32123 0.69327 0.43086 0.48015
1403638609.927829504 4.10118 10.98989 1.7599 -0.32141 0.69291 0.43062 0.48077
1403638610.027829409 4.06979 10.99799 1.71373 -0.3235 0.69182 0.42889 0.48248
1403638610.127829552 4.04767 10.99978 1.67588 -0.32673 0.68893 0.42667 0.48638
1403638610.227829456 4.0248 10.99691 1.63699 -0.32812 0.68617 0.42566 0.49022
1403638610.327829599 4.0031 10.98919 1.59061 -0.32942 0.68526 0.42443 0.49169
1403638610.427829504 3.97838 10.97727 1.53941 -0.33058 0.6849 0.42309 0.49257
1403638610.527829409 3.96027 10.96018 1.48379 -0.33026 0.68194 0.42308 0.49688
1403638610.627829552 3.94261 10.93622 1.4273 -0.33588 0.67475 0.41925 0.50609
1403638610.727829456 3.91963 10.9053 1.37008 -0.33603 0.67546 0.4196 0.50476
1403638610.827829599 3.8972 10.86538 1.31626 -0.33288 0.68276 0.42305 0.49402
1403638610.927829504 3.87729 10.81846 1.27344 -0.33132 0.68568 0.42561 0.4888
1403638611.027829409 3.85398 10.76818 1.23443 -0.33394 0.68467 0.42383 0.48998
1403638611.127829552 3.8337 10.7117 1.19067 -0.33648 0.68203 0.4228 0.4928
1403638611.227829456 3.81513 10.65074 1.14155 -0.33623 0.68151 0.42375 0.49288
1403638611.327829599 3.79754 10.58306 1.09647 -0.33347 0.68083 0.42608 0.49369
1403638611.427829504 3.77539 10.50761 1.05416 -0.32282 0.67617 0.43309 0.50101
1403638611.527829409 3.758 10.43113 1.02144 -0.31223 0.67331 0.44 0.50553
1403638611.627829552 3.72829 10.34887 0.99662 -0.30694 0.6752 0.44248 0.50409
1403638611.727829456 3.69653 10.26691 0.97506 -0.30876 0.67937 0.44072 0.49889
1403638611.827829599 3.66356 10.18167 0.95055 -0.3151 0.68514 0.43581 0.49129
1403638611.927829504 3.63275 10.10032 0.91908 -0.31878 0.68992 0.43235 0.48525
1403638612.027829409 3.602 10.01851 0.88762 -0.32038 0.69255 0.43081 0.4818
1403638612.127829552 3.57202 9.93444 0.86072 -0.32174 0.69441 0.42926 0.4796
1403638612.227829456 3.54291 9.84914 0.83939 -0.32084 0.695 0.42938 0.47924
1403638612.327829599 3.51619 9.7634 0.82666 -0.32016 0.69476 0.42955 0.47988
1403638612.427829504 3.49435 9.67897 0.81417 -0.31925 0.69375 0.42945 0.48205
1403638612.527829409 3.47182 9.59259 0.79538 -0.3172 0.69173 0.42935 0.48637
1403638612.627829552 3.45227 9.5074 0.77011 -0.3124 0.69006 0.43128 0.49011
1403638612.727829456 3.42906 9.41616 0.73722 -0.30814 0.68831 0.43235 0.49432
1403638612.827829599 3.407 9.33153 0.70269 -0.30713 0.6874 0.43082 0.49754
1403638612.927829504 3.37824 9.24166 0.67043 -0.30792 0.687 0.4284 0.49969
1403638613.027829409 3.35167 9.15657 0.64393 -0.30785 0.68942 0.42749 0.49717
1403638613.127829552 3.31962 9.06573 0.62752 -0.30807 0.69087 0.42678 0.49563
1403638613.227829456 3.28867 8.97989 0.61702 -0.30808 0.69258 0.42652 0.49346
1403638613.327829599 3.25337 8.88923 0.61313 -0.30712 0.69307 0.42707 0.49288
1403638613.427829504 3.21977 8.80163 0.61205 -0.30646 0.6924 0.42757 0.49381
1403638613.527829409 3.18381 8.71356 0.60694 -0.30761 0.69225 0.42416 0.49624
1403638613.627829552 3.14895 8.62756 0.59503 -0.30947 0.69383 0.41803 0.49807
1403638613.727829456 3.11178 8.53931 0.57576 -0.31346 0.69287 0.41139 0.50243
1403638613.827829599 3.07117 8.44263 0.54712 -0.31333 0.69334 0.40394 0.50787
1403638613.927829504 3.03413 8.34744 0.5145 -0.30799 0.69757 0.39516 0.51224
1403638614.027829409 2.99222 8.23762 0.47244 -0.29754 0.70455 0.38436 0.51706
1403638614.127829552 2.9515 8.12896 0.42933 -0.28471 0.71396 0.37132 0.52089
1403638614.227829456 2.90984 8.01899 0.39073 -0.27122 0.72395 0.35794 0.52365
1403638614.327829599 2.86696 7.90191 0.35703 -0.26152 0.7318 0.34673 0.52522
1403638614.427829504 2.82573 7.79162 0.33381 -0.25647 0.73757 0.33719 0.52585
1403638614.527829409 2.78256 7.68133 0.3187 -0.25372 0.74198 0.32915 0.52607
1403638614.627829552 2.74133 7.57029 0.31262 -0.25039 0.74644 0.31924 0.52746
1403638614.727829456 2.70504 7.46058 0.31897 -0.24823 0.75394 0.3053 0.52608
1403638614.827829599 2.66859 7.34366 0.33292 -0.24328 0.76463 0.28833 0.52251
1403638614.927829504 2.63862 7.22736 0.35537 -0.23277 0.77506 0.2708 0.52131
1403638615.027829409 2.61589 7.11235 0.38405 -0.21836 0.78424 0.25024 0.52408
1403638615.127829552 2.60055 6.99422 0.41769 -0.19804 0.7908 0.22908 0.53192
1403638615.227829456 2.59131 6.87546 0.45815 -0.17393 0.79301 0.20824 0.54546
1403638615.327829599 2.586 6.75637 0.49665 -0.1519 0.79624 0.18435 0.55583
1403638615.427829504 2.57928 6.63662 0.52874 -0.13114 0.79992 0.1585 0.56374
1403638615.527829409 2.57286 6.51768 0.55403 -0.11162 0.80406 0.13313 0.56859
1403638615.627829552 2.56448 6.39647 0.57263 -0.09661 0.80667 0.11206 0.57218
1403638615.727829456 2.55519 6.27655 0.59276 -0.08668 0.80862 0.09723 0.57373
1403638615.827829599 2.54297 6.15931 0.62005 -0.0799 0.80994 0.08622 0.57461
1403638615.927829504 2.52813 6.04346 0.64965 -0.07467 0.81106 0.07346 0.57551
1403638616.027829409 2.5111 5.92307 0.67398 -0.06662 0.81269 0.06149 0.5756
1403638616.127829552 2.49198 5.80609 0.68904 -0.05687 0.81367 0.04874 0.57648
1403638616.227829456 2.47224 5.68764 0.6889 -0.04718 0.81516 0.0322 0.57641
1403638616.327829599 2.4526 5.56634 0.67309 -0.03478 0.81619 0.01313 0.57659
1403638616.427829504 2.43183 5.44112 0.64682 -0.02196 0.81691 -0.00587 0.57632
1403638616.527829409 2.41113 5.31396 0.61595 -0.01274 0.81775 -0.02144 0.57504
1403638616.627829552 2.39072 5.18866 0.58083 -0.00511 0.82074 -0.03236 0.57036
1403638616.727829456 2.37153 5.06749 0.54203 -0.0035 0.828 -0.04192 0.55915
1403638616.827829599 2.35563 4.94754 0.49942 -0.00823 0.83565 -0.0512 0.54681
1403638616.927829504 2.34612 4.82293 0.46133 -0.00872 0.83775 -0.05409 0.5433
1403638617.027829409 2.34332 4.6959 0.43372 -0.00171 0.83448 -0.04958 0.5488
1403638617.127829552 2.34636 4.56773 0.41576 0.00531 0.8306 -0.04299 0.55518
1403638617.227829456 2.35347 4.43848 0.40362 0.00885 0.83043 -0.03747 0.5558
1403638617.327829599 2.36408 4.309 0.3958 0.00819 0.83358 -0.0346 0.55126
1403638617.427829504 2.3792 4.18036 0.39408 0.00896 0.83767 -0.03103 0.54522
1403638617.527829409 2.40019 4.05487 0.40119 0.00883 0.83939 -0.02776 0.54275
1403638617.627829552 2.4293 3.93205 0.41688 0.00883 0.83893 -0.02495 0.5436
1403638617.727829456 2.46528 3.81258 0.44193 0.01054 0.8372 -0.02076 0.54641
1403638617.827829599 2.50882 3.70431 0.47472 0.01098 0.83711 -0.01822 0.54661
1403638617.927829504 2.55742 3.59537 0.51387 0.00953 0.83594 -0.01718 0.54847
1403638618.027829409 2.60934 3.48629 0.55128 0.00847 0.83546 -0.01602 0.54925
1403638618.127829552 2.66503 3.37983 0.58269 0.00647 0.83556 -0.01566 0.54914
1403638618.227829456 2.72348 3.27656 0.60851 0.00589 0.8353 -0.01452 0.54957
1403638618.327829599 2.78574 3.17541 0.62911 0.00629 0.83466 -0.01311 0.55058
1403638618.427829504 2.85105 3.07906 0.64665 0.00615 0.83456 -0.01209 0.55074
1403638618.527829409 2.92095 2.98472 0.66291 0.00572 0.83407 -0.01108 0.55152
1403638618.627829552 2.99226 2.89366 0.67626 0.0084 0.8337 -0.01287 0.55201
1403638618.727829456 3.07055 2.80173 0.69244 0.01269 0.83352 -0.01509 0.55214
1403638618.827829599 3.15277 2.71391 0.71301 0.01406 0.83235 -0.01891 0.55375
1403638618.927829504 3.23631 2.63286 0.73961 0.01899 0.82972 -0.02417 0.55733
1403638619.027829409 3.32263 2.55263 0.76131 0.02764 0.82531 -0.03533 0.56289
1403638619.127829552 3.41038 2.4726 0.77634 0.04159 0.82174 -0.05111 0.56604
1403638619.227829456 3.49755 2.39761 0.78435 0.05538 0.8182 -0.07278 0.56762
1403638619.327829599 3.58512 2.32526 0.7844 0.07093 0.81464 -0.09769 0.56726
1403638619.427829504 3.66836 2.25819 0.77642 0.08429 0.8101 -0.12112 0.56742
1403638619.527829409 3.74981 2.19593 0.76606 0.09264 0.8061 -0.13946 0.5676
1403638619.627829552 3.83188 2.13511 0.75379 0.09543 0.80314 -0.15492 0.56733
1403638619.727829456 3.91096 2.07508 0.73943 0.08988 0.80049 -0.16971 0.56774
1403638619.827829599 3.98775 2.01249 0.72451 0.0874 0.79775 -0.17859 0.56926
1403638619.927829504 4.05842 1.94842 0.70645 0.08782 0.79625 -0.1835 0.56974
1403638620.027829409 4.12704 1.88168 0.68344 0.09044 0.79502 -0.18547 0.57041
1403638620.127829552 4.1886 1.80781 0.67044 0.09355 0.79243 -0.18524 0.57358
1403638620.227829456 4.24519 1.73587 0.65871 0.09634 0.7902 -0.1847 0.57635
1403638620.327829599 4.29563 1.65829 0.65815 0.10011 0.79207 -0.18195 0.57401
1403638620.427829504 4.34339 1.58102 0.66145 0.10144 0.79325 -0.1802 0.57271
1403638620.527829409 4.38813 1.49919 0.67076 0.10184 0.79477 -0.17776 0.57129
1403638620.627829552 4.42589 1.42206 0.67333 0.09996 0.79692 -0.177 0.56885
1403638620.727829456 4.46048 1.34397 0.66944 0.09615 0.80011 -0.17759 0.56484
1403638620.827829599 4.49658 1.25975 0.66262 0.09468 0.80332 -0.17593 0.56103
1403638620.927829504 4.52665 1.17911 0.65049 0.09966 0.80517 -0.16991 0.55938
1403638621.027829409 4.55914 1.09789 0.63608 0.10441 0.80441 -0.16408 0.56134
1403638621.127829552 4.58779 1.01806 0.62131 0.10501 0.80335 -0.16092 0.56366
1403638621.227829456 4.61894 0.93907 0.615 0.1047 0.80183 -0.15852 0.56654
1403638621.327829599 4.65039 0.86283 0.6151 0.10638 0.8023 -0.15564 0.56637
1403638621.427829504 4.67723 0.78766 0.61384 0.10622 0.80108 -0.15363 0.56866
1403638621.527829409 4.70071 0.7214 0.60796 0.10736 0.79904 -0.15113 0.57199
1403638621.627829552 4.72313 0.65503 0.59661 0.10723 0.79737 -0.1497 0.57471
1403638621.727829456 4.74117 0.59631 0.58047 0.10767 0.79651 -0.14858 0.57612
1403638621.827829599 4.75695 0.53643 0.56107 0.10905 0.79423 -0.14696 0.57941
1403638621.927829504 4.76909 0.48063 0.53971 0.11046 0.79081 -0.14539 0.5842
1403638622.027829409 4.777 0.43293 0.51627 0.10999 0.78932 -0.14544 0.58628
1403638622.127829552 4.77999 0.38605 0.48699 0.10736 0.78995 -0.14761 0.58537
1403638622.227829456 4.77753 0.348 0.46021 0.10524 0.79035 -0.14933 0.58478
1403638622.327829599 4.76975 0.30855 0.43673 0.10292 0.79034 -0.15127 0.58471
1403638622.427829504 4.75651 0.27173 0.42312 0.10536 0.79119 -0.15066 0.58328
1403638622.527829409 4.73683 0.23915 0.41983 0.10838 0.79129 -0.14939 0.58292
1403638622.627829552 4.71519 0.20856 0.42006 0.11329 0.78976 -0.14682 0.58472
1403638622.727829456 4.68546 0.18639 0.43597 0.11647 0.78188 -0.1452 0.59499
1403638622.827829599 4.65359 0.16437 0.45445 0.1183 0.77227 -0.14467 0.60719
1403638622.927829504 4.61071 0.15343 0.47898 0.11784 0.7724 -0.14588 0.60682
1403638623.027829409 4.55681 0.14886 0.49707 0.11522 0.77854 -0.14902 0.59865
1403638623.127829552 4.49837 0.14619 0.50618 0.11122 0.78423 -0.15264 0.59103
1403638623.227829456 4.43118 0.14747 0.51241 0.10714 0.78729 -0.15566 0.58692
1403638623.327829599 4.3596 0.14809 0.51297 0.10461 0.7907 -0.15759 0.58225
1403638623.427829504 4.28746 0.15029 0.50922 0.10475 0.79346 -0.15768 0.57843
1403638623.527829409 4.21041 0.15297 0.50317 0.10329 0.79397 -0.15847 0.57778
1403638623.627829552 4.13193 0.15672 0.50392 0.10612 0.79341 -0.1572 0.57839
1403638623.727829456 4.04753 0.1611 0.51002 0.10778 0.7941 -0.15673 0.57726
1403638623.827829599 3.96134 0.16734 0.52357 0.10947 0.79499 -0.15645 0.57578
1403638623.927829504 3.87135 0.17497 0.54066 0.11106 0.7967 -0.15708 0.57294
1403638624.027829409 3.77797 0.18334 0.55147 0.11129 0.79737 -0.15816 0.57167
1403638624.127829552 3.68593 0.19415 0.56058 0.10912 0.79782 -0.16108 0.57064
1403638624.227829456 3.59457 0.20673 0.56439 0.10674 0.79775 -0.16399 0.57036
1403638624.327829599 3.49997 0.21786 0.56454 0.10567 0.79701 -0.16597 0.57102
1403638624.427829504 3.40662 0.22895 0.55951 0.10561 0.79678 -0.16729 0.57097
1403638624.527829409 3.31799 0.24121 0.55012 0.10465 0.79366 -0.16978 0.57475
1403638624.627829552 3.22007 0.24999 0.53819 0.10213 0.784 -0.17225 0.58757
1403638624.727829456 3.12028 0.25881 0.52514 0.10645 0.78648 -0.16547 0.58544
1403638624.827829599 3.02269 0.26798 0.51758 0.10968 0.79349 -0.15607 0.57792
1403638624.927829504 2.91381 0.28085 0.51811 0.107 0.79792 -0.15071 0.57373
1403638625.027829409 2.80551 0.29644 0.52405 0.09987 0.79948 -0.14924 0.57323
1403638625.127829552 2.69934 0.3112 0.52833 0.09172 0.80054 -0.14996 0.57292
1403638625.227829456 2.59164 0.32433 0.52696 0.08761 0.80163 -0.14911 0.57226
1403638625.327829599 2.48784 0.33428 0.52406 0.08633 0.80196 -0.14773 0.57235
1403638625.427829504 2.3811 0.34368 0.52175 0.08584 0.80182 -0.14653 0.57292
1403638625.527829409 2.27577 0.35275 0.52679 0.08585 0.80165 -0.14614 0.57327
1403638625.627829552 2.16826 0.35839 0.53724 0.08629 0.80309 -0.14587 0.57125
1403638625.727829456 2.06231 0.36477 0.55384 0.08518 0.806 -0.14664 0.5671
1403638625.827829599 1.95611 0.36998 0.5682 0.08443 0.81034 -0.14765 0.56072
1403638625.927829504 1.8539 0.37221 0.57796 0.08558 0.81137 -0.14744 0.55912
1403638626.027829409 1.75249 0.37343 0.58277 0.08545 0.81213 -0.14852 0.55775
1403638626.127829552 1.65544 0.37249 0.5822 0.08375 0.81256 -0.15041 0.55688
1403638626.227829456 1.55736 0.37084 0.57592 0.08533 0.81241 -0.1498 0.55702
1403638626.327829599 1.46726 0.36673 0.56689 0.09165 0.81055 -0.14591 0.55975
1403638626.427829504 1.3763 0.36305 0.5548 0.09728 0.80843 -0.14177 0.56292
1403638626.527829409 1.28664 0.36127 0.53953 0.09874 0.80976 -0.14037 0.5611
1403638626.627829552 1.20226 0.35788 0.52428 0.09746 0.81188 -0.14112 0.55806
1403638626.727829456 1.11948 0.35656 0.51044 0.09572 0.81472 -0.14184 0.55403
1403638626.827829599 1.03714 0.35535 0.50443 0.09397 0.81797 -0.14272 0.54929
1403638626.927829504 0.96519 0.3531 0.50514 0.09389 0.82026 -0.14222 0.54601
1403638627.027829409 0.89578 0.35198 0.50877 0.09319 0.82038 -0.14195 0.54603
1403638627.127829552 0.83296 0.34873 0.50823 0.09239 0.82019 -0.14174 0.5465
1403638627.227829456 0.77394 0.34408 0.50466 0.09173 0.82014 -0.14146 0.54676
1403638627.327829599 0.71634 0.34453 0.49429 0.09443 0.82014 -0.13921 0.54688
1403638627.427829504 0.6708 0.33926 0.48546 0.0955 0.82007 -0.13808 0.54709
1403638627.527829409 0.62796 0.33595 0.47284 0.09519 0.81973 -0.13834 0.54758
1403638627.627829552 0.58922 0.33319 0.45847 0.09841 0.81771 -0.13679 0.55042
1403638627.727829456 0.5547 0.33105 0.44335 0.09932 0.81469 -0.13651 0.55478
1403638627.827829599 0.51924 0.33365 0.42597 0.10062 0.81336 -0.13619 0.55657
1403638627.927829504 0.48846 0.33384 0.41214 0.10135 0.81454 -0.13616 0.55472
1403638628.027829409 0.4566 0.33747 0.39718 0.10268 0.81609 -0.13619 0.55218
1403638628.127829552 0.43532 0.34011 0.38458 0.10322 0.81706 -0.13669 0.55052
1403638628.227829456 0.40466 0.34847 0.37315 0.10377 0.81718 -0.13756 0.55002
1403638628.327829599 0.38867 0.35807 0.3629 0.10357 0.81783 -0.13881 0.54878
1403638628.427829504 0.3795 0.36733 0.35616 0.10109 0.8174 -0.14087 0.54935
1403638628.527829409 0.37306 0.37721 0.35314 0.09279 0.81158 -0.14724 0.55771
1403638628.627829552 0.36671 0.38616 0.35284 0.08646 0.80479 -0.15195 0.56723
1403638628.727829456 0.35645 0.39349 0.3513 0.08399 0.80423 -0.15373 0.56791
1403638628.827829599 0.3449 0.39877 0.34359 0.08766 0.80559 -0.15163 0.566
1403638628.927829504 0.33531 0.40102 0.33279 0.09207 0.80567 -0.14917 0.56584
1403638629.027829409 0.32594 0.40289 0.32227 0.09704 0.80667 -0.14569 0.56449
1403638629.127829552 0.3188 0.40456 0.31331 0.10053 0.80792 -0.14281 0.56282
1403638629.227829456 0.31078 0.40872 0.30578 0.10221 0.80887 -0.1413 0.56153
1403638629.327829599 0.30105 0.41326 0.30488 0.10339 0.8097 -0.14055 0.56031
1403638629.427829504 0.29464 0.41955 0.30263 0.10291 0.81376 -0.14139 0.55427
1403638629.527829409 0.29057 0.42684 0.30284 0.10006 0.81845 -0.14384 0.5472
1403638629.627829552 0.29151 0.43452 0.30467 0.09296 0.81878 -0.14926 0.54651
1403638629.727829456 0.2967 0.44068 0.30755 0.0828 0.81474 -0.157 0.55199
1403638629.827829599 0.30308 0.4439 0.30979 0.0789 0.80867 -0.16031 0.56048
1403638629.927829504 0.30939 0.44304 0.30585 0.08402 0.80249 -0.15762 0.56931
1403638630.027829409 0.31421 0.43938 0.29281 0.0949 0.79664 -0.15044 0.57769
1403638630.127829552 0.31505 0.43681 0.26824 0.10148 0.79704 -0.14584 0.57719
1403638630.227829456 0.31334 0.43529 0.23657 0.104 0.80116 -0.1437 0.57156
1403638630.327829599 0.31074 0.43531 0.19909 0.10637 0.80782 -0.14314 0.5618
1403638630.427829504 0.32079 0.43859 0.19734 0.09168 0.81402 -0.14952 0.55372
1403638630.527829409 0.33295 0.43905 0.20553 0.10068 0.80447 -0.14213 0.56788
1403638630.627829552 0.34369 0.44024 0.19385 0.10142 0.80369 -0.14232 0.5688
1403638630.727829456 0.34951 0.43843 0.17534 0.09201 0.82981 -0.13531 0.53351
1403638630.827829599 0.34644 0.42887 0.17297 0.09598 0.82746 -0.13709 0.53601
1403638630.927829504 0.34298 0.43936 0.16507 0.09583 0.82818 -0.13554 0.53531
1403638631.027829409 0.35686 0.42122 0.19433 0.09432 0.82918 -0.1356 0.53401
1403638631.127829552 0.32987 0.42681 0.16506 0.09398 0.8285 -0.13576 0.53509
1403638631.227829456 0.33383 0.44177 0.14933 0.09509 0.82846 -0.13619 0.53485
1403638631.327829599 0.32758 0.44185 0.14599 0.09498 0.82835 -0.13614 0.53506
1403638631.427829504 0.32391 0.44233 0.14212 0.09524 0.82837 -0.13593 0.53502
1403638631.527829409 0.32455 0.44063 0.13721 0.09526 0.82849 -0.13597 0.53483
1403638631.627829552 0.32588 0.43409 0.13282 0.09525 0.82859 -0.13573 0.53474
