438.658939 0.1622121 0.0093687 0.0648190 -0.9206356 0.1422475 0.0024421 0.3635792
438.992545 0.3425477 -0.0323006 0.0481481 -0.9163945 0.1488848 -0.0159543 0.3712142
440.860668 0.7437293 -0.0827501 0.3390475 -0.8957985 0.1469069 0.0483493 0.4166844
442.862228 0.8283222 0.4938499 -0.1331980 -0.9129539 0.0945153 -0.0507117 0.3937136
442.895582 0.8280625 0.4956343 -0.1342331 -0.9118064 0.1004861 -0.0513925 0.3948043
443.029082 0.8311927 0.4958076 -0.1387380 -0.9094784 0.1121575 -0.0438610 0.3979270
443.095837 0.8334004 0.4924299 -0.1402003 -0.9077726 0.1175964 -0.0432487 0.4003119
445.464219 0.7602924 -1.0475549 -0.1477975 -0.8825803 0.1645961 -0.0386703 0.4387082
445.497602 0.7611574 -1.0760018 -0.1448584 -0.8811515 0.1676539 -0.0431487 0.4400028
445.530953 0.7622066 -1.1039722 -0.1420367 -0.8819352 0.1686513 -0.0427200 0.4380891
446.031315 0.7493934 -1.5600355 -0.1622390 -0.8610022 0.2387435 -0.0972673 0.4384242
446.198104 0.7413446 -1.6906384 -0.1419085 -0.8677060 0.2379625 -0.0859613 0.4278678
446.765172 0.7183371 -2.1041269 -0.1815302 -0.9212712 0.1829503 -0.0806234 0.3335994
446.898596 0.7051788 -2.2117965 -0.1616929 -0.9201804 0.1702894 -0.0659599 0.3462929
446.931944 0.7006925 -2.2381661 -0.1582367 -0.9210730 0.1657180 -0.0681370 0.3457161
446.965311 0.6961968 -2.2645009 -0.1544762 -0.9217687 0.1612255 -0.0657277 0.3464516
447.265543 0.6333366 -2.5166323 -0.1655006 -0.9221160 0.1123668 0.0009346 0.3702363
447.732592 0.5603582 -2.8520708 -0.1346557 -0.9266264 0.0000077 0.0155701 0.3756608
447.932753 0.5712253 -2.9999800 -0.1359909 -0.9192167 -0.0013583 0.0105043 0.3936096
448.499868 0.5877727 -3.3192430 -0.1190619 -0.9253315 -0.0152692 0.0083490 0.3787597
448.700052 0.5626708 -3.3993402 -0.1190684 -0.9287634 -0.0275712 0.0009412 0.3696451
448.833470 0.5321207 -3.4594159 -0.1342866 -0.9303681 -0.0127710 -0.0010276 0.3664029
449.333867 0.4417211 -3.6616077 -0.1350842 -0.9279989 0.0127309 -0.0166032 0.3719951
449.434268 0.4263474 -3.6915071 -0.1311798 -0.9223201 -0.0142321 -0.0093190 0.3860521
449.567381 0.3986979 -3.7163887 -0.1296134 -0.9226881 -0.0572265 -0.0018432 0.3812722
449.934346 0.3101829 -3.7005596 -0.1291885 -0.9143791 -0.1324350 0.0484514 0.3795055
450.334722 0.2134597 -3.5045609 -0.1165667 -0.9001241 -0.1220879 0.0718487 0.4119574
450.768303 0.0562686 -3.2650285 -0.1476192 -0.9088771 -0.1272474 0.0427282 0.3948731
451.101906 -0.1252863 -3.0281980 -0.1564000 -0.9004134 -0.1257074 0.0468496 0.4138339
451.135271 -0.1439754 -3.0068324 -0.1561527 -0.8983610 -0.1256181 0.0484542 0.4181145
451.268682 -0.2097133 -2.9224465 -0.1549323 -0.8970809 -0.1098501 0.0428140 0.4258473
451.669003 -0.3991814 -2.6014035 -0.2073991 -0.9007968 -0.0968236 0.0266622 0.4224684
451.802451 -0.4727244 -2.4842536 -0.2037215 -0.9021130 -0.1001680 0.0222010 0.4191249
452.002804 -0.5894776 -2.3409221 -0.1874142 -0.8981408 -0.1348602 0.0196856 0.4180529
452.069314 -0.6268413 -2.2959306 -0.1882114 -0.9009729 -0.1349522 0.0122099 0.4121732
452.136039 -0.6642455 -2.2504520 -0.1932962 -0.9039254 -0.1357104 0.0075872 0.4055172
452.236121 -0.7202646 -2.1800444 -0.2085383 -0.9056382 -0.1290678 -0.0062403 0.4038839
452.336203 -0.7844030 -2.1059618 -0.2275901 -0.9078876 -0.1337953 -0.0061908 0.3972414
452.469638 -0.8723551 -2.0082743 -0.2380564 -0.9091149 -0.1193891 -0.0298575 0.3979510
452.603087 -0.9494870 -1.9209577 -0.2325149 -0.9163824 -0.1016263 -0.0310600 0.3859416
452.669801 -0.9832065 -1.8805585 -0.2291704 -0.9181600 -0.0939401 -0.0344702 0.3833658
452.803340 -1.0498204 -1.7981455 -0.2411869 -0.9237162 -0.0782693 -0.0291936 0.3738582
452.869964 -1.0855380 -1.7553072 -0.2571315 -0.9272956 -0.0722288 -0.0340572 0.3657131
452.936688 -1.1221888 -1.7106313 -0.2739050 -0.9286841 -0.0708515 -0.0330063 0.3625417
453.003418 -1.1600069 -1.6639459 -0.2853774 -0.9278323 -0.0717972 -0.0307223 0.3647309
453.070129 -1.1988703 -1.6152703 -0.2888793 -0.9252424 -0.0764397 -0.0268518 0.3706244
453.136853 -1.2389212 -1.5655651 -0.2852610 -0.9184753 -0.0857249 -0.0223621 0.3854274
453.403742 -1.4023843 -1.3810316 -0.2642477 -0.9128932 -0.1416370 -0.0110149 0.3826797
453.537173 -1.4776644 -1.3019139 -0.2650059 -0.9138480 -0.1691632 -0.0042151 0.3691176
453.603907 -1.5132792 -1.2627308 -0.2689436 -0.9134138 -0.1746121 -0.0077972 0.3675938
453.670655 -1.5476133 -1.2230566 -0.2735072 -0.9114590 -0.1736514 -0.0149594 0.3726446
453.737329 -1.5840003 -1.1821015 -0.2794753 -0.9105508 -0.1762247 -0.0130010 0.3737287
453.937484 -1.6998405 -1.0579307 -0.2771637 -0.8994678 -0.1775257 -0.0262363 0.3984395
454.004213 -1.7368683 -1.0179164 -0.2729220 -0.9003932 -0.1743727 -0.0265572 0.3977196
454.070985 -1.7720778 -0.9818398 -0.2706214 -0.8945342 -0.1780401 -0.0153714 0.4097245
454.337811 -1.9149789 -0.8285599 -0.2755741 -0.9078715 -0.2121500 0.0268124 0.3606146
454.471282 -1.9828976 -0.7457763 -0.2940323 -0.9001914 -0.2335435 0.0487874 0.3643250
454.938421 -2.2031221 -0.4198434 -0.3048540 -0.8996336 -0.2761219 0.0753473 0.3297559
455.071913 -2.2530515 -0.3500144 -0.3047148 -0.9000344 -0.2800927 0.0622945 0.3280330
455.138723 -2.2788296 -0.3157109 -0.3071189 -0.9003018 -0.2785431 0.0608746 0.3288841
455.272026 -2.3336446 -0.2475726 -0.3171185 -0.8979648 -0.2762975 0.0542758 0.3381910
455.705687 -2.5370851 -0.0364398 -0.3143274 -0.8893002 -0.2853017 0.0436355 0.3547451
456.106001 -2.7018616 0.1334267 -0.3357425 -0.8928696 -0.2823597 0.0575274 0.3460456
456.239435 -2.7623405 0.1948711 -0.3441199 -0.8877023 -0.2944974 0.0658269 0.3477395
456.472962 -2.8613267 0.2977375 -0.3348051 -0.8779780 -0.3148350 0.0754864 0.3526123
456.739838 -2.9354019 0.3757888 -0.3377316 -0.8810566 -0.3244705 0.0821298 0.3342349
457.106792 -2.9972839 0.4448661 -0.3328654 -0.8950309 -0.2776054 0.0732669 0.3413021
458.641285 -2.9957514 0.3966809 -0.3289594 -0.9213752 0.0767077 -0.0706514 0.3744225
458.841480 -2.9641745 0.3493761 -0.3134724 -0.9122541 0.1399219 -0.0945163 0.3732038
460.175765 -2.8913016 0.2238123 -0.1702447 -0.7589861 0.4805008 -0.2731974 0.3441257
460.642769 -2.8693278 0.2284757 -0.0455418 -0.7053028 0.5480388 -0.2694396 0.3600051
460.709471 -2.8620670 0.2326084 -0.0273082 -0.7010760 0.5574703 -0.2669731 0.3555906
461.043067 -2.8389587 0.2702770 0.0660801 -0.6980234 0.5676057 -0.2508306 0.3573110
461.109771 -2.8358641 0.2843197 0.0876811 -0.7166529 0.5456231 -0.2360570 0.3646659
461.243190 -2.8345942 0.3106149 0.1309519 -0.7250757 0.5329145 -0.2430152 0.3622307
461.309929 -2.8355296 0.3229743 0.1533654 -0.7224935 0.5203477 -0.2484681 0.3814514
461.710195 -2.7998223 0.3860058 0.2687850 -0.7183980 0.5014849 -0.2171869 0.4304035
462.177188 -2.6473930 0.4875368 0.2316900 -0.7241701 0.4921140 -0.2147546 0.4327610
462.310620 -2.5740340 0.5130113 0.2238955 -0.7231173 0.4825720 -0.2151830 0.4448842
462.444049 -2.4893239 0.5455699 0.2259983 -0.7294156 0.4821972 -0.2127667 0.4360839
462.911073 -2.2363458 0.6686692 0.2143607 -0.7398009 0.4821127 -0.2258243 0.4114188
463.111234 -2.1203947 0.7368811 0.1929287 -0.7410120 0.4772775 -0.2209432 0.4174824
463.378093 -1.9396890 0.8286486 0.1904973 -0.7338833 0.4792666 -0.2483140 0.4123822
463.711681 -1.7223703 0.9142201 0.1707286 -0.7356754 0.4902878 -0.2479157 0.3961534
463.778413 -1.6777284 0.9319024 0.1625949 -0.7372749 0.4851953 -0.2494316 0.3984911
463.911851 -1.5770326 0.9639655 0.1547554 -0.7378098 0.4822960 -0.2545551 0.3977802
464.612429 -1.1275830 1.1361732 0.1450070 -0.7428055 0.4530402 -0.2668312 0.4144826
464.712517 -1.0595167 1.1674378 0.1398615 -0.7416900 0.4541066 -0.2669381 0.4152435
464.779240 -1.0131310 1.1890004 0.1423988 -0.7384019 0.4547462 -0.2747168 0.4153304
465.179916 -0.7751563 1.3095728 0.1678213 -0.7449459 0.4495474 -0.2566887 0.4208013
465.246297 -0.7382670 1.3260202 0.1655271 -0.7441163 0.4486362 -0.2567278 0.4232107
466.046884 -0.3029420 1.4047021 0.1454458 -0.7043156 0.4932730 -0.2946429 0.4169015
466.113584 -0.2778177 1.4037712 0.1409983 -0.7031652 0.4892098 -0.2988907 0.4205911
466.180300 -0.2535529 1.4028780 0.1349399 -0.7114602 0.4785939 -0.2931093 0.4229175
467.047686 -0.0377349 1.3119495 0.1095369 -0.7964747 0.4090552 -0.1786830 0.4078901
467.681567 0.0082316 1.2810508 0.0754442 -0.8215418 0.4128677 -0.1595679 0.3593711
469.683227 0.1676837 1.1443577 -0.1430246 -0.9289317 0.1422226 -0.0792306 0.3325374
470.483849 0.2919641 0.9321393 -0.1476243 -0.9380682 0.0533507 -0.0441342 0.3394614
471.084313 0.4073716 0.7408037 -0.1320540 -0.9332373 0.1054745 -0.0203320 0.3428266
471.684763 0.4176978 0.4522129 -0.1385540 -0.9157797 0.0866068 -0.0467197 0.3894409
472.051705 0.4770635 0.2977811 -0.1406589 -0.9212196 0.0805451 -0.0367944 0.3788313
472.418646 0.5307879 0.1323902 -0.1659025 -0.9236908 0.0646444 -0.0474018 0.3746594
472.485444 0.5356627 0.1059548 -0.1631593 -0.9260486 0.0595580 -0.0449260 0.3699576
472.585452 0.5415540 0.0672477 -0.1555866 -0.9241287 0.0669948 -0.0445914 0.3735096
474.353410 0.3817095 -0.3265978 -0.2214473 -0.8707197 0.2961068 -0.1240676 0.3725256
474.753738 0.3434162 -0.3572884 -0.2435781 -0.8825922 0.2984848 -0.1068590 0.3471584
475.854694 0.2633890 -0.5824161 -0.2630200 -0.8342673 0.3930167 -0.1349595 0.3623838
476.221519 0.2474495 -0.6388378 -0.2700564 -0.8030248 0.4543006 -0.1454172 0.3572340
476.354933 0.2471651 -0.6369786 -0.2704465 -0.8081688 0.4594218 -0.1323076 0.3439326
476.822318 0.2361505 -0.6317682 -0.2509289 -0.7864727 0.3853154 -0.1139341 0.4690541
477.188954 0.2286980 -0.6136389 -0.2712936 -0.8643125 0.3408650 -0.0882263 0.3591534
478.356556 -0.0213068 -0.5483041 -0.2868410 -0.8872037 0.0970858 0.0208113 0.4505673
478.756888 -0.1105285 -0.5059825 -0.3491606 -0.8818889 0.1487835 0.0200598 0.4469152
479.090491 -0.1692064 -0.4839748 -0.4111775 -0.8851967 0.1843815 0.0382692 0.4254006
479.190585 -0.1873461 -0.4796021 -0.4348171 -0.8826491 0.1977995 0.0439592 0.4241151
479.290696 -0.2105388 -0.4707885 -0.4789656 -0.8969949 0.1736040 0.0278113 0.4055716
479.390771 -0.2305326 -0.4662328 -0.5361001 -0.9035810 0.1750544 0.0163019 0.3906809
479.490845 -0.2457013 -0.4643350 -0.5885399 -0.9000046 0.1887447 -0.0067572 0.3928379
479.691023 -0.2793281 -0.4639744 -0.6925238 -0.9155071 0.1638300 0.0015051 0.3674291
479.759100 -0.2861738 -0.4633837 -0.7225312 -0.9210380 0.1474951 -0.0240523 0.3596607
479.857866 -0.2856578 -0.4606386 -0.7565552 -0.9290599 0.1445040 -0.0179784 0.3400633
480.124980 -0.2580820 -0.4209005 -0.7937115 -0.9358130 0.1438900 -0.0335821 0.3200344
480.191480 -0.2178622 -0.3970054 -0.8203703 -0.9238145 0.1040874 -0.0487003 0.3651863
480.258243 -0.1431001 -0.3775172 -0.8747525 -0.9189022 0.1099397 -0.0570300 0.3745391
480.291550 -0.1074430 -0.3701422 -0.9046103 -0.9197420 0.1099999 -0.0556150 0.3726682
480.358264 -0.0395981 -0.3666676 -0.9683629 -0.9113024 0.1061356 -0.0682576 0.3919235
480.391636 -0.0043933 -0.3729926 -1.0105559 -0.9101437 0.1065804 -0.0658868 0.3948898
480.424980 0.0297125 -0.3864173 -1.0587475 -0.9165142 0.1081823 -0.0690635 0.3788517
480.458360 0.0597320 -0.4058000 -1.1008894 -0.9073130 0.1139083 -0.0668558 0.3991722
480.525046 0.1044731 -0.4305149 -1.1803064 -0.9101335 0.1179348 -0.0489195 0.3941515
480.558419 0.1190047 -0.4399588 -1.2137431 -0.8993418 0.1163094 -0.0561678 0.4177341
480.591775 0.1319444 -0.4476079 -1.2391267 -0.8869937 0.1056660 -0.0673194 0.4444604
480.625106 0.1426992 -0.4494082 -1.2564285 -0.8799246 0.1004195 -0.0812658 0.4572139
480.658454 0.1549837 -0.4538383 -1.2690983 -0.8757874 0.0851305 -0.1000594 0.4644753
481.192192 0.1551605 -0.3871394 -1.5185468 -0.8562784 0.0942796 -0.1151862 0.4946016
481.225576 0.1408749 -0.4019127 -1.5348752 -0.8565509 0.0942156 -0.1146066 0.4942766