440.593796 0.9308722 -0.0771257 -1.5410514 -0.8940586 0.1630708 0.0130569 0.4170092
441.260990 0.9653293 -0.0740939 -1.8124340 -0.8951923 0.1829723 0.0208674 0.4058529
442.862228 1.0753671 0.5203470 -2.0847585 -0.9099428 0.1211519 -0.0621067 0.3917514
445.464219 0.9088480 -1.0993023 -2.0982482 -0.8776002 0.1905162 -0.0514947 0.4368865
445.497602 0.9080552 -1.1293502 -2.0951343 -0.8759747 0.1936453 -0.0561555 0.4381968
445.597644 0.9080566 -1.2200215 -2.0862191 -0.8713937 0.2044809 -0.0553845 0.4424853
446.131383 0.8524046 -1.7228479 -2.0958178 -0.8611587 0.2586797 -0.1051471 0.4247760
446.298263 0.8431491 -1.8525414 -2.0939674 -0.8639805 0.2640594 -0.1009226 0.4166833
446.364928 0.8423024 -1.9013333 -2.0979092 -0.8641715 0.2680184 -0.1027257 0.4133052
446.398236 0.8419318 -1.9258001 -2.1006806 -0.8641676 0.2701634 -0.1058227 0.4111297
446.898596 0.7810717 -2.3247542 -2.1096742 -0.9150656 0.1969352 -0.0760284 0.3436440
446.931944 0.7745562 -2.3519702 -2.1061063 -0.9160806 0.1924102 -0.0781863 0.3430185
446.998673 0.7615129 -2.4067078 -2.0983784 -0.9167960 0.1839377 -0.0675644 0.3479756
447.132098 0.7242904 -2.5181887 -2.0974414 -0.9230347 0.1381375 -0.0086617 0.3589569
448.032833 0.5998812 -3.2192791 -2.1051302 -0.9258922 0.0188626 -0.0131054 0.3770891
448.533250 0.5840183 -3.4894304 -2.0682521 -0.9255061 0.0089155 -0.0016083 0.3786243
448.633405 0.5705159 -3.5303288 -2.0664001 -0.9273822 -0.0033926 0.0015232 0.3740968
448.766739 0.5381784 -3.5901895 -2.0765057 -0.9278525 0.0041352 -0.0092707 0.3728095
449.500658 0.3859383 -3.8710897 -2.0820386 -0.9200280 0.0005641 -0.0235435 0.3911445
449.767541 0.3211143 -3.8850071 -2.0820353 -0.9242133 -0.0774638 0.0168359 0.3735581
449.867612 0.2943200 -3.8725147 -2.0829043 -0.9204810 -0.0978683 0.0235096 0.3776028
450.234643 0.2163725 -3.7128463 -2.0796547 -0.8938662 -0.0945284 0.0745232 0.4318725
450.868383 -0.0107031 -3.3119450 -2.1143370 -0.9059769 -0.0970323 0.0254573 0.4112695
451.068616 -0.1179414 -3.1524088 -2.1090798 -0.9053396 -0.0923596 0.0308101 0.4133772
451.268682 -0.2196288 -3.0118511 -2.1073742 -0.8998245 -0.0832901 0.0316768 0.4270542
451.602306 -0.3686653 -2.7286117 -2.1557760 -0.9037440 -0.0721210 0.0160314 0.4216495
451.802451 -0.4701683 -2.5353870 -2.1578622 -0.9046052 -0.0734454 0.0108299 0.4197357
451.869401 -0.5097995 -2.4784992 -2.1517646 -0.9045143 -0.0920539 0.0134702 0.4161715
452.002804 -0.5843261 -2.3780761 -2.1400371 -0.9016727 -0.1082427 0.0083429 0.4185694
452.069314 -0.6208048 -2.3285716 -2.1406803 -0.9044974 -0.1083717 0.0011661 0.4124786
452.202766 -0.6929017 -2.2272134 -2.1555276 -0.9085874 -0.1034866 -0.0137341 0.4044390
452.336203 -0.7741506 -2.1195014 -2.1813006 -0.9114427 -0.1068122 -0.0168376 0.3969633
452.402925 -0.8176876 -2.0648394 -2.1892390 -0.9103407 -0.0983422 -0.0345117 0.4005217
452.469638 -0.8602504 -2.0118630 -2.1918883 -0.9123489 -0.0923462 -0.0403548 0.3968163
452.536365 -0.8995943 -1.9620264 -2.1901724 -0.9149434 -0.0800479 -0.0475111 0.3927005
452.603087 -0.9355543 -1.9157906 -2.1854749 -0.9190020 -0.0744242 -0.0410538 0.3849818
452.669801 -0.9684680 -1.8713348 -2.1817353 -0.9205635 -0.0666322 -0.0443205 0.3823073
452.803340 -1.0332153 -1.7808821 -2.1943288 -0.9256395 -0.0508177 -0.0389585 0.3729495
452.869964 -1.0679522 -1.7338316 -2.2113070 -0.9290451 -0.0447418 -0.0436029 0.3646536
452.936688 -1.1035078 -1.6847382 -2.2293406 -0.9303485 -0.0433854 -0.0423111 0.3616339
453.003418 -1.1401088 -1.6333995 -2.2419434 -0.9295516 -0.0443452 -0.0400626 0.3638164
453.337024 -1.3385875 -1.3646445 -2.2231042 -0.9154813 -0.0988536 -0.0255205 0.3891923
453.403742 -1.3777492 -1.3198416 -2.2180846 -0.9166184 -0.1145798 -0.0208331 0.3824241
453.471207 -1.4167197 -1.2750020 -2.2170448 -0.9180611 -0.1333569 -0.0153303 0.3730212
453.537173 -1.4522412 -1.2317030 -2.2185345 -0.9184694 -0.1422428 -0.0136559 0.3687743
453.670655 -1.5210214 -1.1441810 -2.2271557 -0.9161804 -0.1469818 -0.0244431 0.3720382
453.737329 -1.5567297 -1.0987942 -2.2332249 -0.9152985 -0.1495009 -0.0226390 0.3733172
453.804081 -1.5952580 -1.0526049 -2.2377052 -0.9126775 -0.1539069 -0.0243303 0.3778102
453.870788 -1.6331425 -1.0058413 -2.2365046 -0.9092737 -0.1494564 -0.0347854 0.3868772
453.937484 -1.6712506 -0.9611878 -2.2303474 -0.9042179 -0.1511160 -0.0367931 0.3977439
454.070985 -1.7430927 -0.8768024 -2.2227621 -0.8993986 -0.1518210 -0.0260816 0.4090873
454.604737 -2.0166101 -0.5039961 -2.2641754 -0.9024711 -0.2189944 0.0476633 0.3678529
454.671472 -2.0506902 -0.4477203 -2.2630908 -0.8991622 -0.2262284 0.0549327 0.3705544
454.738186 -2.0836520 -0.3894112 -2.2613392 -0.9135587 -0.2199523 0.0493704 0.3385176
455.138723 -2.2427292 -0.1390969 -2.2555790 -0.9083587 -0.2516828 0.0521585 0.3298784
455.205299 -2.2687750 -0.1014220 -2.2611890 -0.9078860 -0.2497638 0.0493320 0.3330576
455.272026 -2.2958806 -0.0632837 -2.2676072 -0.9059377 -0.2492654 0.0454880 0.3392263
456.005962 -2.6263084 0.3097485 -2.2771370 -0.9003665 -0.2551483 0.0452383 0.3495610
456.272797 -2.7401907 0.4445587 -2.2974119 -0.8920997 -0.2722729 0.0609661 0.3553993
456.606389 -2.8671834 0.5918680 -2.2890656 -0.8863944 -0.2962570 0.0698760 0.3487895
456.940017 -2.9311857 0.6801156 -2.2913446 -0.9018062 -0.2689615 0.0736991 0.3301120
457.407013 -2.9966874 0.7292614 -2.2731314 -0.9020432 -0.2202971 0.0525845 0.3674537
457.640526 -3.0087380 0.7327081 -2.2809355 -0.9100640 -0.1771155 0.0185865 0.3742569
459.041601 -2.9121535 0.5471044 -2.2520044 -0.8876746 0.2314875 -0.1371937 0.3736649
459.975610 -2.8765209 0.4658058 -2.1894808 -0.7707580 0.4787984 -0.2523389 0.3361688
460.242589 -2.8552480 0.4684343 -2.0949073 -0.7235649 0.5003675 -0.3130550 0.3578866
460.442658 -2.8476634 0.4756963 -2.0391190 -0.7134654 0.5179673 -0.3070343 0.3583391
460.509333 -2.8445997 0.4739134 -2.0232441 -0.7042017 0.5369483 -0.2978342 0.3564846
460.976654 -2.8031740 0.5068381 -1.8938656 -0.6796587 0.5905639 -0.2682551 0.3425459
461.109771 -2.7959676 0.5291097 -1.8503921 -0.6995705 0.5675271 -0.2471617 0.3569669
461.676842 -2.7516708 0.6292987 -1.6661811 -0.6997327 0.5311178 -0.2333699 0.4169252
461.776898 -2.7317436 0.6476860 -1.6592491 -0.7040015 0.5296162 -0.2237398 0.4169281
462.110472 -2.6177347 0.7202939 -1.6907470 -0.7095298 0.5133442 -0.2319897 0.4233508
462.243897 -2.5466728 0.7433221 -1.7009814 -0.7073525 0.5034020 -0.2277917 0.4408513
462.377331 -2.4569380 0.7693998 -1.7035445 -0.7121581 0.5041181 -0.2300046 0.4310379
462.444049 -2.4106297 0.7835602 -1.7023976 -0.7145632 0.5042949 -0.2259229 0.4290047
462.644204 -2.2840481 0.8292524 -1.7050364 -0.7223484 0.5085101 -0.2354579 0.4052036
463.044506 -2.0564582 0.9410594 -1.7340903 -0.7243544 0.4987564 -0.2390746 0.4115776
463.111234 -2.0085759 0.9635954 -1.7419720 -0.7262287 0.4996135 -0.2336105 0.4103711
463.378093 -1.8142438 1.0479602 -1.7445490 -0.7189769 0.5014320 -0.2608743 0.4044538
463.444803 -1.7672663 1.0618430 -1.7466865 -0.7201921 0.5054799 -0.2603691 0.3975191
463.511519 -1.7209466 1.0753717 -1.7478576 -0.7183824 0.5086465 -0.2576900 0.3984988
463.678328 -1.6040680 1.1162543 -1.7628642 -0.7198216 0.5135531 -0.2586585 0.3888650
463.745032 -1.5573132 1.1322899 -1.7710922 -0.7209681 0.5100108 -0.2612921 0.3896414
463.845131 -1.4803224 1.1549656 -1.7801772 -0.7231349 0.5057840 -0.2628126 0.3901128
465.046130 -0.6379658 1.4445410 -1.7755286 -0.7287523 0.4774266 -0.2673850 0.4116907
465.179916 -0.5616729 1.4787723 -1.7700889 -0.7311236 0.4716873 -0.2697054 0.4125875
465.246297 -0.5216886 1.4939059 -1.7723615 -0.7302952 0.4708261 -0.2698025 0.4149680
465.713318 -0.2207207 1.5414462 -1.7785194 -0.6747706 0.5296543 -0.3167526 0.4047454
465.880101 -0.1380966 1.5499380 -1.7804108 -0.6785390 0.5194438 -0.3159876 0.4122072
466.080236 -0.0479593 1.5506418 -1.7933975 -0.6885967 0.5105739 -0.3108554 0.4105091
466.146949 -0.0216787 1.5468441 -1.7998207 -0.6920254 0.5070701 -0.3094313 0.4101623
466.880888 0.1869329 1.4607503 -1.8168998 -0.7578896 0.4375775 -0.2160681 0.4329479
467.681567 0.2602569 1.4007499 -1.8653781 -0.8089089 0.4374140 -0.1705631 0.3538978
469.649857 0.4124653 1.2498678 -2.0873966 -0.9246485 0.1748563 -0.0870647 0.3269102
469.850027 0.4465156 1.2220078 -2.1063800 -0.9314946 0.1598954 -0.0778530 0.3173174
470.216981 0.4836295 1.1140926 -2.0839894 -0.9235348 0.1213963 -0.0700717 0.3569825
470.684153 0.6007381 0.9383301 -2.1024046 -0.9395506 0.0976444 -0.0444007 0.3251751
471.718142 0.6456211 0.4844036 -2.0884151 -0.9167191 0.1142525 -0.0576193 0.3784872
471.918266 0.6726102 0.3949410 -2.0871191 -0.9198169 0.1063621 -0.0520310 0.3740545
472.218498 0.7127807 0.2539339 -2.1063282 -0.9176762 0.0966342 -0.0528861 0.3817528
472.718899 0.7482091 0.0353892 -2.0962231 -0.9191809 0.0997770 -0.0581522 0.3765227
475.220772 0.4604173 -0.4144375 -2.2047815 -0.8473392 0.3363577 -0.1164034 0.3941195
475.487646 0.4352419 -0.4700699 -2.2058783 -0.8392590 0.3759831 -0.0937561 0.3814327
475.887995 0.4127107 -0.5877354 -2.2204311 -0.8169187 0.4277824 -0.1494897 0.3567897
476.254863 0.3971642 -0.6407940 -2.2235832 -0.7808180 0.4882676 -0.1560859 0.3571489
476.388299 0.3964473 -0.6354225 -2.2242992 -0.7972119 0.4832883 -0.1298708 0.3376672
476.688539 0.3849028 -0.6353414 -2.2000761 -0.7548708 0.4115300 -0.1372144 0.4919199
476.755259 0.3835934 -0.6343274 -2.2002449 -0.7576980 0.4155538 -0.1325033 0.4854396
478.323192 0.1228083 -0.5265124 -2.2412987 -0.8860600 0.1130498 0.0014424 0.4495724
478.623445 0.0576584 -0.4920096 -2.2887716 -0.8788795 0.1697077 -0.0137960 0.4456230
478.823619 0.0093703 -0.4664259 -2.3179531 -0.8795507 0.1528570 0.0308645 0.4495251
478.923684 -0.0056780 -0.4569554 -2.3368926 -0.8785962 0.1802411 0.0374540 0.4406577
479.023771 -0.0218099 -0.4513133 -2.3579607 -0.8815095 0.2128614 0.0345006 0.4200487
479.123854 -0.0437284 -0.4477212 -2.3761282 -0.8766693 0.2098430 0.0213570 0.4323897
479.357383 -0.0948070 -0.4283931 -2.4824343 -0.8976209 0.1915585 0.0114429 0.3968014
479.624293 -0.1420694 -0.4209638 -2.6349361 -0.9045092 0.1971091 -0.0139992 0.3779091
479.691023 -0.1536199 -0.4191730 -2.6712437 -0.9102144 0.1919171 -0.0087203 0.3668809
479.759100 -0.1625002 -0.4186602 -2.7034140 -0.9161448 0.1763047 -0.0337520 0.3584079
479.824471 -0.1668588 -0.4181395 -2.7282829 -0.9210494 0.1727795 -0.0237296 0.3482129
480.024662 -0.1549543 -0.4041133 -2.7795262 -0.9316412 0.1742545 -0.0375699 0.3166521
480.258243 -0.0840002 -0.3816342 -2.8315260 -0.9284821 0.1794291 -0.0275553 0.3239858
480.291550 -0.0678527 -0.3778875 -2.8425076 -0.9259202 0.1644467 -0.0542522 0.3356872
480.324907 -0.0479530 -0.3789234 -2.8605139 -0.9203065 0.1561576 -0.0693228 0.3519164
480.391636 -0.0072453 -0.3922341 -2.9154131 -0.9292506 0.1630783 -0.0809778 0.3214674
480.424980 0.0089733 -0.4000390 -2.9435816 -0.9359706 0.1665791 -0.0837385 0.2986610
480.458360 0.0212818 -0.4103518 -2.9656968 -0.9293945 0.1688483 -0.0817857 0.3178477
480.491751 0.0324552 -0.4206595 -2.9890170 -0.9288264 0.1701553 -0.0753204 0.3203991
480.525046 0.0432613 -0.4281604 -3.0118074 -0.9270307 0.1751816 -0.0658149 0.3249521
480.558419 0.0523040 -0.4397676 -3.0332384 -0.9164790 0.1777698 -0.0650909 0.3524592
480.591775 0.0619760 -0.4562280 -3.0511427 -0.9062731 0.1747236 -0.0686939 0.3787111
480.625106 0.0716270 -0.4709268 -3.0603356 -0.9025556 0.1713559 -0.0714613 0.3884891
480.658454 0.0799205 -0.4804873 -3.0652716 -0.9034801 0.1689669 -0.0729504 0.3871073
480.691810 0.0890150 -0.4854414 -3.0728073 -0.8944191 0.1496589 -0.0937836 0.4108788
480.725137 0.0963046 -0.4859750 -3.0925257 -0.8848681 0.1525143 -0.1063499 0.4271271
480.758494 0.0975577 -0.4850748 -3.1230578 -0.8872637 0.1538230 -0.1046315 0.4220828
480.791866 0.0982567 -0.4841490 -3.1527824 -0.8837224 0.1555885 -0.1019214 0.4294637
480.825218 0.1007469 -0.4815431 -3.1806116 -0.8809034 0.1542438 -0.1014560 0.4358035
480.858676 0.1053028 -0.4763846 -3.2074289 -0.8764797 0.1523646 -0.1052245 0.4444054
480.891943 0.1130438 -0.4648819 -3.2315640 -0.8590780 0.1641550 -0.1168025 0.4705265
480.925406 0.1255201 -0.4449120 -3.2552180 -0.8585222 0.1544681 -0.1078746 0.4769093
480.958683 0.1418850 -0.4235706 -3.2766781 -0.8572538 0.1500963 -0.1201449 0.4776528
481.058775 0.1809836 -0.3816776 -3.3520496 -0.8416149 0.1528484 -0.1275837 0.5020400
481.158838 0.2209437 -0.3482213 -3.4230144 -0.8246009 0.1354535 -0.1410644 0.5308357
481.492425 0.2450027 -0.3447614 -3.6720533 -0.8156805 0.1343195 -0.1573988 0.5402307