1403636623.963555574 -0.1544161888515209 0.061922871597146836 -0.3636890108531201 0.02041968947684243 -0.7964929314173899 0.057119864046148314 0.6015973467487636
1403636624.013555527 -0.15431522330599481 0.06183588552980445 -0.3635867242229822 0.020628545987147234 -0.7964292656418588 0.05687123838462279 0.601698055642716
1403636624.063555479 -0.15422474768843425 0.06179704234812352 -0.36355454141269367 0.020406379878702877 -0.7964391796571061 0.05697642129762066 0.6016825576526863
1403636624.113555431 -0.15419292819690975 0.06193342794996198 -0.3635871861424393 0.019955379428589097 -0.7967391745584967 0.05633835869469186 0.6013605074290252
1403636624.163555622 -0.15355772695777717 0.06177213193181102 -0.3632518864422957 0.01944497377473733 -0.7968525919259605 0.05645345384513815 0.6012161402397089
1403636624.213555574 -0.15372742829249297 0.06193940855302598 -0.3632010760546733 0.01955118566969973 -0.7970488870469621 0.05634557422509631 0.6009625604489452
1403636624.263555527 -0.15391393476576298 0.062250818681470525 -0.3633204353474191 0.019472981007267746 -0.7972336496113407 0.05653129663871593 0.6007025249143026
1403636624.313555479 -0.1539425547237459 0.06261556150595593 -0.36342435422971375 0.019431314283255275 -0.7988366160838204 0.05523648346598902 0.5986914194501939
1403636624.363555670 -0.15284905787386932 0.06364187401740884 -0.3634150727509882 0.019077073519405536 -0.8018044284543053 0.05369400517032399 0.5948635789706488
1403636624.413555384 -0.15093741253544296 0.06537066032519652 -0.36314212262844847 0.01843136072857207 -0.8041277583517242 0.052031834800027245 0.5918880986785148
1403636624.463555574 -0.14895003869124573 0.06789276830173883 -0.36338726984104863 0.01720973444299987 -0.8070468577791327 0.05129012302390099 0.5880038415430828
1403636624.513555527 -0.1463446361862997 0.07072828134884343 -0.3632216898603867 0.016072107139485575 -0.8099376179214766 0.049564831649823046 0.5841969444556399
1403636624.563555479 -0.14376966261706334 0.07427476220878279 -0.36310939559877664 0.015153918243359118 -0.8119823377235269 0.04806540493088943 0.5815021572064369
1403636624.613555431 -0.14058612247007377 0.07826705029564002 -0.36265924482455114 0.015619854432195938 -0.8124708810198528 0.045840866599524355 0.5809868351277383
1403636624.663555622 -0.13791003085703543 0.08319495826362397 -0.3625443032202749 0.016536361360556865 -0.8114224933190721 0.04331094043884272 0.5826184416297828
1403636624.713555574 -0.13428537110488545 0.0886049565512932 -0.36348950076250425 0.018968243951824493 -0.8115161736562938 0.039350765257865704 0.5826947939438385
1403636624.763555527 -0.13014793914889217 0.0945843509063003 -0.36351568159061487 0.020397691936344057 -0.8101397899623516 0.03702548242118691 0.5847106707893276
1403636624.813555479 -0.12386862332158459 0.10118713141246831 -0.3627406338282231 0.02497511937854479 -0.8124244800249557 0.031041809796063007 0.5817036304792956
1403636624.863555670 -0.1175813657688512 0.10804403957105012 -0.361077430179281 0.029345262783327986 -0.814663565231754 0.02550337315993565 0.5786291636216845
1403636624.913555384 -0.11165749566215066 0.11624905383742735 -0.35902283441115784 0.034577230868838106 -0.8183386244920919 0.018735410891731426 0.573389305052468
1403636624.963555574 -0.10390223148880282 0.12439085619930433 -0.35339609107190895 0.039449414802813075 -0.8219684811444504 0.012724180333286393 0.5680225831000446
1403636625.013555527 -0.09732577757607055 0.13068518351289837 -0.34709026461867687 0.04250507790501551 -0.8252207014525517 0.008850682792829783 0.563139216944219
1403636625.063555479 -0.08897714079745869 0.13431185447605515 -0.33613986863756695 0.04471970453651725 -0.8285000827566308 0.006150046208999421 0.5581665860924048
1403636625.113555431 -0.08414671416492674 0.13787244540607244 -0.3251178892276022 0.045275492009479175 -0.8313749764785913 0.006217120258058212 0.5538295096184549
1403636625.163555622 -0.07937083960792513 0.14064044893537822 -0.3130641252594127 0.04280759845999496 -0.8327099701402906 0.010177900863121675 0.5519583548394432
1403636625.213555574 -0.07553604122620872 0.14318717061635386 -0.29876592154545767 0.040842050150691186 -0.831810108411001 0.013982710526416545 0.5533790331148277
1403636625.263555527 -0.07394044222563537 0.14357254404711753 -0.2849467494721718 0.03899306607400945 -0.8296456127880367 0.017224801102783516 0.556660582587523
1403636625.313555479 -0.0708913473549248 0.1449569294507631 -0.27185734894815444 0.03777303886977181 -0.8275281655313933 0.020017384061295395 0.5597942810730853
1403636625.363555670 -0.06887963876469043 0.1449534441196116 -0.26350332211355426 0.03736489710064118 -0.8262483230090125 0.021780908613120098 0.5616432722017063
1403636625.413555384 -0.0685019618718874 0.14544418335975076 -0.2625763183967083 0.03761160278084374 -0.8270858809164549 0.022543560125552777 0.5603624727100962
1403636625.463555574 -0.0658282962919422 0.14650519334561612 -0.2627780348673287 0.03820823521909793 -0.8289673902461571 0.02260410317305164 0.5575322871275348
1403636625.513555527 -0.06736326194406078 0.14610082311928954 -0.267379575483031 0.03827220780014798 -0.82991825020821 0.023058508626981927 0.5560928351105998
1403636625.563555479 -0.07136111334921617 0.14507993096512897 -0.27240419029146246 0.0390726975873521 -0.8305776698436611 0.02322212356519728 0.5550448555184027
1403636625.613555431 -0.07446217818516516 0.14421822931035688 -0.2741410547353808 0.04024014950728558 -0.8306039824761595 0.022768785599087224 0.5549408410494922
1403636625.663555622 -0.07837566341740526 0.14259675154506066 -0.2712731900721855 0.04096597477390053 -0.8296908863809855 0.02254386563003483 0.5562612660338788
1403636625.713555574 -0.08369587759874406 0.14096829026194688 -0.26411587002496173 0.04129203130002619 -0.8278572366425937 0.02365660169736627 0.5589165671956222
1403636625.763555527 -0.09069818022777273 0.13811181314342175 -0.25392568701527446 0.04161304952883274 -0.8247899820812237 0.023931628073913712 0.5633978316829926
1403636625.813555479 -0.0985338371577131 0.1352935227771922 -0.23998840859518586 0.04151060943652592 -0.8218526228868446 0.0251747503676557 0.5676278424303628
1403636625.863555670 -0.10591859764552093 0.13233162221579806 -0.2223091000024986 0.040963516157287834 -0.818350322566728 0.026798610605467597 0.5726312726079328
1403636625.913555384 -0.1132078945951732 0.13009841121104285 -0.19741738221825422 0.04053380813374538 -0.8162168369261963 0.028134761591513718 0.5756348848936801
1403636625.963555574 -0.12011831250844855 0.12677230220950755 -0.17281350982867097 0.040278578530515426 -0.8144348164056996 0.029221021025674802 0.5781173737814778
1403636626.013555527 -0.12792712788894256 0.12272983755712226 -0.14564872508172663 0.04017351404772204 -0.8130880789776816 0.02972033305783266 0.579991867526065
1403636626.063555479 -0.13539889996584975 0.11878229264735324 -0.12146275422437323 0.0379604669980602 -0.8123148126086991 0.033478296528846783 0.5810188050513598
1403636626.113555431 -0.14291082979415984 0.11554561883693136 -0.09978900856772983 0.03518402443760855 -0.8118138273278888 0.038039456754885514 0.5816127525367817
1403636626.163555622 -0.14981109390690708 0.11294272303079941 -0.07862229070060052 0.032415277982704105 -0.8111957341617875 0.04236870497201661 0.5823363490887522
1403636626.213555574 -0.15724011589110037 0.1111709091240117 -0.05911617901563996 0.02986332311874743 -0.8107786520709588 0.04614906460405301 0.5827661821987232
1403636626.263555527 -0.1629127165178035 0.1097717116731049 -0.0426968876093218 0.028336987281280878 -0.8105926191983585 0.0483978846833337 0.5829187470060854
1403636626.313555479 -0.1688617698732747 0.10908839986420642 -0.02855130968543919 0.027946771908669857 -0.8104303293067583 0.0494399257357161 0.5830757695384631
1403636626.363555670 -0.1736014528583918 0.10978601541981974 -0.020368578541103112 0.028107400302820763 -0.8103061443158436 0.04936558339934164 0.583246916586664
1403636626.413555384 -0.17775875529741267 0.11159775205940692 -0.015215433748384178 0.02916802371864802 -0.8098659979614298 0.04814081236321646 0.5839081725094243
1403636626.463555574 -0.1823617942337165 0.11421746705966575 -0.011057393070111199 0.031149899878530223 -0.8092842683683086 0.04584289051023554 0.5847966194317437
1403636626.513555527 -0.1857247386896215 0.11823092475565901 -0.008880944846626507 0.03359187420398227 -0.8072398249732238 0.0433035029601531 0.5876735978381563
1403636626.563555479 -0.19087810813248832 0.12140816789872785 -0.00703529386247249 0.03627918953783355 -0.8050393670169038 0.04043667631506915 0.590728629040519
1403636626.613555431 -0.19327737284030025 0.12456381113156677 -0.005237266585997624 0.03891192658778477 -0.8030414007684932 0.03787861344615706 0.5934438316002619
1403636626.663555622 -0.1951666613299396 0.13001921523079688 -0.005694954675901455 0.0415580354916273 -0.8013522432045689 0.03587574968957236 0.5956680640938319
1403636626.713555574 -0.19406534948779103 0.13488046709413382 -0.005656674254784487 0.042965778394106355 -0.8015533891178297 0.035384877218183945 0.5953268150730017
1403636626.763555527 -0.19321980282055853 0.1403075476037956 -0.007522946099539055 0.044291160157191305 -0.8028957948181765 0.03562435218057355 0.5934033546643741
1403636626.813555479 -0.1919709843242426 0.14607713634350755 -0.011245540758736268 0.04516678595515934 -0.8045747223497193 0.03595893797684713 0.5910384356215173
1403636626.863555670 -0.18871900734457833 0.1504760200629712 -0.01643782282169944 0.04597233953162787 -0.8067890451683277 0.036066361235373295 0.5879431929885798
1403636626.913555384 -0.1859121455063836 0.15684642257314121 -0.02250298569727742 0.04663319714354581 -0.8092578666485397 0.036101917523924124 0.5844858439198689
1403636626.963555574 -0.18198613952210793 0.16210492807282462 -0.0294319104071462 0.047383069811010925 -0.8119657437341071 0.03535878811205961 0.5807032217930685
1403636627.013555527 -0.17734225785590482 0.16672683615194855 -0.036140328742450475 0.04784428956921552 -0.8145481074737736 0.0350142646719635 0.5770583210005663
1403636627.063555479 -0.16953225794815638 0.1674416881195978 -0.04041869051381983 0.04768533510198202 -0.8173441523820071 0.034404655564487296 0.5731413133413428
1403636627.113555431 -0.16612245712790924 0.17300421977322497 -0.04484382263984704 0.047832927445514255 -0.8201032956076352 0.03412634744681502 0.5691906429268029
1403636627.163555622 -0.16195089160169768 0.1774979140881145 -0.04517498988440565 0.04776531344525944 -0.8194839093722324 0.03459352557384381 0.5700595452229977
1403636627.213555574 -0.15856410467343107 0.1818899194725584 -0.043323962809083426 0.04806675833204474 -0.8179123640123402 0.03441823863543602 0.5722974195192811
1403636627.263555527 -0.15506492149950943 0.18774586051833736 -0.03771448612305053 0.0482249639132088 -0.8155607883487255 0.03448190920167537 0.5756265727894975
1403636627.313555479 -0.15160862808087033 0.19176985204235514 -0.029972459215890222 0.047874976387320176 -0.8135742924163298 0.03579804210174187 0.578379942197915
1403636627.363555670 -0.14809539311904898 0.19474455390915885 -0.019989366045046437 0.047149641130148974 -0.8128602929417887 0.03661688851915258 0.5793912831369348
1403636627.413555384 -0.14398708545442773 0.19800734960880678 -0.008047913147210522 0.04669431386350278 -0.8126507024479784 0.037384105272211456 0.5796731023056187
1403636627.463555574 -0.14098752328773376 0.20324012568000416 0.004341573423544322 0.04541127467673427 -0.8120186524195593 0.03822421933123199 0.5806052301792287
1403636627.513555527 -0.1372320531745095 0.20748716792438424 0.0161134373379129 0.042760186158659196 -0.8126340598871921 0.03817458219336664 0.5799484050028056
1403636627.563555479 -0.1331837155582971 0.211582885736486 0.0252976454973961 0.03918413153627882 -0.813292051046303 0.03665639983418293 0.5793763473700336
1403636627.613555431 -0.12980313696262324 0.21679219003782196 0.029660732418106486 0.035487577125780115 -0.8141834276008971 0.034260136585926845 0.5785086180264821
1403636627.663555622 -0.12476987410765425 0.22264722201342982 0.030288291687348978 0.03255325485632456 -0.8161085983979769 0.03199885055506067 0.5760929740782331
1403636627.713555574 -0.12028691890857567 0.22717866126918784 0.027409199806357018 0.028854094502520775 -0.8190484995743686 0.02861986415359059 0.5722830592908068
1403636627.763555527 -0.11444267572396287 0.2343358851232837 0.024273012433484443 0.024687018963661485 -0.8228008332537423 0.024493716091932717 0.5672648391744749
1403636627.813555479 -0.11163118063343246 0.2408255863223095 0.0186321549542706 0.020076115856611818 -0.8261192094281715 0.020048561709569493 0.5627806469302783
1403636627.863555670 -0.10930592219085149 0.24755491960050893 0.011772062226348119 0.014938343750540529 -0.8292858365772737 0.015192544449377957 0.5584183321950271
1403636627.913555384 -0.10747979373614185 0.2562030592004532 0.0072850925200742475 0.011003502875430147 -0.8322279304250522 0.011170619438591746 0.5542118836747038
1403636627.963555574 -0.10869422894617503 0.2624135254090903 0.003706711402844669 0.007844573661542426 -0.8337066464740175 0.00732971764000559 0.5521032199946257
1403636628.013555527 -0.10826192878539086 0.2664815290028378 0.003919618381857193 0.0047415264034632205 -0.8343371706600851 0.003934486100171086 0.5512200317490437
1403636628.063555479 -0.11188165630082603 0.27382998115720886 0.006338085133866414 0.002178429756391526 -0.8331384275688383 0.001653364058416299 0.5530577558801707
1403636628.113555431 -0.11671693212134307 0.27973869658211065 0.012154846506077942 -0.00031937467757179406 -0.8294927222460061 0.00021598665651555596 0.5585173901415152
1403636628.163555622 -0.12188716055025968 0.28638164870256944 0.020947417477416855 -0.0030536923481723414 -0.8242346130920654 -8.02653909856521e-05 0.566240206185929
1403636628.213555574 -0.12763243806749236 0.29213881466813035 0.02946953181235462 -0.0055602318676140445 -0.8193210131491064 0.0005037836700792939 0.573307864446245
1403636628.263555527 -0.13504791363221028 0.2978832436898244 0.03899746671596011 -0.008860515995079036 -0.815569367159909 0.002575886783152873 0.5785857442194431
1403636628.313555479 -0.14193648281195437 0.30301226018309085 0.049634067113270765 -0.012143975668789405 -0.8129865328455755 0.005854392357687576 0.5821264015287473
1403636628.363555670 -0.14931536594082245 0.30837060819726514 0.06121620575386188 -0.014176765563257657 -0.811893553864867 0.007721725002709166 0.5835822576756625
1403636628.413555384 -0.1555783136310012 0.3150845752074302 0.07318973562789749 -0.015752585780641492 -0.8115653180724184 0.009322714606483493 0.583974894610722
1403636628.463555574 -0.16143801100887734 0.3204739123144121 0.08202340607045132 -0.016539195309560623 -0.8113405757260861 0.010515128208026935 0.5842451174616219
1403636628.513555527 -0.16437165329572287 0.32741763782867556 0.09191283827004154 -0.016953146304412824 -0.8116138560327834 0.011743821535791366 0.5838301312725416
1403636628.563555479 -0.16781532645892794 0.3353153085113015 0.09896998778134662 -0.01746373954467994 -0.811927694422187 0.013047660306486951 0.5833508338829336
1403636628.613555431 -0.17093742786232685 0.3443336355775528 0.10572435516024058 -0.01726534655868212 -0.8123901113440398 0.014655460454081894 0.5826743792870133
1403636628.663555622 -0.17426329428251158 0.3546192930444152 0.10946046619192568 -0.016914242451227315 -0.8123937680696631 0.01515878999676348 0.5826667015453257
1403636628.713555574 -0.17832666085982737 0.368542399231581 0.11278041432245714 -0.016014755052121705 -0.8126344070446445 0.01325290753378135 0.5824029606292542
1403636628.763555527 -0.18366267568615754 0.3806583374876856 0.11200688010517777 -0.015964034956548884 -0.814034796179937 0.00928685393044535 0.5805223979660642
1403636628.813555479 -0.18601438404101894 0.39423924838455227 0.1123441417120763 -0.01684703255472117 -0.8161905968702299 0.004243372194815911 0.5775214981861148
1403636628.863555670 -0.18720736523155296 0.40500617389651244 0.10997244836701386 -0.018580676657493547 -0.8186881153939055 -0.0008550133167489316 0.5739371020590612
1403636628.913555384 -0.18983973375087687 0.41888068018853486 0.11146337641279316 -0.02060333201277165 -0.8212031724716843 -0.004777274071048887 0.5702438337105127
1403636628.963555574 -0.19318533955182998 0.4305122389967511 0.11137489816311785 -0.022385253993320496 -0.8231951787721153 -0.007949899349647748 0.567261312932876
1403636629.013555527 -0.19344916099047832 0.44328535300339655 0.11562412699542927 -0.02460303152147032 -0.8247698030391395 -0.010326837494672347 0.5648387550992685
1403636629.063555479 -0.1970007502078271 0.4560226450272563 0.12154076900534024 -0.026954658675284376 -0.825526420301772 -0.012177534271162284 0.5635878666352884
1403636629.113555431 -0.20109980399313807 0.47050545353913076 0.12774300049430365 -0.028531040839796937 -0.8257315854429608 -0.014944088167055723 0.5631429682942934
1403636629.163555622 -0.20656901626401916 0.48476631918830726 0.13395713468404716 -0.0321830030324906 -0.8257152154401307 -0.01735833372026476 0.5629008132494793
1403636629.213555574 -0.21405735342988513 0.501125698060535 0.13955499824447945 -0.03677000529817539 -0.8249055070991437 -0.02053527129874864 0.5636995420439542
1403636629.263555527 -0.22193935850555643 0.5165629682552556 0.1436994187449218 -0.04128500337601385 -0.8236756921979193 -0.023418810711407584 0.5650712007202142
1403636629.313555479 -0.23018168283258683 0.5328470078905293 0.147096722311689 -0.04607349906026169 -0.8220897731398392 -0.025046078527185878 0.5669376787034374
1403636629.363555670 -0.2379895495541254 0.5475670103160488 0.15037758017563777 -0.05059682920734613 -0.8204811572474039 -0.025966035610163935 0.56883775935746
1403636629.413555384 -0.25068914914297175 0.5664020876777011 0.15160003985737644 -0.055558164754329536 -0.8185006256574766 -0.02510735399820746 0.5712614435638546
1403636629.463555574 -0.2589380502609739 0.5822072669024582 0.15206139842657343 -0.062023999872445126 -0.8161251755358474 -0.02529510058918331 0.5739798595618042
1403636629.513555527 -0.27010517259238087 0.5995857438696296 0.14886489090623245 -0.06926658901489527 -0.8144181209316179 -0.026183592788769163 0.5755342591133271
1403636629.563555479 -0.27771585921290803 0.6166204483024171 0.14460809426621943 -0.07644427067950983 -0.8141605492468443 -0.02860343689173637 0.5748745227685215
1403636629.613555431 -0.2822999652228552 0.6339438922269682 0.1396973971822335 -0.08306994045128732 -0.8153866928030435 -0.03415978104811931 0.5719064919651459
1403636629.663555622 -0.2925814752588527 0.6532795828786732 0.13128281302958492 -0.09025826871079101 -0.8176758499454632 -0.04020709609363209 0.5671358203896246
1403636629.713555574 -0.2995567647121895 0.6723122962633556 0.12172137756285036 -0.09768373807483374 -0.8197099692762926 -0.047255934229163625 0.5624058412435949
1403636629.763555527 -0.3082374947560753 0.6957888357204166 0.1144183324860629 -0.10547513254920175 -0.8215001684807504 -0.05501194547631605 0.5576613268416039
1403636629.813555479 -0.3207216655496062 0.7137031816323266 0.10145078193164489 -0.11438935980750506 -0.8221391142880748 -0.06251454612586096 0.5541608815525744
1403636763.813555479 -0.05791616815292116 -0.1538778747785563 -0.3554012278641656 0.0037113288802771496 -0.8068478929128848 0.05239194022209052 0.5884197382309209
