1413393891.055760384 0.18033 0.19339 0.17383 0.07166 0.80653 -0.08189 0.5811
1413393891.155760527 0.18665 0.21655 0.1867 0.07132 0.80734 -0.08273 0.57989
1413393891.255760431 0.19293 0.23772 0.20111 0.07089 0.80679 -0.08361 0.58058
1413393891.355760574 0.20126 0.26096 0.2024 0.07493 0.79116 -0.08196 0.60145
1413393891.455760479 0.2075 0.28863 0.19453 0.0816 0.75828 -0.08189 0.6416
1413393891.555760384 0.20022 0.32292 0.18015 0.09325 0.73631 -0.08532 0.66473
1413393891.655760527 0.1823 0.36347 0.16443 0.12558 0.72476 -0.09789 0.67036
1413393891.755760431 0.19431 0.41421 0.14242 0.21731 0.70061 -0.15143 0.66256
1413393891.855760574 0.19896 0.4899 0.12233 0.29514 0.69365 -0.19847 0.62638
1413393891.955760479 0.12884 0.59582 0.12043 0.29246 0.71745 -0.20804 0.59704
1413393892.055760384 0.03682 0.70832 0.12559 0.27963 0.74983 -0.21825 0.5585
1413393892.155760527 -0.06049 0.8251 0.13891 0.27261 0.76918 -0.22546 0.53218
1413393892.255760431 -0.15679 0.9425 0.1548 0.26998 0.77806 -0.22765 0.51953
1413393892.355760574 -0.25281 1.05688 0.16445 0.26727 0.78237 -0.22903 0.51381
1413393892.455760479 -0.35378 1.16232 0.16181 0.26245 0.78718 -0.22834 0.50924
1413393892.555760384 -0.457 1.27119 0.14418 0.2568 0.78943 -0.22661 0.50941
1413393892.655760527 -0.52584 1.39776 0.11555 0.26019 0.79209 -0.23716 0.49865
1413393892.755760431 -0.5778 1.53096 0.08415 0.26266 0.80017 -0.25233 0.47652
1413393892.855760574 -0.62832 1.63941 0.05532 0.26058 0.81109 -0.26258 0.45308
1413393892.955760479 -0.66241 1.73735 0.03011 0.25676 0.81958 -0.27134 0.43443
1413393893.055760384 -0.68105 1.81084 0.01696 0.25414 0.82542 -0.27321 0.42361
1413393893.155760527 -0.67922 1.86191 0.01154 0.25191 0.8258 -0.27111 0.42555
1413393893.255760431 -0.65963 1.88984 0.01531 0.25129 0.82251 -0.26397 0.43664
1413393893.355760574 -0.6202 1.9069 0.01944 0.24393 0.81719 -0.26555 0.44965
1413393893.455760479 -0.56652 1.9167 0.02637 0.23533 0.81146 -0.27006 0.46176
1413393893.555760384 -0.50073 1.91582 0.03537 0.22626 0.80896 -0.27282 0.469
1413393893.655760527 -0.42908 1.90308 0.0474 0.21391 0.80837 -0.2728 0.47577
1413393893.755760431 -0.34998 1.87854 0.06275 0.20231 0.80633 -0.27274 0.48426
1413393893.855760574 -0.26369 1.8446 0.08206 0.19936 0.80026 -0.26793 0.49805
1413393893.955760479 -0.16949 1.80541 0.10651 0.19915 0.79086 -0.25636 0.5188
1413393894.055760384 -0.07262 1.7623 0.13345 0.1946 0.78449 -0.24692 0.53455
1413393894.155760527 0.02698 1.71347 0.16217 0.18693 0.78179 -0.24194 0.54344
1413393894.255760431 0.12806 1.6598 0.19195 0.17712 0.78133 -0.23876 0.54877
1413393894.355760574 0.22708 1.59682 0.21524 0.17107 0.78053 -0.23778 0.55223
1413393894.455760479 0.32732 1.52775 0.22241 0.16976 0.78131 -0.23293 0.55361
1413393894.555760384 0.4241 1.44936 0.21271 0.17389 0.7802 -0.22833 0.55581
1413393894.655760527 0.52201 1.36779 0.19691 0.1771 0.77946 -0.22317 0.55792
1413393894.755760431 0.61933 1.28322 0.18173 0.17843 0.77862 -0.21896 0.56033
1413393894.855760574 0.71603 1.19675 0.17074 0.17609 0.77809 -0.21659 0.56272
1413393894.955760479 0.80941 1.11154 0.16476 0.17756 0.77432 -0.21155 0.56934
1413393895.055760384 0.90012 1.02216 0.16243 0.17981 0.76832 -0.20695 0.57838
1413393895.155760527 0.98757 0.93139 0.16051 0.18251 0.76874 -0.20504 0.57766
1413393895.255760431 1.06919 0.83872 0.15943 0.18394 0.77194 -0.20642 0.57242
1413393895.355760574 1.14833 0.74584 0.15567 0.18688 0.7705 -0.20606 0.57354
1413393895.455760479 1.22266 0.6536 0.14312 0.19063 0.76813 -0.20645 0.57534
1413393895.555760384 1.29321 0.56144 0.12373 0.19545 0.76605 -0.21228 0.57438
1413393895.655760527 1.36073 0.47142 0.10732 0.20233 0.76354 -0.22222 0.57157
1413393895.755760431 1.42367 0.38631 0.09825 0.21542 0.75636 -0.23249 0.57224
1413393895.855760574 1.48087 0.30227 0.09247 0.23125 0.74702 -0.24943 0.5712
1413393895.955760479 1.52807 0.22441 0.08894 0.25045 0.73709 -0.27348 0.56496
1413393896.055760384 1.57157 0.15072 0.08521 0.27423 0.72719 -0.30062 0.55283
1413393896.155760527 1.61196 0.08593 0.08356 0.29947 0.71235 -0.32936 0.54258
1413393896.255760431 1.64935 0.03058 0.0848 0.3275 0.69195 -0.35508 0.53654
1413393896.355760574 1.68568 -0.01207 0.08688 0.35325 0.6701 -0.37905 0.53151
1413393896.455760479 1.726 -0.03866 0.09332 0.36397 0.6456 -0.4098 0.53178
1413393896.555760384 1.76453 -0.05083 0.10295 0.3613 0.62695 -0.44622 0.52657
1413393896.655760527 1.79994 -0.05684 0.11444 0.35498 0.61426 -0.48075 0.51532
1413393896.755760431 1.82776 -0.06299 0.13029 0.34539 0.60126 -0.51367 0.50531
1413393896.855760574 1.84069 -0.07054 0.14866 0.33649 0.58783 -0.54556 0.49355
1413393896.955760479 1.83569 -0.08454 0.16916 0.32756 0.58073 -0.57676 0.47201
1413393897.055760384 1.80361 -0.1049 0.18673 -0.3302 -0.58876 0.59955 -0.42996
1413393897.155760527 1.76292 -0.14223 0.1973 0.35085 0.60398 -0.60162 0.38751
1413393897.255760431 1.7218 -0.19546 0.20622 0.38943 0.61296 -0.58491 0.36124
1413393897.355760574 1.68659 -0.25856 0.21783 0.43046 0.61343 -0.55847 0.35568
1413393897.455760479 1.66926 -0.33427 0.2271 0.44143 0.6046 -0.54925 0.37138
1413393897.555760384 1.66638 -0.41165 0.23408 0.4381 0.59491 -0.54974 0.38979
1413393897.655760527 1.6892 -0.48949 0.23455 0.42909 0.59185 -0.55529 0.39654
1413393897.755760431 1.72056 -0.56638 0.23493 0.42388 0.59279 -0.55862 0.39606
1413393897.855760574 1.75242 -0.647 0.23862 0.42463 0.59503 -0.55759 0.39334
1413393897.955760479 1.78402 -0.72426 0.24798 0.43195 0.59391 -0.55917 0.38473
1413393898.055760384 1.82003 -0.80307 0.26086 0.44855 0.58747 -0.56211 0.3711
1413393898.155760527 1.86475 -0.87717 0.28089 0.47579 0.56638 -0.56281 0.3689
1413393898.255760431 1.92033 -0.94579 0.30541 0.503 0.53044 -0.56496 0.38268
1413393898.355760574 1.98852 -1.00357 0.33296 0.52145 0.49218 -0.56631 0.40638
1413393898.455760479 2.05993 -1.03361 0.36044 0.53354 0.45336 -0.56412 0.43769
1413393898.555760384 2.14212 -1.04896 0.37767 0.51905 0.43307 -0.57833 0.45669
1413393898.655760527 2.21942 -1.03616 0.37983 -0.47759 -0.44408 0.6157 -0.44228
1413393898.755760431 2.28919 -1.00222 0.3716 -0.43026 -0.46495 0.65561 -0.41095
1413393898.855760574 2.34866 -0.96691 0.35831 -0.38153 -0.4888 0.69255 -0.36862
1413393898.955760479 2.39153 -0.94391 0.35616 -0.34835 -0.50604 0.71677 -0.32987
1413393899.055760384 2.41012 -0.94108 0.36568 -0.34201 -0.52359 0.72275 -0.29412
1413393899.155760527 2.41372 -0.97496 0.39261 -0.38408 -0.53155 0.69873 -0.28585
1413393899.255760431 2.41106 -1.03506 0.43433 -0.45558 -0.51359 0.65334 -0.31909
1413393899.355760574 2.41631 -1.09962 0.4795 0.51917 0.47847 -0.60395 0.36983
1413393899.455760479 2.42463 -1.14342 0.52563 0.55539 0.4472 -0.56652 0.41306
1413393899.555760384 2.44416 -1.16176 0.56948 0.57223 0.41646 -0.53967 0.45593
1413393899.655760527 2.47187 -1.14249 0.60474 0.56384 0.40153 -0.53563 0.48369
1413393899.755760431 2.50514 -1.08973 0.62671 0.52177 0.41671 -0.56675 0.4826
1413393899.855760574 2.53241 -1.00421 0.64044 -0.45949 -0.44479 0.61551 -0.46063
1413393899.955760479 2.552 -0.89818 0.64626 -0.38628 -0.47625 0.66902 -0.41999
1413393900.055760384 2.55132 -0.79227 0.64661 -0.33371 -0.49618 0.70698 -0.37765
1413393900.155760527 2.52478 -0.69376 0.64702 -0.31599 -0.50985 0.72361 -0.34145
1413393900.255760431 2.47666 -0.62561 0.64127 -0.32375 -0.52574 0.72403 -0.30752
1413393900.355760574 2.40995 -0.58803 0.64252 -0.35754 -0.54082 0.70645 -0.28391
1413393900.455760479 2.35387 -0.56188 0.63488 -0.41261 -0.53398 0.68091 -0.28458
1413393900.555760384 2.28143 -0.57592 0.62222 -0.46752 -0.5173 0.64714 -0.30829
1413393900.655760527 2.21756 -0.57891 0.60388 0.52034 0.48974 -0.60671 0.34829
1413393900.755760431 2.16568 -0.58041 0.57559 0.55473 0.46003 -0.57616 0.3856
1413393900.855760574 2.12311 -0.55387 0.54534 0.55843 0.44116 -0.56859 0.4126
1413393900.955760479 2.09611 -0.51328 0.5092 0.53024 0.44133 -0.59075 0.41843
1413393901.055760384 2.07329 -0.45228 0.47135 -0.48437 -0.4515 0.62686 -0.41058
1413393901.155760527 2.05202 -0.37165 0.44264 -0.44162 -0.47749 0.66047 -0.37517
1413393901.255760431 2.02014 -0.29298 0.41854 -0.41398 -0.50672 0.68036 -0.3301
1413393901.355760574 1.98707 -0.22721 0.40394 -0.39943 -0.52481 0.69009 -0.298
1413393901.455760479 1.946 -0.18283 0.39342 -0.38933 -0.53436 0.69666 -0.27847
1413393901.555760384 1.90288 -0.16349 0.38882 -0.38766 -0.54223 0.6972 -0.26386
1413393901.655760527 1.85888 -0.17344 0.38732 -0.40469 -0.54716 0.68561 -0.25843
1413393901.755760431 1.8132 -0.20854 0.3944 -0.44382 -0.5424 0.65901 -0.27302
1413393901.855760574 1.78032 -0.26789 0.4073 -0.4735 -0.52715 0.63869 -0.29998
1413393901.955760479 1.75437 -0.33286 0.41682 -0.47824 -0.51559 0.63715 -0.31543
1413393902.055760384 1.73427 -0.40241 0.42448 -0.47558 -0.51136 0.64025 -0.32002
1413393902.155760527 1.71278 -0.47798 0.42981 -0.47522 -0.51096 0.64063 -0.32043
1413393902.255760431 1.70542 -0.55816 0.43879 -0.4762 -0.51123 0.64035 -0.3191
1413393902.355760574 1.70529 -0.64173 0.44784 -0.47697 -0.5117 0.6399 -0.3181
1413393902.455760479 1.71329 -0.72766 0.44818 -0.48159 -0.51008 0.63672 -0.32012
1413393902.555760384 1.72676 -0.81349 0.44537 -0.48536 -0.50801 0.63389 -0.32331
1413393902.655760527 1.75251 -0.89964 0.44713 -0.48426 -0.50781 0.635 -0.32311
1413393902.755760431 1.78501 -0.99477 0.46655 -0.48176 -0.50774 0.63712 -0.32277
1413393902.855760574 1.82623 -1.09296 0.49688 -0.46729 -0.50236 0.64854 -0.32965
1413393902.955760479 1.87072 -1.19629 0.53002 -0.44203 -0.49587 0.66732 -0.33676
1413393903.055760384 1.91173 -1.2975 0.56579 -0.42418 -0.48903 0.6804 -0.34348
1413393903.155760527 1.94169 -1.40612 0.6028 -0.43002 -0.48678 0.67702 -0.34608
1413393903.255760431 1.96455 -1.52235 0.63926 -0.44524 -0.48545 0.66848 -0.34531
1413393903.355760574 1.98267 -1.64365 0.67214 -0.45997 -0.47952 0.66612 -0.33877
1413393903.455760479 1.99657 -1.7631 0.692 -0.47241 -0.46172 0.67432 -0.33005
1413393903.555760384 2.00545 -1.87508 0.68916 -0.48275 -0.43411 0.68826 -0.32373
1413393903.655760527 2.00896 -1.97805 0.67618 -0.49792 -0.40018 0.69701 -0.32574
1413393903.755760431 2.01642 -2.08057 0.6676 0.50959 0.36894 -0.70641 0.32432
1413393903.855760574 2.01286 -2.16814 0.6577 0.50916 0.34554 -0.71924 0.32256
1413393903.955760479 2.006 -2.25256 0.65309 0.50417 0.32664 -0.73126 0.32308
1413393904.055760384 1.9907 -2.32339 0.65196 0.50247 0.31638 -0.73808 0.32042
1413393904.155760527 1.96813 -2.38461 0.64536 0.506 0.3168 -0.7398 0.3103
1413393904.255760431 1.93781 -2.43262 0.63497 0.50754 0.32322 -0.74135 0.29721
1413393904.355760574 1.9002 -2.46634 0.63575 0.51213 0.32691 -0.73938 0.29013
1413393904.455760479 1.85433 -2.49536 0.65543 0.5151 0.32497 -0.74009 0.28518
1413393904.555760384 1.79953 -2.51526 0.69158 0.52171 0.3198 -0.74181 0.27433
1413393904.655760527 1.73974 -2.53021 0.72605 0.52295 0.32426 -0.75156 0.23778
1413393904.755760431 1.67753 -2.54089 0.75048 0.51679 0.32264 -0.76764 0.1989
1413393904.855760574 1.61328 -2.55584 0.76849 0.51545 0.31181 -0.7802 0.16846
1413393904.955760479 1.54607 -2.58204 0.78114 0.52956 0.29134 -0.78255 0.14934
1413393905.055760384 1.47529 -2.61931 0.78787 0.55502 0.26325 -0.77685 0.13836
1413393905.155760527 1.40632 -2.66497 0.78175 0.57351 0.23369 -0.77484 0.12686
1413393905.255760431 1.34328 -2.71538 0.76233 0.58356 0.20109 -0.7777 0.11915
1413393905.355760574 1.28596 -2.77027 0.73908 0.58852 0.16756 -0.78304 0.11145
1413393905.455760479 1.23417 -2.82582 0.71812 0.59115 0.1373 -0.78848 0.09996
1413393905.555760384 1.18736 -2.88126 0.70026 0.59029 0.10564 -0.79528 0.08909
1413393905.655760527 1.14549 -2.932 0.68422 0.5857 0.06954 -0.80328 0.08286
1413393905.755760431 1.1046 -2.977 0.6727 0.58554 0.03309 -0.80627 0.07732
1413393905.855760574 1.06556 -3.01201 0.66511 0.57946 -0.00323 -0.81153 0.07505
1413393905.955760479 1.02278 -3.03476 0.65881 0.56354 -0.03419 -0.82248 0.06909
1413393906.055760384 0.9744 -3.04274 0.65936 0.55306 -0.05331 -0.83002 0.04848
1413393906.155760527 0.91714 -3.03783 0.66549 0.55539 -0.05701 -0.82957 0.01032
1413393906.255760431 0.8506 -3.02876 0.66481 0.57005 -0.05733 -0.81914 -0.02753
1413393906.355760574 0.78352 -3.01522 0.65368 0.58368 -0.06108 -0.80777 -0.05564
1413393906.455760479 0.72091 -3.00194 0.62922 0.59088 -0.07003 -0.80051 -0.0716
1413393906.555760384 0.66528 -2.99097 0.59222 0.59515 -0.08463 -0.79523 -0.079
1413393906.655760527 0.61236 -2.98335 0.54448 0.59851 -0.10664 -0.79038 -0.07562
1413393906.755760431 0.56387 -2.9773 0.49412 0.60082 -0.13221 -0.78607 -0.06024
1413393906.855760574 0.52021 -2.96837 0.44775 0.60626 -0.14828 -0.77957 -0.05219
1413393906.955760479 0.48229 -2.95304 0.40377 0.6121 -0.15291 -0.77393 -0.05457
1413393907.055760384 0.4546 -2.93149 0.36319 0.6116 -0.14738 -0.77443 -0.06688
1413393907.155760527 0.43603 -2.90691 0.32223 0.605 -0.13652 -0.77981 -0.08504
1413393907.255760431 0.4276 -2.88135 0.28286 0.59697 -0.12174 -0.78547 -0.10877
1413393907.355760574 0.41968 -2.86235 0.24369 0.58751 -0.1013 -0.79058 -0.13984
1413393907.455760479 0.41588 -2.85586 0.21163 0.58075 -0.10049 -0.79484 -0.14442
1413393907.555760384 0.41237 -2.86386 0.19827 0.58289 -0.1167 -0.79464 -0.12315
1413393907.655760527 0.40816 -2.87887 0.201 0.58648 -0.12963 -0.7926 -0.10502
1413393907.755760431 0.40409 -2.89554 0.19533 0.58385 -0.13722 -0.79451 -0.09513
1413393907.855760574 0.40158 -2.91113 0.16993 0.58733 -0.14076 -0.79171 -0.09178
1413393907.955760479 0.40236 -2.92603 0.12514 0.59318 -0.1404 -0.78716 -0.09387
1413393908.055760384 0.40822 -2.93888 0.07108 0.59541 -0.13617 -0.78512 -0.10262
1413393908.155760527 0.41918 -2.95549 0.02126 0.58831 -0.13502 -0.78997 -0.10769
1413393908.255760431 0.43385 -2.97456 -0.01484 0.58342 -0.13471 -0.79321 -0.11084
1413393908.355760574 0.45041 -2.9967 -0.03865 0.59347 -0.13453 -0.78544 -0.11307
1413393908.455760479 0.46974 -3.0213 -0.05832 0.59547 -0.13664 -0.78366 -0.11238
1413393908.555760384 0.49115 -3.04784 -0.07812 0.58928 -0.13961 -0.78794 -0.11139
1413393908.655760527 0.51521 -3.07649 -0.09658 0.58247 -0.14751 -0.79258 -0.10384
1413393908.755760431 0.54067 -3.10274 -0.11197 0.58515 -0.17067 -0.78934 -0.07359
1413393908.855760574 0.57301 -3.1199 -0.11535 0.59874 -0.1828 -0.7776 -0.05862
1413393908.955760479 0.61107 -3.12672 -0.10632 0.60298 -0.1698 -0.77531 -0.08045
1413393909.055760384 0.65766 -3.12884 -0.08976 0.5929 -0.15524 -0.78302 -0.10609
1413393909.155760527 0.70739 -3.13301 -0.06739 0.58366 -0.14798 -0.78885 -0.12314
1413393909.255760431 0.75995 -3.13969 -0.04587 0.58144 -0.14674 -0.78933 -0.13176
1413393909.355760574 0.81443 -3.15174 -0.03133 0.58105 -0.14666 -0.78839 -0.13897
1413393909.455760479 0.8678 -3.16524 -0.02809 0.57936 -0.14889 -0.78873 -0.14172
1413393909.555760384 0.92574 -3.18583 -0.03514 0.57604 -0.15217 -0.79052 -0.14175
1413393909.655760527 0.98042 -3.2087 -0.05588 0.56202 -0.15721 -0.79974 -0.14082
1413393909.755760431 1.03685 -3.23509 -0.08616 0.54264 -0.16381 -0.81183 -0.14015
1413393909.855760574 1.08386 -3.26312 -0.12355 0.52778 -0.17069 -0.82018 -0.14006
1413393909.955760479 1.11676 -3.28923 -0.16914 0.51557 -0.17708 -0.82643 -0.14087
1413393910.055760384 1.13502 -3.31725 -0.21618 0.50553 -0.18277 -0.83118 -0.14205
1413393910.155760527 1.13434 -3.34035 -0.25213 -0.49811 0.19105 0.83428 0.13919
1413393910.255760431 1.11007 -3.35757 -0.26906 -0.49251 0.19619 0.8366 0.13796
1413393910.355760574 1.06633 -3.36638 -0.27048 -0.48421 0.20374 0.84051 0.13256
1413393910.455760479 1.00597 -3.36992 -0.25967 -0.47635 0.21806 0.84379 0.11643
1413393910.555760384 0.9284 -3.36117 -0.24764 -0.47316 0.2254 0.84539 0.10314
1413393910.655760527 0.83664 -3.34048 -0.24209 -0.48218 0.22232 0.8416 0.09889
1413393910.755760431 0.7322 -3.30724 -0.24555 -0.49928 0.21767 0.83335 0.09416
1413393910.855760574 0.6174 -3.2631 -0.25945 0.51421 -0.20624 -0.82712 -0.09444
1413393910.955760479 0.49278 -3.20925 -0.2794 0.53363 -0.19007 -0.81825 -0.09785
1413393911.055760384 0.36167 -3.1491 -0.30622 0.55338 -0.17319 -0.8087 -0.09886
1413393911.155760527 0.22958 -3.08699 -0.33789 0.56579 -0.15998 -0.80325 -0.09522
1413393911.255760431 0.09972 -3.02296 -0.37019 0.57257 -0.14904 -0.80066 -0.09431
1413393911.355760574 -0.02707 -2.95757 -0.40092 0.583 -0.14081 -0.79432 -0.09666
1413393911.455760479 -0.14939 -2.89313 -0.42776 0.59868 -0.13302 -0.78282 -0.10528
1413393911.555760384 -0.26492 -2.83322 -0.44898 0.60597 -0.12877 -0.77667 -0.11403
1413393911.655760527 -0.36909 -2.78075 -0.45482 0.61327 -0.12784 -0.77019 -0.11985
1413393911.755760431 -0.46054 -2.73775 -0.4466 0.60909 -0.13102 -0.77231 -0.124
1413393911.855760574 -0.54224 -2.70594 -0.42548 0.58978 -0.13726 -0.78616 -0.12355
1413393911.955760479 -0.61925 -2.68107 -0.39299 0.56731 -0.15747 -0.80168 -0.10328
1413393912.055760384 -0.70431 -2.65286 -0.3458 0.53619 -0.17904 -0.8209 -0.081
1413393912.155760527 -0.79512 -2.6171 -0.28455 0.51287 -0.19273 -0.83363 -0.06985
1413393912.255760431 -0.89625 -2.5683 -0.22009 -0.49866 0.19998 0.84074 0.06707
1413393912.355760574 -1.00962 -2.50525 -0.15326 -0.49657 0.20384 0.84091 0.06885
1413393912.455760479 -1.13588 -2.42769 -0.08156 0.51538 -0.20312 -0.82906 -0.07601
1413393912.555760384 -1.27019 -2.33914 -0.01239 0.54134 -0.1985 -0.81269 -0.08421
1413393912.655760527 -1.40665 -2.24397 0.04397 0.5585 -0.19208 -0.80182 -0.09091
1413393912.755760431 -1.54243 -2.14516 0.08618 0.5727 -0.18358 -0.79273 -0.09948
1413393912.855760574 -1.67538 -2.04248 0.11721 0.58166 -0.17874 -0.78577 -0.11083
1413393912.955760479 -1.80108 -1.9381 0.13852 0.58366 -0.184 -0.78138 -0.12217
1413393913.055760384 -1.91976 -1.83301 0.14711 0.58402 -0.20411 -0.77546 -0.12615
1413393913.155760527 -2.03158 -1.72689 0.14884 0.58958 -0.23119 -0.76282 -0.13056
1413393913.255760431 -2.13562 -1.61916 0.14449 0.59405 -0.26229 -0.74803 -0.137
1413393913.355760574 -2.22631 -1.50897 0.13096 0.58917 -0.29507 -0.73749 -0.14805
1413393913.455760479 -2.30239 -1.39534 0.11497 0.58467 -0.33063 -0.72343 -0.15967
1413393913.555760384 -2.35819 -1.27738 0.10509 0.58395 -0.36217 -0.70355 -0.18127
1413393913.655760527 -2.39747 -1.1536 0.10399 0.58299 -0.38833 -0.68145 -0.21203
1413393913.755760431 -2.41619 -1.02711 0.11312 0.57936 -0.41213 -0.65934 -0.24446
1413393913.855760574 -2.4168 -0.9017 0.12739 0.57201 -0.43677 -0.63863 -0.27238
1413393913.955760479 -2.39498 -0.78705 0.14395 0.56032 -0.46157 -0.62046 -0.29669
1413393914.055760384 -2.35688 -0.67987 0.1676 0.546 -0.47803 -0.60232 -0.33254
1413393914.155760527 -2.30094 -0.58702 0.1925 0.51932 -0.49401 -0.59113 -0.3699
1413393914.255760431 -2.22907 -0.51548 0.21784 -0.4799 0.51854 0.58792 0.39392
1413393914.355760574 -2.15497 -0.44833 0.23163 -0.44847 0.54484 0.57781 0.41008
1413393914.455760479 -2.08559 -0.38701 0.25864 -0.42544 0.57242 0.56117 0.42003
1413393914.555760384 -2.01832 -0.32675 0.28865 -0.41117 0.59825 0.53977 0.42624
1413393914.655760527 -1.95215 -0.25608 0.31486 -0.40227 0.61959 0.5161 0.4335
1413393914.755760431 -1.87952 -0.21612 0.35727 -0.39336 0.64317 0.49013 0.43746
1413393914.855760574 -1.80243 -0.16641 0.39248 -0.38081 0.66599 0.46769 0.43899
1413393914.955760479 -1.71854 -0.11875 0.4275 -0.35826 0.67952 0.45905 0.44629
1413393915.055760384 -1.62984 -0.06958 0.46128 -0.33373 0.68872 0.459 0.45123
1413393915.155760527 -1.53922 -0.01815 0.49447 -0.31731 0.69439 0.45978 0.45359
1413393915.255760431 -1.44421 0.04285 0.52475 -0.30905 0.6966 0.46039 0.45527
1413393915.355760574 -1.3535 0.10845 0.54424 -0.3084 0.69124 0.4638 0.46039
1413393915.455760479 -1.26822 0.17804 0.55528 -0.3095 0.67227 0.47624 0.47482
1413393915.555760384 -1.18952 0.25236 0.56655 -0.31258 0.6537 0.48829 0.48635
1413393915.655760527 -1.1191 0.3305 0.57734 -0.32364 0.64509 0.49267 0.4862
1413393915.755760431 -1.06373 0.40475 0.58667 -0.32894 0.63871 0.49748 0.48616
1413393915.855760574 -1.01372 0.48019 0.59755 -0.32843 0.63311 0.50424 0.48687
1413393915.955760479 -0.97314 0.55564 0.60853 -0.32793 0.62948 0.50925 0.48671
1413393916.055760384 -0.9446 0.6299 0.62089 -0.32756 0.62342 0.51265 0.49117
1413393916.155760527 -0.92869 0.70301 0.63515 -0.32619 0.61764 0.51433 0.49758
1413393916.255760431 -0.92358 0.7745 0.65008 -0.33038 0.61965 0.5062 0.50064
1413393916.355760574 -0.92559 0.84608 0.66527 -0.33425 0.63314 0.4891 0.49818
1413393916.455760479 -0.93201 0.91646 0.68369 -0.32845 0.65203 0.46929 0.49673
1413393916.555760384 -0.94278 0.98045 0.70456 -0.31568 0.67207 0.44545 0.50024
1413393916.655760527 -0.95625 1.04103 0.72593 -0.29238 0.69605 0.4198 0.50378
1413393916.755760431 -0.97215 1.09976 0.74866 -0.26613 0.72137 0.38958 0.50699
1413393916.855760574 -0.98949 1.15625 0.76923 -0.24286 0.73922 0.35434 0.51867
1413393916.955760479 -1.00599 1.21723 0.79263 -0.2262 0.75451 0.31336 0.53042
1413393917.055760384 -1.02166 1.27788 0.81964 -0.21806 0.76716 0.2642 0.54233
1413393917.155760527 -1.03519 1.33453 0.84801 -0.20462 0.7773 0.21841 0.55338
1413393917.255760431 -1.04554 1.38566 0.87744 -0.18736 0.78817 0.17616 0.55915
1413393917.355760574 -1.05271 1.42991 0.90564 -0.16235 0.80269 0.13931 0.55671
1413393917.455760479 -1.05647 1.46379 0.92711 -0.13716 0.81507 0.09873 0.55417
1413393917.555760384 -1.0528 1.48821 0.93839 -0.10899 0.82529 0.0571 0.55114
1413393917.655760527 -1.04431 1.50395 0.93899 -0.07146 0.83276 0.01861 0.54868
1413393917.755760431 -1.03066 1.5088 0.93241 -0.02988 0.83213 -0.01837 0.55347
1413393917.855760574 -1.01272 1.50825 0.9245 0.00804 0.82205 -0.05728 0.56647
1413393917.955760479 -0.99289 1.5038 0.91654 0.03479 0.81311 -0.10217 0.57202
1413393918.055760384 -0.97283 1.49443 0.91139 0.05702 0.80461 -0.14751 0.57236
1413393918.155760527 -0.95276 1.47789 0.9075 0.07832 0.79693 -0.19068 0.56781
1413393918.255760431 -0.93225 1.45531 0.90555 0.09792 0.78932 -0.23318 0.55948
1413393918.355760574 -0.91399 1.4224 0.90713 0.11897 0.77898 -0.2739 0.55138
1413393918.455760479 -0.90026 1.37678 0.90959 0.14313 0.76727 -0.31217 0.54163
1413393918.555760384 -0.89065 1.31856 0.91469 0.16751 0.75251 -0.35201 0.53081
1413393918.655760527 -0.88428 1.24807 0.92142 0.1991 0.73073 -0.38988 0.52382
1413393918.755760431 -0.88658 1.16936 0.92949 0.22784 0.70179 -0.43225 0.5184
1413393918.855760574 -0.897 1.08387 0.93763 0.25469 0.66362 -0.4785 0.51554
1413393918.955760479 -0.91781 0.99103 0.9478 0.29701 0.62122 -0.51574 0.50979
1413393919.055760384 -0.95307 0.89765 0.95848 0.34424 0.58114 -0.54753 0.49394
1413393919.155760527 -1.002 0.80966 0.96938 -0.38496 -0.54176 0.5788 -0.47254
1413393919.255760431 -1.06219 0.73204 0.98378 -0.42138 -0.4978 0.60647 -0.45478
1413393919.355760574 -1.12988 0.66603 0.99804 -0.45601 -0.4495 0.6274 -0.44313
1413393919.455760479 -1.2034 0.61858 1.00237 -0.47596 -0.40531 0.64826 -0.43468
1413393919.555760384 -1.28384 0.58924 0.99403 -0.48293 -0.37308 0.67155 -0.42025
1413393919.655760527 -1.37173 0.58061 0.97469 -0.49096 -0.3484 0.68954 -0.40263
1413393919.755760431 -1.46793 0.58693 0.94793 0.50929 0.33571 -0.69329 0.38376
1413393919.855760574 -1.56238 0.6146 0.91414 0.53763 0.3365 -0.68453 0.35937
1413393919.955760479 -1.65339 0.66254 0.86977 0.5555 0.34575 -0.67784 0.33528
1413393920.055760384 -1.72999 0.7267 0.81366 0.55705 0.35586 -0.67944 0.31846
1413393920.155760527 -1.79331 0.80048 0.75048 0.55427 0.36332 -0.68185 0.30962
1413393920.255760431 -1.84851 0.88154 0.68107 0.55101 0.36862 -0.68351 0.30548
1413393920.355760574 -1.89879 0.97063 0.61275 0.54672 0.37431 -0.68493 0.30309
1413393920.455760479 -1.94548 1.06366 0.54633 0.53306 0.38322 -0.69354 0.29665
1413393920.555760384 -1.98646 1.15941 0.48499 0.52054 0.39216 -0.70086 0.28991
1413393920.655760527 -2.02324 1.2541 0.42868 0.5139 0.39953 -0.70328 0.28579
1413393920.755760431 -2.05648 1.34658 0.37563 0.51232 0.40451 -0.70234 0.28393
1413393920.855760574 -2.08523 1.4367 0.32319 0.51101 0.40814 -0.70192 0.28212
1413393920.955760479 -2.11023 1.52243 0.27068 0.50428 0.41561 -0.70557 0.27413
1413393921.055760384 -2.13089 1.60284 0.21832 -0.49018 -0.4241 0.71497 -0.26205
1413393921.155760527 -2.1486 1.67232 0.16972 -0.47839 -0.43061 0.72246 -0.25254
1413393921.255760431 -2.16687 1.72826 0.12676 -0.47335 -0.43555 0.7253 -0.24529
1413393921.355760574 -2.18452 1.76881 0.08815 -0.47032 -0.43567 0.7275 -0.24441
1413393921.455760479 -2.20262 1.79345 0.05604 -0.47546 -0.43024 0.72487 -0.25178
1413393921.555760384 -2.22213 1.80508 0.02939 -0.49056 -0.42198 0.71491 -0.26492
1413393921.655760527 -2.24152 1.81036 0.00089 0.50283 0.41566 -0.70701 0.273
1413393921.755760431 -2.25647 1.80944 -0.03643 0.50925 0.4114 -0.70355 0.27645
1413393921.855760574 -2.26865 1.80586 -0.08364 0.51643 0.40799 -0.69911 0.27945
1413393921.955760479 -2.27694 1.80189 -0.13671 0.5297 0.40125 -0.69029 0.28622
1413393922.055760384 -2.27965 1.79788 -0.1907 0.53233 0.39877 -0.68941 0.28692
1413393922.155760527 -2.27616 1.79704 -0.24778 0.52237 0.40217 -0.69813 0.27928
1413393922.255760431 -2.26783 1.79579 -0.30675 -0.49935 -0.40983 0.71626 -0.26393
1413393922.355760574 -2.25941 1.78972 -0.36506 -0.47585 -0.41536 0.73337 -0.2514
1413393922.455760479 -2.25427 1.77091 -0.41697 -0.45936 -0.41449 0.74546 -0.24794
1413393922.555760384 -2.25576 1.738 -0.46251 -0.45621 -0.40108 0.7493 -0.26374
1413393922.655760527 -2.26682 1.6943 -0.5029 -0.46141 -0.38497 0.74676 -0.28505
1413393922.755760431 -2.28796 1.64542 -0.54102 -0.46625 -0.37704 0.74324 -0.29671
1413393922.855760574 -2.31943 1.59464 -0.57831 -0.46656 -0.38095 0.74274 -0.29246
1413393922.955760479 -2.36052 1.54115 -0.60589 -0.46429 -0.39247 0.7443 -0.27645
1413393923.055760384 -2.40941 1.48189 -0.62163 -0.46601 -0.40694 0.74346 -0.25397
1413393923.155760527 -2.46505 1.4113 -0.62186 -0.46649 -0.41392 0.74364 -0.24093
1413393923.255760431 -2.52667 1.3246 -0.60988 -0.46887 -0.41492 0.74271 -0.23744
1413393923.355760574 -2.59167 1.22367 -0.59506 -0.46987 -0.40303 0.74272 -0.25527
1413393923.455760479 -2.66112 1.11222 -0.57883 -0.46353 -0.39017 0.74121 -0.28898
1413393923.555760384 -2.73795 0.99673 -0.56129 -0.45965 -0.39147 0.72872 -0.32317
1413393923.655760527 -2.82658 0.88245 -0.54534 -0.4544 -0.41516 0.70759 -0.34709
1413393923.755760431 -2.91752 0.77229 -0.52294 -0.44944 -0.45755 0.6805 -0.35437
1413393923.855760574 -3.01494 0.66379 -0.50566 -0.43584 -0.50134 0.65411 -0.36172
1413393923.955760479 -3.11427 0.5574 -0.48831 -0.41896 -0.53916 0.62776 -0.37377
1413393924.055760384 -3.21413 0.45174 -0.4749 -0.39919 -0.57211 0.60409 -0.38524
1413393924.155760527 -3.31314 0.34021 -0.45915 0.3889 0.60571 -0.57534 0.3884
1413393924.255760431 -3.40727 0.22299 -0.44159 0.39476 0.63885 -0.53546 0.38642
1413393924.355760574 -3.49052 0.10324 -0.42356 0.40337 0.66631 -0.49735 0.38206
1413393924.455760479 -3.5559 -0.01872 -0.40403 0.4153 0.68699 -0.46455 0.37385
1413393924.555760384 -3.59245 -0.1362 -0.37982 0.42651 0.69907 -0.43974 0.36881
1413393924.655760527 -3.59901 -0.24643 -0.34849 0.44246 0.70139 -0.41746 0.37151
1413393924.755760431 -3.56906 -0.34697 -0.30551 0.45939 0.69731 -0.39992 0.37786
1413393924.855760574 -3.5007 -0.43343 -0.24947 0.46121 0.69022 -0.4034 0.38491
1413393924.955760479 -3.39606 -0.50689 -0.1767 0.43236 0.68031 -0.43556 0.40067
1413393925.055760384 -3.26334 -0.56793 -0.08768 0.39483 0.67149 -0.46631 0.41924
1413393925.155760527 -3.11402 -0.62233 0.0134 0.35725 0.66753 -0.4864 0.43611
1413393925.255760431 -2.95707 -0.67785 0.11751 0.3123 0.67022 -0.4991 0.45185
1413393925.355760574 -2.80034 -0.73969 0.22273 0.28111 0.67902 -0.49611 0.46237
1413393925.455760479 -2.64931 -0.81573 0.32985 0.27527 0.68818 -0.48022 0.46907
1413393925.555760384 -2.50524 -0.89969 0.43669 0.27656 0.69361 -0.46463 0.47596
1413393925.655760527 -2.36464 -0.99348 0.53374 0.27478 0.69593 -0.45551 0.48238
1413393925.755760431 -2.22511 -1.09499 0.60582 0.2766 0.69871 -0.4475 0.48481
1413393925.855760574 -2.08932 -1.1988 0.646 0.28014 0.69813 -0.44113 0.48943
1413393925.955760479 -1.9593 -1.30319 0.66211 0.28716 0.69343 -0.4339 0.49842
1413393926.055760384 -1.83547 -1.40526 0.65632 0.29509 0.68263 -0.42749 0.51399
1413393926.155760527 -1.7211 -1.50264 0.64614 0.29825 0.67184 -0.42401 0.52905
1413393926.255760431 -1.61504 -1.5929 0.63821 0.29578 0.66801 -0.42618 0.53352
1413393926.355760574 -1.51439 -1.68096 0.63446 0.2893 0.67124 -0.43229 0.52807
1413393926.455760479 -1.42319 -1.76477 0.63518 0.28468 0.67799 -0.43176 0.52237
1413393926.555760384 -1.33837 -1.84327 0.63566 0.28586 0.67956 -0.42128 0.52822
1413393926.655760527 -1.25847 -1.92071 0.61879 0.2865 0.68321 -0.4054 0.53553
1413393926.755760431 -1.18534 -1.99137 0.60041 0.28129 0.69233 -0.38807 0.5394
1413393926.855760574 -1.11955 -2.05394 0.59406 0.26882 0.7044 -0.37177 0.54161
1413393926.955760479 -1.05881 -2.11011 0.60246 0.24966 0.72097 -0.35789 0.53832
1413393927.055760384 -1.00192 -2.16306 0.62662 0.22765 0.73803 -0.3501 0.53001
1413393927.155760527 -0.94937 -2.21841 0.66328 0.20446 0.74728 -0.34842 0.52762
1413393927.255760431 -0.9003 -2.27871 0.70318 0.18349 0.75198 -0.35051 0.52725
1413393927.355760574 -0.8537 -2.3473 0.74379 0.17097 0.76339 -0.34664 0.51753
1413393927.455760479 -0.80781 -2.42707 0.78806 0.17887 0.77489 -0.32639 0.51089
1413393927.555760384 -0.75764 -2.51616 0.83617 0.19913 0.78155 -0.29804 0.51059
1413393927.655760527 -0.70088 -2.60696 0.88645 0.21682 0.78677 -0.26647 0.51281
1413393927.755760431 -0.63491 -2.69382 0.93931 0.23406 0.78682 -0.23303 0.52136
1413393927.855760574 -0.55865 -2.77174 0.9949 0.24826 0.78313 -0.20718 0.53117
1413393927.955760479 -0.4731 -2.83367 1.05151 0.25048 0.77958 -0.19647 0.53937
1413393928.055760384 -0.37982 -2.88068 1.10193 0.25295 0.77719 -0.19068 0.54372
1413393928.155760527 -0.28063 -2.91026 1.14476 0.25544 0.77472 -0.1877 0.54711
1413393928.255760431 -0.1771 -2.92068 1.1783 0.25166 0.77515 -0.19199 0.54676
1413393928.355760574 -0.06867 -2.91476 1.20519 0.22624 0.77374 -0.21252 0.55225
1413393928.455760479 0.0412 -2.89604 1.22561 0.20065 0.76611 -0.23331 0.56426
1413393928.555760384 0.14864 -2.86992 1.23804 0.18476 0.75632 -0.24749 0.57671
1413393928.655760527 0.2482 -2.83769 1.2476 0.18073 0.74331 -0.25312 0.59225
1413393928.755760431 0.33707 -2.8007 1.25664 0.18412 0.73942 -0.25481 0.59534
1413393928.855760574 0.40936 -2.75619 1.26625 0.19869 0.74085 -0.25047 0.5907
1413393928.955760479 0.47528 -2.70768 1.27691 0.2193 0.74208 -0.24647 0.58351
1413393929.055760384 0.53125 -2.65151 1.28808 0.23808 0.74167 -0.25331 0.57365
1413393929.155760527 0.58417 -2.58705 1.3027 0.25603 0.7379 -0.26747 0.56428
1413393929.255760431 0.63572 -2.51186 1.31931 0.2703 0.73373 -0.29105 0.55124
1413393929.355760574 0.68539 -2.42802 1.3373 0.27784 0.72669 -0.32423 0.53814
1413393929.455760479 0.7348 -2.33616 1.35913 0.28604 0.71509 -0.36023 0.52637
1413393929.555760384 0.78332 -2.23833 1.38294 0.2998 0.70303 -0.3942 0.51037
1413393929.655760527 0.83026 -2.13661 1.409 0.31808 0.6888 -0.42523 0.49352
1413393929.755760431 0.87774 -2.03547 1.43639 0.33537 0.67177 -0.45492 0.47885
1413393929.855760574 0.924 -1.93432 1.46535 0.3433 0.64932 -0.48935 0.47018
1413393929.955760479 0.96838 -1.83466 1.49533 0.34367 0.62156 -0.52547 0.46844
1413393930.055760384 1.00758 -1.73684 1.52296 0.34626 0.59579 -0.5565 0.46417
1413393930.155760527 1.04053 -1.64245 1.54313 -0.35213 -0.57554 0.5789 -0.45787
1413393930.255760431 1.0632 -1.54981 1.5543 -0.36053 -0.56362 0.59065 -0.45109
1413393930.355760574 1.07728 -1.46106 1.55523 -0.37719 -0.56458 0.58994 -0.43698
1413393930.455760479 1.08487 -1.37513 1.54408 -0.39511 -0.57345 0.58219 -0.41964
1413393930.555760384 1.09159 -1.29022 1.51406 0.40469 0.57865 -0.57665 0.41092
1413393930.655760527 1.09743 -1.20927 1.46081 -0.40333 -0.57454 0.57616 -0.41865
1413393930.755760431 1.10363 -1.1295 1.39146 -0.40045 -0.56807 0.57526 -0.43129
1413393930.855760574 1.10875 -1.0495 1.32232 -0.39863 -0.56489 0.57245 -0.44079
1413393930.955760479 1.10719 -0.97306 1.26232 -0.39716 -0.56889 0.56944 -0.44087
1413393931.055760384 1.1001 -0.89481 1.2196 0.39411 0.57316 -0.56821 0.43965
1413393931.155760527 1.09225 -0.81484 1.19398 0.3894 0.57607 -0.56862 0.43952
1413393931.255760431 1.07919 -0.73158 1.17971 0.38241 0.57951 -0.57084 0.43827
1413393931.355760574 1.06222 -0.65456 1.15937 0.37408 0.58031 -0.57467 0.43939
1413393931.455760479 1.04006 -0.58136 1.13015 -0.36414 -0.57902 0.57925 -0.44341
1413393931.555760384 1.00973 -0.50927 1.09283 -0.35707 -0.57746 0.58184 -0.44777
1413393931.655760527 0.97279 -0.43909 1.04534 -0.35334 -0.57771 0.58233 -0.44978
1413393931.755760431 0.92962 -0.37749 0.99265 -0.35248 -0.57874 0.58117 -0.45061
1413393931.855760574 0.8766 -0.32025 0.93416 0.35309 0.58069 -0.57919 0.4502
1413393931.955760479 0.81502 -0.26898 0.87693 0.354 0.58269 -0.57709 0.44958
1413393932.055760384 0.74485 -0.22242 0.82553 0.35684 0.58655 -0.57394 0.44633
1413393932.155760527 0.66784 -0.18031 0.77918 0.36236 0.59333 -0.56937 0.43872
1413393932.255760431 0.58702 -0.14299 0.73609 0.37248 0.6016 -0.5621 0.42822
1413393932.355760574 0.50463 -0.11031 0.69668 0.38122 0.60849 -0.556 0.41865
1413393932.455760479 0.42522 -0.0835 0.66005 0.38625 0.61249 -0.55309 0.41201
1413393932.555760384 0.34941 -0.06065 0.62577 0.39115 0.61381 -0.55107 0.40812
1413393932.655760527 0.27985 -0.04262 0.59724 0.39753 0.61091 -0.54832 0.41
1413393932.755760431 0.21515 -0.02628 0.57123 0.4015 0.6073 -0.54729 0.41286
1413393932.855760574 0.15493 -0.01162 0.54836 0.40629 0.60519 -0.54577 0.41329
1413393932.955760479 0.1018 9e-05 0.5309 0.41455 0.60142 -0.54183 0.41577
1413393933.055760384 0.05658 0.01287 0.51821 0.42664 0.59328 -0.53197 0.4278
1413393933.155760527 0.01925 0.03009 0.50817 0.43397 0.58579 -0.52459 0.43969
1413393933.255760431 -0.01131 0.05463 0.50081 0.42944 0.57956 -0.52679 0.44965
1413393933.355760574 -0.03845 0.08799 0.49754 0.41623 0.57108 -0.53546 0.4625
1413393933.455760479 -0.06611 0.13362 0.49784 0.39601 0.5648 -0.54959 0.47129
1413393933.555760384 -0.09878 0.18246 0.49694 -0.37098 -0.56356 0.56653 -0.4731
1413393933.655760527 -0.13998 0.23374 0.49105 -0.3578 -0.56552 0.57689 -0.46836
1413393933.755760431 -0.19115 0.28478 0.47983 0.3648 0.57553 -0.57408 0.454
1413393933.855760574 -0.24826 0.33665 0.46083 0.37647 0.58649 -0.56753 0.43841
1413393933.955760479 -0.30687 0.38571 0.43572 0.38562 0.59114 -0.562 0.43128
1413393934.055760384 -0.36497 0.43406 0.41939 0.40617 0.58844 -0.54714 0.43521
1413393934.155760527 -0.42215 0.48422 0.41706 0.41938 0.58644 -0.53604 0.43917
1413393934.255760431 -0.47467 0.54055 0.42234 0.41922 0.58711 -0.53422 0.44064
1413393934.355760574 -0.52285 0.60214 0.4237 0.40628 0.58822 -0.54173 0.44211
1413393934.455760479 -0.56925 0.66549 0.41155 0.38818 0.5885 -0.55333 0.44363
1413393934.555760384 -0.61675 0.72875 0.38613 0.37336 0.58737 -0.5627 0.44606
1413393934.655760527 -0.66773 0.79123 0.35246 0.36191 0.58343 -0.57018 0.45114
1413393934.755760431 -0.72626 0.8545 0.311 0.34733 0.57874 -0.57743 0.45935
1413393934.855760574 -0.79058 0.91075 0.26132 -0.32302 -0.58008 0.58286 -0.46845
1413393934.955760479 -0.86337 0.95933 0.20444 0.30276 0.59879 -0.57648 0.46632
1413393935.055760384 -0.94627 0.99868 0.14265 0.30412 0.63639 -0.54673 0.45122
1413393935.155760527 -1.031 1.02492 0.08188 0.30435 0.67416 -0.50867 0.4406
1413393935.255760431 -1.11159 1.04161 0.03425 0.29343 0.70438 -0.4718 0.44176
1413393935.355760574 -1.18871 1.05032 -0.00095 0.27449 0.72686 -0.4386 0.45161
1413393935.455760479 -1.25629 1.04744 -0.02 0.2601 0.746 -0.40098 0.46373
1413393935.555760384 -1.31219 1.03724 -0.02409 0.2485 0.76304 -0.36055 0.47541
1413393935.655760527 -1.35242 1.01916 -0.0163 0.24322 0.77956 -0.32169 0.47921
1413393935.755760431 -1.37704 0.99738 -0.00665 0.24744 0.79256 -0.28529 0.47878
1413393935.855760574 -1.38415 0.97813 0.004 0.25648 0.80192 -0.24809 0.47917
1413393935.955760479 -1.37176 0.96752 0.01444 0.24255 0.8065 -0.22644 0.48933
1413393936.055760384 -1.34157 0.96737 0.02862 0.20214 0.80718 -0.21838 0.50981
1413393936.155760527 -1.29767 0.97549 0.04648 0.15574 0.80682 -0.20622 0.53128
1413393936.255760431 -1.24349 0.98521 0.06609 0.10654 0.80845 -0.18954 0.54693
1413393936.355760574 -1.18391 0.99197 0.08667 0.0624 0.81277 -0.16456 0.55536
1413393936.455760479 -1.12218 0.99156 0.10731 0.0285 0.81713 -0.13113 0.56061
1413393936.555760384 -1.05931 0.98133 0.1317 0.01003 0.81628 -0.08654 0.57105
1413393936.655760527 -0.9961 0.96494 0.15818 -0.00514 0.80818 -0.04409 0.58727
1413393936.755760431 -0.93686 0.94453 0.18633 -0.02081 0.79792 -0.00797 0.60235
1413393936.855760574 -0.88418 0.92204 0.2155 -0.03668 0.79058 0.02543 0.61073
1413393936.955760479 -0.84257 0.89652 0.24703 -0.05224 0.78346 0.06068 0.61626
1413393937.055760384 -0.80946 0.87308 0.28236 -0.06609 0.77517 0.09959 0.62035
1413393937.155760527 -0.78929 0.85161 0.32041 -0.0842 0.76764 0.13592 0.62062
1413393937.255760431 -0.7835 0.83181 0.35993 -0.10498 0.75986 0.16884 0.61894
1413393937.355760574 -0.79195 0.81581 0.40073 -0.12559 0.75424 0.19681 0.61369
1413393937.455760479 -0.81389 0.80077 0.44039 -0.13978 0.75367 0.21737 0.60432
1413393937.555760384 -0.84421 0.78483 0.4655 -0.15079 0.76544 0.22869 0.58229
1413393937.655760527 -0.88001 0.76901 0.47107 -0.16202 0.77637 0.23169 0.56331
1413393937.755760431 -0.91509 0.75319 0.46566 -0.16757 0.78771 0.23239 0.54537
1413393937.855760574 -0.94756 0.739 0.46136 -0.16994 0.79786 0.23173 0.52994
1413393937.955760479 -0.9749 0.72653 0.46399 -0.16646 0.79593 0.23405 0.53292
1413393938.055760384 -0.9967 0.71657 0.47036 -0.15647 0.78807 0.2397 0.54498
1413393938.155760527 -1.01693 0.71177 0.48035 -0.14108 0.77323 0.2533 0.56395
1413393938.255760431 -1.04348 0.7148 0.49473 -0.12908 0.75463 0.27269 0.58267
1413393938.355760574 -1.07988 0.72775 0.51162 -0.13864 0.74341 0.28412 0.58941
1413393938.455760479 -1.12773 0.75028 0.53026 -0.17181 0.74037 0.28648 0.58332
1413393938.555760384 -1.18645 0.77682 0.55024 -0.20639 0.73912 0.29239 0.57062
1413393938.655760527 -1.25131 0.803 0.56436 -0.23412 0.73622 0.30482 0.557
1413393938.755760431 -1.31981 0.8255 0.56496 -0.25663 0.73269 0.31924 0.5435
1413393938.855760574 -1.3918 0.8407 0.55844 -0.27303 0.72021 0.33705 0.54143
1413393938.955760479 -1.46608 0.84855 0.55249 -0.28388 0.70773 0.35829 0.53866
1413393939.055760384 -1.54249 0.84944 0.55109 -0.29397 0.69675 0.37855 0.53369
1413393939.155760527 -1.62055 0.84314 0.55951 -0.31533 0.67154 0.38903 0.54613
1413393939.255760431 -1.70297 0.82642 0.56345 -0.32294 0.66572 0.40605 0.53632
1413393939.355760574 -1.78893 0.80011 0.56087 -0.31249 0.68246 0.42807 0.50334
1413393939.455760479 -1.87513 0.77232 0.54899 -0.29652 0.71485 0.44535 0.45025
1413393939.555760384 -1.95524 0.75238 0.5303 -0.28449 0.74613 0.45158 0.39804
1413393939.655760527 -2.01953 0.7474 0.50523 -0.27359 0.76867 0.45258 0.35982
1413393939.755760431 -2.06557 0.76344 0.47955 -0.25932 0.7729 0.45879 0.35339
1413393939.855760574 -2.08928 0.80889 0.4575 -0.26815 0.75196 0.4541 0.39553
1413393939.955760479 -2.09589 0.8755 0.44581 -0.30495 0.71009 0.42743 0.46914
1413393940.055760384 -2.10169 0.94189 0.43924 -0.34589 0.66502 0.39327 0.53239
1413393940.155760527 -2.11048 0.99276 0.43211 -0.38019 0.632 0.36324 0.56929
1413393940.255760431 -2.12888 1.01272 0.42501 -0.39806 0.61601 0.34774 0.58408
1413393940.355760574 -2.15592 0.99904 0.41499 -0.38415 0.63638 0.36094 0.56318
1413393940.455760479 -2.18753 0.95746 0.40338 -0.34773 0.67786 0.38954 0.51755
1413393940.555760384 -2.21937 0.90371 0.39075 -0.30985 0.7274 0.41393 0.45116
1413393940.655760527 -2.24223 0.8536 0.38681 -0.28976 0.76292 0.41939 0.39761
1413393940.755760431 -2.24282 0.81971 0.39275 -0.28876 0.78475 0.4097 0.36459
1413393940.855760574 -2.21552 0.80469 0.41294 -0.29793 0.78219 0.39785 0.37568
1413393940.955760479 -2.15893 0.80503 0.44267 -0.30592 0.75368 0.39447 0.42752
1413393941.055760384 -2.08676 0.81378 0.47668 -0.32584 0.71245 0.38193 0.49027
1413393941.155760527 -2.01118 0.81792 0.51168 -0.34736 0.67144 0.36627 0.54255
1413393941.255760431 -1.94043 0.80466 0.54199 -0.35939 0.6475 0.35942 0.56781
1413393941.355760574 -1.87637 0.76782 0.5612 -0.3492 0.66009 0.3738 0.55011
1413393941.455760479 -1.82081 0.71568 0.57613 -0.32715 0.69039 0.39629 0.50921
1413393941.555760384 -1.76859 0.65698 0.59013 -0.29897 0.72259 0.41994 0.46057
1413393941.655760527 -1.71231 0.60377 0.60664 -0.27685 0.74475 0.43639 0.42222
1413393941.755760431 -1.64427 0.5658 0.62281 -0.25983 0.75862 0.44363 0.40022
1413393941.855760574 -1.56355 0.54907 0.63339 -0.25059 0.7629 0.44389 0.39768
1413393941.955760479 -1.46946 0.55525 0.64394 -0.26471 0.74706 0.4311 0.43127
1413393942.055760384 -1.36812 0.57431 0.65834 -0.29153 0.71566 0.40898 0.48537
1413393942.155760527 -1.2652 0.5944 0.67499 -0.31633 0.67942 0.38555 0.53821
1413393942.255760431 -1.1695 0.60448 0.68992 -0.32965 0.65244 0.37048 0.57306
1413393942.355760574 -1.08979 0.59792 0.704 -0.33303 0.64182 0.36438 0.58685
1413393942.455760479 -1.02663 0.57153 0.71706 -0.32289 0.65206 0.37147 0.57669
1413393942.555760384 -0.98054 0.52734 0.72814 -0.30292 0.67719 0.38795 0.54695
1413393942.655760527 -0.94541 0.47446 0.73427 -0.27768 0.71132 0.40617 0.50194
1413393942.755760431 -0.91343 0.42497 0.73394 -0.25564 0.73737 0.42105 0.46223
1413393942.855760574 -0.8772 0.38856 0.72595 -0.24048 0.75234 0.43163 0.43572
1413393942.955760479 -0.83275 0.36829 0.70908 -0.23337 0.76006 0.43731 0.42024
1413393943.055760384 -0.77878 0.36975 0.69051 -0.24308 0.7502 0.4343 0.43531
1413393943.155760527 -0.71805 0.39128 0.67999 -0.27051 0.72036 0.41986 0.48127
1413393943.255760431 -0.65697 0.4202 0.67417 -0.29886 0.68414 0.40186 0.53022
1413393943.355760574 -0.60312 0.44308 0.66957 -0.32284 0.65548 0.38391 0.56457
1413393943.455760479 -0.56327 0.45155 0.66474 -0.33576 0.63967 0.37253 0.58251
1413393943.555760384 -0.53704 0.4416 0.65549 -0.32293 0.65375 0.38124 0.56832
1413393943.655760527 -0.52406 0.41468 0.6442 -0.29674 0.68416 0.39947 0.53319
1413393943.755760431 -0.51735 0.38584 0.63329 -0.2689 0.71747 0.41627 0.48954
1413393943.855760574 -0.5104 0.36365 0.62686 -0.24591 0.74219 0.42534 0.45581
1413393943.955760479 -0.49605 0.3577 0.62759 -0.23102 0.75544 0.42141 0.44537
1413393944.055760384 -0.47242 0.37107 0.63951 -0.23552 0.75371 0.3999 0.46533
1413393944.155760527 -0.44382 0.39646 0.65645 -0.25562 0.74587 0.36342 0.49624
1413393944.255760431 -0.41138 0.425 0.67752 -0.27718 0.732 0.32217 0.5325
1413393944.355760574 -0.37882 0.44441 0.69948 -0.28752 0.71572 0.28656 0.5683
1413393944.455760479 -0.35157 0.44942 0.71934 -0.28379 0.70765 0.26331 0.59106
1413393944.555760384 -0.33357 0.43822 0.73538 -0.25796 0.71777 0.26329 0.59072
1413393944.655760527 -0.32554 0.41291 0.74623 -0.22272 0.7455 0.27496 0.56482
1413393944.755760431 -0.32365 0.38504 0.75579 -0.19354 0.77677 0.28602 0.52665
1413393944.855760574 -0.32067 0.36227 0.76859 -0.17484 0.79998 0.29203 0.49414
1413393944.955760479 -0.30834 0.35067 0.78727 -0.16562 0.81379 0.29249 0.47408
1413393945.055760384 -0.28173 0.35359 0.81493 -0.16565 0.80989 0.28392 0.48582
1413393945.155760527 -0.24302 0.36698 0.84668 -0.17351 0.78408 0.2651 0.5337
1413393945.255760431 -0.20259 0.38156 0.87033 -0.18061 0.75011 0.2388 0.58965
1413393945.355760574 -0.17091 0.39039 0.87849 -0.17963 0.72723 0.21243 0.62749
1413393945.455760479 -0.1551 0.39015 0.86931 -0.16874 0.72815 0.18974 0.63665
1413393945.555760384 -0.15507 0.38269 0.84455 -0.15365 0.75222 0.16895 0.61807
1413393945.655760527 -0.16787 0.36805 0.81804 -0.12985 0.77944 0.1537 0.59328
1413393945.755760431 -0.18746 0.34914 0.79395 -0.10231 0.80628 0.1397 0.56563
1413393945.855760574 -0.20674 0.3329 0.77291 -0.07567 0.83102 0.12336 0.53709
1413393945.955760479 -0.21683 0.32266 0.75929 -0.05514 0.83998 0.10391 0.52972
1413393946.055760384 -0.21529 0.31868 0.75588 -0.04074 0.82356 0.08181 0.55981
1413393946.155760527 -0.20905 0.31827 0.75586 -0.02868 0.79552 0.05796 0.60246
1413393946.255760431 -0.21118 0.32241 0.75764 -0.01524 0.77005 0.03212 0.637
1413393946.355760574 -0.22516 0.32782 0.75341 -0.00275 0.76684 0.00294 0.64183
1413393946.455760479 -0.25235 0.33564 0.74353 0.00475 0.7822 -0.03279 0.62215
1413393946.555760384 -0.29087 0.34112 0.73379 0.01948 0.80243 -0.06764 0.59258
1413393946.655760527 -0.33296 0.3421 0.72537 0.04391 0.82557 -0.09816 0.55396
1413393946.755760431 -0.36692 0.33999 0.7202 0.07681 0.8419 -0.12591 0.51909
1413393946.855760574 -0.3875 0.33508 0.72426 0.10783 0.84082 -0.15444 0.50749
1413393946.955760479 -0.39262 0.33127 0.73582 0.13748 0.81863 -0.17843 0.5283
1413393947.055760384 -0.39037 0.32763 0.74785 0.16682 0.77962 -0.19841 0.57009
1413393947.155760527 -0.39044 0.32324 0.74437 0.19216 0.74722 -0.21988 0.59699
1413393947.255760431 -0.3937 0.3296 0.7256 0.21223 0.73192 -0.24667 0.59867
1413393947.355760574 -0.48349 0.38104 0.68651 0.23596 0.71567 -0.28251 0.59357
1413393947.455760479 -0.41254 0.37245 0.65714 0.23664 0.71267 -0.319 0.57822
1413393947.555760384 -0.43667 0.40273 0.60984 0.22963 0.70484 -0.36608 0.56255
1413393947.655760527 -0.47139 0.4329 0.56589 0.22297 0.69685 -0.41235 0.54282
1413393947.755760431 -0.51642 0.45684 0.52608 0.22913 0.69872 -0.44845 0.50812
1413393947.855760574 -0.56481 0.46889 0.49248 0.25868 0.70234 -0.46681 0.47106
1413393947.955760479 -0.60952 0.46998 0.46606 0.2958 0.69561 -0.47613 0.44936
1413393948.055760384 -0.65314 0.46295 0.44443 0.34694 0.68207 -0.46797 0.44206
1413393948.155760527 -0.68727 0.45141 0.42901 0.38197 0.66556 -0.46531 0.44114
1413393948.255760431 -0.70993 0.44311 0.41677 0.40139 0.64274 -0.4702 0.45242
1413393948.355760574 -0.72142 0.44352 0.41087 0.41245 0.61545 -0.47805 0.47178
1413393948.455760479 -0.72697 0.45393 0.40715 0.42377 0.59163 -0.48451 0.48543
1413393948.555760384 -0.73127 0.47935 0.40176 0.42392 0.5802 -0.50019 0.48319
1413393948.655760527 -0.73554 0.51592 0.39212 0.41137 0.58843 -0.5271 0.45463
1413393948.755760431 -0.73807 0.56214 0.38282 0.39671 0.59925 -0.55591 0.41771
1413393948.855760574 -0.739 0.60624 0.37727 0.38301 0.60162 -0.58429 0.38726
1413393948.955760479 -0.73994 0.6404 0.37856 -0.38023 -0.59091 0.60661 -0.37185
1413393949.055760384 -0.74128 0.66542 0.38739 -0.40185 -0.56799 0.61435 -0.37213
1413393949.155760527 -0.74352 0.68089 0.40243 -0.43446 -0.54083 0.6141 -0.37634
1413393949.255760431 -0.74359 0.69535 0.41958 -0.46537 -0.5128 0.61248 -0.38124
1413393949.355760574 -0.73981 0.71233 0.43793 -0.49435 -0.48537 0.60963 -0.3852
1413393949.455760479 -0.73002 0.73914 0.45541 0.5165 0.45704 -0.60962 0.39077
1413393949.555760384 -0.71464 0.77938 0.4669 0.50971 0.43718 -0.62813 0.3931
1413393949.655760527 -0.69625 0.83517 0.47314 -0.4837 -0.42893 0.6562 -0.38917
1413393949.755760431 -0.68259 0.90239 0.47937 -0.45552 -0.41795 0.68243 -0.39001
1413393949.855760574 -0.68059 0.97879 0.48975 -0.43205 -0.39856 0.70541 -0.39607
1413393949.955760479 -0.6983 1.06048 0.5035 -0.41301 -0.38087 0.72351 -0.40112
1413393950.055760384 -0.74353 1.14577 0.52292 -0.41097 -0.38194 0.73101 -0.3884
1413393950.155760527 -0.81206 1.2374 0.54516 -0.4277 -0.41045 0.72659 -0.34737
1413393950.255760431 -0.89613 1.32711 0.56827 -0.4402 -0.44076 0.72045 -0.30481
1413393950.355760574 -0.98764 1.40576 0.5895 -0.44325 -0.45574 0.71928 -0.28012
1413393950.455760479 -1.08171 1.46978 0.60434 -0.44154 -0.45642 0.722 -0.27467
1413393950.555760384 -1.17786 1.51551 0.61315 -0.44879 -0.44784 0.72009 -0.28195
1413393950.655760527 -1.27789 1.54759 0.61423 -0.46565 -0.43715 0.71114 -0.29387
1413393950.755760431 -1.37845 1.57262 0.60493 -0.48205 -0.42919 0.70136 -0.30253
1413393950.855760574 -1.47692 1.59383 0.58216 -0.49254 -0.42549 0.69538 -0.30465
1413393950.955760479 -1.57061 1.61101 0.54692 0.50123 0.43018 -0.69054 0.29472
1413393951.055760384 -1.66055 1.62512 0.51023 0.50617 0.43896 -0.6876 0.27985
1413393951.155760527 -1.74316 1.63525 0.47788 0.50275 0.43657 -0.69095 0.28149
1413393951.255760431 -1.82064 1.63961 0.45191 0.50048 0.43013 -0.6938 0.28835
1413393951.355760574 -1.88999 1.63974 0.43188 -0.49871 -0.42523 0.69714 -0.29062
1413393951.455760479 -1.95461 1.63771 0.41519 -0.4939 -0.42467 0.703 -0.2855
1413393951.555760384 -2.01488 1.63196 0.39508 -0.48808 -0.42643 0.70901 -0.27792
1413393951.655760527 -2.07507 1.61946 0.36709 -0.48838 -0.42619 0.71083 -0.27306
1413393951.755760431 -2.13261 1.60106 0.33421 -0.49528 -0.42478 0.70797 -0.27026
1413393951.855760574 -2.18598 1.57597 0.29904 0.50134 0.41866 -0.70653 0.2724
1413393951.955760479 -2.23649 1.5447 0.26589 0.50472 0.4125 -0.70724 0.2737
1413393952.055760384 -2.28179 1.50846 0.23705 0.50812 0.40713 -0.70796 0.27358
1413393952.155760527 -2.32273 1.46957 0.21791 0.51077 0.40182 -0.70876 0.27443
1413393952.255760431 -2.36054 1.42748 0.21189 0.51092 0.39557 -0.71112 0.27713
1413393952.355760574 -2.39264 1.38514 0.21877 0.50975 0.39384 -0.7114 0.28099
1413393952.455760479 -2.42101 1.34108 0.23072 0.50883 0.40123 -0.70616 0.2854
1413393952.555760384 -2.44595 1.29675 0.24236 0.50504 0.41528 -0.6985 0.29083
1413393952.655760527 -2.46783 1.25122 0.25394 0.50019 0.43217 -0.68853 0.29827
1413393952.755760431 -2.48551 1.20369 0.26365 -0.49272 -0.44892 0.67848 -0.30881
1413393952.855760574 -2.50017 1.15623 0.2731 -0.48472 -0.46202 0.67067 -0.31902
1413393952.955760479 -2.51288 1.1091 0.28381 -0.4731 -0.46564 0.66895 -0.33447
1413393953.055760384 -2.52502 1.06148 0.29661 -0.46169 -0.46562 0.67011 -0.34785
1413393953.155760527 -2.54057 1.01355 0.30431 -0.45369 -0.46489 0.67144 -0.35666
1413393953.255760431 -2.55966 0.96442 0.294 -0.4488 -0.46324 0.67247 -0.36301
1413393953.355760574 -2.58502 0.91643 0.27671 -0.44369 -0.45788 0.67471 -0.37182
1413393953.455760479 -2.61882 0.87194 0.27046 -0.44636 -0.45221 0.67296 -0.37868
1413393953.555760384 -2.66156 0.83273 0.28016 -0.46066 -0.45295 0.66468 -0.37527
1413393953.655760527 -2.70891 0.79977 0.29801 -0.4802 -0.45991 0.6533 -0.36206
1413393953.755760431 -2.75556 0.77213 0.31544 -0.4957 -0.4629 0.64415 -0.35365
1413393953.855760574 -2.79701 0.75025 0.32346 0.50194 0.46547 -0.63843 0.35185
1413393953.955760479 -2.83222 0.73517 0.32069 -0.4991 -0.47214 0.63437 -0.35434
1413393954.055760384 -2.86125 0.72507 0.31146 -0.48393 -0.4874 0.63638 -0.35111
1413393954.155760527 -2.88522 0.71753 0.3044 -0.46178 -0.50508 0.641 -0.34753
1413393954.255760431 -2.90541 0.70844 0.30083 -0.43603 -0.52558 0.64453 -0.34384
1413393954.355760574 -2.92328 0.69234 0.30314 -0.41382 -0.54603 0.6415 -0.34508
1413393954.455760479 -2.93987 0.66509 0.30889 -0.39674 -0.56683 0.631 -0.35092
1413393954.555760384 -2.95411 0.62593 0.31737 -0.3828 -0.58808 0.61542 -0.359
1413393954.655760527 -2.96672 0.57476 0.32839 0.37092 0.6062 -0.59933 0.36842
1413393954.755760431 -2.9788 0.50915 0.33958 0.36119 0.62076 -0.58677 0.37402
1413393954.855760574 -2.98973 0.43052 0.35187 0.35407 0.63069 -0.57811 0.37769
1413393954.955760479 -2.99759 0.33833 0.36553 0.3525 0.6363 -0.57072 0.38097
1413393955.055760384 -3.00097 0.23378 0.38282 0.36226 0.63396 -0.55822 0.39404
1413393955.155760527 -2.99892 0.12073 0.39836 0.37141 0.63258 -0.54346 0.40809
1413393955.255760431 -2.99245 0.0025 0.41232 0.36855 0.63048 -0.53478 0.42507
1413393955.355760574 -2.98286 -0.11807 0.42596 0.35948 0.63157 -0.52725 0.44033
1413393955.455760479 -2.97194 -0.2392 0.44103 0.35256 0.63935 -0.51103 0.45363
1413393955.555760384 -2.95834 -0.35802 0.45812 0.34869 0.64835 -0.48251 0.4746
1413393955.655760527 -2.94454 -0.47189 0.46739 0.34874 0.66213 -0.44364 0.4931
1413393955.755760431 -2.93097 -0.57569 0.46516 0.35408 0.68405 -0.40499 0.49263
1413393955.855760574 -2.91424 -0.66578 0.45047 0.35826 0.70626 -0.3751 0.4818
1413393955.955760479 -2.88764 -0.74766 0.4297 0.33709 0.72214 -0.37122 0.47654
1413393956.055760384 -2.84976 -0.82486 0.41467 0.30219 0.72838 -0.38021 0.48331
1413393956.155760527 -2.8043 -0.89919 0.40638 0.27325 0.73098 -0.38272 0.49449
1413393956.255760431 -2.75257 -0.97076 0.40305 0.25496 0.73365 -0.37134 0.50878
1413393956.355760574 -2.69882 -1.03701 0.40458 0.24613 0.73442 -0.34661 0.52906
1413393956.455760479 -2.64332 -1.10173 0.40765 0.23639 0.73653 -0.31732 0.54859
1413393956.555760384 -2.58915 -1.15897 0.40887 0.21782 0.74576 -0.28928 0.55921
1413393956.655760527 -2.53598 -1.2099 0.40808 0.19251 0.76081 -0.26254 0.5614
1413393956.755760431 -2.48591 -1.2533 0.40582 0.16496 0.7791 -0.23657 0.55662
1413393956.855760574 -2.43822 -1.29376 0.40603 0.13618 0.7926 -0.2112 0.55556
1413393956.955760479 -2.3917 -1.33383 0.40927 0.10603 0.80036 -0.18734 0.55955
1413393957.055760384 -2.34311 -1.37568 0.41363 0.08125 0.80697 -0.16066 0.56249
1413393957.155760527 -2.29252 -1.42045 0.41796 0.06304 0.81383 -0.12597 0.56377
1413393957.255760431 -2.23843 -1.4667 0.42305 0.04232 0.81843 -0.08855 0.56616
1413393957.355760574 -2.18322 -1.51395 0.42797 0.01871 0.82141 -0.05064 0.56778
1413393957.455760479 -2.12664 -1.56222 0.43197 -0.00386 0.82041 -0.01475 0.57158
1413393957.555760384 -2.06905 -1.6111 0.43031 -0.0251 0.81638 0.01813 0.57669
1413393957.655760527 -2.01427 -1.65909 0.4184 -0.0484 0.80855 0.04997 0.5843
1413393957.755760431 -1.96488 -1.70619 0.39518 -0.07142 0.79604 0.08321 0.59523
1413393957.855760574 -1.91797 -1.75432 0.36249 -0.08475 0.787 0.12197 0.59881
1413393957.955760479 -1.88197 -1.79931 0.32685 -0.0886 0.78235 0.16239 0.59474
1413393958.055760384 -1.85317 -1.84095 0.29988 -0.08919 0.78369 0.19468 0.58308
1413393958.155760527 -1.82845 -1.87321 0.28906 -0.09659 0.78596 0.21148 0.5729
1413393958.255760431 -1.8054 -1.89299 0.29592 -0.10924 0.78653 0.21694 0.56779
1413393958.355760574 -1.78729 -1.90244 0.31655 -0.12952 0.78985 0.21035 0.56135
1413393958.455760479 -1.77225 -1.90751 0.33616 -0.14275 0.79487 0.20415 0.55329
1413393958.555760384 -1.75842 -1.91168 0.34559 -0.1468 0.80289 0.2019 0.54134
1413393958.655760527 -1.74087 -1.91518 0.34159 -0.14513 0.81137 0.20158 0.52913
1413393958.755760431 -1.71875 -1.91636 0.32934 -0.14299 0.81397 0.20036 0.52618
1413393958.855760574 -1.68744 -1.91403 0.31011 -0.14223 0.80658 0.19697 0.53889
1413393958.955760479 -1.64899 -1.90743 0.27951 -0.14162 0.79895 0.19308 0.55167
1413393959.055760384 -1.61047 -1.89826 0.24071 -0.14955 0.79335 0.18282 0.56108
1413393959.155760527 -1.57262 -1.89014 0.19894 -0.16297 0.7873 0.169 0.57013
1413393959.255760431 -1.53618 -1.88771 0.16139 -0.16146 0.78046 0.16664 0.58056
1413393959.355760574 -1.50149 -1.89026 0.1253 -0.15117 0.7829 0.17103 0.57876
1413393959.455760479 -1.4685 -1.89578 0.09313 -0.1429 0.78693 0.17504 0.57418
1413393959.555760384 -1.43908 -1.90202 0.06648 -0.13805 0.78519 0.1771 0.57711
1413393959.655760527 -1.41463 -1.90922 0.04979 -0.13973 0.76683 0.17537 0.60141
1413393959.755760431 -1.40011 -1.91989 0.03509 -0.14314 0.75107 0.17192 0.62117
1413393959.855760574 -1.39762 -1.9339 0.01683 -0.13959 0.76011 0.17378 0.61036
1413393959.955760479 -1.40521 -1.95084 -4e-05 -0.13158 0.77826 0.17823 0.58757
1413393960.055760384 -1.41869 -1.96819 -0.01235 -0.12599 0.79327 0.18109 0.5675
1413393960.155760527 -1.43328 -1.98244 -0.02044 -0.12127 0.80489 0.18375 0.55107
1413393960.255760431 -1.44548 -1.99199 -0.02674 -0.11662 0.81836 0.18604 0.5311
1413393960.355760574 -1.44989 -1.99468 -0.02973 -0.11509 0.82407 0.18726 0.52211
1413393960.455760479 -1.44513 -1.98964 -0.02709 -0.12122 0.81344 0.19046 0.53604
1413393960.555760384 -1.43565 -1.97825 -0.03307 -0.13246 0.80062 0.2011 0.54866
1413393960.655760527 -1.42612 -1.96213 -0.06097 -0.14876 0.78922 0.22025 0.55362
1413393960.755760431 -1.4181 -1.94276 -0.11151 -0.16639 0.78045 0.24496 0.55064
1413393960.855760574 -1.41116 -1.92111 -0.17666 -0.18199 0.77728 0.27052 0.53808
1413393960.955760479 -1.40307 -1.8969 -0.24156 -0.19357 0.78203 0.28966 0.51678
1413393961.055760384 -1.38807 -1.86882 -0.2931 -0.20358 0.78435 0.30024 0.5032
1413393961.155760527 -1.36562 -1.83632 -0.32695 -0.21021 0.77473 0.30554 0.5121
1413393961.255760431 -1.33812 -1.80209 -0.33718 -0.23006 0.75521 0.29566 0.53788
1413393961.355760574 -1.31313 -1.7732 -0.32794 -0.26239 0.72659 0.27286 0.57339
1413393961.455760479 -1.29323 -1.75688 -0.30721 -0.27709 0.70479 0.26167 0.59835
1413393961.555760384 -1.28432 -1.75869 -0.27627 -0.2601 0.7116 0.27346 0.59262
1413393961.655760527 -1.28916 -1.77556 -0.23823 -0.2358 0.73099 0.29034 0.57074
1413393961.755760431 -1.30163 -1.79986 -0.18 -0.22338 0.73838 0.2985 0.56196
1413393961.855760574 -1.3181 -1.82409 -0.10707 -0.21757 0.74515 0.30188 0.55343
1413393961.955760479 -1.3402 -1.84841 -0.02381 -0.21283 0.75234 0.30502 0.54374
1413393962.055760384 -1.36273 -1.86886 0.0696 -0.20951 0.75979 0.30742 0.53322
1413393962.155760527 -1.38502 -1.88528 0.17863 -0.20654 0.76638 0.31005 0.52332
1413393962.255760431 -1.40521 -1.89651 0.29966 -0.20552 0.77095 0.31235 0.51559
1413393962.355760574 -1.42229 -1.90151 0.4245 -0.20166 0.77722 0.31526 0.50584
1413393962.455760479 -1.43641 -1.902 0.53452 -0.19223 0.78883 0.31943 0.48862
1413393962.555760384 -1.44323 -1.89547 0.62147 -0.17838 0.8033 0.31749 0.47127
1413393962.655760527 -1.4381 -1.87926 0.69006 -0.16052 0.81137 0.30831 0.46995
1413393962.755760431 -1.4224 -1.85084 0.75213 -0.13903 0.81061 0.29148 0.48849
1413393962.855760574 -1.39784 -1.8074 0.80761 -0.11236 0.804 0.26887 0.51833
1413393962.955760479 -1.36904 -1.75252 0.85451 -0.0839 0.79662 0.24065 0.54813
1413393963.055760384 -1.34267 -1.68646 0.89565 -0.05788 0.7938 0.20515 0.5696
1413393963.155760527 -1.32056 -1.60729 0.92779 -0.03473 0.79119 0.16587 0.58762
1413393963.255760431 -1.30144 -1.51547 0.94809 -0.02462 0.79068 0.11912 0.60003
1413393963.355760574 -1.28985 -1.41415 0.95883 -0.01308 0.79092 0.07459 0.60722
1413393963.455760479 -1.28591 -1.30764 0.9573 0.00503 0.79305 0.03561 0.60809
1413393963.555760384 -1.28909 -1.19726 0.94496 0.02174 0.79386 -0.00042 0.60771
1413393963.655760527 -1.29719 -1.08478 0.92201 0.03911 0.79139 -0.03138 0.60925
1413393963.755760431 -1.30983 -0.96907 0.89008 0.05858 0.78804 -0.05769 0.61011
1413393963.855760574 -1.32812 -0.85043 0.85056 0.08037 0.78623 -0.08082 0.60733
1413393963.955760479 -1.35249 -0.72807 0.80233 0.10256 0.78744 -0.10346 0.59893
1413393964.055760384 -1.37877 -0.59935 0.7461 0.12277 0.78837 -0.12707 0.58928
1413393964.155760527 -1.40827 -0.46336 0.68361 0.13785 0.78517 -0.15467 0.5836
1413393964.255760431 -1.43835 -0.32409 0.61694 0.14539 0.77902 -0.18705 0.58052
1413393964.355760574 -1.46981 -0.18315 0.5532 0.15124 0.77407 -0.21873 0.57455
1413393964.455760479 -1.50183 -0.04383 0.49565 0.15812 0.7682 -0.24781 0.56874
1413393964.555760384 -1.53658 0.09118 0.44437 0.16508 0.76098 -0.27419 0.56433
1413393964.655760527 -1.57588 0.221 0.39727 0.16982 0.75185 -0.30028 0.56189
1413393964.755760431 -1.62104 0.34511 0.35604 0.17677 0.74164 -0.32464 0.55977
1413393964.855760574 -1.6725 0.46337 0.31757 0.18064 0.73604 -0.34994 0.5506
1413393964.955760479 -1.7311 0.57295 0.28132 0.17997 0.73532 -0.37829 0.53274
1413393965.055760384 -1.79625 0.66733 0.24863 0.16802 0.73301 -0.41273 0.51393
1413393965.155760527 -1.86781 0.74317 0.22132 0.15427 0.72719 -0.44801 0.49667
1413393965.255760431 -1.94659 0.79371 0.19896 0.15438 0.72622 -0.47309 0.47429
1413393965.355760574 -2.03302 0.81477 0.1846 0.17168 0.73533 -0.47954 0.44706
1413393965.455760479 -2.11922 0.80465 0.17914 0.21117 0.75077 -0.46197 0.42229
1413393965.555760384 -2.19673 0.77085 0.18131 0.26489 0.76524 -0.42513 0.40435
1413393965.655760527 -2.24717 0.71102 0.19068 0.30321 0.77098 -0.39476 0.39726
1413393965.755760431 -2.2713 0.64532 0.20263 0.31363 0.7616 -0.38784 0.41373
1413393965.855760574 -2.27038 0.57432 0.21829 0.31482 0.74061 -0.38805 0.44923
1413393965.955760479 -2.25486 0.50172 0.22774 0.32354 0.72998 -0.3815 0.46574
1413393966.055760384 -2.23009 0.4325 0.22878 0.33603 0.72861 -0.37142 0.46718
1413393966.155760527 -2.19052 0.36934 0.23521 0.33015 0.72635 -0.37568 0.47147
1413393966.255760431 -2.13578 0.31259 0.25526 0.32505 0.72541 -0.37948 0.47341
1413393966.355760574 -2.06824 0.26033 0.29113 0.33549 0.72839 -0.37054 0.46861
1413393966.455760479 -1.98611 0.2195 0.34278 0.35122 0.72306 -0.35623 0.47636
1413393966.555760384 -1.89082 0.19075 0.39733 0.35343 0.70832 -0.35122 0.50001
1413393966.655760527 -1.78812 0.17615 0.44138 0.35152 0.695 -0.34995 0.52052
1413393966.755760431 -1.67992 0.17402 0.47152 0.34969 0.68558 -0.35014 0.53395
1413393966.855760574 -1.57097 0.18789 0.48991 0.34621 0.68216 -0.35313 0.53861
1413393966.955760479 -1.46194 0.21558 0.49793 0.32773 0.68588 -0.37069 0.53362
1413393967.055760384 -1.35585 0.25503 0.49657 0.30375 0.68705 -0.39757 0.52692
1413393967.155760527 -1.25215 0.29709 0.48922 0.29105 0.6854 -0.41686 0.52129
1413393967.255760431 -1.15362 0.33942 0.47557 0.2902 0.67995 -0.42983 0.51836
1413393967.355760574 -1.06633 0.38287 0.45385 0.30123 0.67059 -0.44007 0.51567
1413393967.455760479 -0.98713 0.42633 0.42478 0.31778 0.65558 -0.45339 0.51348
1413393967.555760384 -0.91556 0.47058 0.38998 0.33093 0.63911 -0.47262 0.50859
1413393967.655760527 -0.85153 0.51827 0.35857 0.34178 0.62367 -0.49538 0.49882
1413393967.755760431 -0.796 0.56872 0.33365 0.35723 0.60932 -0.51623 0.48439
1413393967.855760574 -0.74904 0.62426 0.31887 0.37001 0.59674 -0.53675 0.46787
1413393967.955760479 -0.70775 0.68106 0.31565 0.36759 0.59471 -0.56168 0.4424
1413393968.055760384 -0.67248 0.73304 0.33015 0.36438 0.59607 -0.57968 0.4194
1413393968.155760527 -0.6411 0.77576 0.36422 0.36796 0.593 -0.58707 0.41026
1413393968.255760431 -0.61061 0.80873 0.4054 -0.36504 -0.58629 0.59505 -0.411
1413393968.355760574 -0.58243 0.83568 0.44084 -0.36598 -0.58957 0.59633 -0.40356
1413393968.455760479 -0.55581 0.85418 0.46851 0.37706 0.60079 -0.58811 0.38858
1413393968.555760384 -0.52792 0.86388 0.48777 0.39144 0.60491 -0.57627 0.38571
1413393968.655760527 -0.49732 0.86408 0.49551 0.39796 0.60672 -0.57234 0.38202
1413393968.755760431 -0.46276 0.85745 0.49203 0.39809 0.60365 -0.57761 0.37881
1413393968.855760574 -0.42395 0.84387 0.48021 0.40803 0.59096 -0.58121 0.38272
1413393968.955760479 -0.38268 0.82612 0.45981 -0.42171 -0.56674 0.58786 -0.3942
1413393969.055760384 -0.34012 0.80484 0.42782 -0.43144 -0.53825 0.60129 -0.40322
1413393969.155760527 -0.29873 0.7883 0.3929 -0.44759 -0.51395 0.61271 -0.40013
1413393969.255760431 -0.25777 0.77554 0.35888 -0.46455 -0.49441 0.62532 -0.38567
1413393969.355760574 -0.21682 0.76711 0.32728 -0.47332 -0.47459 0.64371 -0.36929
1413393969.455760479 -0.17601 0.76403 0.29958 -0.47456 -0.44847 0.66475 -0.36302
1413393969.555760384 -0.13817 0.76619 0.27481 -0.47159 -0.41706 0.68553 -0.36566
1413393969.655760527 -0.10849 0.77557 0.25324 -0.46773 -0.3934 0.70578 -0.35824
1413393969.755760431 -0.09022 0.79003 0.24294 -0.46577 -0.37621 0.722 -0.34676
1413393969.855760574 -0.08391 0.81113 0.25074 -0.46473 -0.36313 0.73296 -0.33902
1413393969.955760479 -0.09025 0.83923 0.2763 -0.4727 -0.35787 0.73497 -0.3291
1413393970.055760384 -0.10898 0.87099 0.31725 -0.48701 -0.36994 0.7307 -0.30339
1413393970.155760527 -0.13539 0.90317 0.36171 -0.49778 -0.38781 0.72583 -0.27384
1413393970.255760431 -0.16313 0.93205 0.39707 -0.4999 -0.39738 0.72466 -0.25897
1413393970.355760574 -0.19076 0.95388 0.42126 -0.49944 -0.40116 0.72441 -0.25468
1413393970.455760479 -0.21777 0.96697 0.44166 0.50008 0.40402 -0.7228 0.25348
1413393970.555760384 -0.24404 0.97184 0.46389 0.51002 0.40235 -0.71461 0.25948
1413393970.655760527 -0.26685 0.96969 0.48534 0.5228 0.40282 -0.70423 0.26168
1413393970.755760431 -0.28381 0.96244 0.49512 0.53832 0.4094 -0.69218 0.25197
1413393970.855760574 -0.29221 0.95281 0.4909 0.54962 0.4232 -0.68279 0.22938
1413393970.955760479 -0.28659 0.9369 0.47929 0.5559 0.43105 -0.6772 0.21579
1413393971.055760384 -0.26413 0.91159 0.471 0.55657 0.42555 -0.67668 0.22634
1413393971.155760527 -0.22352 0.87799 0.47204 0.56084 0.41158 -0.67229 0.25315
1413393971.255760431 -0.16583 0.84335 0.48766 0.57473 0.39683 -0.65812 0.28123
1413393971.355760574 -0.09212 0.8172 0.50873 0.59223 0.38614 -0.63997 0.301
1413393971.455760479 -0.00286 0.80375 0.51713 0.59543 0.38119 -0.63479 0.31176
1413393971.555760384 0.10015 0.80374 0.50835 0.56952 0.38157 -0.65554 0.31674
1413393971.655760527 0.21237 0.81574 0.49518 0.52889 0.37012 -0.68594 0.33582
1413393971.755760431 0.32316 0.83929 0.4893 -0.49532 -0.34586 0.70884 -0.36411
1413393971.855760574 0.42112 0.87754 0.49146 -0.47191 -0.32513 0.72478 -0.38248
1413393971.955760479 0.49855 0.93241 0.50172 -0.46934 -0.32534 0.73083 -0.37385
1413393972.055760384 0.55686 0.99989 0.51872 -0.47726 -0.33641 0.73192 -0.35121
1413393972.155760527 0.60275 1.07556 0.52902 -0.473 -0.34245 0.73914 -0.33567
1413393972.255760431 0.63925 1.15453 0.52025 -0.46088 -0.34935 0.74994 -0.32115
1413393972.355760574 0.65855 1.23353 0.50499 -0.47845 -0.36629 0.74101 -0.29635
1413393972.455760479 0.67119 1.31154 0.49117 -0.49785 -0.38213 0.72834 -0.27503
1413393972.555760384 0.6836 1.38745 0.47721 -0.49821 -0.39794 0.72736 -0.25374
1413393972.655760527 0.69613 1.45392 0.4656 -0.49361 -0.40535 0.73044 -0.24186
1413393972.755760431 0.70884 1.50712 0.4539 -0.4945 -0.40642 0.73062 -0.23768
1413393972.855760574 0.72324 1.5477 0.44173 0.50033 0.40389 -0.72826 0.23701
1413393972.955760479 0.73819 1.57572 0.42893 0.50679 0.40252 -0.72575 0.23333
1413393973.055760384 0.75799 1.59535 0.41775 0.51584 0.40201 -0.72057 0.23039
1413393973.155760527 0.78375 1.60337 0.40724 0.52842 0.39773 -0.71208 0.23564
1413393973.255760431 0.81735 1.60626 0.3953 0.54498 0.39216 -0.69908 0.24597
1413393973.355760574 0.86053 1.60513 0.38431 0.56348 0.38477 -0.68336 0.25973
1413393973.455760479 0.91523 1.60233 0.37448 0.57916 0.37882 -0.66838 0.27265
1413393973.555760384 0.98512 1.60932 0.3631 0.59154 0.37455 -0.65588 0.28214
1413393973.655760527 1.07099 1.62698 0.35078 0.58948 0.36908 -0.65504 0.29533
1413393973.755760431 1.17197 1.65713 0.33563 0.56062 0.35932 -0.67515 0.31744
1413393973.855760574 1.27969 1.70146 0.32183 0.51547 0.34569 -0.70504 0.34309
1413393973.955760479 1.37982 1.7591 0.31179 -0.46357 -0.33123 0.73607 -0.36551
1413393974.055760384 1.45943 1.83096 0.3044 -0.40941 -0.33915 0.76925 -0.35444
1413393974.155760527 1.50715 1.90945 0.30356 -0.36021 -0.35856 0.7982 -0.32335
1413393974.255760431 1.5155 1.97993 0.31486 -0.34123 -0.3948 0.8085 -0.27208
1413393974.355760574 1.4846 2.02605 0.33945 -0.34462 -0.43078 0.80391 -0.22223
1413393974.455760479 1.4299 2.0348 0.37106 -0.35873 -0.45938 0.79142 -0.18421
1413393974.555760384 1.35571 1.99999 0.41341 -0.3897 -0.48393 0.76684 -0.16093
1413393974.655760527 1.27607 1.92188 0.46031 -0.43152 -0.49436 0.73709 -0.16156
1413393974.755760431 1.20196 1.80769 0.50719 -0.47758 -0.49157 0.70556 -0.18014
1413393974.855760574 1.14145 1.67099 0.54627 0.51115 0.47855 -0.68316 0.20738
1413393974.955760479 1.09339 1.5213 0.57111 0.52756 0.45515 -0.67464 0.24368
1413393975.055760384 1.05595 1.36934 0.58471 0.53526 0.43236 -0.67138 0.27536
1413393975.155760527 1.03463 1.21872 0.58629 0.53419 0.41445 -0.67375 0.29821
1413393975.255760431 1.0218 1.07374 0.58008 0.5267 0.40549 -0.68054 0.30827
1413393975.355760574 1.01446 0.93728 0.57787 0.52548 0.40398 -0.68199 0.30913
1413393975.455760479 1.01401 0.80945 0.58066 0.53581 0.40673 -0.67417 0.30492
1413393975.555760384 1.02245 0.6912 0.58064 0.54669 0.40896 -0.66536 0.30195
1413393975.655760527 1.03857 0.58015 0.58187 0.5512 0.4086 -0.66116 0.30345
1413393975.755760431 1.06541 0.47566 0.58076 0.54248 0.40019 -0.66832 0.3145
1413393975.855760574 1.10122 0.37873 0.58272 0.5335 0.38842 -0.67678 0.32631
1413393975.955760479 1.14057 0.29362 0.58696 0.52651 0.37817 -0.68475 0.33301
1413393976.055760384 1.18024 0.22047 0.58819 0.52075 0.37896 -0.69357 0.32275
1413393976.155760527 1.22058 0.15845 0.57956 0.51732 0.38052 -0.70038 0.31153
1413393976.255760431 1.26241 0.10483 0.56018 0.51247 0.37618 -0.70673 0.31049
1413393976.355760574 1.30312 0.05967 0.53697 0.51162 0.36662 -0.70839 0.3194
1413393976.455760479 1.34057 0.02363 0.52033 0.512 0.36129 -0.70563 0.33078
1413393976.555760384 1.37531 -0.00383 0.51396 0.50309 0.36873 -0.70531 0.33686
1413393976.655760527 1.40436 -0.02162 0.50874 -0.49332 -0.38007 0.70483 -0.33972
1413393976.755760431 1.42788 -0.03224 0.49641 -0.48425 -0.38556 0.70356 -0.34907
1413393976.855760574 1.44307 -0.0348 0.47578 -0.47178 -0.39385 0.7066 -0.35075
1413393976.955760479 1.44897 -0.03026 0.45413 -0.45755 -0.40937 0.71303 -0.33859
1413393977.055760384 1.44678 -0.02556 0.43683 -0.45538 -0.42687 0.71338 -0.3186
1413393977.155760527 1.4371 -0.02642 0.4308 -0.46389 -0.43774 0.70714 -0.30518
1413393977.255760431 1.42374 -0.03591 0.44004 -0.47662 -0.44098 0.69849 -0.3008
1413393977.355760574 1.41057 -0.05133 0.46108 -0.48689 -0.44051 0.69165 -0.30086
1413393977.455760479 1.4 -0.06956 0.49307 -0.49342 -0.43907 0.6884 -0.29978
1413393977.555760384 1.39358 -0.09076 0.52743 -0.49731 -0.43925 0.68768 -0.29467
1413393977.655760527 1.39085 -0.1149 0.55517 -0.49862 -0.43806 0.68887 -0.29145
1413393977.755760431 1.39015 -0.14281 0.57169 -0.49939 -0.43593 0.6907 -0.28898
1413393977.855760574 1.39541 -0.17503 0.58244 0.501 0.43305 -0.69194 0.28756
1413393977.955760479 1.40478 -0.20993 0.59264 0.50224 0.42948 -0.69374 0.2864
1413393978.055760384 1.41799 -0.2495 0.60533 0.50091 0.42406 -0.69795 0.2866
1413393978.155760527 1.43477 -0.29095 0.61962 -0.49838 -0.41688 0.70289 -0.28944
1413393978.255760431 1.45205 -0.33468 0.63523 -0.49815 -0.40697 0.70717 -0.29348
1413393978.355760574 1.46935 -0.37857 0.65238 0.50196 0.39191 -0.71166 0.29662
1413393978.455760479 1.48507 -0.42063 0.67114 0.50886 0.37242 -0.71701 0.29709
1413393978.555760384 1.49773 -0.45797 0.6905 0.51862 0.34952 -0.72311 0.29324
1413393978.655760527 1.50776 -0.48853 0.7098 0.52542 0.32624 -0.73393 0.28079
1413393978.755760431 1.51536 -0.5152 0.72986 0.52835 0.30318 -0.74804 0.26337
1413393978.855760574 1.52086 -0.53384 0.75072 0.5309 0.27831 -0.76127 0.2473
1413393978.955760479 1.52261 -0.54742 0.77327 0.53703 0.25151 -0.77097 0.23227
1413393979.055760384 1.51997 -0.55491 0.79538 0.54164 0.22197 -0.78049 0.21953
1413393979.155760527 1.51185 -0.5524 0.81675 0.5473 0.19171 -0.78863 0.20439
1413393979.255760431 1.50117 -0.54071 0.83217 0.5544 0.1633 -0.79505 0.18404
1413393979.355760574 1.49004 -0.52138 0.83597 0.56095 0.13191 -0.80012 0.16657
1413393979.455760479 1.47706 -0.49298 0.82742 0.56567 0.09883 -0.80442 0.15219
1413393979.555760384 1.46158 -0.45623 0.81123 0.56888 0.06496 -0.80792 0.13935
1413393979.655760527 1.44265 -0.40714 0.78922 0.57178 0.03476 -0.81083 0.12003
1413393979.755760431 1.42227 -0.34461 0.76813 0.57567 0.00911 -0.81211 0.09487
1413393979.855760574 1.40112 -0.27087 0.75181 0.57697 -0.01114 -0.81422 0.06352
1413393979.955760479 1.38034 -0.18798 0.7401 0.57385 -0.03236 -0.81758 0.03488
1413393980.055760384 1.35875 -0.0991 0.7305 0.56661 -0.05429 -0.82216 0.00749
1413393980.155760527 1.33371 -0.00631 0.72183 0.55405 -0.07014 -0.82915 -0.02483
1413393980.255760431 1.30258 0.08685 0.71363 0.53891 -0.08151 -0.83667 -0.05403
1413393980.355760574 1.26271 0.17551 0.70705 0.52886 -0.08959 -0.84084 -0.07259
1413393980.455760479 1.21027 0.25816 0.70224 0.52951 -0.09389 -0.83895 -0.08347
1413393980.555760384 1.14717 0.33294 0.69777 0.5431 -0.09516 -0.82938 -0.09003
1413393980.655760527 1.07454 0.40125 0.69427 0.55977 -0.09335 -0.81779 -0.09574
1413393980.755760431 0.99824 0.46272 0.69146 0.56476 -0.09276 -0.81428 -0.09688
1413393980.855760574 0.91925 0.51593 0.68856 0.55639 -0.09695 -0.82025 -0.09065
1413393980.955760479 0.83628 0.5639 0.68819 0.54423 -0.10503 -0.82859 -0.07886
1413393981.055760384 0.74669 0.6098 0.69344 0.54001 -0.11555 -0.83121 -0.06418
1413393981.155760527 0.64941 0.66078 0.70726 0.54582 -0.12341 -0.82707 -0.05298
1413393981.255760431 0.54857 0.71255 0.73523 0.55404 -0.12758 -0.82136 -0.0461
1413393981.355760574 0.44386 0.77146 0.77459 0.55333 -0.12818 -0.82199 -0.04159
1413393981.455760479 0.33694 0.83669 0.81432 0.54928 -0.12249 -0.8254 -0.04471
1413393981.555760384 0.22551 0.9072 0.84536 0.54748 -0.11084 -0.82757 -0.05568
1413393981.655760527 0.10871 0.97896 0.86305 0.54638 -0.10189 -0.8289 -0.06329
1413393981.755760431 -0.01057 1.04799 0.86748 0.5459 -0.09442 -0.82963 -0.06928
1413393981.855760574 -0.13406 1.1132 0.86124 0.54958 -0.08472 -0.82778 -0.07465
1413393981.955760479 -0.26127 1.17088 0.8456 0.55602 -0.06872 -0.8249 -0.07526
1413393982.055760384 -0.39001 1.2184 0.82988 0.56302 -0.04963 -0.82217 -0.06765
1413393982.155760527 -0.52383 1.25795 0.81703 0.57007 -0.02545 -0.81949 -0.05307
1413393982.255760431 -0.65997 1.28796 0.8073 0.57483 0.00261 -0.81769 -0.03081
1413393982.355760574 -0.79638 1.30947 0.79981 0.57555 0.03619 -0.81695 -0.00445
1413393982.455760479 -0.93037 1.32232 0.79501 0.57093 0.07564 -0.81716 0.02356
1413393982.555760384 -1.06078 1.32662 0.79187 0.56491 0.1195 -0.81465 0.05427
1413393982.655760527 -1.18891 1.32228 0.78988 0.55968 0.16857 -0.80686 0.08552
1413393982.755760431 -1.31717 1.30978 0.78595 0.55413 0.2224 -0.79383 0.1154
1413393982.855760574 -1.44139 1.28757 0.78386 0.54928 0.27748 -0.77491 0.14427
1413393982.955760479 -1.55765 1.25586 0.77947 0.54118 0.33138 -0.75328 0.17285
1413393983.055760384 -1.6669 1.21744 0.77466 0.52925 0.38139 -0.73053 0.20189
1413393983.155760527 -1.76333 1.16859 0.77008 0.51765 0.42985 -0.70404 0.22715
1413393983.255760431 -1.84521 1.11054 0.76583 0.50587 0.47583 -0.67468 0.24999
1413393983.355760574 -1.91392 1.04509 0.76 -0.49383 -0.51842 0.64258 -0.27288
1413393983.455760479 -1.96471 0.97158 0.75835 -0.48285 -0.5553 0.60776 -0.29853
1413393983.555760384 -1.99867 0.88965 0.75956 0.47181 0.58657 -0.57138 0.32689
1413393983.655760527 -2.00583 0.80748 0.76474 0.459 0.61507 -0.53452 0.35397
1413393983.755760431 -1.99657 0.72503 0.77142 0.44172 0.63939 -0.50064 0.38135
1413393983.855760574 -1.96587 0.64522 0.78009 0.41971 0.66055 -0.47142 0.40654
1413393983.955760479 -1.91791 0.56954 0.79236 0.40018 0.67945 -0.44148 0.42814
1413393984.055760384 -1.85188 0.50092 0.80612 0.38274 0.69754 -0.40961 0.44628
1413393984.155760527 -1.76807 0.44239 0.82289 0.36589 0.71474 -0.37502 0.46329
1413393984.255760431 -1.6686 0.39821 0.84317 0.34751 0.73028 -0.3402 0.47978
1413393984.355760574 -1.55452 0.36814 0.86563 0.32447 0.74216 -0.31167 0.49678
1413393984.455760479 -1.4298 0.35311 0.89065 0.30524 0.75061 -0.28516 0.51195
1413393984.555760384 -1.29468 0.3502 0.91611 0.29009 0.75582 -0.26163 0.52548
1413393984.655760527 -1.15333 0.36153 0.93852 0.2668 0.76172 -0.25008 0.53485
1413393984.755760431 -1.00668 0.38305 0.95133 0.23444 0.76344 -0.25463 0.54531
1413393984.855760574 -0.85807 0.41033 0.95347 0.2066 0.76369 -0.26618 0.55068
1413393984.955760479 -0.71208 0.43872 0.94442 0.18201 0.76255 -0.2915 0.5481
1413393985.055760384 -0.5715 0.46363 0.92592 0.17641 0.75701 -0.31839 0.54262
1413393985.155760527 -0.43741 0.48161 0.90151 0.19592 0.74637 -0.33856 0.53845
1413393985.255760431 -0.30813 0.49288 0.87057 0.2274 0.73252 -0.35611 0.53375
1413393985.355760574 -0.18563 0.50366 0.83581 0.26209 0.7186 -0.37458 0.52403
1413393985.455760479 -0.06438 0.51451 0.80352 0.29242 0.70355 -0.39699 0.51177
1413393985.555760384 0.05736 0.52955 0.7733 0.31538 0.68683 -0.42373 0.49926
1413393985.655760527 0.17835 0.54714 0.74329 0.32391 0.6718 -0.4585 0.48327
1413393985.755760431 0.29508 0.5661 0.7147 0.32497 0.65771 -0.4957 0.46486
1413393985.855760574 0.41056 0.58154 0.69132 0.32698 0.64277 -0.52935 0.44691
1413393985.955760479 0.52172 0.5875 0.67544 0.33039 0.6237 -0.56064 0.43306
1413393986.055760384 0.62769 0.5816 0.66811 0.33902 0.60185 -0.58678 0.42253
1413393986.155760527 0.72509 0.56679 0.66557 -0.34785 -0.57654 0.6117 -0.41524
1413393986.255760431 0.81513 0.54433 0.66513 -0.35497 -0.5458 0.63707 -0.41262
1413393986.355760574 0.9025 0.5197 0.66093 -0.36432 -0.51384 0.66123 -0.40744
1413393986.455760479 0.96253 0.48059 0.66267 -0.37588 -0.48345 0.68262 -0.39877
1413393986.555760384 1.00793 0.44048 0.66738 -0.40353 -0.46164 0.6929 -0.3794
1413393986.655760527 1.02627 0.39207 0.67848 -0.44315 -0.45023 0.69239 -0.34858
1413393986.755760431 1.04279 0.3427 0.68978 -0.48095 -0.43353 0.69029 -0.32287
1413393986.855760574 1.05501 0.29485 0.70146 0.51378 0.41571 -0.68801 0.29975
1413393986.955760479 1.07328 0.2494 0.70906 0.53141 0.40052 -0.69084 0.28273
1413393987.055760384 1.09701 0.20874 0.71356 0.53037 0.38916 -0.70274 0.27096
1413393987.155760527 1.12496 0.17238 0.70942 0.52629 0.38205 -0.71261 0.26315
1413393987.255760431 1.15779 0.13581 0.7002 0.52214 0.37791 -0.71967 0.25815
1413393987.355760574 1.19465 0.09491 0.69568 0.51889 0.37604 -0.72386 0.25569
1413393987.455760479 1.23535 0.04916 0.69715 0.51658 0.37605 -0.72553 0.25561
1413393987.555760384 1.27705 -0.00036 0.70386 0.51842 0.37535 -0.72481 0.25496
1413393987.655760527 1.32203 -0.05069 0.7116 0.52378 0.37152 -0.72424 0.25119
1413393987.755760431 1.36784 -0.10304 0.72035 0.52807 0.36231 -0.72708 0.24746
1413393987.855760574 1.41434 -0.1594 0.72679 0.52791 0.35189 -0.73254 0.24671
1413393987.955760479 1.46344 -0.21451 0.72394 0.52614 0.3434 -0.73779 0.24683
1413393988.055760384 1.51266 -0.27213 0.70693 0.52686 0.33764 -0.74032 0.24565
1413393988.155760527 1.56298 -0.32741 0.67881 0.53222 0.33435 -0.73908 0.24228
1413393988.255760431 1.61349 -0.3847 0.64099 0.54009 0.33388 -0.7354 0.23669
1413393988.355760574 1.66728 -0.44129 0.59809 0.54727 0.33486 -0.73129 0.23149
1413393988.455760479 1.72338 -0.4974 0.55801 0.55348 0.34113 -0.72719 0.22018
1413393988.555760384 1.78619 -0.55573 0.51828 0.55853 0.35231 -0.72347 0.20128
1413393988.655760527 1.86074 -0.62086 0.48505 0.56033 0.35397 -0.72268 0.19611
1413393988.755760431 1.94655 -0.69064 0.4529 0.55087 0.34314 -0.73176 0.20817
1413393988.855760574 2.0376 -0.76303 0.4262 0.53034 0.32149 -0.75133 0.22559
1413393988.955760479 2.12188 -0.83548 0.41803 0.50531 0.29287 -0.77513 0.24098
1413393989.055760384 2.19423 -0.90378 0.42662 -0.48481 -0.26574 0.79545 -0.24821
1413393989.155760527 2.24957 -0.96866 0.45185 -0.46566 -0.24239 0.81345 -0.25042
1413393989.255760431 2.28133 -1.03043 0.49445 -0.45801 -0.23128 0.82419 -0.2397
1413393989.355760574 2.29018 -1.09033 0.55249 -0.49715 -0.24313 0.80683 -0.20677
1413393989.455760479 2.28354 -1.14973 0.61488 0.54644 0.25056 -0.77807 0.18228
1413393989.555760384 2.275 -1.20896 0.66571 0.57976 0.25218 -0.75563 0.17121
1413393989.655760527 2.27331 -1.26687 0.69955 0.59031 0.25183 -0.74869 0.16603
1413393989.755760431 2.27902 -1.32678 0.71765 0.58696 0.24707 -0.75385 0.16171
1413393989.855760574 2.29269 -1.38627 0.72518 0.58185 0.23199 -0.76212 0.16375
1413393989.955760479 2.31145 -1.44412 0.72444 0.5789 0.20619 -0.77019 0.1708
1413393990.055760384 2.33246 -1.49707 0.71496 0.58138 0.17363 -0.77604 0.17209
1413393990.155760527 2.356 -1.53948 0.69754 0.5874 0.1421 -0.78095 0.15772
1413393990.255760431 2.38142 -1.57291 0.67204 0.5909 0.10834 -0.78761 0.13701
1413393990.355760574 2.41165 -1.59363 0.63795 0.5868 0.07116 -0.79816 0.11635
1413393990.455760479 2.44332 -1.60802 0.60864 0.5816 0.03105 -0.80701 0.09752
1413393990.555760384 2.47643 -1.60825 0.57977 0.57162 -0.00872 -0.81631 0.08254
1413393990.655760527 2.5068 -1.59691 0.55326 0.54516 -0.04113 -0.83483 0.06453
1413393990.755760431 2.52873 -1.57093 0.53095 0.50692 -0.05043 -0.86001 0.02951
1413393990.855760574 2.5328 -1.53756 0.51641 -0.4769 0.04508 0.87775 0.00988
1413393990.955760479 2.50998 -1.50319 0.51094 -0.47393 0.03412 0.87884 0.0431
1413393991.055760384 2.45733 -1.47672 0.51708 0.50993 -0.01941 -0.85732 -0.06785
1413393991.155760527 2.38305 -1.46161 0.53048 0.56703 -0.01156 -0.82016 -0.07535
1413393991.255760431 2.30643 -1.45895 0.5455 0.62572 -0.01154 -0.77701 -0.0678
1413393991.355760574 2.24404 -1.46803 0.55804 0.66722 -0.0154 -0.74289 -0.05196
1413393991.455760479 2.20162 -1.48833 0.56421 0.66981 -0.0257 -0.74156 -0.02793
1413393991.555760384 2.18393 -1.51154 0.5646 0.63744 -0.04137 -0.76938 0.00268
1413393991.655760527 2.1818 -1.53043 0.56724 0.595 -0.0579 -0.80096 0.0328
1413393991.755760431 2.18845 -1.54023 0.57398 0.55897 -0.06761 -0.82506 0.04754
1413393991.855760574 2.1861 -1.53426 0.59293 0.54964 -0.06676 -0.83168 0.04181
1413393991.955760479 2.1737 -1.51448 0.62334 0.57891 -0.04575 -0.81407 0.00724
1413393992.055760384 2.16445 -1.49118 0.65674 0.61712 -0.02757 -0.78615 -0.01947
1413393992.155760527 2.1638 -1.46821 0.68226 0.6323 -0.0192 -0.77382 -0.03198
1413393992.255760431 2.17479 -1.45198 0.69787 0.60422 -0.01881 -0.79581 -0.03533
1413393992.355760574 2.19392 -1.44022 0.71083 0.56839 -0.03069 -0.82188 -0.02267
1413393992.455760479 2.21072 -1.43238 0.7239 0.54365 -0.052 -0.83769 0.00402
1413393992.555760384 2.21766 -1.41845 0.73607 0.54544 -0.06476 -0.83542 0.01921
1413393992.655760527 2.21466 -1.39568 0.74496 0.57313 -0.05958 -0.81723 0.01037
1413393992.755760431 2.21117 -1.36706 0.75131 0.61489 -0.04182 -0.7874 -0.013
1413393992.855760574 2.21511 -1.33668 0.75329 0.64017 -0.02614 -0.76708 -0.03299
1413393992.955760479 2.23256 -1.31188 0.75123 0.63197 -0.0201 -0.7736 -0.04189
1413393993.055760384 2.26327 -1.29365 0.74867 0.60198 -0.01921 -0.797 -0.04525
1413393993.155760527 2.29997 -1.28555 0.74585 0.57088 -0.02548 -0.81967 -0.03984
1413393993.255760431 2.33117 -1.28288 0.74463 0.52855 -0.03645 -0.84764 -0.02854
1413393993.355760574 2.35322 -1.28217 0.74611 -0.49065 0.04267 0.87002 0.02249
1413393993.455760479 2.35242 -1.28075 0.75601 -0.47785 0.03821 0.87712 0.02949
1413393993.555760384 2.32873 -1.2786 0.77659 0.50342 -0.03171 -0.86264 -0.03766
1413393993.655760527 2.28472 -1.27912 0.80582 0.55548 -0.02577 -0.83002 -0.04298
1413393993.755760431 2.234 -1.28622 0.83568 0.61086 -0.02095 -0.79004 -0.04748
1413393993.855760574 2.1924 -1.29845 0.84501 0.64984 -0.01787 -0.75813 -0.0513
1413393993.955760479 2.16325 -1.31731 0.83238 0.67609 -0.01708 -0.73471 -0.05306
1413393994.055760384 2.15768 -1.34515 0.81164 0.69269 -0.02219 -0.71949 -0.0449
1413393994.155760527 2.18632 -1.38019 0.80298 0.69329 -0.03371 -0.71934 -0.02754
1413393994.255760431 2.24793 -1.41897 0.81163 0.67932 -0.0463 -0.73233 -0.00837
1413393994.355760574 2.33457 -1.45427 0.83448 0.64178 -0.05503 -0.7649 0.0046
1413393994.455760479 2.43682 -1.48499 0.85176 0.58518 -0.05928 -0.80868 0.0093
1413393994.555760384 2.53991 -1.51085 0.84744 0.52155 -0.06214 -0.8509 0.00945
1413393994.655760527 2.63182 -1.53052 0.823 -0.46546 0.06706 0.88248 -0.00812
1413393994.755760431 2.69758 -1.54134 0.78975 -0.42954 0.06975 0.90035 -0.0013
1413393994.855760574 2.72312 -1.54281 0.7661 -0.44269 0.05976 0.89445 0.02002
1413393994.955760479 2.71591 -1.54299 0.75155 -0.48969 0.05156 0.86958 0.03709
1413393995.055760384 2.69937 -1.5496 0.73297 0.53206 -0.05923 -0.84368 -0.04026
1413393995.155760527 2.66765 -1.55412 0.71002 0.56239 -0.06762 -0.82364 -0.02763
1413393995.255760431 2.63599 -1.55569 0.68215 0.57812 -0.07333 -0.81265 0.00129
1413393995.355760574 2.60327 -1.55228 0.65088 0.5822 -0.06604 -0.80986 0.02847
1413393995.455760479 2.57029 -1.53972 0.62144 0.58316 -0.04564 -0.80943 0.05168
1413393995.555760384 2.53728 -1.51819 0.59608 0.58415 -0.01438 -0.80855 0.06928
1413393995.655760527 2.50387 -1.48706 0.57489 0.58773 0.02653 -0.80437 0.08281
1413393995.755760431 2.47581 -1.45194 0.55573 0.59543 0.0747 -0.79438 0.09409
1413393995.855760574 2.45178 -1.41118 0.53846 0.60075 0.12098 -0.78198 0.11385
1413393995.955760479 2.43381 -1.36693 0.52238 0.60238 0.16203 -0.76903 0.13959
1413393996.055760384 2.42263 -1.31721 0.50624 0.60127 0.19546 -0.75737 0.16326
1413393996.155760527 2.41884 -1.262 0.48924 0.59798 0.21594 -0.74936 0.18505
1413393996.255760431 2.42179 -1.20085 0.47009 0.58265 0.22878 -0.75303 0.20279
1413393996.355760574 2.43101 -1.13251 0.44842 0.56465 0.24243 -0.76154 0.20603
1413393996.455760479 2.44277 -1.06012 0.42014 0.55164 0.25434 -0.76841 0.20138
1413393996.555760384 2.45565 -0.98638 0.38144 0.5399 0.26155 -0.77567 0.19607
1413393996.655760527 2.46582 -0.91235 0.33798 0.53008 0.26717 -0.78166 0.19145
1413393996.755760431 2.47227 -0.84366 0.29746 0.52453 0.27381 -0.78313 0.19133
1413393996.855760574 2.47451 -0.78189 0.26303 0.52543 0.28483 -0.77814 0.19313
1413393996.955760479 2.47437 -0.72697 0.23369 0.52516 0.29868 -0.77226 0.19649
1413393997.055760384 2.47165 -0.67762 0.20952 0.52238 0.31146 -0.76771 0.20181
1413393997.155760527 2.46711 -0.63388 0.18996 0.52072 0.32123 -0.76366 0.20613
1413393997.255760431 2.46109 -0.59729 0.17424 0.52481 0.32582 -0.75694 0.21321
1413393997.355760574 2.45516 -0.56572 0.15874 0.52961 0.32981 -0.75029 0.21864
1413393997.455760479 2.44761 -0.53778 0.13051 0.53177 0.33211 -0.74652 0.22278
1413393997.555760384 2.44221 -0.51176 0.08855 0.53366 0.33328 -0.74385 0.22542
1413393997.655760527 2.44065 -0.4885 0.04728 0.53698 0.33324 -0.74071 0.22795
1413393997.755760431 2.44162 -0.46926 0.01182 0.53622 0.3333 -0.74109 0.22841
1413393997.855760574 2.44294 -0.45176 -0.01571 0.53411 0.3338 -0.74314 0.22594
1413393997.955760479 2.44739 -0.43949 -0.03779 0.53255 0.33358 -0.7452 0.22315
1413393998.055760384 2.45371 -0.43215 -0.05535 0.53136 0.33343 -0.74698 0.22022
1413393998.155760527 2.46351 -0.42875 -0.07151 0.53158 0.33152 -0.74854 0.21726
1413393998.255760431 2.47538 -0.4283 -0.08457 0.53377 0.32815 -0.74915 0.21491
1413393998.355760574 2.49038 -0.43239 -0.09402 0.53542 0.3238 -0.74995 0.21462
1413393998.455760479 2.50834 -0.43914 -0.0994 0.5287 0.32009 -0.75635 0.21437
1413393998.555760384 2.52708 -0.45032 -0.09957 0.52292 0.31197 -0.76196 0.22054
1413393998.655760527 2.5444 -0.46538 -0.09901 0.52138 0.3004 -0.76388 0.23327
1413393998.755760431 2.55915 -0.48039 -0.1027 0.51999 0.29013 -0.76468 0.24636
1413393998.855760574 2.57005 -0.49245 -0.10822 0.52179 0.28647 -0.76315 0.25156
1413393998.955760479 2.57583 -0.50042 -0.11637 0.52612 0.29228 -0.76037 0.24415
1413393999.055760384 2.57666 -0.50507 -0.12643 0.53645 0.30223 -0.75337 0.2309
1413393999.155760527 2.57775 -0.50889 -0.13994 0.5392 0.31324 -0.75137 0.21582
1413393999.255760431 2.58102 -0.51494 -0.15604 0.53326 0.31775 -0.75564 0.20898
1413393999.355760574 2.58481 -0.52528 -0.17182 0.52269 0.31166 -0.76328 0.21695
1413393999.455760479 2.58773 -0.53862 -0.18734 0.51524 0.30372 -0.76856 0.22714
1413393999.555760384 2.58672 -0.55282 -0.20032 0.51315 0.29643 -0.77029 0.2355
1413393999.655760527 2.58052 -0.56756 -0.2123 0.51496 0.28992 -0.76917 0.24319
1413393999.755760431 2.56911 -0.57925 -0.22604 0.51587 0.28628 -0.76838 0.24804
1413393999.855760574 2.55308 -0.58751 -0.24775 0.5159 0.28448 -0.76794 0.25138
1413393999.955760479 2.53245 -0.59264 -0.27662 0.51776 0.28665 -0.76628 0.25014
1413394000.055760384 2.51451 -0.5947 -0.29623 0.53962 0.30123 -0.75311 0.22559
1413394000.155760527 2.51895 -0.5958 -0.2804 0.5464 0.30043 -0.74881 0.22466
1413394000.255760431 2.52551 -0.59446 -0.27984 0.55727 0.30886 -0.74278 0.20577
1413394000.355760574 2.52568 -0.58832 -0.30024 0.54817 0.28249 -0.75305 0.2294
1413394000.455760479 2.52322 -0.58717 -0.29441 0.55106 0.29118 -0.75053 0.21965
1413394000.555760384 2.52228 -0.58631 -0.29769 0.55075 0.29018 -0.75076 0.22098
1413394000.655760527 2.52281 -0.58687 -0.29904 0.55173 0.29097 -0.75003 0.21995
1413394000.755760431 2.52233 -0.58666 -0.29906 0.55071 0.2902 -0.75072 0.22117
1413394000.855760574 2.52279 -0.58674 -0.2989 0.55141 0.28985 -0.75024 0.22152
1413394000.955760479 2.52272 -0.58672 -0.29908 0.55104 0.28948 -0.75054 0.2219
1413394001.055760384 2.52266 -0.58659 -0.2992 0.55112 0.28925 -0.75049 0.22217
1413394001.155760527 2.52279 -0.58661 -0.29924 0.55118 0.2892 -0.75042 0.22233
1413394001.255760431 2.52277 -0.5867 -0.29934 0.55088 0.28918 -0.75061 0.22244
1413394001.355760574 2.52275 -0.5866 -0.29936 0.55104 0.28906 -0.75054 0.22246
1413394001.455760479 2.52275 -0.58663 -0.29942 0.55095 0.28908 -0.75059 0.2225
1413394001.555760384 2.52278 -0.58663 -0.29946 0.55088 0.289 -0.75065 0.22256
1413394001.655760527 2.52281 -0.58661 -0.29948 0.55088 0.2889 -0.75064 0.22271
1413394001.755760431 2.5228 -0.5866 -0.29953 0.55082 0.2889 -0.75066 0.22282
1413394001.855760574 2.52282 -0.5866 -0.29956 0.55074 0.2889 -0.75069 0.2229
1413394001.955760479 2.52278 -0.58661 -0.29963 0.55076 0.28881 -0.75067 0.22302
1413394002.055760384 2.52279 -0.58657 -0.29972 0.55092 0.28875 -0.7506 0.22296
1413394002.155760527 2.5228 -0.58655 -0.29973 0.55088 0.28873 -0.75063 0.22299
1413394002.255760431 2.52281 -0.58653 -0.29975 0.55096 0.28872 -0.75056 0.22305
1413394002.355760574 2.52281 -0.58653 -0.2998 0.55094 0.28867 -0.75057 0.22312
1413394002.455760479 2.52281 -0.58653 -0.29982 0.55092 0.2887 -0.75056 0.22315
1413394002.555760384 2.52282 -0.58652 -0.29983 0.55093 0.28871 -0.75056 0.22312
1413394002.655760527 2.52278 -0.58661 -0.29988 0.55094 0.28877 -0.75053 0.22312
1413394002.755760431 2.52276 -0.58659 -0.29991 0.55088 0.28875 -0.75057 0.22316
1413394002.855760574 2.52274 -0.58661 -0.29992 0.55082 0.28873 -0.75061 0.22319
1413394002.955760479 2.52279 -0.58651 -0.29994 0.55091 0.28869 -0.75054 0.22326
1413394003.055760384 2.5228 -0.5865 -0.29995 0.55085 0.28867 -0.75057 0.22332
1413394003.155760527 2.5228 -0.58649 -0.29997 0.55081 0.28864 -0.7506 0.22338
1413394003.255760431 2.52278 -0.58648 -0.29995 0.55077 0.2886 -0.75064 0.22341
1413394003.355760574 2.5228 -0.58646 -0.29996 0.55083 0.28855 -0.7506 0.22344
