1413393890.155760527 -0.02798 0.08039 0.17323 0.19147 0.78129 -0.1137 0.58308
1413393890.255760431 -0.01058 0.11928 0.20264 0.23576 0.75827 -0.16392 0.5853
1413393890.355760574 0.05128 0.13521 0.20548 0.4129 0.64808 -0.34349 0.53993
1413393890.455760479 -0.10371 0.04231 0.20981 -0.13633 0.72624 0.13008 0.66111
1413393890.555760384 -0.07194 0.22463 0.24043 0.14282 0.7268 -0.11122 0.66257
1413393890.655760527 -0.12921 0.27534 0.2277 0.10472 0.72213 -0.07792 0.67934
1413393890.755760431 -0.13188 0.33481 0.23954 0.12306 0.72943 -0.08888 0.667
1413393890.855760574 -0.16011 0.3978 0.24844 0.13456 0.73724 -0.09656 0.65502
1413393890.955760479 -0.17704 0.47232 0.25442 0.16048 0.73563 -0.11596 0.64781
1413393891.055760384 -0.17471 0.55289 0.25811 0.19965 0.72576 -0.14619 0.64191
1413393891.155760527 -0.15826 0.64299 0.25683 0.23312 0.71164 -0.17594 0.63896
1413393891.255760431 -0.13524 0.7365 0.256 0.26635 0.69502 -0.20394 0.63593
1413393891.355760574 -0.0216 0.84241 0.26329 0.3292 0.65467 -0.2339 0.639
1413393891.455760479 0.02876 0.94516 0.2444 0.35406 0.60948 -0.22327 0.6733
1413393891.555760384 0.08648 1.04459 0.23947 0.37078 0.58179 -0.21473 0.69133
1413393891.655760527 -0.00165 1.18202 0.21123 0.35493 0.58368 -0.20226 0.70174
1413393891.755760431 -0.14938 1.3414 0.19066 0.33055 0.59326 -0.18752 0.70966
1413393891.855760574 -0.2992 1.51531 0.17641 0.32001 0.60246 -0.18524 0.70733
1413393891.955760479 -0.67647 1.60772 0.17688 0.24642 0.64761 -0.14241 0.70682
1413393892.055760384 -0.86713 1.79529 0.16793 0.23814 0.6807 -0.15341 0.67558
1413393892.155760527 -1.10059 1.96249 0.16897 0.22555 0.705 -0.1524 0.65489
1413393892.255760431 -1.2969 2.16428 0.17017 0.2272 0.71409 -0.15688 0.64331
1413393892.355760574 -1.53022 2.33453 0.16629 0.21908 0.7208 -0.15181 0.63984
1413393892.455760479 -1.92047 2.34199 0.16827 0.17671 0.74252 -0.115 0.63577
1413393892.555760384 -2.12949 2.53655 0.14251 0.17862 0.74379 -0.11694 0.6334
1413393892.655760527 -2.3419 2.71215 0.11141 0.17863 0.75089 -0.11986 0.62441
1413393892.755760431 -2.51171 2.9064 0.07503 0.18379 0.76203 -0.13161 0.6068
1413393892.855760574 -2.70437 3.07105 0.04478 0.18095 0.7794 -0.13559 0.5843
1413393892.955760479 -2.88494 3.24502 0.02125 0.17783 0.79264 -0.13858 0.56648
1413393893.055760384 -3.03894 3.44135 0.00113 0.17409 0.80132 -0.13331 0.5566
1413393893.155760527 -3.12962 3.65412 -0.00845 0.1818 0.79694 -0.14431 0.55768
1413393893.255760431 -3.18142 3.87442 -0.00604 0.19308 0.7868 -0.15136 0.56635
1413393893.355760574 -3.27681 4.04472 -0.00128 0.18695 0.78066 -0.15481 0.5759
1413393893.455760479 -3.28227 4.26625 0.02374 0.2012 0.7652 -0.18507 0.58287
1413393893.555760384 -3.34366 4.41291 0.05668 0.19581 0.76249 -0.18955 0.58681
1413393893.655760527 -3.37443 4.54767 0.08435 0.18739 0.76206 -0.19047 0.58981
1413393893.755760431 -3.42251 4.68612 0.10406 0.1809 0.75861 -0.19358 0.59525
1413393893.855760574 -3.51192 4.81713 0.1073 0.17836 0.75032 -0.18987 0.60758
1413393893.955760479 -3.38595 4.83739 0.19371 0.18557 0.74375 -0.18185 0.61589
1413393894.055760384 -3.33779 4.75519 0.27567 0.18002 0.74397 -0.17103 0.62036
1413393894.155760527 -3.24082 4.7711 0.30863 0.17864 0.74182 -0.16872 0.62396
1413393894.255760431 -3.24392 4.83672 0.34633 0.17699 0.74073 -0.16932 0.62556
1413393894.355760574 -3.79928 5.15542 0.24432 0.17348 0.72322 -0.17285 0.64574
1413393894.455760479 -3.87276 5.23866 0.24616 0.17666 0.72303 -0.17079 0.64564
1413393894.555760384 -3.94821 5.31627 0.23314 0.18219 0.721 -0.16768 0.64719
1413393894.655760527 -4.06878 5.19728 0.1269 0.18291 0.71207 -0.16092 0.65849
1413393894.755760431 -4.13788 5.3684 0.22668 0.20062 0.71556 -0.17 0.64716
1413393894.855760574 -4.20587 5.49511 0.20758 0.20183 0.71434 -0.16997 0.64815
1413393894.955760479 -4.30266 5.59795 0.18643 0.20586 0.70849 -0.1667 0.65412
1413393895.055760384 -4.36398 5.70866 0.12198 0.21237 0.69714 -0.16567 0.66441
1413393895.155760527 -4.38065 5.78255 0.05133 0.22011 0.69341 -0.1684 0.66512
1413393895.255760431 -4.55812 5.88575 0.05442 0.21651 0.69842 -0.16579 0.6617
1413393895.355760574 -4.62537 6.01744 -0.0049 0.22038 0.69434 -0.16616 0.66461
1413393895.455760479 -4.75206 6.14418 -0.02131 0.2218 0.69258 -0.16473 0.66633
1413393895.555760384 -4.87618 6.39579 -0.01145 0.23081 0.69109 -0.17353 0.66257
1413393895.655760527 -5.02145 6.60481 0.06432 0.23585 0.69305 -0.17993 0.65702
1413393895.755760431 -5.14549 6.79335 0.08335 0.24515 0.68752 -0.18715 0.65742
1413393895.855760574 -5.30669 6.94419 0.03482 0.2569 0.67593 -0.20563 0.65942
1413393895.955760479 -5.41361 7.14331 -0.03545 0.27408 0.6635 -0.23376 0.65575
1413393896.055760384 -5.62893 7.37738 -0.02057 0.28927 0.65676 -0.25628 0.64754
1413393896.155760527 -6.0194 7.40815 -0.04828 0.3127 0.63602 -0.29717 0.63983
1413393896.255760431 -6.27715 7.49371 -0.0568 0.33912 0.61112 -0.33086 0.63408
1413393896.355760574 -6.54163 7.64621 -0.07288 0.36419 0.58448 -0.3621 0.6282
1413393896.455760479 -6.90725 7.96435 -0.09475 0.35937 0.568 -0.38141 0.63463
1413393896.555760384 -7.22928 8.10491 -0.09056 0.36155 0.54303 -0.42734 0.62592
1413393896.655760527 -7.54161 8.18631 -0.1366 0.36742 0.51492 -0.48042 0.60751
1413393896.755760431 -7.91149 8.41935 -0.14657 0.36562 0.49125 -0.52237 0.59339
1413393896.855760574 -8.31342 8.64179 -0.15883 0.36142 0.46782 -0.56133 0.57916
1413393896.955760479 -8.5935 9.0547 -0.19455 -0.37836 -0.42417 0.61928 -0.54169
1413393897.055760384 -9.03018 9.31858 -0.23301 -0.38008 -0.42546 0.65207 -0.49932
1413393897.155760527 -8.98666 10.20576 -0.29663 -0.44545 -0.36027 0.70946 -0.41042
1413393897.255760431 -9.60695 10.43538 -0.35038 -0.46899 -0.39164 0.69027 -0.38754
1413393897.355760574 -10.09979 10.83242 -0.40633 0.51221 0.38946 -0.67169 0.36715
1413393897.455760479 -10.63271 11.22269 -0.46311 0.52777 0.37764 -0.66129 0.37624
1413393897.555760384 -11.28757 11.48362 -0.54371 0.52584 0.36602 -0.65675 0.39775
1413393897.655760527 -11.88347 11.85852 -0.61454 0.51933 0.36207 -0.65735 0.40877
1413393897.755760431 -12.39313 12.31491 -0.66305 0.51814 0.36034 -0.66089 0.40608
1413393897.855760574 -13.09254 12.65674 -0.75579 0.51785 0.36244 -0.66009 0.40589
1413393897.955760479 -13.724 13.14458 -0.80786 0.52414 0.36103 -0.66207 0.39572
1413393898.055760384 -14.40963 13.61138 -0.87642 0.53684 0.35279 -0.66655 0.37823
1413393898.155760527 -15.13297 13.973 -0.94073 0.55937 0.32917 -0.66575 0.36814
1413393898.255760431 -15.82317 14.49251 -1.00353 0.58556 0.28842 -0.66053 0.37099
1413393898.355760574 -16.5923 14.92649 -1.06846 0.60293 0.2474 -0.65213 0.3873
1413393898.455760479 -17.22342 15.57414 -1.1365 0.621 0.20267 -0.63933 0.40563
1413393898.555760384 -18.02779 16.05924 -1.2192 0.60649 0.18046 -0.64523 0.42812
1413393898.655760527 -18.89514 16.55883 -1.33589 0.55946 0.19022 -0.68135 0.43196
1413393898.755760431 -19.65339 17.25096 -1.44282 0.50754 0.20876 -0.72394 0.41802
1413393898.855760574 -21.01276 17.40152 -1.66307 -0.43914 -0.24419 0.76266 -0.40728
1413393898.955760479 -22.05101 17.91316 -1.82674 -0.39804 -0.26598 0.78957 -0.38392
1413393899.055760384 -22.9584 18.66121 -1.96271 -0.38943 -0.28179 0.80406 -0.34989
1413393899.155760527 -23.67828 19.66538 -2.05093 -0.43845 -0.28095 0.79043 -0.32257
1413393899.255760431 -24.68644 20.44754 -2.17585 0.51814 0.25843 -0.74636 0.32817
1413393899.355760574 -25.773 21.17142 -2.30202 0.59111 0.22451 -0.68926 0.3537
1413393899.455760479 -26.90486 21.90319 -2.44938 0.6358 0.1927 -0.64497 0.37769
1413393899.555760384 -28.04587 22.69967 -2.59723 0.66053 0.16328 -0.60788 0.4093
1413393899.655760527 -29.17297 23.57882 -2.76048 0.65762 0.14921 -0.59512 0.43714
1413393899.755760431 -30.48932 24.39128 -2.98094 0.61519 0.1603 -0.62565 0.45212
1413393899.855760574 -31.6019 25.38128 -3.14669 0.55036 0.18649 -0.67553 0.45385
1413393899.955760479 -32.78992 26.38318 -3.34993 -0.47054 -0.21672 0.73326 -0.4404
1413393900.055760384 -33.84486 27.44526 -3.51516 -0.41159 -0.23614 0.77622 -0.41511
1413393900.155760527 -35.14515 28.52255 -3.74738 -0.38618 -0.25062 0.79851 -0.38787
1413393900.255760431 -36.14552 29.76107 -3.92244 -0.3914 -0.26473 0.80857 -0.35062
1413393900.355760574 -37.75091 30.82291 -4.251 -0.42017 -0.27718 0.80266 -0.31994
1413393900.455760479 -39.23205 31.78084 -4.50984 -0.47296 -0.283 0.77435 -0.31082
1413393900.555760384 -40.7119 32.86171 -4.799 0.53245 0.264 -0.74028 0.31429
1413393900.655760527 -41.89419 33.82962 -4.96236 0.59176 0.2468 -0.68999 0.33589
1413393900.755760431 -43.73427 35.04991 -5.40719 0.63238 0.2055 -0.65802 0.35337
1413393900.855760574 -45.02358 36.10164 -5.63405 0.64137 0.1905 -0.64101 0.37611
1413393900.955760479 -46.6132 37.27374 -5.9686 0.61354 0.18724 -0.66025 0.39061
1413393901.055760384 -48.25678 38.44528 -6.30256 0.56541 0.19521 -0.69427 0.40024
1413393901.155760527 -50.06015 39.68924 -6.68092 0.51563 0.22106 -0.73258 0.38546
1413393901.255760431 -51.34269 41.03216 -6.91458 -0.48382 -0.25082 0.76249 -0.34873
1413393901.355760574 -52.45731 42.64655 -7.12946 -0.46739 -0.26855 0.77918 -0.31985
1413393901.455760479 -52.84936 44.54279 -7.19667 -0.46195 -0.27107 0.79234 -0.29211
1413393901.555760384 -55.76265 45.21811 -7.71246 -0.44659 -0.2882 0.79519 -0.29184
1413393901.655760527 -57.98411 46.06509 -8.07226 -0.46045 -0.3056 0.7811 -0.29067
1413393901.755760431 -60.07546 47.49129 -8.50851 0.50377 0.29186 -0.75965 0.28976
1413393901.855760574 -62.08883 48.76542 -8.876 0.53854 0.27448 -0.73546 0.30616
1413393901.955760479 -63.95232 50.02455 -9.18994 0.54562 0.2635 -0.72864 0.31931
1413393902.055760384 -65.78975 51.39584 -9.50832 0.54408 0.25925 -0.72906 0.32441
1413393902.155760527 -67.61453 52.87493 -9.83364 0.54546 0.25986 -0.72719 0.32581
1413393902.255760431 -69.41231 54.27235 -10.12536 0.54727 0.25829 -0.7287 0.32059
1413393902.355760574 -71.57353 55.48196 -10.48091 0.54661 0.2583 -0.72964 0.31956
1413393902.455760479 -73.82119 56.76857 -10.86798 0.55027 0.25757 -0.72584 0.32251
1413393902.555760384 -75.81176 58.25664 -11.2238 0.55594 0.25518 -0.72174 0.3239
1413393902.655760527 -76.08469 60.7044 -11.27646 0.56635 0.24865 -0.72233 0.3093
1413393902.755760431 -79.18981 61.33382 -11.7208 0.55371 0.2513 -0.72879 0.31481
1413393902.855760574 -81.77962 62.34937 -12.11292 0.53672 0.25048 -0.73338 0.3337
1413393902.955760479 -83.14524 64.34551 -12.34417 0.51819 0.24154 -0.74442 0.34493
1413393903.055760384 -84.62922 66.2604 -12.57366 0.50483 0.22816 -0.75569 0.34931
1413393903.155760527 -86.86338 67.69476 -12.91365 0.51002 0.22361 -0.75395 0.34848
1413393903.255760431 -89.6876 68.82028 -13.32641 0.52015 0.22478 -0.74709 0.34753
1413393903.355760574 -91.28247 70.81822 -13.59807 0.53691 0.2213 -0.74044 0.33837
1413393903.455760479 -92.68212 72.93761 -13.83816 0.5491 0.19405 -0.74864 0.31682
1413393903.555760384 -95.49761 74.18997 -14.30082 0.54871 0.16055 -0.76055 0.30773
1413393903.655760527 -97.04994 76.24406 -14.59839 0.563 0.12804 -0.75668 0.30672
1413393903.755760431 -98.97943 78.25761 -14.96603 0.57058 0.09106 -0.75982 0.29803
1413393903.855760574 -100.39501 80.40614 -15.23076 0.57003 0.06279 -0.76578 0.29104
1413393903.955760479 -102.13924 82.45106 -15.53285 0.56335 0.03955 -0.77289 0.28934
1413393904.055760384 -103.9266 84.55222 -15.86782 0.56088 0.02849 -0.77608 0.28689
1413393904.155760527 -106.37793 86.47688 -16.32862 0.55956 0.0283 -0.78033 0.2778
1413393904.255760431 -109.39305 88.05317 -16.85574 0.55397 0.03237 -0.78853 0.26514
1413393904.355760574 -111.82351 90.04262 -17.32339 0.55675 0.04039 -0.78735 0.26167
1413393904.455760479 -114.70697 91.9783 -17.87097 0.55609 0.03786 -0.78927 0.25764
1413393904.555760384 -118.56983 93.6002 -18.58481 0.55268 0.03063 -0.79452 0.24969
1413393904.655760527 -121.37134 95.48248 -19.07843 0.54416 0.03646 -0.80956 0.21717
1413393904.755760431 -124.34459 97.55225 -19.65052 0.5257 0.03256 -0.83021 0.18256
1413393904.855760574 -128.0969 99.41134 -20.37705 0.50964 0.01556 -0.84653 0.15298
1413393904.955760479 -131.70484 101.4176 -21.1216 0.51359 -0.00412 -0.84747 0.13417
1413393905.055760384 -133.5002 103.88803 -21.51268 0.5397 -0.02205 -0.83314 0.11883
1413393905.155760527 -135.40818 106.38095 -21.89633 0.55449 -0.05071 -0.82502 0.09654
1413393905.255760431 -137.17982 109.32939 -22.3837 0.56367 -0.0742 -0.81723 0.09435
1413393905.355760574 -139.42607 110.8919 -22.7364 0.56439 -0.12042 -0.81455 0.05894
1413393905.455760479 -144.23543 109.8831 -23.06369 0.5416 -0.19089 -0.81862 -0.00921
1413393905.555760384 -147.2969 112.25675 -23.87265 0.53772 -0.20372 -0.8181 0.0089
1413393905.655760527 -150.07271 113.37159 -24.11044 0.52611 -0.25145 -0.81219 -0.0179
1413393905.755760431 -157.91696 115.22483 -25.40923 -0.48837 0.28011 0.82646 0.00064
1413393905.855760574 -161.07853 115.29607 -25.64815 -0.48814 0.31743 0.8129 0.01224
1413393905.955760479 -164.60019 118.88698 -26.67105 -0.46536 0.33993 0.81725 -0.00021
1413393906.055760384 -164.90682 124.54859 -27.70615 -0.4723 0.3173 0.8215 -0.03719
1413393906.155760527 -166.19333 127.86532 -27.99497 -0.47338 0.32678 0.81785 0.01587
1413393906.255760431 -168.91407 130.491 -28.5313 -0.47478 0.33225 0.8122 0.06731
1413393906.355760574 -172.15247 133.11184 -29.26696 -0.47987 0.33281 0.80576 0.09857
1413393906.455760479 -174.17807 135.59467 -29.77942 -0.49138 0.33475 0.79547 0.11714
1413393906.555760384 -175.55211 138.341 -30.11998 -0.49794 0.34711 0.78359 0.13249
1413393906.655760527 -179.43158 141.82917 -31.04851 -0.48393 0.37838 0.77726 0.13608
1413393906.755760431 -183.55662 144.34501 -32.13991 -0.48992 0.39943 0.76591 0.11753
1413393906.855760574 -185.33581 145.48791 -32.41324 0.51201 -0.40453 -0.74837 -0.11895
1413393906.955760479 -187.73183 148.69798 -33.06585 0.51291 -0.41188 -0.74198 -0.12942
1413393907.055760384 -190.37465 150.606 -33.65413 0.51492 -0.40365 -0.74232 -0.1445
1413393907.155760527 -195.19501 156.44289 -35.17797 -0.48372 0.40467 0.7617 0.14856
1413393907.255760431 -196.20524 158.77938 -35.96977 -0.49717 0.37169 0.76959 0.14969
1413393907.355760574 -193.50217 157.78912 -35.26056 0.53451 -0.32182 -0.75555 -0.1997
1413393907.455760479 -189.94147 163.61211 -35.39708 0.53326 -0.31905 -0.75466 -0.21055
1413393907.555760384 -193.54466 169.48438 -35.57958 -0.49441 0.36216 0.77091 0.17351
1413393907.655760527 -203.31048 169.11933 -37.57095 -0.49232 0.38772 0.75835 0.17944
1413393907.755760431 -206.59673 171.38015 -38.69625 -0.49221 0.39477 0.75705 0.16959
1413393907.855760574 -211.77522 174.22572 -39.69285 -0.48158 0.41266 0.75218 0.17895
1413393907.955760479 -217.41429 177.91064 -39.90492 -0.44944 0.44657 0.74479 0.20944
1413393908.055760384 -218.3026 174.30878 -40.78962 0.52647 -0.36511 -0.74684 -0.17819
1413393908.155760527 -218.3642 188.22653 -41.7314 -0.48198 0.39437 0.7695 0.14152
1413393908.255760431 -221.935 189.39814 -43.05441 -0.48377 0.39059 0.76766 0.15525
1413393908.355760574 -225.69423 186.6797 -43.20473 0.51429 -0.38463 -0.73915 -0.20302
1413393908.455760479 -228.09696 190.23041 -45.11389 0.52917 -0.37364 -0.73692 -0.1932
1413393908.555760384 -228.37717 201.45234 -44.54561 -0.48248 0.39101 0.76774 0.15777
1413393908.655760527 -230.94035 204.58931 -45.40583 -0.48322 0.39142 0.77078 0.13854
1413393908.755760431 -240.51717 192.75377 -46.55644 0.51612 -0.42159 -0.7232 -0.18125
1413393908.855760574 -240.03474 200.68454 -47.85415 0.5426 -0.41611 -0.71376 -0.15158
1413393908.955760479 -238.45695 214.02177 -48.07213 0.50794 -0.42678 -0.73207 -0.15471
1413393909.055760384 -245.46481 216.47392 -49.33147 -0.48836 0.41662 0.74617 0.17656
1413393909.155760527 -244.79978 214.37806 -50.00316 0.54506 -0.34546 -0.74307 -0.17725
1413393909.255760431 -243.56785 225.33484 -50.52675 0.50258 -0.37683 -0.75634 -0.18265
1413393909.355760574 -241.15905 229.65525 -49.31861 0.52124 -0.34676 -0.76792 -0.13553
1413393909.455760479 -244.81324 231.84789 -49.84255 0.50721 -0.36687 -0.76208 -0.16547
1413393909.555760384 -253.71608 231.65529 -52.87614 0.51202 -0.37545 -0.74194 -0.21542
1413393909.655760527 -254.00348 241.46763 -52.60699 -0.45781 0.40662 0.76851 0.18562
1413393909.755760431 -256.24858 245.16152 -53.57891 -0.4425 0.40829 0.77966 0.1721
1413393909.855760574 -262.65166 242.75335 -55.19812 -0.46144 0.38956 0.77416 0.18972
1413393909.955760479 -264.57482 241.24079 -55.88458 -0.47695 0.36738 0.77481 0.19294
1413393910.055760384 -266.04107 249.81317 -56.55552 -0.42663 0.41698 0.77618 0.20412
1413393910.155760527 -271.6865 240.8447 -57.54205 -0.47627 0.3739 0.77138 0.19582
1413393910.255760431 -272.83539 248.45074 -58.26718 -0.45397 0.39255 0.77604 0.19384
1413393910.355760574 -276.98646 252.47144 -59.76203 -0.43861 0.40778 0.77765 0.19131
1413393910.455760479 -277.13555 268.57627 -59.10136 -0.3656 0.45407 0.79938 0.14541
1413393910.555760384 -284.91035 270.83694 -60.9256 -0.37672 0.44616 0.80352 0.11569
1413393910.655760527 -293.84585 269.06703 -62.49961 -0.38688 0.46654 0.77872 0.16207
1413393910.755760431 -298.56146 277.24616 -62.51393 -0.36176 0.48322 0.7813 0.15876
1413393910.855760574 -301.4206 283.26526 -64.57922 -0.39538 0.45195 0.78918 0.12886
1413393910.955760479 -302.66353 289.43288 -66.0007 -0.42908 0.42621 0.78649 0.12517
1413393911.055760384 -304.92711 294.315 -67.48708 -0.44856 0.41056 0.78377 0.12624
1413393911.155760527 -308.66814 298.7198 -68.17301 -0.47196 0.39445 0.77727 0.13235
1413393911.255760431 -310.05207 304.44365 -69.3196 -0.48731 0.3791 0.77633 0.12697
1413393911.355760574 -312.96407 309.2224 -70.32135 -0.49695 0.37182 0.77265 0.13344
1413393911.455760479 -316.05614 313.62107 -71.40656 0.51437 -0.36162 -0.76316 -0.14913
1413393911.555760384 -319.15959 318.84222 -72.43372 0.51765 -0.35848 -0.76053 -0.15848
1413393911.655760527 -321.15005 324.20194 -73.44343 0.5283 -0.35458 -0.75476 -0.15973
1413393911.755760431 -325.52431 328.02462 -74.44152 0.51939 -0.36001 -0.75532 -0.17354
1413393911.855760574 -328.80593 333.24328 -75.33767 -0.49412 0.37105 0.76867 0.16528
1413393911.955760479 -332.80727 338.44249 -76.36985 -0.47077 0.39447 0.77704 0.13779
1413393912.055760384 -336.29665 343.70952 -77.45658 -0.4415 0.41718 0.78731 0.10575
1413393912.155760527 -338.32625 349.25054 -78.65155 -0.42793 0.42161 0.79531 0.08121
1413393912.255760431 -341.69122 354.07986 -79.52051 -0.41055 0.43374 0.79785 0.08218
1413393912.355760574 -345.08329 358.82256 -80.50311 -0.40703 0.43952 0.79587 0.08794
1413393912.455760479 -347.11692 364.28821 -81.46593 -0.43135 0.42802 0.78907 0.09004
1413393912.555760384 -347.94958 369.94511 -82.32206 -0.47023 0.40232 0.78087 0.08527
1413393912.655760527 -350.98338 374.6851 -83.10431 -0.48129 0.40809 0.76757 0.11256
1413393912.755760431 -353.9874 379.79824 -84.05322 -0.49292 0.40188 0.76118 0.12704
1413393912.855760574 -356.77033 384.71627 -84.97858 0.50019 -0.39737 -0.7559 -0.14324
1413393912.955760479 -359.64693 390.36568 -85.92732 -0.49853 0.4016 0.75293 0.15258
1413393913.055760384 -360.36327 396.14162 -86.60234 0.50149 -0.41491 -0.74511 -0.14549
1413393913.155760527 -363.57894 400.65702 -87.40237 0.50336 -0.43996 -0.72603 -0.16108
1413393913.255760431 -365.85044 406.05096 -88.37016 0.50458 -0.46705 -0.70584 -0.17046
1413393913.355760574 -367.93471 411.73513 -89.55826 -0.498 0.4939 0.68931 0.18141
1413393913.455760479 -369.98861 417.21112 -90.54457 -0.48762 0.52532 0.66956 0.19483
1413393913.555760384 -372.14976 422.87706 -91.60837 -0.48192 0.55025 0.64672 0.21617
1413393913.655760527 -374.94025 428.1584 -92.51742 -0.46918 0.57321 0.62246 0.25268
1413393913.755760431 -377.16149 433.72579 -93.59752 -0.46116 0.58856 0.60038 0.28367
1413393913.855760574 -377.27956 440.06362 -94.52141 -0.45992 0.59812 0.58684 0.29384
1413393913.955760479 -380.16418 445.90046 -96.06257 -0.44556 0.61684 0.56272 0.323
1413393914.055760384 -382.90194 450.67887 -96.37779 -0.40323 0.63816 0.53967 0.37273
1413393914.155760527 -384.99087 456.06339 -97.28685 -0.37516 0.64478 0.5338 0.39821
1413393914.255760431 -388.29302 460.76945 -98.00821 -0.31976 0.66762 0.5197 0.42656
1413393914.355760574 -387.01086 469.00184 -100.67332 -0.3596 0.65285 0.54446 0.38476
1413393914.455760479 -386.69464 475.78557 -101.43685 -0.31895 0.68258 0.51937 0.40325
1413393914.555760384 -383.02458 480.74874 -101.03703 -0.32237 0.6951 0.51129 0.38922
1413393914.655760527 -380.96621 482.31872 -99.25308 -0.33328 0.70179 0.49925 0.38363
1413393914.755760431 -378.31954 488.8762 -100.6456 -0.38062 0.68869 0.50487 0.35488
1413393914.855760574 -378.47012 487.51295 -97.03826 -0.33945 0.72549 0.467 0.37463
1413393914.955760479 -376.87803 489.06449 -95.54055 -0.35054 0.71683 0.48225 0.36155
1413393915.055760384 -372.82309 494.42711 -95.86837 -0.36291 0.69886 0.51073 0.34502
1413393915.155760527 -371.01617 505.52499 -100.09006 -0.35273 0.69734 0.51175 0.35695
1413393915.255760431 -369.92085 498.33397 -92.64564 -0.35667 0.69114 0.53089 0.33654
1413393915.355760574 -370.87679 496.89888 -89.08615 -0.34509 0.6941 0.52526 0.35105
1413393915.455760479 -372.86363 504.97987 -91.95428 -0.34443 0.67828 0.5331 0.37028
1413393915.555760384 -380.0759 503.72497 -90.50975 -0.30465 0.68419 0.51246 0.42007
1413393915.655760527 -371.24893 508.20238 -88.64903 -0.3713 0.64612 0.54828 0.37956
1413393915.755760431 -369.33485 513.02032 -88.93123 -0.3863 0.634 0.557 0.37225
1413393915.855760574 -372.92431 512.44349 -86.53464 -0.3642 0.64044 0.55244 0.38989
1413393915.955760479 -397.87588 510.68507 -90.30714 -0.27636 0.66578 0.49899 0.48101
1413393916.055760384 -405.51087 521.88252 -93.86573 -0.24441 0.67239 0.4877 0.5003
1413393916.155760527 -409.56871 531.9205 -96.75489 -0.22644 0.67459 0.48678 0.50666
1413393916.255760431 -403.01101 551.66475 -103.44755 -0.28807 0.66442 0.51935 0.45369
1413393916.355760574 -399.95336 559.35111 -104.28539 -0.30188 0.67496 0.50945 0.44018
1413393916.455760479 -413.22194 558.86533 -103.32686 -0.20754 0.71753 0.43462 0.50317
1413393916.555760384 -405.41955 568.29605 -104.27125 -0.24372 0.72401 0.45825 0.45434
1413393916.655760527 -410.61236 570.64963 -104.3265 -0.20691 0.74621 0.4161 0.47667
1413393916.755760431 -419.17693 573.41713 -104.70383 -0.14414 0.77188 0.34628 0.51333
1413393916.855760574 -422.41167 579.30963 -105.68623 -0.11296 0.78431 0.30696 0.52714
1413393916.955760479 -425.34875 585.0593 -106.67686 -0.09279 0.79311 0.26426 0.54086
1413393917.055760384 -427.6151 591.02706 -107.63155 -0.08372 0.79898 0.21716 0.5545
1413393917.155760527 -430.37093 596.41636 -108.39718 -0.068 0.80186 0.16987 0.5688
1413393917.255760431 -433.22946 601.81925 -109.27062 -0.04944 0.80579 0.1254 0.57665
1413393917.355760574 -435.89877 607.29223 -110.09829 -0.02401 0.81332 0.08585 0.57495
1413393917.455760479 -438.50839 612.80518 -110.95848 0.00059 0.81844 0.04375 0.57293
1413393917.555760384 -441.07502 618.35748 -111.83158 0.02778 0.82103 0.001 0.57021
1413393917.655760527 -443.65641 623.81529 -112.68065 0.06454 0.82046 -0.03905 0.5667
1413393917.755760431 -446.22646 629.26552 -113.53681 0.10561 0.81169 -0.07616 0.56939
1413393917.855760574 -448.78735 634.71047 -114.39374 0.14319 0.79347 -0.11307 0.58062
1413393917.955760479 -451.34328 640.15186 -115.24945 0.16875 0.7767 -0.15638 0.58635
1413393918.055760384 -453.8977 645.58914 -116.10236 0.1891 0.76082 -0.20057 0.5875
1413393918.155760527 -456.45474 651.02157 -116.95313 0.2081 0.74612 -0.24321 0.58383
1413393918.255760431 -459.01587 656.44722 -117.80232 0.22479 0.73179 -0.28539 0.57663
1413393918.355760574 -461.58352 661.86387 -118.64906 0.2427 0.71491 -0.32543 0.56929
1413393918.455760479 -464.16048 667.27134 -119.4937 0.26374 0.69674 -0.36334 0.55944
1413393918.555760384 -466.7488 672.66896 -120.3359 0.28476 0.67527 -0.40256 0.54851
1413393918.655760527 -469.35121 678.05734 -121.17551 0.31295 0.64636 -0.43868 0.54022
1413393918.755760431 -471.97004 683.43901 -122.01542 0.33759 0.6102 -0.47797 0.53407
1413393918.855760574 -474.6094 688.81716 -122.85686 0.35971 0.56454 -0.51972 0.53083
1413393918.955760479 -477.27384 694.19645 -123.69948 -0.39675 -0.51439 0.5527 -0.52203
1413393919.055760384 -479.96499 699.5837 -124.54454 -0.43772 -0.46699 0.58147 -0.5022
1413393919.155760527 -482.68134 704.9841 -125.39306 -0.47153 -0.4211 0.61006 -0.47766
1413393919.255760431 -485.42125 710.40316 -126.24452 0.50115 0.37153 -0.63414 0.45681
1413393919.355760574 -488.18312 715.84553 -127.10209 0.52959 0.31844 -0.6505 0.44157
1413393919.455760479 -490.96354 721.31497 -127.97469 0.54421 0.27065 -0.66667 0.43143
1413393919.555760384 -493.76505 726.81336 -128.86264 0.54611 0.23565 -0.68693 0.41756
1413393919.655760527 -496.58779 732.34437 -129.76605 0.54936 0.20884 -0.70319 0.40015
1413393919.755760431 -499.43288 737.90716 -130.6808 0.56405 0.19467 -0.7072 0.37923
1413393919.855760574 -502.29682 743.50235 -131.60613 0.58901 0.19502 -0.70116 0.3513
1413393919.955760479 -504.35572 748.98929 -132.62304 0.60731 0.1999 -0.69964 0.31892
1413393920.055760384 -504.15097 756.15389 -133.85324 0.61285 0.20539 -0.70291 0.2969
1413393920.155760527 -506.44188 761.99637 -134.88387 0.60941 0.21241 -0.70726 0.2886
1413393920.255760431 -507.43898 768.57539 -136.1412 0.60811 0.21832 -0.70833 0.28427
1413393920.355760574 -510.99391 773.71997 -136.81667 0.60236 0.21945 -0.71421 0.28089
1413393920.455760479 -511.79422 780.47081 -138.13715 0.59032 0.23915 -0.71694 0.28344
1413393920.555760384 -514.93796 785.92173 -139.01276 0.57709 0.24082 -0.7306 0.27421
1413393920.655760527 -516.75762 792.11898 -140.1132 0.57135 0.25123 -0.73214 0.27279
1413393920.755760431 -519.68915 797.71257 -140.92581 0.56955 0.25263 -0.7343 0.26943
1413393920.855760574 -521.42141 804.12069 -142.1398 0.56873 0.26555 -0.72915 0.27273
1413393920.955760479 -523.67645 810.34019 -143.22887 0.56103 0.28355 -0.72806 0.27346
1413393921.055760384 -526.54136 815.85901 -143.91106 0.54672 0.27443 -0.74936 0.25347
1413393921.155760527 -528.95133 821.72649 -144.85054 0.53418 0.28478 -0.75591 0.24932
1413393921.255760431 -531.12692 827.66988 -145.80608 0.52934 0.28463 -0.76276 0.2387
1413393921.355760574 -532.01913 834.4375 -146.88367 0.52834 0.29732 -0.75626 0.24601
1413393921.455760479 -536.5025 839.26548 -147.58312 0.53056 0.28634 -0.75767 0.2499
1413393921.555760384 -539.79591 844.74818 -148.38697 0.54531 0.27866 -0.74623 0.261
1413393921.655760527 -543.232 850.09066 -149.19406 0.55658 0.27146 -0.73879 0.26592
1413393921.755760431 -545.72467 855.96476 -150.00694 0.5636 0.26791 -0.73347 0.26944
1413393921.855760574 -548.45931 861.85024 -150.93682 0.57113 0.2643 -0.72836 0.27102
1413393921.955760479 -551.20747 867.74972 -151.87198 0.58487 0.25738 -0.71836 0.27502
1413393922.055760384 -553.97409 873.66358 -152.80935 0.58756 0.25471 -0.71695 0.27545
1413393922.155760527 -556.75015 879.59597 -153.74901 0.57701 0.25782 -0.72642 0.27
1413393922.255760431 -559.53703 885.54559 -154.69218 0.55287 0.26507 -0.74609 0.25968
1413393922.355760574 -562.33981 891.50825 -155.63558 0.52858 0.2703 -0.76425 0.25192
1413393922.455760479 -565.16451 897.47983 -156.575 0.51194 0.26901 -0.77598 0.2518
1413393922.555760384 -568.01645 903.45712 -157.50916 0.51007 0.25504 -0.7766 0.26772
1413393922.655760527 -570.89678 909.44619 -158.44035 0.51691 0.2385 -0.77027 0.2874
1413393922.755760431 -573.81076 915.44886 -159.37212 0.52261 0.2305 -0.76487 0.29785
1413393922.855760574 -576.75758 921.4685 -160.30563 0.52256 0.23452 -0.76528 0.29373
1413393922.955760479 -579.73917 927.50436 -161.23518 0.51914 0.24635 -0.76944 0.27887
1413393923.055760384 -582.76042 933.55115 -162.15391 0.51879 0.26148 -0.77232 0.2569
1413393923.155760527 -585.80205 939.61097 -163.06162 0.51814 0.26875 -0.77438 0.24421
1413393923.255760431 -588.86284 945.68075 -163.95946 0.5204 0.26965 -0.77374 0.24041
1413393923.355760574 -591.94411 951.75805 -164.85539 0.52305 0.25751 -0.77052 0.25769
1413393923.455760479 -595.04953 957.84433 -165.7516 0.52045 0.24508 -0.76429 0.29142
1413393923.555760384 -598.17914 963.9471 -166.64858 0.52155 0.24797 -0.74907 0.32464
1413393923.655760527 -601.33544 970.06945 -167.5481 0.52212 0.27405 -0.72935 0.34689
1413393923.755760431 -604.50853 976.21629 -168.45016 0.52208 0.31999 -0.70719 0.35343
1413393923.855760574 -607.702 982.38036 -169.35747 0.51377 0.36772 -0.68603 0.36082
1413393923.955760479 -610.91321 988.5593 -170.26592 0.50234 0.40977 -0.66369 0.37318
1413393924.055760384 -614.14087 994.74906 -171.17669 -0.48752 -0.4468 0.64346 -0.38555
1413393924.155760527 -617.38426 1000.94506 -172.08749 -0.48108 -0.48454 0.61899 -0.38811
1413393924.255760431 -620.63863 1007.14459 -172.99544 -0.48999 -0.52195 0.58407 -0.38254
1413393924.355760574 -623.89664 1013.34688 -173.90151 0.50088 0.55326 -0.55043 0.37422
1413393924.455760479 -627.15097 1019.55149 -174.80345 0.5139 0.57696 -0.52145 0.3621
1413393924.555760384 -630.39297 1025.75926 -175.69828 0.52565 0.59111 -0.49899 0.35398
1413393924.655760527 -633.61648 1031.97333 -176.58451 0.54228 0.59475 -0.4771 0.35295
1413393924.755760431 -636.81386 1038.19748 -177.45669 0.55979 0.59128 -0.45866 0.35589
1413393924.855760574 -639.98157 1044.43598 -178.31131 0.56204 0.58331 -0.4604 0.36318
1413393924.955760479 -643.12106 1050.68889 -179.14696 0.53467 0.57145 -0.48882 0.38551
1413393925.055760384 -646.2418 1056.95754 -179.96392 0.49919 0.56157 -0.51578 0.4116
1413393925.155760527 -649.3575 1063.23481 -180.76793 0.46389 0.55802 -0.53313 0.43495
1413393925.255760431 -652.47814 1069.51532 -181.56783 0.42182 0.56276 -0.54414 0.45748
1413393925.355760574 -655.61343 1075.79527 -182.36566 0.39319 0.57453 -0.54101 0.47183
1413393925.455760479 -658.76909 1082.07221 -183.16069 0.3894 0.586 -0.52582 0.478
1413393925.555760384 -661.94338 1088.3466 -183.95591 0.39254 0.59304 -0.51056 0.48326
1413393925.655760527 -665.13382 1094.61742 -184.75883 0.39222 0.59641 -0.50127 0.48907
1413393925.755760431 -668.33828 1100.88298 -185.58507 0.39492 0.59981 -0.49352 0.49062
1413393925.855760574 -671.5558 1107.14459 -186.44078 0.39935 0.59954 -0.48677 0.49409
1413393925.955760479 -674.78632 1113.40495 -187.31909 0.40748 0.59494 -0.47835 0.50118
1413393926.055760384 -678.02935 1119.66721 -188.21289 0.41678 0.58409 -0.46942 0.51456
1413393926.155760527 -681.2865 1125.93853 -189.11014 0.42156 0.57304 -0.46362 0.52817
1413393926.255760431 -684.55986 1132.2223 -190.00674 0.41975 0.56889 -0.46514 0.53275
1413393926.355760574 -687.84993 1138.519 -190.90133 0.41297 0.57176 -0.47217 0.52877
1413393926.455760479 -691.15618 1144.8269 -191.79215 0.4085 0.57869 -0.47332 0.52366
1413393926.555760384 -694.4776 1151.14397 -192.68609 0.41089 0.58132 -0.46288 0.52819
1413393926.655760527 -697.81252 1157.46655 -193.59481 0.41314 0.58676 -0.44724 0.53385
1413393926.755760431 -701.16038 1163.79906 -194.50498 0.4097 0.59839 -0.43123 0.53676
1413393926.855760574 -704.52035 1170.14559 -195.40323 0.39915 0.61339 -0.41675 0.53921
1413393926.955760479 -707.89184 1176.50593 -196.28712 0.38162 0.63318 -0.40562 0.53751
1413393927.055760384 -711.27444 1182.87733 -197.15695 0.36053 0.65303 -0.40079 0.53192
1413393927.155760527 -714.66645 1189.25202 -198.01516 0.33848 0.66432 -0.40045 0.53268
1413393927.255760431 -718.06885 1195.62524 -198.87055 0.31835 0.67046 -0.40295 0.5355
1413393927.355760574 -721.48156 1201.99346 -199.72501 0.30589 0.68339 -0.40145 0.52749
1413393927.455760479 -724.90311 1208.35366 -200.57491 0.31427 0.69669 -0.38385 0.51818
1413393927.555760384 -728.3283 1214.70764 -201.41945 0.33529 0.70505 -0.35722 0.51272
1413393927.655760527 -731.7511 1221.06051 -202.26059 0.35413 0.7126 -0.32702 0.50976
1413393927.755760431 -735.16747 1227.41777 -203.09748 0.37294 0.71529 -0.29359 0.51292
1413393927.855760574 -738.57472 1233.78533 -203.92951 0.3886 0.71344 -0.267 0.51837
1413393927.955760479 -741.97154 1240.16826 -204.75885 0.39195 0.71083 -0.25519 0.52533
1413393928.055760384 -745.35979 1246.56731 -205.59197 0.39509 0.70869 -0.24872 0.52895
1413393928.155760527 -748.74065 1252.9831 -206.43255 0.39809 0.70615 -0.24509 0.5318
1413393928.255760431 -752.11385 1259.41571 -207.28064 0.39452 0.70615 -0.24931 0.5325
1413393928.355760574 -755.48033 1265.86385 -208.13671 0.37008 0.70403 -0.26844 0.54343
1413393928.455760479 -758.84442 1272.32422 -209.00015 0.34575 0.69575 -0.28624 0.56076
1413393928.555760384 -762.21213 1278.79229 -209.87217 0.33083 0.68535 -0.2973 0.57659
1413393928.655760527 -765.58746 1285.26679 -210.74715 0.32763 0.67191 -0.29947 0.59289
1413393928.755760431 -768.9746 1291.75026 -211.62098 0.33088 0.66747 -0.30037 0.59564
1413393928.855760574 -772.37441 1298.24424 -212.49186 0.34465 0.66826 -0.29696 0.58861
1413393928.955760479 -775.78539 1304.74914 -213.3601 0.36412 0.66813 -0.29412 0.57837
1413393929.055760384 -779.20559 1311.26724 -214.2263 0.38122 0.66502 -0.30206 0.56672
1413393929.155760527 -782.63228 1317.80016 -215.08891 0.3973 0.65747 -0.31671 0.5564
1413393929.255760431 -786.06475 1324.34747 -215.9492 0.40891 0.64876 -0.34081 0.54382
1413393929.355760574 -789.50226 1330.90848 -216.80745 0.41363 0.63636 -0.37394 0.53304
1413393929.455760479 -792.94497 1337.48019 -217.6625 0.41849 0.61917 -0.40898 0.52367
1413393929.555760384 -796.39553 1344.06125 -218.51476 0.42815 0.60147 -0.44238 0.50913
1413393929.655760527 -799.85473 1350.65059 -219.36423 0.44199 0.58174 -0.47274 0.49269
1413393929.755760431 -803.32285 1357.247 -220.21146 0.45518 0.5593 -0.50115 0.47838
1413393929.855760574 -806.80142 1363.8502 -221.05803 -0.45942 -0.53163 0.53287 -0.47156
1413393929.955760479 -810.29366 1370.46041 -221.90361 -0.45667 -0.49897 0.5648 -0.47274
1413393930.055760384 -813.80481 1377.07732 -222.75192 -0.4559 -0.46893 0.59224 -0.47065
1413393930.155760527 -817.33824 1383.70076 -223.60848 -0.45868 -0.44524 0.61216 -0.46545
1413393930.255760431 -820.89524 1390.33106 -224.4751 -0.46467 -0.43124 0.62282 -0.45849
1413393930.355760574 -824.47648 1396.96941 -225.35284 -0.47923 -0.43088 0.62385 -0.44214
1413393930.455760479 -828.07891 1403.61605 -226.24266 -0.49551 -0.43917 0.61941 -0.42182
1413393930.555760384 -831.69817 1410.26822 -227.15251 0.50434 0.44426 -0.61564 0.41141
1413393930.655760527 -835.33236 1416.92528 -228.08486 0.50386 0.44018 -0.61385 0.419
1413393930.755760431 -838.98286 1423.58923 -229.03426 0.5023 0.43395 -0.61077 0.43168
1413393930.855760574 -842.65144 1430.26329 -229.98517 0.50163 0.43122 -0.60661 0.44095
1413393930.955760479 -846.33941 1436.95246 -230.92676 0.50071 0.43554 -0.60422 0.44104
1413393931.055760384 -850.04652 1443.65745 -231.85298 -0.49816 -0.44009 0.60371 -0.44011
1413393931.155760527 -853.77206 1450.37786 -232.76327 -0.49384 -0.44341 0.60431 -0.44083
1413393931.255760431 -857.51595 1457.11122 -233.66288 -0.48719 -0.44708 0.60707 -0.44071
1413393931.355760574 -861.27833 1463.8536 -234.56645 -0.47941 -0.44799 0.61077 -0.44321
1413393931.455760479 -865.0603 1470.60239 -235.48091 -0.4701 -0.44683 0.61469 -0.44889
1413393931.555760384 -868.86342 1477.35998 -236.40506 -0.46379 -0.44532 0.6167 -0.45416
1413393931.655760527 -872.68878 1484.12578 -237.34165 -0.46056 -0.44573 0.61707 -0.45654
1413393931.755760431 -876.53771 1490.89704 -238.28647 -0.46008 -0.447 0.61587 -0.4574
1413393931.855760574 -880.41031 1497.67415 -239.23819 -0.46104 -0.44897 0.61436 -0.45654
1413393931.955760479 -884.3069 1504.45916 -240.18958 -0.46225 -0.45101 0.61275 -0.45547
1413393932.055760384 -880.9359 1510.54422 -239.67431 -0.48721 -0.43153 0.6292 -0.42487
1413393932.155760527 -879.2506 1517.41692 -239.9095 0.50273 0.42446 -0.63819 0.39976
1413393932.255760431 -878.80501 1524.4831 -240.37048 0.51722 0.42619 -0.63831 0.3787
1413393932.355760574 -882.33766 1530.45448 -240.68866 0.52203 0.43636 -0.63197 0.37106
1413393932.455760479 -885.3393 1536.59022 -241.15929 0.52505 0.43998 -0.63177 0.36278
1413393932.555760384 -887.9983 1542.8883 -241.66559 0.52905 0.44037 -0.63162 0.3567
1413393932.655760527 -891.7879 1548.76459 -242.02485 0.53308 0.43926 -0.62726 0.35974
1413393932.755760431 -895.2712 1554.66572 -242.70388 0.53732 0.43192 -0.63076 0.3562
1413393932.855760574 -898.59628 1560.636 -243.07264 0.54068 0.43089 -0.62794 0.35734
1413393932.955760479 -900.27689 1567.32268 -243.78444 0.55211 0.42227 -0.62796 0.35003
1413393933.055760384 -903.02004 1573.75525 -244.15526 0.56487 0.41723 -0.61348 0.36124
1413393933.155760527 -906.22225 1579.9322 -244.57469 0.57317 0.41151 -0.60316 0.37193
1413393933.255760431 -909.43587 1586.07705 -244.90915 0.56929 0.4067 -0.60138 0.38581
1413393933.355760574 -912.31454 1592.28041 -245.29449 0.55864 0.39753 -0.60676 0.40216
1413393933.455760479 -915.16365 1598.75547 -245.79019 0.54057 0.38999 -0.61829 0.41642
1413393933.555760384 -918.02461 1605.25086 -246.28737 0.51672 0.38698 -0.63435 0.42527
1413393933.655760527 -921.4198 1611.93911 -246.57526 0.50016 0.39119 -0.64084 0.43143
1413393933.755760431 -923.89808 1618.55239 -247.23386 0.50776 0.39732 -0.64492 0.41036
1413393933.855760574 -926.58817 1625.34247 -247.78379 0.51781 0.4074 -0.64218 0.3918
1413393933.955760479 -929.34607 1631.99365 -248.33594 0.52642 0.41126 -0.63924 0.38095
1413393934.055760384 -932.24832 1638.61291 -248.85058 0.54711 0.41017 -0.62375 0.37864
1413393934.155760527 -933.98016 1645.97222 -249.5992 0.56497 0.40349 -0.61655 0.37131
1413393934.255760431 -936.57515 1653.36146 -250.23156 0.56675 0.40393 -0.61316 0.37373
1413393934.355760574 -943.50603 1658.29515 -250.46166 0.54225 0.42386 -0.60549 0.39961
1413393934.455760479 -945.24826 1665.58494 -251.0409 0.52886 0.41657 -0.62292 0.39844
1413393934.555760384 -947.39789 1672.64099 -251.75055 0.51823 0.40965 -0.63636 0.39834
1413393934.655760527 -950.38239 1679.39714 -252.31342 0.50803 0.40513 -0.64232 0.40644
1413393934.755760431 -954.91934 1685.64607 -252.56336 -0.49004 -0.41005 0.63764 -0.43028
1413393934.855760574 -956.93143 1692.79892 -253.32704 -0.47372 -0.40592 0.64794 -0.43703
1413393934.955760479 -959.89552 1699.42215 -253.85568 -0.45577 -0.42649 0.64701 -0.4379
1413393935.055760384 -962.7792 1706.06582 -254.34474 -0.45787 -0.46876 0.62827 -0.4194
1413393935.155760527 -964.98923 1712.99701 -254.90002 -0.46228 -0.51006 0.60396 -0.4017
1413393935.255760431 -967.98921 1719.77742 -255.45055 -0.45491 -0.54861 0.57514 -0.40162
1413393935.355760574 -966.365 1726.88918 -256.47463 -0.45611 -0.55441 0.582 -0.38193
1413393935.455760479 -971.13006 1732.58527 -256.39087 0.4381 0.59622 -0.53407 0.4091
1413393935.555760384 -973.93906 1738.85118 -256.61368 0.43152 0.62457 -0.49673 0.42067
1413393935.655760527 -976.69996 1745.49699 -257.0571 0.42888 0.65065 -0.46323 0.42206
1413393935.755760431 -979.45291 1752.13984 -257.49616 0.43402 0.67178 -0.43145 0.41735
1413393935.855760574 -982.19101 1758.78188 -257.93233 0.44369 0.68912 -0.39796 0.41216
1413393935.955760479 -984.90788 1765.42638 -258.36762 0.43354 0.70013 -0.37747 0.42352
1413393936.055760384 -987.60286 1772.07552 -258.80148 0.40033 0.70641 -0.36838 0.45279
1413393936.155760527 -990.28189 1778.72826 -259.23238 0.36147 0.71335 -0.35506 0.48415
1413393936.255760431 -992.9515 1785.38143 -259.66023 0.31842 0.7237 -0.33834 0.51028
1413393936.355760574 -995.61613 1792.0318 -260.0853 0.27844 0.73825 -0.31504 0.52745
1413393936.455760479 -998.27918 1798.67792 -260.50807 0.24742 0.75401 -0.2838 0.53824
1413393936.555760384 -1000.93998 1805.31849 -260.9256 0.23218 0.76627 -0.23991 0.54897
1413393936.655760527 -1003.59774 1811.95597 -261.33974 0.22078 0.77082 -0.19562 0.56465
1413393936.755760431 -1006.2524 1818.59412 -261.75136 0.2086 0.77171 -0.15708 0.57989
1413393936.855760574 -1008.90491 1825.23632 -262.16138 0.19477 0.77471 -0.12255 0.58896
1413393936.955760479 -1011.5552 1831.88498 -262.56812 0.18084 0.77836 -0.08673 0.59492
1413393937.055760384 -1014.20349 1838.54364 -262.97096 0.1678 0.7816 -0.04715 0.59894
1413393937.155760527 -1016.84995 1845.21466 -263.37065 0.14971 0.78528 -0.01062 0.60068
1413393937.255760431 -1019.49448 1851.89947 -263.76668 0.12865 0.78807 0.02244 0.60158
1413393937.355760574 -1022.13608 1858.59815 -264.15891 0.10696 0.79165 0.04983 0.59947
1413393937.455760479 -1024.75743 1865.31479 -264.54984 0.09094 0.79755 0.06837 0.59242
1413393937.555760384 -1027.37174 1872.03936 -264.954 0.07592 0.81256 0.07368 0.5732
1413393937.655760527 -1029.98929 1878.76372 -265.37829 0.06125 0.82465 0.07183 0.55771
1413393937.755760431 -1032.58234 1885.49691 -265.81518 0.05257 0.83605 0.06769 0.54192
1413393937.855760574 -1035.16544 1892.23241 -266.25102 0.04738 0.84569 0.06295 0.52782
1413393937.955760479 -1037.72499 1898.97405 -266.67926 0.05145 0.84408 0.06599 0.52965
1413393938.055760384 -1040.26242 1905.72279 -267.1041 0.06356 0.83709 0.07457 0.53823
1413393938.155760527 -1038.58847 1913.51008 -266.5716 0.09147 0.82659 0.08706 0.54846
1413393938.255760431 -1040.70951 1920.38745 -266.90411 0.10625 0.81285 0.11242 0.56156
1413393938.355760574 -1042.82839 1927.2848 -267.23641 0.09802 0.80597 0.12672 0.56986
1413393938.455760479 -1044.92849 1934.20813 -267.56834 0.06461 0.80673 0.12874 0.5731
1413393938.555760384 -1045.86534 1941.55725 -267.964 0.03127 0.81259 0.13493 0.56614
1413393938.655760527 -1047.41189 1948.69652 -268.21554 0.00143 0.81625 0.14608 0.55892
1413393938.755760431 -1051.95512 1954.68787 -268.92613 -0.03174 0.8171 0.16237 0.55225
1413393938.855760574 -1057.62146 1959.50319 -269.47644 -0.06043 0.80741 0.18669 0.5564
1413393938.955760479 -1058.98146 1965.32493 -269.08323 -0.07257 0.80117 0.20922 0.55595
1413393939.055760384 -1061.46787 1971.68292 -269.51089 -0.08542 0.79729 0.23163 0.5508
1413393939.155760527 -1064.13279 1978.01091 -269.81463 -0.10611 0.77715 0.24924 0.56803
1413393939.255760431 -1066.87375 1984.25642 -270.12469 -0.1176 0.77592 0.26605 0.55977
1413393939.355760574 -1068.46941 1991.02658 -270.27918 -0.11207 0.79723 0.27957 0.52317
1413393939.455760479 -1071.56843 1997.14702 -270.71198 -0.10993 0.83009 0.28456 0.46678
1413393939.555760384 -1073.31446 2003.90491 -270.9326 -0.10698 0.86087 0.27673 0.41337
1413393939.655760527 -1075.88923 2010.39985 -271.22533 -0.10489 0.88125 0.2685 0.37457
1413393939.755760431 -1078.07918 2017.0162 -271.52212 -0.09176 0.88563 0.27253 0.36464
1413393939.855760574 -1080.44245 2023.48717 -271.83544 -0.09136 0.86476 0.27753 0.40843
1413393939.955760479 -1081.81757 2030.46919 -272.16749 -0.1095 0.82196 0.26895 0.48995
1413393940.055760384 -1083.52974 2037.43614 -272.525 -0.13568 0.77415 0.25349 0.56394
1413393940.155760527 -1085.34359 2044.33203 -272.87362 -0.16155 0.73819 0.23675 0.61068
1413393940.255760431 -1081.50871 2051.77731 -273.99383 -0.18566 0.73599 0.25363 0.5996
1413393940.355760574 -1090.39116 2057.0857 -273.70724 -0.17715 0.74072 0.24222 0.60107
1413393940.455760479 -1092.82419 2063.41193 -273.79719 -0.14807 0.78286 0.25289 0.54886
1413393940.555760384 -1094.79469 2069.867 -274.0191 -0.12315 0.83334 0.25795 0.47312
1413393940.655760527 -1096.67192 2076.49572 -274.2513 -0.11331 0.86727 0.24923 0.4158
1413393940.755760431 -1098.41432 2083.25291 -274.47344 -0.11772 0.88615 0.23111 0.38402
1413393940.855760574 -1100.2717 2089.9151 -274.76293 -0.12358 0.88182 0.22144 0.39759
1413393940.955760479 -1102.61103 2096.35258 -275.22685 -0.12111 0.85382 0.23012 0.45096
1413393941.055760384 -1104.47922 2102.90032 -275.46556 -0.12828 0.81277 0.23441 0.51768
1413393941.155760527 -1106.85286 2108.81646 -275.92066 -0.1444 0.7709 0.24103 0.57163
1413393941.255760431 -1102.63055 2114.30718 -278.91368 -0.20554 0.75072 0.32182 0.53908
1413393941.355760574 -1078.81839 2074.18259 -279.26863 -0.29618 0.74109 0.42499 0.42714
1413393941.455760479 -1084.67897 2065.66153 -277.34682 -0.29675 0.7427 0.44735 0.40026
1413393941.555760384 -1113.57615 2070.81895 -265.69025 -0.31158 0.73014 0.46493 0.39199
1413393941.655760527 -1126.33601 2074.25314 -266.622 -0.3065 0.73845 0.48669 0.35197
1413393941.755760431 -1130.91063 2075.83521 -265.93751 -0.28956 0.74958 0.49566 0.32955
1413393941.855760574 -1134.29684 2074.71085 -264.78174 -0.28747 0.7494 0.49879 0.32706
1413393941.955760479 -1136.83909 2074.42707 -263.58294 -0.30762 0.73526 0.48688 0.35737
1413393942.055760384 -1139.39268 2076.60209 -262.55754 -0.33369 0.71268 0.4597 0.4116
1413393942.155760527 -1142.36754 2079.63557 -261.86007 -0.35472 0.68626 0.42843 0.46869
1413393942.255760431 -1146.44113 2084.49577 -262.09859 -0.35681 0.66997 0.40131 0.51262
1413393942.355760574 -1149.82114 2088.47524 -261.65231 -0.35272 0.66411 0.3895 0.53182
1413393942.455760479 -1153.86389 2091.66327 -261.44121 -0.33917 0.67423 0.3949 0.52387
1413393942.555760384 -1158.32102 2095.48564 -261.75868 -0.31412 0.69822 0.41016 0.49556
1413393942.655760527 -1162.25334 2098.52168 -261.37856 -0.2861 0.72929 0.42807 0.45059
1413393942.755760431 -1165.32123 2101.35094 -260.5872 -0.26127 0.75325 0.44331 0.40968
1413393942.855760574 -1167.67298 2105.18606 -259.7935 -0.24047 0.76874 0.45352 0.38149
1413393942.955760479 -1170.76023 2108.38206 -259.23831 -0.23053 0.77628 0.45825 0.3664
1413393943.055760384 -1174.80461 2110.48554 -258.87805 -0.24283 0.76584 0.45544 0.38354
1413393943.155760527 -1178.71714 2112.69896 -258.54757 -0.27418 0.73744 0.44242 0.43044
1413393943.255760431 -1182.35329 2114.77104 -258.03043 -0.30648 0.70299 0.42571 0.48026
1413393943.355760574 -1186.05288 2116.8323 -257.5686 -0.33425 0.67524 0.409 0.51483
1413393943.455760479 -1189.16945 2119.00652 -256.81649 -0.34901 0.66056 0.39822 0.53224
1413393943.555760384 -1192.6587 2121.64187 -256.46198 -0.33503 0.67366 0.40676 0.51815
1413393943.655760527 -1195.60964 2124.16843 -255.68055 -0.30705 0.7019 0.42588 0.48134
1413393943.755760431 -1198.44709 2126.86611 -254.96987 -0.27618 0.73273 0.44335 0.4362
1413393943.855760574 -1201.48088 2129.81317 -254.44941 -0.24989 0.75569 0.4526 0.40203
1413393943.955760479 -1204.34865 2132.96227 -253.80192 -0.23206 0.76913 0.4489 0.39125
1413393944.055760384 -1208.64191 2135.63798 -253.78479 -0.23701 0.76786 0.42662 0.41498
1413393944.155760527 -1212.15806 2138.39787 -253.33665 -0.25718 0.76249 0.39022 0.44743
1413393944.255760431 -1215.38602 2141.23764 -252.81866 -0.27804 0.75197 0.34884 0.48534
1413393944.355760574 -1218.43088 2144.21381 -252.28527 -0.28724 0.73874 0.31313 0.52318
1413393944.455760479 -1221.93984 2147.26731 -251.98591 -0.28303 0.73181 0.28962 0.54815
1413393944.555760384 -1225.21818 2150.27588 -251.50027 -0.25627 0.74143 0.29066 0.54784
1413393944.655760527 -1228.65104 2153.27343 -251.13563 -0.21937 0.76672 0.30281 0.52185
1413393944.755760431 -1232.13491 2156.21646 -250.77247 -0.18862 0.79506 0.31388 0.48351
1413393944.855760574 -1235.1841 2159.4649 -250.28821 -0.16727 0.81673 0.31981 0.45021
1413393944.955760479 -1238.62472 2162.58206 -249.93755 -0.15654 0.82935 0.31969 0.43067
1413393945.055760384 -1242.07321 2165.39973 -249.51038 -0.15735 0.82559 0.31152 0.44339
1413393945.155760527 -1245.33303 2168.32215 -249.07961 -0.16668 0.80187 0.29361 0.49297
1413393945.255760431 -1248.53311 2170.40551 -248.30221 -0.17837 0.76961 0.26999 0.55045
1413393945.355760574 -1251.30982 2172.43396 -247.47025 -0.18024 0.74872 0.24642 0.58839
1413393945.455760479 -1254.42679 2175.18534 -246.97484 -0.16867 0.75021 0.22442 0.59864
1413393945.555760384 -1257.57547 2177.89002 -246.49167 -0.15194 0.77352 0.20459 0.58028
1413393945.655760527 -1260.71491 2180.5931 -246.00804 -0.12619 0.7994 0.19029 0.55573
1413393945.755760431 -1263.8221 2183.318 -245.52094 -0.09634 0.82474 0.17676 0.52847
1413393945.855760574 -1266.91217 2186.0446 -245.03134 -0.06746 0.848 0.16092 0.50046
1413393945.955760479 -1269.97706 2188.77727 -244.53533 -0.04568 0.85653 0.14209 0.49404
1413393946.055760384 -1273.01423 2191.51678 -244.02951 -0.03175 0.84137 0.12092 0.5258
1413393946.155760527 -1276.03269 2194.25975 -243.51962 -0.0207 0.81512 0.09799 0.57056
1413393946.255760431 -1279.04336 2197.00338 -243.00897 -0.00825 0.79118 0.0731 0.60714
1413393946.355760574 -1282.05406 2199.7455 -242.50174 0.00494 0.78846 0.04452 0.61345
1413393946.455760479 -1285.06648 2202.48508 -241.99653 0.0145 0.80378 0.00901 0.59468
1413393946.555760384 -1288.07553 2205.21919 -241.48841 0.03175 0.82341 -0.02547 0.56599
1413393946.655760527 -1291.8342 2207.31803 -241.10374 0.05627 0.84604 -0.05336 0.52745
1413393946.755760431 -1294.88913 2209.9725 -240.60137 0.09168 0.86085 -0.08034 0.49405
1413393946.855760574 -1297.74974 2211.99081 -239.85713 0.12264 0.85995 -0.10676 0.48378
1413393946.955760479 -1300.73367 2214.57179 -239.31343 0.15166 0.83855 -0.12967 0.50697
1413393947.055760384 -1303.38972 2218.13252 -239.06281 0.18263 0.80047 -0.14987 0.55084
1413393947.155760527 -1306.31524 2220.8095 -238.55952 0.20751 0.7689 -0.17057 0.5802
1413393947.255760431 -1309.24196 2223.4891 -238.07107 0.22834 0.75369 -0.19711 0.58392
1413393947.355760574 -1312.17166 2226.1725 -237.5925 0.24717 0.74343 -0.22674 0.57863
1413393947.455760479 -1315.10385 2228.85888 -237.1231 0.25309 0.7358 -0.26679 0.56866
1413393947.555760384 -1318.03933 2231.54562 -236.65727 0.24811 0.72911 -0.31492 0.55467
1413393947.655760527 -1322.24429 2235.46705 -236.86824 0.24463 0.72045 -0.36361 0.53749
1413393947.755760431 -1325.95962 2239.00898 -236.68323 0.25338 0.72091 -0.40116 0.50513
1413393947.855760574 -1329.1034 2241.86258 -236.2869 0.28477 0.72267 -0.41976 0.46953
1413393947.955760479 -1332.24453 2244.70051 -235.87899 0.32239 0.71422 -0.42873 0.44961
1413393948.055760384 -1338.98881 2238.74001 -233.89032 0.34088 0.72236 -0.39605 0.45293
1413393948.155760527 -1342.4728 2240.66758 -233.31122 0.37587 0.70486 -0.39362 0.45492
1413393948.255760431 -1341.13152 2242.08343 -231.71447 0.40841 0.67866 -0.40573 0.45608
1413393948.355760574 -1344.72724 2243.7778 -231.32378 0.41815 0.6511 -0.41503 0.47851
1413393948.455760479 -1346.30311 2246.88422 -230.5024 0.43566 0.62288 -0.42686 0.48992
1413393948.555760384 -1349.18826 2248.89941 -229.82165 0.43644 0.6119 -0.44317 0.48857
1413393948.655760527 -1352.07466 2250.92404 -229.14264 0.42675 0.6201 -0.47103 0.45987
1413393948.755760431 -1354.96162 2252.9545 -228.46094 0.41528 0.63089 -0.50092 0.4226
1413393948.855760574 -1357.84683 2254.9812 -227.77437 0.40433 0.63347 -0.53057 0.39209
1413393948.955760479 -1360.72963 2256.99638 -227.07763 0.4032 0.62309 -0.55394 0.37729
1413393949.055760384 -1363.61195 2259.00079 -226.37256 0.42484 0.59991 -0.5619 0.37932
1413393949.155760527 -1366.49468 2260.99507 -225.65805 0.45684 0.57202 -0.56145 0.38583
1413393949.255760431 -1369.37718 2262.99019 -224.94012 -0.48707 -0.54312 0.55971 -0.39308
1413393949.355760574 -1372.25864 2264.99008 -224.21854 0.51524 0.51482 -0.55677 0.39937
1413393949.455760479 -1375.12794 2267.0166 -223.49593 0.53649 0.48606 -0.55689 0.40718
1413393949.555760384 -1378.00465 2269.04642 -222.77808 0.5299 0.4672 -0.57647 0.41064
1413393949.655760527 -1380.88277 2271.09396 -222.06435 0.50492 0.46065 -0.60617 0.40671
1413393949.755760431 -1383.77335 2273.14915 -221.34965 -0.47744 -0.45148 0.63428 -0.40731
1413393949.855760574 -1386.68135 2275.21242 -220.63069 -0.4541 -0.43383 0.6592 -0.41357
1413393949.955760479 -1389.61271 2277.28256 -219.9083 -0.43522 -0.4174 0.67896 -0.41877
1413393950.055760384 -1392.56945 2279.36291 -219.17776 -0.43413 -0.41811 0.68704 -0.40581
1413393950.155760527 -1395.12547 2286.63214 -220.06811 -0.46061 -0.43431 0.6815 -0.36712
1413393950.255760431 -1400.37127 2291.13348 -220.33457 -0.4691 -0.4688 0.66846 -0.33665
1413393950.355760574 -1406.24114 2293.6369 -220.3028 -0.46524 -0.49588 0.65824 -0.32307
1413393950.455760479 -1412.414 2292.09819 -219.24071 -0.44846 -0.52389 0.64336 -0.33244
1413393950.555760384 -1414.27693 2294.53954 -218.0639 -0.46572 -0.49484 0.66072 -0.3189
1413393950.655760527 -1416.47405 2296.76242 -217.18737 -0.48784 -0.47295 0.65998 -0.32057
1413393950.755760431 -1419.46861 2298.76965 -216.61914 0.50564 0.46112 -0.65227 0.32595
1413393950.855760574 -1422.95809 2300.80215 -216.20078 0.51673 0.45482 -0.64831 0.3253
1413393950.955760479 -1426.72234 2303.577 -215.90753 0.52543 0.46012 -0.64078 0.31876
1413393951.055760384 -1430.95152 2306.83799 -215.87075 0.52984 0.47111 -0.63325 0.31035
1413393951.155760527 -1434.55266 2310.22344 -215.64025 0.5257 0.47157 -0.63228 0.31857
1413393951.255760431 -1438.48984 2312.36258 -215.31414 0.52166 0.46629 -0.63611 0.32529
1413393951.355760574 -1442.32804 2314.38209 -214.82778 0.51927 0.46205 -0.64048 0.32657
1413393951.455760479 -1445.89958 2316.66615 -214.33943 0.51541 0.46139 -0.6472 0.32032
1413393951.555760384 -1449.37942 2319.22493 -213.8166 0.51065 0.46304 -0.65347 0.31274
1413393951.655760527 -1453.14336 2321.41112 -213.38783 0.51086 0.46287 -0.65602 0.30727
1413393951.755760431 -1457.10396 2324.0126 -212.9769 0.51719 0.46188 -0.65191 0.30691
1413393951.855760574 -1460.61291 2326.83878 -212.55163 0.52321 0.45578 -0.64923 0.31146
1413393951.955760479 -1464.05191 2329.52746 -212.07226 0.52656 0.44929 -0.64995 0.31375
1413393952.055760384 -1467.42112 2332.07841 -211.63995 0.53051 0.44315 -0.65094 0.31378
1413393952.155760527 -1471.04704 2334.66121 -211.12585 0.53267 0.4383 -0.65128 0.31622
1413393952.255760431 -1475.03307 2336.98103 -210.63845 0.53144 0.43342 -0.65375 0.31989
1413393952.355760574 -1478.31197 2339.6019 -210.17286 0.53124 0.43099 -0.65369 0.32361
1413393952.455760479 -1482.15238 2341.96218 -209.66958 0.52929 0.43899 -0.64763 0.32821
1413393952.555760384 -1485.23244 2344.63636 -209.20774 0.52715 0.45145 -0.63919 0.33127
1413393952.655760527 -1489.2214 2346.89322 -208.69944 0.52082 0.46916 -0.62832 0.33742
1413393952.755760431 -1493.0341 2349.25988 -208.18355 0.51277 0.48579 -0.61838 0.3445
1413393952.855760574 -1496.66939 2351.74046 -207.68022 0.50416 0.4991 -0.60978 0.35339
1413393952.955760479 -1500.30599 2354.22642 -207.17481 -0.49156 -0.50358 0.60786 -0.36781
1413393953.055760384 -1503.94552 2356.7168 -206.66626 -0.47925 -0.5046 0.60905 -0.38048
1413393953.155760527 -1507.59251 2359.20955 -206.16121 -0.47074 -0.50449 0.61048 -0.38884
1413393953.255760431 -1511.24855 2361.70444 -205.67209 -0.46536 -0.50342 0.61147 -0.3951
1413393953.355760574 -1514.91467 2364.20155 -205.18769 -0.45959 -0.49879 0.61395 -0.4038
1413393953.455760479 -1518.59254 2366.70355 -204.69072 -0.46154 -0.49318 0.61232 -0.41088
1413393953.555760384 -1522.28376 2369.21193 -204.17552 -0.47568 -0.49277 0.60364 -0.40807
1413393953.655760527 -1525.98677 2371.72476 -203.65079 -0.49582 -0.49778 0.59153 -0.39556
1413393953.755760431 -1529.69103 2374.24973 -203.12404 0.51158 0.49927 -0.58194 0.38777
1413393953.855760574 -1533.39601 2376.78291 -202.60522 0.51784 0.50115 -0.57583 0.38615
1413393953.955760479 -1537.09994 2379.32539 -202.09594 0.51503 0.50758 -0.5714 0.38808
1413393954.055760384 -1541.30255 2381.8056 -201.5625 -0.49971 -0.52397 0.573 -0.38395
1413393954.155760527 -1544.65888 2384.55851 -201.09168 -0.48064 -0.54088 0.57874 -0.37616
1413393954.255760431 -1548.24252 2387.15515 -200.56395 -0.45635 -0.56187 0.58254 -0.36973
1413393954.355760574 -1552.46641 2389.40129 -200.10317 0.43343 0.58408 -0.57799 0.37004
1413393954.455760479 -1556.40241 2391.91854 -199.54911 0.41586 0.60559 -0.56544 0.37497
1413393954.555760384 -1560.17102 2394.434 -199.02004 0.40176 0.62653 -0.54872 0.38072
1413393954.655760527 -1563.93887 2396.93774 -198.48697 0.38953 0.6443 -0.53153 0.38809
1413393954.755760431 -1567.7059 2399.42681 -197.95158 0.37978 0.65845 -0.51817 0.39205
1413393954.855760574 -1571.47161 2401.90265 -197.41476 0.37271 0.66814 -0.50893 0.39455
1413393954.955760479 -1575.23458 2404.36417 -196.87545 0.37104 0.67347 -0.50091 0.39732
1413393955.055760384 -1578.99266 2406.81209 -196.33085 0.3794 0.67055 -0.48758 0.41072
1413393955.155760527 -1582.74555 2409.25058 -195.78561 0.38704 0.6684 -0.47208 0.42495
1413393955.255760431 -1586.4935 2411.68359 -195.24027 0.38287 0.66637 -0.46306 0.44151
1413393955.355760574 -1590.23853 2414.11349 -194.69341 0.37279 0.66774 -0.45535 0.45585
1413393955.455760479 -1593.98152 2416.54158 -194.14332 0.36494 0.67502 -0.43862 0.46774
1413393955.555760384 -1597.72271 2418.96917 -193.58894 0.35903 0.68292 -0.40918 0.48712
1413393955.655760527 -1601.46408 2421.39948 -193.0399 0.357 0.69469 -0.36902 0.50377
1413393955.755760431 -1605.20547 2423.83378 -192.49963 0.36183 0.71364 -0.32907 0.50151
1413393955.855760574 -1608.94385 2426.27613 -191.96801 0.36646 0.73311 -0.29823 0.48921
1413393955.955760479 -1612.6719 2428.72893 -191.44081 0.34642 0.74895 -0.29442 0.48207
1413393956.055760384 -1616.38565 2431.18996 -190.90884 0.31242 0.75696 -0.30402 0.48681
1413393956.155760527 -1620.08713 2433.65313 -190.37009 0.28379 0.761 -0.30702 0.49608
1413393956.255760431 -1623.77879 2436.11465 -189.82491 0.26484 0.76407 -0.29565 0.50858
1413393956.355760574 -1627.4626 2438.5733 -189.27335 0.25421 0.76435 -0.27061 0.52717
1413393956.455760479 -1631.14125 2441.03155 -188.71786 0.24248 0.76569 -0.24101 0.54483
1413393956.555760384 -1634.81556 2443.49095 -188.16298 0.2227 0.77429 -0.2129 0.55276
1413393956.655760527 -1638.48489 2445.95115 -187.60852 0.19683 0.78872 -0.18616 0.55184
1413393956.755760431 -1642.14834 2448.41095 -187.05525 0.16926 0.80625 -0.16057 0.54363
1413393956.855760574 -1645.80366 2450.86955 -186.49947 0.1404 0.81922 -0.13591 0.53916
1413393956.955760479 -1649.44853 2453.32434 -185.94155 0.10985 0.8268 -0.11304 0.53996
1413393957.055760384 -1653.08251 2455.77366 -185.38239 0.08432 0.83278 -0.08713 0.54016
1413393957.155760527 -1656.70325 2458.21718 -184.82213 0.06518 0.83818 -0.05302 0.53889
1413393957.255760431 -1660.30797 2460.65645 -184.26058 0.04325 0.84134 -0.01635 0.53852
1413393957.355760574 -1663.89772 2463.09263 -183.69769 0.01845 0.84295 0.02061 0.53727
1413393957.455760479 -1667.47126 2465.52623 -183.13463 -0.00555 0.84085 0.05543 0.5384
1413393957.555760384 -1671.02876 2467.95841 -182.57693 -0.02816 0.83591 0.08723 0.54115
1413393957.655760527 -1674.57288 2470.38988 -182.02881 -0.05306 0.82746 0.11785 0.54645
1413393957.755760431 -1678.10399 2472.82106 -181.4906 -0.07792 0.81444 0.14969 0.55516
1413393957.855760574 -1681.624 2475.25194 -180.96115 -0.093 0.80386 0.18744 0.55681
1413393957.955760479 -1685.16042 2477.64811 -180.43215 -0.09834 0.79686 0.22724 0.55109
1413393958.055760384 -1688.66515 2480.08335 -179.89404 -0.09928 0.79593 0.25886 0.53817
1413393958.155760527 -1692.17553 2482.50579 -179.33822 -0.1067 0.79703 0.2751 0.52696
1413393958.255760431 -1695.66693 2484.94848 -178.76488 -0.11895 0.79762 0.27974 0.52096
1413393958.355760574 -1699.14751 2487.39735 -178.18065 -0.13796 0.80203 0.27225 0.51341
1413393958.455760479 -1702.61028 2489.85648 -177.5985 -0.14946 0.80783 0.26536 0.50464
1413393958.555760384 -1706.05497 2492.31994 -177.02738 -0.15162 0.81594 0.26268 0.49219
1413393958.655760527 -1709.50051 2494.75924 -176.46974 -0.14905 0.82384 0.26294 0.47952
1413393958.755760431 -1712.9055 2497.23092 -175.92355 -0.14633 0.82632 0.2619 0.47666
1413393958.855760574 -1716.29053 2499.70503 -175.38562 -0.14638 0.81946 0.25889 0.48993
1413393958.955760479 -1719.65754 2502.18156 -174.85955 -0.14685 0.81238 0.25529 0.50329
1413393959.055760384 -1723.00445 2504.66581 -174.34423 -0.15527 0.80793 0.24506 0.51292
1413393959.155760527 -1726.33982 2507.14463 -173.83229 -0.1691 0.80355 0.23108 0.52184
1413393959.255760431 -1729.65964 2509.61978 -173.31676 -0.16839 0.79725 0.22879 0.53263
1413393959.355760574 -1732.96267 2512.0947 -172.79921 -0.15801 0.79901 0.23339 0.53117
1413393959.455760479 -1736.25215 2514.56676 -172.27699 -0.14938 0.80231 0.2376 0.52681
1413393959.555760384 -1739.52861 2517.03793 -171.7487 -0.1448 0.80039 0.23972 0.53004
1413393959.655760527 -1742.79343 2519.50859 -171.21084 -0.14843 0.78323 0.23771 0.55499
1413393959.755760431 -1746.04879 2521.98052 -170.66826 -0.15341 0.76855 0.23403 0.57535
1413393959.855760574 -1749.29948 2524.44964 -170.1266 -0.14881 0.77699 0.23575 0.56441
1413393959.955760479 -1752.54612 2526.91372 -169.58113 -0.13899 0.79355 0.2405 0.54141
1413393960.055760384 -1755.78756 2529.3718 -169.03024 -0.13177 0.80724 0.24372 0.52116
1413393960.155760527 -1759.01174 2531.83723 -168.47501 -0.12571 0.81773 0.24668 0.50464
1413393960.255760431 -1762.21904 2534.30655 -167.91949 -0.1194 0.82992 0.24922 0.48462
1413393960.355760574 -1765.40949 2536.77755 -167.36262 -0.11717 0.83495 0.25068 0.47569
1413393960.455760479 -1768.57748 2539.25749 -166.8024 -0.1245 0.82481 0.25374 0.48969
1413393960.555760384 -1771.70154 2541.77763 -166.25139 -0.13706 0.81237 0.26341 0.50189
1413393960.655760527 -1775.13877 2543.34459 -165.79214 -0.16388 0.79826 0.28882 0.50251
1413393960.755760431 -1779.42532 2544.47192 -165.1575 -0.18837 0.786 0.31664 0.49645
1413393960.855760574 -1783.11401 2546.93507 -164.72475 -0.20266 0.78107 0.33904 0.48364
1413393960.955760479 -1797.02288 2533.43685 -163.25421 -0.26789 0.74579 0.38803 0.4706
1413393961.055760384 -1801.33223 2534.15517 -162.64769 -0.27615 0.7463 0.39843 0.45611
1413393961.155760527 -1805.62637 2534.83237 -162.02677 -0.28415 0.73601 0.40232 0.46442
1413393961.255760431 -1809.89311 2535.55232 -161.38788 -0.30685 0.71855 0.38912 0.48797
1413393961.355760574 -1814.15257 2536.20571 -160.73358 -0.34323 0.69387 0.36218 0.5192
1413393961.455760479 -1818.39648 2536.8359 -160.06887 -0.36103 0.67436 0.34801 0.54201
1413393961.555760384 -1822.62593 2537.44638 -159.39398 -0.34395 0.67961 0.36098 0.53807
1413393961.655760527 -1826.8464 2538.0318 -158.70933 -0.31764 0.69627 0.38098 0.51881
1413393961.755760431 -1831.05142 2538.61779 -158.00286 -0.30437 0.70249 0.39044 0.51129
1413393961.855760574 -1835.23769 2539.23772 -157.27924 -0.29746 0.70871 0.39455 0.50356
1413393961.955760479 -1839.41661 2539.81876 -156.54285 -0.29153 0.71526 0.39871 0.49441
1413393962.055760384 -1843.58259 2540.38669 -155.79476 -0.28701 0.72203 0.4023 0.48421
1413393962.155760527 -1847.72417 2541.0013 -155.0304 -0.2826 0.72821 0.40557 0.47472
1413393962.255760431 -1851.84732 2541.62176 -154.2532 -0.28032 0.73254 0.40817 0.46712
1413393962.355760574 -1855.96387 2542.16163 -153.47192 -0.27549 0.73797 0.41242 0.45762
1413393962.455760479 -1860.04998 2542.78535 -152.70477 -0.26372 0.7488 0.41804 0.44158
1413393962.555760384 -1864.11484 2543.41653 -151.96155 -0.24737 0.76324 0.4181 0.42599
1413393962.655760527 -1868.15611 2544.05796 -151.23891 -0.22897 0.77262 0.41013 0.4271
1413393962.755760431 -1872.1724 2544.71295 -150.52712 -0.20946 0.77471 0.39354 0.44843
1413393962.855760574 -1876.16682 2545.38082 -149.82269 -0.18644 0.77193 0.37057 0.48172
1413393962.955760479 -1880.14544 2546.05819 -149.12663 -0.16137 0.76913 0.34193 0.51524
1413393963.055760384 -1884.11332 2546.74245 -148.44135 -0.13739 0.77163 0.30665 0.54007
1413393963.155760527 -1888.07317 2547.43246 -147.76423 -0.11581 0.77473 0.26761 0.56104
1413393963.255760431 -1892.02791 2548.12582 -147.09602 -0.10613 0.78066 0.22105 0.57484
1413393963.355760574 -1895.97711 2548.81794 -146.4356 -0.09465 0.78694 0.17691 0.58349
1413393963.455760479 -1899.91986 2549.50508 -145.78353 -0.07604 0.79432 0.13889 0.5865
1413393963.555760384 -1903.85594 2550.18583 -145.13821 -0.05863 0.80003 0.10368 0.58801
1413393963.655760527 -1907.78507 2550.8587 -144.49877 -0.04081 0.80187 0.07305 0.59161
1413393963.755760431 -1911.70885 2551.5221 -143.86636 -0.02098 0.80214 0.04679 0.59492
1413393963.855760574 -1915.62888 2552.17578 -143.23919 0.00156 0.80345 0.02399 0.59489
1413393963.955760479 -1919.54644 2552.8194 -142.61913 0.02505 0.8075 0.00206 0.58933
1413393964.055760384 -1923.45968 2553.45413 -142.00536 0.04674 0.81131 -0.02069 0.58237
1413393964.155760527 -1927.36795 2554.08071 -141.39607 0.06264 0.81171 -0.04811 0.57869
1413393964.255760431 -1931.27038 2554.69745 -140.78881 0.07098 0.80987 -0.08091 0.57665
1413393964.355760574 -1935.16813 2555.30218 -140.17755 0.07799 0.80902 -0.11287 0.57154
1413393964.455760479 -1939.06192 2555.8921 -139.55955 0.08607 0.80684 -0.14264 0.56679
1413393964.555760384 -1942.95175 2556.46494 -138.93449 0.09413 0.80297 -0.16999 0.56345
1413393964.655760527 -1946.83956 2557.01845 -138.30413 0.0997 0.79719 -0.19731 0.5618
1413393964.755760431 -1950.72643 2557.54966 -137.66738 0.10716 0.79022 -0.22276 0.56076
1413393964.855760574 -1954.61453 2558.05769 -137.02645 0.11228 0.78785 -0.24858 0.55217
1413393964.955760479 -1958.50472 2558.5401 -136.38229 0.11408 0.79051 -0.27699 0.53419
1413393965.055760384 -1962.39522 2558.9941 -135.73509 0.10526 0.7922 -0.31197 0.51382
1413393965.155760527 -1966.28439 2559.413 -135.08382 0.09448 0.79068 -0.34807 0.49473
1413393965.255760431 -1970.17193 2559.78911 -134.42753 0.0977 0.79262 -0.37294 0.47235
1413393965.355760574 -1974.05666 2560.11984 -133.76399 0.11817 0.8021 -0.37773 0.4472
1413393965.455760479 -1977.93153 2560.40606 -133.09343 0.15988 0.81484 -0.35736 0.42751
1413393965.555760384 -1977.39017 2562.97353 -132.48378 0.2203 0.82847 -0.32417 0.40001
1413393965.655760527 -1978.14685 2570.55789 -131.8096 0.28542 0.81515 -0.31255 0.39543
1413393965.755760431 -1979.752 2579.07546 -131.81075 0.31678 0.79144 -0.32136 0.41231
1413393965.855760574 -1987.05202 2576.16098 -130.89326 0.29079 0.7804 -0.30361 0.46286
1413393965.955760479 -1990.39945 2577.57722 -130.2519 0.29769 0.76945 -0.29773 0.48029
1413393966.055760384 -1993.73427 2578.98969 -129.61618 0.30989 0.76699 -0.2877 0.48263
1413393966.155760527 -1997.05455 2580.4038 -128.97232 0.30389 0.76521 -0.29249 0.48636
1413393966.255760431 -2000.36063 2581.81896 -128.31326 0.29885 0.76467 -0.29666 0.48782
1413393966.355760574 -2003.65283 2583.23292 -127.63773 0.30966 0.76647 -0.28751 0.48371
1413393966.455760479 -2006.93116 2584.6505 -126.94466 0.32417 0.7598 -0.27344 0.49279
1413393966.555760384 -2010.19788 2586.0742 -126.2464 0.32394 0.74518 -0.26971 0.51675
1413393966.655760527 -2013.45949 2587.50347 -125.55619 0.31986 0.73226 -0.26964 0.53738
1413393966.755760431 -2016.72139 2588.94005 -124.87591 0.31657 0.72305 -0.27089 0.551
1413393966.855760574 -2019.9858 2590.38363 -124.2044 0.31256 0.71993 -0.27441 0.55561
1413393966.955760479 -2023.25416 2591.83276 -123.5421 0.29501 0.72528 -0.29205 0.54922
1413393967.055760384 -2026.52708 2593.28318 -122.88567 0.27237 0.72897 -0.31937 0.54076
1413393967.155760527 -2029.80472 2594.7289 -122.23254 0.26076 0.72904 -0.33904 0.53437
1413393967.255760431 -2033.08886 2596.16637 -121.58149 0.26046 0.72469 -0.35248 0.53173
1413393967.355760574 -2036.38122 2597.59399 -120.93411 0.27194 0.71605 -0.36349 0.53027
1413393967.455760479 -2039.68232 2599.01224 -120.29132 0.28896 0.70191 -0.37812 0.52995
1413393967.555760384 -2042.99213 2600.42311 -119.65149 0.30307 0.6867 -0.39895 0.52671
1413393967.655760527 -2046.31227 2601.8285 -119.00809 0.31544 0.67267 -0.42336 0.51845
1413393967.755760431 -2049.64312 2603.22754 -118.35745 0.33265 0.65955 -0.44551 0.50583
1413393967.855760574 -2052.98543 2604.62411 -117.69679 0.34743 0.64813 -0.46722 0.49084
1413393967.955760479 -2056.3607 2605.96131 -117.02481 0.3477 0.64793 -0.49228 0.46578
1413393968.055760384 -2059.7218 2607.33697 -116.33474 0.34718 0.65018 -0.51074 0.44258
1413393968.155760527 -2063.0886 2608.69879 -115.62475 0.35199 0.64719 -0.51874 0.43376
1413393968.255760431 -2066.47911 2610.00143 -114.9063 0.34899 0.64142 -0.52703 0.43476
1413393968.355760574 -2069.87582 2611.29163 -114.19165 0.35052 0.64486 -0.5277 0.42758
1413393968.455760479 -2073.26388 2612.60158 -113.48262 0.36295 0.65485 -0.5183 0.41329
1413393968.555760384 -2076.65369 2613.89788 -112.77963 0.37746 0.65749 -0.50589 0.41147
1413393968.655760527 -2080.05927 2615.14132 -112.0861 0.38416 0.65904 -0.50117 0.40855
1413393968.755760431 -2083.46301 2616.37647 -111.40036 0.38467 0.65651 -0.50637 0.40573
1413393968.855760574 -2081.56396 2625.45459 -111.09866 0.42051 0.62291 -0.52835 0.39498
1413393968.955760479 -2084.46789 2627.41938 -110.4598 0.43332 0.59904 -0.53566 0.40798
1413393969.055760384 -2087.39088 2629.35654 -109.83034 0.44229 0.5715 -0.54977 0.41895
1413393969.155760527 -2090.32172 2631.29159 -109.20418 -0.45825 -0.54741 0.56184 -0.41795
1413393969.255760431 -2093.24316 2633.25179 -108.57508 -0.47579 -0.52751 0.57539 -0.40531
1413393969.355760574 -2096.18461 2635.19361 -107.9419 -0.48514 -0.5081 0.59478 -0.39078
1413393969.455760479 -2099.13074 2637.14014 -107.30325 -0.4864 -0.48316 0.61713 -0.38615
1413393969.555760384 -2102.08752 2639.08825 -106.66 -0.48304 -0.45329 0.63947 -0.39022
1413393969.655760527 -2106.94464 2639.75016 -105.87362 -0.47277 -0.43555 0.65958 -0.38953
1413393969.755760431 -2111.63702 2637.13815 -104.86103 -0.45976 -0.43307 0.67653 -0.37865
1413393969.855760574 -2113.11102 2638.18588 -103.96453 -0.46425 -0.4183 0.6913 -0.36277
1413393969.955760479 -2114.67685 2645.08098 -103.794 -0.4866 -0.39473 0.6947 -0.35327
1413393970.055760384 -2118.54037 2648.25902 -103.21003 -0.49902 -0.40839 0.68554 -0.33798
1413393970.155760527 -2124.76327 2645.04242 -102.20159 -0.4952 -0.44624 0.67406 -0.31826
1413393970.255760431 -2126.43801 2644.64876 -101.05333 0.5015 0.45117 -0.67983 0.2877
1413393970.355760574 -2128.13885 2647.95809 -100.42641 0.51042 0.44341 -0.68333 0.27554
1413393970.455760479 -2132.25365 2648.04874 -99.6411 0.50704 0.45097 -0.68002 0.27769
1413393970.555760384 -2135.11667 2649.14387 -98.83941 0.51744 0.44632 -0.67426 0.28007
1413393970.655760527 -2137.40685 2655.34064 -98.60315 0.53503 0.44848 -0.65165 0.29658
1413393970.755760431 -2142.36849 2654.28051 -97.62922 0.54299 0.45843 -0.64017 0.29187
1413393970.855760574 -2145.03402 2656.24279 -96.99014 0.55897 0.46619 -0.63364 0.26216
1413393970.955760479 -2148.13802 2658.80389 -96.44032 0.56738 0.47416 -0.62397 0.2528
1413393971.055760384 -2151.44314 2661.05808 -95.79843 0.56692 0.47048 -0.62115 0.26723
1413393971.155760527 -2154.64987 2663.87527 -95.22095 0.56887 0.45866 -0.61292 0.30059
1413393971.255760431 -2158.19523 2666.98707 -94.77237 0.57947 0.44435 -0.59475 0.33621
1413393971.355760574 -2162.69255 2668.48262 -94.14226 0.59067 0.43515 -0.57471 0.36257
1413393971.455760479 -2165.9442 2671.83853 -93.5936 0.59382 0.42868 -0.56773 0.37589
1413393971.555760384 -2170.60581 2671.82287 -92.91771 0.56249 0.43697 -0.5892 0.38146
1413393971.655760527 -2174.7176 2668.95886 -91.69032 0.51399 0.4358 -0.62785 0.38949
1413393971.755760431 -2176.83845 2670.59434 -91.00431 -0.48657 -0.4077 0.65831 -0.40455
1413393971.855760574 -2179.88989 2669.65539 -89.93784 -0.45809 -0.3939 0.67727 -0.41987
1413393971.955760479 -2182.67596 2666.91551 -88.90576 -0.45222 -0.4017 0.68558 -0.40512
1413393972.055760384 -2184.12969 2672.40205 -88.38356 -0.47741 -0.39568 0.68804 -0.37698
1413393972.155760527 -2187.5355 2677.48819 -87.88189 -0.47907 -0.39376 0.69368 -0.36641
1413393972.255760431 -2191.8728 2680.71108 -87.35914 -0.46704 -0.40127 0.70252 -0.35682
1413393972.355760574 -2193.3517 2687.08864 -86.82964 0.50059 0.39051 -0.70381 0.31868
1413393972.455760479 -2194.96734 2693.01919 -86.27365 0.53224 0.37949 -0.70207 0.2825
1413393972.555760384 -2199.20051 2695.40752 -85.62124 0.52956 0.40298 -0.69609 0.26951
1413393972.655760527 -2202.33112 2698.36491 -85.00214 0.52576 0.41053 -0.69889 0.25805
1413393972.755760431 -2205.56951 2701.05265 -84.32882 0.52664 0.41178 -0.69884 0.25438
1413393972.855760574 -2208.57543 2703.85875 -83.64937 0.53257 0.40907 -0.69608 0.25398
1413393972.955760479 -2205.36022 2710.78831 -82.59952 0.54352 0.41994 -0.67714 0.26405
1413393973.055760384 -2207.86317 2713.89031 -81.88496 0.55241 0.41886 -0.67163 0.26137
1413393973.155760527 -2210.36378 2716.98792 -81.16815 0.56424 0.41417 -0.66236 0.26717
1413393973.255760431 -2212.86003 2720.08507 -80.4493 0.57952 0.40798 -0.6484 0.27801
1413393973.355760574 -2215.34995 2723.18572 -79.72871 0.59641 0.39995 -0.63151 0.29245
1413393973.455760479 -2217.83441 2726.29172 -79.0056 0.6106 0.39345 -0.61538 0.30605
1413393973.555760384 -2220.31173 2729.40851 -78.28146 0.6218 0.38873 -0.60198 0.31603
1413393973.655760527 -2222.77983 2732.54025 -77.55755 0.61891 0.38387 -0.60082 0.32958
1413393973.755760431 -2225.24016 2735.68908 -76.83472 0.58954 0.37719 -0.62158 0.35187
1413393973.855760574 -2227.70026 2738.85621 -76.11075 0.54409 0.36797 -0.65281 0.37735
1413393973.955760479 -2230.17437 2742.03957 -75.38304 -0.49209 -0.35821 0.68562 -0.39933
1413393974.055760384 -2232.65458 2745.25394 -74.65156 -0.44043 -0.36926 0.72126 -0.3866
1413393974.155760527 -2235.16732 2748.47943 -73.91381 -0.39488 -0.39044 0.75276 -0.35352
1413393974.255760431 -2237.72104 2751.6999 -73.16169 -0.38011 -0.42564 0.76438 -0.30011
1413393974.355760574 -2240.31173 2754.89974 -72.3934 -0.38709 -0.45911 0.76003 -0.24845
1413393974.455760479 -2242.92874 2758.06638 -71.61429 -0.40344 -0.48524 0.74696 -0.20932
1413393974.555760384 -2260.55975 2743.03388 -71.10964 -0.38909 -0.60935 0.64516 -0.24711
1413393974.655760527 -2262.74996 2733.63974 -69.82012 0.41091 0.6537 -0.58077 0.25795
1413393974.755760431 -2261.27445 2738.48184 -68.61286 -0.48373 -0.58635 0.60848 -0.22793
1413393974.855760574 -2265.42357 2739.97717 -67.98891 0.50757 0.5869 -0.56237 0.28577
1413393974.955760479 -2269.77058 2740.315 -67.2812 0.51238 0.56661 -0.55408 0.33078
1413393975.055760384 -2273.99415 2741.49681 -66.66715 0.51329 0.54543 -0.5514 0.36744
1413393975.155760527 -2277.70094 2742.48088 -65.8927 0.50735 0.52934 -0.55649 0.39078
1413393975.255760431 -2281.2386 2742.87446 -65.07769 -0.49789 -0.52242 0.56565 -0.39903
1413393975.355760574 -2284.82935 2743.77267 -64.34819 -0.49734 -0.52085 0.56713 -0.39966
1413393975.455760479 -2288.83721 2746.68691 -63.80939 0.51024 0.51922 -0.55582 0.40142
1413393975.555760384 -2292.87161 2751.70728 -63.41651 0.52479 0.51463 -0.54288 0.40624
1413393975.655760527 -2298.13546 2748.2809 -62.33713 0.51602 0.5218 -0.54001 0.41213
1413393975.755760431 -2300.85031 2749.40725 -61.56435 0.51041 0.51444 -0.55052 0.41444
1413393975.855760574 -2304.6661 2748.4187 -60.74429 -0.49671 -0.50729 0.56058 -0.42625
1413393975.955760479 -2308.12848 2755.15733 -60.57593 0.50392 0.48306 -0.57447 0.42743
1413393976.055760384 -2313.18613 2753.90184 -59.55211 -0.48605 -0.49788 0.57599 -0.42907
1413393976.155760527 -2316.87908 2753.88275 -58.78812 -0.48514 -0.50205 0.58438 -0.41364
1413393976.255760431 -2319.77546 2755.99607 -57.9402 -0.48633 -0.49355 0.59557 -0.40643
1413393976.355760574 -2323.25989 2758.06066 -57.12348 -0.4848 -0.4834 0.59883 -0.41558
1413393976.455760479 -2327.3023 2756.94214 -56.16732 -0.47552 -0.48635 0.5935 -0.43024
1413393976.555760384 -2330.86127 2755.7624 -55.31801 -0.46323 -0.49852 0.59155 -0.4324
1413393976.655760527 -2333.98727 2755.78863 -54.44279 -0.45499 -0.50954 0.59095 -0.42911
1413393976.755760431 -2337.23798 2754.57347 -53.52032 -0.44191 -0.51854 0.58895 -0.43472
1413393976.855760574 -2339.59684 2752.29351 -52.39782 -0.43153 -0.52541 0.59961 -0.42214
1413393976.955760479 -2340.84269 2752.95592 -51.33556 -0.43382 -0.52595 0.6203 -0.38782
1413393977.055760384 -2343.40369 2753.69678 -50.41299 -0.43871 -0.53807 0.62132 -0.36329
1413393977.155760527 -2347.60259 2756.6115 -49.84721 -0.45014 -0.54803 0.60644 -0.35954
1413393977.255760431 -2352.42023 2757.49435 -49.13793 -0.45692 -0.5567 0.58807 -0.36808
1413393977.355760574 -2356.41221 2757.4594 -48.2759 -0.46377 -0.55736 0.57967 -0.37183
1413393977.455760479 -2359.43993 2756.94066 -47.27349 -0.4714 -0.55253 0.58146 -0.36659
1413393977.555760384 -2362.60831 2758.26021 -46.4002 -0.47954 -0.54905 0.58293 -0.35886
1413393977.655760527 -2366.42905 2758.79772 -45.55776 -0.47978 -0.54989 0.5813 -0.3599
1413393977.755760431 -2370.31147 2760.03907 -44.77526 -0.48071 -0.54898 0.58108 -0.3604
1413393977.855760574 -2374.72175 2761.21679 -44.08273 -0.48052 -0.5491 0.57754 -0.36611
1413393977.955760479 -2379.16363 2761.52233 -43.34561 -0.47928 -0.54794 0.57805 -0.36865
1413393978.055760384 -2382.85239 2761.95735 -42.4712 -0.4777 -0.54346 0.58406 -0.36785
1413393978.155760527 -2386.12943 2762.40862 -41.51044 -0.47544 -0.53686 0.59191 -0.36794
1413393978.255760431 -2390.32358 2766.3634 -41.00422 -0.48028 -0.52255 0.59596 -0.37563
1413393978.355760574 -2394.92135 2764.56951 -39.99007 -0.47345 -0.51737 0.59946 -0.38577
1413393978.455760479 -2398.30771 2764.98433 -39.16703 -0.48222 -0.49758 0.61034 -0.38388
1413393978.555760384 -2401.57872 2765.8729 -38.23356 -0.49392 -0.47434 0.62131 -0.38081
1413393978.655760527 -2405.44134 2766.52179 -37.42937 0.50276 0.45288 -0.6356 0.37168
1413393978.755760431 -2409.01952 2765.45463 -36.44861 0.50568 0.43569 -0.65392 0.35617
1413393978.855760574 -2411.87996 2765.0221 -35.45255 0.51249 0.41275 -0.67326 0.3372
1413393978.955760479 -2414.82987 2764.42919 -34.43641 0.52192 0.38725 -0.68891 0.321
1413393979.055760384 -2413.27339 2738.5372 -34.13962 0.50395 0.395 -0.70785 0.29827
1413393979.155760527 -2409.74195 2745.84374 -40.51397 0.55836 0.30706 -0.72008 0.27465
1413393979.255760431 -2416.23544 2741.11824 -34.71306 0.53778 0.32153 -0.73176 0.2682
1413393979.355760574 -2417.0852 2751.77685 -30.8284 0.57527 0.25388 -0.74763 0.21366
1413393979.455760479 -2430.78526 2748.7737 -32.56307 0.56147 0.25133 -0.74267 0.26463
1413393979.555760384 -2436.67512 2749.27097 -35.81317 0.56667 0.22188 -0.74494 0.27335
1413393979.655760527 -2436.81557 2752.76372 -36.97675 0.57903 0.18245 -0.75454 0.24919
1413393979.755760431 -2418.53229 2756.72664 -40.40735 0.61548 0.10212 -0.7622 0.17262
1413393979.855760574 -2424.82034 2758.79831 -34.39687 0.60912 0.09093 -0.77508 0.14124
1413393979.955760479 -2448.23456 2752.40644 -32.70345 0.5838 0.1308 -0.78067 0.18063
1413393980.055760384 -2453.0957 2755.256 -34.64214 0.58914 0.10859 -0.78481 0.15875
1413393980.155760527 -2456.90719 2763.63796 -34.2281 0.58567 0.1104 -0.78899 0.14929
1413393980.255760431 -2454.39406 2761.85899 -36.72738 0.58406 0.08632 -0.80042 0.10364
1413393980.355760574 -2456.43333 2765.88339 -36.09836 0.57973 0.0818 -0.80599 0.08723
1413393980.455760479 -2467.7692 2771.44853 -31.05828 0.5673 0.10084 -0.81065 0.10418
1413393980.555760384 -2475.91605 2770.42102 -30.17374 0.57653 0.06958 -0.81108 0.07016
1413393980.655760527 -2479.30341 2774.16863 -29.18947 0.59808 0.06959 -0.79543 0.06883
1413393980.755760431 -2481.62084 2771.74913 -26.81186 0.59735 0.02289 -0.8016 0.00927
1413393980.855760574 -2484.52537 2773.91169 -26.17356 0.59549 0.02758 -0.80258 0.02217
1413393980.955760479 -2488.8813 2773.12739 -25.20666 0.5793 0.01481 -0.81461 0.02469
1413393981.055760384 -2493.35579 2774.24424 -24.48887 0.5734 0.00578 -0.81832 0.03909
1413393981.155760527 -2498.06043 2775.47543 -23.73111 0.5765 0.00075 -0.81522 0.05534
1413393981.255760431 -2502.50535 2775.2294 -22.71423 0.58171 -0.01111 -0.81155 0.05366
1413393981.355760574 -2504.91663 2776.13245 -21.25102 0.58201 -0.01871 -0.81159 0.04734
1413393981.455760479 -2506.38493 2777.06819 -19.70857 0.58117 -0.01918 -0.81283 0.03443
1413393981.555760384 -2507.7057 2778.19908 -18.32338 0.58388 -0.01229 -0.81157 0.017
1413393981.655760527 -2511.04393 2779.18636 -17.42927 0.58454 -0.00245 -0.8113 0.01046
1413393981.755760431 -2515.28158 2779.95375 -16.63718 0.58462 0.00966 -0.81118 0.01036
1413393981.855760574 -2520.54904 2780.68639 -16.12837 0.58791 0.02482 -0.80845 0.01228
1413393981.955760479 -2527.68637 2780.71692 -16.09825 0.59269 0.04724 -0.80376 0.02146
1413393982.055760384 -2533.84953 2782.22292 -15.25208 0.59553 0.06627 -0.80003 0.0301
1413393982.155760527 -2540.39559 2782.38042 -15.5626 0.60139 0.09737 -0.79103 0.05578
1413393982.255760431 -2546.3795 2783.5628 -14.74008 0.59911 0.12041 -0.78842 0.07046
1413393982.355760574 -2553.80358 2782.29679 -14.74535 0.59795 0.15964 -0.77878 0.10237
1413393982.455760479 -2565.78763 2779.86579 -14.38607 0.58259 0.19661 -0.77761 0.13137
1413393982.555760384 -2559.60347 2787.32643 -12.67964 0.58164 0.22973 -0.76857 0.135
1413393982.655760527 -2560.85134 2788.43169 -11.82143 0.57711 0.285 -0.74655 0.16846
1413393982.755760431 -2563.63845 2789.54318 -11.02522 0.56798 0.33958 -0.72348 0.19661
1413393982.855760574 -2568.08012 2790.54318 -10.18196 0.55758 0.39153 -0.69756 0.22186
1413393982.955760479 -2571.14003 2791.97477 -9.41914 0.54646 0.44273 -0.66751 0.24453
1413393983.055760384 -2575.48755 2792.85716 -8.61646 0.52893 0.49067 -0.63736 0.27063
1413393983.155760527 -2579.27647 2794.14005 -7.78642 0.51323 0.53469 -0.60557 0.28979
1413393983.255760431 -2583.17254 2795.24425 -7.03654 0.49739 0.57727 -0.56939 0.30848
1413393983.355760574 -2586.73662 2796.47344 -6.2682 0.48156 0.61568 -0.53149 0.32643
1413393983.455760479 -2590.58013 2797.53729 -5.44762 0.46525 0.64784 -0.49285 0.34777
1413393983.555760384 -2594.37321 2798.64742 -4.64951 0.4489 0.67466 -0.45232 0.37247
1413393983.655760527 -2598.14357 2799.75668 -3.84729 0.43088 0.69857 -0.41195 0.39579
1413393983.755760431 -2601.89178 2800.86759 -3.04175 0.40848 0.71887 -0.37535 0.4189
1413393983.855760574 -2605.61882 2801.98221 -2.23336 0.38182 0.73673 -0.34394 0.43949
1413393983.955760479 -2609.32565 2803.10092 -1.42083 0.35818 0.75204 -0.31199 0.45695
1413393984.055760384 -2613.01318 2804.22434 -0.60586 0.33704 0.76612 -0.27814 0.47128
1413393984.155760527 -2616.68075 2805.35412 0.21261 0.31662 0.77876 -0.24186 0.48454
1413393984.255760431 -2620.32933 2806.4923 1.03456 0.29489 0.78972 -0.2059 0.49698
1413393984.355760574 -2623.96011 2807.63931 1.8596 0.26871 0.79808 -0.17691 0.50948
1413393984.455760479 -2627.57512 2808.79493 2.68869 0.24658 0.8033 -0.1503 0.52088
1413393984.555760384 -2631.17622 2809.95917 3.52103 0.22862 0.80562 -0.12684 0.53162
1413393984.655760527 -2634.76521 2811.13126 4.35119 0.20384 0.81031 -0.11552 0.53711
1413393984.755760431 -2638.34399 2812.30758 5.17293 0.17057 0.81343 -0.12103 0.54275
1413393984.855760574 -2641.9128 2813.48135 5.9849 0.14276 0.81591 -0.13346 0.54416
1413393984.955760479 -2645.47477 2814.64667 6.78611 0.12002 0.81866 -0.15972 0.5384
1413393985.055760384 -2649.03029 2815.79822 7.57998 0.11645 0.81703 -0.18732 0.53275
1413393985.155760527 -2652.57836 2816.93223 8.36871 0.13712 0.80921 -0.208 0.53208
1413393985.255760431 -2656.12098 2818.05034 9.15143 0.16957 0.79765 -0.22594 0.53288
1413393985.355760574 -2659.65876 2819.15684 9.93249 0.20593 0.78601 -0.24459 0.52911
1413393985.455760479 -2663.19107 2820.25549 10.71662 0.23859 0.77367 -0.26764 0.52238
1413393985.555760384 -2666.7178 2821.34898 11.50399 0.26409 0.76043 -0.29547 0.51449
1413393985.655760527 -2670.23922 2822.43729 12.29308 0.27628 0.75006 -0.3317 0.50104
1413393985.755760431 -2673.75653 2823.51843 13.0846 0.28175 0.74087 -0.37064 0.48409
1413393985.855760574 -2677.26988 2824.58785 13.88115 0.2878 0.73033 -0.40615 0.4678
1413393985.955760479 -2680.77977 2825.63976 14.68604 0.29438 0.7155 -0.43992 0.45593
1413393986.055760384 -2684.28816 2826.67093 15.50066 0.30532 0.69728 -0.46873 0.44819
1413393986.155760527 -2687.80012 2827.685 16.32178 0.31591 0.67557 -0.49677 0.44388
1413393986.255760431 -2691.31885 2828.68105 17.14864 0.32383 0.64907 -0.52587 0.44418
1413393986.355760574 -2694.85722 2829.63016 17.98097 0.33325 0.62218 -0.55315 0.44256
1413393986.455760479 -2698.41072 2830.55933 18.81813 0.34619 0.59544 -0.57788 0.43778
1413393986.555760384 -2701.98295 2831.47479 19.66351 -0.37595 -0.57517 0.58965 -0.42446
1413393986.655760527 -2705.52531 2832.5959 20.34121 -0.42171 -0.56061 0.58988 -0.3999
1413393986.755760431 -2709.40224 2833.94983 21.12019 -0.46459 -0.53942 0.58943 -0.38178
1413393986.855760574 -2713.26209 2834.67748 21.99269 -0.49864 -0.52128 0.58801 -0.36588
1413393986.955760479 -2716.77288 2835.84152 22.77716 0.51952 0.50485 -0.59253 0.35233
1413393987.055760384 -2720.59351 2836.46686 23.69482 0.51878 0.497 -0.60609 0.34135
1413393987.155760527 -2724.22635 2837.62396 24.44118 0.51749 0.4902 -0.61719 0.33315
1413393987.255760431 -2727.83549 2838.74479 25.18239 0.51488 0.48648 -0.62487 0.32829
1413393987.355760574 -2731.34552 2839.68383 26.05951 0.51151 0.48547 -0.63021 0.32482
1413393987.455760479 -2734.81335 2840.63677 26.96243 0.50911 0.48581 -0.63282 0.323
1413393987.555760384 -2737.95963 2842.1601 27.64014 0.51358 0.48299 -0.63115 0.32344
1413393987.655760527 -2742.24643 2842.64492 28.45053 0.5168 0.48139 -0.6296 0.3237
1413393987.755760431 -2746.08828 2843.11233 29.4594 0.51914 0.47483 -0.63434 0.32038
1413393987.855760574 -2749.28371 2844.79201 30.20214 0.52279 0.4612 -0.64257 0.31794
1413393987.955760479 -2752.4528 2846.33927 30.94683 0.52313 0.45118 -0.64945 0.31778
1413393988.055760384 -2756.63545 2846.78231 31.77799 0.52127 0.44923 -0.65126 0.31987
1413393988.155760527 -2760.57786 2846.94105 32.83956 0.52332 0.44968 -0.651 0.31643
1413393988.255760431 -2762.87336 2849.02965 33.6767 0.53709 0.44229 -0.64947 0.30676
1413393988.355760574 -2766.50878 2849.54887 34.64096 0.54254 0.44477 -0.64504 0.30292
1413393988.455760479 -2770.46088 2849.53373 35.73132 0.54668 0.45322 -0.64135 0.29051
1413393988.555760384 -2774.40833 2850.35392 36.53124 0.5552 0.46201 -0.63613 0.27135
1413393988.655760527 -2777.96034 2851.4908 37.33702 0.55877 0.46223 -0.63463 0.26713
1413393988.755760431 -2781.242 2852.61562 38.20325 0.54858 0.45264 -0.64565 0.27805
1413393988.855760574 -2785.06313 2853.79182 38.89326 0.52726 0.43454 -0.66758 0.29581
1413393988.955760479 -2789.5205 2854.35107 39.60346 -0.49904 -0.4135 0.69427 -0.31301
1413393989.055760384 -2793.30658 2855.45689 40.3502 -0.47865 -0.39068 0.71808 -0.32036
1413393989.155760527 -2796.77793 2856.6384 41.19748 -0.46043 -0.3707 0.73969 -0.32163
1413393989.255760431 -2800.67037 2857.54311 42.0277 -0.45447 -0.36226 0.75153 -0.31214
1413393989.355760574 -2804.84658 2857.52275 43.13811 -0.49443 -0.37327 0.73192 -0.28372
1413393989.455760479 -2808.40035 2858.45556 44.13124 0.54699 0.37287 -0.70152 0.26388
1413393989.555760384 -2821.27124 2841.90991 44.68455 0.54678 0.42261 -0.67777 0.25112
1413393989.655760527 -2791.22113 2842.79708 38.0644 0.59642 0.37417 -0.67742 0.21305
1413393989.755760431 -2803.5219 2851.33196 45.36622 0.59422 0.36917 -0.68619 0.19942
1413393989.855760574 -2818.77027 2853.34785 46.69919 0.58311 0.36494 -0.68626 0.23633
1413393989.955760479 -2800.21459 2839.88935 40.4692 0.58316 0.32777 -0.71983 0.1853
1413393990.055760384 -2791.56066 2842.68014 40.61313 0.5946 0.3035 -0.70616 0.23594
1413393990.155760527 -2793.58124 2840.90594 43.93992 0.6129 0.25316 -0.72698 0.17821
1413393990.255760431 -2810.55195 2849.58737 48.25801 0.60989 0.22751 -0.73996 0.1695
1413393990.355760574 -2807.72576 2840.57304 44.50048 0.60055 0.19939 -0.76032 0.14661
1413393990.455760479 -2797.75789 2842.69269 40.88388 0.60781 0.1588 -0.75556 0.1857
1413393990.555760384 -2809.43874 2853.17489 50.7452 0.62072 0.07518 -0.77406 0.09942
1413393990.655760527 -2826.71905 2855.77442 51.11681 0.5755 0.08865 -0.79868 0.15184
1413393990.755760431 -2826.90002 2858.72794 41.41017 0.57498 -0.00111 -0.81607 0.05855
1413393990.855760574 -2811.98855 2849.15543 41.91592 0.5271 0.08025 -0.84345 0.06563
1413393990.955760479 -2829.51161 2853.16547 49.16357 0.51763 0.08488 -0.85138 -0.00106
1413393991.055760384 -2833.93916 2853.30917 48.76426 0.55718 0.11453 -0.82246 0.00056
1413393991.155760527 -2839.32604 2851.86626 45.17781 0.62231 0.18928 -0.75264 0.10216
1413393991.255760431 -2846.53189 2855.25377 53.08041 0.66018 0.1431 -0.73401 0.07006
1413393991.355760574 -2851.96382 2857.09551 53.99537 0.69869 0.11179 -0.70396 0.06148
1413393991.455760479 -2864.68296 2854.3801 53.40022 0.69566 0.08598 -0.71083 0.05819
1413393991.555760384 -2856.09903 2860.06567 57.16643 0.66662 0.07968 -0.73566 0.08983
1413393991.655760527 -2871.27096 2856.38172 55.6328 0.61527 0.07067 -0.776 0.11951
1413393991.755760431 -2875.62773 2850.89802 52.8626 0.59284 0.02182 -0.80338 0.0514
1413393991.855760574 -2864.50323 2852.08696 50.90374 0.58743 0.02827 -0.80696 0.05417
1413393991.955760479 -2864.58705 2851.82348 53.99585 0.6091 0.04656 -0.79161 0.01377
1413393992.055760384 -2870.88379 2855.87487 58.15589 0.64642 0.06214 -0.76037 -0.01072
1413393992.155760527 -2887.42457 2857.90229 56.98351 0.67171 0.13515 -0.71761 0.12479
1413393992.255760431 -2894.72147 2850.94133 59.11868 0.62411 0.15572 -0.76027 0.09072
1413393992.355760574 -2883.75235 2882.59145 59.52269 0.61123 -0.09744 -0.78277 -0.06461
1413393992.455760479 -2883.9699 2886.81275 60.80997 0.58952 -0.11771 -0.79839 -0.03434
1413393992.555760384 -2891.48872 2891.27725 61.88141 0.58697 -0.15242 -0.79442 -0.03357
1413393992.655760527 -2898.40631 2890.33759 59.85197 0.63366 -0.08478 -0.76893 0.00629
1413393992.755760431 -2895.93178 2895.26751 64.1045 0.65205 -0.10875 -0.74765 -0.06339
1413393992.855760574 -2897.26443 2897.62469 64.42855 0.68576 -0.07324 -0.7215 -0.06168
1413393992.955760479 -2899.16472 2900.40742 65.26541 0.68028 -0.06371 -0.72713 -0.06669
1413393993.055760384 -2905.9522 2899.30394 64.26475 0.66502 0.0032 -0.74681 -0.00362
1413393993.155760527 -2907.88767 2909.36938 64.93047 0.61725 -0.11394 -0.7723 -0.09784
1413393993.255760431 -2911.88859 2912.76153 63.35278 0.58983 -0.12943 -0.79226 -0.08763
1413393993.355760574 -2923.61923 2915.13158 62.99886 0.54968 -0.15708 -0.81478 -0.09645
1413393993.455760479 -2900.91695 2908.22675 56.83169 0.53397 -0.22106 -0.79244 -0.19505
1413393993.555760384 -2900.359 2899.1453 57.50652 0.51205 -0.24433 -0.79416 -0.21777
1413393993.655760527 -2907.89451 2916.92383 68.87393 0.57866 -0.16393 -0.78524 -0.14725
1413393993.755760431 -2935.924 2921.83134 66.81719 0.63986 -0.1103 -0.75249 -0.11033
1413393993.855760574 -2950.73843 2919.81531 67.7874 0.67794 -0.07101 -0.72748 -0.07827
1413393993.955760479 -2944.14013 2927.15708 70.0306 0.69131 -0.08585 -0.71038 -0.10042
1413393994.055760384 -2949.33468 2932.24848 71.65367 0.66683 -0.15892 -0.69739 -0.20913
1413393994.155760527 -2948.87602 2936.08386 71.77466 0.71631 -0.1188 -0.68034 -0.09963
1413393994.255760431 -2964.06064 2937.96552 71.63508 0.69769 -0.14025 -0.69652 -0.09172
1413393994.355760574 -2961.83994 2942.40087 73.26958 0.6628 -0.15277 -0.72926 -0.07436
1413393994.455760479 -2970.23974 2945.68678 71.74507 0.63212 -0.14649 -0.75981 -0.04061
1413393994.555760384 -2969.29211 2950.77178 73.9228 0.56382 -0.14685 -0.81251 -0.01928
1413393994.655760527 -2988.43767 2949.66642 73.0971 0.51094 -0.16474 -0.84325 -0.02707
1413393994.755760431 -2975.72443 2959.6852 74.7755 -0.47261 0.21319 0.85266 0.06451
1413393994.855760574 -2983.52439 2961.37734 74.34538 -0.49612 0.16809 0.84954 0.06234
1413393994.955760479 -2998.13313 2948.81011 74.91613 0.54146 -0.03289 -0.84004 -0.00882
1413393995.055760384 -2982.85999 2929.17274 68.59072 0.60941 0.14176 -0.77517 0.08734
1413393995.155760527 -2984.98406 2931.52988 72.05466 0.6152 0.12423 -0.77153 0.10407
1413393995.255760431 -2971.60939 2900.15741 76.8319 -0.47672 -0.49833 0.60295 -0.40106
1413393995.355760574 -2938.62223 2919.12487 71.04304 0.0314 0.75181 -0.09969 0.65104
1413393995.455760479 -2936.98184 2915.25706 69.68924 -0.00315 0.77447 -0.09049 0.6261
1413393995.555760384 -2932.29681 2917.18783 72.5318 0.00045 0.75165 -0.05195 0.65751
1413393995.655760527 -2926.42577 2917.36171 75.44675 0.03728 0.77709 -0.04404 0.62674
1413393995.755760431 -2919.47399 2917.29715 74.81955 -0.01559 0.74583 0.03526 0.66503
1413393995.855760574 -2910.77325 2909.70198 76.21277 0.0316 0.76224 0.05403 0.64426
1413393995.955760479 -2912.02845 2913.08908 77.26204 -0.09191 0.72698 0.14993 0.66376
1413393996.055760384 -2907.19805 2907.59768 78.60489 0.04495 0.76226 0.08258 0.6404
1413393996.155760527 -2901.1723 2913.76278 77.59036 -0.13734 0.69852 0.23672 0.66119
1413393996.255760431 -2896.7115 2891.89519 81.82356 0.10527 0.77574 0.02098 0.62186
1413393996.355760574 -2905.25353 2921.82166 78.79754 -0.27028 0.66876 0.33523 0.60608
1413393996.455760479 -2900.07517 2900.71768 78.44246 0.07562 0.8168 0.03115 0.5711
1413393996.555760384 -2900.50396 2923.00479 77.37148 -0.30998 0.61702 0.43648 0.57678
1413393996.655760527 -2892.13816 2903.69207 75.17784 -0.05941 0.8146 0.15613 0.55545
1413393996.755760431 -2896.30095 2918.86063 77.81032 -0.24491 0.66675 0.38116 0.59176
1413393996.855760574 -2916.36416 2912.04615 85.44802 -0.25284 0.65623 0.50428 0.50114
1413393996.955760479 -2912.59505 2905.36453 87.00643 -0.2452 0.66816 0.38489 0.58762
1413393997.055760384 -2906.64595 2917.19497 88.51761 -0.25359 0.60148 0.56488 0.50481
1413393997.155760527 -2916.07015 2927.12441 89.61197 0.51265 -0.38026 -0.68704 -0.34722
1413393997.255760431 -2924.09346 2907.253 90.44666 -0.28515 0.58145 0.58414 0.48928
1413393997.355760574 -2894.34402 2905.90955 89.17159 0.63597 -0.14856 -0.74514 -0.13508
1413393997.455760479 -2892.2332 2905.0333 90.02407 0.63999 -0.14414 -0.74285 -0.13348
1413393997.555760384 -2889.99574 2904.45124 90.86359 0.64384 -0.13638 -0.7419 -0.12832
1413393997.655760527 -2888.8773 2885.54962 90.17342 -0.40261 0.38977 0.71712 0.4144
1413393997.755760431 -2869.44573 2898.08864 90.43867 -0.44238 0.37616 0.70794 0.40203
1413393997.855760574 -2865.86848 2897.08881 91.07319 -0.43983 0.37644 0.7099 0.4011
1413393997.955760479 -2840.60312 2923.86646 91.3789 0.5042 -0.27795 -0.78473 -0.22961
1413393998.055760384 -2909.62267 2929.60558 96.32967 -0.42722 0.4552 0.59212 0.50958
1413393998.155760527 -2872.07247 2898.40502 96.80658 -0.4241 0.3223 0.7955 0.28887
1413393998.255760431 -2883.12562 2922.91634 98.93709 -0.39376 0.51379 0.51182 0.56481
1413393998.355760574 -2899.55265 2910.83834 99.86494 -0.42353 0.28632 0.82101 0.25414
1413393998.455760479 -2896.42621 2899.32845 101.68691 -0.42367 0.5148 0.51964 0.53427
1413393998.555760384 -2896.9165 2898.11709 102.88181 -0.43181 0.51985 0.51833 0.52405
1413393998.655760527 -2885.01546 2903.61659 103.38958 -0.44605 0.25929 0.83669 0.18374
1413393998.755760431 -2884.50532 2903.19142 104.47477 -0.45409 0.26877 0.83146 0.17391
1413393998.855760574 -2884.0006 2902.80852 105.55523 -0.45953 0.26916 0.82911 0.17016
1413393998.955760479 -2883.51218 2902.44831 106.63099 -0.45843 0.25987 0.83135 0.17654
1413393999.055760384 -2881.70985 2887.11338 102.71973 -0.47633 0.47263 0.54778 0.49966
1413393999.155760527 -2880.92628 2885.17466 103.31255 -0.46456 0.4654 0.5566 0.50773
1413393999.255760431 -2880.17767 2883.2074 103.9004 -0.45748 0.46703 0.56342 0.50513
1413393999.355760574 -2879.40557 2881.23601 104.48616 -0.4634 0.47466 0.56464 0.49106
1413393999.455760479 -2878.55206 2879.28141 105.07146 -0.47329 0.47925 0.5644 0.47725
1413393999.555760384 -2877.88011 2877.2483 105.65837 -0.48082 0.48291 0.56007 0.4711
1413393999.655760527 -2877.21086 2875.20203 106.24707 -0.4889 0.48352 0.55481 0.46837
1413393999.755760431 -2876.54169 2873.1412 106.83457 -0.49382 0.48369 0.55198 0.46637
1413393999.855760574 -2875.87176 2871.06699 107.41422 -0.4969 0.48355 0.55091 0.46451
1413393999.955760479 -2875.20081 2868.97835 107.9868 -0.4964 0.48073 0.55215 0.46649
1413394000.055760384 -2874.5348 2866.86523 108.56671 -0.48125 0.46275 0.55496 0.49627
1413394000.155760527 -2873.8906 2864.70694 109.17337 -0.48305 0.45841 0.55177 0.50207
1413394000.255760431 -2873.24957 2862.53316 109.76383 -0.46947 0.45012 0.5538 0.5199
1413394000.355760574 -2866.25645 2878.6857 112.37925 -0.44444 0.31033 0.80701 0.23431
1413394000.455760479 -2861.87514 2862.44169 109.33448 -0.39085 0.49866 0.50755 0.58393
1413394000.555760384 -2854.00981 2882.76869 114.08973 -0.46318 0.28128 0.81443 0.20747
1413394000.655760527 -2846.31139 2862.93871 114.31656 -0.40428 0.48594 0.52925 0.56596
1413394000.755760431 -2885.32683 2891.46264 118.44722 -0.43339 0.38702 0.69352 0.42593
1413394000.855760574 -2873.58872 2857.46736 121.29626 0.55276 -0.2653 -0.74918 -0.25058
1413394000.955760479 -2871.9796 2858.69199 117.93788 -0.43543 0.37269 0.71542 0.3996
1413394001.055760384 -2875.00785 2881.24804 121.73197 -0.46889 0.37365 0.68821 0.40853
1413394001.155760527 -2872.10981 2861.34147 124.16501 0.50223 -0.3136 -0.74318 -0.31163
1413394001.255760431 -2876.96274 2876.04686 125.78817 -0.49685 0.34529 0.70692 0.36631
1413394001.355760574 -2872.60802 2864.58129 127.02131 -0.48085 0.343 0.71823 0.36782
1413394001.455760479 -2875.44898 2871.09282 128.46114 -0.48736 0.33874 0.71951 0.36062
1413394001.555760384 -2872.55173 2867.59621 129.48556 -0.48957 0.34838 0.70658 0.37375
1413394001.655760527 -2876.27283 2868.49753 130.90119 -0.48235 0.34952 0.70921 0.37709
1413394001.755760431 -2872.28573 2869.89568 131.55578 -0.48221 0.34623 0.71304 0.37305
1413394001.855760574 -2874.69709 2864.26645 133.31469 -0.49566 0.33257 0.72183 0.35028
1413394001.955760479 -2874.00543 2868.62396 134.21125 -0.47074 0.36932 0.69346 0.4014
1413394002.055760384 -2878.20801 2865.36783 135.60227 -0.4784 0.34562 0.71752 0.36993
1413394002.155760527 -2871.36931 2861.73649 136.20829 -0.49278 0.34527 0.70908 0.36765
1413394002.255760431 -2877.34299 2863.28478 138.04269 -0.48297 0.35226 0.70683 0.37821
1413394002.355760574 -2870.70182 2863.69425 138.59815 -0.47551 0.35053 0.71283 0.37801
1413394002.455760479 -2878.28196 2863.12891 140.50327 -0.485 0.34053 0.71914 0.36283
1413394002.555760384 -2873.28432 2848.09123 141.22917 0.50504 -0.33033 -0.7179 -0.34705
1413394002.655760527 -2880.28998 2857.67555 142.64779 -0.47391 0.35303 0.70976 0.38343
1413394002.755760431 -2875.93836 2850.35651 143.45096 0.51028 -0.32063 -0.72447 -0.33458
1413394002.855760574 -2883.47023 2858.31169 144.84237 -0.47048 0.35154 0.71194 0.38498
1413394002.955760479 -2878.10413 2846.39518 146.02995 0.51746 -0.31185 -0.72729 -0.32563
1413394003.055760384 -2880.98187 2848.26162 147.32538 -0.47393 0.35508 0.70374 0.39251
1413394003.155760527 -2881.55938 2846.99991 148.53048 -0.47513 0.35266 0.70514 0.39072
1413394003.255760431 -2881.75665 2854.10648 149.72168 0.51187 -0.31292 -0.72776 -0.33232
1413394003.355760574 -2885.71891 2846.22158 150.24221 -0.4819 0.34001 0.71364 0.378
