1413393890.905760527 0.05501 0.03772 0.128 -0.00218 0.80117 0.00506 0.59841
1413393891.005760431 0.05389 0.06328 0.13325 0.00221 0.80368 0.00454 0.59504
1413393891.105760574 0.05742 0.08933 0.14153 0.00389 0.80315 0.00467 0.59575
1413393891.205760479 0.06251 0.12149 0.15208 0.00294 0.80185 0.00355 0.59751
1413393891.305760145 0.06378 0.1463 0.14917 0.00076 0.7945 0.00372 0.60725
1413393891.405760527 0.0625 0.17429 0.13583 -0.00246 0.76122 0.00319 0.64848
1413393891.505760431 0.04546 0.20157 0.11086 -0.00725 0.72506 0.00186 0.68864
1413393891.605760574 0.00156 0.22382 0.0849 -0.00672 0.7113 0.00311 0.70285
1413393891.705760479 -0.07028 0.24887 0.06249 -0.0064 0.71058 0.00267 0.70358
1413393891.805760145 -0.17153 0.27751 0.04878 -0.00486 0.7131 0.00245 0.70104
1413393891.905760527 -0.30703 0.305 0.04109 -0.00266 0.72597 0.00222 0.68772
1413393892.005760431 -0.45941 0.34163 0.03692 -0.00015 0.75558 0.00011 0.65506
1413393892.105760574 -0.6286 0.37408 0.04356 0.00196 0.78227 -0.00083 0.62293
1413393892.205760479 -0.80315 0.40439 0.05713 0.00484 0.79657 -0.00115 0.60452
1413393892.305760145 -0.98099 0.44173 0.06601 0.00842 0.80163 -0.00252 0.59775
1413393892.405760527 -1.15154 0.48319 0.06323 0.01146 0.80619 -0.00467 0.59152
1413393892.505760431 -1.3188 0.54263 0.04902 0.01717 0.8087 -0.00809 0.58792
1413393892.605760574 -1.47474 0.63631 0.025 0.02605 0.81262 -0.01901 0.58191
1413393892.705760479 -1.61455 0.75832 -0.00341 0.03961 0.82251 -0.03482 0.5663
1413393892.805760145 -1.74891 0.86738 -0.03318 0.04836 0.83758 -0.04585 0.54223
1413393892.905760527 -1.87398 0.94614 -0.05673 0.0507 0.85039 -0.04985 0.52133
1413393893.005760431 -1.98207 1.01677 -0.07313 0.0516 0.85993 -0.04973 0.50536
1413393893.105760574 -2.06328 1.0863 -0.08251 0.05133 0.86288 -0.04892 0.5004
1413393893.205760479 -2.11653 1.15263 -0.08319 0.05143 0.85815 -0.04685 0.50867
1413393893.305760145 -2.13869 1.21203 -0.07652 0.04886 0.85202 -0.04825 0.51899
1413393893.405760527 -2.13272 1.26651 -0.06343 0.04001 0.84791 -0.05534 0.52572
1413393893.505760431 -2.08721 1.31009 -0.04526 0.0307 0.84595 -0.06108 0.52886
1413393893.605760574 -2.00208 1.3395 -0.02306 0.02284 0.84439 -0.06449 0.53134
1413393893.705760479 -1.8465 1.33903 0.01037 0.01353 0.84571 -0.06841 0.52907
1413393893.805760145 -1.61312 1.2924 0.04656 0.00696 0.84452 -0.06943 0.53096
1413393893.905760527 -1.47172 1.27774 0.06582 0.00802 0.83565 -0.06748 0.54504
1413393894.005760431 -1.35578 1.27627 0.08473 0.01142 0.82454 -0.06511 0.56194
1413393894.105760574 -1.24053 1.27208 0.10553 0.01319 0.81876 -0.06299 0.57051
1413393894.205760479 -1.12513 1.26228 0.12827 0.01128 0.81704 -0.06347 0.57297
1413393894.305760145 -1.00906 1.24579 0.15074 0.00956 0.81588 -0.06549 0.57442
1413393894.405760527 -0.89258 1.22371 0.16272 0.01097 0.81517 -0.06486 0.57547
1413393894.505760431 -0.7739 1.19702 0.15631 0.01521 0.814 -0.06187 0.57736
1413393894.605760574 -0.65213 1.1658 0.13894 0.02161 0.81233 -0.05853 0.57985
1413393894.705760479 -0.52851 1.12959 0.11841 0.02625 0.81016 -0.05596 0.58295
1413393894.805760145 -0.40454 1.08943 0.10051 0.02691 0.80936 -0.05424 0.58419
1413393894.905760527 -0.28145 1.04756 0.0873 0.02803 0.80657 -0.05225 0.58816
1413393895.005760431 -0.16091 1.00454 0.07891 0.03042 0.80014 -0.04965 0.59698
1413393895.105760574 -0.04335 0.96197 0.07387 0.03233 0.79567 -0.04725 0.60302
1413393895.205760479 0.06912 0.91901 0.07012 0.03326 0.79839 -0.04579 0.59948
1413393895.305760145 0.17866 0.87598 0.06727 0.03409 0.79898 -0.04501 0.5987
1413393895.405760527 0.28501 0.8328 0.05879 0.03538 0.79572 -0.04437 0.603
1413393895.505760431 0.38639 0.78846 0.03982 0.03837 0.79391 -0.04587 0.60509
1413393895.605760574 0.48456 0.74246 0.01859 0.04218 0.79407 -0.05482 0.60387
1413393895.705760479 0.57842 0.6954 0.00316 0.05426 0.79129 -0.06415 0.60564
1413393895.805760145 0.66923 0.64762 -0.00814 0.06737 0.7868 -0.07981 0.6083
1413393895.905760527 0.75355 0.59952 -0.01494 0.08638 0.78271 -0.10124 0.60799
1413393896.005760431 0.82536 0.55342 -0.01876 0.10857 0.77988 -0.12857 0.60289
1413393896.105760574 0.8881 0.51068 -0.0221 0.13635 0.77438 -0.15954 0.5969
1413393896.205760479 0.94451 0.47317 -0.02208 0.16394 0.76412 -0.19183 0.59366
1413393896.305760145 0.99237 0.44212 -0.01945 0.195 0.74744 -0.22225 0.5949
1413393896.405760527 1.03276 0.41938 -0.01415 0.22122 0.72915 -0.25656 0.59463
1413393896.505760431 1.0665 0.40553 -0.00648 0.23263 0.71102 -0.30034 0.59171
1413393896.605760574 1.08988 0.39811 0.00233 0.23991 0.69816 -0.34689 0.57852
1413393896.705760479 1.10273 0.39353 0.01446 0.24695 0.68571 -0.38973 0.56296
1413393896.805760145 1.10937 0.38697 0.02842 0.25058 0.67118 -0.43104 0.54857
1413393896.905760527 1.10157 0.37886 0.04439 0.25179 0.65947 -0.47113 0.52891
1413393897.005760431 1.08558 0.3595 0.06051 0.25684 0.66024 -0.50203 0.49607
1413393897.105760574 1.06638 0.32504 0.07317 0.27541 0.6767 -0.51257 0.4511
1413393897.205760479 1.04707 0.27458 0.08325 0.3084 0.69006 -0.5021 0.42023
1413393897.305760145 1.03862 0.21065 0.09377 0.35208 0.69391 -0.47402 0.41211
1413393897.405760527 1.04584 0.13894 0.10339 0.37638 0.68866 -0.45399 0.42186
1413393897.505760431 1.0657 0.06848 0.11129 0.3733 0.6781 -0.4529 0.4424
1413393897.605760574 1.09606 0.00126 0.11596 0.36304 0.67283 -0.45622 0.45538
1413393897.705760479 1.13693 -0.06402 0.11867 0.35288 0.67388 -0.4586 0.4594
1413393897.805760145 1.19006 -0.13259 0.11942 0.3489 0.67715 -0.4572 0.45903
1413393897.905760527 1.24597 -0.20134 0.12471 0.35154 0.67841 -0.45674 0.45559
1413393898.005760431 1.30535 -0.26804 0.13281 0.36365 0.67646 -0.45863 0.44702
1413393898.105760574 1.36911 -0.32851 0.14638 0.38671 0.66573 -0.46188 0.44037
1413393898.205760479 1.43953 -0.38071 0.16544 0.41206 0.63679 -0.46911 0.45236
1413393898.305760145 1.51903 -0.41937 0.18882 0.4327 0.6006 -0.47595 0.47489
1413393898.405760527 1.60273 -0.4421 0.2136 0.4422 0.56217 -0.48295 0.50516
1413393898.505760431 1.68542 -0.44139 0.23589 0.44149 0.52901 -0.48941 0.53452
1413393898.605760574 1.76119 -0.41667 0.24353 0.40873 0.53279 -0.51845 0.52942
1413393898.705760479 1.82531 -0.37128 0.24045 0.36783 0.55561 -0.55394 0.49916
1413393898.805760145 1.87534 -0.31621 0.22936 -0.32483 -0.58536 0.5882 -0.45373
1413393898.905760527 1.91063 -0.26938 0.22193 -0.28998 -0.61038 0.61502 -0.40631
1413393899.005760431 1.93199 -0.24508 0.22512 0.27369 0.63074 -0.62793 0.36466
1413393899.105760574 1.94386 -0.25696 0.24184 0.29539 0.6451 -0.61649 0.34136
1413393899.205760479 1.95705 -0.30644 0.27666 0.35509 0.63332 -0.58139 0.36716
1413393899.305760145 1.97536 -0.37034 0.31978 0.41774 0.59635 -0.53778 0.42502
1413393899.405760527 2.00007 -0.42551 0.36241 0.45935 0.55446 -0.50038 0.48082
1413393899.505760431 2.02644 -0.45649 0.4041 0.4778 0.51787 -0.47463 0.52748
1413393899.605760574 2.04978 -0.45242 0.44247 0.47804 0.49034 -0.46046 0.56482
1413393899.705760479 2.06308 -0.40717 0.47022 0.45052 0.49225 -0.47217 0.576
1413393899.805760145 2.06397 -0.32793 0.48519 0.39893 0.52419 -0.50987 0.55327
1413393899.905760527 2.04938 -0.22624 0.49164 0.33503 0.56333 -0.55576 0.51142
1413393900.005760431 2.01757 -0.11944 0.49166 0.27542 0.59909 -0.59785 0.45587
1413393900.105760574 1.96678 -0.02665 0.4926 -0.24697 -0.61849 0.62164 -0.41236
1413393900.205760479 1.89981 0.03741 0.49111 0.24876 0.63473 -0.62699 0.37698
1413393900.305760145 1.82398 0.06825 0.48708 0.27595 0.65052 -0.61466 0.35053
1413393900.405760527 1.75111 0.06554 0.48111 0.32232 0.65347 -0.58938 0.34887
1413393900.505760431 1.68682 0.03811 0.47256 0.3729 0.63941 -0.55915 0.37344
1413393900.605760574 1.6315 0.00064 0.45633 0.42144 0.61053 -0.52494 0.41723
1413393900.705760479 1.58478 -0.03083 0.43008 0.45868 0.57376 -0.49378 0.46539
1413393900.805760145 1.54346 -0.04205 0.39311 0.4722 0.54554 -0.47781 0.5011
1413393900.905760527 1.50261 -0.02424 0.35615 0.4569 0.5371 -0.48655 0.51578
1413393901.005760431 1.4591 0.02643 0.31792 0.41729 0.54974 -0.51636 0.50698
1413393901.105760574 1.40876 0.09343 0.2818 0.37623 0.57406 -0.54722 0.47902
1413393901.205760479 1.35016 0.16307 0.25041 0.34741 0.60926 -0.56912 0.4292
1413393901.305760145 1.28745 0.22186 0.2287 0.33432 0.63607 -0.57819 0.38643
1413393901.405760527 1.2275 0.26002 0.21467 0.32784 0.65049 -0.58241 0.36081
1413393901.505760431 1.17322 0.27479 0.20392 0.32475 0.65934 -0.58476 0.34332
1413393901.605760574 1.12645 0.2604 0.19899 0.33093 0.66584 -0.57983 0.33307
1413393901.705760479 1.09001 0.22195 0.20251 0.36129 0.66305 -0.55808 0.34407
1413393901.805760145 1.07077 0.16012 0.21196 0.39399 0.64773 -0.53412 0.37409
1413393901.905760527 1.06627 0.0921 0.21812 0.40506 0.63109 -0.52686 0.40009
1413393902.005760431 1.07236 0.02521 0.22309 0.40312 0.62443 -0.52973 0.40862
1413393902.105760574 1.08442 -0.04359 0.22966 0.40013 0.62313 -0.53277 0.40959
1413393902.205760479 1.10176 -0.11512 0.23769 0.40118 0.62338 -0.53192 0.40929
1413393902.305760145 1.13029 -0.18717 0.24516 0.40244 0.62336 -0.53144 0.40869
1413393902.405760527 1.15164 -0.26324 0.25676 0.40427 0.62291 -0.52978 0.40973
1413393902.505760431 1.19049 -0.34002 0.25391 0.40898 0.62008 -0.52614 0.41401
1413393902.605760574 1.23885 -0.41358 0.25156 0.40901 0.61943 -0.52601 0.41514
1413393902.705760479 1.29614 -0.48626 0.26041 0.4077 0.62003 -0.52747 0.41367
1413393902.805760145 1.362 -0.55622 0.28241 0.39924 0.61913 -0.53402 0.41486
1413393902.905760527 1.43518 -0.62826 0.3116 0.37636 0.6157 -0.55082 0.41937
1413393903.005760431 1.50933 -0.70395 0.34301 0.35227 0.61296 -0.56825 0.42105
1413393903.105760574 1.57955 -0.78555 0.37866 0.34452 0.60967 -0.57459 0.42363
1413393903.205760479 1.64338 -0.87359 0.41534 0.35719 0.60672 -0.56679 0.42786
1413393903.305760145 1.70192 -0.96737 0.44946 0.37329 0.60202 -0.56083 0.4286
1413393903.405760527 1.7558 -1.06419 0.4749 0.38823 0.59205 -0.56584 0.42259
1413393903.505760431 1.80734 -1.16101 0.48263 -0.39997 -0.57174 0.58246 -0.417
1413393903.605760574 1.85585 -1.25475 0.47235 -0.41314 -0.54325 0.60032 -0.41691
1413393903.705760479 1.8994 -1.34415 0.4601 -0.42654 -0.51247 0.61542 -0.42036
1413393903.805760145 1.93739 -1.42965 0.44989 -0.43374 -0.48818 0.63084 -0.41903
1413393903.905760527 1.96749 -1.50882 0.44232 -0.42915 -0.4702 0.64822 -0.4178
1413393904.005760431 1.98745 -1.581 0.44064 -0.42594 -0.45695 0.65999 -0.41735
1413393904.105760574 1.99407 -1.64475 0.43785 -0.42793 -0.45305 0.66477 -0.41195
1413393904.205760479 1.98944 -1.70037 0.42821 -0.43237 -0.45862 0.66554 -0.39971
1413393904.305760145 1.97382 -1.74915 0.42058 -0.43735 -0.46483 0.66412 -0.38937
1413393904.405760527 1.94753 -1.792 0.43019 -0.44125 -0.46589 0.66285 -0.38585
1413393904.505760431 1.9111 -1.83262 0.4577 -0.44618 -0.46211 0.66513 -0.38076
1413393904.605760574 1.86559 -1.87008 0.49451 -0.45637 -0.46226 0.66976 -0.35982
1413393904.705760479 1.81578 -1.90526 0.52263 -0.46063 -0.46887 0.68255 -0.31954
1413393904.805760145 1.76525 -1.94223 0.54162 -0.46262 -0.46642 0.69849 -0.2838
1413393904.905760527 1.71618 -1.98653 0.55548 -0.47215 -0.45342 0.70976 -0.26023
1413393905.005760431 1.66843 -2.04289 0.56445 -0.49751 -0.42835 0.71112 -0.25162
1413393905.105760574 1.6244 -2.10821 0.56397 0.52205 0.40007 -0.7122 0.24532
1413393905.205760479 1.5867 -2.17582 0.54782 0.53758 0.3698 -0.71897 0.23946
1413393905.305760145 1.55451 -2.24612 0.52237 0.54635 0.33814 -0.72957 0.23429
1413393905.405760527 1.52743 -2.31707 0.4974 0.55112 0.30904 -0.74135 0.22618
1413393905.505760431 1.5046 -2.38766 0.47644 0.55516 0.28126 -0.75267 0.21487
1413393905.605760574 1.48537 -2.45443 0.45748 0.55253 0.2492 -0.76782 0.2075
1413393905.705760479 1.46654 -2.51511 0.44101 0.55122 0.21541 -0.78049 0.20149
1413393905.805760145 1.44604 -2.56822 0.4295 0.55141 0.18027 -0.79027 0.19727
1413393905.905760527 1.42076 -2.61194 0.42068 0.53988 0.14854 -0.80591 0.1923
1413393906.005760431 1.38564 -2.64468 0.41806 0.52767 0.12446 -0.82097 0.17913
1413393906.105760574 1.33684 -2.66535 0.42221 0.5296 0.11721 -0.82735 0.14588
1413393906.205760479 1.27883 -2.67938 0.42602 0.54699 0.11514 -0.82188 0.10976
1413393906.305760145 1.21537 -2.69199 0.42125 0.57022 0.11127 -0.80989 0.08091
1413393906.405760527 1.15053 -2.70557 0.40391 0.58359 0.10343 -0.80302 0.06225
1413393906.505760431 1.09228 -2.71913 0.37277 0.59198 0.09107 -0.79912 0.05162
1413393906.605760574 1.03964 -2.73383 0.3286 0.59603 0.07225 -0.79809 0.05079
1413393906.705760479 0.99228 -2.74857 0.27674 0.59673 0.04639 -0.79878 0.06097
1413393906.805760145 0.94793 -2.76086 0.22707 0.59806 0.02334 -0.79747 0.07635
1413393906.905760527 0.90649 -2.7654 0.18097 0.60316 0.01331 -0.79359 0.07895
1413393907.005760431 0.86859 -2.76111 0.13678 0.60833 0.01139 -0.79001 0.07547
1413393907.105760574 0.83957 -2.74795 0.09402 0.608 0.02328 -0.79159 0.0563
1413393907.205760479 0.81649 -2.73005 0.05177 0.6048 0.03569 -0.79473 0.03676
1413393907.305760145 0.80103 -2.71158 0.0127 0.60175 0.05593 -0.7967 0.00628
1413393907.405760527 0.79209 -2.70032 -0.02272 0.59839 0.07067 -0.79788 -0.01812
1413393907.505760431 0.78866 -2.70267 -0.04797 0.59386 0.0625 -0.8021 -0.00788
1413393907.605760574 0.78831 -2.71615 -0.0529 0.59409 0.04493 -0.80297 0.01654
1413393907.705760479 0.79117 -2.73306 -0.05332 0.59018 0.03456 -0.80596 0.03022
1413393907.805760145 0.79544 -2.74923 -0.06602 0.58927 0.02985 -0.80657 0.03622
1413393907.905760527 0.80192 -2.76323 -0.09997 0.59427 0.02648 -0.80285 0.03978
1413393908.005760431 0.80762 -2.77355 -0.154 0.59988 0.02915 -0.79883 0.03412
1413393908.105760574 0.81932 -2.78275 -0.20648 0.60017 0.03329 -0.79875 0.02612
1413393908.205760479 0.83815 -2.79252 -0.25001 0.59293 0.03532 -0.80422 0.02066
1413393908.305760145 0.87008 -2.8058 -0.27907 0.5954 0.03506 -0.80245 0.01869
1413393908.405760527 0.90047 -2.81915 -0.30056 0.60499 0.03274 -0.79531 0.01981
1413393908.505760431 0.93043 -2.83315 -0.32394 0.60188 0.03002 -0.79774 0.02124
1413393908.605760574 0.96505 -2.84829 -0.34572 0.59481 0.0268 -0.8031 0.02268
1413393908.705760479 1.00301 -2.86283 -0.36616 0.58714 0.01141 -0.80837 0.04099
1413393908.805760145 1.03812 -2.87325 -0.3763 0.58941 -0.01072 -0.80484 0.06866
1413393908.905760527 1.07291 -2.86908 -0.3681 0.60336 -0.01248 -0.79453 0.06725
1413393909.005760431 1.11026 -2.8534 -0.35119 0.60345 0.00463 -0.7964 0.03965
1413393909.105760574 1.15515 -2.83436 -0.33034 0.59782 0.01777 -0.80128 0.01556
1413393909.205760479 1.20431 -2.81728 -0.30739 0.59443 0.02237 -0.80383 0.00206
1413393909.305760145 1.25635 -2.80376 -0.2907 0.59618 0.02255 -0.80252 -0.00503
1413393909.405760527 1.3119 -2.79436 -0.28307 0.59627 0.02128 -0.80244 -0.0104
1413393909.505760431 1.36756 -2.78621 -0.2857 0.59501 0.01861 -0.80342 -0.0115
1413393909.605760574 1.43109 -2.78427 -0.30055 0.58686 0.01573 -0.80943 -0.01286
1413393909.705760479 1.49049 -2.78437 -0.32752 0.56924 0.01238 -0.82193 -0.01565
1413393909.805760145 1.55106 -2.78806 -0.35997 0.55167 0.00767 -0.83382 -0.01879
1413393909.905760527 1.60309 -2.79643 -0.40013 0.53799 0.00284 -0.84265 -0.02239
1413393910.005760431 1.64639 -2.80998 -0.44737 0.52835 -0.00167 -0.84863 -0.02591
1413393910.105760574 1.67495 -2.82939 -0.4909 0.52 -0.00726 -0.85371 -0.02692
1413393910.205760479 1.68224 -2.85353 -0.51853 0.5135 -0.01392 -0.85759 -0.02584
1413393910.305760145 1.66272 -2.88135 -0.52783 0.5075 -0.01845 -0.86107 -0.02589
1413393910.405760527 1.61064 -2.91027 -0.5203 -0.49411 0.02888 0.86875 0.01696
1413393910.505760431 1.54418 -2.93725 -0.50302 -0.48573 0.04012 0.87319 0.00222
1413393910.605760574 1.44548 -2.95429 -0.49065 -0.48573 0.04195 0.87307 -0.00732
1413393910.705760479 1.34169 -2.96979 -0.49015 -0.49837 0.03933 0.86595 -0.01445
1413393910.805760145 1.22394 -2.97953 -0.49977 0.51447 -0.03295 -0.85665 0.01967
1413393910.905760527 1.09364 -2.98456 -0.5181 0.52974 -0.02092 -0.84762 0.02164
1413393911.005760431 0.95381 -2.98474 -0.54301 0.55194 -0.00632 -0.83354 0.02291
1413393911.105760574 0.81005 -2.98312 -0.57557 0.56812 0.00697 -0.82244 0.02804
1413393911.205760479 0.66592 -2.9796 -0.60959 0.57647 0.01823 -0.81627 0.03255
1413393911.305760145 0.5232 -2.97421 -0.64417 0.58175 0.02604 -0.81222 0.03443
1413393911.405760527 0.38297 -2.96766 -0.67392 0.59796 0.03217 -0.80029 0.03076
1413393911.505760431 0.25101 -2.96081 -0.69945 0.61272 0.03624 -0.78907 0.02516
1413393911.605760574 0.13164 -2.95556 -0.71739 0.61931 0.03722 -0.78403 0.01892
1413393911.705760479 0.02658 -2.95416 -0.71806 0.62633 0.03623 -0.77859 0.01389
1413393911.805760145 -0.05884 -2.95666 -0.70743 0.61279 0.03297 -0.78949 0.00989
1413393911.905760527 -0.12948 -2.96392 -0.68196 0.59048 0.02416 -0.80657 0.01403
1413393912.005760431 -0.19548 -2.97365 -0.64232 0.55868 0.0056 -0.82874 0.03214
1413393912.105760574 -0.27228 -2.98148 -0.58585 0.52748 -0.00793 -0.84847 0.04246
1413393912.205760479 -0.36772 -2.98303 -0.5228 0.50686 -0.01638 -0.8607 0.04482
1413393912.305760145 -0.48213 -2.97756 -0.45831 -0.49809 0.02085 0.86582 -0.04275
1413393912.405760527 -0.61392 -2.96451 -0.38986 0.50714 -0.02355 -0.86062 0.03993
1413393912.505760431 -0.76198 -2.94376 -0.31837 0.53434 -0.02338 -0.84418 0.03597
1413393912.605760574 -0.91897 -2.91686 -0.25601 0.55616 -0.02199 -0.83007 0.03438
1413393912.705760479 -1.07774 -2.88569 -0.20786 0.5729 -0.01616 -0.81892 0.02989
1413393912.805760145 -1.23721 -2.85096 -0.17258 0.5869 -0.01028 -0.80927 0.0229
1413393912.905760527 -1.39304 -2.81201 -0.15027 0.59481 -0.0113 -0.80369 0.01208
1413393913.005760431 -1.54306 -2.7705 -0.14104 0.59659 -0.02516 -0.80214 0.00436
1413393913.105760574 -1.68536 -2.72584 -0.13931 0.59885 -0.05039 -0.79927 0.00157
1413393913.205760479 -1.82065 -2.67645 -0.14363 0.60668 -0.08198 -0.7907 -0.00275
1413393913.305760145 -1.94684 -2.62073 -0.15452 0.6087 -0.1169 -0.78467 -0.01035
1413393913.405760527 -2.06365 -2.55667 -0.17136 0.60438 -0.15239 -0.78165 -0.02305
1413393913.505760431 -2.17061 -2.48177 -0.18402 0.60488 -0.18985 -0.77238 -0.03868
1413393913.605760574 -2.2635 -2.39448 -0.1886 0.60969 -0.22236 -0.75799 -0.06538
1413393913.705760479 -2.34065 -2.29561 -0.18469 0.61441 -0.25061 -0.74168 -0.09804
1413393913.805760145 -2.40202 -2.18785 -0.17059 0.61588 -0.27903 -0.7255 -0.12843
1413393913.905760527 -2.4438 -2.07677 -0.15317 0.61236 -0.30787 -0.71159 -0.15453
1413393914.005760431 -2.46492 -1.96495 -0.13266 0.60503 -0.33095 -0.6995 -0.1874
1413393914.105760574 -2.46543 -1.85644 -0.10948 0.59494 -0.34911 -0.68712 -0.2281
1413393914.205760479 -2.44921 -1.75371 -0.0888 0.56609 -0.36975 -0.68691 -0.26642
1413393914.305760145 -2.42088 -1.66051 -0.06864 0.53529 -0.39636 -0.68601 -0.29282
1413393914.405760527 -2.38474 -1.57589 -0.04851 0.51141 -0.42418 -0.67871 -0.31287
1413393914.505760431 -2.34406 -1.49935 -0.02712 -0.49446 0.45535 0.66629 0.32283
1413393914.605760574 -2.30427 -1.42525 -0.00081 -0.48689 0.48315 0.64757 0.3319
1413393914.705760479 -2.26552 -1.34963 0.02745 -0.47937 0.50904 0.62888 0.33998
1413393914.805760145 -2.2232 -1.27641 0.05715 -0.4711 0.53694 0.60977 0.34342
1413393914.905760527 -2.17426 -1.20391 0.08803 -0.45593 0.559 0.59703 0.35101
1413393915.005760431 -2.12054 -1.12865 0.11998 -0.43213 0.56984 0.59745 0.36276
1413393915.105760574 -2.06451 -1.04984 0.15307 -0.41396 0.57593 0.59964 0.37063
1413393915.205760479 -2.00898 -0.96587 0.18521 -0.40249 0.57961 0.60145 0.37458
1413393915.305760145 -1.9563 -0.87505 0.21005 -0.39888 0.57891 0.60222 0.37826
1413393915.405760527 -1.90812 -0.77933 0.22527 -0.40272 0.56462 0.60741 0.38739
1413393915.505760431 -1.86589 -0.68049 0.23673 -0.40815 0.53977 0.61659 0.40235
1413393915.605760574 -1.83145 -0.58028 0.24704 -0.4174 0.52434 0.6216 0.40553
1413393915.705760479 -1.80536 -0.48281 0.25664 -0.42631 0.51718 0.62422 0.4014
1413393915.805760145 -1.78708 -0.38782 0.26623 -0.42965 0.50886 0.62872 0.40146
1413393915.905760527 -1.77837 -0.29869 0.27472 -0.42869 0.50328 0.63448 0.40047
1413393916.005760431 -1.77968 -0.21487 0.2841 -0.42952 0.49686 0.63723 0.40322
1413393916.105760574 -1.78837 -0.13594 0.2977 -0.42996 0.49021 0.63896 0.40811
1413393916.205760479 -1.8109 -0.06368 0.31044 -0.43097 0.48652 0.6372 0.41417
1413393916.305760145 -1.84082 0.00281 0.32422 -0.43785 0.49844 0.62505 0.41129
1413393916.405760527 -1.87597 0.06672 0.3411 -0.43629 0.51965 0.61094 0.40787
1413393916.505760431 -1.91397 0.12492 0.36215 -0.42731 0.54353 0.59421 0.41098
1413393916.605760574 -1.95259 0.17443 0.38446 -0.40953 0.56996 0.57542 0.4199
1413393916.705760479 -1.9926 0.21925 0.40797 -0.38559 0.60115 0.55387 0.42798
1413393916.805760145 -2.03397 0.25945 0.42877 -0.36318 0.62983 0.52687 0.44025
1413393916.905760527 -2.07529 0.30238 0.44939 -0.34559 0.65358 0.49345 0.45816
1413393917.005760431 -2.11725 0.3477 0.4722 -0.33691 0.67774 0.45169 0.47237
1413393917.105760574 -2.15687 0.39216 0.49731 -0.32967 0.69988 0.40739 0.4853
1413393917.205760479 -2.19112 0.43306 0.52469 -0.31548 0.71905 0.3668 0.49891
1413393917.305760145 -2.22004 0.46803 0.55177 -0.29545 0.74081 0.33138 0.50409
1413393917.405760527 -2.24245 0.49719 0.57617 -0.27096 0.76274 0.29666 0.50676
1413393917.505760431 -2.25589 0.52082 0.59239 -0.24292 0.78245 0.26012 0.51098
1413393917.605760574 -2.26125 0.53952 0.59877 -0.21133 0.80057 0.22198 0.51493
1413393917.705760479 -2.25546 0.55317 0.59674 -0.17169 0.81315 0.18701 0.52376
1413393917.805760145 -2.24358 0.56324 0.58982 -0.13382 0.81537 0.14979 0.54297
1413393917.905760527 -2.22619 0.56918 0.58293 -0.10567 0.81449 0.10573 0.56059
1413393918.005760431 -2.2061 0.57333 0.57623 -0.08262 0.81675 0.05998 0.56789
1413393918.105760574 -2.18352 0.5726 0.57102 -0.06124 0.81864 0.01505 0.57083
1413393918.205760479 -2.15872 0.56506 0.56732 -0.04158 0.82145 -0.02929 0.56801
1413393918.305760145 -2.13089 0.54955 0.56635 -0.01893 0.82214 -0.07055 0.56458
1413393918.405760527 -2.09954 0.52359 0.56824 0.00502 0.82017 -0.11094 0.56124
1413393918.505760431 -2.0667 0.4857 0.57198 0.0318 0.8163 -0.15158 0.55647
1413393918.605760574 -2.03164 0.43598 0.57898 0.06006 0.80791 -0.19436 0.55308
1413393918.705760479 -1.99601 0.37453 0.58775 0.09301 0.79135 -0.23739 0.55566
1413393918.805760145 -1.96494 0.30269 0.59556 0.12077 0.76991 -0.28825 0.55638
1413393918.905760527 -1.93796 0.22074 0.6061 0.15353 0.73876 -0.33967 0.56151
1413393919.005760431 -1.92369 0.13019 0.61708 0.20143 0.70644 -0.38136 0.56119
1413393919.105760574 -1.92223 0.03658 0.62847 0.25 0.67472 -0.42046 0.55269
1413393919.205760479 -1.93253 -0.05518 0.63916 0.29076 0.64086 -0.45957 0.54181
1413393919.305760145 -1.95637 -0.1406 0.65037 0.32942 0.60094 -0.49361 0.53544
1413393919.405760527 -1.9914 -0.2154 0.6555 0.35996 0.55893 -0.52321 0.53318
1413393919.505760431 -2.03666 -0.27959 0.64957 -0.37348 -0.52809 0.5539 -0.52424
1413393919.605760574 -2.09537 -0.33137 0.63503 -0.38203 -0.50536 0.5819 -0.50996
1413393919.705760479 -2.17065 -0.37074 0.61683 -0.39754 -0.48874 0.59765 -0.49589
1413393919.805760145 -2.25905 -0.39544 0.59205 -0.42746 -0.4829 0.59459 -0.48016
1413393919.905760527 -2.35404 -0.40366 0.55717 -0.45732 -0.48659 0.58387 -0.46172
1413393920.005760431 -2.44901 -0.39499 0.50899 -0.47015 -0.49709 0.57945 -0.44283
1413393920.105760574 -2.54206 -0.37317 0.45179 -0.4706 -0.50617 0.57956 -0.43179
1413393920.205760479 -2.63237 -0.33873 0.38712 -0.4675 -0.51398 0.58004 -0.42524
1413393920.305760145 -2.71987 -0.29583 0.31851 -0.46394 -0.51962 0.57991 -0.42244
1413393920.405760527 -2.80421 -0.24084 0.25176 -0.45724 -0.52802 0.58221 -0.41613
1413393920.505760431 -2.8859 -0.17907 0.18729 -0.4444 -0.53979 0.58881 -0.40551
1413393920.605760574 -2.96441 -0.11356 0.12815 -0.43626 -0.54861 0.59144 -0.39862
1413393920.705760479 -3.03833 -0.04745 0.07317 -0.43277 -0.55479 0.59082 -0.39479
1413393920.805760145 -3.10778 0.01742 0.02045 -0.43118 -0.55835 0.58912 -0.39405
1413393920.905760527 -3.17311 0.08146 -0.03127 -0.42971 -0.56452 0.58822 -0.38815
1413393921.005760431 -3.23293 0.14434 -0.08248 -0.42154 -0.57381 0.59268 -0.37652
1413393921.105760574 -3.28545 0.2021 -0.13227 -0.40997 -0.58477 0.59915 -0.36192
1413393921.205760479 -3.33103 0.24963 -0.17717 -0.40454 -0.59142 0.60221 -0.35202
1413393921.305760145 -3.36862 0.28388 -0.21789 -0.40244 -0.59424 0.60345 -0.34752
1413393921.405760527 -3.39939 0.30478 -0.2541 -0.40045 -0.59264 0.60473 -0.35032
1413393921.505760431 -3.42476 0.31208 -0.2836 -0.4088 -0.58412 0.59944 -0.3638
1413393921.605760574 -3.44644 0.31055 -0.3113 -0.42171 -0.57382 0.59123 -0.37859
1413393921.705760479 -3.46344 0.30627 -0.34438 -0.4282 -0.56776 0.58746 -0.38624
1413393921.805760145 -3.47626 0.30075 -0.38907 -0.43321 -0.56338 0.58499 -0.39081
1413393921.905760527 -3.48435 0.29306 -0.4411 -0.44185 -0.55654 0.57988 -0.39844
1413393922.005760431 -3.48799 0.28684 -0.49521 -0.45128 -0.54925 0.57394 -0.40654
1413393922.105760574 -3.48782 0.28639 -0.55144 -0.44768 -0.55139 0.5784 -0.40126
1413393922.205760479 -3.48174 0.28811 -0.60889 -0.43241 -0.56132 0.59156 -0.38472
1413393922.305760145 -3.47284 0.28958 -0.66801 -0.41327 -0.572 0.60703 -0.36544
1413393922.405760527 -3.46105 0.28359 -0.72389 -0.39649 -0.57943 0.61988 -0.35044
1413393922.505760431 -3.44718 0.26309 -0.77346 -0.38377 -0.57383 0.63042 -0.35498
1413393922.605760574 -3.43468 0.22637 -0.81576 -0.38225 -0.55735 0.63371 -0.37639
1413393922.705760479 -3.42689 0.17676 -0.85381 -0.38384 -0.54423 0.63341 -0.39404
1413393922.805760145 -3.42698 0.11898 -0.8919 -0.38455 -0.54144 0.63206 -0.39931
1413393922.905760527 -3.4354 0.05471 -0.92733 -0.38498 -0.55036 0.63136 -0.38765
1413393923.005760431 -3.4506 -0.01712 -0.94919 -0.38985 -0.56475 0.62806 -0.36691
1413393923.105760574 -3.46741 -0.10066 -0.95615 -0.39553 -0.57492 0.62482 -0.35016
1413393923.205760479 -3.48258 -0.1985 -0.95001 -0.39801 -0.57947 0.62392 -0.34136
1413393923.305760145 -3.49497 -0.30964 -0.93564 -0.39987 -0.57453 0.62412 -0.34713
1413393923.405760527 -3.5042 -0.43387 -0.91961 -0.39007 -0.55964 0.62839 -0.37385
1413393923.505760431 -3.51504 -0.56774 -0.90256 -0.37652 -0.55177 0.62313 -0.40681
1413393923.605760574 -3.53282 -0.70653 -0.88376 -0.36425 -0.55882 0.60411 -0.436
1413393923.705760479 -3.56054 -0.84722 -0.86376 0.35802 0.5863 -0.571 0.44948
1413393923.805760145 -3.59485 -0.98827 -0.84562 0.34668 0.62474 -0.53424 0.45177
1413393923.905760527 -3.63332 -1.12841 -0.82854 0.32989 0.65841 -0.49815 0.45773
1413393924.005760431 -3.67349 -1.26696 -0.81316 0.30774 0.68665 -0.46572 0.46574
1413393924.105760574 -3.71341 -1.4076 -0.79939 0.28923 0.71232 -0.43373 0.46993
1413393924.205760479 -3.74857 -1.55282 -0.7845 0.28755 0.73701 -0.39226 0.46932
1413393924.305760145 -3.77353 -1.69904 -0.76685 0.29663 0.75716 -0.34507 0.46866
1413393924.405760527 -3.78413 -1.83963 -0.74836 0.30788 0.77207 -0.30449 0.46519
1413393924.505760431 -3.7747 -1.97036 -0.72734 0.32152 0.78139 -0.27255 0.4602
1413393924.605760574 -3.74202 -2.08189 -0.70067 0.3343 0.78272 -0.2484 0.46248
1413393924.705760479 -3.68425 -2.17001 -0.66523 0.3501 0.77673 -0.2282 0.47121
1413393924.805760145 -3.59865 -2.22909 -0.61583 0.36123 0.76885 -0.2199 0.47961
1413393924.905760527 -3.4858 -2.25714 -0.55237 0.34524 0.76435 -0.24069 0.48851
1413393925.005760431 -3.34832 -2.25917 -0.47229 0.30421 0.76321 -0.27781 0.49779
1413393925.105760574 -3.19488 -2.24223 -0.37787 0.2649 0.76276 -0.30354 0.50585
1413393925.205760479 -3.03153 -2.21935 -0.275 0.21961 0.76601 -0.3205 0.51214
1413393925.305760145 -2.8641 -2.19791 -0.17002 0.17619 0.77331 -0.3243 0.51554
1413393925.405760527 -2.6967 -2.18677 -0.06257 0.15856 0.78129 -0.31019 0.51791
1413393925.505760431 -2.53065 -2.18735 0.04659 0.15626 0.78363 -0.29228 0.52543
1413393925.605760574 -2.36471 -2.19852 0.15119 0.15336 0.78431 -0.28017 0.53184
1413393925.705760479 -2.19646 -2.21924 0.23915 0.15228 0.78525 -0.27099 0.5355
1413393925.805760145 -2.02867 -2.24525 0.29842 0.15439 0.78454 -0.2635 0.53966
1413393925.905760527 -1.86215 -2.27504 0.32948 0.15863 0.78102 -0.25735 0.54647
1413393926.005760431 -1.69745 -2.30662 0.33866 0.16343 0.77205 -0.25242 0.55993
1413393926.105760574 -1.53779 -2.33752 0.33636 0.1653 0.75824 -0.25048 0.5788
1413393926.205760479 -1.38729 -2.3684 0.33284 0.16325 0.75112 -0.25211 0.58788
1413393926.305760145 -1.24828 -2.40125 0.32623 0.15918 0.75203 -0.25656 0.58591
1413393926.405760527 -1.12284 -2.43446 0.31918 0.15432 0.75965 -0.25927 0.5761
1413393926.505760431 -1.00977 -2.46815 0.31425 0.15208 0.76151 -0.25293 0.57707
1413393926.605760574 -0.90452 -2.50019 0.30036 0.15247 0.76009 -0.23837 0.58498
1413393926.705760479 -0.80517 -2.53092 0.27692 0.14944 0.76268 -0.21988 0.58961
1413393926.805760145 -0.7137 -2.55841 0.26249 0.13897 0.76896 -0.2018 0.59048
1413393926.905760527 -0.63053 -2.58221 0.26334 0.12353 0.77967 -0.18299 0.58597
1413393927.005760431 -0.5539 -2.604 0.27966 0.10472 0.79362 -0.16719 0.57554
1413393927.105760574 -0.48106 -2.62711 0.30993 0.0837 0.80594 -0.15978 0.56384
1413393927.205760479 -0.40821 -2.65528 0.34689 0.06196 0.81141 -0.15872 0.55909
1413393927.305760145 -0.33574 -2.69063 0.38465 0.04443 0.81914 -0.15839 0.54949
1413393927.405760527 -0.25948 -2.73664 0.42463 0.04349 0.8289 -0.14408 0.53877
1413393927.505760431 -0.17576 -2.79165 0.46939 0.06091 0.83081 -0.11588 0.54094
1413393927.605760574 -0.08401 -2.84831 0.51718 0.07957 0.82972 -0.08582 0.54577
1413393927.705760479 0.0131 -2.89963 0.56765 0.09402 0.82427 -0.05339 0.55577
1413393927.805760145 0.11506 -2.94057 0.62177 0.10913 0.8145 -0.02321 0.56933
1413393927.905760527 0.2201 -2.96546 0.67865 0.11321 0.80619 -0.00751 0.58067
1413393928.005760431 0.32321 -2.97137 0.7346 0.11346 0.80122 -0.00084 0.58751
1413393928.105760574 0.42467 -2.95937 0.78263 0.11595 0.79784 0.0034 0.5916
1413393928.205760479 0.52074 -2.9283 0.82247 0.11673 0.79624 0.00393 0.5936
1413393928.305760145 0.61458 -2.87984 0.85302 0.10217 0.80068 -0.00834 0.59025
1413393928.405760527 0.7047 -2.81639 0.87722 0.07235 0.80017 -0.03116 0.59458
1413393928.505760431 0.78886 -2.74437 0.89216 0.04835 0.79663 -0.05061 0.60039
1413393928.605760574 0.86706 -2.67014 0.90152 0.03621 0.78663 -0.06209 0.61323
1413393928.705760479 0.93498 -2.59619 0.91036 0.03367 0.77903 -0.06739 0.62245
1413393928.805760145 0.98735 -2.523 0.92031 0.04303 0.77814 -0.06613 0.62312
1413393928.905760527 1.02812 -2.45065 0.9319 0.06066 0.77874 -0.06089 0.62143
1413393929.005760431 1.05808 -2.37701 0.94387 0.08348 0.77949 -0.06095 0.61782
1413393929.105760574 1.0812 -2.29784 0.95728 0.10296 0.78041 -0.07291 0.61241
1413393929.205760479 1.09355 -2.21075 0.97262 0.12173 0.78084 -0.09147 0.60589
1413393929.305760145 1.10018 -2.11646 0.98996 0.13513 0.78243 -0.12079 0.59578
1413393929.405760527 1.1027 -2.01346 1.0098 0.14459 0.78181 -0.15819 0.58553
1413393929.505760431 1.10242 -1.90581 1.03179 0.15922 0.77868 -0.19454 0.57486
1413393929.605760574 1.09863 -1.79476 1.05559 0.1784 0.7738 -0.22917 0.56293
1413393929.705760479 1.09361 -1.68173 1.0811 0.20046 0.76612 -0.26163 0.55176
1413393929.805760145 1.08862 -1.56862 1.10829 0.21661 0.7552 -0.29681 0.54283
1413393929.905760527 1.08355 -1.45631 1.13644 0.22045 0.73883 -0.33841 0.53946
1413393930.005760431 1.07717 -1.34774 1.16559 0.22201 0.72083 -0.37767 0.5371
1413393930.105760574 1.06547 -1.24628 1.18986 0.22692 0.70482 -0.41013 0.53247
1413393930.205760479 1.0488 -1.15195 1.20608 0.2353 0.69297 -0.4304 0.52838
1413393930.305760145 1.02459 -1.066 1.21345 0.24751 0.68854 -0.43783 0.52246
1413393930.405760527 0.99356 -0.9873 1.21086 0.27087 0.69413 -0.42988 0.50992
1413393930.505760431 0.96044 -0.91385 1.19277 0.28904 0.70083 -0.42017 0.49875
1413393930.605760574 0.92801 -0.84234 1.15209 0.29153 0.70024 -0.41767 0.50022
1413393930.705760479 0.89635 -0.77199 1.08969 0.28586 0.69477 -0.41865 0.5102
1413393930.805760145 0.86539 -0.7035 1.0194 0.28096 0.68926 -0.41754 0.52119
1413393930.905760527 0.8269 -0.6405 0.95373 0.27744 0.68837 -0.41509 0.52619
1413393931.005760431 0.78459 -0.57893 0.90222 0.27443 0.69239 -0.41167 0.52518
1413393931.105760574 0.73909 -0.51837 0.86967 0.27168 0.69569 -0.40944 0.52398
1413393931.205760479 0.68998 -0.45853 0.85221 0.26681 0.70004 -0.41008 0.52018
1413393931.305760145 0.64067 -0.40043 0.83874 0.25879 0.70321 -0.41249 0.51806
1413393931.405760527 0.58967 -0.34609 0.8159 0.24859 0.70418 -0.41681 0.51827
1413393931.505760431 0.53385 -0.2958 0.78353 0.23921 0.70309 -0.42114 0.52066
1413393931.605760574 0.47044 -0.24673 0.73994 0.23316 0.70331 -0.42288 0.52169
1413393931.705760479 0.40354 -0.20736 0.69013 0.2314 0.70343 -0.42195 0.52307
1413393931.805760145 0.33291 -0.17709 0.63408 0.23136 0.70462 -0.41956 0.5234
1413393931.905760527 0.25783 -0.15577 0.57596 0.23203 0.70624 -0.41728 0.52275
1413393932.005760431 0.17893 -0.14436 0.52248 0.23448 0.70785 -0.41415 0.52197
1413393932.105760574 0.09511 -0.14041 0.47482 0.23943 0.71223 -0.40931 0.51755
1413393932.205760479 0.00846 -0.14348 0.43132 0.24936 0.71838 -0.4018 0.5102
1413393932.305760145 -0.07761 -0.15234 0.39191 0.2619 0.72453 -0.39261 0.50232
1413393932.405760527 -0.16055 -0.16457 0.35575 0.27061 0.72843 -0.38709 0.49631
1413393932.505760431 -0.2396 -0.17903 0.32044 0.27655 0.7306 -0.3845 0.49184
1413393932.605760574 -0.31162 -0.19545 0.28934 0.28247 0.7292 -0.3821 0.49243
1413393932.705760479 -0.37696 -0.2115 0.26174 0.28716 0.72521 -0.38101 0.49643
1413393932.805760145 -0.43604 -0.22701 0.23738 0.29083 0.7212 -0.3811 0.50006
1413393932.905760527 -0.491 -0.2407 0.2157 0.29669 0.71962 -0.3794 0.50017
1413393933.005760431 -0.54034 -0.25259 0.19967 0.30582 0.71028 -0.37379 0.51211
1413393933.105760574 -0.58569 -0.25744 0.18661 0.31308 0.70005 -0.36587 0.52731
1413393933.205760479 -0.62786 -0.25314 0.17619 0.31235 0.69302 -0.36488 0.53761
1413393933.305760145 -0.6691 -0.23908 0.17008 0.2988 0.68715 -0.37329 0.54699
1413393933.405760527 -0.71333 -0.21615 0.16851 0.28032 0.68234 -0.38526 0.55444
1413393933.505760431 -0.76455 -0.18915 0.16844 0.25535 0.68336 -0.40217 0.55325
1413393933.605760574 -0.82358 -0.16254 0.16523 0.2349 0.68733 -0.41649 0.54674
1413393933.705760479 -0.89115 -0.14 0.15717 0.23438 0.69398 -0.41826 0.53714
1413393933.805760145 -0.96605 -0.12197 0.14331 0.25071 0.70388 -0.4089 0.52393
1413393933.905760527 -1.04228 -0.10696 0.12062 0.2619 0.71057 -0.4018 0.51484
1413393934.005760431 -1.11636 -0.09452 0.09916 0.27722 0.70855 -0.39096 0.51794
1413393934.105760574 -1.18891 -0.07943 0.09052 0.29402 0.70149 -0.37812 0.52773
1413393934.205760479 -1.26129 -0.05702 0.09277 0.30138 0.69983 -0.37132 0.53059
1413393934.305760145 -1.332 -0.02877 0.09712 0.2935 0.70156 -0.37406 0.5308
1413393934.405760527 -1.40213 0.00351 0.09172 0.2754 0.70557 -0.38466 0.5276
1413393934.505760431 -1.47417 0.0365 0.07247 0.2592 0.70812 -0.39449 0.52513
1413393934.605760574 -1.54888 0.06753 0.04213 0.24553 0.7083 -0.40279 0.52515
1413393934.705760479 -1.62843 0.09462 0.00525 0.23277 0.70519 -0.41078 0.52895
1413393934.805760145 -1.71252 0.1167 -0.04025 0.20935 0.70413 -0.41916 0.53355
1413393934.905760527 -1.80086 0.12956 -0.09276 0.18464 0.71322 -0.41729 0.53206
1413393935.005760431 -1.89221 0.12921 -0.15094 0.17766 0.73697 -0.3927 0.52067
1413393935.105760574 -1.98354 0.11667 -0.21245 0.18528 0.76696 -0.34733 0.50675
1413393935.205760479 -2.06863 0.09524 -0.26616 0.18131 0.7906 -0.30187 0.50096
1413393935.305760145 -2.1423 0.06724 -0.30397 0.16518 0.80732 -0.26123 0.5027
1413393935.405760527 -2.20443 0.03465 -0.32755 0.14479 0.81819 -0.22318 0.50969
1413393935.505760431 -2.2567 -0.0004 -0.33681 0.13008 0.82508 -0.18014 0.51948
1413393935.605760574 -2.29568 -0.03621 -0.33424 0.11879 0.83173 -0.13638 0.5249
1413393935.705760479 -2.31981 -0.07062 -0.3257 0.11767 0.837 -0.09651 0.52562
1413393935.805760145 -2.32838 -0.09736 -0.31493 0.12507 0.83861 -0.05872 0.52693
1413393935.905760527 -2.32236 -0.10954 -0.30338 0.12735 0.83733 -0.02441 0.5311
1413393936.005760431 -2.30169 -0.10234 -0.29153 0.09162 0.83638 -0.01408 0.54025
1413393936.105760574 -2.27013 -0.07885 -0.2776 0.04421 0.83424 -0.00446 0.54961
1413393936.205760479 -2.23092 -0.04541 -0.26094 -0.00802 0.83115 0.00893 0.55592
1413393936.305760145 -2.18474 -0.01147 -0.24188 -0.05631 0.82901 0.02999 0.55559
1413393936.405760527 -2.13228 0.01814 -0.22176 -0.09673 0.82617 0.05956 0.55185
1413393936.505760431 -2.07471 0.04117 -0.19905 -0.12365 0.81861 0.09876 0.55212
1413393936.605760574 -2.01247 0.05726 -0.17319 -0.14234 0.80327 0.141 0.56091
1413393936.705760479 -1.94905 0.0687 -0.14481 -0.16154 0.78323 0.17673 0.57378
1413393936.805760145 -1.88846 0.07552 -0.11596 -0.17985 0.76645 0.20755 0.58063
1413393936.905760527 -1.83383 0.07733 -0.08497 -0.19636 0.75081 0.23877 0.58371
1413393937.005760431 -1.78625 0.0754 -0.05257 -0.21158 0.73432 0.27292 0.5844
1413393937.105760574 -1.7512 0.06932 -0.01744 -0.22726 0.71726 0.30803 0.58225
1413393937.205760479 -1.72962 0.05801 0.01993 -0.24661 0.70092 0.33935 0.57684
1413393937.305760145 -1.72188 0.04175 0.06006 -0.26641 0.68666 0.36697 0.56821
1413393937.405760527 -1.72729 0.01931 0.10123 -0.2821 0.67665 0.38964 0.55745
1413393937.505760431 -1.74317 -0.00965 0.13595 -0.28828 0.67882 0.4079 0.53825
1413393937.605760574 -1.76413 -0.04073 0.15183 -0.29434 0.6884 0.41693 0.5154
1413393937.705760479 -1.78698 -0.074 0.15128 -0.29962 0.69874 0.42044 0.49519
1413393937.805760145 -1.80957 -0.10683 0.14627 -0.29803 0.70961 0.4242 0.47716
1413393937.905760527 -1.82871 -0.13363 0.14681 -0.29604 0.71491 0.42538 0.46939
1413393938.005760431 -1.84384 -0.15507 0.15261 -0.29202 0.70806 0.42742 0.4803
1413393938.105760574 -1.85802 -0.17068 0.16093 -0.28293 0.6953 0.43354 0.49855
1413393938.205760479 -1.87575 -0.18134 0.17356 -0.27291 0.67322 0.44625 0.52265
1413393938.305760145 -1.90654 -0.1886 0.18791 -0.27321 0.65411 0.45815 0.53628
1413393938.405760527 -1.95265 -0.19317 0.20475 -0.29461 0.64585 0.46269 0.53104
1413393938.505760431 -2.0123 -0.19832 0.22343 -0.32858 0.64405 0.4645 0.51135
1413393938.605760574 -2.07978 -0.2064 0.24152 -0.35519 0.6393 0.47333 0.49101
1413393938.705760479 -2.1494 -0.21807 0.24839 -0.37549 0.63401 0.4861 0.46983
1413393938.805760145 -2.21899 -0.23594 0.24455 -0.39351 0.62244 0.49909 0.45677
1413393938.905760527 -2.28818 -0.26141 0.23809 -0.4057 0.6042 0.5149 0.45303
1413393939.005760431 -2.35597 -0.29354 0.23416 -0.41396 0.58855 0.53287 0.4453
1413393939.105760574 -2.42236 -0.33258 0.23833 -0.42996 0.56724 0.54287 0.44572
1413393939.205760479 -2.48732 -0.38065 0.24656 -0.44816 0.54542 0.54992 0.44637
1413393939.305760145 -2.55031 -0.44045 0.24767 -0.44084 0.54653 0.57075 0.42568
1413393939.405760527 -2.61222 -0.50869 0.24083 -0.41443 0.56643 0.59825 0.38665
1413393939.505760431 -2.6726 -0.5736 0.2245 -0.38649 0.59596 0.61815 0.33668
1413393939.605760574 -2.73014 -0.62268 0.20173 -0.36487 0.62107 0.62752 0.29556
1413393939.705760479 -2.78084 -0.64633 0.17491 -0.34509 0.63445 0.63485 0.27451
1413393939.805760145 -2.82489 -0.63559 0.15068 -0.34299 0.6259 0.63656 0.29224
1413393939.905760527 -2.86565 -0.59421 0.13385 -0.3839 0.59869 0.61184 0.34618
1413393940.005760431 -2.90302 -0.53931 0.12495 -0.44063 0.56115 0.57038 0.40697
1413393940.105760574 -2.93694 -0.49085 0.11789 -0.49171 0.52984 0.52737 0.44652
1413393940.205760479 -2.96496 -0.46668 0.11007 0.52537 -0.51095 -0.49753 -0.46409
1413393940.305760145 -2.98535 -0.47418 0.10003 0.5287 -0.51329 -0.49546 -0.45993
1413393940.405760527 -2.99668 -0.51346 0.08709 -0.49171 0.53943 0.52799 0.43412
1413393940.505760431 -3.00166 -0.57367 0.07387 -0.43845 0.57898 0.56777 0.38754
1413393940.605760574 -2.99789 -0.63558 0.0639 -0.39426 0.6184 0.59285 0.33266
1413393940.705760479 -2.98686 -0.67936 0.06427 -0.37314 0.64528 0.59792 0.29475
1413393940.805760145 -2.96168 -0.69136 0.07555 -0.37483 0.66186 0.58765 0.27588
1413393940.905760527 -2.919 -0.66864 0.10189 -0.39113 0.64567 0.57766 0.31053
1413393941.005760431 -2.86402 -0.62936 0.13257 -0.41862 0.61228 0.56263 0.36513
1413393941.105760574 -2.80169 -0.58509 0.16649 -0.45659 0.57388 0.5364 0.41768
1413393941.205760479 -2.7358 -0.55359 0.20074 -0.48531 0.54297 0.51547 0.4516
1413393941.305760145 -2.66611 -0.54175 0.22764 -0.48651 0.53637 0.51805 0.45523
1413393941.405760527 -2.59439 -0.55106 0.24661 -0.46166 0.5548 0.54353 0.42854
1413393941.505760431 -2.52137 -0.57332 0.26239 -0.42459 0.58052 0.57501 0.38999
1413393941.605760574 -2.4457 -0.59567 0.27888 -0.38788 0.60258 0.60181 0.35251
1413393941.705760479 -2.36807 -0.60435 0.29735 -0.36268 0.61587 0.61733 0.32874
1413393941.805760145 -2.28868 -0.59247 0.3101 -0.34412 0.62477 0.62436 0.31846
1413393941.905760527 -2.2093 -0.5559 0.3191 -0.35155 0.6205 0.61642 0.3338
1413393942.005760431 -2.12979 -0.49816 0.32937 -0.38333 0.60202 0.5937 0.37169
1413393942.105760574 -2.0521 -0.428 0.34444 -0.42498 0.57287 0.56103 0.42007
1413393942.205760479 -1.97527 -0.36316 0.36001 -0.45634 0.54571 0.53265 0.45851
1413393942.305760145 -1.90082 -0.31542 0.37467 -0.46979 0.52998 0.51815 0.47952
1413393942.405760527 -1.82954 -0.29388 0.38899 -0.4676 0.5289 0.51864 0.48232
1413393942.505760431 -1.7619 -0.29771 0.40136 -0.44764 0.54389 0.53516 0.46626
1413393942.605760574 -1.69887 -0.3181 0.41013 -0.41412 0.56987 0.5616 0.43401
1413393942.705760479 -1.64152 -0.34513 0.41271 -0.3793 0.5955 0.58605 0.39755
1413393942.805760145 -1.58908 -0.36566 0.41142 -0.35273 0.61222 0.60349 0.36955
1413393942.905760527 -1.54212 -0.37379 0.39947 -0.33669 0.62057 0.61403 0.35285
1413393943.005760431 -1.49998 -0.36348 0.37995 -0.33403 0.6217 0.61679 0.34854
1413393943.105760574 -1.45648 -0.32805 0.36622 -0.36261 0.60278 0.60264 0.37683
1413393943.205760479 -1.41524 -0.27427 0.35912 -0.40532 0.57362 0.57676 0.41715
1413393943.305760145 -1.37834 -0.22628 0.35205 -0.44136 0.54649 0.55026 0.4514
1413393943.405760527 -1.34555 -0.19014 0.34597 -0.46749 0.52708 0.52961 0.47239
1413393943.505760431 -1.31511 -0.17382 0.33886 -0.47103 0.52412 0.52633 0.47583
1413393943.605760574 -1.28882 -0.18091 0.32721 -0.44319 0.54437 0.54716 0.45592
1413393943.705760479 -1.26597 -0.2012 0.31597 -0.40397 0.57281 0.5747 0.42239
1413393943.805760145 -1.2481 -0.22286 0.3074 -0.36856 0.59857 0.59583 0.38841
1413393943.905760527 -1.23213 -0.23328 0.3056 -0.34443 0.61706 0.6023 0.37127
1413393944.005760431 -1.21698 -0.21933 0.31526 -0.33985 0.62523 0.59206 0.37822
1413393944.105760574 -1.20437 -0.18859 0.33055 -0.35865 0.62685 0.56287 0.402
1413393944.205760479 -1.1911 -0.15044 0.35057 -0.39037 0.62769 0.52025 0.42773
1413393944.305760145 -1.1746 -0.11474 0.37391 -0.41621 0.6214 0.47857 0.46001
1413393944.405760527 -1.15379 -0.09067 0.39579 -0.42618 0.61541 0.44722 0.48952
1413393944.505760431 -1.1315 -0.08194 0.41418 -0.41766 0.61812 0.43461 0.50459
1413393944.605760574 -1.10988 -0.09387 0.42843 -0.38104 0.63577 0.44853 0.49943
1413393944.705760479 -1.09073 -0.11716 0.43995 -0.34082 0.66339 0.46848 0.47358
1413393944.805760145 -1.07426 -0.13971 0.45381 -0.30823 0.68807 0.4839 0.44429
1413393944.905760527 -1.05746 -0.15173 0.47261 -0.28749 0.70436 0.4924 0.42281
1413393945.005760431 -1.03779 -0.14658 0.49737 -0.28067 0.71279 0.49062 0.41527
1413393945.105760574 -1.01203 -0.12075 0.53103 -0.2942 0.69995 0.47332 0.44665
1413393945.205760479 -0.98283 -0.08767 0.56106 -0.3166 0.67541 0.44286 0.49745
1413393945.305760145 -0.95671 -0.05919 0.57829 -0.33385 0.65236 0.40824 0.54434
1413393945.405760527 -0.93742 -0.04291 0.57751 -0.33299 0.648 0.38195 0.56862
1413393945.505760431 -0.9279 -0.04062 0.5583 -0.31956 0.66666 0.36419 0.5664
1413393945.605760574 -0.92815 -0.05302 0.52967 -0.2943 0.69811 0.35426 0.54821
1413393945.705760479 -0.93568 -0.07468 0.50181 -0.26203 0.72765 0.34735 0.53029
1413393945.805760145 -0.94532 -0.09827 0.47618 -0.22758 0.75713 0.33971 0.50947
1413393945.905760527 -0.95155 -0.11587 0.4551 -0.19684 0.78085 0.32824 0.49374
1413393946.005760431 -0.94961 -0.12124 0.44521 -0.1851 0.78163 0.30578 0.51116
1413393946.105760574 -0.94298 -0.11663 0.44309 -0.18308 0.76469 0.27743 0.55205
1413393946.205760479 -0.93944 -0.10971 0.44255 -0.18199 0.74259 0.24575 0.59586
1413393946.305760145 -0.94745 -0.10694 0.43773 -0.17219 0.73501 0.2169 0.61893
1413393946.405760527 -0.96889 -0.10982 0.42765 -0.16189 0.7512 0.18651 0.61213
1413393946.505760431 -1.00062 -0.11952 0.41717 -0.14647 0.77764 0.15642 0.59106
1413393946.605760574 -1.03635 -0.13612 0.40786 -0.11886 0.80779 0.13112 0.56227
1413393946.705760479 -1.06809 -0.15549 0.40026 -0.08062 0.83592 0.10843 0.53196
1413393946.805760145 -1.08793 -0.17201 0.39998 -0.04275 0.85084 0.08375 0.51694
1413393946.905760527 -1.09136 -0.18106 0.41027 -0.01477 0.84746 0.05536 0.52776
1413393947.005760431 -1.08467 -0.18526 0.42527 0.00412 0.82114 0.02606 0.57012
1413393947.105760574 -1.07645 -0.18548 0.43153 0.02157 0.78958 -0.00274 0.61326
1413393947.205760479 -1.07545 -0.18198 0.42044 0.04005 0.77374 -0.03276 0.63139
1413393947.305760145 -1.08918 -0.17536 0.39396 0.05927 0.77004 -0.06303 0.6321
1413393947.405760527 -1.11432 -0.16515 0.35555 0.07504 0.76894 -0.09681 0.62748
1413393947.505760431 -1.14858 -0.1513 0.30619 0.074 0.77426 -0.14301 0.61204
1413393947.605760574 -1.18861 -0.13729 0.25665 0.07156 0.77778 -0.19038 0.59472
1413393947.705760479 -1.2355 -0.13145 0.21051 0.07529 0.78626 -0.23269 0.56743
1413393947.805760145 -1.28594 -0.13812 0.17151 0.10354 0.7977 -0.25768 0.5353
1413393947.905760527 -1.33367 -0.15851 0.14347 0.14528 0.80031 -0.27038 0.51506
1413393948.005760431 -1.37197 -0.18581 0.12417 0.19206 0.78975 -0.27322 0.51454
1413393948.105760574 -1.40097 -0.21343 0.10907 0.23735 0.77358 -0.2697 0.52201
1413393948.205760479 -1.419 -0.23509 0.09647 0.26079 0.75485 -0.27744 0.53406
1413393948.305760145 -1.43052 -0.24715 0.08652 0.26977 0.73254 -0.29103 0.5531
1413393948.405760527 -1.44066 -0.24719 0.08049 0.2768 0.70806 -0.30386 0.5742
1413393948.505760431 -1.45614 -0.23407 0.07553 0.28204 0.69259 -0.31796 0.58282
1413393948.605760574 -1.47795 -0.20746 0.06773 0.27846 0.69736 -0.33963 0.5664
1413393948.705760479 -1.50321 -0.17321 0.05856 0.2732 0.71652 -0.3647 0.52815
1413393948.805760145 -1.52986 -0.13448 0.05061 0.26906 0.73143 -0.39011 0.49033
1413393948.905760527 -1.55069 -0.10144 0.04832 0.26554 0.73461 -0.41667 0.46501
1413393949.005760431 -1.56565 -0.07704 0.05342 0.27562 0.72126 -0.43686 0.46148
1413393949.105760574 -1.57674 -0.06207 0.06543 0.30317 0.69764 -0.4461 0.47157
1413393949.205760479 -1.58611 -0.0501 0.08235 0.33425 0.67021 -0.45156 0.48497
1413393949.305760145 -1.59243 -0.03523 0.09938 0.36255 0.64263 -0.45648 0.4972
1413393949.405760527 -1.59816 -0.01197 0.11686 0.38645 0.61536 -0.46228 0.50822
1413393949.505760431 -1.60443 0.02498 0.13161 0.39563 0.59165 -0.47566 0.51689
1413393949.605760574 -1.61387 0.07647 0.13857 0.37601 0.58671 -0.50518 0.50909
1413393949.705760479 -1.63181 0.13895 0.1443 0.34894 0.58662 -0.53354 0.49945
1413393949.805760145 -1.66197 0.20534 0.15274 0.32335 0.57879 -0.56124 0.49542
1413393949.905760527 -1.70937 0.27027 0.16489 -0.30072 -0.56438 0.58746 -0.49592
1413393950.005760431 -1.77884 0.32698 0.18176 -0.2878 -0.55636 0.60413 -0.49261
1413393950.105760574 -1.87407 0.3707 0.20476 -0.30784 -0.57395 0.5982 -0.46688
1413393950.205760479 -1.98728 0.40787 0.22938 0.33235 0.60261 -0.58559 0.42836
1413393950.305760145 -2.10731 0.4358 0.25505 0.35119 0.62553 -0.57354 0.3955
1413393950.405760527 -2.22511 0.45142 0.27515 0.35283 0.63219 -0.57386 0.38279
1413393950.505760431 -2.33728 0.45312 0.28816 0.35449 0.62847 -0.57523 0.38533
1413393950.605760574 -2.44336 0.43812 0.29268 0.36405 0.6177 -0.57186 0.3986
1413393950.705760479 -2.54585 0.41191 0.28828 0.3785 0.60463 -0.56455 0.41526
1413393950.805760145 -2.64572 0.38318 0.27301 0.3902 0.59738 -0.55836 0.42323
1413393950.905760527 -2.74182 0.3535 0.24378 0.39869 0.59575 -0.55387 0.42351
1413393951.005760431 -2.83121 0.32212 0.20671 0.4107 0.60272 -0.54697 0.41095
1413393951.105760574 -2.91063 0.2881 0.1697 0.41275 0.60658 -0.54695 0.40316
1413393951.205760479 -2.98005 0.25025 0.13807 0.40825 0.60189 -0.55154 0.40849
1413393951.305760145 -3.04072 0.211 0.11188 0.40527 0.59675 -0.55596 0.41298
1413393951.405760527 -3.09533 0.17232 0.09146 0.40265 0.59498 -0.56103 0.41123
1413393951.505760431 -3.14686 0.13409 0.07238 0.39852 0.59818 -0.56696 0.4024
1413393951.605760574 -3.1936 0.09362 0.04723 0.39696 0.60068 -0.57075 0.39477
1413393951.705760479 -3.23587 0.04949 0.01612 0.40207 0.59913 -0.56994 0.39313
1413393951.805760145 -3.2721 0.00297 -0.01934 0.40899 0.59516 -0.56849 0.39413
1413393951.905760527 -3.30128 -0.0468 -0.05347 0.41324 0.5886 -0.56971 0.39776
1413393952.005760431 -3.32436 -0.09931 -0.08338 0.41594 0.58325 -0.57218 0.39929
1413393952.105760574 -3.34122 -0.15346 -0.10718 0.41807 0.57787 -0.57475 0.40118
1413393952.205760479 -3.35386 -0.20799 -0.11983 -0.41966 -0.57335 0.57743 -0.40215
1413393952.305760145 -3.36188 -0.26179 -0.11919 -0.4185 -0.56923 0.58049 -0.4048
1413393952.405760527 -3.36491 -0.31372 -0.10947 -0.4155 -0.57123 0.57754 -0.40928
1413393952.505760431 -3.36603 -0.36634 -0.09769 0.41255 0.58048 -0.56754 0.41321
1413393952.605760574 -3.36323 -0.41784 -0.08626 0.40708 0.59355 -0.55439 0.4179
1413393952.705760479 -3.35652 -0.46868 -0.07526 0.39843 0.60763 -0.53992 0.42489
1413393952.805760145 -3.34618 -0.5173 -0.06512 0.38733 0.62012 -0.52701 0.43322
1413393952.905760527 -3.33389 -0.56396 -0.05471 0.37476 0.62691 -0.52015 0.44269
1413393953.005760431 -3.32047 -0.61017 -0.04242 0.35864 0.6283 -0.5202 0.45389
1413393953.105760574 -3.30831 -0.65838 -0.02987 0.34599 0.62832 -0.52158 0.46203
1413393953.205760479 -3.29906 -0.70627 -0.02976 0.33808 0.62781 -0.52285 0.4671
1413393953.305760145 -3.29362 -0.75798 -0.04574 0.3305 0.62496 -0.52585 0.47294
1413393953.405760527 -3.2949 -0.81209 -0.05827 0.32758 0.61917 -0.52747 0.48072
1413393953.505760431 -3.30606 -0.86883 -0.0565 0.33442 0.61505 -0.52366 0.48545
1413393953.605760574 -3.32621 -0.9217 -0.04184 0.35551 0.61693 -0.51183 0.48066
1413393953.705760479 -3.35067 -0.97107 -0.02312 0.37525 0.61938 -0.50049 0.47441
1413393953.805760145 -3.37533 -1.01466 -0.01017 0.38708 0.61916 -0.49327 0.47275
1413393953.905760527 -3.39809 -1.04853 -0.00899 0.38894 0.62119 -0.48669 0.47538
1413393954.005760431 -3.41881 -1.07399 -0.01774 0.3793 0.63264 -0.48361 0.47119
1413393954.105760574 -3.43685 -1.09448 -0.02553 0.36214 0.64877 -0.48209 0.46427
1413393954.205760479 -3.45179 -1.11251 -0.03121 0.34013 0.66918 -0.48096 0.45299
1413393954.305760145 -3.46225 -1.13436 -0.03054 0.31665 0.68943 -0.47584 0.44497
1413393954.405760527 -3.46665 -1.16273 -0.0248 0.29659 0.70758 -0.46381 0.443
1413393954.505760431 -3.46414 -1.20007 -0.01638 0.2802 0.72405 -0.44479 0.44655
1413393954.605760574 -3.45347 -1.24581 -0.00523 0.26434 0.7395 -0.42394 0.45114
1413393954.705760479 -3.43498 -1.3025 0.00697 0.2523 0.75151 -0.40454 0.45599
1413393954.805760145 -3.40875 -1.37076 0.01925 0.24274 0.76022 -0.39121 0.45837
1413393954.905760527 -3.37321 -1.44868 0.03138 0.2373 0.76615 -0.38164 0.4594
1413393955.005760431 -3.32776 -1.53557 0.04539 0.23911 0.76498 -0.37245 0.46788
1413393955.105760574 -3.27206 -1.63006 0.06127 0.24551 0.75841 -0.35894 0.48549
1413393955.205760479 -3.20814 -1.72709 0.07449 0.24572 0.75341 -0.3472 0.50144
1413393955.305760145 -3.13841 -1.82419 0.08709 0.2341 0.74996 -0.34102 0.51619
1413393955.405760527 -3.06646 -1.9211 0.09985 0.22163 0.75257 -0.3295 0.5253
1413393955.505760431 -2.99286 -2.01745 0.11634 0.21285 0.75434 -0.30486 0.54105
1413393955.605760574 -2.92055 -2.11027 0.13054 0.2049 0.75532 -0.26891 0.56142
1413393955.705760479 -2.85175 -2.19761 0.13307 0.20395 0.76215 -0.22599 0.57137
1413393955.805760145 -2.78888 -2.27555 0.12394 0.21238 0.77397 -0.18498 0.56714
1413393955.905760527 -2.72789 -2.34037 0.10353 0.21012 0.78886 -0.16162 0.55446
1413393956.005760431 -2.66009 -2.39109 0.08362 0.17844 0.80038 -0.16504 0.548
1413393956.105760574 -2.58497 -2.43251 0.07027 0.14464 0.80529 -0.17068 0.54905
1413393956.205760479 -2.50369 -2.46843 0.06273 0.11796 0.80788 -0.16631 0.55295
1413393956.305760145 -2.41829 -2.50222 0.06109 0.10241 0.80386 -0.14713 0.56716
1413393956.405760527 -2.33227 -2.53353 0.0629 0.08825 0.79735 -0.12026 0.58479
1413393956.505760431 -2.25019 -2.55968 0.06513 0.07106 0.79432 -0.09049 0.59651
1413393956.605760574 -2.17194 -2.58109 0.06539 0.04744 0.79916 -0.06125 0.59611
1413393956.705760479 -2.09791 -2.59839 0.0638 0.02179 0.8087 -0.03073 0.58702
1413393956.805760145 -2.02867 -2.61228 0.06218 -0.00393 0.81792 -0.00092 0.57531
1413393956.905760527 -1.96264 -2.62403 0.06315 -0.0333 0.82139 0.02498 0.56885
1413393957.005760431 -1.89535 -2.63645 0.06458 -0.06093 0.82113 0.05047 0.56524
1413393957.105760574 -1.8247 -2.65064 0.06595 -0.08217 0.81961 0.08173 0.56108
1413393957.205760479 -1.74936 -2.66503 0.06875 -0.10092 0.81514 0.11814 0.55804
1413393957.305760145 -1.67234 -2.67901 0.0738 -0.12323 0.80892 0.15568 0.55337
1413393957.405760527 -1.59455 -2.69303 0.07942 -0.14616 0.80006 0.19189 0.54929
1413393957.505760431 -1.51289 -2.70631 0.08297 -0.16851 0.78773 0.2244 0.54839
1413393957.605760574 -1.43255 -2.71943 0.07719 -0.19131 0.77389 0.25413 0.54764
1413393957.705760479 -1.35537 -2.73286 0.05984 -0.21705 0.75421 0.28213 0.55177
1413393957.805760145 -1.28472 -2.74703 0.03031 -0.23731 0.7338 0.31374 0.55388
1413393957.905760527 -1.22645 -2.76295 -0.00703 -0.24569 0.71652 0.3503 0.55093
1413393958.005760431 -1.1762 -2.78224 -0.0419 -0.24425 0.7045 0.38664 0.54271
1413393958.105760574 -1.13733 -2.80083 -0.06258 -0.24439 0.6997 0.41116 0.53069
1413393958.205760479 -1.1044 -2.8119 -0.065 -0.25144 0.69807 0.42263 0.52044
1413393958.305760145 -1.07778 -2.81154 -0.05146 -0.26671 0.7001 0.42173 0.51076
1413393958.405760527 -1.05971 -2.80559 -0.02993 -0.28234 0.70691 0.41488 0.49844
1413393958.505760431 -1.04451 -2.7985 -0.01529 -0.2874 0.71393 0.4124 0.48747
1413393958.605760574 -1.03055 -2.7916 -0.01179 -0.2842 0.72291 0.41398 0.47461
1413393958.705760479 -1.00863 -2.77803 -0.02308 -0.27867 0.72957 0.41578 0.46605
1413393958.805760145 -0.99006 -2.76807 -0.03609 -0.27987 0.72655 0.41259 0.47283
1413393958.905760527 -0.96634 -2.75172 -0.05786 -0.28318 0.71885 0.40721 0.48707
1413393959.005760431 -0.93561 -2.72405 -0.09478 -0.28848 0.71433 0.39979 0.49667
1413393959.105760574 -0.90814 -2.69913 -0.13601 -0.3035 0.71298 0.38528 0.5011
1413393959.205760479 -0.87967 -2.67675 -0.17585 -0.31458 0.70871 0.37421 0.50866
1413393959.305760145 -0.84926 -2.65964 -0.21259 -0.30791 0.70551 0.37583 0.51595
1413393959.405760527 -0.81795 -2.64531 -0.24676 -0.29697 0.7083 0.38167 0.51424
1413393959.505760431 -0.7871 -2.63211 -0.2768 -0.28981 0.70922 0.38502 0.51457
1413393959.605760574 -0.75919 -2.62142 -0.30014 -0.29229 0.70067 0.38244 0.52665
1413393959.705760479 -0.73611 -2.61527 -0.31576 -0.3026 0.68266 0.37406 0.54999
1413393959.805760145 -0.72293 -2.62079 -0.33043 -0.30455 0.67688 0.37157 0.55769
1413393959.905760527 -0.71722 -2.63651 -0.34795 -0.29316 0.69283 0.37923 0.53874
1413393960.005760431 -0.71786 -2.6572 -0.36167 -0.28022 0.70823 0.38775 0.51917
1413393960.105760574 -0.72203 -2.67883 -0.37042 -0.2706 0.71947 0.39382 0.50402
1413393960.205760479 -0.72759 -2.69652 -0.37634 -0.26157 0.73034 0.3993 0.48861
1413393960.305760145 -0.73193 -2.70689 -0.38166 -0.25295 0.74114 0.40473 0.47214
1413393960.405760527 -0.73241 -2.70642 -0.38106 -0.25632 0.73755 0.4052 0.47553
1413393960.505760431 -0.73063 -2.69576 -0.38069 -0.26951 0.72309 0.40746 0.48835
1413393960.605760574 -0.7298 -2.67968 -0.39789 -0.28484 0.70768 0.41896 0.49246
1413393960.705760479 -0.73185 -2.66089 -0.43718 -0.30204 0.69167 0.43756 0.48878
1413393960.805760145 -0.7364 -2.6401 -0.49646 -0.31767 0.6774 0.46051 0.47764
1413393960.905760527 -0.74194 -2.6185 -0.56516 -0.3232 0.67324 0.48443 0.45566
1413393961.005760431 -0.74619 -2.59169 -0.62536 -0.33014 0.67413 0.49858 0.43356
1413393961.105760574 -0.7464 -2.55725 -0.67067 -0.3374 0.66771 0.50545 0.42995
1413393961.205760479 -0.74261 -2.51389 -0.6984 -0.35054 0.65507 0.50225 0.44243
1413393961.305760145 -0.73706 -2.46995 -0.7041 -0.38753 0.63569 0.47692 0.46719
1413393961.405760527 -0.72963 -2.43441 -0.69418 -0.42339 0.61388 0.44935 0.49191
1413393961.505760431 -0.71782 -2.41535 -0.66822 -0.42408 0.60745 0.44839 0.50011
1413393961.605760574 -0.70803 -2.42017 -0.63191 -0.39766 0.61722 0.46781 0.49199
1413393961.705760479 -0.70186 -2.43858 -0.58178 -0.37223 0.62953 0.48592 0.47856
1413393961.805760145 -0.70125 -2.4642 -0.51131 -0.36316 0.63281 0.49157 0.47542
1413393961.905760527 -0.70684 -2.49867 -0.42967 -0.35552 0.6388 0.49636 0.46814
1413393962.005760431 -0.71323 -2.52679 -0.34339 -0.34862 0.64464 0.50116 0.46014
1413393962.105760574 -0.72517 -2.55858 -0.24082 -0.3431 0.65023 0.50564 0.45145
1413393962.205760479 -0.73481 -2.5754 -0.12727 -0.33874 0.65591 0.50917 0.44248
1413393962.305760145 -0.74779 -2.59434 -0.00276 -0.3351 0.65954 0.51231 0.43618
1413393962.405760527 -0.76024 -2.60533 0.11642 -0.32546 0.66643 0.5187 0.42531
1413393962.505760431 -0.7715 -2.60968 0.21394 -0.30839 0.67949 0.52457 0.4099
1413393962.605760574 -0.77851 -2.596 0.28853 -0.29023 0.693 0.52221 0.40351
1413393962.705760479 -0.78282 -2.57281 0.3485 -0.2729 0.69977 0.51115 0.41781
1413393962.805760145 -0.78452 -2.53249 0.402 -0.25784 0.70046 0.49069 0.44955
1413393962.905760527 -0.78748 -2.47581 0.44674 -0.2391 0.69987 0.4645 0.48708
1413393963.005760431 -0.79648 -2.40794 0.48014 -0.21908 0.704 0.43234 0.5191
1413393963.105760574 -0.81424 -2.33018 0.50286 -0.1999 0.71146 0.39585 0.54513
1413393963.205760479 -0.84302 -2.24442 0.51721 -0.18831 0.72226 0.35375 0.56369
1413393963.305760145 -0.8825 -2.15459 0.52614 -0.1824 0.73454 0.30887 0.576
1413393963.405760527 -0.93093 -2.06096 0.52349 -0.16934 0.74703 0.26896 0.58389
1413393963.505760431 -0.98672 -1.9667 0.5144 -0.15174 0.7589 0.23372 0.58857
1413393963.605760574 -1.04639 -1.87269 0.51394 -0.13587 0.76748 0.20148 0.59322
1413393963.705760479 -1.11254 -1.78056 0.49831 -0.11878 0.77223 0.17359 0.59951
1413393963.805760145 -1.18578 -1.68904 0.47011 -0.0983 0.77592 0.1495 0.60493
1413393963.905760527 -1.26765 -1.59689 0.42981 -0.07587 0.78203 0.12766 0.6053
1413393964.005760431 -1.35584 -1.5044 0.38079 -0.05248 0.79015 0.10637 0.60133
1413393964.105760574 -1.44921 -1.40822 0.32335 -0.03253 0.79561 0.08234 0.59931
1413393964.205760479 -1.54614 -1.30851 0.25874 -0.0217 0.79915 0.05193 0.59849
1413393964.305760145 -1.64628 -1.20604 0.19308 -0.01562 0.80296 0.01804 0.59556
1413393964.405760527 -1.74799 -1.1036 0.13195 -0.00738 0.80614 -0.01235 0.59155
1413393964.505760431 -1.85133 -1.00544 0.07699 0.00141 0.8078 -0.04007 0.58809
1413393964.605760574 -1.95389 -0.91211 0.02819 0.00768 0.80684 -0.06803 0.58679
1413393964.705760479 -2.05779 -0.82597 -0.01596 0.01443 0.80337 -0.09461 0.58774
1413393964.805760145 -2.16273 -0.74879 -0.05536 0.01967 0.80262 -0.12164 0.58362
1413393964.905760527 -2.26923 -0.68201 -0.09188 0.02628 0.80676 -0.14735 0.57161
1413393965.005760431 -2.37616 -0.62819 -0.12573 0.02448 0.81528 -0.17803 0.55048
1413393965.105760574 -2.47841 -0.59155 -0.15479 0.01569 0.82108 -0.21375 0.52904
1413393965.205760479 -2.57433 -0.57649 -0.17931 0.01295 0.82438 -0.24545 0.50989
1413393965.305760145 -2.66401 -0.58928 -0.19673 0.02791 0.83314 -0.26047 0.48708
1413393965.405760527 -2.74174 -0.63029 -0.20557 0.06348 0.84457 -0.25104 0.46867
1413393965.505760431 -2.79834 -0.69551 -0.20345 0.11572 0.85156 -0.21908 0.46202
1413393965.605760574 -2.83016 -0.77079 -0.1962 0.16567 0.85199 -0.18134 0.46236
1413393965.705760479 -2.83327 -0.84472 -0.18621 0.19026 0.84548 -0.16106 0.47225
1413393965.805760145 -2.80684 -0.90994 -0.17272 0.18356 0.82983 -0.16617 0.50009
1413393965.905760527 -2.76413 -0.96789 -0.16036 0.17767 0.81166 -0.16957 0.52999
1413393966.005760431 -2.71188 -1.01946 -0.15787 0.1892 0.80433 -0.16016 0.54001
1413393966.105760574 -2.65025 -1.05966 -0.15645 0.19208 0.80201 -0.15721 0.54329
1413393966.205760479 -2.58015 -1.08578 -0.14343 0.18424 0.80187 -0.1633 0.54442
1413393966.305760145 -2.49885 -1.09931 -0.11468 0.18615 0.80328 -0.16148 0.54223
1413393966.405760527 -2.4067 -1.09997 -0.07035 0.20231 0.79918 -0.14739 0.5465
1413393966.505760431 -2.3101 -1.08314 -0.01623 0.20595 0.78638 -0.1417 0.5649
1413393966.605760574 -2.21374 -1.04997 0.03251 0.19807 0.77101 -0.14333 0.58802
1413393966.705760479 -2.12009 -1.00227 0.06829 0.19138 0.75997 -0.14616 0.6037
1413393966.805760145 -2.03306 -0.94023 0.09149 0.18739 0.7534 -0.14859 0.61253
1413393966.905760527 -1.95448 -0.86539 0.10313 0.17753 0.75754 -0.15765 0.60809
1413393967.005760431 -1.88393 -0.78008 0.10401 0.15599 0.76691 -0.18046 0.59578
1413393967.105760574 -1.81902 -0.68981 0.09916 0.13928 0.77293 -0.20319 0.58472
1413393967.205760479 -1.75788 -0.5996 0.08925 0.13384 0.77448 -0.21919 0.57812
1413393967.305760145 -1.70357 -0.51266 0.07402 0.14 0.76993 -0.23177 0.57783
1413393967.405760527 -1.65935 -0.43039 0.05144 0.15619 0.76151 -0.24528 0.57926
1413393967.505760431 -1.61997 -0.35148 0.02094 0.17027 0.74969 -0.26676 0.58122
1413393967.605760574 -1.58818 -0.27572 -0.01141 0.18496 0.74055 -0.29139 0.57661
1413393967.705760479 -1.56405 -0.20215 -0.03888 0.20164 0.7322 -0.3164 0.56843
1413393967.805760145 -1.54789 -0.13005 -0.05918 0.21989 0.7245 -0.34015 0.55772
1413393967.905760527 -1.53988 -0.05677 -0.06921 0.23131 0.72335 -0.36442 0.53894
1413393968.005760431 -1.53452 0.01102 -0.06507 0.23195 0.73104 -0.38709 0.51179
1413393968.105760574 -1.5296 0.06913 -0.04036 0.23938 0.73353 -0.39771 0.49645
1413393968.205760479 -1.52266 0.11551 -7e-05 0.24161 0.7297 -0.40603 0.49427
1413393968.305760145 -1.51424 0.15526 0.03964 0.23749 0.72825 -0.41325 0.49241
1413393968.405760527 -1.50343 0.18863 0.07222 0.24929 0.73632 -0.40553 0.48087
1413393968.505760431 -1.48745 0.21491 0.09729 0.2647 0.74102 -0.39284 0.47593
1413393968.605760574 -1.46456 0.23539 0.11181 0.27607 0.74124 -0.38337 0.47684
1413393968.705760479 -1.43466 0.25097 0.11401 0.27922 0.74107 -0.38509 0.47387
1413393968.805760145 -1.39764 0.2623 0.10695 0.28275 0.7358 -0.39175 0.47454
1413393968.905760527 -1.35394 0.27033 0.09213 0.29442 0.71892 -0.40007 0.48623
1413393969.005760431 -1.30706 0.2762 0.06531 0.30049 0.69544 -0.4188 0.50067
1413393969.105760574 -1.26417 0.28259 0.02797 0.31101 0.67273 -0.43859 0.50828
1413393969.205760479 -1.22265 0.29179 -0.0098 0.33092 0.65599 -0.45528 0.50288
1413393969.305760145 -1.1824 0.30409 -0.0433 0.34818 0.64167 -0.47559 0.49076
1413393969.405760527 -1.1434 0.31963 -0.07361 0.35648 0.62575 -0.50077 0.4802
1413393969.505760431 -1.1079 0.33905 -0.1003 0.35349 0.6024 -0.53014 0.48074
1413393969.605760574 -1.08097 0.36146 -0.12389 0.35082 0.58192 -0.55724 0.47726
1413393969.705760479 -1.06583 0.38228 -0.1401 -0.35234 -0.56721 0.58019 -0.46638
1413393969.805760145 -1.06386 0.40084 -0.14197 -0.35215 -0.55715 0.59779 -0.45632
1413393969.905760527 -1.07708 0.41828 -0.12457 -0.356 -0.54952 0.60713 -0.4502
1413393970.005760431 -1.10469 0.4346 -0.08964 -0.37125 -0.55207 0.60526 -0.4371
1413393970.105760574 -1.14268 0.44966 -0.04381 -0.39462 -0.5677 0.5937 -0.41172
1413393970.205760479 -1.18321 0.46286 -0.00272 -0.40635 -0.58052 0.58698 -0.39157
1413393970.305760145 -1.22129 0.47342 0.027 0.40993 0.58586 -0.5842 0.38398
1413393970.405760527 -1.25472 0.4781 0.04769 0.40974 0.58881 -0.58293 0.3816
1413393970.505760431 -1.28181 0.47471 0.0686 0.41471 0.5882 -0.57768 0.38512
1413393970.605760574 -1.30227 0.46426 0.0912 0.4235 0.58435 -0.5694 0.39365
1413393970.705760479 -1.31781 0.45162 0.10939 0.43842 0.58337 -0.55721 0.39621
1413393970.805760145 -1.32664 0.43892 0.11227 0.45727 0.59142 -0.54288 0.38263
1413393970.905760527 -1.32258 0.4284 0.10269 0.47114 0.60072 -0.53279 0.3651
1413393971.005760431 -1.29964 0.41892 0.09082 0.4756 0.60148 -0.52934 0.36306
1413393971.105760574 -1.25638 0.41215 0.08348 0.46851 0.59011 -0.53342 0.38435
1413393971.205760479 -1.1962 0.4142 0.08912 0.4711 0.57253 -0.52707 0.4153
1413393971.305760145 -1.12349 0.42232 0.10985 0.48025 0.55566 -0.5142 0.44295
1413393971.405760527 -1.04422 0.44692 0.12659 0.48922 0.54385 -0.50223 0.46115
1413393971.505760431 -0.96061 0.49223 0.12667 0.47522 0.54523 -0.51092 0.4646
1413393971.605760574 -0.87366 0.5566 0.11418 0.43763 0.54919 -0.5393 0.46479
1413393971.705760479 -0.78888 0.63329 0.10332 -0.39436 -0.5393 0.57026 -0.47796
1413393971.805760145 -0.71601 0.7166 0.10186 -0.35861 -0.52063 0.59623 -0.49483
1413393971.905760527 -0.66608 0.80476 0.10884 -0.34393 -0.51256 0.60994 -0.49696
1413393972.005760431 -0.64192 0.89423 0.12541 -0.35332 -0.52071 0.61089 -0.48046
1413393972.105760574 -0.63643 0.98358 0.14473 -0.36457 -0.53124 0.60979 -0.46155
1413393972.205760479 -0.64496 1.07236 0.14748 -0.35626 -0.53953 0.6193 -0.44548
1413393972.305760145 -0.66387 1.15564 0.13492 -0.36296 -0.55223 0.61784 -0.42611
1413393972.405760527 -0.69304 1.23034 0.12275 -0.3905 -0.5654 0.59998 -0.40971
1413393972.505760431 -0.72363 1.30029 0.11056 -0.40835 -0.5784 0.58635 -0.39356
1413393972.605760574 -0.75179 1.3647 0.09768 0.40789 0.59178 -0.58592 0.37433
1413393972.705760479 -0.77356 1.42082 0.08598 0.40836 0.59534 -0.5862 0.36766
1413393972.805760145 -0.78743 1.46783 0.07252 0.41216 0.59409 -0.58528 0.36693
1413393972.905760527 -0.79412 1.50606 0.05833 0.41814 0.59143 -0.58368 0.36699
1413393973.005760431 -0.79148 1.53685 0.04554 0.42668 0.58999 -0.58071 0.36418
1413393973.105760574 -0.7791 1.55953 0.03256 0.43688 0.58538 -0.57466 0.3691
1413393973.205760479 -0.75724 1.58237 0.02072 0.44812 0.57787 -0.56576 0.38101
1413393973.305760145 -0.72441 1.60312 0.00873 0.46255 0.56682 -0.553 0.39868
1413393973.405760527 -0.68276 1.62933 -0.00382 0.47478 0.5557 -0.54026 0.41701
1413393973.505760431 -0.63263 1.66756 -0.01487 0.48619 0.54698 -0.52713 0.43193
1413393973.605760574 -0.57517 1.72357 -0.02772 0.48914 0.54143 -0.52117 0.44269
1413393973.705760479 -0.50939 1.79783 -0.04183 0.46934 0.53594 -0.53269 0.45688
1413393973.805760145 -0.44065 1.88955 -0.05693 -0.42647 -0.53312 0.56068 -0.46855
1413393973.905760527 -0.37776 1.99153 -0.07001 -0.37002 -0.52614 0.5957 -0.48104
1413393974.005760431 -0.33359 2.09699 -0.07925 -0.31709 -0.53214 0.62758 -0.47162
1413393974.105760574 -0.31662 2.1989 -0.08342 -0.27258 -0.55531 0.65455 -0.43461
1413393974.205760479 -0.33184 2.2809 -0.07771 -0.24861 -0.58699 0.66752 -0.38479
1413393974.305760145 -0.37546 2.32599 -0.05667 -0.26034 -0.62536 0.65679 -0.33134
1413393974.405760527 -0.43251 2.32368 -0.02376 0.27908 0.65374 -0.63999 0.29181
1413393974.505760431 -0.48501 2.27454 0.01789 0.30978 0.67524 -0.61328 0.26828
1413393974.605760574 -0.5208 2.18329 0.06653 0.34873 0.6851 -0.58089 0.26757
1413393974.705760479 -0.53215 2.05953 0.11801 0.39001 0.67963 -0.54859 0.29162
1413393974.805760145 -0.5193 1.9176 0.16552 0.42315 0.66502 -0.52302 0.32425
1413393974.905760527 -0.4841 1.77318 0.19778 0.43524 0.64149 -0.51563 0.36494
1413393975.005760431 -0.43412 1.62854 0.21658 0.438 0.61707 -0.51587 0.40157
1413393975.105760574 -0.37337 1.48905 0.21893 0.43338 0.59761 -0.52123 0.42822
1413393975.205760479 -0.30796 1.35631 0.20989 0.42323 0.58603 -0.5303 0.44297
1413393975.305760145 -0.24156 1.23132 0.19999 0.41396 0.58276 -0.53818 0.44652
1413393975.405760527 -0.1754 1.11511 0.19696 0.4208 0.5822 -0.53362 0.44634
1413393975.505760431 -0.10761 1.01107 0.19741 0.43307 0.58267 -0.52362 0.44583
1413393975.605760574 -0.03625 0.92215 0.198 0.44152 0.58202 -0.51639 0.44683
1413393975.705760479 0.03956 0.84818 0.19891 0.4372 0.57829 -0.51911 0.45273
1413393975.805760145 0.11777 0.787 0.20092 0.42394 0.57136 -0.53072 0.46061
1413393975.905760527 0.19601 0.73819 0.20516 0.41273 0.56003 -0.54239 0.471
1413393976.005760431 0.26953 0.69888 0.21012 0.40739 0.5588 -0.55151 0.46649
1413393976.105760574 0.33784 0.66681 0.20794 0.40693 0.56434 -0.55819 0.45206
1413393976.205760479 0.40178 0.64285 0.19507 0.40498 0.56513 -0.56476 0.44459
1413393976.305760145 0.46345 0.62378 0.1739 -0.40017 -0.5596 0.57124 -0.44765
1413393976.405760527 0.51863 0.60969 0.1538 -0.3988 -0.5506 0.57231 -0.45855
1413393976.505760431 0.56639 0.60189 0.14402 -0.39091 -0.55121 0.57108 -0.46607
1413393976.605760574 0.60488 0.59974 0.14211 -0.38054 -0.56188 0.56723 -0.46662
1413393976.705760479 0.63533 0.60112 0.13518 0.36967 0.56969 -0.56385 0.46997
1413393976.805760145 0.6559 0.60508 0.11895 0.35798 0.57523 -0.56239 0.474
1413393976.905760527 0.66459 0.60989 0.09651 0.34591 0.58966 -0.56433 0.46279
1413393977.005760431 0.66209 0.61489 0.07847 0.34142 0.60694 -0.56369 0.44419
1413393977.105760574 0.65592 0.61265 0.06586 0.35111 0.62042 -0.55609 0.42728
1413393977.205760479 0.64999 0.60019 0.06877 0.36491 0.62434 -0.54613 0.42283
1413393977.305760145 0.6468 0.58078 0.08666 0.37649 0.62262 -0.53795 0.42569
1413393977.405760527 0.64768 0.5598 0.11527 0.38521 0.62015 -0.53329 0.42736
1413393977.505760431 0.65242 0.53818 0.14947 0.39071 0.61939 -0.53151 0.42567
1413393977.605760574 0.66118 0.51696 0.17979 0.39349 0.6189 -0.53234 0.42278
1413393977.705760479 0.67321 0.49501 0.19897 0.39554 0.61794 -0.53366 0.4206
1413393977.805760145 0.69249 0.46886 0.21324 0.39648 0.6156 -0.53655 0.41947
1413393977.905760527 0.7161 0.44448 0.22073 0.39862 0.61331 -0.53825 0.41862
1413393978.005760431 0.74735 0.41801 0.23304 0.39871 0.61011 -0.54236 0.4179
1413393978.105760574 0.78352 0.39218 0.24672 0.39622 0.60537 -0.54905 0.41842
1413393978.205760479 0.8224 0.36705 0.26106 0.39334 0.59885 -0.55559 0.42188
1413393978.305760145 0.86267 0.33937 0.27767 0.39396 0.58894 -0.56316 0.4252
1413393978.405760527 0.90111 0.31319 0.29675 0.39828 0.57391 -0.57288 0.42873
1413393978.505760431 0.93519 0.28613 0.31604 -0.40616 -0.55455 0.58497 -0.43048
1413393978.605760574 0.96438 0.26507 0.3372 -0.41737 -0.53488 0.59931 -0.42488
1413393978.705760479 0.98876 0.24815 0.3572 -0.42685 -0.51642 0.61742 -0.41219
1413393978.805760145 1.0077 0.23369 0.37718 -0.43356 -0.49818 0.63794 -0.39608
1413393978.905760527 1.02018 0.22269 0.3991 -0.44262 -0.47648 0.65639 -0.38237
1413393979.005760431 1.02654 0.21349 0.42255 -0.45124 -0.45213 0.67383 -0.37137
1413393979.105760574 1.02542 0.20824 0.44504 -0.46002 -0.42592 0.6907 -0.36042
1413393979.205760479 1.01461 0.20837 0.46561 -0.47186 -0.4004 0.70615 -0.34405
1413393979.305760145 0.99543 0.21425 0.47546 -0.48369 -0.37392 0.72031 -0.32769
1413393979.405760527 0.97034 0.22732 0.47185 -0.49313 -0.34426 0.73431 -0.3148
1413393979.505760431 0.93992 0.24764 0.45792 0.50085 0.31337 -0.74752 0.30357
1413393979.605760574 0.8996 0.27445 0.43791 0.50772 0.28299 -0.7602 0.29022
1413393979.705760479 0.85021 0.30977 0.41427 0.5183 0.25719 -0.76986 0.26932
1413393979.805760145 0.79424 0.35342 0.39503 0.52959 0.23628 -0.77756 0.24314
1413393979.905760527 0.73228 0.4041 0.38075 0.53713 0.21775 -0.78644 0.21353
1413393980.005760431 0.66638 0.4607 0.37099 0.5409 0.19735 -0.79605 0.18653
1413393980.105760574 0.59695 0.52117 0.36296 0.53918 0.18108 -0.80782 0.15466
1413393980.205760479 0.52294 0.58108 0.35623 0.53497 0.17074 -0.81881 0.11919
1413393980.305760145 0.44399 0.63532 0.34886 0.52975 0.16341 -0.82712 0.09245
1413393980.405760527 0.35896 0.67969 0.34252 0.52927 0.15842 -0.82995 0.0772
1413393980.505760431 0.26892 0.71164 0.33705 0.53841 0.15406 -0.82539 0.0715
1413393980.605760574 0.17346 0.73299 0.3327 0.55683 0.15095 -0.81366 0.0715
1413393980.705760479 0.07562 0.74446 0.32825 0.5694 0.15011 -0.80503 0.07199
1413393980.805760145 -0.02103 0.74936 0.32487 0.56562 0.14951 -0.80769 0.07322
1413393980.905760527 -0.11518 0.74645 0.32191 0.55134 0.14617 -0.81763 0.07841
1413393981.005760431 -0.21079 0.73683 0.32443 0.53901 0.13827 -0.82601 0.08977
1413393981.105760574 -0.31322 0.72278 0.33191 0.53572 0.12922 -0.82805 0.10313
1413393981.205760479 -0.42257 0.70817 0.3519 0.54229 0.12163 -0.82348 0.11407
1413393981.305760145 -0.53953 0.69595 0.38652 0.54384 0.11963 -0.8219 0.12003
1413393981.405760527 -0.66302 0.68682 0.42712 0.53981 0.12157 -0.82403 0.12165
1413393981.505760431 -0.78889 0.6821 0.46232 0.53934 0.13126 -0.82407 0.11309
1413393981.605760574 -0.91986 0.67815 0.48606 0.54159 0.14267 -0.82203 0.10289
1413393981.705760479 -1.05492 0.67104 0.49646 0.54209 0.15041 -0.82104 0.09699
1413393981.805760145 -1.19257 0.65891 0.49602 0.5458 0.15752 -0.81786 0.09163
1413393981.905760527 -1.32997 0.63976 0.48679 0.55134 0.16958 -0.81194 0.08961
1413393982.005760431 -1.46388 0.61218 0.472 0.55793 0.18564 -0.80323 0.09526
1413393982.105760574 -1.59496 0.57505 0.45739 0.56055 0.20579 -0.79487 0.10777
1413393982.205760479 -1.72486 0.52779 0.44494 0.5608 0.22993 -0.78516 0.12713
1413393982.305760145 -1.85298 0.47204 0.43611 0.55763 0.25892 -0.77389 0.15203
1413393982.405760527 -1.97603 0.4102 0.42983 0.54628 0.29408 -0.76391 0.17758
1413393982.505760431 -2.09072 0.34397 0.42487 0.53235 0.33389 -0.75074 0.20375
1413393982.605760574 -2.19686 0.27247 0.42246 0.51746 0.37669 -0.73236 0.23235
1413393982.705760479 -2.29771 0.19371 0.4199 0.50343 0.42284 -0.70735 0.25966
1413393982.805760145 -2.39193 0.10894 0.41769 -0.48966 -0.47097 0.67567 -0.28617
1413393982.905760527 -2.4774 0.01909 0.41585 -0.4757 -0.51749 0.63918 -0.31204
1413393983.005760431 -2.55196 -0.07317 0.41127 -0.45669 -0.56011 0.6035 -0.3369
1413393983.105760574 -2.61391 -0.16779 0.40607 0.43712 0.6 -0.56528 0.35971
1413393983.205760479 -2.66063 -0.26352 0.40103 0.41856 0.63768 -0.52441 0.37838
1413393983.305760145 -2.69115 -0.35894 0.39522 0.3996 0.67128 -0.48218 0.3965
1413393983.405760527 -2.70174 -0.45131 0.39069 0.38256 0.69931 -0.43742 0.41627
1413393983.505760431 -2.69261 -0.53844 0.38935 0.364 0.72093 -0.39321 0.43949
1413393983.605760574 -2.66394 -0.61795 0.39195 0.34428 0.73856 -0.349 0.46282
1413393983.705760479 -2.61869 -0.68623 0.39762 0.32172 0.753 -0.30728 0.48483
1413393983.805760145 -2.55905 -0.74405 0.40499 0.2944 0.76581 -0.27091 0.50345
1413393983.905760527 -2.48679 -0.78624 0.41633 0.26575 0.77609 -0.23772 0.52014
1413393984.005760431 -2.40168 -0.81392 0.43013 0.24295 0.78457 -0.2021 0.53346
1413393984.105760574 -2.30635 -0.82373 0.44536 0.22183 0.79139 -0.16447 0.54539
1413393984.205760479 -2.20224 -0.81588 0.46311 0.20032 0.79674 -0.12612 0.55604
1413393984.305760145 -2.09249 -0.78894 0.48337 0.17554 0.80041 -0.09146 0.56583
1413393984.405760527 -1.9805 -0.7429 0.50675 0.1499 0.80165 -0.06279 0.57528
1413393984.505760431 -1.8681 -0.67912 0.53222 0.12953 0.80106 -0.03709 0.58322
1413393984.605760574 -1.75853 -0.59769 0.55677 0.11036 0.80013 -0.01638 0.58937
1413393984.705760479 -1.6523 -0.50298 0.57325 0.07729 0.80371 -0.01381 0.58982
1413393984.805760145 -1.54696 -0.40054 0.57876 0.04774 0.80582 -0.01977 0.5899
1413393984.905760527 -1.44287 -0.29597 0.5717 0.02065 0.81192 -0.03807 0.58216
1413393985.005760431 -1.34203 -0.1941 0.55536 0.0053 0.8167 -0.0656 0.57329
1413393985.105760574 -1.24165 -0.10077 0.53181 0.01381 0.81655 -0.09085 0.56992
1413393985.205760479 -1.14026 -0.01744 0.50306 0.04183 0.80977 -0.11121 0.57459
1413393985.305760145 -1.04254 0.05956 0.46855 0.07611 0.80161 -0.13215 0.57807
1413393985.405760527 -0.94834 0.13437 0.43486 0.11141 0.79424 -0.15502 0.57684
1413393985.505760431 -0.85598 0.21034 0.40301 0.14172 0.78623 -0.1826 0.57307
1413393985.605760574 -0.76459 0.29018 0.37272 0.16046 0.78013 -0.21712 0.56437
1413393985.705760479 -0.6762 0.37116 0.34284 0.16863 0.77754 -0.25654 0.5488
1413393985.805760145 -0.58952 0.45116 0.31604 0.17615 0.77466 -0.29444 0.53121
1413393985.905760527 -0.50264 0.52397 0.29552 0.1826 0.76797 -0.33103 0.517
1413393986.005760431 -0.41407 0.58413 0.28383 0.19213 0.75686 -0.36461 0.50726
1413393986.105760574 -0.32572 0.6322 0.27783 0.20352 0.74216 -0.39565 0.50124
1413393986.205760479 -0.24064 0.66852 0.27774 0.21227 0.7232 -0.42743 0.49922
1413393986.305760145 -0.15992 0.69198 0.28046 0.22052 0.70053 -0.46036 0.4987
1413393986.405760527 -0.08462 0.70789 0.28357 0.2326 0.6771 -0.49126 0.49608
1413393986.505760431 -0.02224 0.70649 0.29085 0.25258 0.65693 -0.51559 0.48868
1413393986.605760574 0.0294 0.69694 0.30236 0.29581 0.64252 -0.52355 0.47493
1413393986.705760479 0.07338 0.67531 0.31661 0.34263 0.62887 -0.52594 0.45883
1413393986.805760145 0.11499 0.64956 0.33271 0.38397 0.61122 -0.52913 0.4461
1413393986.905760527 0.15798 0.6274 0.34816 0.41637 0.59491 -0.53285 0.4345
1413393987.005760431 0.20778 0.60982 0.35792 0.4261 0.58496 -0.54545 0.42279
1413393987.105760574 0.26357 0.5972 0.35761 0.42603 0.57985 -0.55897 0.4121
1413393987.205760479 0.31648 0.58384 0.34872 0.42396 0.57676 -0.56871 0.40518
1413393987.305760145 0.37312 0.56492 0.33866 0.421 0.57627 -0.57526 0.39969
1413393987.405760527 0.43556 0.54918 0.34115 -0.41853 -0.57678 0.57838 -0.39703
1413393987.505760431 0.50036 0.5283 0.33949 -0.41689 -0.57685 0.57921 -0.39744
1413393987.605760574 0.56865 0.51041 0.34861 -0.42189 -0.57471 0.57838 -0.39647
1413393987.705760479 0.63955 0.48763 0.35102 -0.42776 -0.56913 0.58143 -0.39377
1413393987.805760145 0.71307 0.46814 0.35962 -0.4308 -0.56078 0.58845 -0.392
1413393987.905760527 0.78826 0.44794 0.35944 -0.42871 -0.55293 0.59718 -0.39225
1413393988.005760431 0.86525 0.42922 0.34994 -0.42894 -0.54723 0.60237 -0.39205
1413393988.105760574 0.94155 0.40917 0.32615 -0.43167 -0.54347 0.60488 -0.39042
1413393988.205760479 1.01749 0.39028 0.2916 -0.43963 -0.54119 0.60263 -0.38817
1413393988.305760145 1.09135 0.3745 0.24826 -0.44817 -0.5404 0.59863 -0.38569
1413393988.405760527 1.16815 0.36102 0.20554 -0.4569 -0.54193 0.5934 -0.38134
1413393988.505760431 1.24549 0.35416 0.16444 -0.46721 -0.5502 0.58682 -0.36693
1413393988.605760574 1.33741 0.34408 0.12802 -0.47728 -0.55743 0.57993 -0.35378
1413393988.705760479 1.44121 0.33804 0.09384 -0.47156 -0.55381 0.58609 -0.35697
1413393988.805760145 1.55753 0.33127 0.06323 -0.45304 -0.54171 0.60452 -0.3686
1413393988.905760527 1.67662 0.32173 0.0421 -0.42264 -0.52339 0.63566 -0.37866
1413393989.005760431 1.7855 0.30739 0.04006 -0.39837 -0.50296 0.6652 -0.38188
1413393989.105760574 1.88013 0.28825 0.05552 -0.3777 -0.48446 0.69127 -0.38051
1413393989.205760479 1.95094 0.26134 0.09023 -0.36397 -0.47199 0.71132 -0.37252
1413393989.305760145 1.99308 0.22249 0.14548 -0.38544 -0.47353 0.70824 -0.35441
1413393989.405760527 2.02342 0.17304 0.20976 -0.44004 -0.47667 0.68072 -0.34025
1413393989.505760431 2.05086 0.11785 0.2691 -0.48682 -0.47277 0.65287 -0.33653
1413393989.605760574 2.0824 0.06515 0.31248 0.50914 0.4683 -0.63893 0.33651
1413393989.705760479 2.1195 0.01777 0.3401 0.51285 0.46667 -0.63915 0.33272
1413393989.805760145 2.16313 -0.02665 0.35362 0.50863 0.46047 -0.64881 0.3291
1413393989.905760527 2.21175 -0.06814 0.35696 0.50264 0.44302 -0.66338 0.33318
1413393990.005760431 2.25932 -0.10409 0.34959 -0.49968 -0.41563 0.67944 -0.34048
1413393990.105760574 2.30396 -0.13041 0.33453 0.50713 0.38736 -0.69351 0.3344
1413393990.205760479 2.34553 -0.14757 0.31094 0.51805 0.3579 -0.70848 0.31873
1413393990.305760145 2.38666 -0.15574 0.27942 0.5245 0.32667 -0.72738 0.29851
1413393990.405760527 2.42354 -0.15132 0.24571 0.52537 0.29359 -0.749 0.27711
1413393990.505760431 2.45481 -0.13719 0.21624 0.52415 0.25697 -0.76916 0.26004
1413393990.605760574 2.47832 -0.11526 0.19107 0.512 0.22562 -0.7932 0.24037
1413393990.705760479 2.49041 -0.08581 0.1677 -0.48567 -0.21184 0.8228 -0.20555
1413393990.805760145 2.48462 -0.05342 0.15254 -0.46519 -0.21874 0.84331 -0.15678
1413393990.905760527 2.45791 -0.03194 0.145 -0.45602 -0.22963 0.85189 -0.11661
1413393991.005760431 2.40955 -0.03005 0.14874 -0.4832 -0.24031 0.83673 -0.09299
1413393991.105760574 2.34633 -0.04995 0.16034 0.5341 0.2424 -0.8047 0.0919
1413393991.205760479 2.28358 -0.08508 0.17575 0.59121 0.23282 -0.76403 0.11191
1413393991.305760145 2.23279 -0.12646 0.18993 0.63955 0.21999 -0.72358 0.13784
1413393991.405760527 2.20248 -0.16577 0.19889 0.65637 0.20627 -0.70629 0.16667
1413393991.505760431 2.19273 -0.1988 0.19975 0.62789 0.19979 -0.72866 0.18681
1413393991.605760574 2.19933 -0.22157 0.19975 0.58243 0.19301 -0.76236 0.20573
1413393991.705760479 2.21072 -0.23229 0.20323 0.53511 0.18904 -0.79474 0.2152
1413393991.805760145 2.21388 -0.23064 0.21604 0.50768 0.18883 -0.81315 0.21306
1413393991.905760527 2.20041 -0.22142 0.24332 0.52615 0.19814 -0.80339 0.19614
1413393992.005760431 2.17801 -0.20716 0.27947 0.57344 0.21075 -0.7718 0.17628
1413393992.105760574 2.15791 -0.19027 0.31169 0.60891 0.21708 -0.74468 0.16602
1413393992.205760479 2.14952 -0.1708 0.33213 0.60224 0.22265 -0.75033 0.15728
1413393992.305760145 2.15281 -0.15032 0.34704 0.56865 0.22795 -0.77642 0.14781
1413393992.405760527 2.15953 -0.13379 0.36055 0.53025 0.21683 -0.80377 0.16053
1413393992.505760431 2.15875 -0.11757 0.37284 0.51064 0.20097 -0.8164 0.17983
1413393992.605760574 2.14678 -0.10053 0.38161 0.52351 0.19326 -0.80798 0.18911
1413393992.705760479 2.12605 -0.08009 0.38847 0.56607 0.19851 -0.77909 0.18216
1413393992.805760145 2.10627 -0.05517 0.39199 0.60829 0.20671 -0.74683 0.17176
1413393992.905760527 2.09852 -0.02566 0.39238 0.62215 0.21531 -0.73535 0.16072
1413393993.005760431 2.10624 0.00652 0.38898 0.60193 0.22338 -0.75218 0.14837
1413393993.105760574 2.12547 0.0381 0.38604 0.57407 0.22883 -0.77379 0.13904
1413393993.205760479 2.15211 0.06471 0.38315 0.53552 0.22768 -0.80144 0.13811
1413393993.305760145 2.17587 0.08462 0.3802 -0.49061 -0.22732 0.83055 -0.13348
1413393993.405760527 2.18232 0.09407 0.38613 -0.46567 -0.23142 0.84509 -0.12418
1413393993.505760431 2.16761 0.08609 0.40108 -0.47355 -0.23709 0.84011 -0.11725
1413393993.605760574 2.13439 0.06054 0.42607 0.51467 0.23503 -0.81524 0.12352
1413393993.705760479 2.09483 0.02547 0.45734 0.56998 0.22864 -0.77736 0.13625
1413393993.805760145 2.06024 -0.01138 0.479 0.61708 0.22162 -0.74051 0.14744
1413393993.905760527 2.03786 -0.04586 0.47671 0.64747 0.21577 -0.71437 0.15459
1413393994.005760431 2.03495 -0.07501 0.4572 0.66788 0.20851 -0.69553 0.16341
1413393994.105760574 2.05986 -0.09429 0.4423 0.67171 0.19736 -0.69107 0.17965
1413393994.205760479 2.11826 -0.09698 0.44312 0.66017 0.18688 -0.70022 0.19735
1413393994.305760145 2.2 -0.08316 0.45994 0.63036 0.18241 -0.72552 0.20734
1413393994.405760527 2.29501 -0.05374 0.48647 0.58338 0.18981 -0.76444 0.19817
1413393994.505760431 2.39277 -0.01478 0.49563 0.52272 0.20088 -0.80863 0.18036
1413393994.605760574 2.48383 0.02607 0.48409 -0.46475 -0.20917 0.84524 -0.1607
1413393994.705760479 2.5573 0.06202 0.45466 -0.4197 -0.21177 0.87085 -0.14363
1413393994.805760145 2.59756 0.08444 0.4244 -0.41044 -0.21814 0.87669 -0.12399
1413393994.905760527 2.60365 0.08817 0.4082 -0.45259 -0.22306 0.85573 -0.11462
1413393995.005760431 2.59219 0.07725 0.39484 -0.49974 -0.21632 0.83005 -0.12033
1413393995.105760574 2.5789 0.05818 0.37469 0.53396 0.19914 -0.8102 0.13717
1413393995.205760479 2.56056 0.04206 0.34629 0.54752 0.18832 -0.79813 0.16656
1413393995.305760145 2.53881 0.02524 0.31112 0.54727 0.18757 -0.79177 0.19597
1413393995.405760527 2.51016 0.01315 0.27832 0.54098 0.20076 -0.78626 0.221
1413393995.505760431 2.47411 0.01001 0.2506 0.53485 0.22545 -0.77784 0.24098
1413393995.605760574 2.43284 0.01488 0.2288 0.53264 0.25872 -0.76394 0.25643
1413393995.705760479 2.39234 0.02763 0.21021 0.53461 0.29985 -0.74278 0.26938
1413393995.805760145 2.34849 0.04384 0.19336 0.5364 0.34207 -0.71678 0.28546
1413393995.905760527 2.30719 0.06591 0.17926 0.53186 0.37903 -0.69109 0.30961
1413393996.005760431 2.26986 0.09569 0.16383 0.52469 0.41125 -0.66663 0.33344
1413393996.105760574 2.23497 0.13441 0.1488 0.51615 0.43448 -0.6482 0.35307
1413393996.205760479 2.20224 0.18148 0.13276 0.50185 0.44718 -0.6402 0.37192
1413393996.305760145 2.16832 0.23753 0.11279 -0.48089 -0.46228 0.6435 -0.37543
1413393996.405760527 2.13331 0.30041 0.08924 -0.46666 -0.47734 0.64692 -0.3686
1413393996.505760431 2.09717 0.36665 0.05626 -0.45649 -0.48842 0.65061 -0.36024
1413393996.605760574 2.05865 0.4319 0.01289 -0.44794 -0.49611 0.6558 -0.35092
1413393996.705760479 2.02125 0.494 -0.02998 -0.44099 -0.5032 0.65765 -0.34614
1413393996.805760145 1.98425 0.54905 -0.06718 -0.43892 -0.51079 0.65294 -0.34656
1413393996.905760527 1.94827 0.59716 -0.09817 -0.43872 -0.52082 0.64344 -0.34964
1413393997.005760431 1.9187 0.63941 -0.12494 -0.43602 -0.53283 0.63358 -0.35291
1413393997.105760574 1.88585 0.67564 -0.14645 -0.43168 -0.54281 0.62608 -0.35642
1413393997.205760479 1.85886 0.70426 -0.16414 -0.43084 -0.54734 0.61904 -0.36276
1413393997.305760145 1.82824 0.72539 -0.17771 -0.43315 -0.54948 0.61089 -0.3705
1413393997.405760527 1.80507 0.74421 -0.19803 -0.43497 -0.5505 0.60493 -0.37659
1413393997.505760431 1.78153 0.76036 -0.2356 -0.43502 -0.55163 0.60178 -0.37989
1413393997.605760574 1.76414 0.77783 -0.27931 -0.43679 -0.55118 0.5986 -0.38354
1413393997.705760479 1.75057 0.79378 -0.31858 -0.43809 -0.55039 0.59704 -0.38561
1413393997.805760145 1.7406 0.80908 -0.35068 -0.43703 -0.55139 0.59819 -0.38359
1413393997.905760527 1.73446 0.82446 -0.37607 -0.43597 -0.55234 0.59988 -0.38078
1413393998.005760431 1.73147 0.83848 -0.39802 -0.43599 -0.55253 0.60143 -0.37802
1413393998.105760574 1.73121 0.85019 -0.41767 -0.43591 -0.55247 0.60356 -0.3748
1413393998.205760479 1.73884 0.85944 -0.43308 -0.43846 -0.54993 0.60525 -0.37282
1413393998.305760145 1.751 0.86648 -0.44478 -0.44076 -0.54621 0.6073 -0.37226
1413393998.405760527 1.76824 0.87134 -0.45224 -0.43909 -0.54405 0.61152 -0.37048
1413393998.505760431 1.78941 0.87426 -0.45465 -0.43074 -0.54009 0.62031 -0.37145
1413393998.605760574 1.8125 0.87429 -0.45374 -0.42427 -0.5318 0.62706 -0.37945
1413393998.705760479 1.83504 0.87197 -0.45558 -0.41932 -0.52135 0.63144 -0.39199
1413393998.805760145 1.85304 0.86814 -0.46019 -0.41583 -0.5142 0.6335 -0.4017
1413393998.905760527 1.86556 0.86551 -0.46715 -0.41812 -0.51473 0.63152 -0.40177
1413393999.005760431 1.87216 0.86297 -0.47585 -0.42964 -0.5217 0.62346 -0.39311
1413393999.105760574 1.87547 0.86046 -0.4872 -0.44272 -0.53015 0.61418 -0.38174
1413393999.205760479 1.87993 0.85859 -0.50211 -0.44399 -0.53839 0.61344 -0.36974
1413393999.305760145 1.88736 0.8534 -0.51916 -0.43502 -0.54008 0.61996 -0.36703
1413393999.405760527 1.89735 0.84542 -0.53464 -0.42262 -0.53383 0.62892 -0.37533
1413393999.505760431 1.9063 0.83481 -0.54872 -0.41526 -0.5285 0.63438 -0.38185
1413393999.605760574 1.91188 0.8205 -0.5609 -0.41243 -0.52154 0.63694 -0.39014
1413393999.705760479 1.91284 0.80363 -0.57279 -0.41179 -0.51699 0.63744 -0.39601
1413393999.805760145 1.90773 0.78727 -0.59005 -0.41138 -0.51437 0.63716 -0.40027
1413393999.905760527 1.89703 0.77099 -0.61585 -0.40961 -0.51365 0.63749 -0.40248
1413394000.005760431 1.88069 0.75448 -0.64575 -0.42249 -0.51924 0.62851 -0.39607
1413394000.105760574 1.87893 0.75037 -0.64478 -0.43513 -0.5225 0.62132 -0.38938
1413394000.205760479 1.88215 0.75336 -0.63042 -0.45724 -0.52526 0.60865 -0.38024
1413394000.305760145 1.88589 0.75864 -0.64827 -0.46326 -0.52538 0.61062 -0.36948
1413394000.405760527 1.87798 0.76188 -0.6484 -0.45422 -0.51284 0.61816 -0.38543
1413394000.505760431 1.87919 0.75978 -0.6545 -0.4511 -0.51513 0.62063 -0.38206
1413394000.605760574 1.87795 0.76018 -0.65217 -0.45148 -0.51125 0.62016 -0.38755
1413394000.705760479 1.87835 0.75974 -0.65349 -0.45128 -0.51282 0.62025 -0.38556
1413394000.805760145 1.87817 0.76001 -0.65384 -0.45209 -0.51237 0.61957 -0.3863
1413394000.905760527 1.87787 0.75991 -0.65415 -0.45164 -0.51271 0.61993 -0.3858
1413394001.005760431 1.878 0.76001 -0.65416 -0.45199 -0.51263 0.61963 -0.38597
1413394001.105760574 1.87798 0.75989 -0.65425 -0.45164 -0.5128 0.61989 -0.38573
1413394001.205760479 1.87785 0.76001 -0.65426 -0.45182 -0.51267 0.61979 -0.38587
1413394001.305760145 1.87783 0.75997 -0.65432 -0.45179 -0.51278 0.61968 -0.38592
1413394001.405760527 1.87785 0.75997 -0.65435 -0.45179 -0.51282 0.61963 -0.38595
1413394001.505760431 1.8778 0.76 -0.65438 -0.45188 -0.51274 0.61963 -0.38594
1413394001.605760574 1.87776 0.76001 -0.65443 -0.45171 -0.51278 0.61974 -0.38592
1413394001.705760479 1.87776 0.76004 -0.65446 -0.45162 -0.51283 0.61971 -0.38601
1413394001.805760145 1.87774 0.76003 -0.65451 -0.45154 -0.51284 0.61969 -0.38613
1413394001.905760527 1.87771 0.76003 -0.65456 -0.45142 -0.51282 0.61974 -0.38621
1413394002.005760431 1.87766 0.75996 -0.65466 -0.45144 -0.51273 0.61976 -0.38627
1413394002.105760574 1.87765 0.76 -0.65467 -0.45157 -0.51264 0.61974 -0.38628
1413394002.205760479 1.87761 0.75998 -0.65471 -0.45145 -0.51265 0.61979 -0.38633
1413394002.305760145 1.8776 0.75997 -0.65474 -0.45147 -0.51266 0.61972 -0.3864
1413394002.405760527 1.87759 0.76 -0.65477 -0.45147 -0.51261 0.61972 -0.38647
1413394002.505760431 1.87758 0.75999 -0.65479 -0.45141 -0.51262 0.61972 -0.38651
1413394002.605760574 1.87757 0.76001 -0.6548 -0.45138 -0.51258 0.61974 -0.38657
1413394002.705760479 1.87756 0.76001 -0.6548 -0.45134 -0.51256 0.61977 -0.3866
1413394002.805760145 1.87753 0.76002 -0.6548 -0.45133 -0.51254 0.61976 -0.38667
1413394002.905760527 1.87752 0.75998 -0.65482 -0.45122 -0.51264 0.61983 -0.38654
1413394003.005760431 1.8775 0.75998 -0.65485 -0.45114 -0.51262 0.61988 -0.38657
1413394003.105760574 1.8775 0.75998 -0.65487 -0.45116 -0.51261 0.61985 -0.38662
1413394003.205760479 1.87748 0.75998 -0.65488 -0.45115 -0.51258 0.61984 -0.38668
1413394003.305760145 1.87746 0.75998 -0.65489 -0.45106 -0.51259 0.61987 -0.38671
