0 -0.000186527692858079  0.000272094393897442 -5.31501784209074e-05 -0.809158563060192 -0.0184765474278049 -2.18755281305704e-05 0.587299784218396
0 -0.00973353338185958 -0.00481343596241038   0.0809478783159205 -0.828271765181329 -0.0177046207260813 -0.0061842987055668 0.56001266401562
0 -0.0309832754111107  0.0160850467409078   0.118740135871014 -0.823072666961679 -0.0174833507539347 -0.00452841235976104 0.567648844646498
0 -0.0695312356954284  0.0631263488344636   0.169356128265329 -0.823009961754932 -0.0210898345491116 -0.00295435267850854 0.567627601100481
0 -0.112721373107872  0.119129405647676  0.184496016779925 -0.817113782957732 -0.0125989890298016 0.0116458456625384 0.576221056066798
0 -0.155641183185401  0.191524135888583  0.194477137846721 -0.806364823276302 -0.00534734809143088 0.0250200196857872 0.590864769863537
0 -0.170668723233382  0.228788414410758  0.212115836062119 -0.769182998386538 -0.0106585192527007 0.0158144676488985 0.638743934275244
0 -0.191963375984359  0.204006084189579  0.246889910292087 -0.808027279419939 -0.0157098326021157 0.00474598514643338 0.588916456297338
0 -0.200049614398756  0.173773735415682  0.259532411213505 -0.854686468367109 -0.0139730197539007 0.00494153210526442 0.518932921262053
0 -0.211751716134799  0.161517691041468  0.269691503913759 -0.885895727358389 -0.00872159210524594 0.00783710448295468 0.463736211517523
0 -0.222574810993856  0.198857109849619  0.272182209183384 -0.849829807450527 0.00710733068735952 0.0228126412764143 0.52651530615652
0 -0.225120060467163  0.244962799446799  0.265409160198815 -0.798166548170436 0.0172970051833807 0.035193473686972 0.601159208865025
0 -0.220262691651611  0.284769819350722  0.254317210269892 -0.751020938599517 0.0149137657809514 0.0345423436418767 0.659205549029328
0 -0.187183843472475  0.286035972458638  0.223014806162467 -0.799594969737263 -0.0108572029313478 0.0126302714314559 0.600308655408983
0 -0.17124732587209 0.265836945059238 0.212443081451968 -0.852037530016725 -0.0168136934239967 0.00619722738562712 0.523173911361387
0 -0.131592892516387  0.358552261724368  0.212107874052449 -0.833994411743659 -0.0268970415952815 -0.00576498183196062 0.551086776577198
0 -0.128749529483548  0.464081263183875    0.2224271809643 -0.809723688570483 -0.0323008674267307 -0.00740493122794473 0.585874874973148
0 -0.138073675002348   0.54307767725601  0.253623824861742 -0.777072482955602 -0.0373503656769402 -0.0060638724597519 0.628272660449113
0 -0.153601706298541  0.585710565164278  0.278841430369653 -0.766177284083606 -0.0545293610197457 0.00596196746930382 0.640283822288946
0 -0.182521271402266  0.617372816071211  0.301955787758944 -0.762427322438465 -0.0959576342463837 0.0398491447264042 0.638677348974992
0 -0.217785997606558  0.624292709707831  0.301749767069301 -0.761835995035719 -0.148941076040293 0.0859828448440624 0.624523356591583
0 -0.244568869449664   0.61444181523667  0.303638378107127 -0.766695099005753 -0.197681788101002 0.123652122120005 0.598172791515101
0 -0.273070750133662  0.595985184532309  0.310102131978835 -0.763618341062319 -0.248798579959829 0.161379566492524 0.573535466489989
0 -0.301387446432779  0.574334695959839  0.317725731126514 -0.760659197838186 -0.298834409032686 0.186670484171873 0.545206117960255
0 -0.344358240337255  0.547156016907703  0.331133108234488 -0.740451347387247 -0.36026894892321 0.211041814740437 0.526687230740635
0 -0.369060640722068  0.534372793324315   0.34014608122784 -0.727041323215762 -0.376803510086624 0.226216516811466 0.527499873596916
0 -0.423657069824847  0.506997511166292   0.35681829452821 -0.696583497940981 -0.402432304271582 0.23004280177271 0.547631244751005
0 -0.483985197634355  0.467555882664447  0.357640132139736 -0.673983579600687 -0.415375633195248 0.212350308292621 0.572814598578214
0 -0.551717912734427  0.401662835971965  0.350563682510391 -0.671358010359525 -0.406078367595431 0.213963216404749 0.581892192182422
0 -0.606081073378763  0.329883227542128  0.342846919976207 -0.66481412464174 -0.40562346029832 0.237475739073594 0.580600604102256
0 -0.657885065296399  0.240722086483654  0.330868558936169 -0.664194267673487 -0.408999042150155 0.28657664402772 0.556272941466458
0 -0.688930498554726  0.176522544914793   0.32070376977219 -0.662428617363392 -0.420157946368426 0.314799229205623 0.534375403899765
0 -0.716290067100165  0.111215265797006  0.308808030496779 -0.658229013520612 -0.43712970528498 0.335377426116493 0.513005037566518
0 -0.739491601964308 0.0471078823179357  0.294819383450636 -0.650186392343221 -0.458752951751465 0.346153079239708 0.49697226301263
0  -0.759833526421423 -0.0155734106974736   0.279481601183252 -0.640666547073527 -0.477058323777723 0.359024760418197 0.482765939749202
0 -0.784982545206618 -0.105622672892185  0.254434786837263 -0.621208751350895 -0.501964224698094 0.365545973402626 0.47802483795032
0 -0.805347956476301 -0.193473108165286  0.231197871306644 -0.617432757186178 -0.516306776192974 0.36956411821312 0.464355968778318
0 -0.822768028281177 -0.277758099215515  0.210358685972452 -0.626139310813475 -0.515708285619423 0.377192347623655 0.446900951544811
0 -0.837941955889619 -0.355927313270562  0.193893221787524 -0.632400593789855 -0.512901249506278 0.376669734546697 0.441725829339488
0 -0.852475123134524 -0.425806303939889  0.182839194762992 -0.624877313573199 -0.518198592060997 0.356756558369729 0.462302195785105
0  -0.86644228484994 -0.494771493263152  0.181726328715415 -0.621189578155886 -0.524323072846079 0.3344007304527 0.476849006232014
0 -0.881156982640574 -0.568489871083968  0.197928033249809 -0.63095995803402 -0.516371563738499 0.337224486047083 0.470669295291551
0 -0.897547214473072 -0.644330212365239  0.225299890460155 -0.638191861815411 -0.509740147773226 0.345077218137999 0.462382788155927
0 -0.915030331090551 -0.718431701275422  0.244102720311813 -0.636969259433361 -0.508508183576806 0.349735875283614 0.461924677097833
0  -0.93347183425557 -0.789905462343383  0.250493673719016 -0.635374729263077 -0.510340599084748 0.351928770595468 0.460431934998925
0 -0.952912126345411 -0.859375421163308  0.246782332775695 -0.642861022358484 -0.501883650215088 0.368106572922337 0.446475148860893
0 -0.972615119276392 -0.921936141923118  0.240906251833589 -0.657809056258344 -0.484328343040143 0.394202786794653 0.421090803171745
0 -0.996555314865234 -0.981458614819266  0.226839356826091 -0.676782458358849 -0.458799409135317 0.424778279568192 0.388628382187823
0  -1.02312079739752 -0.967666948507942  0.175430690942119 -0.691255304780906 -0.417963513313863 0.465555246118446 0.361567307651262
0 -1.02167052465068 -0.89824835071121 0.159380810987051 -0.692305724457696 -0.41979597655536 0.46220131282786 0.361737568371381
0  -1.01635191668968 -0.830519470484108  0.151564947890421 -0.687113199843159 -0.432849672373289 0.446645875673966 0.375531720991805
0  -1.00853336946214 -0.748651226591962  0.145264018940482 -0.667567136576768 -0.463585110604804 0.410412179497508 0.413527273959449
0 -0.998927101093841 -0.659857252001728   0.14232344418788 -0.648465429463271 -0.485329087253385 0.382768021812463 0.444338728150704
0 -0.987962237424552 -0.569222804500656  0.141965298055109 -0.637313965613188 -0.497906394012092 0.366184032583973 0.460249265416913
0 -0.976737886105302 -0.479349162365294  0.144168334095001 -0.631184661150883 -0.503532949458395 0.359708171354992 0.467622201994326
0 -0.965355684003622    -0.391193778996  0.149029580806505 -0.626265637779935 -0.503208880045947 0.360985260517035 0.473562895155906
0 -0.952882707577164 -0.305346791917624   0.15607813031595 -0.620972990088027 -0.501701369328233 0.36454591078925 0.479368919019733
0 -0.938444109195107 -0.221478006459064  0.165276644663863 -0.615611982204655 -0.499955661660962 0.367060159203296 0.486140991138225
0 -0.921123008572268 -0.140231908135425  0.175224252894578 -0.615336695793584 -0.502685261109039 0.363811079906532 0.486117040650515
0  -0.901593374925038 -0.0625447435146479   0.186257258887087 -0.613207400945241 -0.508852993498443 0.357058734999806 0.487395500793754
0 -0.880710298043233 0.0110892881162096  0.198506863793367 -0.607040760902142 -0.516539839035507 0.348681693294609 0.493061036844045
0 -0.858712032285161 0.0792186915987896  0.211063601671178 -0.594303833918101 -0.529635102221464 0.337533278738605 0.502355349557535
0 -0.835928304456118  0.139469086135256  0.223706616729405 -0.579537669484663 -0.547487692540816 0.329534050772827 0.5057673630691
0 -0.801166999595217  0.211347679263735  0.244302479366109 -0.557114288279419 -0.579237345269192 0.328154404449972 0.496409563244404
0 -0.757198446056064   0.27264183841279  0.274926732044238 -0.547105455132483 -0.608697469939817 0.328817553315976 0.47121335686124
0 -0.704926755238335  0.281042233600308  0.330007040771527 -0.547096616028564 -0.637000141969332 0.30311201968343 0.450598729896764
0 -0.709266061298004  0.209434436708602  0.332087770373272 -0.558884792803758 -0.623433539260044 0.332456648497412 0.43410941865878
0 -0.730345826042287  0.121717251389896   0.31412435734461 -0.552785414083533 -0.627310069500986 0.372729740231879 0.402470996999587
0 -0.754111957056592 0.0468437305504519  0.299312005676535 -0.524283635305466 -0.651098449788872 0.394294959609713 0.381744630950834
0  -0.784568796499453 -0.0345840894332402   0.289685851159648 -0.486490926819097 -0.66935667573006 0.428640508793216 0.362705849139206
0  -0.807189588294245 -0.0913363464251497   0.289557836144337 -0.464005356886738 -0.678048285767898 0.453708732324437 0.345105689840342
0 -0.830160762583378 -0.148306993178102  0.296197687994908 -0.439026881416994 -0.684073294906303 0.479098243484375 0.331306501112623
0 -0.85233675337069 -0.20435077784416 0.304104954793744 -0.417762333886485 -0.689491581266026 0.500578681667417 0.31543141125941
0 -0.882821829244715 -0.284570581264662   0.30821290484231 -0.378312089875459 -0.701096061836652 0.520231613843288 0.307739082160858
0 -0.906469334676339 -0.360255852532411  0.302499599624147 -0.333059070398396 -0.725500750353371 0.516821353369864 0.309218378436655
0 -0.923602877446333  -0.46324036895891  0.289188347632591 -0.273281807814959 -0.749709105308842 0.514833184472576 0.313368956822832
0 -0.915874586342261 -0.549548590893744  0.292075504214747 -0.237410047586203 -0.766194811820993 0.5207383514779 0.292255964770249
0 -0.899938429050132  -0.61250428041997  0.304813073837908 -0.210416065109213 -0.773802629088437 0.530532891039123 0.274753384484066
0  -0.87578844927754 -0.678295346632735   0.32140266117637 -0.182752603320133 -0.778778477145869 0.543788534550104 0.253770761132808
0 -0.844184897805998 -0.744873423151308  0.336420689477899 -0.16085768212512 -0.778570960772327 0.564280548325875 0.222574769289871
0 -0.806647029150447 -0.810624345798139  0.348433657048346 -0.149133383802118 -0.775077762051347 0.586713900871694 0.181053845949557
0 -0.765254587786105  -0.87294070468324   0.35730574040709 -0.141570351007066 -0.769679877506358 0.607571719027311 0.135673608766527
0 -0.722691318926271 -0.929722587968911  0.362427037677891 -0.12984888709152 -0.760987334714791 0.627546432722849 0.101108939770917
0   -0.6796760094914 -0.978554229155181  0.361020076061133 -0.113346504201447 -0.764126906744384 0.630453472489115 0.0760990105125386
0 -0.636655217007918  -1.01848125326858  0.353815322293877 -0.0865903640768938 -0.778805587592206 0.618157781416134 0.0620074419636366
0 -0.594526272904916  -1.05283504225417  0.344813951772087 -0.0483672386380855 -0.789273816456236 0.609568028711134 0.0559845626611225
0 -0.529252334696803   -1.0941163696585   0.33770913217218 0.0160910412726441 -0.790782294788043 0.610578900811323 0.0399730724933195
0 -0.482564439038672  -1.11581934144635  0.336973969922197 0.0513820034741902 -0.789908806339779 0.610748874943804 0.0197428250441017
0 -0.433448048177304  -1.13241082489183    0.3392543626591 0.0820440050893842 -0.787978273607992 0.610211671498008 -0.000858788838032665
0 -0.381988715647912  -1.14452694491439  0.339485044780171 0.107799883193418 -0.781981835280683 0.613408998541284 -0.0247587354911323
0 -0.328799745034312  -1.15207144521736  0.336888283391453 0.132316178985501 -0.770077884512885 0.622472301309834 -0.0447293490325589
0 -0.275628201031481  -1.15400555171998  0.331955032272675 0.149663904788729 -0.75928936576789 0.629807221408632 -0.0665074318909101
0 -0.222203182732165  -1.14748485689414  0.328174417824761 0.148923761420704 -0.758149916038035 0.625902021215619 -0.106193587066417
0 -0.171989656196503  -1.13531986727494  0.325699794324113 0.139528284452969 -0.763558066007901 0.613691261745556 -0.144547476384172
0 -0.110017031475408  -1.10895750951495  0.323585556760762 0.123420632666199 -0.776949519362125 0.589292555774077 -0.183986617732091
0 -0.0684789034358605   -1.08034216240736   0.320309628698058 0.126562923727906 -0.790831840216972 0.571780858173094 -0.177858025018055
0 -0.0384439267864918   -1.04505214532017   0.302080917211578 0.115983840474441 -0.810443927257197 0.553336820515938 -0.153449511507998
0 -0.0295630256743968   -1.01788156126752   0.263198069469584 0.0871448724135141 -0.837731081981925 0.525932444692512 -0.118353154217299
0 -0.0349182548296076   -1.01225796530547   0.234938447492432 0.0678271824064115 -0.822524135820197 0.559045107186451 -0.0795115554553875
0 -0.0510734378444997   -1.01507798362902   0.232863842738304 0.0668079009140303 -0.812493354733579 0.577088548868537 -0.0485804451815919
0 -0.0761652902573611   -1.01497205119837   0.253494620462711 0.0621437732351143 -0.817213269604615 0.572867441133224 -0.0111138795975532
0 -0.0905007126003775   -1.01599999886017   0.250127734370781 -0.00277231285987654 -0.836317834967918 0.548216726422479 -0.00481809781985649
0 -0.110454692914133   -1.0275979796704  0.230276528212891 -0.0706850456065706 -0.846690916805333 0.525846956688626 0.0400386546758395
0 -0.130585506025134  -1.04922401587646   0.21335431309061 -0.12128807334597 -0.830449483349189 0.536444550827542 0.0887135996142844
0 -0.153377554847815  -1.07837359270378  0.200822289751267 -0.173896066347101 -0.803715589990922 0.553315690351636 0.132827539784645
0 -0.175456023368543  -1.10719081775446  0.192913111772238 -0.222976591996053 -0.776147209763648 0.562343463223045 0.177895411880806
0 -0.19571548769528  -1.1331046278139 0.190434685419123 -0.268398373649043 -0.7349686134869 0.582339824519337 0.220598683111394
0 -0.208695552434229  -1.14862170376322  0.190063675080797 -0.3183998237228 -0.704196865134049 0.585421942260823 0.24496831817244
0 -0.212070883657943  -1.15042701696879  0.183376404938383 -0.377681424154963 -0.728780509640057 0.522283317078562 0.231205206079948
0 -0.219130265113218  -1.14921422679406  0.179627109370206 -0.418760232740227 -0.767930255611204 0.439154081046906 0.205101640881076
0 -0.291223379520387  -1.17412965825074  0.195196338703287 -0.396907165751566 -0.759721260116308 0.449288494628847 0.251849473488615
0 -0.312872333102552  -1.18396357928233  0.201398389879699 -0.381864254854406 -0.742390249766126 0.478595909042857 0.271996992196824
0 -0.355675052745438  -1.20470118067621  0.215660461630165 -0.352641338641371 -0.699962998782089 0.541085076003288 0.304832457497103
0 -0.374551367724618  -1.21435502968874  0.222556944986869 -0.339648011365053 -0.68059949829095 0.566758241709699 0.316557493602667
0 -0.415263063477826  -1.23469970442913  0.243655161369096 -0.321408440423397 -0.63619887233747 0.624134174375022 0.320006471244475
0 -0.429244613794179  -1.22549239628309  0.271339419221291 -0.364210289834059 -0.654371929601073 0.604643468490644 0.271209362929754
0 -0.423441370547049  -1.19181552745874  0.283363602999419 -0.410188084050601 -0.702383420461979 0.523339098307982 0.254006800194833
0 -0.421901894298556  -1.16323199818435  0.285521018122456 -0.43502764967243 -0.73008693545646 0.458024518245137 0.260648328946468
0 -0.433075414798174  -1.12577514020158  0.286235704115867 -0.461895788429899 -0.732699783325098 0.408196328420211 0.288407811285229
0 -0.462713169254678  -1.10110626731911  0.285960161950962 -0.459238605678257 -0.678871595121816 0.44956841566804 0.355135889520025
0 -0.482976414269204  -1.08865823627946  0.284620098128356 -0.444752810038428 -0.629567936147139 0.494265066136009 0.401921878150369
0 -0.48980690322017 -1.08299432430941 0.283678419219466 -0.43590637917825 -0.607046255556345 0.513659979847603 0.421466365573445
0 -0.488267225589413  -1.06478305568955  0.282502477727395 -0.423959453255815 -0.557210843396646 0.558772423834337 0.444463537715445
0 -0.44955175160636 -1.03863549244131  0.27488561829784 -0.465632860101642 -0.59222686745916 0.518985656844016 0.403865404613048
0 -0.410341026570745  -1.01794257740741  0.269583183152777 -0.511820857732927 -0.626996953203889 0.473765130820891 0.347074676519097
0 -0.372186090311865 -0.994785319082942  0.263626618868344 -0.567435635464589 -0.636104504253381 0.442942772748454 0.277830090780984
0 -0.343967264731347  -0.96589606973155   0.25424724057182 -0.608977283667852 -0.632653729349105 0.415694686766513 0.236841411309941
0 -0.333027202344282 -0.908904240070675  0.238834326742185 -0.607877957716845 -0.630407469910314 0.391226413296915 0.282865169192152
0 -0.342385122793159 -0.865391230866206  0.228244466950644 -0.567708890047102 -0.616245874380708 0.407100885149876 0.363615879439322
0 -0.348568885036896 -0.844224073172474  0.221778601292035 -0.544832701205167 -0.605058495605621 0.420419832809843 0.400385700010738
0 -0.358836856785497 -0.804257996813961   0.20739810378474 -0.508756830283732 -0.582599962920887 0.446227657177714 0.450138477375484
0 -0.360944942544746 -0.766698535078567  0.189036434840856 -0.497730416305201 -0.577091943694655 0.453260195480196 0.462368377379586
0 -0.355059384649194 -0.732553015940446  0.166867212281907 -0.516958291062453 -0.600769839035817 0.426362678499446 0.435941042102536
0 -0.345362024661435 -0.701923006359418  0.144514345559146 -0.541369448168165 -0.632817375013948 0.384265621669689 0.398498710754954
0  -0.34120322974182 -0.688409850976203  0.134766014696041 -0.551868524365559 -0.645568206696941 0.366586506249097 0.379864654518891
0 -0.343381398241732 -0.656308111898372  0.118726263931371 -0.579585152729158 -0.663136405221156 0.340369802467159 0.329362348143727
0 -0.379384810985105 -0.632811329463252  0.127968209677443 -0.55245595074941 -0.652071078647034 0.374022492685477 0.360142896416133
0 -0.414515273665744 -0.621615970341833  0.146641804606252 -0.511767614318588 -0.624407791510969 0.424573505836157 0.409812343612354
0 -0.430972778573923 -0.617190064897199  0.157212958620931 -0.49403259486931 -0.610797702340819 0.446016417448146 0.428867482316617
0 -0.458813086241514 -0.610480205950617  0.180400116829599 -0.464067909752405 -0.582227332770432 0.486471253289376 0.457163021072491
0 -0.467734179889149 -0.607522640055657  0.192772129810198 -0.453686850805333 -0.567694919950703 0.506457016075143 0.464103447667401
0 -0.471246833791128 -0.594794046356038  0.239676535146039 -0.489281448741626 -0.58026004514911 0.503903838991038 0.412289782763219
0 -0.453025722271733  -0.57770748867872  0.265113395103298 -0.54593026594862 -0.619707250185056 0.432540460987707 0.36170681276123
0 -0.441811656951495 -0.556725132666141  0.285765581314443 -0.593369071904861 -0.610561150762882 0.394822683445543 0.34531619470093
0 -0.447842812273792 -0.529246231303991  0.303939664027189 -0.610390300100683 -0.559444383333975 0.413526052690294 0.378737200767829
0 -0.456377355900422 -0.505946513636233  0.317183957025259 -0.607120820698674 -0.526236676745938 0.432225802552784 0.409463215355374
0 -0.464331858402595 -0.463099256377536  0.341117349837077 -0.572313582884916 -0.489739036273729 0.452951479902744 0.476914872958502
0 -0.432507181990924 -0.391722758082955  0.363723169290277 -0.584139600406439 -0.524880977154417 0.396667619699159 0.475326925957949
0 -0.399184501186605 -0.354816381982186  0.368874192248757 -0.623667932867909 -0.561484070515889 0.347762997456216 0.418132569491358
0 -0.377251938950447 -0.320382553983138  0.366685600316936 -0.647949941133662 -0.581298926663719 0.320174638446932 0.373818983653678
0 -0.388090846195976 -0.271873211997413  0.360266323620161 -0.619875130789139 -0.570355150516659 0.349841579458495 0.40995206279546
0 -0.405198013341264 -0.248179877971459  0.357844056113715 -0.580866964886748 -0.5401021867841 0.398935174280793 0.460145546165389
0 -0.412653154238115 -0.237287587596753  0.355553781051412 -0.56395266216507 -0.524546923258129 0.421425689371538 0.478757045352949
0 -0.421836127412663 -0.206652937431331  0.348928840179729 -0.537361299129856 -0.491117286325012 0.469960487154027 0.499183118488776
0 -0.377796917181396 -0.153264780523871  0.323274840648928 -0.570882008207831 -0.527577278111478 0.437379162381378 0.452167465259988
0 -0.346154981728598 -0.128971851615844  0.309002339545387 -0.596225181479507 -0.565740243182684 0.384498820534818 0.420254883636895
0 -0.317291295370552 -0.104896525591485   0.29416240330305 -0.616621262422207 -0.587676518182772 0.344763137031212 0.394401962532916
0 -0.29092083405062 -0.07107982256458 0.269432798340978 -0.631066655120201 -0.59810544873997 0.317225696645212 0.378672162128299
0  -0.289357695719956 -0.0401712218205895   0.244725297835207 -0.617438448627694 -0.573950853884096 0.342158291529115 0.415063709591457
0   -0.29809926169404 -0.0214825907043311   0.230408674362533 -0.589581537140386 -0.53942165162698 0.383330452040403 0.463115166408639
0  -0.302024296687028 -0.0131766639543346   0.224488949010762 -0.574203285822118 -0.523641204702727 0.400688767849686 0.485323589584991
0 -0.268934844709687 0.0202859390849341  0.201543732345381 -0.611774271938991 -0.538652823480439 0.356701460900755 0.456453112314219
0 -0.246190837904268 0.0257163768171494  0.204512084348837 -0.649380553387753 -0.547805310762212 0.310544158493388 0.426352628710279
0 -0.246842725071773 0.0309100118580042  0.218596588444762 -0.683017313807274 -0.5124547070105 0.290780321721874 0.431653016671495
0 -0.270795206435533 0.0371166839732193  0.236868929636219 -0.691938453763882 -0.458571685803683 0.308713348745479 0.464358970504898
0 -0.290830473879133 0.0430478847011744  0.248831628675935 -0.696901526400662 -0.425501989808852 0.31668631355858 0.482686334977294
0 -0.341455467392725 0.0651978103777315  0.275368432746105 -0.70362442697452 -0.397988032840807 0.297419823567177 0.50799570867238
0 -0.412925882690111 0.0889196426758785   0.31538167174748 -0.676034628211158 -0.426431000348151 0.295251283589308 0.523412325934671
0 -0.454379585737393 0.0831117028055501  0.331166621968426 -0.629394679435478 -0.482468728025071 0.324082604152375 0.515806872445489
0 -0.491392609171851 0.0594556719969399  0.324830232355522 -0.575602762206749 -0.558228997643712 0.342614161833557 0.489568567660084
0 -0.518552846386677 0.0277988985227766  0.307154073217237 -0.552121195279226 -0.600614279277475 0.375574382923164 0.439736916966637
0  -0.548062478652601 -0.0118542537716144   0.281004411530074 -0.524729958297038 -0.62805346815763 0.415755853153895 0.396679193516673
0  -0.579355684359867 -0.0554702409863013   0.254495041236839 -0.478933426478382 -0.659354004683178 0.440771686462116 0.376291628824339
0 -0.619329134554257 -0.122377961919919  0.242971458032577 -0.409028680906925 -0.702136867780504 0.46212048306276 0.355167588939034
0  -0.64568822722579 -0.185123462176282  0.253162827096605 -0.368301014743116 -0.724415586257499 0.477720283139207 0.333706086255242
0 -0.666774654733315 -0.255884182014096  0.264298262333898 -0.352469323540295 -0.732335897188422 0.500189309728996 0.298764395611503
0 -0.690610489188627 -0.354093745807926  0.260989694961014 -0.326118897070343 -0.74328630666646 0.518748767863509 0.268461630658548
0 -0.705557399136437 -0.453669986327437  0.235790048198392 -0.270029616852688 -0.757307210536808 0.530861951949541 0.267871952364695
0 -0.704558457813477   -0.5339924950189  0.215525809582378 -0.21568526504122 -0.775003143712398 0.532465714478653 0.263306392981135
0  -0.68633189158849 -0.621339210600775  0.199638291590684 -0.162144956230247 -0.786976391881086 0.54149087885223 0.247315183340527
0 -0.663548438098035 -0.682635972603939  0.191788105476693 -0.128716182210389 -0.790982033927339 0.550955272316738 0.232868749186618
0 -0.629544503744241 -0.745510750111279  0.187241346450215 -0.10428724452162 -0.789303984351447 0.572119166520901 0.196984898447695
0   -0.5861091149412 -0.807361485894098  0.183951007652411 -0.0861999327325821 -0.785778164754846 0.595495044668827 0.143205793061162
0 -0.537904690439901 -0.864513717733596  0.181290188247667 -0.0588019703007842 -0.780263478650069 0.614984114908367 0.0976000542213578
0 -0.486855331090247 -0.914376600460326  0.179663944663391 -0.0237754277342428 -0.770552810787169 0.63380712672268 0.063020797674959
0 -0.435894367595553 -0.956011563742224  0.178443894215132 0.00948351996642189 -0.765591817380809 0.64235310209611 0.034084075990128
0 -0.382586364450069 -0.989143719125285  0.177980666222926 0.0367952623701505 -0.762563925656033 0.645831438103668 0.00664240258637436
0 -0.330429910484661  -1.01304880906147  0.177170830784166 0.0611028920692402 -0.77233726311552 0.632093594227464 -0.0148079951583356
0 -0.278773743940618  -1.02901262761836  0.176565607681144 0.0847663711773196 -0.789251596531912 0.607300427282253 -0.0329054814894077
0 -0.227418171146574  -1.04090299668554  0.177334856856805 0.0992310092140893 -0.801690330691079 0.585866433074023 -0.0648563264755517
0 -0.177910604507497  -1.05072216181411  0.175231417194376 0.104614516759151 -0.809645735185451 0.566771541726684 -0.110903588165656
0 -0.112764743038785  -1.06827224826673  0.164794123737854 0.10860841428266 -0.800124458427666 0.557395396305764 -0.193172036149079
0 -0.0803793741548241   -1.08155760843262   0.148726761863167 0.137672611779914 -0.794982357834761 0.5458835976716 -0.22596548517482
0 -0.0601311442998117   -1.09843362073236   0.127068998364319 0.183373281659068 -0.792530897894249 0.530842557638335 -0.237645101898841
0 -0.0483546335979606   -1.11858951230597  0.0988334480585683 0.235140043123873 -0.789587597033152 0.512654440004034 -0.241756099975298
0 -0.039163630453908  -1.17118199824933 0.0391759705509768 0.351555864110452 -0.76198208017521 0.49186164925625 -0.232085979525552
0 -0.0255060784000314   -1.23439135925502 -0.0122488509462075 0.437987174783984 -0.73037504647477 0.466593668118393 -0.238767407917296
0  0.0404872103381442   -1.34014534454955 -0.0739616472984642 0.485809879618514 -0.688990082615745 0.475522533827814 -0.251316029620414
0   0.119095835046038    -1.3978206439399 -0.0950480314227166 0.498782729161522 -0.666134647703611 0.50031846829699 -0.239085446022805
0   0.22011136700419  -1.42329683846967 -0.103452029339554 0.520064313573698 -0.649148053484383 0.501430287675147 -0.238133536081278
0  0.339909557228131  -1.41318786456251 -0.118607417929023 0.515190973536991 -0.657917097840326 0.457933916371322 -0.303347789496138
0  0.469521405456896  -1.39442582176687 -0.131326727964208 0.510041881142494 -0.669127599623098 0.396498366111024 -0.367307201909446
0  0.606452175358747  -1.39570126523835 -0.141812516821219 0.540293319514698 -0.637926605648624 0.38280790625692 -0.393180469505551
0  0.746676383092421   -1.4170674600059 -0.149263667954824 0.587591496923552 -0.581460622312807 0.402265435991293 -0.393474645243473
0    0.8845743266061  -1.43556748442073 -0.134035460974567 0.601108238884759 -0.531916783160827 0.418342026237632 -0.425115713682867
0  0.945936885178409  -1.43959311793091 -0.113001215199583 0.603722396899205 -0.515231994479376 0.409972014984312 -0.449419855232039
0   0.999505940960647   -1.44155252026172 -0.0835450408597139 0.609534735971587 -0.494783059474234 0.399724519351193 -0.473156885536734
0    1.04447162716274    -1.4432091294736 -0.0501748642572915 0.62136690053817 -0.465318435832375 0.396633812182062 -0.489962801877882
0   1.10494388281412  -1.44417309745987 0.0180852016628339 0.668235989039352 -0.404925680012628 0.390624703910673 -0.486732161782647
0    1.1197643260006  -1.43978681422361 0.0490436637042989 0.69679227726045 -0.396679168517508 0.35733777478587 -0.478994649579239
0   1.12882467395587  -1.43097708455781 0.0753895764052052 0.718405002008416 -0.395456744039274 0.313179301910643 -0.478985324971347
0  1.14400098219348 -1.40367524354677 0.113928163355803 0.753482235738874 -0.380192168969731 0.231765581846883 -0.483738720955038
0  1.16752255821047 -1.36715565104219 0.129500706350388 0.788879625423514 -0.323076003723923 0.176233959216238 -0.492171132867832
0  1.20741193103436 -1.31925897238727 0.120908440309641 0.814924664201553 -0.24456478720145 0.148622867119766 -0.503981249558152
0  1.25657099056387 -1.25305602237581 0.105719452521619 0.81974122777657 -0.166461057584088 0.150237627068672 -0.527013938339512
0   1.29518364586404  -1.16651500192535 0.0976746040834939 0.822533283543449 -0.117411913190399 0.166145880521929 -0.531082843339713
0   1.30873387032444  -1.06145189501489 0.0918197208969165 0.826552954005751 -0.123379785583339 0.150223351453221 -0.528223993597354
0   1.30421029911241 -0.937085163595439 0.0744558354583887 0.818460661621136 -0.159618263941198 0.122180529469051 -0.538252796940019
0   1.29694605946789 -0.803856960783071 0.0394890095899249 0.802638124063236 -0.21966166395335 0.0711311031362536 -0.549964691008536
0    1.31233047375052  -0.674043237992958 -0.0179967085236155 0.80032888588935 -0.259671093977275 0.0449711500730658 -0.538537086025524
0    1.36265021798747  -0.549518881446863 -0.0839568953991834 0.800468672016528 -0.212377936306634 0.13174115265365 -0.544784164589719
0   1.41377744436188 -0.423781680217919 -0.137294924360558 0.776803619060546 -0.177439427912418 0.145279204904273 -0.58650263380392
0   1.44993525834513 -0.313195368689659 -0.165520038560112 0.768605423401399 -0.141839210666285 0.0932083348002302 -0.616797817570142
0   1.48244409549635 -0.232088752388847 -0.169195460867267 0.80594624464366 -0.0730279677923245 0.0769109373453632 -0.582410743703757
0   1.50700309658788 -0.155763975614404 -0.133158259638029 0.821131539878897 -0.033271156676923 0.0654226914754174 -0.565999907941338
0    1.51927130506695 -0.0753276718591886 -0.0768581058703839 0.826613713513428 -0.0417652453299971 0.0238677753936424 -0.560710051819855
0    1.53128919979815  0.0114085710659399 -0.0219159421746962 0.837020786232085 -0.0429267711472892 0.0140625059569737 -0.545303348293866
0   1.54574164225978  0.111156070920706 0.0225220502856813 0.842097816404662 -0.0411559750002346 0.0190992148766278 -0.537412944875147
0  1.55828389330765 0.226867301550647 0.061106490982668 0.826782788366064 -0.0256316817826019 0.0454992446430458 -0.560092007162702
0  1.55793382271482 0.347499212960442 0.100248695372201 0.838659796548694 -0.0191219995491862 0.017224629562424 -0.544047246958003
0  1.55088235042888 0.478676396759383   0.1334798679646 0.832095800558405 0.0318249719852153 0.00101164633917248 -0.553717189929022
0  1.53240907934665 0.616922352596504 0.146710907095276 0.816575959484172 0.0906109264843823 -0.0254058763732249 -0.569515499209507
0  1.49974072459828 0.752696596520551  0.14451424419207 0.803322178230689 0.140565614428754 -0.0717802250005567 -0.574249410362638
0   1.4582758384147 0.881607980030323 0.146677550246692 0.796568200468489 0.179693269833617 -0.142851759673198 -0.559269886134742
0   1.4181215734057  1.00804133235582 0.152337576385597 0.777191327872359 0.234846432201124 -0.185643137479287 -0.553495635637038
0  1.38301506851349   1.1302341555546 0.160865797500437 0.749487879350495 0.306063859471143 -0.208625470383213 -0.548696861426881
0  1.36477505554429  1.18824863016716 0.167319666330553 0.726847340326475 0.339708333739405 -0.216651444990843 -0.556195418204524
0  1.33631136980158  1.26744886743547 0.179930927379985 0.691409505732127 0.381510583322275 -0.222081701552177 -0.571911084026217
0  1.28202870869848  1.35667392449555 0.204545018875664 0.673976571876731 0.434129582933324 -0.216335758957657 -0.557212639106152
0  1.20691074302939  1.38848371747088 0.222539895916262 0.670511410673077 0.452954934709401 -0.228451295318723 -0.541346728951788
0  1.16804528857888  1.38767239387879 0.221852588714018 0.672937183405462 0.450718433071965 -0.240321355118377 -0.535027183938856
0  1.10331260177473  1.37385943847836 0.215621152937567 0.684297514545708 0.435823764114609 -0.270315416498397 -0.518386085676341
0  1.03419204616894  1.35290646228722 0.209223101037215 0.694955308508103 0.421930411397226 -0.293266049601705 -0.502997883957364
0  0.96350134991441  1.33036308478928 0.203247728733516 0.692832263079006 0.428383384519732 -0.295737989721353 -0.499009190837018
0 0.892691842932467  1.30717094806628 0.197237017099322 0.684129667529208 0.447262593592112 -0.283027411771681 -0.501814960483899
0 0.790766930128742  1.26976888515445 0.194099971293638 0.689479117654171 0.452398292752504 -0.28578722231023 -0.488139318840072
0 0.707475485185228  1.23849795168548 0.194634407162306 0.689568827588375 0.456601331228043 -0.30011683081428 -0.475331404602268
0 0.648595636557758  1.21710813369783 0.196140306495044 0.682051709039371 0.46381089125178 -0.323996107301837 -0.463369664313451
0 0.557741398411681  1.18698042792561 0.200315152471203 0.667342696667224 0.475608133073571 -0.378711703878983 -0.430148897829888
0 0.468240602322109  1.16843290475332  0.20346846454774 0.64896322877394 0.492017408759047 -0.428360225030091 -0.391501104455026
0 0.381478916331051  1.17015907141158 0.194742203833168 0.619012166151812 0.522906092404973 -0.436805503149743 -0.390632959566781
0 0.296193310519488  1.18739503742494 0.178591094547952 0.58365397187788 0.559271849324003 -0.415866092799889 -0.416675452269797
0 0.185310314035435  1.21448584061321 0.179477982221814 0.571191977219932 0.579394490795089 -0.401137018176018 -0.420869150502548
0 0.0737031222235982   1.23646149229086  0.209870779321747 0.577433960071754 0.579730129427613 -0.402577516936044 -0.410383164429663
0 -0.011700993025004   1.25060404322765  0.239718098345152 0.572149944094072 0.582577635035715 -0.405216045083794 -0.411154104243157
0 -0.0986288480690569    1.26299852010953   0.259843263822922 0.568086219619275 0.585023405547364 -0.405851263841672 -0.412686822758569
0 -0.215661881487395   1.27689161016276   0.26934630458285 0.552182041519648 0.586562026989959 -0.406086757963079 -0.431431948890738
0 -0.328559024918826   1.28032234842165  0.270276900669049 0.529115119752276 0.57843626487533 -0.41389548182695 -0.462751777576109
0 -0.422564699516776   1.26628188796894  0.277212284320259 0.547063965357363 0.568012853639223 -0.427045783274947 -0.442396106329148
0 -0.519530633073286   1.24058034812109  0.290617704739815 0.56279942219297 0.564724025866916 -0.425700444577897 -0.427928401107127
0 -0.618776532991707   1.20683378753642  0.280625819053457 0.557602315984419 0.565508105639042 -0.417468834615766 -0.441588056665834
0 -0.681319077584839   1.16992145822292  0.266926901048151 0.557094148090021 0.546177312854412 -0.442564884169899 -0.442123033087704
0 -0.719561093081477   1.13447263852452  0.259064219905297 0.581756808347937 0.560885211919179 -0.422581449613285 -0.410355593886489
0 -0.765901695903201   1.10227649692126  0.229746964925448 0.562969113614746 0.556774368437669 -0.422087744158441 -0.441486144740581
0 -0.768664268227486   1.07913089674399  0.194795168679029 0.561875375010155 0.538394409505818 -0.446021954560169 -0.442144703485641
0 -0.753078081431306   1.06982165334124  0.174136436357261 0.605006540293364 0.564462493359233 -0.410330310997283 -0.383377380227115
0 -0.743114785304386   1.06689716950027  0.147024124518548 0.634723803870145 0.589527240497343 -0.366709538945452 -0.339274873161298
0 -0.765478501701869   1.07410283329428  0.111829156783289 0.599633732424707 0.585020211904772 -0.372993446923589 -0.398831577427579
0  -0.78604023100942    1.0771867891085 0.0999187565804662 0.573304245236985 0.565387157599419 -0.400349674974221 -0.43746970428012
0 -0.82304833736396  1.07526867242452 0.095824495475858 0.549870211452003 0.541161493312576 -0.426667503181702 -0.471955326744094
0 -0.81030028098421   1.0552936691133 0.137109537964743 0.567773957694193 0.548928387576011 -0.409886617145341 -0.456402584745772
0 -0.775002373099342   1.02327226407349  0.150376615302998 0.560588729861853 0.594180922129351 -0.373044596149788 -0.439917079701198
0 -0.750472719680542  0.974900689722728  0.149770138142337 0.525069376788709 0.628154145673262 -0.402473252307686 -0.409560496152992
0 -0.741286044397108   0.94332939142675  0.155718932251903 0.498662734767936 0.637142925467918 -0.439639018834499 -0.390002439220816
0 -0.730888641984812   0.90968735427452   0.16907008258829 0.47165763079009 0.644870360308475 -0.478062080403043 -0.364880727079153
0 -0.718797938436304  0.876036187501775  0.188236951278032 0.444528477357367 0.652200878540594 -0.514270807535278 -0.335490660624452
0 -0.705063662615602  0.845618281911151  0.208922524536598 0.4108715104989 0.662251140810628 -0.541616178573266 -0.315055460931986
0 -0.678918041359692  0.808942372686003  0.232891398878433 0.355556865975538 0.677397694907372 -0.571672188419881 -0.296483704407267
0 -0.628205150706577  0.779857331521919  0.245958315334995 0.296249837307907 0.710242185728978 -0.58175607801225 -0.263347559703461
0 -0.562108337711434  0.767294221371518  0.255698984267365 0.263594662941621 0.758931210484533 -0.556356363564137 -0.212152935739441
0 -0.494480851545234  0.756169920173292  0.257433090846302 0.228110900523149 0.786178891014192 -0.548054375449225 -0.171827151338704
0 -0.431641722561029   0.74142767616331  0.242054949218968 0.18156759137468 0.792717241858781 -0.56403535478484 -0.143166695760377
0 -0.372277644483202  0.726216912156189  0.204427807181156 0.139365661738495 0.795650199420074 -0.577522276558989 -0.118262388649608
0 -0.314161881832027  0.712627762383888    0.1621810519734 0.099721677565838 0.788517102375292 -0.599843819202534 -0.0921073224540044
0 -0.241505679160763  0.708833062415238   0.11771487352832 0.0610929095303497 0.800479935008558 -0.592676022244907 -0.0650742860872466
0 -0.196361502422821  0.712342400899386 0.0971275990460317 0.0304964068732469 0.803817616255872 -0.592669121626255 -0.0411159486733885
0 -0.137024629602512  0.720979978167458  0.062641983673248 -0.0194048003491575 0.798465356363604 -0.601717922556191 -0.00347420281700935
0 -0.107682081560703  0.728804757618525 0.0366499502853367 -0.0403124827180594 0.804968179589737 -0.591521666173135 0.022433279583
0 -0.0684324525304143    0.73948558509719 -0.0102682798162761 -0.068134170427321 0.809457111353114 -0.581763452850989 0.0410877673638848
0 -0.0216684434296729    0.75246147548424 -0.0598686349254153 -0.089363981432948 0.807287524727128 -0.580984114475852 0.0525203767038066
0  0.0499839867341897   0.772165131505802 -0.0740423416545799 -0.0824722327099554 0.796171052972967 -0.596438810076678 0.0597555945001689
0  0.0867896989426907   0.793782455450771 -0.0806628556674884 -0.0604812057493497 0.785291950516971 -0.614733296781144 0.0419708235914202
0  0.114753143756228   0.83510840521738 -0.118481511974365 -0.0526382136635304 0.798400699067043 -0.599433609848679 0.0215612980905724
0  0.158466300783722   0.92496020432335 -0.137782044772809 -0.0471874408326267 0.812082081779208 -0.581515065666962 0.0116733150031898
0  0.179134632445698  0.962147861796299 -0.156083859670881 -0.070438536776999 0.827675042530418 -0.556155929519402 0.0261346239574367
0  0.213688422957757    1.0052453612225 -0.185187777113878 -0.141287203244275 0.804846426281633 -0.5719479350025 0.0716639096580073
0 0.233132463523948  1.02643141724686 -0.19848719769022 -0.190977788704902 0.788077459999818 -0.576912357816528 0.0981505611812519
0  0.253801294876155   1.04904072167579 -0.210823224523927 -0.242367412566704 0.773492448197738 -0.572832620753786 0.121779548804963
0  0.275482771049924   1.07301515647737 -0.220734259283741 -0.281455204455035 0.764959999738559 -0.559483805816425 0.150323111045263
0  0.298491356166245   1.09793309417823 -0.228481822403517 -0.314224730957879 0.755609543883522 -0.547570101522042 0.174596734121016
0  0.322822811309063   1.12307195226299 -0.235165174937468 -0.344040544071011 0.746507176133203 -0.535874929425371 0.192876126128423
0  0.349447972284386    1.1491714003371 -0.241142580497656 -0.374892198617079 0.737014959926928 -0.521800344014652 0.209735998927585
0  0.378682382352945   1.17547564744627 -0.246883764412604 -0.406985340548982 0.725895805528882 -0.506323944338745 0.225996184664829
0  0.411325125499636   1.20169240454411 -0.252020297425852 -0.435782187954749 0.712232518156712 -0.493870061428441 0.242716062851615
0  0.448032362586855   1.22799174844767 -0.256860164026471 -0.453623434014579 0.706302223449591 -0.475428282039419 0.263307610790177
0  0.510555516487304   1.26277324020839 -0.262281355820939 -0.466064313483484 0.698305171033376 -0.461368949772599 0.286866930807555
0  0.605584902294614   1.29939173739502 -0.269082039447644 -0.469553750534559 0.689928381802592 -0.461763966418432 0.300486509946292
0  0.708329849930532   1.32675957595886 -0.271742313769937 -0.456823477112774 0.691834041931356 -0.466680324400372 0.308038056092232
0  0.813567607143799   1.34162201459633 -0.268577183671739 -0.424377481361983 0.717153913027571 -0.460259868084113 0.306194173970208
0  0.920720193466289    1.3354368944171 -0.242951757220782 -0.394005781239039 0.741032597703623 -0.454692756862237 0.298135255124002
0  0.974079421388138    1.3202046110018 -0.217989860756312 -0.385122321237608 0.742168446301387 -0.470602691206651 0.2817798822276
0   1.07967095649943    1.2751155072667 -0.154767578242751 -0.359748083504725 0.741996988480713 -0.507262289121085 0.250413169653409
0   1.18196385708419   1.22139077554837 -0.108922708954644 -0.323980689526921 0.764489994553203 -0.518969105431148 0.203132047323158
0    1.28538173359278    1.16118708632793 -0.0818912781926419 -0.244423266037057 0.796407383063907 -0.520908121396454 0.186137788437208
0    1.37909495405591    1.08611483118885 -0.0735059822882796 -0.139520031493465 0.812041068508883 -0.538650803040452 0.176007886899679
0   1.44933056981632  0.996933117758247 -0.086741920455647 -0.0825082444402421 0.817391490402259 -0.556702153194846 0.123070116785455
0    1.49768406012284   0.900823250648964 -0.0924388586594946 -0.0849637082365618 0.814054593664275 -0.572141374379287 0.0524455388013624
0    1.54201967087225   0.804062162029328 -0.0659286405689132 -0.0474767604842749 0.813429725790312 -0.576478855026309 0.0612386162659922
0    1.56969280274957   0.705638834025491 -0.0323588948923277 -0.00625912083019074 0.822486802442651 -0.565886857869002 0.0569942743198279
0    1.57971192251754   0.602695800322596 -0.0218024520047662 0.00335712714471441 0.835558578860811 -0.549383796942669 0.00283454516509951
0    1.58197404908919   0.488175353406247 -0.0289536944787018 0.0581276678516167 0.822905623750057 -0.564550208411212 -0.0270290734861445
0     1.5745311293676   0.370561248343795 -0.0492605267713052 0.116193968857117 0.807734590209312 -0.573243004290934 -0.0738664430721428
0    1.56273250942456   0.256119940966899 -0.0639335705826296 0.142488357937747 0.802009493657163 -0.561250861243318 -0.146544568952992
0    1.56465120933413   0.139053776288472 -0.0506960905966456 0.176135639255695 0.79632620824507 -0.559666863124782 -0.147016356117556
0    1.56902765430509  0.0490469965318733 -0.0290803405858061 0.21895567821684 0.798002916958105 -0.549331139918956 -0.116125166171254
0    1.55786406812724 -0.0682436020168694 0.00282819264575351 0.257238646802985 0.800300932242384 -0.532297857269038 -0.100028433906225
0    1.5159391956395  -0.18792183656004 0.0369543414610261 0.239886952986824 0.808972647200918 -0.519111892346922 -0.136162950509433
0   1.45491520213041 -0.318372243155866 0.0756550166817535 0.213855641309151 0.805690373375963 -0.519544985647203 -0.187621413539077
0   1.40956840470258 -0.427463109846144    0.1067172703713 0.232498824083254 0.789947005835816 -0.535775778369522 -0.186741372179459
0   1.36548828385547 -0.539542570159442   0.13983609818546 0.282147096333112 0.771387622820866 -0.553549120233207 -0.137613672571479
0   1.30870323983874 -0.642858007529107  0.175260978504945 0.328139065504855 0.753368397847875 -0.562564817518542 -0.091003499405548
0  1.22551498200948 -0.72795483074177  0.21465370750041 0.367250298216424 0.738074289070764 -0.56152736101631 -0.0711377895544503
0   1.10887038909775 -0.791765508022822  0.257073996727502 0.396712608955839 0.724661318348395 -0.555575422009027 -0.0939203388223715
0    1.0148315562476 -0.821999476269708  0.280850482690672 0.415395673426428 0.712308549713766 -0.551979202178939 -0.124023888284383
0 0.912486542316174 -0.84406063271364 0.295475249173105 0.435795172528485 0.696784121471895 -0.547402644824385 -0.157875900962671
0   0.80470634799479 -0.858560206693291  0.301157226115539 0.448546380518899 0.679517892639833 -0.542051046996657 -0.207947687064665
0  0.694955802569769 -0.864277122658241  0.298835599325607 0.442717814795428 0.661251761087657 -0.534898447352895 -0.283955447105169
0  0.640518008175686 -0.865088024574502  0.293821758071897 0.435918804008147 0.651096108507266 -0.529817268750212 -0.324564809449311
0  0.536676037489955 -0.864673689049147   0.27720397222231 0.428445727205189 0.626816589058633 -0.518411910607459 -0.393426376163116
0  0.488052620476575 -0.864243023845712  0.265762301418437 0.429894798729308 0.614695321236388 -0.512126555639412 -0.418409506446131
0  0.398444287265567 -0.864548304618588   0.24003311525542 0.441848781657222 0.590167876087924 -0.497496699619176 -0.457130797529465
0  0.291967743938639 -0.869670949630386  0.194657856903163 0.470158143896914 0.553380256108457 -0.473529473609028 -0.498489166883598
0  0.222013821854725 -0.884484393828268  0.153062545395533 0.505667133408831 0.524784897779674 -0.442347754818434 -0.522714094950159
0 0.182028671777431 -0.92637717810063 0.118441421242895 0.564877033712898 0.510061999278734 -0.385654906946215 -0.52155631184351
0  0.176297129436047 -0.993586060461938 0.0934609132091428 0.619989564208647 0.490440451341246 -0.370764314488919 -0.487457615657125
0  0.189297072369123  -1.08352250622836 0.0506076371255401 0.645570926230246 0.478718518142674 -0.371496179333907 -0.464819694434104
0   0.22127072425604  -1.17578039788294 0.0246696192276032 0.664473920071647 0.487722925326212 -0.342247527013864 -0.451073594781113
0  0.235395910485384  -1.22366117415858 0.0257287668869235 0.698927030779111 0.475563887379127 -0.306507469676339 -0.437485046258448
0  0.234603029710029  -1.25093285722962 0.0149327529133065 0.740632596317185 0.443348210236926 -0.275320536801084 -0.423207187755291
0    0.218960236060458    -1.26435716164512 -0.00448759520754027 0.77646468653833 0.397160681495176 -0.242472782361693 -0.424938740816837
0    0.18633507029007   -1.25881941113261 -0.0288135935619129 0.795997949005096 0.343605084410534 -0.20949681460226 -0.452143667232459
0   0.140327979234316    -1.2365068096265 -0.0560645519335317 0.801128440435608 0.292940118898983 -0.169873474494784 -0.493479798297488
0   0.085592371088593   -1.20416477504964 -0.0781924403241818 0.800325325471457 0.240252488018213 -0.132825524990167 -0.5330248543184
0  0.0449889379918992   -1.18023404431125 -0.0894579787237282 0.792179693533497 0.197879281545165 -0.118374135767325 -0.565051048198021
0 -0.0161570647144867   -1.14648242243415  -0.104845112730914 0.79492967497001 0.114964161770843 -0.120054340645871 -0.583486939573189
0 -0.0664068648480594     -1.117480102808  -0.118392206786915 0.802316009362244 0.0351715182341901 -0.109752150742795 -0.585667525848477
0 -0.099213495997784  -1.08946510517977 -0.132006675677834 0.806343591122641 -0.0402589865715114 -0.0807459335224331 -0.584524867969934
0 -0.110850294845955  -1.06532337990588 -0.144865131352679 0.805501574170601 -0.104198651421713 -0.0234430400729361 -0.582889594110856
0  -0.10524696001508  -1.04661950101882 -0.154503946195005 0.798143551708122 -0.15861921724113 0.0461171882781942 -0.579378994902187
0 -0.0868587670392891   -1.03489815962973  -0.162431524017772 0.781430242049291 -0.228103938541295 0.0959642007301615 -0.572823046159071
0 -0.0459376822432596   -1.03230309712272  -0.171497826532785 0.751234150127638 -0.32541616877887 0.14981314820596 -0.554353307380688
0 -0.0191894299750563   -1.03769351713061  -0.175862181887897 0.732277970798086 -0.360181243632358 0.192285753420543 -0.545036360485042
0 0.0121305354334679   -1.0475586454683  -0.17987367006181 0.71029835478751 -0.388258876329872 0.24462480648743 -0.533750874648659
0 0.0437123576114413  -1.06113969730048 -0.183362512562028 0.68691152965079 -0.420666064842528 0.289091776961769 -0.517318622142873
0 0.0736020826283994  -1.07719936590122 -0.185629212648666 0.660352291903208 -0.454903145039399 0.328268132083336 -0.499237431158725
0  0.100579956814795  -1.09494055551601 -0.186120754215569 0.631906537717391 -0.488319139805202 0.365427600446314 -0.478227157449234
0  0.123621705426901  -1.11344933048542 -0.182645969217291 0.605882014081081 -0.523201074525903 0.394890976378156 -0.450808981058608
0   0.14261478606805  -1.13159214293536 -0.171988071775169 0.581763990549346 -0.558672104551715 0.416342584961885 -0.4196367367654
0  0.158339711627429  -1.14877499019247 -0.152703843759364 0.552075374260927 -0.583376077366288 0.442592983505513 -0.398743757873485
0   0.179782071036185    -1.1739446041823 -0.0968692874022212 0.516531369925543 -0.614651164934779 0.465555920626934 -0.37236671990978
0   0.190727107325017   -1.18855451198525 -0.0530571024879551 0.533867294677449 -0.648725883471678 0.430572377019707 -0.32976941631278
0    0.21489697136195   -1.19693831591942 -0.0174616834990408 0.57121905008351 -0.642739539069238 0.393438781466508 -0.325270052382486
0  0.268440558586542   -1.2034757634715 0.0314883248947598 0.613149107307061 -0.616364384557395 0.360953160446819 -0.337425448982723
0  0.356473656116809  -1.20861801267051 0.0716320759218243 0.619230985451745 -0.565271731067924 0.390251450051471 -0.380426947579503
0  0.406577880988034  -1.20850506487166 0.0882116839596308 0.600371367669507 -0.532509451282487 0.422738687716799 -0.421046205403813
0 0.452694261869095 -1.20755618291488 0.103039204416542 0.576028745620465 -0.502782749916006 0.453229316323866 -0.458239650652815
0 0.511595132243694 -1.20079739321096 0.132483943479525 0.546546540820999 -0.47694670562985 0.480598343734654 -0.492781849001098
0 0.514196171700665 -1.19025937129285 0.163613424383681 0.580971472123896 -0.516334456973952 0.444476236107646 -0.445322077439675
0 0.490433576151759 -1.17235569292573 0.180784117062919 0.633570080057432 -0.571599814316112 0.377803432045485 -0.359342695298593
0 0.500750809796203  -1.1244954158979  0.17776704829682 0.651873961734416 -0.599568925703529 0.342664648058634 -0.313302378405026
0 0.565353621521606 -1.07609261956526 0.183306413602452 0.603989612388998 -0.554563554250266 0.418033674582435 -0.391028975062729
0 0.626044077792903  -1.0176646064771 0.193963837641537 0.558407146615052 -0.522032627525816 0.458635533482688 -0.453119015088508
0  0.653272596935287 -0.953741281655813  0.200949606658666 0.556847281061933 -0.52712295059042 0.423040222543784 -0.482803759973852
0  0.648949389549002 -0.901358661405129  0.205931291882385 0.590863209132432 -0.543024015910136 0.347428075710559 -0.485076610904515
0  0.639331934600594 -0.875067364102531   0.20902158741271 0.664242127994457 -0.542533497626713 0.319412069529488 -0.403008348783508
0  0.713114799873382 -0.804810062566948  0.254698195265566 0.651951099130189 -0.478773061271128 0.382383236498715 -0.446675699572722
0  0.738849924288949 -0.777627661085496  0.271751733926025 0.625631796118234 -0.439795830493688 0.408057619482091 -0.498651644285716
0  0.753985622039504 -0.750400297250161  0.287760808507787 0.607635287565811 -0.40346351173104 0.420303751338405 -0.539760417794169
0  0.736541783246359 -0.703056312079858  0.316042396001683 0.625068055892129 -0.381572786538743 0.369652682946508 -0.571882005370638
0  0.707180630885992 -0.687534331165797  0.328313754870586 0.668193232928768 -0.397953462705987 0.317864409977767 -0.542321917183883
0  0.672912501649107 -0.676773423070971  0.340437788183526 0.718549678892953 -0.419349584221159 0.266456701626541 -0.486655022921452
0  0.641986281266705 -0.666854515469985  0.355447553998242 0.755754650576626 -0.436925151978868 0.226915323007697 -0.431787859815856
0  0.61800344916456 -0.63444445447378 0.395762065863425 0.782571195142584 -0.458687614560109 0.192708522382842 -0.374234448151538
0  0.635844336243523 -0.606727356393835  0.423147760134166 0.770691979863866 -0.445242603842147 0.222710903330533 -0.397734521301682
0  0.665456716767606 -0.573364900149637  0.452870632148166 0.744110450638909 -0.424492447196474 0.263037068095609 -0.443753648245032
0 0.699547748719147 -0.53693106881159 0.481115244712685 0.707710346460711 -0.402751799817614 0.299631654575028 -0.497149801199563
0  0.731391074452571 -0.501167825259431  0.503653937135084 0.677928947554093 -0.385224885763 0.325339475360301 -0.534947058342569
0  0.773798710229971 -0.436545327742873  0.521773701114729 0.686991367351436 -0.398137352642185 0.299949883463498 -0.528733937842003
0   0.80345489077419 -0.381559827369726  0.525477251113733 0.723906956750154 -0.409767945684684 0.239617457338903 -0.500632023343018
0  0.872848669267465 -0.306661721044417  0.564419816706552 0.726581914205348 -0.353623151327696 0.272337389843625 -0.522361689720755
0 0.916884832457895 -0.25758296283217 0.583304504898397 0.678844998578724 -0.319327523158381 0.301476594530305 -0.588482169490797
0  0.878421123280574 -0.239241857272472  0.627705542826047 0.650208972779012 -0.30997932233048 0.314842414512805 -0.618073915861966
0  0.835387565114999 -0.255293101749167  0.637493369809717 0.696722078032986 -0.335035881819054 0.292216481623646 -0.562973206949162
0  0.786620244740007 -0.274378651164173  0.629438051130891 0.742012799926815 -0.358511936047983 0.26695991696485 -0.499618453612369
0  0.738069958338197 -0.292304706039739  0.604459494206599 0.772646519302957 -0.376230833496806 0.244963450072101 -0.44884365236026
0  0.657954061975066 -0.310128661658516  0.519759347001195 0.788641371745995 -0.385238478668206 0.2341499110702 -0.41810276304973
0  0.607717889151551 -0.297940406282743  0.434829847405675 0.740621469751682 -0.352469849343864 0.276254343543164 -0.500927521224287
0  0.583382002140549 -0.287888231897457  0.393911756075359 0.710523754554773 -0.332878910623672 0.296117015935583 -0.544667180899301
0  0.514499180658833 -0.275959493101848  0.322665136381931 0.682947956030524 -0.319246446829503 0.305631346603323 -0.581595456923373
0 0.412826740942497 -0.28166201116494 0.271998420488306 0.740833481208501 -0.370491551708232 0.246001179767268 -0.503373800258249
0  0.361687182350053 -0.286226369590101  0.248366377291577 0.768058869938447 -0.401620466739142 0.21046453682704 -0.452207089443861
0  0.290317483665439 -0.282489067236803  0.197055352629592 0.770787556802141 -0.408676566127948 0.222887738610939 -0.434960989691901
0  0.26963431759814 -0.27226761050167 0.169189569005873 0.750687589359095 -0.383730955979981 0.254408799815852 -0.473808884658338
0   0.25082392769084 -0.258519542007775  0.141076874478704 0.730759347461106 -0.352726024973658 0.275182091590273 -0.515606384631246
0  0.228921422938394 -0.244429391274154  0.114465023712667 0.715752074084022 -0.319210117397742 0.283332724260178 -0.5527444588222
0  0.163979465647132 -0.223756741478153 0.0746491487020281 0.744469597519042 -0.314391213537163 0.190722675469015 -0.557268377249604
0  0.131220484312238 -0.220150760753658 0.0637550507679745 0.777161294342248 -0.328352149834124 0.130810639468016 -0.520666654278493
0  0.104548093731795 -0.212918292237241  0.060596130637365 0.825034222179513 -0.305071999881354 0.127263583203135 -0.458316034534398
0  0.111402405232641 -0.199209407848256 0.0650935577370026 0.823666252964177 -0.280376256635261 0.161007111255883 -0.46587527147101
0  0.131609123332816  -0.16413679380352 0.0793897252760334 0.795240246619365 -0.2604309313677 0.195405341903779 -0.511454233044552
0  0.145815155080494 -0.135713089914251 0.0914398692700121 0.764995324431729 -0.248697014622 0.212964775827138 -0.554597108514456
0   0.156525251213403 -0.0854037959069762    0.11545958148577 0.72717713960844 -0.226205512453044 0.203436063087001 -0.615352128461749
0   0.141241149509448 -0.0625224739480051   0.126497831371929 0.755830282498165 -0.199142647539053 0.143037401658141 -0.607126915658306
0   0.130507605283171 -0.0611839038529758   0.122180611501576 0.791666364487141 -0.179094127848517 0.122024580048684 -0.571226454721624
0   0.117425959647838 -0.0602784875575569   0.111892707337567 0.844748050402151 -0.157105917493701 0.0988545959428876 -0.50194245774909
0    0.118502523538689 -0.00127231816017465    0.119808631721697 0.83202670649943 -0.128634165199575 0.0991944927524617 -0.530419893879087
0  0.123548219378166 0.0487602083688512  0.132774703303296 0.791563404042443 -0.123920053902283 0.102170896877536 -0.589603515468519
0  0.125867578959453 0.0917251770352466  0.148318106542998 0.745097678735438 -0.123520897156144 0.0989410031240981 -0.647906409143791
0 0.114534790101755 0.105334809510068 0.171045387621303 0.780711141361706 -0.127355652421557 0.0753849907776365 -0.607114284723591
0  0.107896920098184 0.0897067082615186  0.177601071255612 0.836334651767896 -0.116391667227816 0.0607919175442774 -0.532260906711634
0  0.109721889776864 0.0933567775811983  0.187877465667996 0.814599554491941 -0.0737447716621469 0.0183836824630497 -0.575022881886561
0 0.117226597099522 0.101163806325784 0.191143935300263 0.767196508658686 -0.0357299190539474 -0.00501184035447682 -0.640396573571862
0  0.138871028094284 0.0688028120916347  0.191347171559814 0.783387541774186 0.0320092213029702 -0.0344927453142009 -0.619749642731051
0  0.150076378798397 0.0412619767921064  0.190800128191261 0.830372684312436 0.0552846288550591 -0.0446133344221706 -0.552661257328441
0  0.162197754875321 0.0167748045612058  0.193175542871781 0.864845433112616 0.0754877062252622 -0.0536423740544758 -0.493423224766427
0  0.194163666639287 0.0248773880054632  0.220609727493406 0.830953552675647 0.158520314099975 -0.0608451989042129 -0.52979747553539
0   0.19419651603919 0.0461099259192771  0.231522617789236 0.795496743610661 0.170112743323264 -0.080654573051899 -0.575969986466034
0  0.189772608983294 0.0711239799992073  0.250119339418865 0.741011567246459 0.177219061272029 -0.122756907062687 -0.635944968764759
0 0.189226334592683 0.077107631970546 0.262313952017941 0.755853894801432 0.20089653644053 -0.140004633591105 -0.607226624854943
0 0.192841978934162 0.069720029340301 0.271460027561301 0.816161540170993 0.236052627071331 -0.134459642043155 -0.509980492038728
0  0.188672542923264 0.0724673545903199  0.285051252110357 0.839489569341953 0.272282744149359 -0.130523502825272 -0.451755448682999
0    0.1671003743292 0.0961789844162245  0.297280802936255 0.803843502915529 0.314854229749607 -0.136581867521945 -0.485847538116117
0 0.141537223882692  0.11727830568339 0.303095334139165 0.7646949327373 0.32123810692726 -0.172844165372786 -0.531199240398809
0 0.127042063128586 0.127373392859244 0.304611989861151 0.742392218399078 0.321343325164681 -0.196911271029537 -0.553911737350036
0 0.0863225146562253  0.149676875980026  0.304043597101747 0.690490865846943 0.335715556258204 -0.253349598369646 -0.588499286723546
0 0.0521871394651751  0.154881744572167  0.296101745991671 0.686962505859593 0.395658609926235 -0.285115180964546 -0.538744942916314
0 0.0369334085895106  0.148632012848937  0.279282527826507 0.707375785665244 0.457123837644313 -0.280635580615458 -0.460327020502208
0 0.0133789833784353  0.146821362150992  0.256530504991684 0.709822264114326 0.509486082534556 -0.275677796431766 -0.400721895615562
0 -0.034656861861165   0.15426249251033  0.242183112628948 0.662911567302808 0.530403769827217 -0.309227862766678 -0.428483633033938
0 -0.0750926720811902   0.160609877399654    0.23709376020048 0.628142505229692 0.518779728939922 -0.350410677334321 -0.462078936086563
0 -0.13308354178825 0.167109006596905 0.231387860073437 0.59698719087097 0.50009449755849 -0.389759086633817 -0.491527864758533
0 -0.188309549784901  0.168764106074027  0.215848670451874 0.626403268349454 0.527340403932058 -0.356118502487423 -0.450234001345979
0 -0.227132597836417  0.167300920123033  0.204616843386342 0.648850978640067 0.558647348286647 -0.311194139839209 -0.412387869729287
0 -0.283122050030705   0.16486342944209  0.201319624140176 0.620749345684113 0.562009785883795 -0.310315630684383 -0.450021621432293
0 -0.326899482642285  0.157258217094186  0.202760149618823 0.601555608966997 0.538850588910633 -0.345109684032463 -0.478194728262475
0 -0.387714547339836  0.137677710435685  0.206435005553227 0.582795368523934 0.496074656276311 -0.399507551851489 -0.50463175667116
0 -0.444904040465079 0.0932447095246269  0.202781985080375 0.613233439812225 0.495613903230424 -0.393408085902399 -0.472801951315116
0 -0.466459427334896 0.0566362611107147  0.204606338106753 0.639495671388626 0.525219696079064 -0.346539581156053 -0.441701115934761
0 -0.494812239585754 0.0194296740442753  0.222994653679179 0.598818725234851 0.494399011618034 -0.382422741865013 -0.500738053400843
0   -0.502279870286574 -0.00324009266331299    0.233989740394643 0.578266986878415 0.472850211532416 -0.408760791360315 -0.524342049416979
0  -0.492396395466232 -0.0440149146368175   0.243801850656282 0.601991343494138 0.484025433027762 -0.400589246226366 -0.492802250753993
0  -0.467396184818032 -0.0867629776813774   0.247626639920648 0.633994379881675 0.52030697336866 -0.364437905478497 -0.441040579530774
0 -0.437523172698248  -0.14186359617234  0.250804229832479 0.600071333560136 0.524318838148246 -0.382328056046422 -0.46779205654008
0 -0.421209288428656 -0.170513654126274  0.246525509849048 0.574813163123272 0.508032322928659 -0.410832138781272 -0.492656005854325
0 -0.383435226891874 -0.216963878581679  0.222251775058042 0.582982395645752 0.520954302430212 -0.400972520987742 -0.477450707989134
0 -0.351726998413838 -0.249543363804218  0.197966582645356 0.609013459397207 0.546760643305758 -0.367696008298542 -0.441537145307435
0 -0.320495757532913 -0.282674862807363  0.171830067368057 0.629375484392113 0.566687595731952 -0.336925543928063 -0.411379200177297
0 -0.281082180078994 -0.349261730279493  0.133684723959126 0.612293251085394 0.549882958140837 -0.356082223111994 -0.442641115809616
0 -0.267258827850807 -0.384564921781374  0.118879917634161 0.590045010873466 0.522570489773728 -0.390083978827726 -0.476026740659502
0 -0.248955228861188 -0.422021815359951  0.100699551579607 0.594595891049756 0.511670006211303 -0.40146449547888 -0.47273226033386
0 -0.225394712113263 -0.459921546316501 0.0790377895068768 0.619793214458547 0.528614582454307 -0.374811391850597 -0.44265044342779
0 -0.213004199939464 -0.478715787870216 0.0688086121207509 0.632464792530136 0.53864961762613 -0.358295667525017 -0.425991889915569
0 -0.184531505409793 -0.532715858829847  0.045493324746709 0.647905758942791 0.557189388781766 -0.324500901390057 -0.405533324838795
0 -0.175023660785439 -0.585658567226564 0.0379342176424264 0.618445549310066 0.531662199539902 -0.360801289928332 -0.452418873727672
0 -0.165111433547391 -0.642213751982951 0.0362835248244369 0.597298584351111 0.496209069418442 -0.409202026002142 -0.479129066614399
0 -0.141790920590008 -0.699243810943738 0.0283577234040273 0.637318643088115 0.513147391445546 -0.391021053712159 -0.421434736796563
0 -0.124416089283226 -0.732889658069524 0.0253569939099529 0.665871307526863 0.530920181742604 -0.364104545797043 -0.377050450418504
0  -0.11773368259192 -0.747612480923355 0.0252998090310991 0.676333037325701 0.536474719649478 -0.353395979407639 -0.360388373199416
0 -0.119134179453285 -0.785020080804058 0.0373549414356414 0.683728630318638 0.527377191387191 -0.356707353072695 -0.356578634176292
0 -0.134261767641163 -0.792038627905834 0.0486189643173776 0.64746851083667 0.516071269564575 -0.38207154742124 -0.41045865182268
0  -0.15538722687375 -0.799412843383241  0.068856446182276 0.590651713994737 0.508542775291588 -0.423787857959056 -0.46143108900494
0 -0.162646575501315 -0.810847970063629 0.0874635483020989 0.56499904695096 0.567782466303148 -0.415869291033432 -0.430641243587481
0 -0.156761115206284 -0.826593181414772  0.117817864864862 0.514046393249003 0.584656384521375 -0.479541822593102 -0.404935622056362
0  -0.14620905371111 -0.832856158570405  0.129819857547062 0.48659951242242 0.607106460251001 -0.495128232075134 -0.386640264630981
0 -0.120794719923606 -0.838977384827261  0.136801445947127 0.450355134826329 0.651089100596921 -0.494783599806952 -0.358402601806301
0 -0.0868599844439556  -0.843004326345443   0.140783902073007 0.401203719878114 0.6481610489437 -0.544458365357716 -0.349982739831796
0 -0.0378073765883162  -0.841500679071228   0.127961777993841 0.387791305035832 0.691715014547796 -0.527072673491241 -0.305520276326374
0 0.000420831546972922   -0.839224374400164    0.114480201148027 0.391817634140149 0.739617496079812 -0.481992111488013 -0.259091693291723
0 0.0343787770417916 -0.838644322002086  0.102652790743883 0.389767030723336 0.777610708481366 -0.44271217697352 -0.217736483336139
0 0.0477110095916443 -0.840777021873446 0.0986183617528302 0.383526611138659 0.785495408660051 -0.439576849296935 -0.206582901239805
0 0.0703064547611312 -0.856994196758316  0.094950113808042 0.343500224574151 0.764761005071364 -0.499975632413943 -0.217192467254331
0 0.0801167017102765 -0.871995932564207 0.0954993108899022 0.309976135568432 0.736074816557758 -0.555713695809472 -0.230848322708444
0 0.0926532999343941 -0.884178245672975 0.0942849415911975 0.285416765480741 0.721164363450011 -0.588418646430287 -0.228522925338796
0  0.129481128800904 -0.894518450597962 0.0823346618350747 0.25738623010255 0.776827856705153 -0.542580583815763 -0.189465352153425
0  0.139166642703668  -0.89639038300795 0.0795855920250162 0.250072567621752 0.794217830896 -0.52407059825216 -0.17897417706904
0  0.170822289172564 -0.917146410967799 0.0869484240624242 0.202951238852899 0.795417278239176 -0.549205262492215 -0.156511110715857
0  0.184830826848907 -0.932197680659989 0.0974409014767185 0.174799877600822 0.764533633464074 -0.601298086273581 -0.152885373848148
0  0.212395326404721 -0.944996589481269  0.112717146881523 0.147774086623896 0.751670662298492 -0.631062352619071 -0.122124288612475
0   0.24538922555067 -0.941039699716683  0.121062819536019 0.12233120443544 0.808689486547488 -0.568547547427931 -0.0883746404949948
0 0.284855128619633 -0.93976903221546 0.150342597520227 0.0737005790201407 0.808491104946983 -0.580857402410546 -0.0592877385179722
0  0.314736321886133 -0.939133990922179  0.175000456369491 0.0298051922905007 0.78911853062685 -0.612500994578189 -0.0353005208825203
0  0.353238201361749 -0.927086965079065  0.185726433816476 -0.00936705739606481 0.828304033676175 -0.560188414011235 -0.0036914548748508
0  0.409577725149276 -0.926817377129489  0.179740742697751 -0.0525115850343969 0.826437566304025 -0.559822210038287 0.0290271525731363
0  0.474689619196887 -0.966676290120384  0.172549644593333 -0.0890397298765991 0.822543911963661 -0.561216607174871 0.0230078079387276
0 0.510603649272865  -0.9929067206214 0.175902883367671 -0.0893829743155635 0.807220492459958 -0.581383057620378 0.0489846993170914
0 0.555779393411895 -1.02531672320006 0.165687780419277 -0.10378157048666 0.792103381821239 -0.596776073384396 0.0752325486114915
0 0.595147305816675 -1.05076927306544 0.128097893776524 -0.114995413259196 0.773789963421631 -0.617356176843789 0.0830451584989696
0  0.628144874674264  -1.05965742458652 0.0831718802431289 -0.140764003763128 0.789659371998627 -0.595374821090145 0.0463938990729024
0  0.672295528785914  -1.05689630538175 0.0483345100038872 -0.156561245901597 0.802663061131826 -0.575289341399564 0.0162098811927305
0 0.741524474107687 -1.05244845830161 0.032245195235969 -0.13303364337449 0.821949659823315 -0.552281896310215 0.0410550052349211
0  0.825235277235585  -1.05988582568783 0.0442217714800131 -0.117327997974671 0.819749082894295 -0.557372924597994 0.0598414982290503
0  0.868496363224763  -1.06819926624064 0.0519807103884877 -0.105569734234649 0.801035653527339 -0.584201569316162 0.0768468568009719
0  0.946294420641785  -1.07945544730974 0.0535177007400454 -0.0750824118706307 0.774590963949549 -0.616069746585031 0.121776587807566
0  1.00575150803015 -1.07214677358542 0.026308851364429 -0.0816337808317887 0.777953644930393 -0.613589917365101 0.107849272016606
0   1.01680136978822  -1.04037130252164 0.0288237331775008 -0.117615845919042 0.818539011853381 -0.560844361291547 0.0401746346631297
0  1.04782671424969 -1.03168066916454 0.045348828665245 -0.110290104220466 0.861815070633507 -0.493613149149735 0.0381698300557218
0   1.10063129346666  -1.10744255988588 0.0654638962974801 -0.0685659995770726 0.836894647799157 -0.536940947981509 0.0812432801395918
0   1.12022402610522  -1.18900958288705 0.0836395667256709 -0.0301975999961455 0.795598614420941 -0.599168348585298 0.0843103774129772
0    1.1132272847741  -1.26575435303266 0.0886735001664936 0.0198477951151367 0.77179371771436 -0.633676909172695 0.0489295116167543
0   1.07977257257485  -1.31768399871421 0.0754561381646275 0.0934893569919479 0.761689624224098 -0.641136396279724 -0.00572519379873367
0   1.02276999555624  -1.33789531589864 0.0484936148232126 0.183429582782075 0.768587773242081 -0.609148672103432 -0.067559738437912
0  0.986682378100487  -1.33672514005502 0.0344969979961002 0.225142882474479 0.775070609265885 -0.580552172002436 -0.107403020006637
0   0.94596128727715  -1.33286892908485 0.0233530739759054 0.257547400830818 0.772468718773126 -0.558153872751762 -0.159454285531952
0  0.903177307921776  -1.32748297796091 0.0159835199285266 0.286248144187597 0.762130914049124 -0.540339155396436 -0.212725332166316
0  0.861190984740196  -1.32245196690383 0.0106601368070272 0.319251911440151 0.745548576823356 -0.526211373407987 -0.255611281313166
0   0.823324384331916   -1.31799317690146 0.00715970070057437 0.358635067995698 0.726317376716149 -0.512269663754276 -0.285348467458603
0   0.805630481724349   -1.31671112171855 0.00528205663802728 0.378910600940398 0.71590124947271 -0.505522102725301 -0.297253361889465
0    0.771775746465742    -1.31420211166644 0.000971038571137672 0.425070645162603 0.693670307661623 -0.490546025295143 -0.312251577989312
0     0.755099466103992     -1.31366829338971 -0.000110352686643944 0.446848821089268 0.682063949430801 -0.482605125526335 -0.319698596796576
0    0.722533676663535    -1.31217474594173 -0.00444338523914556 0.487484468675141 0.657032996288773 -0.466896941446809 -0.335669153566317
0    0.705914892212267    -1.31191881569407 -0.00568037827004653 0.505927267850185 0.642862979934758 -0.460090373772085 -0.345082072320939
0    0.655774442745175    -1.30903871306475 -0.00923254673004381 0.558650234395712 0.600073603285945 -0.432262843615319 -0.375460277897192
0   0.603820998613495   -1.30355279471657 -0.0104679065731323 0.604491549332752 0.55540314794713 -0.398888170513234 -0.408663109982188
0    0.551461527941173    -1.29522180305526 -0.00992286292284672 0.64338696391195 0.504132805460054 -0.366533856256988 -0.444473015316475
0    0.501366356090073    -1.28534359690903 -0.00803747019499812 0.682168126304173 0.449807353231516 -0.334190930283163 -0.469719506248129
0    0.455546941714651    -1.27374843891558 -0.00488064499295771 0.715477943305672 0.392367539584973 -0.303593730034252 -0.491904333795719
0    0.414562345334987    -1.25896194786269 0.000405982968618268 0.746686235204068 0.331814157300358 -0.273710659984499 -0.507386938916128
0   0.379928689656169   -1.23951879282079 0.00693531870874353 0.77565179224277 0.270785423996655 -0.242561802653536 -0.515948954098172
0  0.353477791386236  -1.21322252054841 0.0151498113151129 0.792728819569515 0.213425357756458 -0.208241085096424 -0.531663696116555
0  0.334674543569813  -1.17963617640154 0.0238344322856685 0.797275363487254 0.166050610130605 -0.167536818057583 -0.555617318166615
0  0.324802219912317  -1.14546500788456 0.0277675854287949 0.807000830679716 0.130712531896629 -0.121328787624672 -0.562977103069874
0  0.319023467301269  -1.11237524068583 0.0192502615132097 0.81124718406439 0.101599746705112 -0.0800749508461256 -0.570213556541797
0    0.311983918271457    -1.07496026614264 -0.00918770608802078 0.800071489222279 0.0636186025141267 -0.0467823418865844 -0.594684536569937
0   0.306880560277557   -1.05479425650524 -0.0383392389049813 0.800177367447464 0.0403255979481536 -0.0248667449554471 -0.597889347430017
0  0.295149478053351  -1.03608012088873 -0.081122070782623 0.819487197563056 0.0180691235139126 0.00752851184291978 -0.57276309353442
0  0.238525685384643  -1.00073943060917 -0.113663247826182 0.802593058023097 0.0157968016614044 0.0133111915215597 -0.596169150871362
0  0.175131416805265  -1.00176071362998 -0.121689763242228 0.786068856994956 0.0210429959317862 0.0125964625125535 -0.617652226999164
0  0.130901895779871  -1.02773081688947 -0.121297616544293 0.773117460320044 0.0104550927492759 -0.003904700984542 -0.634164676479312
0 0.0971112529040543  -1.06770318780259 -0.121742669466297 0.800482762153846 -0.00578557685090144 -0.0271896417675771 -0.59871077990596
0 0.0724168908158465  -1.11238080130425   -0.1208647829884 0.847431283394959 -0.0234178482281835 -0.0429984765618611 -0.528642559127898
0 0.060138001818289 -1.14352670716913 -0.11428460518271 0.879906213230181 -0.0434074509739877 -0.0501919161180194 -0.470490829533653
0  0.0770754024297114   -1.12703649141004 -0.0872194580197121 0.895390209818671 -0.0238583265599256 -0.000485921973162378 -0.444642458942545
0   0.100769431317609   -1.04318833030386 -0.0484990474055209 0.89109625972087 -0.00415670513711273 0.0301121159477214 -0.452795139314712
0     0.116156335900277    -0.902481876237787 -0.000475733232160325 0.880505331988427 -0.00109900754476009 0.0363339717690731 -0.472640450044059
0  0.120530076390061 -0.814844503021224  0.026566390771452 0.863167302906433 0.00130045756360977 0.0394680983711926 -0.503371418749934
0  0.121877019988562 -0.720470727741309 0.0532807843965186 0.843673410721658 0.00374543758925832 0.0432585375365289 -0.535097978569113
0  0.119292919264986 -0.623235598150342 0.0788049374928427 0.827288176329513 0.00657241859330994 0.0477424003184145 -0.559706833825583
0  0.112302679704358 -0.526674694928586  0.100585911952122 0.819145030524825 0.00903501046406018 0.0519416801124018 -0.571158340059479
0 0.101508799723646  -0.4321152539311 0.116194977744109 0.816109230083621 0.0111005529848025 0.0542059404859546 -0.575242747291771
0 0.0865565730051489 -0.339833370343542  0.126373232631648 0.815357743318786 0.0124971949066991 0.05461129374005 -0.576240554912268
0 0.0560377868876548 -0.205665820547388  0.132091922939514 0.816165268370416 0.0101436799083788 0.0454943733793146 -0.575935432539609
0 0.0166741404395374 -0.074994031780006  0.137498745001878 0.817018428987177 -0.000757458100511501 0.0248373740095387 -0.576075878513293
0 -0.0255714624032175  0.0511735310155728   0.146746362013469 0.816819651375559 -0.0129423804824017 0.00655269764803034 -0.576710684891214
0 -0.0665853478730311   0.174537127822963   0.156286750245704 0.810720883217023 -0.0206361510779125 0.00089526948193652 -0.58506836974584
0 -0.104303158870664  0.292231694351777  0.158012369433323 0.791352788824431 -0.0283710371625842 -0.00147027038906245 -0.610699341881992
0 -0.138043089442102   0.39633179775098   0.15168562722146 0.7654358106071 -0.0414763985423376 -0.0161286388550752 -0.641971646735969
0 -0.163108456538873  0.478684281648366  0.145029405360705 0.737363280700853 -0.0519701610410236 -0.0353248921596214 -0.672567206031751
0 -0.174416296979655  0.538429090517516  0.153214841931378 0.70397988859887 -0.0380809965929067 -0.0322589792805273 -0.708464192745542
0 -0.164595893671953  0.519503784403795  0.166105997294707 0.74902552442852 -0.00999757532301655 0.00806496972827576 -0.662416612492111
0 -0.154205028884568  0.474206682955025  0.186626468503531 0.795544507838996 0.00830184194023407 0.047420154991429 -0.603979589363911
0 -0.168415817122966  0.345735521194278  0.219740459503106 0.786303036342398 -0.00422413022121503 0.0503645203978 -0.615770336121918
0 -0.206907476453525   0.22988296888419  0.220065523931786 0.805933758321147 -0.0240133616623114 0.0304116061939601 -0.590736210053803
0 -0.260564871521341 0.0829089575055263  0.235874486096942 0.817934307508018 -0.0353806709642005 0.0134543558707823 -0.574065028573945
0  -0.309695176133848 -0.0771944322814509   0.230222559873972 0.822903733322719 -0.0469559259658056 -0.00399767043556558 -0.566223105614133
0 -0.331308552781819 -0.233724180818076  0.189551047603507 0.828644423099513 -0.0413083301775487 0.0265134696495762 -0.55761911539254
0 -0.331419593166639 -0.342753565518943  0.163215916365824 0.832502955023357 -0.107159644145689 0.0342351199442047 -0.542479121355241
0 -0.300340360814073 -0.382285371269598  0.157662995064717 0.811714985925834 -0.180754746288783 0.0450778718482129 -0.553547187498173
0 -0.244194360543634  -0.40974973743012  0.159566497328069 0.794338562046601 -0.239868848269363 0.0727022470242767 -0.553356637037353
0 -0.182090074681092 -0.435425645958248  0.168213765219333 0.77997185870808 -0.281802007642691 0.100303345234011 -0.549700615832727
0 -0.103616387478402 -0.465327646782737  0.179409586801243 0.765519114011229 -0.316421391117067 0.134585909759502 -0.543824072859239
0 -0.0440329264495057   -0.48834948779437   0.187508326695504 0.756006138349732 -0.336953819228435 0.159660895757386 -0.537982565564021
0  0.019730654940943 -0.512769183873209  0.195510434170288 0.747920184286761 -0.35163698701977 0.185269738389825 -0.531640810447319
0  0.153943234075132 -0.566209970446676  0.213682400808146 0.73943242331777 -0.361181976545125 0.225577262948039 -0.52144239337269
0  0.289156190976648 -0.620652511461091  0.232536317304778 0.738027944092369 -0.356112563274543 0.24533547490766 -0.517985618302921
0   0.42035829978194 -0.674401433558738  0.247039141715523 0.749615685741821 -0.331319562069093 0.269876751460671 -0.505440610261186
0  0.540119446851231 -0.718458827503169  0.242937732518088 0.753858060740077 -0.313164985828712 0.28316437874034 -0.50343187277
0   0.64469039893816 -0.749540457763354  0.218727829357452 0.754421807305023 -0.310158247857167 0.28170949494126 -0.505261673203832
0  0.730628933815309 -0.766191771054792  0.185220697699908 0.76030639125934 -0.297698014714948 0.271023135525002 -0.50976126123429
0  0.830577727718531 -0.765531864883259  0.141723525909365 0.779116408835198 -0.2825205973772 0.250674739049606 -0.500321805185209
0  0.900914150225879 -0.725098390296272  0.113007836510793 0.799448125361178 -0.241768268798302 0.21770858557296 -0.50500868391206
0   0.93530054305408 -0.674605252713058  0.103092317191242 0.806518265978786 -0.20499713274232 0.184508048771853 -0.522935217927043
0  0.971876665651349 -0.574396179401417  0.104637722476496 0.815218779639664 -0.165601911795785 0.15405328966919 -0.533162200530476
0  0.987664120538928 -0.492356997888461  0.134489019326182 0.815748233733339 -0.191833038897083 0.0976220727625141 -0.536865751615801
0   1.01696052606637 -0.403507250251903  0.184338000734013 0.817063933901023 -0.171256911633725 0.117680273355995 -0.537800103568901
0   1.0499717991293 -0.30947214922393 0.217230614688643 0.818869330581772 -0.147279156972327 0.147391688925376 -0.534824793170442
0   1.07399046125776 -0.206344781656746  0.229388760279735 0.817163264346915 -0.146188052790263 0.153013714901359 -0.536153015169524
0    1.08664477184954 -0.0916326976575804   0.245304559036384 0.811813371228462 -0.17621451651197 0.119823258484894 -0.543644995554262
0   1.10199238123253 0.0259634684854144  0.269515035207365 0.809235671986097 -0.187601805047653 0.108852231199593 -0.545980202654769
0 1.12439920953918 0.14451061861818 0.29715056486122 0.814222723790313 -0.163880445020613 0.142953006140311 -0.538283376892485
0  1.14083152546506 0.270359729125268 0.327628307731618 0.810481635032804 -0.157278066365565 0.154091832991784 -0.542806444434933
0  1.14694539624638 0.400195478276319 0.350556989413243 0.800029133223322 -0.182376769550849 0.124266524027547 -0.557897778206947
0 1.15394661040237  0.5244424409952 0.35152933696649 0.793134657848289 -0.186317231440089 0.12304972010244 -0.566641041728438
0  1.16010464905123 0.641171937046408 0.344405307484467 0.788140521897228 -0.154740568143491 0.168852440471277 -0.571295656959764
0  1.14681507636896 0.750873442106024 0.347150463619153 0.777602522528018 -0.143045469339653 0.184320965710959 -0.583864789363806
0  1.10630068060869 0.849965210173489 0.358981732613076 0.766164537492053 -0.141188670461926 0.188941264134897 -0.597794997913072
0  1.03580905549085 0.931922870681905 0.379597787433044 0.754710513769413 -0.147030582489511 0.183938476468245 -0.612340334367453
0 0.989954039628158 0.963725880455783 0.392196976489176 0.753430765958135 -0.15888755069542 0.168068729336837 -0.61550770048867
0 0.939364979037077 0.988654147171603  0.40593418242929 0.751524885540018 -0.180505500000958 0.147015585207091 -0.617263743135528
0 0.838660488685384  1.01606155947944 0.425083621991452 0.745293024916379 -0.247463004479488 0.123149277213024 -0.606740985880209
0 0.753293953496089  1.01395092124824 0.428581524354922 0.734792454973176 -0.309999963308567 0.165415969823597 -0.580187579831298
0 0.676205865653914 0.988150002679468 0.418801667203213 0.721487886463433 -0.335556306512194 0.227878456505187 -0.561184999716882
0 0.593413283715594 0.947056069374153  0.40307308421005 0.721146663102035 -0.340188645911106 0.264573171512806 -0.542420696881695
0 0.501383541017801 0.900143168629533 0.392645607278101 0.72843174501005 -0.344715349801497 0.266603858543604 -0.528659534182924
0 0.255027334216444  0.77209796074397 0.356925133585732 0.744103937970159 -0.344536147539534 0.206953261564181 -0.533642689506627
0  0.16639438708099 0.714564089720001 0.315673490394489 0.777046368431848 -0.295120464276793 0.157517717549008 -0.533189479950681
0 0.129239520984227  0.68598309726408 0.289410525540421 0.793690122629971 -0.249216929153489 0.144833849759763 -0.535695872138934
0 0.0921233003368224   0.65874127986787  0.257773818930987 0.808648442269285 -0.199005659698922 0.129132722440439 -0.538339283554875
0 0.0406530468839054  0.619120186220369  0.209552093101035 0.825287258705545 -0.123317608363174 0.103404874514024 -0.541295797150331
0 -0.00844624364374756    0.584941109659864    0.164273375653451 0.835250299070094 -0.0704219014150258 0.0747857067245918 -0.540189588731692
0 -0.0720067492366352   0.554423911812947   0.112310310645126 0.840381030020119 -0.0447339502468272 0.0455994750620882 -0.538218622821341
0 -0.147869088050616  0.543114447066155 0.0591809162062026 0.840472451490823 -0.0427739738839129 0.0404115763994431 -0.538649561344012
0 -0.221468265444286   0.55755560179089 0.0192478849831915 0.836538630184156 -0.0581727650792186 0.0415751981155842 -0.543222378510223
0  -0.285049356420873   0.593640576178905 -0.0113379261547294 0.832245339441536 -0.101771825537555 0.0566050863414241 -0.542038794464821
0  -0.350639871228905   0.684086294584171 -0.0446948546908944 0.795875668240245 -0.179479951925496 0.126924528046111 -0.564144513170373
0   -0.38982090198311   0.745352966749743 -0.0609531086470616 0.778553591648981 -0.230512109338223 0.129799059445932 -0.569096368417394
0  -0.401671820255869   0.770262202272762 -0.0674448855952295 0.777864335381485 -0.26475334116004 0.146241928152658 -0.550859367294692
0  -0.399917265860436   0.782664338982585 -0.0690001462093687 0.775664417607701 -0.273625914871104 0.187364026766633 -0.536999340262211
0  -0.39662792215731  0.794629991082655 -0.067958582212667 0.770777805716775 -0.275940064972305 0.219205236160165 -0.53076145225278
0  -0.395030043555667   0.826401072348586 -0.0684451135480292 0.75151999390314 -0.322746343252397 0.218870406623641 -0.532116755783383
0 -0.387216659475978  0.834657542058232 -0.124202544849741 0.760393395379856 -0.303646183326404 0.249265331971037 -0.517172769866484
0 -0.389832901274831  0.848138385286602 -0.163896176088187 0.759768102565851 -0.304250640424071 0.249406672481667 -0.517668127130357
0 -0.395975184112357  0.864853526803524 -0.215498880780286 0.737016204041552 -0.357715491907486 0.24910572295288 -0.516520164777416
0 -0.394532385291052  0.870303866757921 -0.258509225166444 0.707658001684113 -0.41184906390123 0.269958164817401 -0.506678488259121
0 -0.384420663567475  0.861861908052822 -0.284289354504105 0.67613894255108 -0.457975297035359 0.33370444411543 -0.470888629772364
0 -0.382638227679761  0.881199945656191 -0.250561570345867 0.643107685853211 -0.482595563785457 0.390969110341993 -0.447947743570067
0  -0.40786790592474  0.913101121940136 -0.288516374125374 0.645449655118002 -0.50727229683332 0.347524409295211 -0.45309639649584
