619.233328 0.5641814 -1.5404216 0.2616504 -0.9101179 -0.0546169 0.0134336 0.4105143
619.733651 0.5236523 -0.9038002 0.2705688 -0.9054774 -0.0504246 0.0103581 0.4212609
620.000501 0.4895830 -0.5727872 0.2663615 -0.9000813 -0.0347273 0.0539107 0.4309770
620.267403 0.4662685 -0.2318526 0.2429425 -0.9117270 -0.0297516 0.0221749 0.4091175
620.534261 0.4452287 0.1053413 0.2308799 -0.9081770 -0.0435300 0.0175116 0.4159485
620.801141 0.4224465 0.4407211 0.2403040 -0.9106412 -0.0507296 0.0107586 0.4099311
621.068008 0.3809730 0.7626724 0.2064269 -0.9058117 -0.0612023 0.0092112 0.4191355
621.334893 0.3719640 1.0772017 0.2068965 -0.9095017 -0.0399339 0.0334922 0.4124202
621.601754 0.3687398 1.3716569 0.1738400 -0.9047320 -0.0570030 0.0253716 0.4213870
621.868654 0.3772305 1.6324965 0.1667556 -0.8968309 -0.0612942 0.0310873 0.4370024
621.901974 0.3779771 1.6640095 0.1688670 -0.9007925 -0.0601288 0.0376538 0.4284152
621.935347 0.3783775 1.6950644 0.1711515 -0.9035283 -0.0629287 0.0312860 0.4227267
622.002047 0.3803039 1.7534878 0.1761848 -0.9074625 -0.0585344 0.0232368 0.4153860
622.435736 0.3540978 2.0613406 0.1510761 -0.9242517 -0.0123177 -0.0144461 0.3813117
622.569163 0.3419639 2.1285298 0.1450417 -0.9263812 0.0058777 -0.0140305 0.3762799
622.602587 0.3386872 2.1419151 0.1442850 -0.9273537 0.0064368 -0.0120134 0.3739378
622.669241 0.3362755 2.1654091 0.1454396 -0.9294964 0.0204577 -0.0113271 0.3680890
623.069614 0.3281889 2.2118654 0.1668544 -0.9034889 0.1459948 -0.0447210 0.4004915
623.503364 0.3272861 2.2242575 0.1609130 -0.8450339 0.3695744 -0.1654908 0.3492066
623.736811 0.3445426 2.2348971 0.1606829 -0.7692264 0.5094428 -0.2100795 0.3234585
624.237251 0.4586327 2.3129947 0.1427459 -0.6804043 0.6449793 -0.2364717 0.2552115
624.370707 0.5333276 2.3428009 0.1227804 -0.6990894 0.6289790 -0.2324597 0.2482378
624.470790 0.6037991 2.3536305 0.1044337 -0.6807572 0.6489600 -0.2315237 0.2486311
624.504252 0.6312137 2.3558593 0.0988666 -0.6717972 0.6588305 -0.2341301 0.2445692
624.670955 0.7883980 2.3715470 0.0989614 -0.6604671 0.6582634 -0.2379707 0.2717398
624.737675 0.8546987 2.3819315 0.1128513 -0.6596859 0.6545847 -0.2500324 0.2716934
624.804469 0.9212313 2.3935485 0.1317204 -0.6597928 0.6538737 -0.2630052 0.2606738
624.971190 1.0750339 2.4305582 0.1678067 -0.6633517 0.6432765 -0.2941796 0.2441685
625.071721 1.1741929 2.4568357 0.1559227 -0.6741597 0.6365187 -0.2922273 0.2344268
625.104638 1.2086413 2.4655733 0.1486330 -0.6714948 0.6408054 -0.2932266 0.2290878
625.438247 1.6042492 2.5624862 0.1323907 0.6540810 -0.6549760 0.3065941 -0.2217761
625.638409 1.8496599 2.6033390 0.1502919 0.6563438 -0.6597162 0.2956294 -0.2158486
625.671767 1.8870814 2.6090217 0.1487937 -0.6572746 0.6567085 -0.2985873 0.2181049
625.738490 1.9612656 2.6196220 0.1379423 -0.6592135 0.6543390 -0.2953546 0.2237047
625.871928 2.1084881 2.6380098 0.0984299 -0.6597167 0.6478915 -0.3098418 0.2213786
625.972007 2.2349925 2.6457529 0.0842047 -0.6641056 0.6397562 -0.3150020 0.2246098
626.072082 2.3644528 2.6566913 0.0929499 -0.6752852 0.6248066 -0.3087578 0.2414027
626.105501 2.4088023 2.6603928 0.0978699 -0.6805680 0.6217559 -0.3090097 0.2340079
626.405681 2.7656763 2.7219172 0.1048017 -0.6970346 0.6000171 -0.3154995 0.2336284
626.472389 2.8469596 2.7345796 0.0923388 -0.6943859 0.5998060 -0.3223519 0.2327019
626.505750 2.8883750 2.7412806 0.0869851 -0.6936269 0.5979227 -0.3272713 0.2329456
626.539106 2.9302299 2.7471817 0.0829079 -0.6900231 0.5991020 -0.3293060 0.2377023
627.139589 3.6565335 2.8047156 0.0719233 -0.6820249 0.6116167 -0.3148966 0.2482081
627.172960 3.6976111 2.8036861 0.0653048 -0.6824271 0.6117846 -0.3152786 0.2461954
627.206285 3.7395329 2.8020303 0.0602584 -0.6821269 0.6137355 -0.3141905 0.2435488
627.273003 3.8232293 2.7970338 0.0587921 -0.6780609 0.6202050 -0.3091920 0.2449074
627.639969 4.2456326 2.8054595 0.0739045 -0.7010629 0.6036727 -0.2936617 0.2405261
627.673375 4.2816095 2.8078828 0.0695181 -0.7017450 0.6042173 -0.2930386 0.2379156
628.140346 4.8123837 2.8502212 0.0711489 -0.6587027 0.6347203 -0.3123787 0.2562430
628.340517 5.0336094 2.8574796 0.0620527 -0.6530229 0.6421915 -0.2987404 0.2681515
628.373856 5.0704837 2.8583772 0.0551810 -0.6494495 0.6453416 -0.2976228 0.2705000
628.407212 5.1073866 2.8600707 0.0480404 -0.6492601 0.6439917 -0.2978517 0.2738987
628.507300 5.2194166 2.8645785 0.0303736 -0.6503365 0.6402544 -0.2968597 0.2810893
628.574006 5.2934065 2.8662381 0.0275993 -0.6459620 0.6418877 -0.2981012 0.2860926
628.774177 5.4994984 2.8718104 0.0472040 -0.6525768 0.6351013 -0.3048424 0.2790362
629.007673 5.7083321 2.8783398 0.0463719 -0.6489556 0.6345032 -0.3167235 0.2755877
629.141110 5.8229074 2.8770034 0.0298567 0.6366980 -0.6402032 0.3306087 -0.2746880
629.508066 6.0678654 2.8750300 0.0345173 0.6258835 -0.6346617 0.3495341 -0.2886178
629.574780 6.0956192 2.8694258 0.0342789 0.6243610 -0.6383575 0.3447447 -0.2895241
629.641496 6.1183052 2.8610373 0.0310364 0.6191860 -0.6462803 0.3413155 -0.2871138
630.008449 6.1540146 2.7434788 0.0180845 0.3827771 -0.8110631 0.4187128 -0.1426116
630.242012 6.1517425 2.6705370 0.0121303 0.2788531 -0.8571038 0.4262384 -0.0770374
630.442174 6.1482573 2.6099734 0.0044804 0.1972599 -0.8934950 0.4012811 -0.0415785
630.475535 6.1475558 2.6009915 0.0031504 0.1879851 -0.8965834 0.3994186 -0.0355613
630.909215 6.1481576 2.4871492 -0.0142418 0.0749487 -0.9316936 0.3548507 -0.0202685
631.142730 6.1576324 2.3829136 -0.0236698 0.0445013 -0.9290283 0.3671396 -0.0116021
631.209451 6.1606264 2.3422394 -0.0272031 0.0395705 -0.9252808 0.3768916 -0.0155695
631.242803 6.1617274 2.3188486 -0.0295536 0.0343860 -0.9240260 0.3802700 -0.0197065
631.543055 6.1791148 2.0476179 -0.0171180 0.0320081 -0.9190912 0.3901354 -0.0451802
631.776565 6.2123671 1.8462784 -0.0028182 0.0512324 -0.9122223 0.4056512 -0.0259394
631.876647 6.2279754 1.7521496 -0.0240546 0.0567884 -0.9122475 0.4055753 -0.0094001
632.143602 6.2858982 1.4501088 -0.0468965 0.0471811 -0.8969158 0.4394725 -0.0134121
632.377134 6.3323150 1.1767938 -0.0175273 0.0581463 -0.9083293 0.4130972 -0.0301260
632.477166 6.3445148 1.0717350 -0.0212743 0.0672118 -0.9081524 0.4123979 -0.0258830
632.710723 6.3668036 0.8117648 -0.0732945 0.0767415 -0.9070282 0.4121569 -0.0392091
632.777368 6.3740234 0.7264313 -0.0748062 0.0809388 -0.9058892 0.4133019 -0.0446683
632.877447 6.3893247 0.5925613 -0.0713761 0.0968262 -0.9144374 0.3895073 -0.0520881
633.010886 6.4128485 0.4418870 -0.0600191 0.1020149 -0.9146938 0.3871819 -0.0549399
633.344479 6.4859924 0.0668271 -0.1088991 0.1047645 -0.9082754 0.4027942 -0.0426275
633.477924 6.5194416 -0.1022449 -0.1042832 0.0873023 -0.9047886 0.4133881 -0.0533505
633.577994 6.5409880 -0.2257782 -0.0866985 0.0805146 -0.9057938 0.4115463 -0.0607009
633.644714 6.5534463 -0.3038322 -0.0754555 0.0826900 -0.9079975 0.4077774 -0.0491991
633.878229 6.5842776 -0.5687442 -0.0955517 0.0898968 -0.9055711 0.4124730 -0.0415396
633.944962 6.5914145 -0.6479077 -0.1062050 0.0906390 -0.9024146 0.4185831 -0.0471259
634.278544 6.6387186 -1.0508652 -0.0886817 0.1124044 -0.9005457 0.4143238 -0.0686926
634.445340 6.6687627 -1.2275190 -0.0983133 0.1219627 -0.9004863 0.4138483 -0.0545807
634.512058 6.6806688 -1.3006473 -0.1071625 0.1158048 -0.8986325 0.4207999 -0.0444571
634.578779 6.6928501 -1.3759142 -0.1170397 0.1103022 -0.8942817 0.4319859 -0.0384948
634.712299 6.7160082 -1.5327494 -0.1230972 0.0864626 -0.8868819 0.4522802 -0.0375134
634.845647 6.7350402 -1.6846747 -0.1053462 0.0755300 -0.8882157 0.4513110 -0.0410688
634.979095 6.7495461 -1.8221014 -0.0938427 0.0596186 -0.8955933 0.4396421 -0.0327592
635.045803 6.7579675 -1.8838526 -0.0939953 0.0709099 -0.8931346 0.4431534 -0.0299575
635.112522 6.7650847 -1.9426355 -0.0999591 0.0766372 -0.8903158 0.4478562 -0.0298245
635.245963 6.7735214 -2.0615988 -0.1182084 0.0767930 -0.8834428 0.4613695 -0.0277472
635.646276 6.7881236 -2.4150040 -0.1005337 0.0794825 -0.8768141 0.4738885 -0.0175852
635.712994 6.7884340 -2.4662728 -0.1028619 0.0765050 -0.8781701 0.4721217 -0.0080807
635.846484 6.7879019 -2.5689995 -0.1117358 0.0497684 -0.8836973 0.4651838 0.0143634
635.913149 6.7888885 -2.6200423 -0.1182245 0.0353152 -0.8820462 0.4693339 0.0217484
636.380447 6.7952065 -2.9619460 -0.1360174 -0.1287702 -0.8826802 0.4448719 0.0798934
636.647073 6.7330365 -3.0775614 -0.1519365 -0.2629007 -0.8761984 0.3814107 0.1329871
636.713776 6.7127824 -3.0978668 -0.1550953 -0.2933697 -0.8705218 0.3679020 0.1441320
636.847214 6.6648474 -3.1328740 -0.1608689 -0.3583628 -0.8578256 0.3349235 0.1534192
636.980648 6.6096196 -3.1536136 -0.1647682 -0.4580589 -0.8119959 0.3043999 0.1954114
637.147446 6.5159492 -3.1688643 -0.1708651 -0.5789841 -0.7242957 0.2347901 0.2916278
637.180807 6.4937167 -3.1732788 -0.1729169 -0.5769849 -0.7259110 0.2411630 0.2863251
637.280882 6.4179339 -3.1831801 -0.1802120 -0.5626146 -0.7380177 0.2648457 0.2620143
637.414323 6.2858906 -3.1823504 -0.1915126 -0.6025033 -0.7063633 0.2584108 0.2669542
637.481037 6.2148962 -3.1798577 -0.1900511 -0.6068255 -0.6959947 0.2725060 0.2703606
637.514449 6.1793070 -3.1783099 -0.1868072 -0.6075456 -0.6908944 0.2794496 0.2747020
637.981413 5.7206192 -3.1855772 -0.1867914 -0.5777135 -0.7142647 0.2689312 0.2893943
638.248303 5.4360485 -3.1962631 -0.2169218 -0.5702921 -0.7047206 0.3072648 0.2893516
638.348369 5.3307581 -3.2028153 -0.2030616 -0.5421920 -0.7278789 0.2990611 0.2945890
638.815351 4.8443556 -3.1827250 -0.0862141 -0.5724217 -0.7089683 0.2828308 0.2995065
638.915430 4.7388687 -3.1877234 -0.0474033 -0.5645741 -0.7096159 0.2815789 0.3137113
638.948771 4.7049313 -3.1905546 -0.0345159 -0.5547067 -0.7180513 0.2798649 0.3136533
639.215642 4.4655104 -3.1774085 0.0344424 -0.5438102 -0.7243521 0.3151839 0.2832732
639.315694 4.3865099 -3.1647913 0.0476985 -0.5382861 -0.7229332 0.3229277 0.2886755
639.482482 4.2452374 -3.1444495 0.0507174 -0.5432119 -0.7133182 0.3304456 0.2947943
639.949484 3.8439963 -3.0805969 0.1212382 -0.5700343 -0.7007500 0.3304931 0.2734679
640.082913 3.7260888 -3.0589252 0.1274648 -0.5728682 -0.7095334 0.3136125 0.2646348
640.316425 3.5213513 -3.0191822 0.1451731 -0.5749023 -0.7166108 0.3046654 0.2512676
640.383163 3.4632254 -3.0128193 0.1520066 -0.5637599 -0.7270808 0.2930104 0.2601408
640.449857 3.4059584 -3.0056925 0.1587827 -0.5577495 -0.7345800 0.2876742 0.2579755
640.483219 3.3775940 -3.0004668 0.1620779 -0.5616727 -0.7352653 0.2835541 0.2520039
640.850256 3.1095092 -2.9408984 0.2174022 -0.5417101 -0.7412646 0.3017935 0.2569000
640.883515 3.0839741 -2.9352782 0.2213233 -0.5424949 -0.7405812 0.3017513 0.2572643
641.150387 2.8580561 -2.9094543 0.2437048 -0.5418220 -0.7403277 0.2908997 0.2715163
642.217835 2.0040388 -2.8717561 0.3035301 -0.4815389 -0.7809164 0.3409410 0.2050589
642.284556 1.9494481 -2.8797376 0.3030254 -0.4708421 -0.7895299 0.3379411 0.2018567
642.351287 1.8952503 -2.8839614 0.2995113 -0.4769325 -0.7896456 0.3329319 0.1953244
642.384631 1.8688102 -2.8861730 0.2961918 -0.4800448 -0.7881157 0.3314123 0.1964599
642.518072 1.7699161 -2.8981004 0.2757916 -0.4724003 -0.7931750 0.3355701 0.1873610
643.385472 1.1873143 -2.9474831 0.1145998 -0.5080976 -0.7506818 0.3836017 0.1765319
643.452116 1.1346540 -2.9486742 0.0876582 -0.5220695 -0.7459695 0.3759359 0.1721775
643.585547 1.0342751 -2.9458363 0.0237588 -0.5503512 -0.7335612 0.3634550 0.1640183
643.852420 0.8600473 -2.9307525 -0.0866880 -0.5921190 -0.7067704 0.3299027 0.2025708
644.119283 0.6859131 -2.9348197 -0.1837832 -0.5822844 -0.7205402 0.3108439 0.2124683
644.185999 0.6382096 -2.9386156 -0.2055922 -0.5814167 -0.7196459 0.3140496 0.2131603
644.486243 0.4239936 -2.9495609 -0.2894146 -0.5773718 -0.7169393 0.3139887 0.2324887
644.819849 0.2191145 -3.0089099 -0.3560708 -0.5187486 -0.7604790 0.3241174 0.2179901
646.087631 -0.2319546 -3.5643418 -0.4656143 -0.1128107 -0.8932110 0.4314699 0.0572864
646.287800 -0.2709959 -3.6753864 -0.4819183 -0.0752141 -0.9019143 0.4246231 0.0242634
646.354532 -0.2834443 -3.7157793 -0.4912934 -0.0624965 -0.9033508 0.4240210 0.0160572
646.521336 -0.3176787 -3.8272781 -0.5105913 -0.0524735 -0.9018425 0.4281574 0.0246572
647.088475 -0.3720207 -4.2294416 -0.5056469 0.0039485 -0.9169758 0.3987560 0.0115571
647.121832 -0.3718907 -4.2535038 -0.5088286 0.0074921 -0.9172920 0.3980499 0.0087055
648.756522 -0.4547720 -5.2247419 -0.4555144 0.1665277 -0.9064047 0.3797805 -0.0804103
648.823217 -0.4511337 -5.2359896 -0.4502475 0.1569295 -0.9113988 0.3710828 -0.0838030
649.023365 -0.4356532 -5.2571225 -0.4156945 0.1585597 -0.9089013 0.3766234 -0.0831395
649.323603 -0.4324050 -5.2754641 -0.3056734 0.1774542 -0.9181638 0.3415529 -0.0939511
649.790639 -0.4503610 -5.3245058 -0.1314983 0.1385966 -0.9256269 0.3384518 -0.0972441
649.857355 -0.4535182 -5.3273177 -0.1079435 0.1291469 -0.9268147 0.3419158 -0.0861926
649.924077 -0.4563022 -5.3284545 -0.0845606 0.1191214 -0.9277177 0.3449806 -0.0783470
652.359332 -0.4169057 -5.2744455 0.1150827 0.0108309 -0.9198614 0.3908496 -0.0312130
652.826328 -0.4010019 -5.2085948 0.0633907 0.0607653 -0.9172973 0.3930913 -0.0187784
654.294107 -0.4960722 -4.3086452 -0.0251284 -0.0063222 -0.9458268 0.3242788 -0.0146630
654.360828 -0.4937813 -4.2652059 -0.0347538 -0.0067796 -0.9455487 0.3251155 -0.0138485
654.427547 -0.4898464 -4.2217798 -0.0431724 -0.0029115 -0.9455667 0.3252196 -0.0112880
654.561303 -0.4818392 -4.1371756 -0.0426393 0.0108220 -0.9498469 0.3108048 -0.0327754
654.661059 -0.4876409 -4.0725842 -0.0380549 0.0024119 -0.9513227 0.3069242 -0.0278735
654.727778 -0.4908405 -4.0267191 -0.0354142 -0.0046416 -0.9489424 0.3148187 -0.0193937
654.794497 -0.4937991 -3.9785910 -0.0341053 -0.0124697 -0.9483275 0.3167337 -0.0141114
655.261523 -0.5097864 -3.6180329 -0.0662036 0.0282000 -0.9563649 0.2891140 -0.0313699
655.328242 -0.5162778 -3.5734699 -0.0594311 0.0235664 -0.9560856 0.2899609 -0.0356055
655.528386 -0.5289385 -3.4210968 -0.0420053 0.0184223 -0.9475963 0.3152235 -0.0485381
655.595097 -0.5281790 -3.3668094 -0.0420760 0.0161009 -0.9451686 0.3229985 -0.0454875
656.529139 -0.5286435 -2.6346548 -0.1052983 0.0211769 -0.9372126 0.3461002 -0.0374006
657.129596 -0.5291014 -2.2228785 -0.1018918 -0.0003789 -0.9327939 0.3589632 -0.0322633
657.196320 -0.5179662 -2.1785579 -0.1126907 -0.0030373 -0.9349631 0.3531469 -0.0334984
657.263034 -0.5076788 -2.1359401 -0.1234250 -0.0110749 -0.9360152 0.3498909 -0.0364604
657.663340 -0.4701669 -1.9368432 -0.1474340 -0.0201149 -0.9450158 0.3247353 -0.0329772
657.730068 -0.4683465 -1.9097996 -0.1475660 -0.0203294 -0.9431443 0.3302968 -0.0311416
657.796799 -0.4652173 -1.8803656 -0.1499536 -0.0231463 -0.9440303 0.3274028 -0.0328390
657.930226 -0.4578054 -1.8201406 -0.1537200 -0.0152677 -0.9402225 0.3378741 -0.0398711
657.996934 -0.4571884 -1.7902182 -0.1621432 -0.0102416 -0.9428568 0.3300313 -0.0446720
658.130395 -0.4629429 -1.7341762 -0.1782353 -0.0170735 -0.9453483 0.3202676 -0.0587702
658.263817 -0.4722475 -1.6839712 -0.1922652 -0.0230031 -0.9479151 0.3150496 -0.0408853
658.463974 -0.4632272 -1.6147711 -0.2030926 -0.0407382 -0.9454883 0.3230359 -0.0063324
658.530690 -0.4466783 -1.5936618 -0.2057762 -0.0341873 -0.9444920 0.3267456 -0.0018352
658.597502 -0.4275194 -1.5716279 -0.2080933 -0.0290694 -0.9428421 0.3319162 0.0059378
658.664121 -0.4042360 -1.5472003 -0.2126875 -0.0237555 -0.9434573 0.3298415 0.0229943
658.931080 -0.2855718 -1.4332006 -0.2445346 -0.0321938 -0.9400237 0.3372391 0.0398623
658.997724 -0.2492609 -1.4055636 -0.2529138 -0.0343426 -0.9404603 0.3356570 0.0411034
659.064430 -0.2109969 -1.3781705 -0.2586627 -0.0312685 -0.9428997 0.3287454 0.0434628
659.197973 -0.1373644 -1.3237451 -0.2579901 -0.0346721 -0.9441375 0.3264518 0.0288350
659.331297 -0.0699772 -1.2683291 -0.2522233 -0.0445416 -0.9403373 0.3370324 0.0138165
659.531458 0.0147764 -1.1737082 -0.2644867 -0.0488510 -0.9392166 0.3398307 0.0009915
659.598179 0.0416285 -1.1421336 -0.2718611 -0.0442972 -0.9398675 0.3386076 -0.0056304
659.664886 0.0674748 -1.1124426 -0.2823189 -0.0452180 -0.9428853 0.3294364 -0.0198565
659.731612 0.0934895 -1.0863333 -0.2915310 -0.0383516 -0.9494522 0.3107156 -0.0229257
659.798355 0.1163039 -1.0622914 -0.2961815 -0.0423588 -0.9507843 0.3061975 -0.0214028
659.865044 0.1417069 -1.0385268 -0.2990446 -0.0332163 -0.9497786 0.3110598 -0.0076952
659.931763 0.1666353 -1.0146656 -0.3034049 -0.0394937 -0.9512894 0.3056701 -0.0073883
659.998480 0.1942930 -0.9918731 -0.3053923 -0.0288696 -0.9510831 0.3075682 0.0030379
660.065194 0.2244883 -0.9684262 -0.3077697 -0.0291768 -0.9503082 0.3097192 0.0117112
660.165305 0.2797852 -0.9329890 -0.3106322 -0.0170675 -0.9480961 0.3170666 0.0170655
660.298712 0.3648969 -0.8786405 -0.3161467 -0.0084341 -0.9469477 0.3211687 0.0083392
660.365434 0.4107488 -0.8469967 -0.3199697 -0.0089661 -0.9470370 0.3209265 0.0068301
660.699197 0.6263516 -0.6867708 -0.3380313 0.0154734 -0.9501964 0.3102598 -0.0250257
660.765759 0.6631511 -0.6573261 -0.3353456 0.0139897 -0.9494628 0.3126294 -0.0242381
660.832474 0.6992730 -0.6281388 -0.3337805 0.0168587 -0.9490630 0.3137624 -0.0234192
661.366237 0.9469346 -0.3643709 -0.3827550 0.0361079 -0.9594110 0.2769214 -0.0392623
661.499714 1.0004983 -0.3086682 -0.3820840 0.0436377 -0.9589170 0.2781147 -0.0350141
661.699823 1.0791566 -0.2372663 -0.3797712 0.0390978 -0.9551577 0.2926922 -0.0218293
661.766543 1.1093001 -0.2171076 -0.3799353 0.0391792 -0.9532254 0.2993169 -0.0153542
661.833266 1.1431044 -0.1968324 -0.3814804 0.0332805 -0.9537356 0.2982923 -0.0173978
661.899979 1.1782418 -0.1770099 -0.3827875 0.0318082 -0.9522730 0.3030427 -0.0181541
662.033419 1.2507368 -0.1409872 -0.3880571 0.0183086 -0.9477020 0.3164130 -0.0375319
662.233586 1.3393794 -0.1165234 -0.3834072 0.0254493 -0.9491913 0.3108721 -0.0417942
662.300390 1.3633249 -0.1165637 -0.3790594 0.0319310 -0.9485707 0.3120807 -0.0424222
662.967493 1.5132539 -0.2313224 -0.3983402 0.0275312 -0.9459882 0.3129648 -0.0800097
663.167650 1.5349633 -0.3118521 -0.4013013 0.0293417 -0.9469931 0.3081456 -0.0859613
663.234369 1.5369432 -0.3446792 -0.4047505 0.0212316 -0.9470645 0.3057857 -0.0954634
663.367803 1.5358559 -0.4242510 -0.4178030 0.0105092 -0.9470201 0.3037043 -0.1039534
663.434525 1.5306891 -0.4701526 -0.4248551 0.0086718 -0.9458793 0.3086126 -0.0999769
663.901572 1.4625317 -0.8194444 -0.4023311 -0.0252726 -0.9410751 0.3304103 -0.0675872
664.034999 1.4236398 -0.9048147 -0.4052505 -0.0383513 -0.9406996 0.3291976 -0.0724040
664.168420 1.3744721 -0.9961716 -0.4209193 -0.0445064 -0.9383113 0.3354819 -0.0710145
664.235169 1.3439056 -1.0468283 -0.4302728 -0.0458893 -0.9375601 0.3374181 -0.0708819
664.368577 1.2769656 -1.1537967 -0.4454075 -0.0438477 -0.9363278 0.3419591 -0.0665704
664.502022 1.2124449 -1.2573199 -0.4461508 -0.0397730 -0.9410663 0.3306041 -0.0592727
664.635462 1.1622800 -1.3504224 -0.4396363 -0.0294547 -0.9410065 0.3322553 -0.0569718
664.902452 1.0716449 -1.5220731 -0.4514537 -0.0285840 -0.9414623 0.3298120 -0.0636849
665.102490 0.9938487 -1.6675769 -0.4716114 -0.0388455 -0.9384947 0.3375272 -0.0615953
665.169205 0.9696642 -1.7199451 -0.4721589 -0.0315673 -0.9365808 0.3421640 -0.0688756
665.235918 0.9455853 -1.7717068 -0.4691232 -0.0331277 -0.9365862 0.3411992 -0.0727469
665.469437 0.8689954 -1.9397572 -0.4634451 -0.0376409 -0.9362559 0.3391253 -0.0836798
665.537073 0.8447810 -1.9869173 -0.4647772 -0.0456440 -0.9337399 0.3433207 -0.0904289
665.636352 0.8071594 -2.0581665 -0.4755228 -0.0505388 -0.9350989 0.3376046 -0.0951795
665.703201 0.7803018 -2.1088679 -0.4843297 -0.0505902 -0.9348571 0.3373994 -0.0982068
665.936461 0.6754518 -2.2966070 -0.5018370 -0.0413916 -0.9320428 0.3437419 -0.1068857
666.103257 0.6032618 -2.4232228 -0.4968891 -0.0421395 -0.9347538 0.3364757 -0.1060373
666.370128 0.5125269 -2.6088147 -0.4964302 -0.0387894 -0.9354696 0.3330667 -0.1116181
666.470204 0.4811011 -2.6840813 -0.5066907 -0.0352657 -0.9341269 0.3373553 -0.1111516
666.570277 0.4491283 -2.7652388 -0.5175815 -0.0319019 -0.9325275 0.3434834 -0.1067414
666.670356 0.4196111 -2.8499568 -0.5202618 -0.0241587 -0.9347039 0.3380243 -0.1071663
666.770432 0.3900263 -2.9322908 -0.5170856 -0.0226832 -0.9374655 0.3289612 -0.1114834
666.870509 0.3628900 -3.0082219 -0.5124509 -0.0282689 -0.9355261 0.3299614 -0.1229522
666.970585 0.3377454 -3.0823956 -0.5091960 -0.0309139 -0.9324216 0.3340146 -0.1344193
667.170767 0.2815168 -3.2284939 -0.5193689 -0.0259455 -0.9340386 0.3299286 -0.1343349
667.270828 0.2524593 -3.3050480 -0.5277874 -0.0247548 -0.9309784 0.3373902 -0.1372385
667.370907 0.2220667 -3.3832846 -0.5345526 -0.0241306 -0.9304938 0.3392757 -0.1359818
667.704520 0.1514383 -3.6318462 -0.5317295 -0.0245964 -0.9375570 0.3321488 -0.1002958
668.405108 0.1862230 -4.0323601 -0.5516145 -0.0206987 -0.9402056 0.3399704 -0.0022462
668.805414 0.2998649 -4.2059278 -0.6043963 0.0286242 -0.9509414 0.3070762 -0.0244017
668.905497 0.3341739 -4.2439399 -0.6136899 0.0447235 -0.9495320 0.3088521 -0.0316104
669.005580 0.3732832 -4.2750883 -0.6188173 0.0671030 -0.9467056 0.3113447 -0.0480643
669.105659 0.4146877 -4.3023586 -0.6201322 0.0953205 -0.9415413 0.3193186 -0.0494946
669.405895 0.5778450 -4.3474865 -0.6228602 0.1853664 -0.9253254 0.3209065 -0.0801949
669.505976 0.6381159 -4.3537712 -0.6270034 0.2050011 -0.9201217 0.3218790 -0.0880037
669.606055 0.6993937 -4.3529339 -0.6313818 0.2203048 -0.9181374 0.3139024 -0.0997747
669.706134 0.7613642 -4.3486753 -0.6357524 0.2341268 -0.9150243 0.3080344 -0.1141490
669.906281 0.8789709 -4.3403354 -0.6508079 0.2760283 -0.9060593 0.2973761 -0.1201347
670.106439 0.9878392 -4.3332796 -0.6703854 0.3215026 -0.8936963 0.2813138 -0.1371331
670.206503 1.0340978 -4.3349857 -0.6820390 0.3332455 -0.8881031 0.2766433 -0.1539124
670.273228 1.0625384 -4.3393621 -0.6908348 0.3376263 -0.8857834 0.2755335 -0.1596165
670.373307 1.1084151 -4.3459449 -0.7059138 0.3634647 -0.8726866 0.2817183 -0.1641541
670.440081 1.1395590 -4.3488789 -0.7186027 0.3834424 -0.8663640 0.2703260 -0.1711997
670.540106 1.1863840 -4.3534918 -0.7335505 0.4198946 -0.8499202 0.2665429 -0.1740089
670.606835 1.2169743 -4.3578444 -0.7420400 0.4365142 -0.8414026 0.2615703 -0.1818740
670.706920 1.2629509 -4.3629098 -0.7519759 0.4656029 -0.8236734 0.2589649 -0.1941991
670.773737 1.2924984 -4.3643465 -0.7586493 0.4868820 -0.8101995 0.2598335 -0.1975079
670.840427 1.3208833 -4.3644500 -0.7656317 0.5088483 -0.7949496 0.2603334 -0.2033595
670.973805 1.3761921 -4.3580046 -0.7867161 0.5514504 -0.7662156 0.2550297 -0.2092273
671.040522 1.4040077 -4.3507953 -0.8039725 0.5778654 -0.7468964 0.2499101 -0.2139215
671.074040 1.4170845 -4.3462782 -0.8143607 0.5903113 -0.7375630 0.2484374 -0.2140378
671.140704 1.4419611 -4.3365126 -0.8357061 0.6081614 -0.7237912 0.2410988 -0.2194023
671.173972 1.4520218 -4.3303251 -0.8455316 0.6149282 -0.7167203 0.2424389 -0.2222583
671.207383 1.4614630 -4.3241038 -0.8555099 0.6196092 -0.7129868 0.2393475 -0.2246046
671.240746 1.4698520 -4.3180952 -0.8647594 0.6237613 -0.7100132 0.2351946 -0.2269071
671.274050 1.4770610 -4.3130012 -0.8730446 0.6268632 -0.7101249 0.2304222 -0.2228694
671.307411 1.4842603 -4.3079424 -0.8804622 0.6312606 -0.7078053 0.2265345 -0.2218194
671.340779 1.4913721 -4.3036203 -0.8874981 0.6320091 -0.7064866 0.2255772 -0.2248468
671.374146 1.4992387 -4.3009357 -0.8950871 0.6317379 -0.7070786 0.2246235 -0.2247028
671.608330 1.5549746 -4.2866259 -0.9376068 0.6377120 -0.6983262 0.2319598 -0.2277249
671.641018 1.5610685 -4.2835083 -0.9438756 0.6408117 -0.6944688 0.2324573 -0.2302980
671.674391 1.5662942 -4.2808046 -0.9509246 0.6417544 -0.6919766 0.2357465 -0.2318260
671.807814 1.5768325 -4.2690520 -0.9824998 0.6406271 -0.6921331 0.2354261 -0.2347836
671.841203 1.5784757 -4.2670946 -0.9915715 0.6412271 -0.6922449 0.2352303 -0.2330052
671.874607 1.5800045 -4.2652860 -1.0013485 0.6432416 -0.6913905 0.2344705 -0.2307450
671.941252 1.5821109 -4.2623277 -1.0196588 0.6433884 -0.6946397 0.2296515 -0.2253606
672.007961 1.5849597 -4.2604275 -1.0335789 0.6388354 -0.6968356 0.2340464 -0.2270064
672.141405 1.5902727 -4.2569504 -1.0525079 0.6262751 -0.7076281 0.2344784 -0.2281706
672.174769 1.5922389 -4.2560158 -1.0556026 0.6232529 -0.7085803 0.2383787 -0.2294461
672.208129 1.5940595 -4.2549458 -1.0580237 0.6190326 -0.7107144 0.2419197 -0.2305614
672.308203 1.5976107 -4.2499814 -1.0626280 0.6087885 -0.7178072 0.2486427 -0.2287055
672.341561 1.5989568 -4.2474909 -1.0637015 0.6080266 -0.7184296 0.2477738 -0.2297192
672.374928 1.5999303 -4.2454624 -1.0645674 0.6037332 -0.7210286 0.2484967 -0.2321064
672.408280 1.6006806 -4.2432532 -1.0658127 0.6011403 -0.7236457 0.2481319 -0.2310794
672.475071 1.6025786 -4.2398787 -1.0673081 0.5993834 -0.7236879 0.2543363 -0.2287541
672.508357 1.6033585 -4.2387600 -1.0680619 0.5982951 -0.7222086 0.2613532 -0.2283688
672.541728 1.6041996 -4.2377253 -1.0693645 0.5976998 -0.7224274 0.2641442 -0.2260125
672.575108 1.6048143 -4.2366042 -1.0703620 0.5969682 -0.7231836 0.2646431 -0.2249412
672.641798 1.6071708 -4.2340636 -1.0722903 0.5914076 -0.7264812 0.2670875 -0.2261117
672.675159 1.6093411 -4.2325430 -1.0728282 0.5918280 -0.7257383 0.2698677 -0.2240867
672.708515 1.6115248 -4.2305951 -1.0728178 0.5931526 -0.7232550 0.2733665 -0.2243723
672.741973 1.6127498 -4.2281933 -1.0731478 0.5941078 -0.7222360 0.2748629 -0.2232969
672.775235 1.6134174 -4.2246723 -1.0737865 0.5951925 -0.7223399 0.2741508 -0.2209350
672.808594 1.6139476 -4.2212687 -1.0742081 0.5945466 -0.7227592 0.2735044 -0.2221009
672.841951 1.6140325 -4.2181864 -1.0755826 0.5922601 -0.7229666 0.2769799 -0.2232253
672.875325 1.6137841 -4.2156854 -1.0778283 0.5901428 -0.7239006 0.2786542 -0.2237216
672.908760 1.6132958 -4.2137260 -1.0809208 0.5905346 -0.7255461 0.2727457 -0.2246366
672.942026 1.6114821 -4.2124696 -1.0854939 0.5942919 -0.7287003 0.2607073 -0.2187348
673.208906 1.5842731 -4.2091117 -1.0952358 0.5952808 -0.7262490 0.2701952 -0.2125975
673.509157 1.5865963 -4.2108970 -1.0889341 0.5923209 -0.7346297 0.2540918 -0.2119257
673.876084 1.5858521 -4.2089639 -1.0905850 0.5928545 -0.7318332 0.2619532 -0.2105332
674.343116 1.5864480 -4.2088127 -1.0908517 0.5928431 -0.7321159 0.2615875 -0.2100366
674.776795 1.5863893 -4.2087765 -1.0906624 0.5929473 -0.7320029 0.2616964 -0.2100006
675.243821 1.5866230 -4.2087836 -1.0909692 0.5928041 -0.7320637 0.2618349 -0.2100203
675.710857 1.5861676 -4.2087932 -1.0906475 0.5928118 -0.7320743 0.2617085 -0.2101191
676.178064 1.5861773 -4.2089038 -1.0906713 0.5928478 -0.7320613 0.2616221 -0.2101706
676.644915 1.5861278 -4.2089005 -1.0907048 0.5928147 -0.7320518 0.2617153 -0.2101810
677.111951 1.5862260 -4.2088814 -1.0907558 0.5927229 -0.7321007 0.2617352 -0.2102448
677.578977 1.5862145 -4.2089186 -1.0907848 0.5927560 -0.7320338 0.2618285 -0.2102684
677.812495 1.5860870 -4.2089310 -1.0907283 0.5926237 -0.7321998 0.2615837 -0.2103678
677.845931 1.5859716 -4.2089324 -1.0907649 0.5926821 -0.7321248 0.2616730 -0.2103531