632.010087 1.0129099 -0.4993438 -0.3143823 -0.9024705 -0.0764546 0.0146511 0.4236591
632.310343 0.9234896 -0.1377043 -0.2858106 -0.9023898 -0.0890416 0.0395172 0.4197652
632.577203 0.8762352 0.1472079 -0.3058064 -0.9032371 -0.0989039 0.0409746 0.4155743
632.844087 0.8304961 0.4786080 -0.3359933 -0.9078373 -0.1127031 0.0707763 0.3976432
633.110963 0.7649807 0.7779890 -0.3228008 -0.9053665 -0.1365612 0.0693819 0.3960414
633.377841 0.6843176 1.0912173 -0.3718904 -0.9039422 -0.1252569 0.0547636 0.4052163
633.644714 0.6060466 1.4164829 -0.3356062 -0.9048696 -0.1073122 0.0606027 0.4074586
633.911588 0.5540588 1.7183217 -0.3608263 -0.9012130 -0.1143662 0.0556924 0.4142872
634.178521 0.5027143 2.0499990 -0.3503244 -0.8973848 -0.1185245 0.0850524 0.4164355
634.445340 0.4381688 2.3367739 -0.3562829 -0.8964653 -0.1461459 0.0659958 0.4130811
634.512058 0.4221447 2.4099612 -0.3649309 -0.8948288 -0.1397503 0.0561907 0.4202308
634.645495 0.3895909 2.5639329 -0.3816168 -0.8877410 -0.1242511 0.0494262 0.4404935
634.812320 0.3528236 2.7576971 -0.3663082 -0.8834154 -0.1036897 0.0523540 0.4539657
634.945730 0.3307157 2.8993211 -0.3521063 -0.8929579 -0.0811073 0.0465166 0.4403226
635.045803 0.3132210 2.9936283 -0.3502882 -0.8905913 -0.0942008 0.0426551 0.4428926
635.145885 0.2988786 3.0818386 -0.3603256 -0.8855135 -0.0986023 0.0385563 0.4523901
635.212602 0.2919140 3.1419713 -0.3700223 -0.8838842 -0.0951180 0.0381126 0.4563430
635.379398 0.2732053 3.2960162 -0.3689313 -0.8710151 -0.1016301 0.0430913 0.4786933
635.712994 0.2505615 3.5783529 -0.3574152 -0.8756562 -0.0989921 0.0213775 0.4721968
635.813072 0.2467089 3.6560934 -0.3632059 -0.8802016 -0.0836709 0.0045810 0.4671440
635.879791 0.2442736 3.7077391 -0.3689542 -0.8816761 -0.0658048 -0.0062927 0.4672018
636.146666 0.2186343 3.9222293 -0.3924232 -0.8827305 0.0255925 -0.0575832 0.4656351
636.180024 0.2160298 3.9483752 -0.3907905 -0.8853701 0.0309625 -0.0530523 0.4608109
636.313469 0.2130835 4.0385261 -0.3873315 -0.8847958 0.0702801 -0.0589258 0.4568641
636.613726 0.2683530 4.1840148 -0.4069672 -0.8855390 0.2208304 -0.1141172 0.3924690
636.913935 0.3669090 4.2684422 -0.4243135 -0.8503762 0.3848469 -0.1544381 0.3238858
636.947286 0.3798418 4.2742677 -0.4254012 -0.8392081 0.4080447 -0.1692793 0.3171338
637.114085 0.4665596 4.2940111 -0.4318614 -0.7441315 0.5515550 -0.2790321 0.2533701
637.280882 0.5852015 4.3200169 -0.4431305 -0.7519659 0.5437991 -0.2543690 0.2722612
637.314596 0.6153448 4.3227582 -0.4459653 -0.7463955 0.5525961 -0.2517647 0.2722975
637.380960 0.6817212 4.3257966 -0.4515173 -0.7283792 0.5756863 -0.2590265 0.2663725
637.414323 0.7171383 4.3270669 -0.4533322 -0.7216639 0.5841019 -0.2593528 0.2660120
637.447681 0.7527838 4.3281813 -0.4535697 -0.7165793 0.5880946 -0.2600258 0.2702695
638.014778 1.3159523 4.3659463 -0.4554188 -0.7289121 0.5597641 -0.2781540 0.2792518
638.415082 1.7371414 4.4015017 -0.4522362 -0.7431633 0.5302781 -0.2792000 0.2975915
638.448416 1.7715800 4.4019885 -0.4459000 -0.7408308 0.5347714 -0.2830321 0.2916884
638.681914 2.0085337 4.4010191 -0.3886757 -0.7358112 0.5463555 -0.2682476 0.2968515
638.781991 2.1153607 4.4026895 -0.3572116 -0.7224439 0.5522262 -0.2971101 0.2912847
638.815351 2.1513634 4.4045162 -0.3464622 -0.7234246 0.5541896 -0.2913640 0.2909258
639.082521 2.4180086 4.4271245 -0.2520542 -0.7374961 0.5298981 -0.2901452 0.3018664
639.382408 2.6669757 4.4050264 -0.2100563 -0.7307709 0.5269358 -0.2763491 0.3345803
639.649263 2.9011970 4.3878694 -0.1969414 -0.7182443 0.5286114 -0.2866090 0.3500719
640.016200 3.2175035 4.3486466 -0.1373110 -0.7236118 0.5521146 -0.2637955 0.3193233
640.116271 3.3061426 4.3347559 -0.1328163 -0.7229423 0.5567969 -0.2485638 0.3248813
640.182992 3.3652050 4.3268085 -0.1305804 -0.7274998 0.5544151 -0.2486118 0.3186850
640.449857 3.5991783 4.3052869 -0.1066551 -0.7489058 0.5383028 -0.2504714 0.2943371
640.516636 3.6544223 4.2974329 -0.0985885 -0.7484077 0.5424581 -0.2456319 0.2920448
640.650007 3.7538552 4.2817369 -0.0788012 -0.7538289 0.5334930 -0.2484510 0.2922318
640.816805 3.8722644 4.2594967 -0.0532517 -0.7554584 0.5244905 -0.2437030 0.3078983
641.417244 4.3646655 4.2264433 0.0285573 -0.7378882 0.5191554 -0.2585193 0.3452050
641.617389 4.5289421 4.2176418 0.0753298 -0.7547376 0.5187029 -0.2488319 0.3152798
641.784173 4.6630907 4.2141466 0.0780797 -0.7568461 0.5197548 -0.2378273 0.3169813
642.051043 4.8726315 4.2221293 0.0439005 -0.7697948 0.4935248 -0.2152800 0.3427883
642.217835 4.9991217 4.2438340 0.0368657 -0.7931396 0.4608254 -0.1963268 0.3464469
642.251196 5.0266304 4.2496171 0.0364680 -0.7993256 0.4535833 -0.1945089 0.3427929
642.551764 5.2560449 4.2862811 0.0036411 -0.8062919 0.4470704 -0.1794058 0.3432710
642.651492 5.3228436 4.3000927 -0.0130463 -0.8045847 0.4457934 -0.1810122 0.3480608
642.718211 5.3653045 4.3110495 -0.0211267 -0.8051749 0.4387170 -0.1754841 0.3583659
643.485463 5.8842850 4.3664370 -0.1885853 -0.7576892 0.5082487 -0.1629367 0.3755554
643.518818 5.9096265 4.3674850 -0.2044172 -0.7560483 0.5151767 -0.1605966 0.3703955
643.585547 5.9595213 4.3662243 -0.2376013 -0.7478111 0.5309756 -0.1541577 0.3675309
643.885768 6.1537604 4.3601108 -0.3601599 -0.7212513 0.5737758 -0.1998983 0.3325938
643.952498 6.1939230 4.3608499 -0.3832064 -0.7246493 0.5693262 -0.2017495 0.3317352
644.319472 6.4504614 4.3839417 -0.5053577 -0.7244970 0.5649971 -0.2111486 0.3336146
644.786490 6.7443810 4.4612188 -0.6069298 -0.7728102 0.4984007 -0.2117954 0.3309138
644.919930 6.8274031 4.4983048 -0.6390581 -0.7773293 0.4865734 -0.2032853 0.3430461
645.053567 6.9013214 4.5482559 -0.6569271 -0.7935079 0.4268120 -0.2097281 0.3797247
645.320265 7.0158033 4.6549506 -0.6860924 -0.8436010 0.3305550 -0.1584685 0.3923754
645.487189 7.0675125 4.7207723 -0.7017708 -0.8697534 0.2606674 -0.1042349 0.4058532
646.488632 7.2523603 5.2916474 -0.7718821 -0.9047025 0.0299651 -0.0158432 0.4246934
646.521336 7.2584567 5.3149056 -0.7736664 -0.9026657 0.0285719 -0.0130760 0.4291937
647.322000 7.2786164 5.8922615 -0.7827640 -0.9065682 -0.0350313 0.0213488 0.4200608
647.388771 7.2725320 5.9417934 -0.7821050 -0.9039471 -0.0322817 0.0245566 0.4257166
648.256091 7.2810149 6.5245414 -0.7515569 -0.9026514 -0.1236473 0.0932382 0.4015453
648.689780 7.3188076 6.6962767 -0.7195697 -0.8988560 -0.1905474 0.0889565 0.3844952
649.056730 7.2982254 6.7432289 -0.6696296 -0.9066684 -0.1771514 0.0948349 0.3709128
649.256891 7.2948976 6.7559376 -0.5957713 -0.9101546 -0.1970973 0.0979476 0.3509666
649.723956 7.3095770 6.8059978 -0.4218545 -0.9209778 -0.1741203 0.1167549 0.3284058
649.924077 7.3188224 6.8135867 -0.3521395 -0.9238616 -0.1435744 0.0881486 0.3436508
650.858144 7.3118243 6.7754908 -0.1486039 -0.9201711 -0.0280894 0.0368795 0.3887622
652.292586 7.2816615 6.7551250 -0.1444173 -0.9193055 -0.0359463 0.0406055 0.3897902
653.059841 7.2853026 6.6024294 -0.2342124 -0.9339718 -0.0548659 0.0084863 0.3530077
653.526863 7.3281918 6.3397284 -0.2657013 -0.9383656 -0.0440057 0.0002434 0.3428317
653.760433 7.3620996 6.1778412 -0.2931747 -0.9498971 -0.0310692 -0.0049673 0.3109754
654.194028 7.4088187 5.8725424 -0.2835007 -0.9447259 -0.0190085 0.0197601 0.3267126
654.327465 7.4107261 5.7817354 -0.2994447 -0.9452578 -0.0191805 0.0235520 0.3249081
654.394295 7.4099560 5.7384062 -0.3082356 -0.9447989 -0.0196550 0.0201096 0.3264419
654.527638 7.4036674 5.6528521 -0.3128176 -0.9501321 -0.0358311 0.0400198 0.3071866
654.594358 7.4071660 5.6110983 -0.3090191 -0.9495527 -0.0340536 0.0444149 0.3085735
654.661059 7.4134583 5.5679121 -0.3054814 -0.9506860 -0.0276434 0.0363703 0.3067722
654.727778 7.4189405 5.5225887 -0.3023396 -0.9484850 -0.0206808 0.0280584 0.3148989
655.261523 7.4607172 5.1179261 -0.3331432 -0.9551180 -0.0533303 0.0395811 0.2886847
655.328242 7.4695444 5.0740590 -0.3268585 -0.9549870 -0.0487684 0.0439118 0.2892978
655.661821 7.4933386 4.8147678 -0.3166676 -0.9435986 -0.0347223 0.0574043 0.3242237
655.728544 7.4953189 4.7598171 -0.3258457 -0.9423541 -0.0262595 0.0563275 0.3287953
655.928691 7.5031762 4.6041565 -0.3633676 -0.9475799 -0.0157018 0.0575200 0.3139063
655.995408 7.5062184 4.5605202 -0.3692455 -0.9517037 -0.0103175 0.0544477 0.3019753
656.395704 7.5196118 4.2559452 -0.3656917 -0.9357553 -0.0370015 0.0361260 0.3488379
656.462417 7.5261140 4.1998906 -0.3710089 -0.9357286 -0.0400510 0.0351057 0.3486769
656.862731 7.5788889 3.9122291 -0.3753307 -0.9428268 -0.0300987 0.0249424 0.3309827
657.196320 7.5488091 3.6894820 -0.3845739 -0.9343628 -0.0221098 0.0434663 0.3529702
657.263034 7.5400066 3.6467063 -0.3951094 -0.9356743 -0.0142586 0.0461771 0.3495397
657.329753 7.5314155 3.6073275 -0.4050190 -0.9375902 -0.0117220 0.0428213 0.3448966
657.663340 7.5115871 3.4482388 -0.4187241 -0.9449461 -0.0053574 0.0418346 0.3244967
657.730068 7.5114188 3.4212661 -0.4190340 -0.9430696 -0.0050452 0.0400797 0.3301334
657.796799 7.5102310 3.3916810 -0.4215980 -0.9440269 -0.0023621 0.0417992 0.3272010
657.930226 7.5063839 3.3320384 -0.4259093 -0.9399499 -0.0102516 0.0491018 0.3376065
658.263817 7.5300050 3.1994779 -0.4639635 -0.9479546 -0.0028112 0.0499832 0.3144453
658.463974 7.5249648 3.1295037 -0.4760900 -0.9459396 0.0150742 0.0155114 0.3236210
658.530690 7.5094690 3.1080146 -0.4789066 -0.9447545 0.0086202 0.0111076 0.3274773
658.597502 7.4916601 3.0852900 -0.4813488 -0.9428867 0.0034309 0.0033577 0.3330790
658.864478 7.3886509 2.9728861 -0.5068879 -0.9400446 0.0054831 -0.0315355 0.3395463
658.931080 7.3558836 2.9425421 -0.5164275 -0.9402331 0.0068630 -0.0308465 0.3390621
659.131147 7.2511678 2.8525968 -0.5324974 -0.9442928 0.0107849 -0.0279865 0.3277372
659.197973 7.2157893 2.8235731 -0.5297999 -0.9444615 0.0091525 -0.0198023 0.3278973
659.331297 7.1524434 2.7634892 -0.5229945 -0.9409440 0.0191039 -0.0043535 0.3379947
659.464736 7.0973539 2.6975389 -0.5274827 -0.9384182 0.0213504 0.0022096 0.3448342
659.731612 6.9985294 2.5727379 -0.5613356 -0.9498888 0.0123814 0.0309070 0.3108096
659.798355 6.9768071 2.5482068 -0.5659056 -0.9513654 0.0163118 0.0292067 0.3062433
659.865044 6.9524913 2.5234201 -0.5686724 -0.9501578 0.0072187 0.0156518 0.3112925
659.931763 6.9283142 2.4980621 -0.5731430 -0.9518741 0.0135288 0.0150421 0.3058209
660.065194 6.8717809 2.4469190 -0.5794809 -0.9502602 0.0031507 -0.0045059 0.3114087
660.131918 6.8375816 2.4231052 -0.5804811 -0.9497140 -0.0096283 -0.0113198 0.3127659
660.265377 6.7577329 2.3675752 -0.5843596 -0.9482433 -0.0178959 0.0001699 0.3170403
660.332074 6.7157168 2.3352282 -0.5870812 -0.9461551 -0.0148077 -0.0004337 0.3233745
660.398793 6.6715870 2.3007240 -0.5921052 -0.9469234 -0.0158242 0.0042208 0.3210417
660.465626 6.6278334 2.2657678 -0.5972829 -0.9454222 -0.0118634 0.0112240 0.3254383
660.599010 6.5428710 2.1953907 -0.6077721 -0.9472978 -0.0259996 0.0251769 0.3183033
660.732396 6.4683981 2.1274433 -0.6116149 -0.9492853 -0.0390196 0.0351326 0.3100012
660.799113 6.4353309 2.0965283 -0.6104326 -0.9481686 -0.0390170 0.0309608 0.3138397
661.599741 6.0987186 1.7063415 -0.6519860 -0.9549381 -0.0677308 0.0354935 0.2867855
661.666466 6.0734425 1.6829389 -0.6513669 -0.9535804 -0.0659362 0.0312928 0.2921601
661.733184 6.0458784 1.6609973 -0.6511054 -0.9530828 -0.0610539 0.0265498 0.2952977
661.799902 6.0135078 1.6394136 -0.6511406 -0.9513914 -0.0623355 0.0247325 0.3005943
661.866731 5.9815717 1.6181173 -0.6531205 -0.9517128 -0.0580930 0.0248205 0.3004195
662.133500 5.8531961 1.5489273 -0.6642379 -0.9529907 -0.0422027 0.0530564 0.2953179
662.233586 5.8114028 1.5399413 -0.6558241 -0.9479532 -0.0498330 0.0509431 0.3103327
662.700630 5.6784220 1.5691078 -0.6651312 -0.9431188 -0.0595741 0.0730232 0.3188190
662.767330 5.6668530 1.5855360 -0.6668265 -0.9436817 -0.0606014 0.0713627 0.3173325
663.167650 5.6034107 1.7218295 -0.6754770 -0.9453430 -0.0540136 0.0943040 0.3074345
663.367803 5.5983610 1.8324935 -0.6908540 -0.9458646 -0.0352067 0.1125130 0.3023927
663.434525 5.6009355 1.8788214 -0.6978303 -0.9448004 -0.0332434 0.1089321 0.3072149
663.634679 5.6162167 2.0372601 -0.7037354 -0.9436052 -0.0148838 0.0943693 0.3169890
663.701394 5.6228905 2.0909557 -0.7011572 -0.9452770 -0.0116396 0.0940533 0.3122014
663.834835 5.6421070 2.1889267 -0.6844059 -0.9426656 -0.0027270 0.0801635 0.3239566
664.001626 5.6778612 2.2970316 -0.6775718 -0.9401330 0.0126494 0.0857391 0.3296041
664.135066 5.7192831 2.3874106 -0.6904976 -0.9392532 0.0208628 0.0814113 0.3327771
664.201789 5.7443895 2.4374318 -0.6996965 -0.9385364 0.0209029 0.0814533 0.3347802
664.335220 5.8026509 2.5473089 -0.7161913 -0.9366482 0.0207115 0.0786811 0.3406912
664.535382 5.8884263 2.7067397 -0.7170308 -0.9409709 0.0087335 0.0627693 0.3325020
664.602097 5.9121084 2.7552488 -0.7127082 -0.9403506 0.0082098 0.0659436 0.3336538
664.702174 5.9415746 2.8225818 -0.7092047 -0.9410018 0.0001601 0.0680089 0.3314975
664.902452 6.0027046 2.9532762 -0.7224987 -0.9415147 0.0041280 0.0728605 0.3289745
664.969056 6.0253458 3.0009923 -0.7293947 -0.9411222 0.0071445 0.0730765 0.3299968
665.169205 6.0913072 3.1545544 -0.7418752 -0.9367912 0.0067748 0.0777633 0.3410707
665.235918 6.1131306 3.2073238 -0.7394946 -0.9368011 0.0083848 0.0818622 0.3400471
665.369383 6.1499357 3.3076618 -0.7335501 -0.9352393 0.0077995 0.0927229 0.3415688
665.436078 6.1709838 3.3548019 -0.7334714 -0.9375845 0.0124102 0.0956590 0.3341119
665.636352 6.2357841 3.4988153 -0.7450454 -0.9357188 0.0259678 0.1043326 0.3359625
665.869746 6.3250818 3.6855152 -0.7687147 -0.9323534 0.0145156 0.1070309 0.3450375
666.036543 6.3961735 3.8216522 -0.7666719 -0.9353575 0.0155134 0.1079604 0.3364675
666.136617 6.4315023 3.8964567 -0.7636306 -0.9357437 0.0165247 0.1152923 0.3328940
666.203422 6.4529295 3.9444466 -0.7606561 -0.9359457 0.0161777 0.1164931 0.3319236
666.303406 6.4803548 4.0146174 -0.7603135 -0.9361743 0.0141106 0.1201954 0.3300481
666.503559 6.5350742 4.1641207 -0.7782378 -0.9342529 0.0089987 0.1202433 0.3356073
666.703717 6.5869107 4.3338580 -0.7870719 -0.9348350 0.0019732 0.1191704 0.3344816
666.903868 6.6339827 4.4906878 -0.7775171 -0.9356742 0.0033900 0.1318680 0.3272816
667.003981 6.6567612 4.5657401 -0.7761042 -0.9337038 0.0068766 0.1447158 0.3274253
667.104029 6.6795053 4.6397977 -0.7787004 -0.9322207 0.0054024 0.1511333 0.3287768
667.604444 6.7963190 5.0285597 -0.7983637 -0.9359621 0.0018367 0.1147764 0.3328635
667.804607 6.8096242 5.1622739 -0.7982345 -0.9372323 -0.0029683 0.1091192 0.3311797
668.405108 6.7489600 5.4945683 -0.8156900 -0.9402202 -0.0041082 0.0118762 0.3403353
668.605284 6.6944737 5.5810719 -0.8445024 -0.9484111 -0.0213376 0.0124473 0.3160794
669.005580 6.5493350 5.7252522 -0.8833809 -0.9443118 -0.0921730 0.0569649 0.3106999
669.105659 6.5070124 5.7502518 -0.8847680 -0.9383435 -0.1203494 0.0585632 0.3187442
669.405895 6.3418922 5.7865481 -0.8875077 -0.9197065 -0.2100664 0.0890478 0.3195035
669.505976 6.2814703 5.7895932 -0.8914933 -0.9139838 -0.2295501 0.0967845 0.3202706
669.606055 6.2206178 5.7854867 -0.8956804 -0.9116386 -0.2448633 0.1081951 0.3118507
669.806210 6.1007676 5.7704353 -0.9067626 -0.9052880 -0.2753286 0.1290030 0.2966582
669.906281 6.0439949 5.7637076 -0.9140379 -0.8980800 -0.3002687 0.1281980 0.2947141
670.006982 5.9876070 5.7556853 -0.9228373 -0.8934663 -0.3185557 0.1441978 0.2818638
670.206503 5.8903399 5.7504144 -0.9451711 -0.8785118 -0.3570837 0.1615262 0.2731618
670.306587 5.8467112 5.7547855 -0.9581851 -0.8714882 -0.3691235 0.1719985 0.2732630
670.406665 5.8006482 5.7579002 -0.9750711 -0.8604916 -0.3936218 0.1749282 0.2720590
670.506743 5.7535448 5.7600131 -0.9920767 -0.8439134 -0.4311941 0.1782495 0.2647809
670.606835 5.7072363 5.7632656 -1.0047269 -0.8291774 -0.4587932 0.1890305 0.2573735
670.706920 5.6608224 5.7659745 -1.0139236 -0.8107877 -0.4872799 0.2012299 0.2543385
670.807037 5.6163845 5.7650118 -1.0240035 -0.7890315 -0.5182937 0.2088345 0.2553216
670.873721 5.5897913 5.7622285 -1.0318239 -0.7730472 -0.5423248 0.2078874 0.2550775
671.040522 5.5198154 5.7433376 -1.0657969 -0.7312351 -0.5974009 0.2198437 0.2451045
671.074040 5.5070305 5.7379084 -1.0762625 -0.7217118 -0.6094252 0.2198660 0.2437048
671.140704 5.4825025 5.7255135 -1.0979964 -0.7076753 -0.6266662 0.2246728 0.2366586
671.173972 5.4726009 5.7188339 -1.1078787 -0.7004007 -0.6332399 0.2278648 0.2377477
671.207383 5.4633498 5.7122850 -1.1178799 -0.6965697 -0.6377764 0.2302486 0.2345582
671.274050 5.4480324 5.7009687 -1.1364362 -0.6935555 -0.6449198 0.2286152 0.2253765
671.307411 5.4408855 5.6959524 -1.1440172 -0.6910190 -0.6493852 0.2274619 0.2214786
671.340779 5.4334989 5.6915159 -1.1513653 -0.6897160 -0.6500583 0.2304605 0.2204631
671.374146 5.4256368 5.6884499 -1.1590879 -0.6902252 -0.6499197 0.2302025 0.2195456
671.540936 5.3863325 5.6754589 -1.1897422 -0.6830314 -0.6555053 0.2299995 0.2255686
671.674391 5.3604240 5.6644468 -1.2146277 -0.6747715 -0.6596339 0.2379513 0.2300994
671.707756 5.3559666 5.6614828 -1.2232497 -0.6731164 -0.6618721 0.2360666 0.2304610
671.774454 5.3493452 5.6557193 -1.2402282 -0.6754260 -0.6581997 0.2402942 0.2298514
671.807814 5.3469629 5.6533794 -1.2494780 -0.6751584 -0.6579546 0.2415724 0.2299993
671.841203 5.3448172 5.6515560 -1.2593051 -0.6753281 -0.6582934 0.2406599 0.2294879
671.874607 5.3425121 5.6500397 -1.2695844 -0.6744031 -0.6602737 0.2384737 0.2288003
672.174769 5.3179317 5.6469073 -1.3277533 -0.6917540 -0.6415782 0.2383803 0.2302798
672.208129 5.3164501 5.6460605 -1.3302022 -0.6938055 -0.6374159 0.2396941 0.2342685
672.274843 5.3137722 5.6435757 -1.3336821 -0.6981401 -0.6305577 0.2406641 0.2389105
672.308203 5.3126373 5.6421442 -1.3352160 -0.7007024 -0.6277496 0.2395176 0.2399542
672.341561 5.3112030 5.6398244 -1.3364680 -0.7014523 -0.6270201 0.2406225 0.2385612
672.374928 5.3093143 5.6380973 -1.3372996 -0.7041112 -0.6233069 0.2424510 0.2386076
672.441641 5.3047276 5.6356888 -1.3392777 -0.7072600 -0.6208689 0.2404835 0.2376404
672.475071 5.3025351 5.6350994 -1.3399327 -0.7070471 -0.6191415 0.2383987 0.2447741
672.508357 5.3003569 5.6346803 -1.3407139 -0.7056139 -0.6178777 0.2381224 0.2522577
672.541728 5.2982426 5.6342707 -1.3419603 -0.7056689 -0.6174473 0.2356329 0.2554751
672.575108 5.2958341 5.6336217 -1.3430296 -0.7063895 -0.6169437 0.2343479 0.2558817
672.608436 5.2927785 5.6329861 -1.3439616 -0.7081745 -0.6138062 0.2353604 0.2575584
672.641798 5.2892027 5.6319151 -1.3450905 -0.7096744 -0.6117755 0.2357245 0.2579283
672.708515 5.2812877 5.6284876 -1.3466016 -0.7058411 -0.6138003 0.2340579 0.2650556
672.775235 5.2740879 5.6232567 -1.3495739 -0.7048447 -0.6159714 0.2311457 0.2652261
672.808594 5.2709365 5.6206546 -1.3511109 -0.7049450 -0.6158926 0.2316063 0.2647405
672.875325 5.2662444 5.6167221 -1.3559651 -0.7062219 -0.6112995 0.2338389 0.2699682
672.908760 5.2650590 5.6148853 -1.3596332 -0.7080011 -0.6109087 0.2345842 0.2655093
672.942026 5.2649565 5.6137571 -1.3646250 -0.7110823 -0.6136048 0.2283037 0.2563760
673.409058 5.2698941 5.6125345 -1.3742241 -0.7131440 -0.6139693 0.2220882 0.2552338
673.842731 5.2697382 5.6122494 -1.3743876 -0.7126738 -0.6148856 0.2203681 0.2558312
674.243097 5.2696757 5.6122684 -1.3743639 -0.7125699 -0.6152515 0.2199830 0.2555723
674.676713 5.2697597 5.6123114 -1.3743738 -0.7124953 -0.6151131 0.2204632 0.2557002
674.910235 5.2697153 5.6124578 -1.3743358 -0.7130800 -0.6147175 0.2207341 0.2547860
675.410716 5.2697210 5.6123857 -1.3743813 -0.7131262 -0.6146106 0.2205778 0.2550500
675.544061 5.2697544 5.6123519 -1.3743573 -0.7129371 -0.6147955 0.2204530 0.2552404
676.011097 5.2697201 5.6123323 -1.3743665 -0.7127717 -0.6149603 0.2202994 0.2554384
676.478121 5.2696733 5.6123495 -1.3743883 -0.7127542 -0.6150445 0.2201484 0.2554140
676.711651 5.2697072 5.6123238 -1.3743440 -0.7127724 -0.6150705 0.2200772 0.2553622
677.212039 5.2697334 5.6123476 -1.3743749 -0.7128273 -0.6149942 0.2202135 0.2552755
677.712413 5.2697229 5.6123638 -1.3743316 -0.7127094 -0.6151281 0.2200616 0.2554129