1403715528.562143087 0.008815623 0.004920673 -0.044529051 -0.803771404 -0.048546873 0.005334266 0.592930247
1403715528.612143040 0.002159772 0.001679624 -0.013284159 -0.812832766 -0.044263912 0.005902111 0.580782890
1403715528.662142992 0.003790404 0.002838723 -0.022622288 -0.806253408 -0.042385517 0.009071846 0.589980179
1403715528.712143183 0.005760805 0.004660088 -0.037189931 -0.796926641 -0.040851864 0.012413482 0.602565316
1403715528.762142897 0.004133190 0.003120844 -0.018061058 -0.804358940 -0.040196266 0.010889181 0.592682362
1403715528.812143087 0.005324906 0.003899383 -0.023435659 -0.799972162 -0.040579115 0.010372737 0.598573540
1403715528.862143040 0.006125595 0.004643223 -0.027461389 -0.795422923 -0.040539096 0.011053998 0.604596364
1403715528.912142992 0.006771792 0.005318802 -0.030747523 -0.791992383 -0.039975606 0.012134048 0.609099976
1403715528.962142944 0.007447077 0.006069788 -0.035504647 -0.788321431 -0.040176493 0.012585632 0.613821451
1403715529.012143135 0.007696454 0.006113274 -0.036542933 -0.787256465 -0.042016649 0.012774941 0.615059884
1403715529.062143087 0.008752617 0.007095992 -0.042886534 -0.783968191 -0.043863304 0.017068914 0.619014167
1403715529.112143040 0.007191052 0.006040136 -0.030900097 -0.790433115 -0.049144852 0.015975440 0.610364694
1403715529.162142992 0.007466372 0.005947229 -0.033770806 -0.787703245 -0.054534226 0.021449893 0.613261378
1403715529.212143183 0.007763507 0.005849179 -0.037006157 -0.785380868 -0.061264834 0.027396813 0.615364061
1403715529.262142897 0.007963538 0.005359074 -0.038040885 -0.784269439 -0.068881290 0.033930233 0.615650513
1403715529.312143087 0.008144003 0.005224149 -0.042580465 -0.781854826 -0.078071942 0.039599113 0.617284143
1403715529.362143040 0.003094498 -0.000856786 -0.019771461 -0.795841759 -0.088405461 0.038292029 0.597791008
1403715529.412142992 0.002397374 -0.002929734 -0.020253677 -0.793847845 -0.098367533 0.043813142 0.598506338
1403715529.462142944 0.001873442 -0.004835937 -0.020320459 -0.791162922 -0.107025052 0.049311510 0.600146019
1403715529.512143135 0.001091575 -0.007019357 -0.020373984 -0.788437247 -0.114587352 0.053789895 0.601949411
1403715529.562143087 0.000449315 -0.009083214 -0.019581741 -0.786384132 -0.120565597 0.058621203 0.603015330
1403715529.612143040 0.001944113 -0.003134381 -0.005311778 -0.722074630 0.082852622 -0.332346351 0.601073685
1403715529.662142992 0.001640018 -0.003788273 -0.005651539 -0.721796570 0.076820006 -0.330282980 0.603341985
1403715529.712143183 0.001824698 -0.003912887 -0.005646199 -0.720985442 0.070619110 -0.329728696 0.605369243
1403715529.762142897 0.001750243 -0.004364408 -0.005875975 -0.721116189 0.065310316 -0.328649681 0.606395409
1403715529.812143087 0.001733375 -0.004619531 -0.005839788 -0.720529746 0.060426566 -0.327922753 0.607990283
1403715529.862143040 -0.000919867 -0.007996873 -0.006924269 -0.692696625 0.030993247 -0.385420104 0.608820291
1403715529.912142992 -0.006985197 -0.004664407 -0.005196553 -0.691288829 0.027945771 -0.383553962 0.611739444
1403715529.962142944 -0.024312069 -0.015459983 -0.010643761 -0.685040992 0.036345969 -0.388619164 0.615120277
1403715530.012143135 -0.033777821 -0.010508792 -0.007759535 -0.681765071 0.031980143 -0.389306724 0.618557946
1403715530.062143087 -0.034812034 -0.005712773 -0.009213029 -0.676464060 0.029359426 -0.385943497 0.626563658
1403715530.112143040 -0.040849919 -0.000898517 -0.008690002 -0.670683769 0.026167569 -0.385813703 0.632966292
1403715530.162142992 -0.052383826 0.007602617 0.010874636 -0.674378233 0.013048966 -0.388720002 0.627646782
1403715530.212143183 -0.069880669 0.013345784 0.018988545 -0.673730409 0.010500817 -0.391614092 0.626590354
1403715530.262142897 -0.096947190 0.018667343 0.032851405 -0.673914541 0.008847025 -0.394827834 0.624397232
1403715530.312143087 -0.124527389 0.024068777 0.046908813 -0.674198056 0.007590318 -0.397034269 0.622706317
1403715530.362143040 -0.157346072 0.029781680 0.063450191 -0.674700113 0.008077588 -0.395512788 0.623124502
1403715530.412142992 -0.212336868 0.027512110 0.088059299 -0.668253046 0.006226037 -0.404323465 0.624437058
1403715530.462142944 -0.254010377 0.029432398 0.107268527 -0.669879449 0.006767552 -0.398532904 0.626408212
1403715530.512143135 -0.304806326 0.034202744 0.127417487 -0.670352717 0.003703300 -0.394996281 0.628165152
1403715530.562143087 -0.361630146 0.036941804 0.144757785 -0.669251493 0.000856360 -0.395070323 0.629302110
1403715530.612143040 -0.416917527 0.041668864 0.160506383 -0.669353788 -0.003379621 -0.392373972 0.630869836
1403715530.662142992 -0.451588528 0.028796281 0.171397920 -0.670582521 -0.011211561 -0.386114749 0.633331496
1403715530.712143183 -0.507262715 0.032637632 0.181370627 -0.670408632 -0.015492163 -0.383157722 0.635218403
1403715530.762142897 -0.474223834 0.099685818 0.179426519 -0.689733082 -0.033012258 -0.343349912 0.636623362
1403715530.812143087 -0.520183614 0.111340906 0.185774760 -0.690896210 -0.040024118 -0.338884778 0.637352025
1403715530.862143040 -0.568246245 0.123579561 0.191794721 -0.692070553 -0.047830118 -0.333724954 0.638261925
1403715530.912142992 -0.454132093 0.139810189 0.153126959 -0.706030605 -0.065139038 -0.296891521 0.639635143
1403715530.962142944 -0.487106898 0.153542980 0.155308137 -0.706606113 -0.072530300 -0.294788404 0.639176778
1403715531.012143135 -0.512423973 0.164508173 0.153338694 -0.709028760 -0.077640209 -0.292704548 0.636847127
1403715531.062143087 -0.405947656 0.152841107 0.111873790 -0.717725468 -0.077204238 -0.282524328 0.631735437
1403715531.112143040 -0.428763583 0.166100365 0.109663474 -0.724858200 -0.078411711 -0.279990049 0.624530036
1403715531.162142992 -0.451997563 0.181423227 0.106764188 -0.730668096 -0.079433416 -0.277584975 0.618676853
1403715531.212143183 -0.476064874 0.198868465 0.103739976 -0.736244173 -0.078008708 -0.269885800 0.615646664
1403715531.262142897 -0.463705037 0.192448942 0.108134352 -0.739326701 -0.088890609 -0.262975528 0.613464229
1403715531.312143087 -0.471330143 0.199049329 0.107942151 -0.739874460 -0.091717516 -0.249060577 0.618176763
1403715531.362143040 -0.743314676 0.277006275 0.140052202 -0.734366559 -0.140203354 -0.174617551 0.640747601
1403715531.412142992 -0.772242909 0.306753478 0.132523993 -0.728253483 -0.142572830 -0.169671514 0.648483947
1403715531.462142944 -0.797390795 0.338048895 0.121638842 -0.722437915 -0.145958860 -0.168150436 0.654602857
1403715531.512143135 -0.820913522 0.371462627 0.106471285 -0.717503556 -0.148876956 -0.166910972 0.659670392
1403715531.562143087 -0.749227627 0.388448731 0.053871882 -0.717250178 -0.145370683 -0.175848171 0.658404866
1403715531.612143040 -0.765050260 0.421449731 0.030940686 -0.715621993 -0.146432663 -0.173607028 0.660532541
1403715531.662142992 -0.779109900 0.455549152 0.004659911 -0.715104120 -0.146696312 -0.171372668 0.661617486
1403715531.712143183 -0.763507557 0.485039044 -0.034688830 -0.712204316 -0.155831408 -0.166628621 0.663864811
1403715531.762142897 -0.774655990 0.520457403 -0.062956367 -0.708529416 -0.159605035 -0.171486544 0.665661073
1403715531.812143087 -0.785715015 0.555954677 -0.091045916 -0.702260301 -0.164005789 -0.176236334 0.669980093
1403715531.862143040 -0.797069881 0.590903338 -0.119171778 -0.695276878 -0.168131392 -0.180209480 0.675164010
1403715531.912142992 -0.881989730 0.666722398 -0.146092978 -0.690120012 -0.176831014 -0.174468280 0.679724930
1403715531.962142944 -0.895315778 0.701405955 -0.177045063 -0.684018119 -0.179482544 -0.176698341 0.684604211
1403715532.012143135 -0.909411689 0.734698034 -0.210090156 -0.679821551 -0.181108789 -0.177476115 0.688145692
1403715532.062143087 -0.995147062 0.811672981 -0.250318347 -0.676897087 -0.187944834 -0.172190702 0.690534167
1403715532.112143040 -1.011102689 0.844508423 -0.287198766 -0.673715372 -0.189808896 -0.174205967 0.692627217
1403715532.162142992 -1.027986829 0.875402750 -0.324895868 -0.670705609 -0.191334640 -0.174552464 0.695037035
1403715532.212143183 -1.181827930 0.993241301 -0.393331693 -0.669170709 -0.205244751 -0.154436118 0.697305270
1403715532.262142897 -1.202092954 1.025043653 -0.438086169 -0.667080307 -0.207530690 -0.152174419 0.699126471
1403715532.312143087 -1.223294058 1.054797575 -0.484278974 -0.666718082 -0.209716916 -0.148479152 0.699614005
1403715532.362143040 -1.245275296 1.082985077 -0.531991603 -0.668276437 -0.210910767 -0.143929604 0.698718484
1403715532.412142992 -1.266811979 1.107971108 -0.582796793 -0.669219755 -0.210638222 -0.138166096 0.699061220
1403715532.462142944 -1.288910983 1.131917858 -0.633500501 -0.669977380 -0.211514600 -0.133647647 0.698949348
1403715532.512143135 -1.311249230 1.154315714 -0.685115599 -0.670587705 -0.211813895 -0.128698122 0.699202258
1403715532.562143087 -1.373599097 1.194624925 -0.746496218 -0.670211273 -0.219150562 -0.109804726 0.700523235
1403715532.612143040 -1.395428644 1.214972105 -0.800820170 -0.669768526 -0.217950368 -0.101238686 0.702608346
1403715532.662142992 -1.416577259 1.234505398 -0.855938988 -0.668707168 -0.216414529 -0.092149293 0.705339622
1403715532.712143183 -1.436303211 1.253084289 -0.912145522 -0.666768359 -0.215189839 -0.084069337 0.708551787
1403715532.762142897 -1.453439680 1.266080587 -0.973256938 -0.664449568 -0.215246990 -0.077150711 0.711493691
1403715532.812143087 -1.467141951 1.285901051 -1.035542674 -0.662319181 -0.214768761 -0.072199370 0.714139295
1403715532.862143040 -1.479709467 1.298769926 -1.096932618 -0.660291605 -0.213111014 -0.069768103 0.716750378
1403715532.912142992 -1.489878683 1.310276755 -1.161553959 -0.658889050 -0.210152055 -0.068836366 0.719001313
1403715532.962142944 -1.496836603 1.321003511 -1.228335477 -0.657979077 -0.204439678 -0.068652585 0.721494820
1403715533.012143135 -1.500390883 1.331045116 -1.298449792 -0.656953474 -0.196810091 -0.069535084 0.724460346
1403715533.062143087 -1.522631018 1.348256611 -1.373495255 -0.656017497 -0.189122712 -0.071324609 0.727177037
1403715533.112143040 -1.520573671 1.356339566 -1.450401805 -0.654077206 -0.178990870 -0.075040497 0.731104781
1403715533.162142992 -1.515307535 1.362333130 -1.529146652 -0.649329389 -0.168812981 -0.081057657 0.737091024
1403715533.212143183 -1.518333921 1.396072509 -1.619387937 -0.640663559 -0.155480344 -0.093791064 0.746042427
1403715533.262142897 -1.508859299 1.392107141 -1.697123836 -0.631971917 -0.146363723 -0.101310759 0.754271361
1403715533.312143087 -1.510126784 1.374435158 -1.775649115 -0.623813765 -0.138253082 -0.110767243 0.761231298
1403715533.362143040 -1.498083588 1.354441975 -1.850830360 -0.619929190 -0.130953072 -0.118632572 0.764503371
1403715533.412142992 -1.495003681 1.300224739 -1.878779976 -0.615988453 -0.127120806 -0.126312899 0.767100762
1403715533.462142944 -1.481483875 1.261901147 -1.949129576 -0.616324797 -0.120801565 -0.131507000 0.766978902
1403715533.512143135 -1.449142698 1.135473091 -1.924851669 -0.616983648 -0.112777826 -0.133702102 0.767291397
1403715533.562143087 -1.435555427 1.074865029 -1.984792036 -0.619240857 -0.105198530 -0.130070688 0.767173805
1403715533.612143040 -1.420623644 1.005484860 -2.044118078 -0.621399485 -0.098896668 -0.126093395 0.766930626
1403715533.662142992 -1.409502209 0.890626050 -2.028764000 -0.624244867 -0.090700256 -0.121518436 0.766371372
1403715533.712143183 -1.392040532 0.801144117 -2.081212080 -0.626149206 -0.085837485 -0.117611727 0.765987324
1403715533.762142897 -1.371827933 0.686985328 -2.105419267 -0.626495478 -0.082058213 -0.113513596 0.766736284
1403715533.812143087 -1.329864501 0.546732768 -2.141442431 -0.626775419 -0.081433649 -0.113306220 0.766604745
1403715533.862143040 -1.256045723 0.373326951 -2.165229450 -0.625979843 -0.079165307 -0.116186037 0.767061207
1403715533.912142992 -1.223680004 0.251124393 -2.219016849 -0.624394773 -0.081462881 -0.124445506 0.766816981
1403715533.962142944 -1.036573222 -0.043005842 -2.191283324 -0.622642901 -0.069623085 -0.132943085 0.767980846
1403715534.012143135 -0.850266227 -0.262755797 -1.679093491 -0.624400303 -0.125263246 -0.101105212 0.764337044
1403715534.062143087 -0.806311850 -0.376164979 -1.722698868 -0.621531863 -0.128218197 -0.107121387 0.765364779
1403715534.112143040 -0.605548097 -0.458707841 -1.407499822 -0.615248598 -0.149163707 -0.104077019 0.767064095
1403715534.162142992 -0.557916784 -0.563619910 -1.451214421 -0.611762065 -0.153030795 -0.111060955 0.768110810
1403715534.212143183 -0.600792093 -0.669707346 -1.598489179 -0.613662981 -0.142488362 -0.101788306 0.769905159
1403715534.262142897 -0.544185429 -0.788456300 -1.656887707 -0.610629612 -0.146250201 -0.108078712 0.770753753
1403715534.312143087 -0.485292576 -0.912223010 -1.718702697 -0.608037193 -0.149474420 -0.111904881 0.771638171
1403715534.362143040 -0.423802819 -1.040120208 -1.706724972 -0.605519906 -0.154924723 -0.103657379 0.773691878
1403715534.412142992 -0.359320899 -1.171638762 -1.774910246 -0.603601063 -0.154969757 -0.106041195 0.774858307
1403715534.462142944 -0.289065510 -1.304737175 -1.812280032 -0.600256182 -0.161635891 -0.098629414 0.777070520
1403715534.512143135 -0.218027144 -1.444390276 -1.886381939 -0.597981242 -0.158578066 -0.101178787 0.779124050
1403715534.562143087 -0.152928244 -1.619317913 -1.977541648 -0.597113929 -0.140403228 -0.109382871 0.782161925
1403715534.612143040 -0.078196754 -1.777347032 -2.054756757 -0.595534117 -0.133716092 -0.110555603 0.784370181
1403715534.662142992 -0.000906348 -1.943154315 -2.134066914 -0.593930626 -0.125942625 -0.113204685 0.786491936
1403715534.712143183 0.081258082 -2.127812626 -2.219676643 -0.593025887 -0.115034653 -0.116162582 0.788412062
1403715534.762142897 0.164519753 -2.310201205 -2.303373756 -0.593615123 -0.103979290 -0.119959763 0.788935389
1403715534.812143087 0.250714608 -2.501038859 -2.389664874 -0.594708135 -0.091619428 -0.125168057 0.788835263
1403715534.862143040 0.336803163 -2.806095132 -2.381041323 -0.595842071 -0.074129956 -0.122058993 0.790302840
1403715534.912142992 0.430956587 -3.018747752 -2.466232537 -0.596712171 -0.060128811 -0.127395552 0.789993344
1403715534.962142944 0.528264318 -3.240613507 -2.553206797 -0.596514388 -0.046444504 -0.133096504 0.790125821
1403715535.012143135 0.538912688 -3.626481850 -2.718645166 -0.592118971 0.008604237 -0.177566878 0.785996880
1403715535.062143087 0.631596403 -3.889792884 -2.809024829 -0.590944690 0.019650843 -0.181585340 0.785763948
1403715535.112143040 0.726817177 -4.163859064 -2.902261510 -0.591098746 0.029730332 -0.185099418 0.784510411
1403715535.162142992 0.882525052 -5.097874506 -3.623106995 -0.602392740 0.036490240 -0.177595303 0.777336065
1403715535.212143183 0.997559181 -5.411147830 -3.735847166 -0.604270264 0.044077533 -0.178546374 0.775264994
1403715535.262142897 1.115564628 -5.734873459 -3.850206803 -0.605455811 0.050249915 -0.179147972 0.773824406
1403715535.312143087 1.236776651 -6.069332797 -3.966160788 -0.605843804 0.055236905 -0.179197797 0.773169011
1403715535.362143040 1.425642635 -6.774975429 -4.302603711 -0.607443665 0.056267797 -0.173965372 0.773034397
1403715535.412142992 1.561099067 -7.141415269 -4.426480162 -0.605505252 0.061162788 -0.166033178 0.775922346
1403715535.462142944 1.700847974 -7.518484486 -4.552146854 -0.600200546 0.064945543 -0.158040693 0.781386281
1403715535.512143135 1.845301262 -7.906492204 -4.680109272 -0.592493269 0.066677117 -0.151102793 0.788462957
1403715535.562143087 2.113942337 -8.430501502 -4.816274392 -0.587152610 0.053476099 -0.138139251 0.795807556
1403715535.612143040 2.276280755 -8.839240275 -4.949825154 -0.576527433 0.050944790 -0.137435021 0.803823589
1403715535.662142992 2.443842869 -9.259071166 -5.087785314 -0.568759403 0.047045183 -0.138186017 0.809446797
1403715535.712143183 2.612645659 -9.671399725 -5.229272561 -0.563599178 0.042323155 -0.140059106 0.812987186
1403715535.762142897 2.791177570 -10.114316147 -5.376001361 -0.559983649 0.034380602 -0.141669207 0.815577172
1403715535.812143087 2.974408554 -10.569795217 -5.527336659 -0.556229952 0.023901411 -0.146109146 0.817734113
1403715535.862143040 3.192722130 -10.993351580 -5.667537360 -0.554548109 0.008577151 -0.149819289 0.818509015
1403715535.912142992 3.385397869 -11.470871076 -5.828024742 -0.555234099 -0.003599927 -0.154007555 0.817302765
1403715535.962142944 3.773202241 -11.604072309 -5.951804494 -0.563483628 -0.033888523 -0.135705947 0.814200015
1403715536.012143135 3.989725976 -12.082270355 -6.122189140 -0.566251933 -0.044547707 -0.135820133 0.811743273
1403715536.062143087 4.209346387 -12.572312603 -6.295207280 -0.569545362 -0.054308713 -0.136553202 0.808716185
1403715536.112143040 4.244918567 -13.398175351 -5.895569847 -0.558216869 -0.052448608 -0.152223569 0.813923249
1403715536.162142992 4.446726630 -13.933682845 -6.047721357 -0.560436677 -0.060404515 -0.152339175 0.811821903
1403715536.212143183 4.650927102 -14.480710929 -6.201402706 -0.561728790 -0.068210936 -0.154821122 0.809838536
1403715536.262142897 4.856525458 -15.039448237 -6.356700328 -0.562290661 -0.075445737 -0.157829829 0.808224535
1403715536.312143087 5.264634128 -15.659021013 -6.288308841 -0.565323469 -0.097693739 -0.139293918 0.807132277
1403715536.362143040 5.497398167 -16.232022927 -6.445559667 -0.561440828 -0.105028422 -0.142948892 0.808281412
1403715536.412142992 5.731425525 -16.816610557 -6.604158571 -0.555044014 -0.112579149 -0.148819175 0.810620090
1403715536.462142944 5.966217071 -17.413132410 -6.764312313 -0.547980624 -0.119501077 -0.155380028 0.813199714
1403715536.512143135 6.637445695 -17.663130534 -7.033437576 -0.545050509 -0.140796729 -0.136501273 0.815146383
1403715536.562143087 6.895105286 -18.260360981 -7.200789426 -0.537435840 -0.145663758 -0.140552694 0.818651164
1403715536.612143040 7.152875618 -18.870003160 -7.370557238 -0.529797297 -0.149872808 -0.142783613 0.822475413
1403715536.662142992 7.410619971 -19.492298898 -7.542659297 -0.521232102 -0.153460573 -0.144442752 0.826984425
1403715536.712143183 7.917938600 -19.765307790 -7.884265711 -0.515212764 -0.165028547 -0.128199399 0.831195705
1403715536.762142897 8.186290919 -20.399755698 -8.067267640 -0.503092213 -0.168220721 -0.125191278 0.838407513
1403715536.812143087 8.588395207 -20.832050723 -8.450667414 -0.490620219 -0.178111614 -0.115579130 0.845109175
1403715536.862143040 9.299594702 -21.211929313 -8.922375370 -0.476456555 -0.198829136 -0.088715826 0.851813141
1403715536.912142992 10.025645978 -21.533581092 -9.245817833 -0.458771398 -0.220666799 -0.061307294 0.858531528
1403715536.962142944 10.349889349 -22.191714558 -9.454707255 -0.445860346 -0.223931397 -0.065729191 0.864142902
1403715537.012143135 11.084419643 -21.140568755 -9.883232208 -0.409310407 -0.258107876 0.037945931 0.874302820
1403715537.062143087 11.481884689 -21.766606263 -10.118907339 -0.395278132 -0.258146291 0.036848365 0.880771190
1403715537.112143040 11.191332038 -22.573296324 -8.683596300 -0.406078422 -0.253306759 -0.037009844 0.877249265
1403715537.162142992 11.550759792 -23.277429176 -8.890232185 -0.389798331 -0.253473117 -0.035524998 0.884616648
1403715537.212143183 11.907301160 -23.611283936 -9.085460321 -0.371356683 -0.258153267 -0.025289272 0.891522045
1403715537.262142897 12.281754741 -24.336400737 -9.298873346 -0.358619965 -0.257140718 -0.019317239 0.897160641
1403715537.312143087 12.660024644 -25.081328462 -9.520029805 -0.352920550 -0.255249119 -0.004681797 0.900151683
1403715537.362143040 13.778361515 -24.121835088 -4.598657823 -0.319145609 -0.294429046 0.101208245 0.895105864
1403715537.412142992 14.200344320 -24.892225062 -4.798731953 -0.330242098 -0.293845391 0.114672023 0.889632154
1403715537.462142944 14.632182054 -25.678214767 -5.006342961 -0.346976212 -0.294145969 0.127617554 0.881362251
1403715537.512143135 13.107233333 -22.609532707 -3.554993160 -0.348311424 -0.286766176 0.147429826 0.880175414
1403715537.562143087 13.513814803 -23.336378685 -3.723561521 -0.368657509 -0.288467569 0.153136806 0.870302948
1403715537.612143040 13.930796634 -24.076094830 -3.897878601 -0.386208666 -0.289646075 0.157548356 0.861467662
1403715537.662142992 12.375143577 -21.099313906 -3.002837547 -0.399004189 -0.290388344 0.165119480 0.853935492
1403715537.712143183 12.765180998 -21.766833408 -3.165973930 -0.401282559 -0.288735590 0.170142724 0.852440919
1403715537.762142897 13.165350515 -22.445292011 -3.333415630 -0.396809853 -0.286150212 0.174320478 0.854559751
1403715537.812143087 11.587935373 -19.683094548 -3.087745772 -0.390189522 -0.283443302 0.169403086 0.859485093
1403715537.862143040 11.963564538 -20.298294145 -3.254043308 -0.381065351 -0.280961087 0.171638924 0.863938740
1403715537.912142992 12.349857114 -20.924374486 -3.426912245 -0.374773966 -0.279373152 0.174555125 0.866617346
1403715537.962142944 12.746932138 -21.560296638 -3.607313625 -0.373377884 -0.279340655 0.173085647 0.867524704
1403715538.012143135 10.930310114 -18.619695342 -3.536696906 -0.378622649 -0.280240246 0.168910617 0.865782593
1403715538.062143087 11.295906848 -19.196188169 -3.719422632 -0.381495918 -0.279862531 0.169286069 0.864569289
1403715538.112143040 11.672213976 -19.783816298 -3.907904989 -0.385929170 -0.278681229 0.171589957 0.862526716
1403715538.162142992 12.059270084 -20.381306748 -4.102386362 -0.390590061 -0.275886181 0.173377581 0.860968312
1403715538.212143183 10.997369011 -18.683296092 -3.936815146 -0.395588285 -0.273832347 0.170883296 0.859839900
1403715538.262142897 11.372683262 -19.254418265 -4.132595739 -0.397787823 -0.268053425 0.170449996 0.860731670
1403715538.312143087 11.757842008 -19.834311603 -4.334949588 -0.397481175 -0.260621527 0.170612879 0.863120143
1403715538.362143040 12.151535553 -20.420224555 -4.544800643 -0.395787305 -0.252048986 0.169666425 0.866623922
1403715538.412142992 11.859618513 -19.737423244 -4.378584844 -0.389811747 -0.242455204 0.168845001 0.872211925
1403715538.462142944 12.267476025 -20.324399606 -4.594122678 -0.380091874 -0.231675784 0.163541072 0.880403780
1403715538.512143135 12.413951595 -20.634525664 -4.810909135 -0.369719968 -0.219949165 0.162323276 0.888020644
1403715538.562143087 12.882740021 -21.405870709 -5.033838067 -0.363253656 -0.207377885 0.153876335 0.895188957
1403715538.612143040 13.301548739 -22.042379973 -5.267842870 -0.358392474 -0.194810899 0.148583350 0.900847677
1403715538.662142992 13.317829850 -23.033930607 -6.065830178 -0.363539670 -0.178270145 0.135722909 0.904233352
1403715538.712143183 13.763268574 -23.693966846 -6.328719014 -0.364971419 -0.164957142 0.132457452 0.906664231
1403715538.762142897 14.236159661 -23.684929707 -5.452444107 -0.369359468 -0.148885939 0.125287740 0.908685613
1403715538.812143087 14.710863006 -24.359685879 -5.706710801 -0.378711298 -0.134411275 0.121239888 0.907641037
1403715538.862143040 15.198032796 -25.048178142 -5.969150260 -0.386836428 -0.118425316 0.116475416 0.907064772
1403715538.912142992 15.830300556 -26.032410882 -6.100954654 -0.395259148 -0.098911043 0.110495721 0.906519446
1403715538.962142944 16.501250750 -27.089686498 -6.488432116 -0.401143311 -0.079421683 0.107829388 0.906172756
1403715539.012143135 17.045580604 -27.857106183 -6.973127630 -0.404209335 -0.059251344 0.107793060 0.906357958
1403715539.062143087 17.519581305 -28.388346004 -7.886789560 -0.401899866 -0.040754747 0.129442111 0.905571802
1403715539.112143040 17.900410137 -28.503765390 -9.284484100 -0.386216738 -0.026188234 0.181335404 0.904028915
1403715539.162142992 18.478198279 -28.940153356 -9.863157496 -0.382655157 -0.006617674 0.191569009 0.903787891
1403715539.212143183 19.016155658 -29.983076227 -11.678926775 -0.366543136 0.011285755 0.229395354 0.901607749
1403715539.262142897 19.673285606 -30.728528510 -12.094798431 -0.371945318 0.032138712 0.227791227 0.899296914
1403715539.312143087 20.656583509 -30.928176853 -11.662623506 -0.388828404 0.049499184 0.198414826 0.898328370
1403715539.362143040 21.322879988 -31.712596253 -12.090139882 -0.395002663 0.068145617 0.196637849 0.894797534
1403715539.412142992 22.209554313 -32.556130054 -11.962786602 -0.407747144 0.085661941 0.171409559 0.892761481
1403715539.462142944 22.902815181 -33.372506689 -12.409124432 -0.408600902 0.101370621 0.168956308 0.891191936
1403715539.512143135 23.613517751 -34.205422892 -12.867463921 -0.410283653 0.114576007 0.168470499 0.888907956
1403715539.562143087 25.699454148 -36.605613189 -9.421327198 -0.410813853 0.142363276 -0.005842608 0.900516818
1403715539.612143040 26.340496052 -37.538802832 -9.853906325 -0.408395349 0.151893832 -0.000189104 0.900078589
1403715539.662142992 26.991683372 -38.493852632 -10.295911766 -0.404491872 0.159371275 0.004525915 0.900536861
1403715539.712143183 27.669197129 -41.332953202 -7.167767840 -0.361831714 0.186861862 -0.100838348 0.907740096
1403715539.762142897 28.260455714 -42.368574408 -7.631464598 -0.356849535 0.190504364 -0.100291474 0.909014916
1403715539.812143087 28.856871281 -43.427883639 -8.107369477 -0.351830844 0.192159558 -0.101154728 0.910525937
1403715539.862143040 30.191128210 -45.455578642 -7.899351282 -0.347752293 0.190136076 -0.108694639 0.911648008
1403715539.912142992 30.794591303 -46.565025616 -8.404616761 -0.351407882 0.188872001 -0.108952793 0.910477433
1403715539.962142944 31.402697799 -47.699222834 -8.921524420 -0.354959175 0.186854743 -0.105526387 0.909919486
1403715540.012143135 29.219946942 -46.825371033 -7.699053267 -0.359483060 0.195398916 -0.122428961 0.904213660
1403715540.062143087 29.791750927 -47.960180950 -8.171172564 -0.366142861 0.193778753 -0.116764371 0.902637957
1403715540.112143040 30.368838313 -49.115497994 -8.655835450 -0.374820595 0.192073728 -0.110173717 0.900266048
1403715540.162142992 30.341084452 -49.169491447 -9.153350309 -0.383558610 0.192444101 -0.099700123 0.897723758
1403715540.212143183 30.911122105 -50.341533548 -9.653674471 -0.386225417 0.190629101 -0.095274897 0.897448142
1403715540.262142897 31.488052243 -51.534133856 -10.165248441 -0.383108302 0.188277896 -0.094269170 0.899384671
1403715540.312143087 32.071690659 -52.746616448 -10.689179704 -0.380014227 0.185481601 -0.098361098 0.900838974
1403715540.362143040 32.778477580 -53.819449070 -11.179972747 -0.378142343 0.179763746 -0.104919065 0.902045095
1403715540.412142992 33.376941572 -55.069232209 -11.727910218 -0.376942047 0.177173142 -0.113169962 0.902062598
1403715540.462142944 33.980986550 -56.338461792 -12.288227368 -0.375975396 0.175038212 -0.121444944 0.901806660
1403715540.512143135 34.590642840 -57.626559214 -12.862240095 -0.379679809 0.174060489 -0.130337498 0.899198713
1403715540.562143087 71.374407502 22.093691999 -48.872725618 0.770825229 -0.293234875 0.225915226 0.518463195
