1403638130.045097113 0.00843 0.01168 0.13279 -0.02736 0.83451 0.01487 0.55012
1403638130.145097017 0.00989 0.01382 0.17243 -0.03633 0.82796 0.0088 0.55954
1403638130.245096922 0.01168 0.01657 0.21178 -0.03963 0.82794 0.01525 0.55921
1403638130.345097065 0.01279 0.01877 0.25402 -0.05037 0.82174 0.00909 0.56756
1403638130.445096970 0.01309 0.02099 0.29537 -0.06088 0.81794 0.00516 0.57205
1403638130.545097113 0.01219 0.02373 0.33434 -0.05632 0.8205 0.01694 0.56861
1403638130.645097017 0.01039 0.02543 0.37313 -0.05406 0.81749 0.01916 0.57307
1403638130.745096922 0.00845 0.02576 0.41119 -0.06711 0.80951 0.00665 0.58322
1403638130.845097065 0.00664 0.02507 0.44289 -0.07951 0.80633 9e-05 0.5861
1403638130.945096970 0.00337 0.02199 0.46243 -0.08232 0.80152 -0.00288 0.59227
1403638131.045097113 0.00043 0.01795 0.46586 -0.08101 0.79045 -0.01081 0.60705
1403638131.145097017 -0.00098 0.01649 0.45087 -0.07536 0.79169 -0.00801 0.60621
1403638131.245096922 0.00107 0.0185 0.42335 -0.06197 0.80369 0.00664 0.59177
1403638131.345097065 0.00226 0.01844 0.39266 -0.05563 0.81069 0.01481 0.58264
1403638131.445096970 0.00369 0.01682 0.36064 -0.05426 0.8104 0.01251 0.58322
1403638131.545097113 0.00145 0.01436 0.32457 -0.04712 0.81249 0.0154 0.58086
1403638131.645097017 -0.00301 0.01246 0.28377 -0.04445 0.8158 0.0187 0.57632
1403638131.745096922 -0.00624 0.00996 0.24051 -0.0404 0.81585 0.0214 0.57646
1403638131.845097065 -0.00957 0.00622 0.19768 -0.0295 0.81727 0.02698 0.57486
1403638131.945096970 -0.01555 0.0041 0.15882 -0.02328 0.81798 0.02938 0.57402
1403638132.045097113 -0.01788 0.00321 0.13477 -0.01454 0.82188 0.04236 0.5679
1403638132.145097017 -0.01902 0.00449 0.13483 -0.00817 0.82671 0.0557 0.5598
1403638132.245096922 -0.01628 0.0043 0.16546 -0.01518 0.82221 0.05343 0.56646
1403638132.345097065 -0.0154 3e-05 0.2138 -0.02669 0.81476 0.04702 0.57727
1403638132.445096970 -0.01412 0.00386 0.27046 -0.04381 0.81056 0.03987 0.58265
1403638132.545097113 -0.01395 0.0069 0.32832 -0.06496 0.798 0.02461 0.59864
1403638132.645097017 -0.01224 0.01265 0.37766 -0.07825 0.78861 0.01438 0.60972
1403638132.745096922 -0.00997 0.023 0.41047 -0.08118 0.79531 0.0141 0.60058
1403638132.845097065 -0.00951 0.03316 0.42937 -0.08407 0.79428 0.00949 0.60163
1403638132.945096970 -0.00983 0.03716 0.43273 -0.09179 0.78528 0.00114 0.61229
1403638133.045097113 -0.00901 0.0332 0.42066 -0.09109 0.78464 0.01 0.61314
1403638133.145097017 -0.00593 0.01887 0.4 -0.07987 0.79081 0.02018 0.60649
1403638133.245096922 -0.00272 -0.00692 0.37634 -0.06703 0.79286 0.01418 0.60555
1403638133.345097065 -0.00196 -0.04298 0.35159 -0.04832 0.79709 0.00545 0.6019
1403638133.445096970 -0.00478 -0.08582 0.32767 -0.02818 0.80278 -0.00365 0.5956
1403638133.545097113 -0.01246 -0.13095 0.30906 -0.01351 0.80398 -0.02386 0.59402
1403638133.645097017 -0.02544 -0.17376 0.29166 -0.01184 0.80718 -0.0443 0.58853
1403638133.745096922 -0.04157 -0.21325 0.27488 -0.00415 0.81042 -0.06008 0.58274
1403638133.845097065 -0.05328 -0.24571 0.25901 0.01376 0.81208 -0.07051 0.57911
1403638133.945096970 -0.05411 -0.26318 0.2463 0.02474 0.81339 -0.0781 0.57592
1403638134.045097113 -0.04154 -0.25847 0.24124 0.02907 0.81296 -0.07932 0.57616
1403638134.145097017 -0.01802 -0.24187 0.2406 0.03245 0.81753 -0.07011 0.57069
1403638134.245096922 0.01158 -0.21468 0.24495 0.03175 0.81168 -0.07259 0.5787
1403638134.345097065 0.04529 -0.17832 0.24993 0.02546 0.80756 -0.07976 0.58382
1403638134.445096970 0.0783 -0.13826 0.25338 0.01684 0.81068 -0.08307 0.57932
1403638134.545097113 0.10936 -0.09692 0.25779 0.00878 0.80961 -0.08861 0.58017
1403638134.645097017 0.12757 -0.05185 0.26216 -0.00016 0.80979 -0.09072 0.57966
1403638134.745096922 0.14553 -0.00766 0.26794 -0.00444 0.81551 -0.08695 0.57215
1403638134.845097065 0.15451 0.03795 0.27587 -0.00285 0.82152 -0.08064 0.56444
1403638134.945096970 0.16521 0.07589 0.28642 -0.00206 0.81915 -0.07947 0.56805
1403638135.045097113 0.16894 0.10783 0.2887 -0.00115 0.81857 -0.07649 0.56929
1403638135.145097017 0.16812 0.13331 0.28508 0.0009 0.82372 -0.06722 0.563
1403638135.245096922 0.16329 0.14426 0.27712 0.00296 0.82753 -0.06237 0.55794
1403638135.345097065 0.15811 0.13945 0.26454 0.00506 0.82572 -0.06237 0.56059
1403638135.445096970 0.1464 0.12491 0.25391 0.01252 0.82544 -0.06331 0.56079
1403638135.545097113 0.13362 0.10099 0.24557 0.01897 0.82972 -0.06297 0.55429
1403638135.645097017 0.12565 0.06813 0.24346 0.02827 0.83051 -0.06541 0.55242
1403638135.745096922 0.11402 0.03186 0.241 0.02799 0.82461 -0.0803 0.55927
1403638135.845097065 0.09781 -0.00115 0.23666 0.02942 0.82582 -0.08454 0.55678
1403638135.945096970 0.07459 -0.0312 0.23778 0.04209 0.83329 -0.0771 0.54581
1403638136.045097113 0.05291 -0.06463 0.25158 0.05381 0.83248 -0.07753 0.54596
1403638136.145097017 0.02983 -0.10549 0.27025 0.05639 0.82199 -0.08953 0.55959
1403638136.245096922 0.00497 -0.14913 0.27708 0.05537 0.81528 -0.09979 0.56771
1403638136.345097065 -0.01996 -0.19068 0.27229 0.06676 0.81504 -0.10161 0.5665
1403638136.445096970 -0.04074 -0.22032 0.26321 0.07445 0.81773 -0.1022 0.56154
1403638136.545097113 -0.05275 -0.22695 0.26224 0.07479 0.8194 -0.11063 0.55746
1403638136.645097017 -0.05541 -0.21452 0.27214 0.06445 0.81816 -0.11757 0.55915
1403638136.745096922 -0.05089 -0.18697 0.2868 0.05034 0.81815 -0.11561 0.561
1403638136.845097065 -0.04159 -0.14797 0.3018 0.02861 0.815 -0.11315 0.56758
1403638136.945096970 -0.03096 -0.10636 0.3086 0.00456 0.80452 -0.11734 0.5822
1403638137.045097113 -0.02079 -0.06618 0.29613 -0.00924 0.79914 -0.11686 0.5896
1403638137.145097017 -0.0131 -0.03104 0.26713 -0.00857 0.80436 -0.10636 0.58448
1403638137.245096922 -0.00784 -0.00213 0.22888 -0.00517 0.81431 -0.09135 0.57317
1403638137.345097065 -0.00551 0.01979 0.18785 -0.00453 0.82074 -0.08118 0.56549
1403638137.445096970 -0.00521 0.03444 0.14786 0.00266 0.82707 -0.0738 0.55723
1403638137.545097113 -0.00369 0.04315 0.11232 0.01459 0.83621 -0.06295 0.54458
1403638137.645097017 -0.00192 0.04759 0.0847 0.02688 0.84112 -0.05564 0.5373
1403638137.745096922 -0.00342 0.05049 0.06333 0.03262 0.83922 -0.05938 0.53956
1403638137.845097065 -0.00209 0.05569 0.04578 0.03548 0.84164 -0.06154 0.53535
1403638137.945096970 -0.00417 0.05772 0.03298 0.04323 0.85012 -0.05439 0.52198
1403638138.045097113 -0.00453 0.05991 0.02483 0.04633 0.85513 -0.04768 0.51414
1403638138.145097017 -0.00575 0.05999 0.02205 0.04451 0.84939 -0.05121 0.52338
1403638138.245096922 -0.00671 0.05906 0.02009 0.0411 0.84439 -0.05665 0.53115
1403638138.345097065 -0.00775 0.05915 0.02027 0.04142 0.84048 -0.05765 0.53716
1403638138.445096970 -0.0088 0.05931 0.02036 0.04164 0.83762 -0.05755 0.54162
1403638138.545097113 -0.00867 0.05923 0.02037 0.04118 0.83739 -0.05749 0.54201
1403638138.645097017 -0.00873 0.05933 0.02032 0.04062 0.83741 -0.05759 0.54202
1403638138.745096922 -0.00864 0.05933 0.02023 0.0402 0.83737 -0.05738 0.54212
1403638138.845097065 -0.00866 0.05933 0.02037 0.04 0.83745 -0.05667 0.54209
1403638138.945096970 -0.00861 0.05941 0.0203 0.03937 0.8375 -0.05688 0.54204
1403638139.045097113 -0.00853 0.05955 0.02033 0.03862 0.83738 -0.05686 0.54228
1403638139.145097017 -0.00852 0.05967 0.02041 0.03793 0.83736 -0.05683 0.54237
1403638139.245096922 -0.0085 0.05976 0.02045 0.03736 0.83733 -0.0568 0.54245
1403638139.345097065 -0.00849 0.05977 0.02056 0.03704 0.83736 -0.0565 0.54246
1403638139.445096970 -0.00846 0.05976 0.02063 0.03677 0.83734 -0.05612 0.54255
1403638139.545097113 -0.00845 0.05977 0.02072 0.03644 0.83736 -0.05581 0.54258
1403638139.645097017 -0.00843 0.05982 0.02079 0.03607 0.83738 -0.05555 0.5426
1403638139.745096922 -0.00839 0.05986 0.02084 0.0357 0.83737 -0.05533 0.54266
1403638139.845097065 -0.00838 0.05991 0.02093 0.03536 0.83739 -0.05512 0.54267
1403638139.945096970 -0.00835 0.05998 0.02099 0.03492 0.83739 -0.05501 0.5427
1403638140.045097113 -0.00832 0.06002 0.02107 0.03449 0.83744 -0.05484 0.54268
1403638140.145097017 -0.0083 0.06006 0.02111 0.0342 0.83743 -0.05462 0.54274
1403638140.245096922 -0.00828 0.0601 0.02114 0.03385 0.8374 -0.05447 0.54282
1403638140.345097065 -0.00828 0.06013 0.02117 0.03353 0.83741 -0.05433 0.54283
1403638140.445096970 -0.00827 0.06017 0.02119 0.03332 0.83741 -0.05417 0.54286
1403638140.545097113 -0.00825 0.06018 0.02125 0.03303 0.83742 -0.05404 0.54288
1403638140.645097017 -0.00825 0.06022 0.02127 0.03277 0.83741 -0.05394 0.54292
1403638140.745096922 -0.00824 0.06025 0.02128 0.03254 0.83738 -0.05381 0.54299
1403638140.845097065 -0.00822 0.06027 0.02132 0.03237 0.83738 -0.05369 0.54301
1403638140.945096970 -0.00821 0.06029 0.02138 0.03217 0.83741 -0.05355 0.543
1403638141.045097113 -0.00821 0.06033 0.02139 0.03202 0.83737 -0.05345 0.54307
1403638141.145097017 -0.00821 0.06033 0.02139 0.03183 0.83733 -0.05334 0.54315
1403638141.245096922 -0.0082 0.06035 0.02142 0.03167 0.83734 -0.05325 0.54317
1403638141.345097065 -0.0082 0.06036 0.02142 0.03147 0.83733 -0.05319 0.5432
1403638141.445096970 -0.00819 0.06037 0.02146 0.03132 0.83732 -0.05311 0.54322
1403638141.545097113 -0.00817 0.06036 0.02147 0.03127 0.83731 -0.0531 0.54324
1403638141.645097017 -0.00819 0.06038 0.0215 0.03114 0.83732 -0.05304 0.54324
1403638141.745096922 -0.00817 0.06038 0.02148 0.0311 0.8373 -0.05307 0.54328
1403638141.845097065 -0.00818 0.06039 0.02149 0.03098 0.8373 -0.05294 0.54329
1403638141.945096970 -0.00819 0.0604 0.02151 0.03092 0.83729 -0.05291 0.54332
1403638142.045097113 -0.00815 0.06042 0.02153 0.03082 0.83731 -0.05282 0.5433
1403638142.145097017 -0.00815 0.06045 0.02153 0.03077 0.8373 -0.05279 0.54332
1403638142.245096922 -0.00818 0.06033 0.02152 0.03121 0.83732 -0.05323 0.54323
1403638142.345097065 -0.00818 0.06036 0.02154 0.03122 0.83732 -0.05323 0.54322
1403638142.445096970 -0.00819 0.06043 0.02161 0.0312 0.8374 -0.05308 0.54312
1403638142.545097113 -0.00816 0.06046 0.02164 0.03096 0.83742 -0.05301 0.54309
1403638142.645097017 -0.0081 0.06046 0.02166 0.03063 0.83746 -0.0527 0.54308
1403638142.745096922 -0.00809 0.06047 0.02174 0.03092 0.83752 -0.05284 0.54296
1403638142.845097065 -0.00809 0.0604 0.0218 0.03119 0.8376 -0.05297 0.54281
1403638142.945096970 -0.00807 0.06042 0.02178 0.03116 0.83761 -0.0528 0.54282
1403638143.045097113 -0.00808 0.06044 0.02179 0.03115 0.83764 -0.0527 0.54278
1403638143.145097017 -0.00808 0.06041 0.02184 0.03121 0.83764 -0.05269 0.54278
1403638143.245096922 -0.00808 0.06036 0.02184 0.03123 0.83768 -0.05276 0.54272
1403638143.345097065 -0.00808 0.06035 0.02183 0.03136 0.83769 -0.05275 0.54269
1403638143.445096970 -0.00808 0.06036 0.02183 0.03149 0.83765 -0.05284 0.54273
1403638143.545097113 -0.00809 0.06034 0.02182 0.03153 0.83763 -0.05292 0.54275
1403638143.645097017 -0.00808 0.06033 0.0218 0.03152 0.83765 -0.05311 0.5427
1403638143.745096922 -0.00808 0.06032 0.02178 0.03154 0.83762 -0.0531 0.54275
1403638143.845097065 -0.0081 0.06032 0.02178 0.03149 0.83762 -0.05309 0.54276
1403638143.945096970 -0.00812 0.06031 0.02176 0.03157 0.83759 -0.05314 0.54279
1403638144.045097113 -0.00811 0.06029 0.02174 0.03149 0.83761 -0.05319 0.54276
1403638144.145097017 -0.00814 0.06029 0.02173 0.03158 0.8376 -0.05318 0.54278
1403638144.245096922 -0.00814 0.06029 0.02171 0.03155 0.83756 -0.05318 0.54283
1403638144.345097065 -0.00815 0.06028 0.02168 0.03145 0.83755 -0.05319 0.54286
1403638144.445096970 -0.00815 0.06027 0.02166 0.03147 0.83752 -0.0532 0.54289
1403638144.545097113 -0.00818 0.06025 0.02163 0.03148 0.8375 -0.05325 0.54293
1403638144.645097017 -0.0082 0.06025 0.02164 0.03143 0.83748 -0.05318 0.54297
1403638144.745096922 -0.0082 0.06026 0.02168 0.0315 0.83748 -0.05313 0.54296
1403638144.845097065 -0.00818 0.06025 0.02166 0.03144 0.83746 -0.05314 0.543
1403638144.945096970 -0.00818 0.06024 0.02168 0.03151 0.83753 -0.05312 0.5429
1403638145.045097113 -0.00817 0.06023 0.02167 0.0315 0.8375 -0.05315 0.54293
1403638145.145097017 -0.00818 0.06023 0.02168 0.03159 0.8375 -0.05314 0.54293
1403638145.245096922 -0.00818 0.06023 0.02169 0.03157 0.83747 -0.05312 0.54298
1403638145.345097065 -0.00819 0.06023 0.0217 0.03154 0.83744 -0.05315 0.54302
1403638145.445096970 -0.0082 0.0602 0.02175 0.03171 0.83744 -0.05319 0.54302
1403638145.545097113 -0.00817 0.06019 0.02178 0.03163 0.83739 -0.05315 0.54309
1403638145.645097017 -0.00816 0.06018 0.02179 0.03152 0.83746 -0.05312 0.543
1403638145.745096922 -0.00815 0.06018 0.02179 0.03149 0.83744 -0.05315 0.54303
1403638145.845097065 -0.00816 0.0602 0.02179 0.03153 0.83741 -0.05312 0.54307
1403638145.945096970 -0.00818 0.06018 0.02177 0.03159 0.83743 -0.05317 0.54304
1403638146.045097113 -0.00817 0.06018 0.02178 0.03153 0.8374 -0.05309 0.5431
1403638146.145097017 -0.00816 0.06017 0.02182 0.03156 0.83743 -0.05308 0.54305
1403638146.245096922 -0.00814 0.06017 0.02181 0.03167 0.83741 -0.05303 0.54307
1403638146.345097065 -0.00813 0.06015 0.02183 0.03172 0.83742 -0.05309 0.54305
1403638146.445096970 -0.00813 0.06017 0.02184 0.03177 0.83736 -0.05312 0.54313
1403638146.545097113 -0.00814 0.06016 0.02184 0.03183 0.83742 -0.05311 0.54304
1403638146.645097017 -0.00813 0.06015 0.0219 0.03197 0.83749 -0.05316 0.54292
1403638146.745096922 -0.00812 0.06015 0.0219 0.03204 0.83745 -0.05308 0.54298
1403638146.845097065 -0.00809 0.06014 0.02191 0.03215 0.8375 -0.05307 0.5429
1403638146.945096970 -0.00808 0.06016 0.02194 0.03216 0.83754 -0.05311 0.54284
1403638147.045097113 -0.00803 0.06021 0.02195 0.03233 0.8376 -0.05307 0.54274
1403638147.145097017 -0.008 0.06031 0.0219 0.03206 0.83774 -0.05302 0.54255
1403638147.245096922 -0.00799 0.0603 0.0219 0.03209 0.83772 -0.05298 0.54257
1403638147.345097065 -0.00797 0.06027 0.02199 0.03229 0.83761 -0.05294 0.54273
1403638147.445096970 -0.00794 0.06023 0.02207 0.03222 0.83756 -0.05293 0.54282
1403638147.545097113 -0.008 0.06009 0.02222 0.03193 0.83703 -0.053 0.54365
1403638147.645097017 -0.00759 0.06 0.02186 0.03163 0.83679 -0.05199 0.54413
1403638147.745096922 -0.00669 0.06006 0.02195 0.03082 0.8362 -0.0517 0.54512
1403638147.845097065 -0.00343 0.05899 0.02468 0.03298 0.83179 -0.05406 0.55146
1403638147.945096970 0.00359 0.05782 0.03094 0.03526 0.82364 -0.05645 0.56319
1403638148.045097113 0.01311 0.0566 0.04511 0.03608 0.81788 -0.05669 0.57145
1403638148.145097017 0.02381 0.05481 0.06743 0.03645 0.81392 -0.05487 0.57723
1403638148.245096922 0.03399 0.05334 0.1014 0.03512 0.81233 -0.05243 0.57978
1403638148.345097065 0.04248 0.0524 0.14995 0.03367 0.81169 -0.0493 0.58103
1403638148.445096970 0.04971 0.0523 0.19505 0.03278 0.81298 -0.04617 0.57953
1403638148.545097113 0.05592 0.05278 0.21676 0.03364 0.81785 -0.04301 0.57283
1403638148.645097017 0.06217 0.05394 0.21522 0.03302 0.82204 -0.04069 0.56701
1403638148.745096922 0.07106 0.05627 0.20445 0.0312 0.82505 -0.03928 0.56284
1403638148.845097065 0.08318 0.05936 0.20053 0.02933 0.82663 -0.03809 0.56069
1403638148.945096970 0.09746 0.06325 0.20669 0.0283 0.82614 -0.03683 0.56155
1403638149.045097113 0.11376 0.06753 0.22627 0.02746 0.82301 -0.0353 0.56626
1403638149.145097017 0.13226 0.07321 0.25703 0.02747 0.81982 -0.034 0.57095
1403638149.245096922 0.1555 0.07492 0.2939 0.02662 0.81815 -0.03417 0.57338
1403638149.345097065 0.17582 0.08164 0.32163 0.02444 0.81699 -0.03579 0.57502
1403638149.445096970 0.19842 0.08739 0.34949 0.02451 0.81604 -0.03569 0.57637
1403638149.545097113 0.21803 0.09424 0.36753 0.02584 0.81547 -0.0347 0.57719
1403638149.645097017 0.23736 0.1015 0.38026 0.02546 0.8157 -0.03175 0.57704
1403638149.745096922 0.26285 0.10699 0.39319 0.02242 0.81568 -0.02602 0.57748
1403638149.845097065 0.28306 0.11494 0.39782 0.01922 0.81625 -0.02152 0.57698
1403638149.945096970 0.30935 0.12316 0.40555 0.01742 0.81628 -0.01847 0.5771
1403638150.045097113 0.3307 0.13377 0.40427 0.02082 0.81627 -0.01336 0.57714
1403638150.145097017 0.35874 0.14666 0.40137 0.0281 0.81656 -0.00678 0.57654
1403638150.245096922 0.38178 0.16387 0.38995 0.0351 0.81629 -0.00173 0.57658
1403638150.345097065 0.40694 0.18652 0.37591 0.03531 0.81928 -0.00201 0.57231
1403638150.445096970 0.43756 0.21585 0.36408 0.02707 0.82535 -0.00373 0.56396
1403638150.545097113 0.46456 0.249 0.3564 0.01742 0.8298 -0.0011 0.55778
1403638150.645097017 0.49892 0.28598 0.36155 0.01032 0.83177 0.00273 0.55502
1403638150.745096922 0.5354 0.32447 0.37244 0.00598 0.83097 0.00749 0.55623
1403638150.845097065 0.57593 0.36446 0.38787 0.00222 0.82903 0.01589 0.55898
1403638150.945096970 0.61957 0.40634 0.40199 -0.00121 0.8258 0.0245 0.56344
1403638151.045097113 0.66653 0.45123 0.41011 -0.00625 0.82258 0.03406 0.5676
1403638151.145097017 0.71149 0.49777 0.41226 -0.0131 0.81923 0.04942 0.57119
1403638151.245096922 0.75648 0.54666 0.40735 -0.02586 0.81839 0.06768 0.57007
1403638151.345097065 0.80173 0.59882 0.40023 -0.03996 0.81767 0.08757 0.56759
1403638151.445096970 0.84537 0.65202 0.39445 -0.05708 0.81564 0.1069 0.56573
1403638151.545097113 0.88769 0.70697 0.394 -0.07147 0.81293 0.12576 0.56412
1403638151.645097017 0.93028 0.76379 0.39867 -0.08223 0.81059 0.14043 0.56255
1403638151.745096922 0.97314 0.82213 0.41089 -0.08903 0.80891 0.15107 0.56118
1403638151.845097065 1.01534 0.88172 0.43221 -0.09346 0.80847 0.15794 0.55919
1403638151.945096970 1.05832 0.9435 0.45947 -0.09429 0.80833 0.16246 0.55796
1403638152.045097113 1.10193 1.00794 0.48696 -0.09502 0.80864 0.16421 0.55688
1403638152.145097017 1.14463 1.07498 0.50944 -0.09416 0.8085 0.16547 0.55685
1403638152.245096922 1.18568 1.14426 0.52646 -0.09297 0.80834 0.16612 0.55709
1403638152.345097065 1.22718 1.21645 0.53626 -0.08986 0.80776 0.16724 0.5581
1403638152.445096970 1.26707 1.29245 0.53829 -0.08678 0.80805 0.16799 0.55795
1403638152.545097113 1.30046 1.37014 0.53461 -0.08498 0.80782 0.16894 0.55827
1403638152.645097017 1.33941 1.45427 0.52541 -0.08769 0.80926 0.16726 0.55626
1403638152.745096922 1.37871 1.54252 0.51997 -0.09394 0.80942 0.16875 0.55457
1403638152.845097065 1.42202 1.63601 0.52337 -0.10414 0.80685 0.17305 0.55516
1403638152.945096970 1.4598 1.7296 0.53512 -0.1158 0.80131 0.1816 0.55813
1403638153.045097113 1.49714 1.82312 0.55309 -0.12575 0.7996 0.19416 0.55419
1403638153.145097017 1.53281 1.91398 0.57479 -0.13301 0.80047 0.20538 0.54715
1403638153.245096922 1.57015 2.00415 0.5935 -0.13756 0.80024 0.21393 0.54307
1403638153.345097065 1.60885 2.095 0.60716 -0.14263 0.79878 0.22361 0.54001
1403638153.445096970 1.64657 2.18546 0.6172 -0.1484 0.79566 0.2371 0.53729
1403638153.545097113 1.68865 2.28268 0.6314 -0.14938 0.79118 0.25622 0.53486
1403638153.645097017 1.73014 2.3826 0.6517 -0.15519 0.78583 0.27443 0.53205
1403638153.745096922 1.77056 2.48522 0.6737 -0.16915 0.77925 0.28874 0.52989
1403638153.845097065 1.81166 2.5914 0.69045 -0.18049 0.773 0.30088 0.52856
1403638153.945096970 1.85364 2.70165 0.70217 -0.19118 0.76659 0.30738 0.53039
1403638154.045097113 1.89423 2.81387 0.70673 -0.19929 0.76297 0.31044 0.53083
1403638154.145097017 1.93428 2.92886 0.70676 -0.20298 0.75824 0.313 0.53469
1403638154.245096922 1.97458 3.04772 0.7033 -0.20396 0.75331 0.31445 0.54041
1403638154.345097065 2.01236 3.1675 0.69612 -0.20577 0.74963 0.31319 0.54555
1403638154.445096970 2.04687 3.28789 0.68665 -0.20853 0.74454 0.3103 0.55307
1403638154.545097113 2.07432 3.40403 0.67303 -0.20981 0.74362 0.30837 0.55491
1403638154.645097017 2.0927 3.51851 0.66834 -0.21241 0.74537 0.31044 0.55039
1403638154.745096922 2.10624 3.62865 0.66716 -0.21395 0.74752 0.31818 0.5424
1403638154.845097065 2.11356 3.73818 0.67601 -0.21267 0.7471 0.3281 0.53755
1403638154.945096970 2.11562 3.84333 0.69197 -0.21265 0.74453 0.3376 0.53524
1403638155.045097113 2.1112 3.94847 0.71514 -0.21774 0.73946 0.34688 0.53429
1403638155.145097017 2.10167 4.05592 0.7421 -0.22533 0.73354 0.35633 0.53308
1403638155.245096922 2.08727 4.16088 0.76438 -0.23406 0.72796 0.36211 0.53307
1403638155.345097065 2.06829 4.26534 0.77972 -0.23965 0.72137 0.36787 0.5356
1403638155.445096970 2.04499 4.37148 0.78782 -0.24502 0.71371 0.37642 0.53748
1403638155.545097113 2.01609 4.47971 0.78843 -0.2549 0.70801 0.38465 0.5346
1403638155.645097017 1.98044 4.58612 0.78438 -0.27144 0.7014 0.39163 0.53007
1403638155.745096922 1.93886 4.68632 0.77654 -0.28854 0.69248 0.40195 0.52502
1403638155.845097065 1.89264 4.78205 0.76396 -0.30281 0.68472 0.41625 0.51596
1403638155.945096970 1.84217 4.87274 0.74913 -0.31379 0.67961 0.43535 0.50014
1403638156.045097113 1.78906 4.95814 0.73951 -0.32257 0.67453 0.45787 0.48095
1403638156.145097017 1.73541 5.04024 0.73897 -0.33276 0.6674 0.47773 0.46436
1403638156.245096922 1.68335 5.12279 0.74703 -0.34345 0.65951 0.49296 0.45175
1403638156.345097065 1.6344 5.20618 0.75763 -0.34973 0.65373 0.50776 0.43875
1403638156.445096970 1.58787 5.28764 0.76418 -0.35499 0.64979 0.51712 0.42934
1403638156.545097113 1.54431 5.3692 0.76454 -0.3585 0.6468 0.52276 0.42408
1403638156.645097017 1.50356 5.45301 0.75863 -0.36047 0.64474 0.52568 0.42194
1403638156.745096922 1.46555 5.54064 0.74703 -0.36101 0.6438 0.52706 0.4212
1403638156.845097065 1.43113 5.63547 0.73195 -0.36006 0.64436 0.52714 0.42104
1403638156.945096970 1.39672 5.73295 0.71648 -0.35829 0.64542 0.52654 0.42168
1403638157.045097113 1.36753 5.83539 0.70612 -0.35628 0.6478 0.52506 0.42158
1403638157.145097017 1.3413 5.94317 0.70381 -0.35304 0.65114 0.52455 0.41979
1403638157.245096922 1.31415 6.05789 0.70779 -0.3509 0.65386 0.52342 0.41877
1403638157.345097065 1.29393 6.17165 0.71778 -0.35137 0.65099 0.52488 0.421
1403638157.445096970 1.27612 6.28967 0.72839 -0.35058 0.64603 0.52792 0.42549
1403638157.545097113 1.25545 6.41197 0.73369 -0.35509 0.63915 0.53106 0.42822
1403638157.645097017 1.23656 6.537 0.73372 -0.36226 0.62787 0.53752 0.43083
1403638157.745096922 1.21635 6.66238 0.73358 -0.36958 0.61296 0.54889 0.43175
1403638157.845097065 1.19395 6.78864 0.73938 -0.37999 0.59933 0.56168 0.42537
1403638157.945096970 1.16886 6.91407 0.75433 -0.39228 0.58691 0.57353 0.41559
1403638158.045097113 1.14345 7.03784 0.77208 -0.40088 0.57844 0.58396 0.40459
1403638158.145097017 1.11912 7.15713 0.78624 -0.41049 0.5736 0.58952 0.39364
1403638158.245096922 1.09704 7.27013 0.79469 -0.41721 0.56999 0.59308 0.38639
1403638158.345097065 1.07594 7.38691 0.79805 -0.41759 0.56532 0.59777 0.38562
1403638158.445096970 1.0561 7.50584 0.79677 -0.41623 0.56121 0.60099 0.38808
1403638158.545097113 1.0357 7.62297 0.79124 -0.41453 0.55736 0.60293 0.39243
1403638158.645097017 1.0141 7.73413 0.78394 -0.41373 0.55596 0.60289 0.39529
1403638158.745096922 0.98937 7.84926 0.77596 -0.41557 0.5586 0.60049 0.39329
1403638158.845097065 0.96225 7.96092 0.771 -0.41552 0.56484 0.5989 0.38681
1403638158.945096970 0.93679 8.07256 0.77305 -0.41464 0.57031 0.59801 0.38107
1403638159.045097113 0.91111 8.18218 0.78535 -0.40956 0.57589 0.6 0.37499
1403638159.145097017 0.88777 8.297 0.80111 -0.40107 0.58303 0.60411 0.36644
1403638159.245096922 0.86519 8.41485 0.8146 -0.39364 0.58723 0.60766 0.36189
1403638159.345097065 0.84473 8.53989 0.82559 -0.40333 0.58394 0.60012 0.36903
1403638159.445096970 0.82652 8.67174 0.83344 -0.41956 0.57582 0.58832 0.38248
1403638159.545097113 0.81113 8.80193 0.8461 -0.43936 0.56996 0.57383 0.39092
1403638159.645097017 0.8011 8.92844 0.86502 -0.45685 0.56973 0.56099 0.38985
1403638159.745096922 0.80076 9.04893 0.89166 -0.46624 0.5708 0.55433 0.38669
1403638159.845097065 0.81143 9.15812 0.92732 -0.46462 0.56606 0.55598 0.39318
1403638159.945096970 0.83112 9.25668 0.97058 -0.45345 0.5593 0.56482 0.40317
1403638160.045097113 0.8559 9.33756 1.02176 -0.44596 0.55496 0.57152 0.40805
1403638160.145097017 0.88353 9.40436 1.0781 -0.43881 0.55586 0.57803 0.4054
1403638160.245096922 0.91037 9.47306 1.14525 -0.42633 0.5623 0.58825 0.395
1403638160.345097065 0.93965 9.5272 1.217 -0.4165 0.56745 0.59629 0.38596
1403638160.445096970 0.96793 9.5867 1.29227 -0.41183 0.57002 0.60005 0.38132
1403638160.545097113 0.99578 9.64933 1.36389 -0.40997 0.57117 0.60132 0.37962
1403638160.645097017 1.0229 9.72089 1.43241 -0.40954 0.57242 0.60146 0.37798
1403638160.745096922 1.05023 9.79378 1.49607 -0.41366 0.57156 0.59864 0.37925
1403638160.845097065 1.07868 9.86831 1.5568 -0.42436 0.57206 0.58778 0.38365
1403638160.945096970 1.11193 9.93317 1.61057 -0.43291 0.57492 0.57212 0.39336
1403638161.045097113 1.1505 9.99953 1.66164 -0.43172 0.58142 0.55861 0.40437
1403638161.145097017 1.19265 10.06144 1.71042 -0.42305 0.59192 0.54695 0.41413
1403638161.245096922 1.23791 10.11827 1.75557 -0.40797 0.60674 0.53511 0.42318
1403638161.345097065 1.28565 10.17331 1.80067 -0.39227 0.62311 0.52085 0.43194
1403638161.445096970 1.33373 10.22406 1.84485 -0.37551 0.63905 0.51182 0.43433
1403638161.545097113 1.38254 10.27494 1.88616 -0.36177 0.65058 0.5064 0.43523
1403638161.645097017 1.43211 10.32678 1.92256 -0.35494 0.65892 0.4999 0.43583
1403638161.745096922 1.48219 10.37944 1.95299 -0.35489 0.66429 0.49254 0.43609
1403638161.845097065 1.53637 10.4326 1.97897 -0.3547 0.66625 0.48508 0.44157
1403638161.945096970 1.59356 10.48383 1.99863 -0.35257 0.66872 0.47635 0.44899
1403638162.045097113 1.65226 10.53423 2.01867 -0.3492 0.67249 0.46977 0.45291
1403638162.145097017 1.71418 10.58448 2.04521 -0.34639 0.67679 0.46568 0.45289
1403638162.245096922 1.77863 10.63123 2.07695 -0.345 0.68195 0.46248 0.44948
1403638162.345097065 1.84772 10.67849 2.10663 -0.34571 0.68561 0.45922 0.4467
1403638162.445096970 1.92286 10.72297 2.13049 -0.34849 0.68577 0.45595 0.44764
1403638162.545097113 2.00143 10.76671 2.15225 -0.34737 0.68388 0.45641 0.45092
1403638162.645097017 2.08317 10.80475 2.17498 -0.34333 0.68164 0.46004 0.45371
1403638162.745096922 2.16916 10.84595 2.20817 -0.33893 0.6803 0.46442 0.45458
1403638162.845097065 2.25641 10.88079 2.24293 -0.3386 0.68385 0.46165 0.45231
1403638162.945096970 2.34832 10.91908 2.28978 -0.34364 0.68651 0.45241 0.45381
1403638163.045097113 2.44491 10.95532 2.33459 -0.34834 0.68374 0.44358 0.46303
1403638163.145097017 2.54396 10.989 2.36608 -0.34818 0.68507 0.43526 0.46904
1403638163.245096922 2.64724 11.01904 2.38034 -0.33805 0.68992 0.43019 0.47399
1403638163.345097065 2.75364 11.04632 2.38572 -0.32527 0.69558 0.42316 0.48094
1403638163.445096970 2.86462 11.07151 2.38902 -0.31336 0.70166 0.41289 0.48888
1403638163.545097113 2.97419 11.0933 2.39358 -0.30498 0.7075 0.40329 0.49374
1403638163.645097017 3.0805 11.11152 2.405 -0.29898 0.71209 0.39734 0.49565
1403638163.745096922 3.1854 11.12803 2.42637 -0.29493 0.71443 0.39337 0.49786
1403638163.845097065 3.28755 11.14153 2.45672 -0.29435 0.71507 0.3901 0.49985
1403638163.945096970 3.39056 11.15226 2.49331 -0.29552 0.71676 0.38795 0.49842
1403638164.045097113 3.49378 11.15927 2.53616 -0.29975 0.71936 0.38523 0.49423
1403638164.145097017 3.59798 11.16337 2.58593 -0.30426 0.71966 0.3835 0.49239
1403638164.245096922 3.7041 11.16228 2.63507 -0.3086 0.71843 0.38223 0.49247
1403638164.345097065 3.81248 11.15823 2.67916 -0.3128 0.71683 0.38113 0.49301
1403638164.445096970 3.92189 11.14822 2.71569 -0.31455 0.71522 0.38203 0.49353
1403638164.545097113 4.03403 11.13386 2.74817 -0.31775 0.71578 0.38099 0.49146
1403638164.645097017 4.14844 11.11223 2.77442 -0.31921 0.71744 0.37846 0.49006
1403638164.745096922 4.26799 11.08738 2.79734 -0.31309 0.71841 0.37555 0.49479
1403638164.845097065 4.38874 11.05369 2.81598 -0.29965 0.71362 0.3784 0.5077
1403638164.945096970 4.50846 11.01685 2.83171 -0.28897 0.70971 0.37989 0.51815
1403638165.045097113 4.62208 10.97752 2.84313 -0.29356 0.70939 0.36997 0.52318
1403638165.145097017 4.7332 10.93246 2.84815 -0.29657 0.71538 0.35837 0.5214
1403638165.245096922 4.83972 10.88207 2.84799 -0.2891 0.72511 0.35592 0.51377
1403638165.345097065 4.94648 10.82718 2.84306 -0.28468 0.73558 0.35241 0.50368
1403638165.445096970 5.05368 10.77058 2.83408 -0.28393 0.73867 0.34779 0.50279
1403638165.545097113 5.16476 10.71122 2.82304 -0.28313 0.73258 0.34402 0.51461
1403638165.645097017 5.27467 10.64753 2.80748 -0.2821 0.72298 0.3418 0.53
1403638165.745096922 5.38047 10.57791 2.78517 -0.28015 0.71579 0.34117 0.54108
1403638165.845097065 5.48079 10.50157 2.75772 -0.27494 0.71813 0.3446 0.53846
1403638165.945096970 5.57663 10.42027 2.73368 -0.26948 0.72413 0.34899 0.5303
1403638166.045097113 5.66973 10.33563 2.71759 -0.26534 0.73125 0.35303 0.51985
1403638166.145097017 5.76093 10.25039 2.7131 -0.25804 0.73371 0.35969 0.51547
1403638166.245096922 5.84925 10.16799 2.72478 -0.25588 0.73405 0.36395 0.51307
1403638166.345097065 5.93472 10.08717 2.75728 -0.25415 0.73282 0.36787 0.51289
1403638166.445096970 6.01401 10.00873 2.80612 -0.25268 0.7324 0.37067 0.51219
1403638166.545097113 6.08831 9.93562 2.85551 -0.25407 0.73186 0.37157 0.51162
1403638166.645097017 6.159 9.86626 2.89927 -0.25543 0.73153 0.37201 0.5111
1403638166.745096922 6.2289 9.79908 2.93454 -0.26042 0.73345 0.36954 0.50761
1403638166.845097065 6.29905 9.73497 2.95983 -0.26829 0.74166 0.36483 0.49483
1403638166.945096970 6.37402 9.66814 2.97491 -0.27093 0.75232 0.36347 0.47802
1403638167.045097113 6.45251 9.60868 2.98871 -0.26603 0.75788 0.36662 0.4695
1403638167.145097017 6.54022 9.55384 3.00653 -0.25994 0.75813 0.37107 0.46901
1403638167.245096922 6.63533 9.50855 3.03168 -0.25472 0.75564 0.3749 0.47284
1403638167.345097065 6.73685 9.47027 3.06338 -0.25276 0.75297 0.37617 0.47713
1403638167.445096970 6.84393 9.43652 3.0979 -0.25391 0.75163 0.3746 0.47985
1403638167.545097113 6.95686 9.40497 3.12808 -0.25816 0.74876 0.37092 0.4849
1403638167.645097017 7.07274 9.37558 3.15159 -0.26747 0.74771 0.36181 0.48835
1403638167.745096922 7.19231 9.34661 3.16799 -0.27207 0.74958 0.35018 0.4914
1403638167.845097065 7.31683 9.3168 3.17914 -0.2734 0.75473 0.33577 0.49284
1403638167.945096970 7.44652 9.28465 3.18748 -0.2693 0.75941 0.32152 0.4974
1403638168.045097113 7.58127 9.2497 3.19414 -0.26173 0.76397 0.30874 0.50252
1403638168.145097017 7.72103 9.2121 3.20742 -0.25485 0.76757 0.29825 0.50688
1403638168.245096922 7.86211 9.16853 3.22837 -0.24383 0.77115 0.28872 0.51235
1403638168.345097065 8.00583 9.11962 3.25554 -0.23089 0.77501 0.27826 0.51829
1403638168.445096970 8.15266 9.06842 3.28932 -0.21738 0.77806 0.26819 0.52482
1403638168.545097113 8.30054 9.0161 3.31979 -0.19887 0.78301 0.26686 0.52548
1403638168.645097017 8.44788 8.96546 3.34244 -0.18154 0.78805 0.26873 0.52326
1403638168.745096922 8.59576 8.91956 3.35725 -0.17058 0.79088 0.27007 0.52199
1403638168.845097065 8.74334 8.88056 3.36553 -0.16606 0.79288 0.27027 0.52032
1403638168.945096970 8.8918 8.85102 3.36933 -0.16415 0.79385 0.27105 0.51903
1403638169.045097113 9.0422 8.83049 3.36842 -0.1657 0.79057 0.27251 0.52277
1403638169.145097017 9.19261 8.81481 3.36209 -0.17592 0.78512 0.26922 0.5293
1403638169.245096922 9.34378 8.80462 3.35091 -0.1889 0.78278 0.26292 0.53146
1403638169.345097065 9.49568 8.79523 3.33441 -0.20465 0.78117 0.24717 0.53553
1403638169.445096970 9.65104 8.78175 3.31452 -0.21484 0.7798 0.2278 0.5421
1403638169.545097113 9.80564 8.75922 3.29786 -0.21322 0.77987 0.21099 0.54938
1403638169.645097017 9.95749 8.72465 3.28803 -0.20018 0.78249 0.19749 0.55555
1403638169.745096922 10.10674 8.68208 3.28352 -0.17918 0.78726 0.18642 0.55978
1403638169.845097065 10.25514 8.63145 3.28739 -0.15045 0.79097 0.17763 0.56585
1403638169.945096970 10.39815 8.57783 3.29954 -0.12278 0.79132 0.16628 0.5754
1403638170.045097113 10.53465 8.52513 3.31758 -0.1046 0.78808 0.14816 0.58825
1403638170.145097017 10.66286 8.4739 3.33258 -0.09355 0.7889 0.12473 0.59442
1403638170.245096922 10.78364 8.42333 3.33938 -0.08478 0.79249 0.0992 0.59576
1403638170.345097065 10.89706 8.37201 3.34009 -0.07678 0.79737 0.07331 0.59408
1403638170.445096970 11.00568 8.31764 3.33391 -0.06546 0.80314 0.04981 0.59008
1403638170.545097113 11.10543 8.26019 3.32882 -0.06057 0.80516 0.02384 0.58947
1403638170.645097017 11.20352 8.19701 3.33115 -0.05313 0.80276 0.00032 0.59393
1403638170.745096922 11.29022 8.12733 3.34322 -0.04224 0.80108 -0.01972 0.59674
1403638170.845097065 11.36915 8.04921 3.3598 -0.0294 0.80023 -0.0377 0.59778
1403638170.945096970 11.43725 7.96581 3.37294 -0.01423 0.80019 -0.05418 0.59712
1403638171.045097113 11.49423 7.87689 3.38007 -0.00049 0.79791 -0.0711 0.59857
1403638171.145097017 11.53967 7.78435 3.38288 0.00936 0.79544 -0.08524 0.59993
1403638171.245096922 11.57237 7.68876 3.38124 0.01445 0.79301 -0.09678 0.6013
1403638171.345097065 11.59332 7.59085 3.37801 0.01852 0.79116 -0.10385 0.60244
1403638171.445096970 11.60555 7.48842 3.37343 0.02218 0.78875 -0.11062 0.60428
1403638171.545097113 11.60985 7.38169 3.36764 0.02291 0.78569 -0.11809 0.60681
1403638171.645097017 11.60579 7.269 3.35926 0.02547 0.78256 -0.12593 0.60917
1403638171.745096922 11.59362 7.15022 3.34909 0.02813 0.77927 -0.13699 0.61088
1403638171.845097065 11.57277 7.02472 3.34032 0.0306 0.77583 -0.14732 0.61274
1403638171.945096970 11.54148 6.89132 3.33646 0.03523 0.77059 -0.15452 0.61731
1403638172.045097113 11.49747 6.75067 3.33869 0.04351 0.76894 -0.15708 0.61819
1403638172.145097017 11.43947 6.60582 3.34396 0.04997 0.76891 -0.158 0.61751
1403638172.245096922 11.36949 6.45832 3.34293 0.05326 0.76993 -0.15884 0.61574
1403638172.345097065 11.28804 6.30883 3.33202 0.05583 0.77043 -0.15823 0.61505
1403638172.445096970 11.19713 6.15715 3.31141 0.05551 0.7695 -0.15769 0.61638
1403638172.545097113 11.09894 6.00236 3.28049 0.0526 0.76718 -0.1579 0.61947
1403638172.645097017 10.99151 5.84378 3.2421 0.04845 0.76554 -0.1576 0.62191
1403638172.745096922 10.87163 5.68158 3.19699 0.0454 0.76615 -0.15626 0.62172
1403638172.845097065 10.74005 5.51773 3.14636 0.04076 0.76587 -0.15585 0.62248
1403638172.945096970 10.59512 5.348 3.09379 0.03605 0.76775 -0.1548 0.62072
1403638173.045097113 10.43814 5.1742 3.0373 0.03001 0.77159 -0.15452 0.61634
1403638173.145097017 10.27205 4.9943 2.97396 0.02443 0.77675 -0.15424 0.61014
1403638173.245096922 10.09766 4.80599 2.90432 0.02705 0.78106 -0.14963 0.60566
1403638173.345097065 9.91646 4.61236 2.82909 0.03391 0.78559 -0.14339 0.60095
1403638173.445096970 9.73053 4.41586 2.74679 0.04973 0.78832 -0.13291 0.59867
1403638173.545097113 9.5426 4.21909 2.65378 0.06097 0.79147 -0.1257 0.59502
1403638173.645097017 9.35562 4.02414 2.55784 0.06547 0.7924 -0.12341 0.5938
1403638173.745096922 9.16659 3.83236 2.45694 0.06651 0.79284 -0.12349 0.59307
1403638173.845097065 8.97608 3.64263 2.3559 0.06618 0.79376 -0.12529 0.59149
1403638173.945096970 8.78285 3.4569 2.26154 0.06765 0.79358 -0.12501 0.59163
1403638174.045097113 8.58446 3.27487 2.17345 0.06779 0.79509 -0.1255 0.58948
1403638174.145097017 8.38126 3.09649 2.0915 0.0688 0.79535 -0.12497 0.58912
1403638174.245096922 8.17648 2.92046 2.00881 0.06919 0.79984 -0.1245 0.58307
1403638174.345097065 7.97123 2.74787 1.92032 0.06827 0.8049 -0.12443 0.57619
1403638174.445096970 7.7694 2.57602 1.82825 0.06766 0.80862 -0.12402 0.57112
1403638174.545097113 7.57288 2.4076 1.73931 0.06484 0.81139 -0.12498 0.56729
1403638174.645097017 7.38267 2.2394 1.65674 0.06816 0.8158 -0.12214 0.56116
1403638174.745096922 7.19737 2.07324 1.57951 0.07022 0.8202 -0.12037 0.55485
1403638174.845097065 7.01813 1.90925 1.51062 0.07096 0.82334 -0.11953 0.55026
1403638174.945096970 6.84519 1.74865 1.44789 0.07255 0.82466 -0.11881 0.54823
1403638175.045097113 6.6789 1.58929 1.39061 0.07433 0.82388 -0.11813 0.54931
1403638175.145097017 6.52045 1.4324 1.33915 0.07642 0.82332 -0.11862 0.54975
1403638175.245096922 6.37076 1.27735 1.29407 0.07876 0.82372 -0.11848 0.54885
1403638175.345097065 6.22993 1.12414 1.2559 0.07969 0.82785 -0.11955 0.54224
1403638175.445096970 6.09433 0.9729 1.22358 0.08349 0.83339 -0.11799 0.53344
1403638175.545097113 5.97288 0.82411 1.19995 0.08729 0.8405 -0.11565 0.52207
1403638175.645097017 5.86569 0.67899 1.18407 0.08517 0.84787 -0.11711 0.51005
1403638175.745096922 5.77505 0.53809 1.1749 0.08248 0.85315 -0.11785 0.50144
1403638175.845097065 5.7024 0.40113 1.16316 0.08295 0.85674 -0.11649 0.49553
1403638175.945096970 5.64814 0.26812 1.14115 0.08707 0.85716 -0.11223 0.49507
1403638176.045097113 5.61091 0.13817 1.1159 0.09439 0.85224 -0.10525 0.50369
1403638176.145097017 5.5901 0.01139 1.09135 0.10216 0.84002 -0.0979 0.52378
1403638176.245096922 5.58017 -0.10831 1.07219 0.0982 0.82481 -0.10021 0.54773
1403638176.345097065 5.57588 -0.21942 1.05775 0.09824 0.81583 -0.10019 0.561
1403638176.445096970 5.57642 -0.32073 1.04794 0.09999 0.81355 -0.09988 0.56406
1403638176.545097113 5.5812 -0.41341 1.04432 0.10126 0.81369 -0.09999 0.56361
1403638176.645097017 5.58956 -0.49873 1.04447 0.10227 0.81522 -0.09998 0.56121
1403638176.745096922 5.59708 -0.57854 1.05193 0.10235 0.81553 -0.10016 0.56071
1403638176.845097065 5.61312 -0.65239 1.0663 0.09832 0.8156 -0.10289 0.56084
1403638176.945096970 5.62468 -0.71847 1.08222 0.09594 0.81614 -0.10478 0.56011
1403638177.045097113 5.64418 -0.78451 1.09311 0.09759 0.81753 -0.1034 0.55805
1403638177.145097017 5.6613 -0.84003 1.09756 0.10105 0.81799 -0.10155 0.55711
1403638177.245096922 5.68234 -0.89183 1.09366 0.10358 0.81826 -0.0999 0.55654
1403638177.345097065 5.71246 -0.94206 1.08141 0.10436 0.81827 -0.09923 0.5565
1403638177.445096970 5.73975 -0.9789 1.06649 0.10394 0.81882 -0.10043 0.55556
1403638177.545097113 5.77119 -1.01169 1.04781 0.0952 0.81773 -0.10763 0.55737
1403638177.645097017 5.80928 -1.0455 1.02364 0.0833 0.81654 -0.11674 0.55919
1403638177.745096922 5.84363 -1.07238 0.99763 0.07411 0.81447 -0.12629 0.56142
1403638177.845097065 5.88508 -1.1052 0.96833 0.06824 0.80796 -0.13411 0.5697
1403638177.945096970 5.91972 -1.13421 0.94178 0.06706 0.80095 -0.13817 0.5787
1403638178.045097113 5.95315 -1.17161 0.92214 0.0714 0.79627 -0.1389 0.58444
1403638178.145097017 5.97977 -1.20959 0.91105 0.0811 0.79368 -0.14287 0.58574
1403638178.245096922 5.99898 -1.25015 0.90545 0.08968 0.78914 -0.15434 0.58771
1403638178.345097065 6.01231 -1.29222 0.90956 0.09997 0.78445 -0.17039 0.58788
1403638178.445096970 6.01715 -1.3314 0.91707 0.11151 0.78053 -0.19066 0.5848
1403638178.545097113 6.01583 -1.37129 0.92025 0.12303 0.77934 -0.21389 0.57596
1403638178.645097017 6.00837 -1.41154 0.91834 0.13255 0.77761 -0.23806 0.56664
1403638178.745096922 5.99685 -1.45394 0.91349 0.14398 0.77264 -0.2599 0.56103
1403638178.845097065 5.98088 -1.49898 0.90578 0.15696 0.76909 -0.27847 0.55346
1403638178.945096970 5.96287 -1.54697 0.89383 0.16633 0.7685 -0.29258 0.54419
1403638179.045097113 5.94301 -1.59751 0.87833 0.17309 0.77095 -0.30207 0.53332
1403638179.145097017 5.92311 -1.6517 0.85925 0.18066 0.77298 -0.30771 0.52457
1403638179.245096922 5.904 -1.71023 0.83607 0.19042 0.7741 -0.31273 0.51644
1403638179.345097065 5.8889 -1.77413 0.80941 0.20005 0.77353 -0.32055 0.5088
1403638179.445096970 5.87782 -1.84303 0.78225 0.21014 0.76395 -0.33298 0.51122
1403638179.545097113 5.86895 -1.9152 0.75304 0.22162 0.74947 -0.34842 0.51747
1403638179.645097017 5.85975 -1.98835 0.72217 0.23377 0.73732 -0.36573 0.51764
1403638179.745096922 5.84831 -2.0603 0.69689 0.24786 0.72589 -0.38312 0.51466
1403638179.845097065 5.83466 -2.13105 0.67895 0.26187 0.71509 -0.40036 0.50968
1403638179.945096970 5.81986 -2.2028 0.66696 0.2714 0.70813 -0.4178 0.50033
1403638180.045097113 5.80611 -2.27496 0.65914 0.27535 0.70563 -0.43279 0.48884
1403638180.145097017 5.79223 -2.34957 0.65558 0.27828 0.70134 -0.44338 0.48384
1403638180.245096922 5.77732 -2.42673 0.65302 0.28279 0.69865 -0.44792 0.48092
1403638180.345097065 5.76196 -2.50771 0.64454 0.28277 0.69777 -0.45187 0.47851
1403638180.445096970 5.7464 -2.5921 0.63026 0.28534 0.6992 -0.45163 0.47511
1403638180.545097113 5.73171 -2.67907 0.61178 0.2894 0.7001 -0.44865 0.47415
1403638180.645097017 5.71608 -2.76898 0.59245 0.29081 0.70306 -0.4463 0.47112
1403638180.745096922 5.70296 -2.86142 0.57847 0.28858 0.70785 -0.44525 0.46629
1403638180.845097065 5.69059 -2.95761 0.57326 0.28461 0.71069 -0.44468 0.46495
1403638180.945096970 5.68412 -3.05995 0.57229 0.28145 0.71132 -0.44333 0.46719
1403638181.045097113 5.67697 -3.16538 0.56948 0.27861 0.71005 -0.44207 0.47199
1403638181.145097017 5.67344 -3.27608 0.55822 0.27514 0.70909 -0.44191 0.4756
1403638181.245096922 5.66647 -3.39281 0.54305 0.27451 0.70455 -0.44084 0.48365
1403638181.345097065 5.66152 -3.50915 0.52386 0.27663 0.69459 -0.4453 0.49268
1403638181.445096970 5.64928 -3.63221 0.49935 0.27938 0.68227 -0.45687 0.49773
1403638181.545097113 5.63282 -3.75018 0.47362 0.28889 0.66335 -0.47047 0.50514
1403638181.645097017 5.60721 -3.86859 0.44831 0.30581 0.64669 -0.48224 0.50569
1403638181.745096922 5.57286 -3.98612 0.42825 0.32193 0.63886 -0.49514 0.493
1403638181.845097065 5.53123 -4.10311 0.41805 0.33798 0.63297 -0.50819 0.4763
1403638181.945096970 5.48601 -4.21979 0.41624 0.35007 0.62817 -0.52169 0.45902
1403638182.045097113 5.44046 -4.33622 0.42051 0.35345 0.6248 -0.53485 0.44568
1403638182.145097017 5.39435 -4.44787 0.43296 0.35479 0.62197 -0.54517 0.43597
1403638182.245096922 5.34835 -4.55534 0.44642 0.35247 0.61877 -0.5544 0.43074
1403638182.345097065 5.30164 -4.66447 0.45537 0.34772 0.61572 -0.56163 0.42958
1403638182.445096970 5.25199 -4.77642 0.46394 0.34652 0.6173 -0.56385 0.42537
1403638182.545097113 5.20028 -4.88895 0.47994 0.35117 0.6236 -0.56015 0.41717
1403638182.645097017 5.14976 -5.00379 0.50466 0.35501 0.62902 -0.5559 0.41142
1403638182.745096922 5.09894 -5.128 0.53398 0.3544 0.63116 -0.55364 0.41174
1403638182.845097065 5.05201 -5.25474 0.56113 0.35431 0.63138 -0.55142 0.41443
1403638182.945096970 5.00635 -5.38696 0.58246 0.35535 0.62937 -0.54859 0.42033
1403638183.045097113 4.95979 -5.52395 0.59882 0.3593 0.62604 -0.54379 0.42809
1403638183.145097017 4.91524 -5.65895 0.61001 0.36603 0.62568 -0.53746 0.43092
1403638183.245096922 4.86996 -5.79766 0.61618 0.36811 0.62853 -0.53449 0.42868
1403638183.345097065 4.82814 -5.93219 0.61684 0.36411 0.63296 -0.53664 0.42285
1403638183.445096970 4.78855 -6.06935 0.61439 0.35922 0.63798 -0.53955 0.41573
1403638183.545097113 4.75226 -6.20914 0.60892 0.35799 0.64229 -0.54 0.40951
1403638183.645097017 4.72085 -6.3505 0.60127 0.35812 0.64118 -0.54003 0.4111
1403638183.745096922 4.69287 -6.49753 0.60002 0.36589 0.63632 -0.53463 0.41881
1403638183.845097065 4.66912 -6.64251 0.60488 0.37538 0.63229 -0.52787 0.42503
1403638183.945096970 4.64947 -6.78238 0.61604 0.37892 0.62923 -0.52577 0.42901
1403638184.045097113 4.6335 -6.91861 0.63389 0.37713 0.62945 -0.52757 0.42807
1403638184.145097017 4.62133 -7.05219 0.65515 0.3722 0.63364 -0.53155 0.4212
1403638184.245096922 4.61387 -7.18133 0.67232 0.36624 0.63637 -0.53657 0.41592
1403638184.345097065 4.61008 -7.31169 0.68481 0.36685 0.63618 -0.53697 0.41517
1403638184.445096970 4.60991 -7.44402 0.69397 0.37017 0.63317 -0.53508 0.41923
1403638184.545097113 4.61352 -7.57688 0.70115 0.37342 0.63119 -0.53333 0.42157
1403638184.645097017 4.62081 -7.70965 0.70857 0.37487 0.62924 -0.53273 0.42394
1403638184.745096922 4.63123 -7.84092 0.71618 0.37438 0.62853 -0.53357 0.42437
1403638184.845097065 4.644 -7.97315 0.72444 0.37424 0.62837 -0.53413 0.42403
1403638184.945096970 4.65863 -8.10561 0.73447 0.37727 0.62783 -0.53217 0.42461
1403638185.045097113 4.67667 -8.23241 0.74409 0.37601 0.62697 -0.53326 0.42563
1403638185.145097017 4.69577 -8.36129 0.75723 0.37627 0.6289 -0.53276 0.42317
1403638185.245096922 4.71768 -8.48783 0.77119 0.37919 0.63112 -0.53038 0.42023
1403638185.345097065 4.74534 -8.60978 0.78234 0.38232 0.63228 -0.52789 0.41879
1403638185.445096970 4.77631 -8.73277 0.79621 0.38583 0.63404 -0.52088 0.42168
1403638185.545097113 4.8142 -8.85357 0.80979 0.38675 0.6392 -0.50943 0.42699
1403638185.645097017 4.85667 -8.9745 0.8243 0.38392 0.64564 -0.49773 0.43361
1403638185.745096922 4.90497 -9.09169 0.83883 0.37606 0.64798 -0.49151 0.44399
1403638185.845097065 4.95709 -9.20467 0.85079 0.35612 0.6478 -0.49675 0.45471
1403638185.945096970 5.00991 -9.3166 0.85865 0.33545 0.64736 -0.50461 0.46234
1403638186.045097113 5.05931 -9.42749 0.86192 0.32969 0.65003 -0.50471 0.46264
1403638186.145097017 5.10524 -9.53459 0.86129 0.33269 0.65475 -0.50083 0.45802
1403638186.245096922 5.14981 -9.63814 0.85932 0.33612 0.65795 -0.49775 0.45428
1403638186.345097065 5.19397 -9.74811 0.8645 0.33935 0.66015 -0.4952 0.45147
1403638186.445096970 5.2385 -9.85226 0.87473 0.34046 0.66044 -0.49473 0.45071
1403638186.545097113 5.28348 -9.9638 0.89054 0.34324 0.66064 -0.49381 0.44933
1403638186.645097017 5.32881 -10.06671 0.9004 0.34603 0.66186 -0.49279 0.4465
1403638186.745096922 5.37625 -10.17916 0.90725 0.3518 0.66434 -0.48816 0.44338
1403638186.845097065 5.42845 -10.28238 0.90723 0.35528 0.66962 -0.47959 0.44203
1403638186.945096970 5.48602 -10.38504 0.90685 0.35146 0.67757 -0.46994 0.44331
1403638187.045097113 5.55161 -10.48624 0.90825 0.33937 0.68514 -0.4581 0.45339
1403638187.145097017 5.62201 -10.57453 0.91799 0.32455 0.69115 -0.44127 0.47145
1403638187.245096922 5.69791 -10.66709 0.93481 0.30829 0.69731 -0.42158 0.49091
1403638187.345097065 5.77443 -10.75963 0.95955 0.29593 0.70382 -0.39973 0.50722
1403638187.445096970 5.848 -10.84531 0.99033 0.28738 0.70839 -0.38103 0.52001
1403638187.545097113 5.9179 -10.92555 1.02239 0.27853 0.71482 -0.36984 0.52409
1403638187.645097017 5.9841 -11.00318 1.05213 0.26941 0.72316 -0.36553 0.52043
1403638187.745096922 6.04692 -11.07256 1.07826 0.26678 0.72894 -0.36165 0.51641
1403638187.845097065 6.10815 -11.13425 1.09969 0.2687 0.73168 -0.35792 0.51413
1403638187.945096970 6.17172 -11.19539 1.11531 0.27533 0.73251 -0.35311 0.51278
1403638188.045097113 6.2354 -11.25014 1.13049 0.28429 0.73031 -0.34843 0.51422
1403638188.145097017 6.302 -11.29846 1.13789 0.29355 0.72857 -0.34405 0.51443
1403638188.245096922 6.36879 -11.33695 1.14303 0.29723 0.72217 -0.34359 0.5216
1403638188.345097065 6.43693 -11.36508 1.14418 0.2951 0.7091 -0.34588 0.53895
1403638188.445096970 6.50405 -11.38579 1.14288 0.29501 0.69736 -0.34713 0.55332
1403638188.545097113 6.56416 -11.39106 1.13726 0.29412 0.68886 -0.34839 0.56355
1403638188.645097017 6.61801 -11.38265 1.13344 0.29114 0.68893 -0.34735 0.56564
1403638188.745096922 6.66304 -11.35909 1.1387 0.28348 0.69577 -0.34494 0.56264
1403638188.845097065 6.69735 -11.32041 1.14824 0.27614 0.70542 -0.34231 0.55584
1403638188.945096970 6.73099 -11.28009 1.17399 0.26974 0.71198 -0.34027 0.55185
1403638189.045097113 6.75996 -11.23267 1.20838 0.26369 0.71729 -0.33694 0.54993
1403638189.145097017 6.78322 -11.17622 1.24478 0.25522 0.72166 -0.3296 0.55267
1403638189.245096922 6.80072 -11.11124 1.27516 0.24232 0.72805 -0.31965 0.55593
1403638189.345097065 6.81185 -11.03961 1.2982 0.22805 0.73841 -0.30743 0.55518
1403638189.445096970 6.81861 -10.96496 1.31562 0.21413 0.75387 -0.2981 0.54494
1403638189.545097113 6.82421 -10.88962 1.33675 0.2027 0.76565 -0.29137 0.53648
1403638189.645097017 6.82914 -10.81479 1.36584 0.19473 0.77221 -0.28677 0.53249
1403638189.745096922 6.83503 -10.7413 1.39375 0.18537 0.77843 -0.28717 0.52651
1403638189.845097065 6.84215 -10.67101 1.41458 0.1801 0.78345 -0.28795 0.52043
1403638189.945096970 6.85208 -10.606 1.4289 0.17868 0.78777 -0.28788 0.51441
1403638190.045097113 6.86779 -10.54782 1.43895 0.18187 0.78519 -0.28651 0.51799
1403638190.145097017 6.88643 -10.49554 1.44312 0.1874 0.77825 -0.28376 0.52791
1403638190.245096922 6.90725 -10.44735 1.44605 0.19685 0.77044 -0.27838 0.53869
1403638190.345097065 6.92945 -10.39736 1.43848 0.21103 0.76657 -0.26363 0.5462
1403638190.445096970 6.95243 -10.34386 1.42604 0.22064 0.76646 -0.24694 0.55034
1403638190.545097113 6.97406 -10.28375 1.40879 0.21842 0.76877 -0.2391 0.55147
1403638190.645097017 6.99734 -10.21576 1.38864 0.21219 0.77162 -0.23562 0.55141
1403638190.745096922 7.02065 -10.1416 1.36965 0.20595 0.77287 -0.23382 0.5528
1403638190.845097065 7.04351 -10.05894 1.35532 0.1939 0.77294 -0.23804 0.55526
1403638190.945096970 7.06725 -9.97314 1.35007 0.18644 0.77387 -0.2402 0.55558
1403638191.045097113 7.08805 -9.88175 1.35333 0.18274 0.77122 -0.24088 0.56019
1403638191.145097017 7.10532 -9.78943 1.36227 0.18154 0.77123 -0.24108 0.56048
1403638191.245096922 7.12155 -9.6972 1.37788 0.17858 0.77756 -0.2434 0.55161
1403638191.345097065 7.12999 -9.60248 1.39688 0.17574 0.7839 -0.24559 0.5425
1403638191.445096970 7.14697 -9.51317 1.41958 0.17591 0.78694 -0.24693 0.5374
1403638191.545097113 7.16729 -9.42869 1.44009 0.1762 0.78735 -0.24809 0.53618
1403638191.645097017 7.18312 -9.33727 1.44766 0.17876 0.78733 -0.24744 0.53567
1403638191.745096922 7.21045 -9.26066 1.45986 0.1844 0.78899 -0.2442 0.53279
1403638191.845097065 7.23398 -9.17009 1.45651 0.18905 0.79022 -0.24147 0.53057
1403638191.945096970 7.27986 -9.09647 1.46226 0.18947 0.79003 -0.24195 0.53048
1403638192.045097113 7.31585 -9.00749 1.46065 0.19045 0.7898 -0.24109 0.53088
1403638192.145097017 7.37146 -8.93433 1.47496 0.18918 0.7895 -0.24188 0.53141
1403638192.245096922 7.41736 -8.84658 1.49296 0.18772 0.78684 -0.24245 0.53559
1403638192.345097065 7.47746 -8.77214 1.52568 0.18592 0.78127 -0.24312 0.54401
1403638192.445096970 7.53443 -8.68928 1.56233 0.18512 0.7788 -0.24336 0.54771
1403638192.545097113 7.58946 -8.60044 1.60554 0.18553 0.77603 -0.243 0.55164
1403638192.645097017 7.64321 -8.50862 1.65028 0.1884 0.76996 -0.24116 0.55992
1403638192.745096922 7.69817 -8.40699 1.68946 0.18897 0.76308 -0.24144 0.56895
1403638192.845097065 7.74524 -8.302 1.72174 0.18752 0.75623 -0.24241 0.5781
1403638192.945096970 7.78431 -8.19297 1.7503 0.18125 0.74401 -0.24596 0.59423
1403638193.045097113 7.81321 -8.07908 1.77699 0.17231 0.73528 -0.24862 0.60652
1403638193.145097017 7.82607 -7.96311 1.80616 0.1658 0.74049 -0.24396 0.60388
1403638193.245096922 7.82342 -7.84732 1.84213 0.16313 0.7507 -0.23601 0.59509
1403638193.345097065 7.80602 -7.73122 1.88726 0.16348 0.75875 -0.22752 0.58806
1403638193.445096970 7.77818 -7.61847 1.94018 0.16682 0.76194 -0.21879 0.58631
1403638193.545097113 7.74282 -7.50421 1.99133 0.16672 0.76221 -0.21394 0.58776
1403638193.645097017 7.69744 -7.38996 2.03318 0.16418 0.76707 -0.21271 0.58258
1403638193.745096922 7.64533 -7.27501 2.06652 0.15821 0.77542 -0.21494 0.57227
1403638193.845097065 7.58857 -7.15985 2.09365 0.15585 0.78122 -0.21592 0.56461
1403638193.945096970 7.52828 -7.04567 2.11605 0.15426 0.78488 -0.21694 0.55955
1403638194.045097113 7.46929 -6.93128 2.13333 0.15279 0.78552 -0.21789 0.55869
1403638194.145097017 7.41302 -6.81757 2.14651 0.15577 0.78067 -0.21681 0.56506
1403638194.245096922 7.35843 -6.70231 2.15496 0.1585 0.77542 -0.21596 0.57181
1403638194.345097065 7.29627 -6.59118 2.15506 0.15712 0.77654 -0.2171 0.57023
1403638194.445096970 7.23499 -6.47542 2.15985 0.15443 0.78036 -0.21976 0.56471
1403638194.545097113 7.16899 -6.36411 2.1703 0.15321 0.78428 -0.22148 0.55892
1403638194.645097017 7.10084 -6.25141 2.18695 0.15172 0.78854 -0.22328 0.55257
1403638194.745096922 7.03579 -6.14005 2.20501 0.15052 0.79355 -0.22514 0.54492
1403638194.845097065 6.97212 -6.03143 2.21909 0.15028 0.7973 -0.22631 0.53898
1403638194.945096970 6.9134 -5.92443 2.2275 0.15186 0.79951 -0.22603 0.53538
1403638195.045097113 6.85968 -5.82139 2.22999 0.15169 0.80082 -0.22666 0.5332
1403638195.145097017 6.81182 -5.7221 2.22574 0.15157 0.80246 -0.22675 0.53072
1403638195.245096922 6.76694 -5.62785 2.21544 0.14707 0.80861 -0.23001 0.52116
1403638195.345097065 6.73008 -5.53819 2.20071 0.1428 0.81505 -0.23298 0.51091
1403638195.445096970 6.70274 -5.45789 2.18544 0.14416 0.81167 -0.2322 0.51623
1403638195.545097113 6.68405 -5.3831 2.16833 0.14737 0.80123 -0.2299 0.53241
1403638195.645097017 6.66969 -5.31225 2.14625 0.15066 0.79424 -0.22719 0.54301
1403638195.745096922 6.65973 -5.24806 2.1238 0.15001 0.79456 -0.22719 0.54274
1403638195.845097065 6.65232 -5.18814 2.10667 0.14808 0.79796 -0.22801 0.5379
1403638195.945096970 6.64719 -5.12565 2.09867 0.14629 0.80327 -0.22858 0.5302
1403638196.045097113 6.65001 -5.07223 2.09726 0.14511 0.80591 -0.22908 0.52628
1403638196.145097017 6.65852 -5.02047 2.10715 0.147 0.80386 -0.22781 0.52943
1403638196.245096922 6.66852 -4.96771 2.12372 0.1496 0.7978 -0.22554 0.53877
1403638196.345097065 6.68051 -4.91704 2.14068 0.15218 0.79404 -0.22373 0.54432
1403638196.445096970 6.6928 -4.86873 2.15253 0.15039 0.79412 -0.22507 0.54415
1403638196.545097113 6.71247 -4.83004 2.15755 0.14838 0.79538 -0.22719 0.54197
1403638196.645097017 6.73025 -4.7928 2.15696 0.14604 0.80104 -0.22944 0.53326
1403638196.745096922 6.7544 -4.75939 2.14933 0.14303 0.80533 -0.23221 0.52636
1403638196.845097065 6.77887 -4.73061 2.14056 0.14277 0.80595 -0.23254 0.52535
1403638196.945096970 6.80936 -4.706 2.13087 0.14546 0.80132 -0.2308 0.53241
1403638197.045097113 6.84629 -4.68513 2.12433 0.14773 0.79622 -0.2293 0.54003
1403638197.145097017 6.88369 -4.66785 2.12353 0.14979 0.79378 -0.22808 0.54356
1403638197.245096922 6.92211 -4.65153 2.13259 0.15386 0.7928 -0.22507 0.5451
1403638197.345097065 6.96338 -4.63642 2.1476 0.16452 0.78995 -0.21766 0.54913
1403638197.445096970 7.00451 -4.61946 2.16797 0.17112 0.78759 -0.21324 0.55222
1403638197.545097113 7.04348 -4.60025 2.1982 0.17043 0.78571 -0.21319 0.55512
1403638197.645097017 7.08356 -4.5765 2.23098 0.17104 0.78503 -0.21251 0.55617
1403638197.745096922 7.12144 -4.55021 2.26721 0.17078 0.78571 -0.21203 0.55546
1403638197.845097065 7.16105 -4.52001 2.29701 0.16808 0.7839 -0.21355 0.55826
1403638197.945096970 7.20069 -4.48793 2.32104 0.165 0.7774 -0.21477 0.56771
1403638198.045097113 7.23736 -4.45203 2.33141 0.16432 0.76959 -0.21474 0.57847
1403638198.145097017 7.27191 -4.41346 2.3219 0.1618 0.77126 -0.21651 0.57628
1403638198.245096922 7.30318 -4.37087 2.29553 0.16019 0.77493 -0.21783 0.57129
1403638198.345097065 7.32921 -4.3246 2.26129 0.16077 0.77747 -0.21733 0.56786
1403638198.445096970 7.35557 -4.27607 2.22367 0.16449 0.78259 -0.21468 0.56072
1403638198.545097113 7.37735 -4.2251 2.18128 0.17198 0.7856 -0.20893 0.55642
1403638198.645097017 7.40838 -4.16752 2.1406 0.18951 0.78585 -0.19671 0.55483
1403638198.745096922 7.42821 -4.10553 2.09729 0.20551 0.7849 -0.18459 0.55464
1403638198.845097065 7.45863 -4.02938 2.06553 0.21282 0.7832 -0.17857 0.55626
1403638198.945096970 7.48335 -3.93931 2.03987 0.21264 0.78379 -0.17859 0.55548
1403638199.045097113 7.51622 -3.83387 2.02382 0.20947 0.78469 -0.1812 0.55457
1403638199.145097017 7.54633 -3.71708 2.01781 0.20697 0.7846 -0.18377 0.5548
1403638199.245096922 7.58591 -3.58715 2.02387 0.20357 0.78235 -0.1865 0.5583
1403638199.345097065 7.62697 -3.44685 2.03706 0.20338 0.77939 -0.18684 0.56239
1403638199.445096970 7.66728 -3.29545 2.05488 0.20811 0.78004 -0.18426 0.5606
1403638199.545097113 7.70852 -3.13238 2.0798 0.21192 0.78409 -0.18182 0.55428
1403638199.645097017 7.74769 -2.95839 2.11273 0.20776 0.78732 -0.17746 0.5527
1403638199.745096922 7.79381 -2.77443 2.14969 0.19309 0.78931 -0.17617 0.55559
1403638199.845097065 7.83879 -2.58436 2.18499 0.17399 0.79226 -0.18043 0.55632
1403638199.945096970 7.88316 -2.39017 2.2159 0.1613 0.79438 -0.18179 0.55669
1403638200.045097113 7.92794 -2.19357 2.24296 0.15306 0.79572 -0.17776 0.5584
1403638200.145097017 7.97145 -1.99526 2.26696 0.1513 0.79801 -0.16389 0.55985
1403638200.245096922 8.01406 -1.79279 2.29439 0.14748 0.79567 -0.14695 0.56883
1403638200.345097065 8.05522 -1.58516 2.32774 0.13902 0.79371 -0.1305 0.57763
1403638200.445096970 8.09417 -1.37297 2.36878 0.13484 0.79488 -0.1126 0.58078
1403638200.545097113 8.13003 -1.15542 2.41637 0.13432 0.79746 -0.09626 0.58031
1403638200.645097017 8.163 -0.92982 2.46893 0.13142 0.80026 -0.07969 0.57963
1403638200.745096922 8.19427 -0.69522 2.52453 0.12893 0.80373 -0.06365 0.57736
1403638200.845097065 8.22326 -0.45158 2.57594 0.12302 0.80762 -0.05526 0.57407
1403638200.945096970 8.25169 -0.19924 2.6202 0.10978 0.80984 -0.05674 0.57348
1403638201.045097113 8.27827 0.05983 2.65763 0.09454 0.80955 -0.06291 0.57596
1403638201.145097017 8.30292 0.32219 2.68678 0.0872 0.80966 -0.06649 0.57657
1403638201.245096922 8.32477 0.58538 2.70952 0.08219 0.80764 -0.07101 0.57959
1403638201.345097065 8.34429 0.84879 2.72473 0.08321 0.80856 -0.07219 0.57801
1403638201.445096970 8.3601 1.11111 2.73288 0.0857 0.80777 -0.07275 0.57868
1403638201.545097113 8.3721 1.37342 2.73298 0.08752 0.80619 -0.07388 0.58046
1403638201.645097017 8.3826 1.6351 2.72713 0.08928 0.8042 -0.07481 0.58283
1403638201.745096922 8.39022 1.89693 2.712 0.08932 0.80359 -0.07689 0.58339
1403638201.845097065 8.39496 2.15887 2.68881 0.08857 0.80264 -0.07857 0.5846
1403638201.945096970 8.39812 2.42399 2.66211 0.08774 0.80388 -0.07685 0.58324
1403638202.045097113 8.39513 2.69085 2.6396 0.08118 0.80491 -0.07152 0.58345
1403638202.145097017 8.38814 2.95826 2.62113 0.06882 0.80833 -0.07092 0.58038
1403638202.245096922 8.37797 3.22574 2.60939 0.05799 0.81224 -0.07151 0.57601
1403638202.345097065 8.36878 3.4891 2.60542 0.05122 0.81535 -0.07067 0.57236
1403638202.445096970 8.36277 3.74805 2.60338 0.04951 0.81701 -0.06841 0.57041
1403638202.545097113 8.35974 4.00398 2.59492 0.04655 0.81796 -0.06861 0.56927
1403638202.645097017 8.35907 4.25555 2.58047 0.04436 0.81941 -0.06969 0.56723
1403638202.745096922 8.36001 4.49931 2.56049 0.04441 0.81949 -0.06998 0.56707
1403638202.845097065 8.36189 4.73668 2.53523 0.04617 0.81843 -0.06952 0.56851
1403638202.945096970 8.36459 4.96769 2.50782 0.04671 0.81767 -0.07009 0.56949
1403638203.045097113 8.36621 5.19314 2.48262 0.04571 0.81636 -0.07123 0.57132
1403638203.145097017 8.36807 5.41204 2.46287 0.04752 0.81544 -0.07047 0.57257
1403638203.245096922 8.36901 5.62523 2.44999 0.05127 0.81227 -0.06787 0.57705
1403638203.345097065 8.36934 5.83273 2.44195 0.04964 0.81067 -0.06886 0.57932
1403638203.445096970 8.36757 6.03596 2.43118 0.04757 0.80911 -0.06978 0.58156
1403638203.545097113 8.36474 6.23198 2.4145 0.0458 0.80993 -0.07092 0.58042
1403638203.645097017 8.36018 6.42465 2.39764 0.04437 0.81159 -0.07188 0.57808
1403638203.745096922 8.35242 6.61235 2.38756 0.04344 0.81111 -0.07232 0.57878
1403638203.845097065 8.3422 6.79752 2.38506 0.04451 0.81114 -0.07105 0.57881
1403638203.945096970 8.32957 6.97826 2.38887 0.04458 0.81155 -0.07002 0.57835
1403638204.045097113 8.31442 7.15409 2.39975 0.04238 0.81284 -0.07008 0.5767
1403638204.145097017 8.29575 7.32459 2.41849 0.03938 0.81538 -0.07061 0.57325
1403638204.245096922 8.27656 7.49033 2.44433 0.03278 0.81805 -0.07476 0.56932
1403638204.345097065 8.25802 7.6482 2.47441 0.02088 0.82196 -0.08353 0.56301
1403638204.445096970 8.2408 7.7982 2.50564 0.01345 0.82511 -0.09009 0.55758
1403638204.545097113 8.22547 7.93934 2.53264 0.01159 0.82504 -0.09274 0.55729
1403638204.645097017 8.21387 8.07265 2.55386 0.01007 0.82355 -0.0899 0.55999
1403638204.745096922 8.20284 8.19541 2.56714 0.01161 0.82422 -0.07718 0.56087
1403638204.845097065 8.19275 8.30828 2.57301 0.01519 0.82443 -0.05509 0.56307
1403638204.945096970 8.18402 8.41575 2.5701 0.01382 0.82358 -0.02627 0.56642
1403638205.045097113 8.17703 8.52063 2.55947 0.00331 0.82265 0.00601 0.56851
1403638205.145097017 8.17131 8.6249 2.54536 -0.01704 0.82169 0.0416 0.56815
1403638205.245096922 8.16495 8.72937 2.53599 -0.04347 0.81755 0.08093 0.56848
1403638205.345097065 8.15858 8.83404 2.53409 -0.07292 0.81027 0.12078 0.56882
1403638205.445096970 8.15303 8.93918 2.54051 -0.0979 0.79999 0.16047 0.56981
1403638205.545097113 8.14516 9.043 2.55344 -0.10965 0.78891 0.19667 0.57177
1403638205.645097017 8.13026 9.14776 2.57302 -0.11345 0.77688 0.22422 0.57733
1403638205.745096922 8.10925 9.25745 2.59932 -0.11673 0.7665 0.24368 0.58264
1403638205.845097065 8.07786 9.3741 2.6294 -0.12631 0.76072 0.25977 0.58127
1403638205.945096970 8.03636 9.49574 2.66442 -0.14027 0.7567 0.27635 0.57564
1403638206.045097113 7.9865 9.62369 2.70617 -0.15847 0.75271 0.29272 0.568
1403638206.145097017 7.92673 9.75055 2.75361 -0.17585 0.74557 0.30954 0.56337
1403638206.245096922 7.85937 9.87788 2.80136 -0.19139 0.73785 0.32576 0.55931
1403638206.345097065 7.78412 10.00408 2.84347 -0.21255 0.73205 0.33537 0.55358
1403638206.445096970 7.70243 10.12771 2.87913 -0.2289 0.72852 0.33984 0.54897
1403638206.545097113 7.61673 10.24752 2.90896 -0.24001 0.72509 0.34191 0.54748
1403638206.645097017 7.52689 10.36171 2.93246 -0.24613 0.72213 0.34383 0.54747
1403638206.745096922 7.43278 10.47311 2.95079 -0.25251 0.71939 0.34965 0.54448
1403638206.845097065 7.33474 10.57829 2.96326 -0.25809 0.71677 0.35596 0.54122
1403638206.945096970 7.23352 10.67855 2.97018 -0.26419 0.71309 0.35882 0.54125
1403638207.045097113 7.12943 10.77444 2.97052 -0.26943 0.70988 0.35979 0.54225
1403638207.145097017 7.02339 10.85856 2.9616 -0.2718 0.70747 0.36084 0.54351
1403638207.245096922 6.91381 10.93673 2.94379 -0.27586 0.70488 0.36328 0.5432
1403638207.345097065 6.79928 11.01011 2.91996 -0.28339 0.69938 0.36938 0.54232
1403638207.445096970 6.67957 11.07572 2.89432 -0.2933 0.69074 0.38028 0.54059
1403638207.545097113 6.55361 11.13436 2.87539 -0.30481 0.68306 0.39471 0.53359
1403638207.645097017 6.42436 11.18119 2.86127 -0.31202 0.68147 0.40908 0.52047
1403638207.745096922 6.29446 11.21741 2.8543 -0.31725 0.68317 0.41967 0.50646
1403638207.845097065 6.16716 11.24685 2.8555 -0.32033 0.68539 0.42681 0.49544
1403638207.945096970 6.04214 11.2728 2.86438 -0.32006 0.68903 0.43205 0.48594
1403638208.045097113 5.9204 11.29524 2.87588 -0.31936 0.68984 0.43424 0.48329
1403638208.145097017 5.80028 11.31506 2.88418 -0.32295 0.68755 0.43135 0.48674
1403638208.245096922 5.68313 11.33221 2.8858 -0.32457 0.68433 0.42862 0.49258
1403638208.345097065 5.56848 11.34443 2.87918 -0.32196 0.6859 0.42846 0.49226
1403638208.445096970 5.45462 11.35342 2.8657 -0.31834 0.68859 0.43005 0.48944
1403638208.545097113 5.34208 11.35885 2.85395 -0.31999 0.68844 0.43437 0.48475
1403638208.645097017 5.2311 11.36074 2.84911 -0.32451 0.68338 0.44357 0.48055
1403638208.745096922 5.12493 11.35981 2.852 -0.332 0.679 0.44995 0.47569
1403638208.845097065 5.02214 11.35579 2.86013 -0.33791 0.67388 0.45553 0.47349
1403638208.945096970 4.92325 11.34957 2.8648 -0.34047 0.6688 0.4613 0.47327
1403638209.045097113 4.82796 11.34022 2.8622 -0.3428 0.66606 0.4646 0.47222
1403638209.145097017 4.73528 11.32772 2.85281 -0.34457 0.66472 0.46674 0.47072
1403638209.245096922 4.64463 11.31173 2.83702 -0.34566 0.66426 0.46764 0.46967
1403638209.345097065 4.55474 11.29442 2.81491 -0.34686 0.66511 0.46757 0.46765
1403638209.445096970 4.46793 11.27601 2.78778 -0.34824 0.66533 0.46716 0.46673
1403638209.545097113 4.38063 11.25746 2.75361 -0.35048 0.66335 0.46516 0.46985
1403638209.645097017 4.29869 11.23606 2.70149 -0.35161 0.66381 0.46335 0.47015
1403638209.745096922 4.2157 11.21312 2.63108 -0.3498 0.66501 0.46333 0.46981
1403638209.845097065 4.13808 11.18714 2.54287 -0.34648 0.6631 0.46503 0.47329
1403638209.945096970 4.05619 11.15793 2.44568 -0.34645 0.65992 0.46419 0.47855
1403638210.045097113 3.98165 11.12543 2.34452 -0.34868 0.65554 0.46222 0.48481
1403638210.145097017 3.90254 11.08675 2.24855 -0.35285 0.65229 0.45885 0.48936
1403638210.245096922 3.82795 11.04102 2.15862 -0.35559 0.65048 0.45682 0.49168
1403638210.345097065 3.75234 10.98615 2.07324 -0.35415 0.65007 0.45767 0.49246
1403638210.445096970 3.67291 10.92029 1.9872 -0.35394 0.65116 0.45763 0.49121
1403638210.545097113 3.59816 10.85203 1.8969 -0.35521 0.6511 0.45631 0.49161
1403638210.645097017 3.5191 10.77313 1.80124 -0.35636 0.65044 0.45487 0.49298
1403638210.745096922 3.44326 10.6906 1.70471 -0.3576 0.65104 0.45349 0.49257
1403638210.845097065 3.36385 10.59539 1.61423 -0.35722 0.65238 0.4535 0.49106
1403638210.945096970 3.28822 10.49841 1.52975 -0.35517 0.65609 0.45525 0.48595
1403638211.045097113 3.21166 10.39228 1.45438 -0.35438 0.65937 0.45634 0.48105
1403638211.145097017 3.13773 10.28364 1.3898 -0.35274 0.66218 0.45796 0.47682
1403638211.245096922 3.06752 10.17452 1.33265 -0.35223 0.66427 0.45866 0.47362
1403638211.345097065 3.00364 10.06621 1.28395 -0.35006 0.66641 0.45737 0.47347
1403638211.445096970 2.94327 9.95544 1.23346 -0.34528 0.67148 0.45097 0.47595
1403638211.545097113 2.88373 9.83904 1.1754 -0.33873 0.67856 0.44072 0.48019
1403638211.645097017 2.82664 9.72095 1.11268 -0.33288 0.68787 0.42466 0.48548
1403638211.745096922 2.77265 9.59874 1.04389 -0.32346 0.69972 0.40519 0.49151
1403638211.845097065 2.72309 9.47204 0.97524 -0.31369 0.71405 0.38178 0.49596
1403638211.945096970 2.67821 9.34204 0.91242 -0.30118 0.72617 0.35919 0.50293
1403638212.045097113 2.63918 9.20826 0.85786 -0.28766 0.73712 0.33791 0.50963
1403638212.145097017 2.60572 9.07168 0.81216 -0.27093 0.74576 0.31933 0.51814
1403638212.245096922 2.57534 8.93143 0.77619 -0.25374 0.75336 0.30043 0.52707
1403638212.345097065 2.54531 8.7864 0.74938 -0.23782 0.76124 0.28138 0.53365
1403638212.445096970 2.51743 8.63873 0.7283 -0.22077 0.76784 0.26258 0.54105
1403638212.545097113 2.48824 8.48487 0.71435 -0.20839 0.77424 0.2405 0.54707
1403638212.645097017 2.45929 8.32664 0.70462 -0.19421 0.78136 0.2191 0.55114
1403638212.745096922 2.4306 8.16462 0.70139 -0.17631 0.78828 0.19958 0.55471
1403638212.845097065 2.40324 7.99966 0.70462 -0.16096 0.79337 0.17656 0.55989
1403638212.945096970 2.37768 7.83217 0.71183 -0.14519 0.79915 0.15205 0.56317
1403638213.045097113 2.35482 7.6634 0.7255 -0.12754 0.80469 0.12686 0.56579
1403638213.145097017 2.33511 7.49539 0.74278 -0.11223 0.81047 0.09932 0.56628
1403638213.245096922 2.31713 7.32644 0.75567 -0.09893 0.81924 0.07016 0.56048
1403638213.345097065 2.30267 7.15518 0.76191 -0.08841 0.82823 0.0389 0.552
1403638213.445096970 2.29381 6.98131 0.76399 -0.07947 0.83453 0.00688 0.54516
1403638213.545097113 2.29245 6.80144 0.76311 -0.06765 0.83585 -0.02117 0.54436
1403638213.645097017 2.298 6.61291 0.76105 -0.04462 0.82901 -0.03303 0.55648
1403638213.745096922 2.30803 6.42062 0.76357 -0.02281 0.82044 -0.03594 0.57014
1403638213.845097065 2.31954 6.22766 0.77089 -0.00675 0.81567 -0.03604 0.57735
1403638213.945096970 2.33208 6.03525 0.78306 0.00169 0.81486 -0.03564 0.57856
1403638214.045097113 2.34252 5.84404 0.79901 0.00314 0.81762 -0.03548 0.57466
1403638214.145097017 2.35366 5.65302 0.81866 0.00354 0.82417 -0.03348 0.56535
1403638214.245096922 2.36759 5.46283 0.84049 0.00236 0.83077 -0.03015 0.55579
1403638214.345097065 2.38261 5.26961 0.85597 -0.00016 0.83544 -0.02691 0.54893
1403638214.445096970 2.40361 5.07804 0.86491 -0.00151 0.83695 -0.02229 0.54682
1403638214.545097113 2.43076 4.88708 0.86841 -0.003 0.83172 -0.01805 0.55489
1403638214.645097017 2.45978 4.70092 0.86686 -0.00428 0.82527 -0.01433 0.56455
1403638214.745096922 2.48945 4.51789 0.86114 -0.00556 0.8189 -0.01065 0.57381
1403638214.845097065 2.51744 4.33626 0.85035 -0.00717 0.81484 -0.00751 0.57959
1403638214.945096970 2.54303 4.15878 0.83409 -0.00809 0.81234 -0.00512 0.58311
1403638215.045097113 2.56773 3.98442 0.81261 -0.00926 0.81156 -0.00388 0.58418
1403638215.145097017 2.58948 3.81345 0.78672 -0.00865 0.81182 -0.00207 0.58384
1403638215.245096922 2.61027 3.64631 0.75769 -0.00692 0.81388 -0.00062 0.58099
1403638215.345097065 2.63147 3.4781 0.72724 -0.00292 0.81559 0.002 0.57863
1403638215.445096970 2.65373 3.31686 0.69945 0.00243 0.81514 0.00579 0.57923
1403638215.545097113 2.67625 3.16198 0.68061 0.00349 0.81547 0.00635 0.57876
1403638215.645097017 2.69736 3.01246 0.66987 0.00303 0.8135 0.00628 0.58153
1403638215.745096922 2.7165 2.8679 0.664 -0.0012 0.81311 0.00323 0.5821
1403638215.845097065 2.73318 2.72556 0.65561 -0.00208 0.8132 -0.00245 0.58198
1403638215.945096970 2.74396 2.58962 0.64065 0.00038 0.81301 -0.00704 0.58221
1403638216.045097113 2.75366 2.4533 0.62096 0.00181 0.81297 -0.011 0.5822
1403638216.145097017 2.76089 2.323 0.60066 0.00516 0.81298 -0.01268 0.58213
1403638216.245096922 2.76401 2.19844 0.58705 0.00818 0.81173 -0.01356 0.58381
1403638216.345097065 2.76478 2.07708 0.57988 0.01043 0.81084 -0.01415 0.58501
1403638216.445096970 2.76281 1.95981 0.57914 0.01194 0.80969 -0.01469 0.58655
1403638216.545097113 2.75802 1.84762 0.58029 0.01273 0.81005 -0.01483 0.58603
1403638216.645097017 2.75108 1.73832 0.57457 0.01605 0.81149 -0.01331 0.584
1403638216.745096922 2.7423 1.63521 0.56037 0.01859 0.81278 -0.01144 0.58216
1403638216.845097065 2.73393 1.53171 0.54278 0.02217 0.80926 -0.01288 0.58689
1403638216.945096970 2.72188 1.43726 0.5205 0.02663 0.80689 -0.02009 0.58975
1403638217.045097113 2.7078 1.34329 0.49586 0.02942 0.80732 -0.03355 0.58843
1403638217.145097017 2.68942 1.25474 0.46892 0.03497 0.80951 -0.04896 0.58402
1403638217.245096922 2.66892 1.17014 0.44113 0.04217 0.81111 -0.06046 0.58023
1403638217.345097065 2.64789 1.08943 0.41914 0.04816 0.81193 -0.06816 0.57776
1403638217.445096970 2.62422 1.01427 0.4069 0.0523 0.81279 -0.0737 0.57551
1403638217.545097113 2.5998 0.94258 0.40211 0.05929 0.81361 -0.07446 0.57356
1403638217.645097017 2.57549 0.87485 0.40499 0.06657 0.81438 -0.07193 0.57199
1403638217.745096922 2.5519 0.81163 0.41386 0.07412 0.8152 -0.06771 0.57041
1403638217.845097065 2.52717 0.7562 0.43004 0.07932 0.81669 -0.0637 0.56803
1403638217.945096970 2.50582 0.70638 0.44497 0.08151 0.81532 -0.06072 0.57002
1403638218.045097113 2.48462 0.66554 0.45679 0.08068 0.81349 -0.0589 0.57294
1403638218.145097017 2.46727 0.62753 0.45855 0.07857 0.81208 -0.05845 0.57527
1403638218.245096922 2.44753 0.60224 0.45839 0.07713 0.80932 -0.05699 0.57948
1403638218.345097065 2.42802 0.58267 0.45493 0.0724 0.80557 -0.05744 0.58524
1403638218.445096970 2.40992 0.56478 0.45226 0.066 0.80529 -0.05907 0.58622
1403638218.545097113 2.38564 0.56088 0.4621 0.06313 0.80616 -0.05956 0.5853
1403638218.645097017 2.35854 0.55997 0.47696 0.06017 0.80815 -0.06052 0.58276
1403638218.745096922 2.33518 0.55956 0.48815 0.06039 0.81297 -0.06404 0.57561
1403638218.845097065 2.30528 0.56987 0.50019 0.06461 0.81635 -0.07116 0.56951
1403638218.945096970 2.28316 0.57975 0.50263 0.06128 0.81678 -0.08308 0.56764
1403638219.045097113 2.26131 0.59361 0.50181 0.05193 0.815 -0.09736 0.56886
1403638219.145097017 2.23616 0.60644 0.49954 0.04953 0.81256 -0.1051 0.57118
1403638219.245096922 2.21561 0.61709 0.49355 0.05793 0.8084 -0.10309 0.57663
1403638219.345097065 2.18898 0.62649 0.48452 0.06649 0.80218 -0.09966 0.58494
1403638219.445096970 2.16588 0.63732 0.47713 0.07099 0.79457 -0.09761 0.59505
1403638219.545097113 2.13726 0.64846 0.47347 0.07193 0.79254 -0.09705 0.59774
1403638219.645097017 2.10166 0.66247 0.47287 0.06802 0.79495 -0.09941 0.5946
1403638219.745096922 2.05836 0.67871 0.47616 0.06138 0.79772 -0.10364 0.59088
1403638219.845097065 2.01141 0.69348 0.47471 0.0525 0.801 -0.10943 0.58623
1403638219.945096970 1.96103 0.70582 0.46852 0.04442 0.80323 -0.11504 0.58276
1403638220.045097113 1.90915 0.71425 0.45565 0.0393 0.80566 -0.1185 0.57907
1403638220.145097017 1.85382 0.71588 0.44473 0.04159 0.80784 -0.11685 0.5762
1403638220.245096922 1.80154 0.71188 0.43738 0.05547 0.80987 -0.10759 0.57399
1403638220.345097065 1.74475 0.70573 0.44063 0.06742 0.81171 -0.09928 0.5716
1403638220.445096970 1.68642 0.70096 0.44923 0.07252 0.81227 -0.09607 0.57072
1403638220.545097113 1.63072 0.69913 0.46195 0.07425 0.81176 -0.09552 0.57132
1403638220.645097017 1.57294 0.69931 0.47384 0.07583 0.81144 -0.09593 0.57151
1403638220.745096922 1.5196 0.70174 0.47986 0.0761 0.81131 -0.09742 0.57139
1403638220.845097065 1.46586 0.70577 0.47902 0.07535 0.81081 -0.09922 0.5719
1403638220.945096970 1.41297 0.71151 0.47084 0.07507 0.81149 -0.10104 0.57064
1403638221.045097113 1.36172 0.71805 0.45747 0.0753 0.8121 -0.10159 0.56966
1403638221.145097017 1.30572 0.72635 0.44187 0.07585 0.81284 -0.10242 0.56837
1403638221.245096922 1.25668 0.73631 0.43264 0.07525 0.81427 -0.10348 0.56621
1403638221.345097065 1.20765 0.74668 0.43051 0.0733 0.81575 -0.10541 0.56398
1403638221.445096970 1.15482 0.75652 0.4323 0.07057 0.81628 -0.10802 0.56306
1403638221.545097113 1.1102 0.76662 0.43028 0.06832 0.81621 -0.11005 0.56304
1403638221.645097017 1.06732 0.77549 0.42313 0.06808 0.81514 -0.11089 0.56446
1403638221.745096922 1.0274 0.78337 0.41426 0.06619 0.81253 -0.11252 0.56811
1403638221.845097065 0.98868 0.78954 0.40869 0.06543 0.8115 -0.11228 0.56972
1403638221.945096970 0.94963 0.79151 0.41391 0.06926 0.81014 -0.1089 0.57186
1403638222.045097113 0.90968 0.79638 0.42257 0.0726 0.81044 -0.10633 0.5715
1403638222.145097017 0.87186 0.8015 0.43326 0.07414 0.81366 -0.10518 0.56692
1403638222.245096922 0.83343 0.80758 0.43945 0.07398 0.81733 -0.10571 0.56153
1403638222.345097065 0.79767 0.8147 0.44009 0.07311 0.8207 -0.10655 0.55655
1403638222.445096970 0.76933 0.82042 0.43479 0.07256 0.82339 -0.10738 0.55247
1403638222.545097113 0.74214 0.82619 0.42623 0.07232 0.82301 -0.1075 0.55305
1403638222.645097017 0.72542 0.82945 0.4139 0.07197 0.81738 -0.10764 0.56136
1403638222.745096922 0.70507 0.83434 0.40003 0.07261 0.81372 -0.10728 0.56664
1403638222.845097065 0.68596 0.83969 0.38378 0.07333 0.81113 -0.10668 0.57036
1403638222.945096970 0.67194 0.84498 0.365 0.07355 0.80354 -0.10612 0.58107
1403638223.045097113 0.64918 0.85155 0.34858 0.07291 0.80314 -0.10599 0.58174
1403638223.145097017 0.6238 0.85878 0.33771 0.07346 0.80898 -0.10596 0.57352
1403638223.245096922 0.59722 0.86802 0.33141 0.06723 0.81891 -0.11088 0.55908
1403638223.345097065 0.56843 0.87599 0.32737 0.06421 0.82115 -0.11321 0.55567
1403638223.445096970 0.54058 0.88195 0.32309 0.05762 0.81763 -0.11783 0.5606
1403638223.545097113 0.5204 0.88471 0.3148 0.04908 0.81308 -0.12388 0.5667
1403638223.645097017 0.50084 0.88222 0.3049 0.05643 0.81205 -0.119 0.56854
1403638223.745096922 0.47966 0.87669 0.29556 0.06801 0.81268 -0.11102 0.56798
1403638223.845097065 0.4595 0.87152 0.28047 0.07558 0.81365 -0.10578 0.56664
1403638223.945096970 0.44254 0.86741 0.26777 0.08071 0.81388 -0.10212 0.56627
1403638224.045097113 0.42492 0.86467 0.25014 0.08208 0.81605 -0.10112 0.56311
1403638224.145097017 0.40867 0.86433 0.23047 0.07965 0.82169 -0.10243 0.55496
1403638224.245096922 0.39686 0.86619 0.21409 0.07784 0.82508 -0.10372 0.54994
1403638224.345097065 0.3876 0.87097 0.20168 0.07791 0.82082 -0.1037 0.55626
1403638224.445096970 0.38396 0.87559 0.18771 0.0717 0.81457 -0.10849 0.5653
1403638224.545097113 0.38065 0.8807 0.1744 0.07181 0.80727 -0.1083 0.5757
1403638224.645097017 0.378 0.88632 0.16106 0.07336 0.80959 -0.10704 0.57247
1403638224.745096922 0.37388 0.89229 0.14525 0.07253 0.8198 -0.10776 0.55773
1403638224.845097065 0.37449 0.89848 0.13947 0.07173 0.82263 -0.10834 0.55353
1403638224.945096970 0.38022 0.90381 0.14087 0.06462 0.81541 -0.11276 0.56411
1403638225.045097113 0.38701 0.90744 0.14503 0.05828 0.80894 -0.11597 0.57339
1403638225.145097017 0.39188 0.90808 0.14844 0.06253 0.80825 -0.11216 0.57467
1403638225.245096922 0.39408 0.90785 0.15256 0.06684 0.81485 -0.10806 0.56558
1403638225.345097065 0.39712 0.90708 0.1589 0.06972 0.8186 -0.10576 0.56022
1403638225.445096970 0.40229 0.90631 0.16271 0.0715 0.81454 -0.1043 0.56616
1403638225.545097113 0.40874 0.90549 0.1595 0.07429 0.80419 -0.10237 0.58076
1403638225.645097017 0.41242 0.90567 0.15001 0.07655 0.79374 -0.10064 0.59497
1403638225.745096922 0.41052 0.90848 0.12921 0.07738 0.79601 -0.09995 0.59193
1403638225.845097065 0.40428 0.91395 0.09851 0.07607 0.8074 -0.10107 0.57628
1403638225.945096970 0.39758 0.92054 0.06276 0.07462 0.81762 -0.10206 0.56171
1403638226.045097113 0.39551 0.93051 0.03665 0.07018 0.82785 -0.10218 0.54708
1403638226.145097017 0.4041 0.93966 0.04949 0.04704 0.82588 -0.1163 0.54971
1403638226.245096922 0.41317 0.94608 0.04312 0.0734 0.83074 -0.10053 0.54257
1403638226.345097065 0.41061 0.95185 0.04849 0.071 0.82684 -0.10127 0.54866
1403638226.445096970 0.40619 0.95318 0.04745 0.07109 0.82647 -0.10154 0.54916
1403638226.545097113 0.40435 0.95428 0.05123 0.07115 0.82583 -0.10107 0.55021
1403638226.645097017 0.40331 0.95551 0.05657 0.07098 0.82582 -0.10166 0.55013
1403638226.745096922 0.40011 0.95409 0.0652 0.07054 0.82629 -0.10208 0.54941
1403638226.845097065 0.39613 0.95306 0.07396 0.07072 0.82602 -0.10176 0.54984
1403638226.945096970 0.39263 0.95234 0.08162 0.0712 0.82619 -0.10158 0.54956
1403638227.045097113 0.38802 0.95242 0.08896 0.07172 0.82613 -0.10114 0.54967
1403638227.145097017 0.38331 0.95296 0.09648 0.07151 0.82625 -0.10144 0.54946
1403638227.245096922 0.37782 0.95375 0.10392 0.07124 0.82627 -0.10151 0.54946
1403638227.345097065 0.37223 0.95489 0.11157 0.07085 0.82626 -0.10188 0.54944
1403638227.445096970 0.36621 0.95627 0.11924 0.07087 0.82629 -0.10189 0.5494
1403638227.545097113 0.35978 0.95771 0.12714 0.07097 0.82628 -0.10173 0.54943
1403638227.645097017 0.35289 0.95935 0.13533 0.07111 0.82628 -0.10165 0.54943
1403638227.745096922 0.34553 0.96142 0.1434 0.07102 0.8263 -0.10174 0.54939
1403638227.845097065 0.33812 0.96389 0.15142 0.07096 0.82636 -0.10179 0.5493
1403638227.945096970 0.33038 0.96681 0.15945 0.07083 0.82636 -0.1019 0.54929
1403638228.045097113 0.32229 0.96996 0.16757 0.07081 0.82637 -0.10197 0.54928
1403638228.145097017 0.31388 0.97331 0.17584 0.07083 0.82636 -0.10197 0.54929
1403638228.245096922 0.30519 0.97692 0.18425 0.07085 0.82637 -0.10196 0.54928
1403638228.345097065 0.29638 0.98068 0.1927 0.07081 0.82637 -0.10203 0.54927
1403638228.445096970 0.28701 0.98478 0.20099 0.07079 0.82639 -0.10204 0.54923
1403638228.545097113 0.27728 0.98928 0.20927 0.0707 0.82639 -0.10207 0.54924
1403638228.645097017 0.26709 0.99421 0.21745 0.07072 0.82642 -0.10209 0.54918
1403638228.745096922 0.25654 0.99946 0.22568 0.0707 0.82642 -0.10214 0.54918
1403638228.845097065 0.24555 1.00491 0.23411 0.0707 0.82643 -0.10217 0.54916
