1403638142.795097113 0.02138 0.04991 -0.00723 0.02468 0.84063 -0.04427 0.53924
1403638142.895097017 0.02139 0.04991 -0.0072 0.0246 0.84064 -0.04409 0.53923
1403638142.995096922 0.0214 0.04998 -0.0072 0.0245 0.84063 -0.04372 0.53929
1403638143.095097065 0.02139 0.04996 -0.00717 0.02451 0.84067 -0.0437 0.53922
1403638143.195096970 0.02137 0.04995 -0.00716 0.02443 0.84071 -0.04381 0.53916
1403638143.295097113 0.02139 0.04994 -0.00719 0.02446 0.84068 -0.04396 0.53919
1403638143.395097017 0.02138 0.04996 -0.00717 0.02456 0.84068 -0.04399 0.53919
1403638143.495096922 0.02138 0.04995 -0.00716 0.02457 0.84067 -0.04396 0.53919
1403638143.595097065 0.02136 0.04991 -0.00714 0.02468 0.84068 -0.04411 0.53917
1403638143.695096970 0.0214 0.04993 -0.00715 0.02449 0.84066 -0.04405 0.53921
1403638143.795097113 0.02139 0.04994 -0.00714 0.02441 0.84066 -0.04399 0.53922
1403638143.895097017 0.02139 0.04995 -0.00713 0.02432 0.84065 -0.04402 0.53924
1403638143.995096922 0.02138 0.04995 -0.00712 0.02432 0.84063 -0.04401 0.53927
1403638144.095097065 0.02138 0.04994 -0.00712 0.02427 0.84066 -0.044 0.53922
1403638144.195096970 0.02137 0.04994 -0.00711 0.02428 0.84063 -0.04396 0.53928
1403638144.295097113 0.02138 0.04995 -0.00712 0.0242 0.84061 -0.04387 0.53931
1403638144.395097017 0.02139 0.04994 -0.00713 0.02419 0.8406 -0.04389 0.53933
1403638144.495096922 0.02139 0.04993 -0.00712 0.02425 0.84061 -0.04395 0.53932
1403638144.595097065 0.02139 0.04994 -0.00712 0.02415 0.84061 -0.04393 0.53932
1403638144.695096970 0.0214 0.04995 -0.00709 0.02402 0.84055 -0.04376 0.53942
1403638144.795097113 0.02138 0.04996 -0.0071 0.02404 0.84057 -0.04384 0.53939
1403638144.895097017 0.02138 0.04996 -0.00711 0.02409 0.8406 -0.04387 0.53934
1403638144.995096922 0.02139 0.04995 -0.00709 0.02412 0.84057 -0.04382 0.53938
1403638145.095097065 0.02138 0.04994 -0.00709 0.02406 0.84058 -0.04382 0.53937
1403638145.195096970 0.02139 0.04996 -0.00707 0.02403 0.84057 -0.04376 0.5394
1403638145.295097113 0.02139 0.04995 -0.00706 0.02394 0.84059 -0.04371 0.53938
1403638145.395097017 0.02135 0.04994 -0.00704 0.024 0.84058 -0.04371 0.53939
1403638145.495096922 0.02136 0.04996 -0.00701 0.02392 0.84057 -0.04366 0.53942
1403638145.595097065 0.02139 0.04994 -0.00701 0.02385 0.84058 -0.0436 0.5394
1403638145.695096970 0.0214 0.04994 -0.007 0.02385 0.84056 -0.04361 0.53943
1403638145.795097113 0.02139 0.04995 -0.007 0.02391 0.8406 -0.04355 0.53937
1403638145.895097017 0.02138 0.04995 -0.007 0.02392 0.84058 -0.04358 0.5394
1403638145.995096922 0.02139 0.04996 -0.007 0.0239 0.84058 -0.04362 0.53939
1403638146.095097065 0.0214 0.04996 -0.00698 0.02386 0.84062 -0.04355 0.53934
1403638146.195096970 0.02139 0.04996 -0.00698 0.02391 0.84057 -0.04359 0.53941
1403638146.295097113 0.02141 0.04997 -0.00696 0.02405 0.84061 -0.04367 0.53934
1403638146.395097017 0.02141 0.04996 -0.00695 0.02407 0.84062 -0.04362 0.53932
1403638146.495096922 0.0214 0.04996 -0.00693 0.02405 0.84065 -0.04367 0.53928
1403638146.595097065 0.02141 0.04997 -0.00694 0.02413 0.84062 -0.04367 0.53932
1403638146.695096970 0.02142 0.04995 -0.00691 0.02416 0.84066 -0.04368 0.53925
1403638146.795097113 0.0214 0.04996 -0.00695 0.02422 0.8406 -0.04372 0.53934
1403638146.895097017 0.02144 0.04995 -0.0069 0.02437 0.84068 -0.04368 0.53922
1403638146.995096922 0.02143 0.04997 -0.00688 0.02428 0.84077 -0.04364 0.53909
1403638147.095097065 0.02145 0.05009 -0.00692 0.02394 0.84081 -0.04341 0.53906
1403638147.195096970 0.02148 0.05012 -0.00694 0.02399 0.84091 -0.0433 0.5389
1403638147.295097113 0.02147 0.05015 -0.00692 0.0238 0.84086 -0.04336 0.53899
1403638147.395097017 0.02148 0.05015 -0.00688 0.02385 0.84075 -0.04334 0.53916
1403638147.495096922 0.02144 0.05004 -0.00668 0.02365 0.8403 -0.04312 0.53988
1403638147.595097065 0.02146 0.05006 -0.00652 0.02304 0.83987 -0.04323 0.54057
1403638147.695096970 0.02191 0.05005 -0.00663 0.02257 0.84002 -0.04238 0.54043
1403638147.795097113 0.02386 0.04968 -0.00558 0.02319 0.83786 -0.04306 0.5437
1403638147.895097017 0.02886 0.04848 -0.00149 0.02568 0.83084 -0.04609 0.554
1403638147.995096922 0.03767 0.04729 0.00868 0.02607 0.82432 -0.04833 0.56345
1403638148.095097065 0.04799 0.04591 0.02683 0.0266 0.81921 -0.04765 0.57089
1403638148.195096970 0.05932 0.04435 0.05399 0.02715 0.81641 -0.04462 0.5751
1403638148.295097113 0.06915 0.04314 0.09578 0.0254 0.81611 -0.0418 0.57583
1403638148.395097017 0.07831 0.0428 0.14613 0.02366 0.81581 -0.03877 0.57654
1403638148.495096922 0.08676 0.04286 0.18083 0.02361 0.81962 -0.03559 0.57132
1403638148.595097065 0.09812 0.04255 0.19168 0.02358 0.82367 -0.03303 0.56562
1403638148.695096970 0.10767 0.04439 0.18646 0.0232 0.82723 -0.031 0.56053
1403638148.795097113 0.12327 0.0459 0.18457 0.02163 0.8296 -0.03007 0.55713
1403638148.895097017 0.13921 0.04948 0.1897 0.02043 0.83028 -0.02883 0.55622
1403638148.995096922 0.15798 0.05439 0.20579 0.01936 0.82836 -0.02767 0.55917
1403638149.095097065 0.17502 0.06018 0.2287 0.01857 0.82457 -0.02598 0.56486
1403638149.195096970 0.19861 0.06614 0.26154 0.01808 0.82231 -0.0254 0.56818
1403638149.295097113 0.22187 0.07313 0.29332 0.01607 0.82105 -0.02677 0.57001
1403638149.395097017 0.24602 0.08123 0.31967 0.01517 0.81974 -0.02686 0.5719
1403638149.495096922 0.26966 0.08695 0.34265 0.01555 0.81894 -0.0263 0.57306
1403638149.595097065 0.29036 0.09226 0.36035 0.01621 0.81879 -0.02479 0.57332
1403638149.695096970 0.31183 0.0998 0.37128 0.01339 0.8189 -0.02012 0.57343
1403638149.795097113 0.33338 0.10876 0.38005 0.01034 0.81895 -0.01488 0.57357
1403638149.895097017 0.35291 0.11654 0.3866 0.00753 0.81884 -0.01118 0.57387
1403638149.995096922 0.37463 0.12671 0.39087 0.00728 0.81919 -0.00742 0.57343
1403638150.095097065 0.39584 0.139 0.38569 0.01335 0.81913 -0.00091 0.57346
1403638150.195096970 0.41684 0.15435 0.37736 0.02046 0.81919 0.00539 0.57314
1403638150.295097113 0.43903 0.17429 0.36319 0.02383 0.82018 0.00796 0.57155
1403638150.395097017 0.46133 0.20004 0.34513 0.02089 0.82437 0.0072 0.56561
1403638150.495096922 0.4843 0.23191 0.33484 0.00973 0.83004 0.00701 0.55758
1403638150.595097065 0.51044 0.266 0.32921 0.00157 0.83357 0.01142 0.55229
1403638150.695096970 0.53867 0.30229 0.33614 -0.00462 0.8337 0.01538 0.55198
1403638150.795097113 0.57165 0.33876 0.34859 -0.00851 0.83239 0.02217 0.55368
1403638150.895097017 0.61033 0.37781 0.36392 -0.013 0.82963 0.0316 0.55726
1403638150.995096922 0.65293 0.4193 0.37559 -0.01737 0.82523 0.0399 0.56312
1403638151.095097065 0.69621 0.46585 0.38278 -0.02318 0.82281 0.05214 0.56545
1403638151.195096970 0.73921 0.51432 0.38354 -0.03237 0.82007 0.06929 0.56712
1403638151.295097113 0.78086 0.56523 0.37825 -0.04642 0.81929 0.08805 0.56467
1403638151.395097017 0.82067 0.61729 0.37108 -0.06195 0.81746 0.10831 0.56231
1403638151.495096922 0.85838 0.67173 0.36809 -0.07829 0.81463 0.12786 0.56027
1403638151.595097065 0.89559 0.7283 0.37053 -0.09117 0.8119 0.14458 0.55822
1403638151.695096970 0.93249 0.7863 0.37953 -0.10016 0.80901 0.15704 0.5575
1403638151.795097113 0.96889 0.84581 0.39673 -0.10517 0.80788 0.16571 0.5557
1403638151.895097017 1.00499 0.90688 0.42118 -0.10836 0.80721 0.17062 0.55458
1403638151.995096922 1.04267 0.97117 0.4491 -0.10823 0.80708 0.17442 0.55362
1403638152.095097065 1.08021 1.03736 0.47371 -0.10838 0.80734 0.17535 0.55291
1403638152.195096970 1.11631 1.10273 0.49379 -0.10808 0.80723 0.17593 0.55294
1403638152.295097113 1.15131 1.17225 0.50601 -0.10576 0.80666 0.17746 0.55374
1403638152.395097017 1.18848 1.24263 0.51243 -0.10191 0.80651 0.17842 0.55437
1403638152.495096922 1.22389 1.3167 0.5103 -0.09835 0.80698 0.17916 0.55409
1403638152.595097065 1.25935 1.39532 0.50284 -0.09838 0.80711 0.17848 0.55412
1403638152.695096970 1.29371 1.47906 0.49607 -0.10337 0.80897 0.17659 0.55109
1403638152.795097113 1.32861 1.56448 0.49522 -0.11117 0.80737 0.17983 0.55087
1403638152.895097017 1.36367 1.65288 0.50387 -0.12281 0.80316 0.18599 0.5525
1403638152.995096922 1.39859 1.74198 0.51909 -0.13365 0.79881 0.19727 0.55238
1403638153.095097065 1.43317 1.83084 0.5401 -0.14211 0.79878 0.20949 0.54578
1403638153.195096970 1.46769 1.91988 0.56154 -0.14743 0.79899 0.21935 0.54015
1403638153.295097113 1.5035 2.00803 0.57869 -0.15092 0.79782 0.22809 0.5373
1403638153.395097017 1.53722 2.09541 0.59212 -0.1575 0.79557 0.23878 0.53408
1403638153.495096922 1.57511 2.18792 0.6052 -0.15983 0.7915 0.25528 0.5318
1403638153.595097065 1.61603 2.28635 0.62413 -0.16245 0.78676 0.27371 0.52887
1403638153.695096970 1.65469 2.38784 0.64728 -0.17099 0.78057 0.29043 0.52643
1403638153.795097113 1.69292 2.4932 0.66712 -0.18389 0.77373 0.30299 0.5251
1403638153.895097017 1.73107 2.59975 0.68219 -0.19431 0.76754 0.31204 0.52512
1403638153.995096922 1.76855 2.70975 0.69159 -0.20372 0.76239 0.31596 0.52671
1403638154.095097065 1.80639 2.82258 0.69492 -0.20896 0.75865 0.31822 0.5287
1403638154.195096970 1.84419 2.93796 0.6945 -0.21086 0.75376 0.31945 0.53417
1403638154.295097113 1.88055 3.05477 0.69013 -0.21067 0.74994 0.32001 0.53925
1403638154.395097017 1.91359 3.17106 0.68316 -0.21311 0.74496 0.31724 0.5468
1403638154.495096922 1.94097 3.28561 0.67096 -0.21534 0.74169 0.31425 0.55206
1403638154.595097065 1.96471 3.40011 0.66243 -0.21679 0.74302 0.3138 0.54996
1403638154.695096970 1.97677 3.50605 0.65765 -0.21968 0.74544 0.31837 0.54286
1403638154.795097113 1.98809 3.61586 0.66309 -0.21889 0.74636 0.32814 0.53606
1403638154.895097017 1.99313 3.72216 0.67358 -0.21809 0.74479 0.3374 0.53281
1403638154.995096922 1.99323 3.82883 0.69265 -0.21977 0.74107 0.34681 0.53126
1403638155.095097065 1.98757 3.9362 0.71745 -0.22608 0.73551 0.35677 0.52975
1403638155.195096970 1.97687 4.04332 0.7416 -0.2345 0.73002 0.36408 0.5287
1403638155.295097113 1.96158 4.15097 0.75937 -0.24185 0.72361 0.36901 0.53078
1403638155.395097017 1.94088 4.25602 0.77027 -0.24753 0.7163 0.37603 0.53314
1403638155.495096922 1.9139 4.35816 0.77321 -0.25252 0.70936 0.38568 0.53319
1403638155.595097065 1.88162 4.46314 0.76983 -0.26645 0.70382 0.39254 0.52873
1403638155.695096970 1.84231 4.56387 0.76376 -0.28482 0.69502 0.40055 0.52477
1403638155.795097113 1.79832 4.66088 0.7535 -0.29962 0.68664 0.41329 0.51763
1403638155.895097017 1.74928 4.75132 0.73917 -0.31269 0.67993 0.42947 0.50544
1403638155.995096922 1.69683 4.83526 0.72631 -0.32236 0.67521 0.45058 0.48698
1403638156.095097065 1.64279 4.91627 0.72111 -0.33095 0.66932 0.47288 0.46783
1403638156.195096970 1.58902 4.99514 0.7246 -0.34259 0.66141 0.48878 0.45415
1403638156.295097113 1.53627 5.07352 0.73405 -0.35042 0.65405 0.50481 0.44111
1403638156.395097017 1.48549 5.15198 0.74257 -0.35656 0.64892 0.51649 0.43012
1403638156.495096922 1.43804 5.23176 0.74461 -0.36023 0.64585 0.52411 0.4224
1403638156.595097065 1.39508 5.31379 0.74072 -0.36321 0.64289 0.52812 0.41935
1403638156.695096970 1.35693 5.39834 0.73045 -0.36385 0.64206 0.53009 0.41759
1403638156.795097113 1.32044 5.48922 0.7156 -0.36368 0.64149 0.5308 0.41772
1403638156.895097017 1.28405 5.58274 0.69956 -0.3626 0.64209 0.53048 0.41813
1403638156.995096922 1.25198 5.67783 0.6856 -0.36079 0.64362 0.52929 0.41886
1403638157.095097065 1.22285 5.77892 0.67961 -0.3583 0.64665 0.52843 0.41741
1403638157.195096970 1.19562 5.88344 0.68016 -0.35408 0.65003 0.52853 0.41563
1403638157.295097113 1.17048 5.99144 0.68823 -0.35526 0.65008 0.52759 0.41574
1403638157.395097017 1.15176 6.10231 0.69891 -0.35456 0.64598 0.53048 0.41902
1403638157.495096922 1.13422 6.21637 0.70541 -0.35628 0.64014 0.53314 0.42315
1403638157.595097065 1.11431 6.33388 0.70972 -0.36251 0.63125 0.53784 0.42525
1403638157.695096970 1.09144 6.45535 0.71097 -0.37002 0.61753 0.54653 0.42784
1403638157.795097113 1.06728 6.57506 0.71629 -0.37793 0.60308 0.5591 0.42529
1403638157.895097017 1.04126 6.6946 0.72924 -0.39028 0.58983 0.57113 0.41665
1403638157.995096922 1.01213 6.81375 0.74803 -0.40018 0.57811 0.58252 0.40782
1403638158.095097065 0.98294 6.92933 0.76347 -0.40929 0.57278 0.59052 0.39457
1403638158.195096970 0.95409 7.04552 0.77354 -0.41784 0.5692 0.59438 0.38487
1403638158.295097113 0.9282 7.15957 0.77652 -0.42137 0.56446 0.59823 0.38204
1403638158.395097017 0.90436 7.27251 0.77551 -0.4204 0.5607 0.60227 0.3823
1403638158.495096922 0.88185 7.38566 0.77114 -0.41819 0.55613 0.6053 0.38658
1403638158.595097065 0.85923 7.49762 0.76405 -0.41633 0.55351 0.6065 0.39044
1403638158.695096970 0.83442 7.61024 0.75457 -0.41741 0.55405 0.60465 0.39139
1403638158.795097113 0.80735 7.72201 0.74818 -0.41832 0.55869 0.6028 0.38665
1403638158.895097017 0.781 7.83224 0.74561 -0.41717 0.56506 0.60165 0.38038
1403638158.995096922 0.7538 7.93925 0.75282 -0.41507 0.56995 0.60164 0.37538
1403638159.095097065 0.72993 8.05161 0.76681 -0.40809 0.57611 0.6049 0.36832
1403638159.195096970 0.70734 8.1645 0.78118 -0.39839 0.58325 0.60987 0.35939
1403638159.295097113 0.68853 8.2888 0.79138 -0.39922 0.58359 0.60795 0.36116
1403638159.395097017 0.67132 8.41731 0.80027 -0.41338 0.57764 0.59763 0.37187
1403638159.495096922 0.65349 8.54519 0.81074 -0.43167 0.56977 0.58413 0.38447
1403638159.595097065 0.64482 8.67067 0.82623 -0.45181 0.56725 0.56946 0.38705
1403638159.695096970 0.64038 8.79272 0.85112 -0.4656 0.56731 0.55924 0.38552
1403638159.795097113 0.64712 8.906 0.88196 -0.46874 0.56597 0.55739 0.38637
1403638159.895097017 0.66317 9.01132 0.92155 -0.46176 0.55998 0.56322 0.39495
1403638159.995096922 0.6851 9.10171 0.96765 -0.45201 0.55433 0.57102 0.40292
1403638160.095097065 0.71116 9.17686 1.02211 -0.44524 0.55287 0.57693 0.40403
1403638160.195096970 0.73893 9.24222 1.08269 -0.43536 0.55664 0.58545 0.39732
1403638160.295097113 0.76744 9.30693 1.15293 -0.42377 0.56321 0.59485 0.38647
1403638160.395097017 0.79393 9.37217 1.22694 -0.41509 0.56685 0.60154 0.38018
1403638160.495096922 0.82174 9.43499 1.29911 -0.41293 0.56863 0.6032 0.37723
1403638160.595097065 0.84864 9.5062 1.36847 -0.41166 0.56943 0.60395 0.37621
1403638160.695096970 0.87541 9.57798 1.43199 -0.41184 0.56973 0.60353 0.37623
1403638160.795097113 0.90197 9.64653 1.49099 -0.42041 0.56995 0.59673 0.37726
1403638160.895097017 0.93286 9.71967 1.55114 -0.43153 0.57159 0.58239 0.38456
1403638160.995096922 0.96667 9.78741 1.60506 -0.43487 0.5759 0.56775 0.39609
1403638161.095097065 1.00731 9.85328 1.65722 -0.43062 0.58478 0.55469 0.40609
1403638161.195096970 1.05238 9.91196 1.70382 -0.41792 0.59717 0.54368 0.4161
1403638161.295097113 1.1006 9.96744 1.74811 -0.40253 0.61312 0.53024 0.42533
1403638161.395097017 1.15016 10.01862 1.79257 -0.38605 0.62975 0.51829 0.431
1403638161.495096922 1.20076 10.06838 1.83488 -0.36987 0.64376 0.51177 0.43228
1403638161.595097065 1.25239 10.11773 1.8714 -0.3601 0.65335 0.5056 0.4334
1403638161.695096970 1.30458 10.16798 1.90164 -0.35678 0.66059 0.49884 0.433
1403638161.795097113 1.35939 10.21813 1.92653 -0.35781 0.66402 0.49139 0.4354
1403638161.895097017 1.4166 10.26887 1.94623 -0.35729 0.66533 0.483 0.44316
1403638161.995096922 1.47679 10.31837 1.9619 -0.35351 0.669 0.47533 0.44892
1403638162.095097065 1.53896 10.36676 1.98043 -0.35062 0.6725 0.46995 0.45162
1403638162.195096970 1.60362 10.41354 2.00641 -0.34899 0.67792 0.46611 0.44874
1403638162.295097113 1.67148 10.45856 2.03406 -0.34762 0.68222 0.46345 0.44604
1403638162.395097017 1.74403 10.50603 2.06063 -0.35029 0.68448 0.45956 0.44451
1403638162.495096922 1.82103 10.55132 2.07866 -0.3514 0.68336 0.45767 0.44729
1403638162.595097065 1.90368 10.59548 2.10093 -0.34794 0.68151 0.4605 0.44992
1403638162.695096970 1.99031 10.63782 2.12526 -0.34386 0.67925 0.46447 0.45239
1403638162.795097113 2.07892 10.67872 2.15998 -0.34203 0.68061 0.46553 0.45064
1403638162.895097017 2.17183 10.72077 2.19937 -0.34329 0.68402 0.45949 0.45072
1403638162.995096922 2.26671 10.76002 2.24762 -0.34859 0.68367 0.45018 0.45653
1403638163.095097065 2.36688 10.79901 2.28738 -0.35269 0.68216 0.44083 0.46469
1403638163.195096970 2.47073 10.83041 2.30963 -0.34675 0.68583 0.43488 0.46934
1403638163.295097113 2.58037 10.85987 2.31915 -0.33456 0.69122 0.42952 0.47517
1403638163.395097017 2.69195 10.88432 2.32323 -0.32166 0.69677 0.42112 0.48342
1403638163.495096922 2.80422 10.90646 2.3261 -0.31136 0.70352 0.41065 0.48937
1403638163.595097065 2.91535 10.92752 2.33596 -0.30475 0.70894 0.4023 0.49263
1403638163.695096970 3.02377 10.94639 2.354 -0.29927 0.71161 0.39748 0.49605
1403638163.795097113 3.13072 10.96278 2.38214 -0.29631 0.71287 0.39448 0.4984
1403638163.895097017 3.23652 10.976 2.41756 -0.29771 0.71415 0.39081 0.49863
1403638163.995096922 3.34199 10.98611 2.45903 -0.30075 0.71705 0.388 0.49481
1403638164.095097065 3.44853 10.99253 2.50572 -0.30452 0.71865 0.38652 0.49133
1403638164.195096970 3.55757 10.99505 2.55685 -0.30954 0.71863 0.38428 0.48999
1403638164.295097113 3.66577 10.99243 2.60453 -0.3135 0.71668 0.38347 0.49096
1403638164.395097017 3.7797 10.98628 2.64601 -0.31619 0.71517 0.38326 0.49159
1403638164.495096922 3.89425 10.97573 2.68118 -0.31814 0.71488 0.38363 0.49047
1403638164.595097065 4.0105 10.95988 2.71239 -0.32118 0.71554 0.38211 0.48871
1403638164.695096970 4.13384 10.9393 2.73798 -0.31857 0.71767 0.37897 0.48973
1403638164.795097113 4.25667 10.91071 2.76068 -0.30889 0.71558 0.37864 0.49916
1403638164.895097017 4.38109 10.87781 2.77775 -0.29535 0.71028 0.38162 0.51249
1403638164.995096922 4.49663 10.83939 2.7875 -0.29197 0.70813 0.3783 0.5198
1403638165.095097065 4.61575 10.79885 2.79386 -0.29856 0.71088 0.36518 0.52168
1403638165.195096970 4.72634 10.75096 2.79433 -0.29614 0.71864 0.35841 0.51711
1403638165.295097113 4.83539 10.69693 2.78788 -0.2885 0.73026 0.35698 0.50601
1403638165.395097017 4.94861 10.64261 2.77977 -0.28778 0.73728 0.35142 0.50011
1403638165.495096922 5.06378 10.58614 2.7696 -0.28663 0.73512 0.34771 0.50649
1403638165.595097065 5.17535 10.52476 2.75571 -0.28644 0.72738 0.34399 0.52014
1403638165.695096970 5.28634 10.45733 2.73689 -0.28499 0.71822 0.34255 0.5344
1403638165.795097113 5.38989 10.3826 2.71121 -0.2807 0.71508 0.34416 0.53983
1403638165.895097017 5.4905 10.30191 2.68343 -0.27507 0.72077 0.34838 0.53241
1403638165.995096922 5.58701 10.21828 2.66189 -0.26969 0.72702 0.35286 0.52363
1403638166.095097065 5.68138 10.12994 2.65225 -0.26369 0.73244 0.35806 0.51555
1403638166.195096970 5.7756 10.04301 2.65398 -0.25923 0.73378 0.36345 0.51213
1403638166.295097113 5.86615 9.95936 2.67679 -0.2578 0.73284 0.36723 0.51149
1403638166.395097017 5.94985 9.8792 2.72003 -0.25589 0.73177 0.37077 0.51143
1403638166.495096922 6.02649 9.80123 2.77155 -0.25501 0.7315 0.373 0.51063
1403638166.595097065 6.09877 9.72827 2.81857 -0.25676 0.7308 0.37327 0.51056
1403638166.695096970 6.16732 9.65966 2.85792 -0.25974 0.73184 0.372 0.50849
1403638166.795097113 6.23635 9.59422 2.88883 -0.26694 0.73671 0.36783 0.50069
1403638166.895097017 6.30809 9.5289 2.90968 -0.2725 0.7474 0.36439 0.48411
1403638166.995096922 6.38552 9.46206 2.92339 -0.27091 0.75574 0.36536 0.47114
1403638167.095097065 6.46936 9.40376 2.93581 -0.26533 0.75857 0.3691 0.46683
1403638167.195096970 6.56137 9.35308 2.95556 -0.25965 0.75686 0.37315 0.46957
1403638167.295097113 6.66068 9.30938 2.98281 -0.25522 0.75396 0.37626 0.47416
1403638167.395097017 6.76618 9.27375 3.01594 -0.25435 0.75244 0.37646 0.47688
1403638167.495096922 6.87604 9.24212 3.04799 -0.25743 0.75044 0.37361 0.48062
1403638167.595097065 6.98894 9.21302 3.07396 -0.26409 0.7476 0.36785 0.48584
1403638167.695096970 7.10502 9.18412 3.09343 -0.27194 0.74829 0.35712 0.48844
1403638167.795097113 7.22512 9.15517 3.10627 -0.27531 0.75162 0.34364 0.49111
1403638167.895097017 7.35116 9.12484 3.11468 -0.27336 0.75681 0.3294 0.49397
1403638167.995096922 7.48325 9.09149 3.12012 -0.26697 0.76169 0.31574 0.49887
1403638168.095097065 7.61939 9.05611 3.12826 -0.26162 0.76546 0.30332 0.50361
1403638168.195096970 7.7587 9.01447 3.14472 -0.25337 0.7688 0.29305 0.50879
1403638168.295097113 7.90082 8.96772 3.16812 -0.23955 0.77309 0.28419 0.514
1403638168.395097017 8.04628 8.919 3.19812 -0.22741 0.77631 0.27229 0.52105
1403638168.495096922 8.19201 8.86792 3.22996 -0.21047 0.78064 0.26701 0.52442
1403638168.595097065 8.33951 8.81787 3.25574 -0.19163 0.78615 0.26804 0.52288
1403638168.695096970 8.48689 8.77153 3.27335 -0.17679 0.78989 0.26985 0.52154
1403638168.795097113 8.63532 8.73113 3.28364 -0.17029 0.79186 0.27012 0.52057
1403638168.895097017 8.7861 8.69789 3.28774 -0.16633 0.79323 0.27117 0.51922
1403638168.995096922 8.93768 8.67345 3.2871 -0.16643 0.79314 0.27197 0.5189
1403638169.095097065 9.09066 8.65652 3.28204 -0.17296 0.78745 0.27064 0.52608
1403638169.195096970 9.24376 8.6444 3.27072 -0.18397 0.78376 0.267 0.52971
1403638169.295097113 9.39442 8.63436 3.25492 -0.19785 0.78197 0.25662 0.53247
1403638169.395097017 9.54665 8.62299 3.23548 -0.213 0.78039 0.2372 0.53793
1403638169.495096922 9.70051 8.60241 3.21717 -0.21709 0.77974 0.21857 0.54507
1403638169.595097065 9.85453 8.57263 3.20573 -0.21004 0.7808 0.20344 0.55212
1403638169.695096970 10.00485 8.53267 3.19884 -0.19125 0.78498 0.19249 0.55693
1403638169.795097113 10.15229 8.48522 3.19856 -0.1671 0.78915 0.18189 0.56235
1403638169.895097017 10.29642 8.43153 3.20804 -0.13844 0.79263 0.17186 0.56836
1403638169.995096922 10.43604 8.3775 3.22497 -0.11386 0.79005 0.15818 0.58124
1403638170.095097065 10.56834 8.32459 3.24423 -0.09997 0.78819 0.13702 0.59159
1403638170.195096970 10.69666 8.27405 3.25681 -0.09074 0.79123 0.11192 0.5943
1403638170.295097113 10.81772 8.22245 3.26143 -0.08314 0.79546 0.0857 0.59412
1403638170.395097017 10.9341 8.16979 3.25828 -0.07317 0.80142 0.06113 0.59045
1403638170.495096922 11.03977 8.1132 3.2518 -0.06379 0.80607 0.03699 0.58721
1403638170.595097065 11.13988 8.05086 3.25071 -0.0594 0.80557 0.01139 0.58941
1403638170.695096970 11.23089 7.98073 3.25944 -0.04994 0.80225 -0.01046 0.5948
1403638170.795097113 11.30884 7.90317 3.27373 -0.0377 0.8013 -0.02904 0.59637
1403638170.895097017 11.37678 7.81998 3.28969 -0.02312 0.80117 -0.04579 0.59624
1403638170.995096922 11.43104 7.73074 3.29954 -0.00836 0.80042 -0.06269 0.5961
1403638171.095097065 11.48018 7.63818 3.30475 0.00316 0.7979 -0.07882 0.59761
1403638171.195096970 11.51737 7.54251 3.30591 0.01061 0.79533 -0.09174 0.59911
1403638171.295097113 11.54448 7.4438 3.30504 0.01582 0.79315 -0.10073 0.60043
1403638171.395097017 11.56403 7.34139 3.3023 0.01866 0.79084 -0.10726 0.60226
1403638171.495096922 11.57593 7.23395 3.29711 0.02181 0.78842 -0.11454 0.60399
1403638171.595097065 11.58069 7.12144 3.28987 0.02366 0.78538 -0.12189 0.60643
1403638171.695096970 11.57709 7.00154 3.28134 0.02483 0.78207 -0.13222 0.6085
1403638171.795097113 11.56333 6.87556 3.27118 0.02844 0.77941 -0.14294 0.60933
1403638171.895097017 11.53724 6.74423 3.2652 0.03014 0.77464 -0.15313 0.61284
1403638171.995096922 11.49774 6.60656 3.26412 0.03871 0.77104 -0.15654 0.61603
1403638172.095097065 11.44478 6.46265 3.26799 0.04647 0.77012 -0.15827 0.61621
1403638172.195096970 11.37862 6.31575 3.26996 0.05012 0.77051 -0.15983 0.61502
1403638172.295097113 11.30058 6.16661 3.26234 0.05367 0.77138 -0.1594 0.61375
1403638172.395097017 11.21206 6.01517 3.24506 0.05471 0.77111 -0.15895 0.61411
1403638172.495096922 11.11527 5.8619 3.21713 0.05315 0.7689 -0.15899 0.61701
1403638172.595097065 11.01152 5.70442 3.1804 0.05078 0.76685 -0.1583 0.61993
1403638172.695096970 10.89481 5.5462 3.13667 0.04632 0.76637 -0.15811 0.62091
1403638172.795097113 10.76497 5.38641 3.08931 0.0439 0.76677 -0.15651 0.621
1403638172.895097017 10.62316 5.22198 3.03837 0.03986 0.76687 -0.15553 0.6214
1403638172.995096922 10.46846 5.05368 2.98292 0.03221 0.76951 -0.15613 0.61842
1403638173.095097065 10.3032 4.88043 2.92182 0.02514 0.77449 -0.15621 0.61248
1403638173.195096970 10.13038 4.69812 2.85426 0.02409 0.77957 -0.15371 0.60669
1403638173.295097113 9.94916 4.5116 2.78137 0.03006 0.78332 -0.14755 0.60311
1403638173.395097017 9.76219 4.31966 2.70292 0.04191 0.78693 -0.13872 0.59979
1403638173.495096922 9.5718 4.12778 2.61321 0.05562 0.79133 -0.12959 0.59491
1403638173.595097065 9.3818 3.93285 2.51812 0.06512 0.79278 -0.12378 0.59325
1403638173.695096970 9.18935 3.7374 2.42101 0.06678 0.79304 -0.12325 0.59282
1403638173.795097113 8.9956 3.54583 2.32045 0.06602 0.79374 -0.12447 0.59171
1403638173.895097017 8.79991 3.35708 2.22297 0.06708 0.79519 -0.12455 0.58962
1403638173.995096922 8.60035 3.17376 2.13296 0.06642 0.79437 -0.12554 0.59059
1403638174.095097065 8.39331 2.99628 2.0495 0.06571 0.79492 -0.12618 0.5898
1403638174.195096970 8.18349 2.8222 1.96872 0.0671 0.79803 -0.12546 0.58559
1403638174.295097113 7.974 2.64936 1.88383 0.06609 0.80375 -0.1254 0.57783
1403638174.395097017 7.77028 2.47639 1.79553 0.0654 0.80742 -0.12526 0.5728
1403638174.495096922 7.57199 2.30848 1.7055 0.06454 0.81064 -0.12459 0.56849
1403638174.595097065 7.38123 2.14162 1.6199 0.06652 0.81442 -0.12234 0.56332
1403638174.695096970 7.19482 1.97436 1.54146 0.06851 0.81901 -0.12044 0.55679
1403638174.795097113 7.01206 1.80865 1.47197 0.06895 0.82322 -0.11976 0.55065
1403638174.895097017 6.83576 1.643 1.40921 0.07071 0.82529 -0.11798 0.5477
1403638174.995096922 6.66432 1.47562 1.35191 0.07056 0.82667 -0.11839 0.54554
1403638175.095097065 6.5033 1.31042 1.30043 0.07115 0.82556 -0.1184 0.54714
1403638175.195096970 6.34939 1.14577 1.25541 0.07374 0.82547 -0.11777 0.54707
1403638175.295097113 6.20163 0.9847 1.21372 0.07571 0.82754 -0.11774 0.54367
1403638175.395097017 6.05709 0.8227 1.17786 0.07768 0.83282 -0.11743 0.53533
1403638175.495096922 5.92442 0.66413 1.14913 0.08112 0.83888 -0.11549 0.5257
1403638175.595097065 5.80413 0.50971 1.1287 0.08161 0.84626 -0.11494 0.51379
1403638175.695096970 5.69738 0.35726 1.11507 0.07958 0.85329 -0.11543 0.50224
1403638175.795097113 5.60963 0.21175 1.10518 0.07825 0.85729 -0.11555 0.49555
1403638175.895097017 5.54256 0.07275 1.08774 0.08044 0.85915 -0.11298 0.49257
1403638175.995096922 5.49388 -0.06086 1.06334 0.08783 0.85778 -0.1061 0.49522
1403638176.095097065 5.46376 -0.19089 1.03747 0.0956 0.84908 -0.09914 0.51
1403638176.195096970 5.4509 -0.31368 1.01561 0.09759 0.83359 -0.09698 0.53497
1403638176.295097113 5.44739 -0.43006 0.99944 0.09527 0.82111 -0.09875 0.55403
1403638176.395097017 5.44679 -0.53852 0.9873 0.09556 0.81567 -0.09934 0.56186
1403638176.495096922 5.45311 -0.6369 0.98103 0.09769 0.81544 -0.09877 0.56193
1403638176.595097065 5.46402 -0.72752 0.97995 0.09847 0.81698 -0.09908 0.55949
1403638176.695096970 5.4729 -0.8147 0.98332 0.09955 0.81778 -0.09899 0.55814
1403638176.795097113 5.4914 -0.89243 0.99512 0.09823 0.81836 -0.09981 0.55738
1403638176.895097017 5.50414 -0.96678 1.01031 0.09338 0.81863 -0.10335 0.55718
1403638176.995096922 5.52317 -1.0335 1.02439 0.09426 0.81919 -0.10267 0.55633
1403638177.095097065 5.54069 -1.0966 1.03139 0.09685 0.82034 -0.10097 0.5545
1403638177.195096970 5.56217 -1.15318 1.03037 0.10006 0.82077 -0.09906 0.55363
1403638177.295097113 5.58878 -1.2028 1.02303 0.10151 0.82092 -0.09814 0.55332
1403638177.395097017 5.61703 -1.24658 1.01043 0.10197 0.82081 -0.09802 0.55342
1403638177.495096922 5.64918 -1.28344 0.99371 0.09806 0.82095 -0.10171 0.55324
1403638177.595097065 5.6842 -1.31524 0.97298 0.08492 0.8197 -0.11191 0.5553
1403638177.695096970 5.72074 -1.34485 0.94821 0.07573 0.81842 -0.12012 0.5568
1403638177.795097113 5.75918 -1.37416 0.92148 0.06843 0.81425 -0.12923 0.56179
1403638177.895097017 5.7975 -1.40436 0.89328 0.06488 0.8066 -0.13514 0.57177
1403638177.995096922 5.83155 -1.43744 0.87052 0.06565 0.80091 -0.13758 0.57906
1403638178.095097065 5.86101 -1.47433 0.85668 0.07413 0.79755 -0.1386 0.58242
1403638178.195096970 5.88469 -1.51381 0.85032 0.0831 0.79447 -0.1463 0.58353
1403638178.295097113 5.90074 -1.55561 0.85084 0.09258 0.78984 -0.16002 0.58478
1403638178.395097017 5.90988 -1.59882 0.85886 0.10419 0.78499 -0.17747 0.58433
1403638178.495096922 5.90989 -1.64074 0.86361 0.11527 0.7824 -0.19995 0.57844
1403638178.595097065 5.90373 -1.6837 0.86298 0.12551 0.78162 -0.2244 0.5683
1403638178.695096970 5.89349 -1.72713 0.85862 0.13574 0.77812 -0.24753 0.56109
1403638178.795097113 5.87868 -1.77304 0.85154 0.14823 0.77272 -0.26779 0.55607
1403638178.895097017 5.8611 -1.82145 0.84084 0.15957 0.77096 -0.28428 0.54712
1403638178.995096922 5.84139 -1.87186 0.82614 0.16693 0.77202 -0.2964 0.53691
1403638179.095097065 5.82118 -1.92624 0.80714 0.17421 0.77458 -0.30314 0.52705
1403638179.195096970 5.80166 -1.98497 0.78392 0.18284 0.77598 -0.30875 0.51875
1403638179.295097113 5.7841 -2.04812 0.75793 0.19209 0.77696 -0.31499 0.51011
1403638179.395097017 5.77099 -2.11737 0.73118 0.20275 0.7728 -0.32453 0.50632
1403638179.495096922 5.7611 -2.19067 0.70495 0.21304 0.75937 -0.33883 0.51299
1403638179.595097065 5.75233 -2.26618 0.67576 0.22564 0.74605 -0.35513 0.51612
1403638179.695096970 5.74168 -2.34228 0.64746 0.23851 0.73429 -0.37246 0.51499
1403638179.795097113 5.72896 -2.41832 0.62596 0.25197 0.72388 -0.39027 0.5101
1403638179.895097017 5.71379 -2.49455 0.61162 0.26482 0.71416 -0.40765 0.50366
1403638179.995096922 5.69798 -2.57183 0.60159 0.27172 0.70999 -0.42366 0.49253
1403638180.095097065 5.68335 -2.65105 0.59506 0.27439 0.70663 -0.43672 0.48441
1403638180.195096970 5.66731 -2.73282 0.59128 0.27856 0.70315 -0.44357 0.48086
1403638180.295097113 5.6498 -2.81701 0.58394 0.28033 0.70169 -0.44793 0.47791
1403638180.395097017 5.6319 -2.90301 0.57237 0.28136 0.70141 -0.4498 0.47596
1403638180.495096922 5.61448 -2.99414 0.55489 0.28434 0.70268 -0.44817 0.47385
1403638180.595097065 5.59971 -3.08746 0.53399 0.28693 0.70437 -0.44544 0.47235
1403638180.695096970 5.58193 -3.18265 0.51755 0.28666 0.70821 -0.44347 0.46862
1403638180.795097113 5.56883 -3.28204 0.50622 0.28283 0.71271 -0.44298 0.46456
1403638180.895097017 5.55647 -3.38583 0.50475 0.27913 0.71451 -0.44179 0.46517
1403638180.995096922 5.55186 -3.49459 0.50189 0.27631 0.71406 -0.44064 0.46862
1403638181.095097065 5.54351 -3.6051 0.49571 0.27355 0.71326 -0.43929 0.47271
1403638181.195096970 5.54081 -3.72212 0.48205 0.27115 0.71075 -0.43873 0.47836
1403638181.295097113 5.5341 -3.83876 0.4677 0.27106 0.70272 -0.44053 0.48851
1403638181.395097017 5.5277 -3.96258 0.44654 0.27448 0.69192 -0.44796 0.49521
1403638181.495096922 5.51292 -4.08825 0.42114 0.27972 0.67755 -0.46141 0.49979
1403638181.595097065 5.49219 -4.21717 0.39579 0.29391 0.65717 -0.47362 0.50737
1403638181.695096970 5.4629 -4.34408 0.37259 0.3111 0.6462 -0.48566 0.49978
1403638181.795097113 5.42583 -4.46473 0.35822 0.327 0.63921 -0.49886 0.4854
1403638181.895097017 5.3829 -4.58018 0.35353 0.34236 0.63485 -0.5117 0.46682
1403638181.995096922 5.33718 -4.69086 0.35543 0.3499 0.62982 -0.52546 0.45252
1403638182.095097065 5.29002 -4.80268 0.36358 0.3513 0.62686 -0.5377 0.44105
1403638182.195096970 5.24231 -4.90891 0.3789 0.35206 0.62427 -0.54662 0.43307
1403638182.295097113 5.19477 -5.01811 0.39011 0.34683 0.62101 -0.55595 0.43008
1403638182.395097017 5.14593 -5.12609 0.399 0.3419 0.61921 -0.56181 0.42902
1403638182.495096922 5.09404 -5.23888 0.41257 0.34494 0.62376 -0.56018 0.42207
1403638182.595097065 5.04006 -5.36048 0.4324 0.35101 0.63051 -0.55493 0.41389
1403638182.695096970 4.9875 -5.48185 0.45968 0.35201 0.63432 -0.5519 0.41125
1403638182.795097113 4.93624 -5.6087 0.48956 0.35091 0.63491 -0.55026 0.41347
1403638182.895097017 4.88821 -5.73814 0.51563 0.35127 0.63391 -0.54786 0.41788
1403638182.995096922 4.8411 -5.87049 0.5363 0.35399 0.63085 -0.5441 0.42507
1403638183.095097065 4.79288 -6.00885 0.5521 0.35873 0.62862 -0.53874 0.43118
1403638183.195096970 4.746 -6.14751 0.56234 0.36378 0.62901 -0.53379 0.43252
1403638183.295097113 4.70123 -6.28694 0.56674 0.36352 0.63382 -0.53286 0.42682
1403638183.395097017 4.6584 -6.42403 0.56689 0.35742 0.63837 -0.53646 0.42065
1403638183.495096922 4.61921 -6.56483 0.56402 0.35454 0.64325 -0.53819 0.41338
1403638183.595097065 4.58452 -6.70669 0.55761 0.35332 0.64572 -0.53877 0.40981
1403638183.695096970 4.55483 -6.85232 0.55259 0.35899 0.64305 -0.53486 0.41417
1403638183.795097113 4.52861 -7.0005 0.55435 0.3667 0.6378 -0.52971 0.42207
1403638183.895097017 4.50561 -7.14588 0.56279 0.374 0.63311 -0.52479 0.42883
1403638183.995096922 4.48774 -7.28465 0.57689 0.37494 0.63222 -0.52469 0.42943
1403638184.095097065 4.47548 -7.41964 0.59693 0.37091 0.63403 -0.52819 0.42596
1403638184.195096970 4.46835 -7.55018 0.61663 0.36483 0.63764 -0.53354 0.41911
1403638184.295097113 4.46228 -7.68496 0.63092 0.36186 0.63911 -0.53645 0.41571
1403638184.395097017 4.46123 -7.81889 0.64283 0.36483 0.63682 -0.5351 0.41837
1403638184.495096922 4.4622 -7.95698 0.64935 0.36927 0.63476 -0.53242 0.421
1403638184.595097065 4.46792 -8.09494 0.65493 0.3711 0.63276 -0.53187 0.4231
1403638184.695096970 4.47618 -8.23477 0.66016 0.37187 0.63199 -0.5316 0.4239
1403638184.795097113 4.48709 -8.37135 0.66771 0.37114 0.63062 -0.53235 0.42564
1403638184.895097017 4.50016 -8.50875 0.67581 0.37234 0.63115 -0.53215 0.42406
1403638184.995096922 4.5166 -8.64167 0.68515 0.37345 0.62967 -0.53174 0.42581
1403638185.095097065 4.53512 -8.77637 0.69866 0.37321 0.63034 -0.53202 0.42467
1403638185.195096970 4.55737 -8.90729 0.71319 0.37403 0.63143 -0.53139 0.4231
1403638185.295097113 4.5807 -9.03579 0.7254 0.37707 0.6337 -0.52866 0.42043
1403638185.395097017 4.60937 -9.16133 0.74105 0.38095 0.63498 -0.52448 0.42023
1403638185.495096922 4.64484 -9.28686 0.75259 0.38372 0.63827 -0.51479 0.42468
1403638185.595097065 4.68649 -9.4082 0.76953 0.38174 0.64432 -0.50325 0.43112
1403638185.695096970 4.73402 -9.52545 0.7851 0.37741 0.64912 -0.49365 0.43878
1403638185.795097113 4.7858 -9.64018 0.79947 0.36489 0.6506 -0.49205 0.44884
1403638185.895097017 4.83844 -9.75071 0.81079 0.34239 0.64957 -0.50026 0.45887
1403638185.995096922 4.89014 -9.8582 0.81762 0.32746 0.64961 -0.50537 0.46409
1403638186.095097065 4.93787 -9.96577 0.81997 0.32725 0.65466 -0.50272 0.46
1403638186.195096970 4.98296 -10.07272 0.81936 0.3322 0.6589 -0.49814 0.45536
1403638186.295097113 5.02753 -10.17901 0.8211 0.33492 0.66103 -0.4958 0.45282
1403638186.395097017 5.07151 -10.28633 0.83118 0.33685 0.66247 -0.49474 0.45045
1403638186.495096922 5.11472 -10.39311 0.84437 0.33882 0.66168 -0.49389 0.45105
1403638186.595097065 5.16042 -10.49939 0.8612 0.34169 0.66282 -0.49297 0.44821
1403638186.695096970 5.20873 -10.60338 0.86852 0.34606 0.6645 -0.49092 0.44462
1403638186.795097113 5.25993 -10.71013 0.87489 0.35106 0.66844 -0.48415 0.4422
1403638186.895097017 5.31627 -10.81376 0.87207 0.35144 0.67555 -0.47487 0.44116
1403638186.995096922 5.38112 -10.91762 0.87048 0.34387 0.68381 -0.46428 0.44565
1403638187.095097065 5.45269 -11.01889 0.87588 0.32899 0.68969 -0.45087 0.4613
1403638187.195096970 5.52877 -11.1173 0.8882 0.31337 0.69558 -0.43251 0.48052
1403638187.295097113 5.60602 -11.21229 0.90789 0.29941 0.70165 -0.4106 0.49945
1403638187.395097017 5.68215 -11.30223 0.93392 0.2885 0.70707 -0.39039 0.51421
1403638187.495096922 5.7552 -11.38791 0.96362 0.28017 0.71227 -0.3752 0.52287
1403638187.595097065 5.82292 -11.46514 0.99317 0.27139 0.72004 -0.36744 0.52238
1403638187.695096970 5.88643 -11.53475 1.02138 0.2649 0.72732 -0.36408 0.51795
1403638187.795097113 5.94901 -11.60086 1.04481 0.26465 0.7318 -0.36031 0.51439
1403638187.895097017 6.01129 -11.66042 1.06404 0.2701 0.73387 -0.35546 0.51198
1403638187.995096922 6.07525 -11.71997 1.07873 0.27772 0.73227 -0.35106 0.51323
1403638188.095097065 6.13966 -11.76855 1.09183 0.28657 0.73025 -0.34672 0.5142
1403638188.195096970 6.20719 -11.81201 1.09896 0.29409 0.7271 -0.34359 0.51651
1403638188.295097113 6.27709 -11.84694 1.10088 0.29427 0.71659 -0.34518 0.52986
1403638188.395097017 6.34889 -11.87051 1.10313 0.29349 0.70348 -0.34688 0.54649
1403638188.495096922 6.41781 -11.88569 1.10209 0.29229 0.69361 -0.34879 0.55841
1403638188.595097065 6.48061 -11.89106 1.10007 0.29097 0.68826 -0.34921 0.56541
1403638188.695096970 6.53626 -11.88286 1.10388 0.28654 0.69226 -0.34694 0.56418
1403638188.795097113 6.57591 -11.85179 1.10942 0.27838 0.70182 -0.34439 0.55799
1403638188.895097017 6.62087 -11.82248 1.13139 0.27145 0.70955 -0.34198 0.55308
1403638188.995096922 6.65654 -11.78167 1.16024 0.26601 0.71566 -0.33977 0.5492
1403638189.095097065 6.68823 -11.73199 1.19599 0.25823 0.71994 -0.33494 0.55029
1403638189.195096970 6.71196 -11.6734 1.22819 0.24754 0.72507 -0.32627 0.55366
1403638189.295097113 6.72851 -11.60692 1.25315 0.23379 0.73323 -0.31461 0.55564
1403638189.395097017 6.73932 -11.53584 1.27059 0.21949 0.74697 -0.30357 0.54928
1403638189.495096922 6.74563 -11.46217 1.28637 0.20658 0.76139 -0.29528 0.5389
1403638189.595097065 6.75022 -11.38839 1.30887 0.197 0.76994 -0.28956 0.53342
1403638189.695096970 6.75626 -11.31607 1.33609 0.18822 0.77632 -0.28724 0.52858
1403638189.795097113 6.76005 -11.24617 1.35734 0.18026 0.78166 -0.2881 0.52298
1403638189.895097017 6.76668 -11.18146 1.37203 0.17737 0.787 -0.28796 0.516
1403638189.995096922 6.77866 -11.12308 1.38158 0.17757 0.78836 -0.28771 0.51398
1403638190.095097065 6.79451 -11.07103 1.38793 0.1815 0.78304 -0.28565 0.52183
1403638190.195096970 6.81326 -11.02372 1.38949 0.18848 0.77545 -0.28229 0.53241
1403638190.295097113 6.83431 -10.97769 1.38661 0.20235 0.7689 -0.27146 0.54236
1403638190.395097017 6.85598 -10.92932 1.37727 0.21444 0.76651 -0.25493 0.54908
1403638190.495096922 6.87939 -10.87495 1.36218 0.21908 0.76834 -0.24211 0.5505
1403638190.595097065 6.90424 -10.81458 1.34232 0.21327 0.77145 -0.23744 0.55045
1403638190.695096970 6.93075 -10.74751 1.32273 0.20657 0.77324 -0.23573 0.55124
1403638190.795097113 6.9564 -10.67154 1.30816 0.19827 0.77345 -0.23631 0.55373
1403638190.895097017 6.98277 -10.58946 1.29964 0.1872 0.77394 -0.2405 0.5551
1403638190.995096922 7.00818 -10.50378 1.30036 0.18206 0.77401 -0.24175 0.55617
1403638191.095097065 7.03131 -10.4151 1.30933 0.18115 0.77109 -0.24119 0.56075
1403638191.195096970 7.05081 -10.32639 1.32414 0.17887 0.77497 -0.24257 0.5555
1403638191.295097113 7.06829 -10.23706 1.34607 0.17449 0.78218 -0.24639 0.54502
1403638191.395097017 7.0851 -10.15017 1.37267 0.17481 0.7869 -0.24702 0.53778
1403638191.495096922 7.10314 -10.06429 1.39444 0.17387 0.78829 -0.24893 0.53516
1403638191.595097065 7.12159 -9.97923 1.40834 0.17619 0.78837 -0.24842 0.53453
1403638191.695096970 7.14733 -9.89909 1.42001 0.17979 0.78928 -0.2469 0.53268
1403638191.795097113 7.17273 -9.81598 1.42251 0.18577 0.79046 -0.24341 0.53048
1403638191.895097017 7.20766 -9.73521 1.42177 0.18809 0.79091 -0.2427 0.52932
1403638191.995096922 7.24271 -9.65187 1.41867 0.18739 0.79087 -0.24331 0.52934
1403638192.095097065 7.28514 -9.57002 1.42279 0.18886 0.79081 -0.24263 0.52924
1403638192.195096970 7.33024 -9.48492 1.43575 0.18661 0.78916 -0.24386 0.53192
1403638192.295097113 7.38227 -9.39827 1.45964 0.18492 0.78439 -0.24485 0.53906
1403638192.395097017 7.43755 -9.3074 1.49071 0.18431 0.78002 -0.24488 0.54556
1403638192.495096922 7.49348 -9.21599 1.52793 0.18363 0.77768 -0.24521 0.54898
1403638192.595097065 7.54886 -9.11801 1.57003 0.18543 0.77405 -0.24433 0.55386
1403638192.695096970 7.60419 -9.01718 1.61186 0.18692 0.7667 -0.244 0.56365
1403638192.795097113 7.65405 -8.91476 1.64795 0.18786 0.75948 -0.24381 0.57311
1403638192.895097017 7.69395 -8.80861 1.67872 0.18492 0.75105 -0.24551 0.58434
1403638192.995096922 7.72385 -8.70093 1.70644 0.17718 0.73858 -0.24924 0.60082
1403638193.095097065 7.74059 -8.58851 1.73206 0.16825 0.7361 -0.24867 0.60664
1403638193.195096970 7.74095 -8.47557 1.76443 0.1634 0.7459 -0.24173 0.59875
1403638193.295097113 7.72573 -8.36215 1.80201 0.16132 0.75471 -0.2335 0.5915
1403638193.395097017 7.69708 -8.24998 1.85168 0.16422 0.76056 -0.22397 0.58687
1403638193.495096922 7.65963 -8.13858 1.90332 0.16593 0.76172 -0.21729 0.5874
1403638193.595097065 7.61552 -8.02515 1.94864 0.16458 0.76357 -0.21428 0.58648
1403638193.695096970 7.56876 -7.90707 1.98498 0.16114 0.77124 -0.21465 0.57719
1403638193.795097113 7.52019 -7.78521 2.01679 0.15586 0.77865 -0.21732 0.56761
1403638193.895097017 7.46563 -7.66471 2.04225 0.15423 0.78276 -0.21868 0.56185
1403638193.995096922 7.4127 -7.54185 2.06372 0.15254 0.78495 -0.2205 0.55854
1403638194.095097065 7.35957 -7.42025 2.07982 0.15506 0.78284 -0.21984 0.56106
1403638194.195096970 7.30346 -7.30336 2.092 0.15782 0.77739 -0.21884 0.56821
1403638194.295097113 7.24655 -7.18065 2.09584 0.15908 0.77409 -0.21887 0.57234
1403638194.395097017 7.18408 -7.05816 2.09676 0.15647 0.77766 -0.22143 0.56721
1403638194.495096922 7.11882 -6.9393 2.10425 0.15324 0.78149 -0.2245 0.56159
1403638194.595097065 7.05171 -6.81801 2.11682 0.1528 0.78503 -0.22593 0.55618
1403638194.695096970 6.98758 -6.69763 2.13319 0.15147 0.79039 -0.22821 0.54796
1403638194.795097113 6.92444 -6.58459 2.14678 0.15162 0.79428 -0.22954 0.5417
1403638194.895097017 6.86544 -6.47541 2.15686 0.15205 0.79731 -0.23056 0.53668
1403638194.995096922 6.81004 -6.37091 2.16015 0.15206 0.79889 -0.23102 0.53412
1403638195.095097065 6.75994 -6.26915 2.15898 0.15239 0.80006 -0.23095 0.5323
1403638195.195096970 6.71662 -6.17575 2.15104 0.14992 0.80344 -0.2329 0.52703
1403638195.295097113 6.67826 -6.08296 2.13881 0.145 0.81143 -0.23629 0.51452
1403638195.395097017 6.65347 -6.00395 2.12331 0.14375 0.81397 -0.23707 0.51048
1403638195.495096922 6.63977 -5.93451 2.10984 0.14712 0.80538 -0.23517 0.52385
1403638195.595097065 6.63023 -5.86729 2.09147 0.15099 0.79599 -0.23263 0.53803
1403638195.695096970 6.62295 -5.80131 2.06947 0.15213 0.79346 -0.23152 0.54193
1403638195.795097113 6.61613 -5.73553 2.05254 0.15039 0.7953 -0.23248 0.53929
1403638195.895097017 6.60865 -5.6705 2.0419 0.14899 0.80024 -0.2329 0.53214
1403638195.995096922 6.60737 -5.60911 2.03964 0.14686 0.80467 -0.23412 0.52548
1403638196.095097065 6.61269 -5.55342 2.04569 0.14705 0.80485 -0.23382 0.52527
1403638196.195096970 6.62352 -5.49978 2.06072 0.14953 0.80023 -0.23184 0.53247
1403638196.295097113 6.63494 -5.44913 2.0783 0.15186 0.79518 -0.23015 0.54006
1403638196.395097017 6.64871 -5.40085 2.09482 0.15205 0.79347 -0.22998 0.54258
1403638196.495096922 6.66536 -5.35613 2.10404 0.15158 0.79392 -0.23068 0.54176
1403638196.595097065 6.68491 -5.31711 2.10568 0.14888 0.79696 -0.23325 0.53692
1403638196.695096970 6.70595 -5.28161 2.10057 0.14529 0.80295 -0.23651 0.52747
1403638196.795097113 6.7285 -5.24876 2.09087 0.14515 0.80515 -0.23706 0.52389
1403638196.895097017 6.75725 -5.22092 2.07924 0.1464 0.80264 -0.23669 0.52756
1403638196.995096922 6.79314 -5.199 2.07112 0.14874 0.79755 -0.2348 0.53541
1403638197.095097065 6.83013 -5.18102 2.06994 0.15052 0.79408 -0.23376 0.5405
1403638197.195096970 6.86743 -5.16676 2.07451 0.15365 0.79284 -0.23177 0.5423
1403638197.295097113 6.90757 -5.15286 2.08515 0.16116 0.7906 -0.22629 0.54569
1403638197.395097017 6.94697 -5.1402 2.10305 0.1699 0.78823 -0.22012 0.54898
1403638197.495096922 6.98679 -5.12302 2.12723 0.17341 0.78612 -0.21751 0.55194
1403638197.595097065 7.0258 -5.10388 2.15721 0.17218 0.78485 -0.21775 0.55403
1403638197.695096970 7.06607 -5.07873 2.19241 0.17234 0.78467 -0.21743 0.55437
1403638197.795097113 7.10699 -5.05208 2.22393 0.17156 0.78469 -0.21729 0.55462
1403638197.895097017 7.14741 -5.02073 2.25153 0.16743 0.78108 -0.21954 0.56007
1403638197.995096922 7.18694 -4.98663 2.27166 0.16651 0.77193 -0.21936 0.57295
1403638198.095097065 7.2244 -4.95101 2.27203 0.16544 0.7694 -0.2197 0.57653
1403638198.195096970 7.25587 -4.91177 2.25269 0.16221 0.77219 -0.22202 0.57282
1403638198.295097113 7.2836 -4.8676 2.22156 0.16202 0.77558 -0.22234 0.56814
1403638198.395097017 7.31074 -4.82002 2.18558 0.16336 0.7795 -0.22132 0.56277
1403638198.495096922 7.33946 -4.76991 2.1477 0.16899 0.78294 -0.21754 0.55779
1403638198.595097065 7.36367 -4.71783 2.1044 0.18202 0.78544 -0.20802 0.55378
1403638198.695096970 7.39232 -4.65854 2.06436 0.1992 0.78518 -0.19534 0.55286
1403638198.795097113 7.41778 -4.59204 2.02819 0.21186 0.78352 -0.18553 0.55389
1403638198.895097017 7.44784 -4.50859 2.00011 0.21468 0.78325 -0.18288 0.55406
1403638198.995096922 7.47437 -4.41285 1.97754 0.21214 0.78434 -0.18475 0.55287
1403638199.095097065 7.51445 -4.30169 1.96689 0.20898 0.78515 -0.18762 0.55196
1403638199.195096970 7.55937 -4.17758 1.96617 0.20683 0.78413 -0.19022 0.55333
1403638199.295097113 7.6062 -4.0411 1.97482 0.20573 0.78056 -0.19162 0.55829
1403638199.395097017 7.65231 -3.89421 1.98867 0.20845 0.77933 -0.19085 0.55926
1403638199.495096922 7.69241 -3.73906 2.00908 0.21248 0.78148 -0.18935 0.55524
1403638199.595097065 7.73496 -3.57225 2.03649 0.21281 0.78554 -0.18585 0.55055
1403638199.695096970 7.77999 -3.39472 2.07137 0.20347 0.78786 -0.18186 0.55209
1403638199.795097113 7.82632 -3.20848 2.10891 0.18436 0.79042 -0.185 0.55409
1403638199.895097017 7.87279 -3.01561 2.14189 0.16898 0.7926 -0.18755 0.55503
1403638199.995096922 7.91869 -2.82009 2.17041 0.15971 0.79391 -0.18658 0.55622
1403638200.095097065 7.96337 -2.62226 2.19426 0.15446 0.79614 -0.17811 0.5573
1403638200.195096970 8.00677 -2.42206 2.21824 0.15371 0.7962 -0.16117 0.56255
1403638200.295097113 8.0516 -2.2185 2.24819 0.14689 0.79355 -0.14456 0.57254
1403638200.395097017 8.09286 -2.00956 2.28433 0.13861 0.79205 -0.12805 0.58055
1403638200.495096922 8.13001 -1.796 2.32649 0.13736 0.79487 -0.11047 0.58062
1403638200.595097065 8.16368 -1.57593 2.37563 0.13442 0.79817 -0.09504 0.57951
1403638200.695096970 8.19544 -1.34855 2.43017 0.13337 0.80074 -0.07618 0.57898
1403638200.795097113 8.22459 -1.1114 2.48463 0.1281 0.80501 -0.06447 0.57567
1403638200.895097017 8.25259 -0.86533 2.53414 0.12012 0.80862 -0.06002 0.57279
1403638200.995096922 8.28279 -0.61206 2.57705 0.10392 0.80914 -0.06515 0.57468
1403638201.095097065 8.30947 -0.35438 2.61184 0.09188 0.80847 -0.07032 0.57705
1403638201.195096970 8.3336 -0.09355 2.63867 0.08628 0.80797 -0.07395 0.57817
1403638201.295097113 8.35377 0.16839 2.65803 0.08417 0.80733 -0.07684 0.57899
1403638201.395097017 8.37341 0.4293 2.6716 0.0868 0.80761 -0.07669 0.57823
1403638201.495096922 8.39098 0.6904 2.67616 0.08743 0.80623 -0.07866 0.5798
1403638201.595097065 8.40599 0.95063 2.67323 0.0909 0.80462 -0.07862 0.5815
1403638201.695096970 8.41884 1.21127 2.66289 0.09056 0.80309 -0.08048 0.58341
1403638201.795097113 8.42853 1.47169 2.64283 0.09231 0.80297 -0.08092 0.58324
1403638201.895097017 8.43715 1.73409 2.61688 0.09047 0.80307 -0.08223 0.58321
1403638201.995096922 8.44318 1.99996 2.59317 0.08646 0.80425 -0.07781 0.5828
1403638202.095097065 8.44119 2.26784 2.57455 0.07588 0.8059 -0.07536 0.58231
1403638202.195096970 8.43884 2.53655 2.56241 0.06414 0.80982 -0.07539 0.57827
1403638202.295097113 8.43348 2.80242 2.55727 0.05632 0.81491 -0.07449 0.57202
1403638202.395097017 8.43315 3.06371 2.55847 0.05255 0.81668 -0.07306 0.57002
1403638202.495096922 8.43659 3.32177 2.55685 0.05013 0.81763 -0.07204 0.56901
1403638202.595097065 8.44144 3.57303 2.54738 0.04573 0.81858 -0.07394 0.56777
1403638202.695096970 8.4467 3.81653 2.53135 0.0448 0.82003 -0.0745 0.56568
1403638202.795097113 8.45441 4.05355 2.50971 0.04618 0.81975 -0.07408 0.56604
1403638202.895097017 8.46305 4.28381 2.48345 0.04796 0.81864 -0.07341 0.56757
1403638202.995096922 8.47303 4.50931 2.45699 0.04694 0.81801 -0.07493 0.56837
1403638203.095097065 8.48309 4.73001 2.43387 0.04657 0.81744 -0.0756 0.56913
1403638203.195096970 8.49115 4.94746 2.41949 0.0503 0.81489 -0.07365 0.57272
1403638203.295097113 8.49852 5.15908 2.41174 0.05119 0.81211 -0.07295 0.57665
1403638203.395097017 8.50354 5.3667 2.40509 0.04967 0.81093 -0.07369 0.57836
1403638203.495096922 8.50766 5.56998 2.3934 0.04809 0.81097 -0.07496 0.57827
1403638203.595097065 8.50939 5.77003 2.37673 0.04527 0.81126 -0.07704 0.57781
1403638203.695096970 8.50645 5.96302 2.3608 0.04476 0.81242 -0.077 0.57624
1403638203.795097113 8.49958 6.15201 2.35336 0.04635 0.8122 -0.07576 0.57657
1403638203.895097017 8.49076 6.33531 2.35259 0.04668 0.81171 -0.07468 0.57738
1403638203.995096922 8.47949 6.51332 2.35918 0.045 0.81228 -0.07446 0.57675
1403638204.095097065 8.4662 6.68822 2.37314 0.04313 0.81449 -0.07442 0.57377
1403638204.195096970 8.45053 6.85888 2.39376 0.03758 0.81697 -0.07712 0.57026
1403638204.295097113 8.43482 7.02404 2.41993 0.02845 0.8203 -0.08336 0.56511
1403638204.395097017 8.41893 7.18093 2.44801 0.01765 0.82434 -0.09194 0.5583
1403638204.495096922 8.4055 7.32889 2.47449 0.01349 0.82543 -0.09651 0.55602
1403638204.595097065 8.39381 7.46711 2.49624 0.01193 0.82345 -0.0971 0.55889
1403638204.695096970 8.38444 7.59756 2.51011 0.01186 0.82353 -0.08973 0.56
1403638204.795097113 8.37687 7.71901 2.51596 0.01434 0.82458 -0.07271 0.56087
1403638204.895097017 8.37165 7.83242 2.51433 0.01807 0.82363 -0.04573 0.56499
1403638204.995096922 8.36698 7.94266 2.50516 0.01111 0.82353 -0.01602 0.56694
1403638205.095097065 8.36404 8.0526 2.49178 -0.00298 0.82277 0.01874 0.56806
1403638205.195096970 8.35905 8.16115 2.47944 -0.02816 0.82017 0.05548 0.56872
1403638205.295097113 8.35388 8.27062 2.47405 -0.05573 0.81509 0.09601 0.5686
1403638205.395097017 8.34855 8.38217 2.47757 -0.08365 0.80623 0.13665 0.56949
1403638205.495096922 8.34112 8.49184 2.48798 -0.10211 0.79521 0.17536 0.57138
1403638205.595097065 8.32897 8.59958 2.50537 -0.10957 0.78443 0.20735 0.57417
1403638205.695096970 8.31072 8.70922 2.52815 -0.112 0.77264 0.23038 0.58087
1403638205.795097113 8.28371 8.82275 2.55704 -0.1185 0.76464 0.24759 0.58308
1403638205.895097017 8.24544 8.94302 2.591 -0.1296 0.76039 0.26441 0.57887
1403638205.995096922 8.2002 9.07057 2.63136 -0.1477 0.7565 0.28018 0.57218
1403638206.095097065 8.14391 9.20124 2.67826 -0.16463 0.75091 0.29759 0.56611
1403638206.195096970 8.07748 9.33195 2.72818 -0.18093 0.74319 0.31451 0.56215
1403638206.295097113 8.00469 9.46443 2.77516 -0.19798 0.73552 0.3288 0.55831
1403638206.395097017 7.92546 9.59357 2.81653 -0.21814 0.73154 0.33498 0.55232
1403638206.495096922 7.8419 9.71791 2.85365 -0.23233 0.72779 0.33794 0.54968
1403638206.595097065 7.75482 9.83784 2.882 -0.24049 0.72491 0.33991 0.54875
1403638206.695096970 7.66398 9.95519 2.90382 -0.24805 0.72199 0.34239 0.54769
1403638206.795097113 7.56739 10.0651 2.91821 -0.25432 0.71945 0.34944 0.5437
1403638206.895097017 7.46737 10.16896 2.92599 -0.25887 0.716 0.35513 0.54242
1403638206.995096922 7.3635 10.27033 2.92902 -0.26512 0.71238 0.35662 0.54319
1403638207.095097065 7.25709 10.36166 2.92501 -0.26814 0.7089 0.35809 0.54528
1403638207.195096970 7.14651 10.45123 2.91419 -0.27204 0.70753 0.35847 0.54488
1403638207.295097113 7.0288 10.53313 2.89612 -0.27625 0.70344 0.36379 0.54453
1403638207.395097017 6.90523 10.61042 2.87249 -0.28526 0.69638 0.37164 0.54366
1403638207.495096922 6.77905 10.67616 2.85003 -0.29616 0.68724 0.3852 0.54001
1403638207.595097065 6.64722 10.73254 2.83296 -0.30415 0.68242 0.40107 0.53004
1403638207.695096970 6.5135 10.77629 2.82136 -0.31074 0.68412 0.41353 0.51421
1403638207.795097113 6.38023 10.81249 2.81765 -0.31628 0.68539 0.42139 0.50263
1403638207.895097017 6.24848 10.84157 2.82058 -0.31758 0.68927 0.42759 0.49113
1403638207.995096922 6.11979 10.86613 2.83043 -0.31696 0.69092 0.43123 0.48601
1403638208.095097065 5.99337 10.8874 2.8403 -0.31781 0.68974 0.43144 0.48694
1403638208.195096970 5.86875 10.90635 2.84675 -0.3224 0.68692 0.42741 0.49145
1403638208.295097113 5.74769 10.92208 2.84445 -0.32162 0.68586 0.42582 0.49481
1403638208.395097017 5.62867 10.93258 2.83447 -0.31788 0.68908 0.42683 0.49187
1403638208.495096922 5.51296 10.93849 2.82182 -0.31649 0.69037 0.42992 0.48825
1403638208.595097065 5.39861 10.94099 2.81358 -0.31931 0.68792 0.43772 0.48292
1403638208.695096970 5.28657 10.94222 2.81266 -0.32618 0.68253 0.4455 0.47886
1403638208.795097113 5.17818 10.93986 2.81832 -0.33314 0.67805 0.45161 0.47467
1403638208.895097017 5.07487 10.93484 2.82494 -0.33704 0.67275 0.4575 0.47382
1403638208.995096922 4.97435 10.92775 2.8265 -0.33975 0.66881 0.46188 0.47321
1403638209.095097065 4.87588 10.91675 2.82128 -0.34264 0.66707 0.46424 0.47127
1403638209.195096970 4.77962 10.90378 2.80835 -0.34313 0.66616 0.46618 0.47028
1403638209.295097113 4.68584 10.88817 2.78951 -0.34511 0.66623 0.46603 0.46889
1403638209.395097017 4.59444 10.87051 2.76449 -0.34636 0.6667 0.46571 0.46761
1403638209.495096922 4.50507 10.85084 2.73345 -0.34814 0.66601 0.4646 0.46837
1403638209.595097065 4.41992 10.82901 2.69038 -0.34979 0.66458 0.46302 0.47074
1403638209.695096970 4.33729 10.8046 2.62754 -0.34941 0.66619 0.46217 0.46958
1403638209.795097113 4.25569 10.77704 2.54738 -0.34642 0.66506 0.46358 0.472
1403638209.895097017 4.17411 10.74447 2.45205 -0.34483 0.6629 0.46411 0.47566
1403638209.995096922 4.09925 10.71325 2.35084 -0.34634 0.65901 0.4626 0.48141
1403638210.095097065 4.0219 10.67409 2.24808 -0.34993 0.65468 0.45971 0.48745
1403638210.195096970 3.94701 10.63235 2.15392 -0.35366 0.65122 0.45684 0.49206
1403638210.295097113 3.87055 10.57726 2.06292 -0.35462 0.65147 0.45617 0.49167
1403638210.395097017 3.79102 10.51689 1.9782 -0.35372 0.65226 0.45647 0.49099
1403638210.495096922 3.71076 10.44805 1.88934 -0.35464 0.65256 0.45545 0.49087
1403638210.595097065 3.63209 10.37249 1.79498 -0.35447 0.65213 0.45493 0.49206
1403638210.695096970 3.55238 10.29151 1.69624 -0.3569 0.6525 0.45255 0.492
1403638210.795097113 3.47601 10.20069 1.59985 -0.35702 0.65247 0.45216 0.49231
1403638210.895097017 3.39426 10.10327 1.51143 -0.3566 0.65573 0.45248 0.48797
1403638210.995096922 3.3137 9.99886 1.43023 -0.35415 0.65938 0.45432 0.4831
1403638211.095097065 3.23651 9.88852 1.35816 -0.35266 0.66235 0.45568 0.47883
1403638211.195096970 3.15959 9.77851 1.29576 -0.35215 0.66545 0.45607 0.47452
1403638211.295097113 3.08815 9.66917 1.24148 -0.35045 0.66676 0.45637 0.47364
1403638211.395097017 3.02112 9.5561 1.19062 -0.34708 0.66992 0.45215 0.47571
1403638211.495096922 2.95451 9.43961 1.13553 -0.34107 0.67658 0.44346 0.4788
1403638211.595097065 2.88971 9.31963 1.07382 -0.33471 0.68535 0.42991 0.48315
1403638211.695096970 2.82941 9.19426 1.00636 -0.32739 0.69525 0.41161 0.48992
1403638211.795097113 2.77382 9.06399 0.93734 -0.31675 0.7086 0.39029 0.4952
1403638211.895097017 2.72419 8.93159 0.87072 -0.30653 0.72231 0.36665 0.49988
1403638211.995096922 2.68044 8.79534 0.81095 -0.29276 0.73398 0.3448 0.50663
1403638212.095097065 2.64301 8.65554 0.75872 -0.27779 0.74347 0.32474 0.51442
1403638212.195096970 2.60999 8.51274 0.71628 -0.26028 0.75089 0.30673 0.52377
1403638212.295097113 2.57904 8.36495 0.68235 -0.24444 0.75868 0.28714 0.53123
1403638212.395097017 2.55004 8.2136 0.65482 -0.22724 0.76547 0.26877 0.53869
1403638212.495096922 2.52117 8.05717 0.63375 -0.21286 0.77195 0.24817 0.54515
1403638212.595097065 2.494 7.89713 0.62027 -0.19855 0.77917 0.22745 0.54931
1403638212.695096970 2.46683 7.73222 0.61195 -0.18464 0.78604 0.20574 0.55291
1403638212.795097113 2.44099 7.567 0.61513 -0.16753 0.79176 0.18475 0.5576
1403638212.895097017 2.41414 7.39574 0.61892 -0.15244 0.79802 0.1606 0.56048
1403638212.995096922 2.38808 7.22352 0.62897 -0.1344 0.80373 0.13641 0.56333
1403638213.095097065 2.3646 7.04958 0.64419 -0.11758 0.8084 0.10997 0.5662
1403638213.195096970 2.3446 6.87449 0.65842 -0.10326 0.81525 0.08137 0.56399
1403638213.295097113 2.32722 6.697 0.66605 -0.0919 0.82411 0.05062 0.55662
1403638213.395097017 2.31468 6.51482 0.66678 -0.08207 0.83184 0.01885 0.54859
1403638213.495096922 2.31168 6.33038 0.66677 -0.07314 0.83567 -0.01261 0.5442
1403638213.595097065 2.31673 6.1377 0.66368 -0.05575 0.83317 -0.03317 0.5492
1403638213.695096970 2.32842 5.93901 0.66267 -0.03229 0.82444 -0.03967 0.56363
1403638213.795097113 2.34011 5.73691 0.66359 -0.01259 0.81757 -0.04042 0.57427
1403638213.895097017 2.35412 5.5348 0.66951 -0.00186 0.81464 -0.0409 0.57851
1403638213.995096922 2.36741 5.33457 0.68111 0.00266 0.81534 -0.04073 0.57754
1403638214.095097065 2.37807 5.13526 0.6966 0.00514 0.82125 -0.03876 0.56922
1403638214.195096970 2.3886 4.9375 0.71662 0.00417 0.82818 -0.03651 0.55926
1403638214.295097113 2.40186 4.74244 0.73491 0.00217 0.83345 -0.03373 0.55156
1403638214.395097017 2.41743 4.54817 0.74774 0.00068 0.83688 -0.03001 0.54656
1403638214.495096922 2.4398 4.36009 0.75425 -0.00046 0.83485 -0.02566 0.54988
1403638214.595097065 2.46419 4.17153 0.75687 -0.00117 0.82861 -0.02183 0.5594
1403638214.695096970 2.4911 3.98175 0.75435 -0.00259 0.822 -0.01842 0.56918
1403638214.795097113 2.51781 3.79546 0.74685 -0.00422 0.81678 -0.01532 0.57673
1403638214.895097017 2.54259 3.61283 0.73364 -0.00507 0.81374 -0.01259 0.58107
1403638214.995096922 2.5666 3.43364 0.71465 -0.00577 0.81197 -0.01094 0.58357
1403638215.095097065 2.58903 3.25779 0.69065 -0.00536 0.81187 -0.00911 0.58374
1403638215.195096970 2.61031 3.08347 0.66303 -0.00504 0.81319 -0.00815 0.58192
1403638215.295097113 2.63051 2.91133 0.63316 -0.00149 0.81527 -0.00575 0.57905
1403638215.395097017 2.65053 2.74151 0.60334 0.00273 0.81604 -0.00318 0.57798
1403638215.495096922 2.67073 2.57756 0.58004 0.0066 0.8158 -0.00035 0.57829
1403638215.595097065 2.68956 2.41916 0.56528 0.00808 0.81469 0.00051 0.57985
1403638215.695096970 2.70629 2.26623 0.5577 0.00492 0.81402 -0.00157 0.58082
1403638215.795097113 2.72022 2.11846 0.55223 0.00213 0.81355 -0.00546 0.58146
1403638215.895097017 2.72898 1.97663 0.54001 0.00324 0.81359 -0.01129 0.58131
1403638215.995096922 2.73444 1.83647 0.52374 0.00471 0.81336 -0.01609 0.58152
1403638216.095097065 2.73733 1.70072 0.5033 0.00825 0.81316 -0.01826 0.5817
1403638216.195096970 2.73836 1.56819 0.48666 0.01073 0.81317 -0.0198 0.58158
1403638216.295097113 2.73727 1.44015 0.47658 0.01326 0.81204 -0.02096 0.58308
1403638216.395097017 2.73454 1.31678 0.47261 0.01524 0.81058 -0.02148 0.58504
1403638216.495096922 2.72914 1.19661 0.47312 0.01591 0.81006 -0.0221 0.58571
1403638216.595097065 2.7217 1.08111 0.47046 0.01809 0.8108 -0.0216 0.58464
1403638216.695096970 2.71137 0.97128 0.46096 0.02101 0.81265 -0.0201 0.58203
1403638216.795097113 2.70199 0.86421 0.44464 0.02446 0.81184 -0.01867 0.58306
1403638216.895097017 2.69226 0.76191 0.42415 0.02871 0.80811 -0.02324 0.58787
1403638216.995096922 2.67622 0.665 0.40135 0.03222 0.80702 -0.03377 0.58867
1403638217.095097065 2.65882 0.57165 0.37596 0.03638 0.80874 -0.04878 0.585
1403638217.195096970 2.63691 0.48225 0.34897 0.04253 0.81045 -0.0635 0.5808
1403638217.295097113 2.61449 0.39734 0.3236 0.04927 0.81175 -0.07299 0.57733
1403638217.395097017 2.59108 0.3175 0.30622 0.05482 0.81286 -0.07951 0.5744
1403638217.495096922 2.56584 0.24239 0.2977 0.0599 0.81336 -0.08272 0.57272
1403638217.595097065 2.54026 0.17122 0.29735 0.06677 0.81443 -0.08222 0.57051
1403638217.695096970 2.51465 0.10295 0.30391 0.0752 0.81494 -0.07822 0.56929
1403638217.795097113 2.48873 0.04082 0.31675 0.08138 0.81653 -0.0737 0.56677
1403638217.895097017 2.46436 -0.01318 0.33372 0.08377 0.81707 -0.07125 0.56596
1403638217.995096922 2.44234 -0.05878 0.35008 0.08488 0.81487 -0.06853 0.56928
1403638218.095097065 2.42338 -0.09702 0.35694 0.08524 0.81348 -0.06654 0.57145
1403638218.195096970 2.40411 -0.12655 0.36053 0.08294 0.81177 -0.06614 0.57426
1403638218.295097113 2.38532 -0.14894 0.35883 0.08079 0.80814 -0.06485 0.57981
1403638218.395097017 2.36772 -0.16367 0.35464 0.07426 0.80592 -0.06683 0.58353
1403638218.495096922 2.34449 -0.17079 0.36119 0.06892 0.80613 -0.06856 0.5837
1403638218.595097065 2.32151 -0.17185 0.37114 0.06675 0.80718 -0.06883 0.58247
1403638218.695096970 2.29316 -0.16862 0.38801 0.06427 0.81096 -0.07082 0.57723
1403638218.795097113 2.26458 -0.16089 0.40107 0.06732 0.81525 -0.07646 0.57008
1403638218.895097017 2.23894 -0.14966 0.40442 0.07107 0.81699 -0.0843 0.56602
1403638218.995096922 2.21535 -0.13518 0.40312 0.06173 0.81599 -0.09927 0.56613
1403638219.095097065 2.18956 -0.12209 0.40254 0.05435 0.81319 -0.1112 0.56869
1403638219.195096970 2.16769 -0.10998 0.39616 0.05812 0.81061 -0.11341 0.57156
1403638219.295097113 2.1416 -0.10038 0.38933 0.06726 0.80506 -0.11031 0.57895
1403638219.395097017 2.1147 -0.09097 0.38129 0.07377 0.79764 -0.10734 0.5889
1403638219.495096922 2.08753 -0.07968 0.37549 0.07793 0.79253 -0.10491 0.59567
1403638219.595097065 2.05435 -0.06628 0.37491 0.07569 0.79317 -0.10644 0.59483
1403638219.695096970 2.01296 -0.04982 0.37925 0.06995 0.79553 -0.11006 0.59171
1403638219.795097113 1.96644 -0.03231 0.38042 0.06259 0.79874 -0.11486 0.58728
1403638219.895097017 1.9157 -0.01632 0.37584 0.05391 0.80148 -0.12068 0.58323
1403638219.995096922 1.86249 -0.0039 0.36608 0.04666 0.80369 -0.12571 0.57975
1403638220.095097065 1.80746 0.00242 0.35209 0.04445 0.80591 -0.12727 0.57648
1403638220.195096970 1.7505 0.00319 0.34154 0.05261 0.80822 -0.12201 0.57369
1403638220.295097113 1.69619 -0.00086 0.33618 0.0678 0.81089 -0.11165 0.57043
1403638220.395097017 1.63539 -0.0042 0.34031 0.07659 0.81154 -0.10606 0.56947
1403638220.495096922 1.57475 -0.00553 0.35134 0.08002 0.81186 -0.10394 0.56892
1403638220.595097065 1.51765 -0.00483 0.3648 0.08091 0.81127 -0.10443 0.56955
1403638220.695096970 1.45719 -0.00281 0.37534 0.08183 0.81083 -0.10523 0.56989
1403638220.795097113 1.40152 0.00136 0.37818 0.08118 0.81095 -0.10719 0.56946
1403638220.895097017 1.3459 0.00742 0.37409 0.08142 0.8108 -0.10848 0.56939
1403638220.995096922 1.2909 0.01533 0.3627 0.08052 0.81157 -0.11036 0.56806
1403638221.095097065 1.23695 0.02452 0.3476 0.08075 0.81195 -0.11131 0.56729
1403638221.195096970 1.18231 0.03373 0.33318 0.08074 0.81323 -0.11195 0.56534
1403638221.295097113 1.13149 0.04487 0.32784 0.0792 0.81461 -0.11354 0.56324
1403638221.395097017 1.08172 0.05663 0.32857 0.077 0.81565 -0.1159 0.56156
1403638221.495096922 1.03486 0.06714 0.32986 0.07469 0.81586 -0.11793 0.56115
1403638221.595097065 0.99011 0.07824 0.32504 0.0732 0.81503 -0.11991 0.56213
1403638221.695096970 0.94833 0.08709 0.31633 0.07253 0.81331 -0.12045 0.56458
1403638221.795097113 0.90853 0.09466 0.30863 0.07037 0.81118 -0.1217 0.56765
1403638221.895097017 0.86975 0.10137 0.30725 0.07241 0.81013 -0.11973 0.56931
1403638221.995096922 0.83534 0.10572 0.31496 0.0763 0.80958 -0.11644 0.57026
1403638222.095097065 0.79344 0.11253 0.32554 0.07965 0.81131 -0.11407 0.56782
1403638222.195096970 0.75219 0.11927 0.33307 0.0799 0.81515 -0.11414 0.56224
1403638222.295097113 0.71332 0.12628 0.33549 0.0789 0.81858 -0.1153 0.55713
1403638222.395097017 0.68399 0.13297 0.33212 0.07805 0.8215 -0.11623 0.55276
1403638222.495096922 0.65516 0.13955 0.32529 0.0777 0.8238 -0.11627 0.54936
1403638222.595097065 0.63293 0.14598 0.3145 0.07797 0.82013 -0.11588 0.55487
1403638222.695096970 0.60981 0.15221 0.30176 0.0771 0.81479 -0.11646 0.56268
1403638222.795097113 0.58864 0.15847 0.28627 0.07804 0.81244 -0.11588 0.56606
1403638222.895097017 0.56804 0.16529 0.26995 0.07962 0.80689 -0.11449 0.57401
1403638222.995096922 0.5455 0.17191 0.25311 0.07879 0.80227 -0.11438 0.58057
1403638223.095097065 0.5195 0.18003 0.24 0.07891 0.80503 -0.11407 0.57679
1403638223.195096970 0.48802 0.19066 0.23308 0.07642 0.81405 -0.11631 0.56388
1403638223.295097113 0.46294 0.20083 0.22739 0.07061 0.82156 -0.12078 0.55269
1403638223.395097017 0.4383 0.20868 0.22484 0.06772 0.81966 -0.12321 0.55532
1403638223.495096922 0.41592 0.21439 0.21952 0.05756 0.81452 -0.13026 0.56239
1403638223.595097065 0.39619 0.21467 0.2109 0.05651 0.81201 -0.13109 0.56592
1403638223.695096970 0.37527 0.20997 0.20243 0.06727 0.81195 -0.12383 0.56646
1403638223.795097113 0.35344 0.20503 0.19007 0.07798 0.81315 -0.11667 0.56488
1403638223.895097017 0.33289 0.1993 0.17703 0.08331 0.81387 -0.11264 0.5639
1403638223.995096922 0.31825 0.19248 0.16168 0.08686 0.81435 -0.10989 0.56322
1403638224.095097065 0.2982 0.19242 0.14452 0.08604 0.81834 -0.11031 0.55744
1403638224.195096970 0.28341 0.19388 0.12567 0.08368 0.82467 -0.11208 0.54805
1403638224.295097113 0.27513 0.19638 0.11207 0.08314 0.82408 -0.11237 0.54896
1403638224.395097017 0.26981 0.19969 0.10125 0.08069 0.81791 -0.1147 0.558
1403638224.495096922 0.26978 0.20463 0.08933 0.07594 0.81031 -0.11793 0.56897
1403638224.595097065 0.26628 0.20885 0.07765 0.07779 0.80706 -0.11643 0.57362
1403638224.695096970 0.26241 0.2139 0.06367 0.07823 0.81457 -0.11619 0.5629
1403638224.795097113 0.25891 0.22037 0.05163 0.07762 0.82323 -0.11696 0.55008
1403638224.895097017 0.26033 0.2263 0.04881 0.07353 0.81946 -0.11935 0.55573
1403638224.995096922 0.26494 0.23166 0.05132 0.0657 0.8114 -0.12384 0.56743
1403638225.095097065 0.26942 0.23474 0.05305 0.06501 0.80759 -0.12344 0.57301
1403638225.195096970 0.27213 0.23551 0.05631 0.07056 0.81105 -0.11853 0.56848
1403638225.295097113 0.27426 0.23545 0.06064 0.07373 0.81847 -0.11548 0.55798
1403638225.395097017 0.27818 0.23479 0.06655 0.07607 0.81773 -0.11332 0.55919
1403638225.495096922 0.28438 0.23394 0.06665 0.07842 0.8097 -0.11153 0.57079
1403638225.595097065 0.28935 0.23349 0.05996 0.08147 0.79895 -0.10963 0.58568
1403638225.695096970 0.29014 0.23474 0.0456 0.08272 0.79389 -0.10833 0.59259
1403638225.795097113 0.28576 0.23919 0.01883 0.08184 0.80107 -0.10889 0.58286
1403638225.895097017 0.27885 0.24565 -0.01566 0.08109 0.81357 -0.10959 0.56527
1403638225.995096922 0.27292 0.25368 -0.05343 0.0769 0.82179 -0.11254 0.55325
1403638226.095097065 0.27835 0.26485 -0.05391 0.05733 0.825 -0.1226 0.54869
1403638226.195096970 0.28891 0.27167 -0.05141 0.05761 0.83027 -0.12011 0.5412
1403638226.295097113 0.29137 0.27865 -0.05918 0.07051 0.82214 -0.1189 0.55225
1403638226.395097017 0.29051 0.28389 -0.06877 0.07665 0.82692 -0.10794 0.54652
1403638226.495096922 0.29342 0.28659 -0.07303 0.07642 0.8267 -0.11021 0.54642
1403638226.595097065 0.29389 0.28669 -0.07413 0.07702 0.82642 -0.10984 0.54684
1403638226.695096970 0.29387 0.28555 -0.07363 0.07718 0.82676 -0.10962 0.54635
1403638226.795097113 0.29386 0.28547 -0.07351 0.07728 0.82663 -0.1096 0.54654
1403638226.895097017 0.29356 0.2851 -0.07322 0.07692 0.82684 -0.10971 0.54624
1403638226.995096922 0.29354 0.28498 -0.07314 0.07591 0.82694 -0.11042 0.54609
1403638227.095097065 0.29352 0.28483 -0.07307 0.07571 0.82688 -0.1105 0.54619
1403638227.195096970 0.29346 0.28442 -0.07291 0.07591 0.8269 -0.11029 0.54619
1403638227.295097113 0.29344 0.28415 -0.07282 0.07608 0.82695 -0.11004 0.54614
1403638227.395097017 0.29335 0.28394 -0.07272 0.07617 0.82698 -0.1099 0.5461
1403638227.495096922 0.29329 0.28375 -0.07264 0.076 0.82701 -0.11001 0.54605
1403638227.595097065 0.2932 0.28364 -0.07258 0.07578 0.827 -0.11007 0.54608
1403638227.695096970 0.29316 0.28348 -0.07251 0.07561 0.82705 -0.11018 0.54602
1403638227.795097113 0.29315 0.28308 -0.07247 0.07555 0.82704 -0.11017 0.54605
1403638227.895097017 0.29316 0.28298 -0.07247 0.07553 0.82704 -0.11009 0.54606
1403638227.995096922 0.29312 0.28283 -0.07243 0.0755 0.82703 -0.11011 0.54608
1403638228.095097065 0.29308 0.28274 -0.07238 0.07553 0.82705 -0.11006 0.54604
1403638228.195096970 0.29304 0.28262 -0.07234 0.07548 0.82703 -0.11009 0.54608
1403638228.295097113 0.29302 0.28252 -0.07233 0.07539 0.827 -0.11013 0.54613
1403638228.395097017 0.29299 0.28248 -0.07232 0.0753 0.82702 -0.11017 0.54611
1403638228.495096922 0.29302 0.28205 -0.07228 0.07529 0.82702 -0.1101 0.54613
1403638228.595097065 0.29299 0.282 -0.07226 0.07522 0.82707 -0.11007 0.54606
1403638228.695096970 0.29299 0.28194 -0.07223 0.07524 0.82705 -0.1101 0.54608
1403638228.795097113 0.29294 0.28188 -0.0722 0.07522 0.82708 -0.11009 0.54604
