1403638147.395097017 0.0031466018450291037 0.00888364497648719 -0.0001168296505842212 0.00847953846385576 -0.8387627456880122 0.0010913298835156834 0.5444299430343738
1403638147.595097065 0.0019905460533964827 0.00865762015936938 0.0035865648560652577 0.008539592449984682 -0.8379305336045485 0.0018684466745876606 0.5457068857188696
1403638147.795097113 -0.003768486882285602 0.00886283088307996 0.006857646253150693 0.0089424407819348 -0.8359166859337244 0.0019408271830391108 0.5487800653451841
1403638147.995097160 -0.023213272680420054 0.00995266029885413 0.024096045340847753 0.0028956772562750244 -0.822597226635144 0.0001649368068873447 0.5686170860792235
1403638148.195096970 -0.05015665996265032 0.011414662286241169 0.07218955963018621 0.006074342135244307 -0.8142236630043465 -0.00023727034015466326 0.5805194851804503
1403638148.395097017 -0.07384490637692107 0.01303878194603738 0.16874426353973077 0.01189472944930446 -0.813288576209452 0.003142559486970219 0.581730462962343
1403638148.595097065 -0.09518658818649972 0.013103861178825178 0.21907170827203734 0.017916103254635714 -0.8207061618015131 0.0024157217734105756 0.5710644215090711
1403638148.795097113 -0.1225241603140969 0.008604857520693655 0.20942300934807376 0.02192918678147911 -0.8266461876564593 0.0044331574719812285 0.5622771010053232
1403638148.995097160 -0.16022806914082752 -0.0015880126429436252 0.23022371296127747 0.024643826012111826 -0.8255910246170745 0.007475100065082623 0.5636809955907746
1403638149.195096970 -0.2073890114829186 -0.018731250511578767 0.29739214656870716 0.02661802855116926 -0.8193745239547507 0.008920500545695228 0.5725707770398045
1403638149.395097017 -0.2574474535204022 -0.04141603614631978 0.36484914779853556 0.025296043270232344 -0.8168645716624887 0.012117563314513458 0.5761471569111705
1403638149.595097065 -0.30542528598075014 -0.06651118182913027 0.413018828485058 0.027327431148524345 -0.8157106511296707 0.01106312459723212 0.5777083627701389
1403638149.795097113 -0.3510522714941002 -0.0960310036717854 0.43879601665038426 0.037497682063100835 -0.8154883602906099 0.016996375324533512 0.5773073542717356
1403638149.995097160 -0.3939368337045571 -0.12604689718478998 0.44552894411779154 0.0456180907002346 -0.8154104882297978 0.0206889939348635 0.5767119653827617
1403638150.195096970 -0.43262204225903067 -0.15956695663600784 0.428880992235172 0.0587872979608514 -0.8145109741455872 0.0082288449592123 0.5771032946583159
1403638150.395097017 -0.46685027791713296 -0.21013857099105246 0.3902378059898679 0.06158105826666002 -0.8194319294080293 0.0076547453283087085 0.5698074158900773
1403638150.595097065 -0.503860188446815 -0.2850071597795324 0.3653838778036262 0.066827216712436 -0.8286634717681726 0.02648077683808984 0.5551123689142711
1403638150.795097113 -0.5567050163926993 -0.37018565296323885 0.37865513971987014 0.07790422760463231 -0.8269027788883624 0.03676927040197701 0.5557074287267634
1403638150.995097160 -0.6247478717571602 -0.4632335401956754 0.4039947005420379 0.09520130369920475 -0.8185275096058646 0.046038422381292785 0.5646502381625382
1403638151.195096970 -0.6954311954054267 -0.5669207266364429 0.4061713772470043 0.12451000715484876 -0.8110961308612511 0.061471493802717145 0.5681914994698947
1403638151.395097017 -0.7660618621153692 -0.682377749839497 0.387860215506687 0.16355683087376383 -0.8061308834951108 0.09078129610382481 0.5613919468852482
1403638151.595097065 -0.8308297744581092 -0.8056404875867417 0.3858685315292754 0.1994287440092592 -0.7984688490988383 0.11934940598734965 0.5553659985740111
1403638151.795097113 -0.8921691757308235 -0.9320565839756068 0.4103352189016857 0.2205665357953912 -0.7932226819468133 0.13346621434653572 0.5516656140818506
1403638151.995097160 -0.9529550693692365 -1.0637667070784291 0.46168119945216907 0.2294811477060085 -0.7920017588141446 0.1366141787181313 0.5490065419063609
1403638152.195096970 -1.0131381262080559 -1.203627579157114 0.5062072693333663 0.23080393971069507 -0.7922094970732662 0.13617591007313784 0.5482606822275998
1403638152.395097017 -1.069524368949138 -1.3527964432594728 0.5258924900566515 0.23292580924141454 -0.7914497432101356 0.1297360855999976 0.5500194718871407
1403638152.595097065 -1.119578135566026 -1.5127198152331167 0.5189792729472281 0.23268761685873013 -0.7921071393231333 0.12547769069183226 0.5501618870228551
1403638152.795097113 -1.1642532182880347 -1.687488736205597 0.5094701818156339 0.23379754350052256 -0.792402163116801 0.1375167176382441 0.5463759446671455
1403638152.995097160 -1.2110732128000934 -1.873347798530688 0.5300539793186406 0.24958146357865418 -0.7830852023067335 0.1588320066558519 0.5470457500317603
1403638153.195096970 -1.2581866511137885 -2.0571671951183794 0.5683631647838852 0.27092975988331824 -0.782400103285394 0.1709693559154377 0.5340567600231337
1403638153.395097017 -1.3103648352857724 -2.2409212392215108 0.5935190999130264 0.28925937448728944 -0.7784642243302654 0.17932413236915692 0.527413804577698
1403638153.595097065 -1.3637430635945473 -2.430693098503938 0.6178491642454952 0.32319742073789687 -0.7678942606403409 0.18365336160328696 0.5216831169165612
1403638153.795097113 -1.4175129081334639 -2.645928339391228 0.6574596067387503 0.3519680482494518 -0.7535109776526172 0.20462099562610336 0.5162072720501135
1403638153.995097160 -1.468096240429664 -2.871869787534178 0.6783153395462349 0.3648160333763622 -0.74148235698845 0.22481085138537615 0.5163073282123168
1403638154.195096970 -1.5147301704589802 -3.099636495579357 0.6768749054105099 0.36841008142898474 -0.732358347990736 0.23355738345692892 0.5228539094837982
1403638154.395097017 -1.5508239730593028 -3.325013467371852 0.6621624408158087 0.3664937329066972 -0.7231193735209079 0.2376600589386643 0.5350686047266149
1403638154.595097065 -1.5675274762886688 -3.5397819405411517 0.6385809713673617 0.36301320279982846 -0.7210307465850673 0.24226446373704133 0.5381858477163505
1403638154.795097113 -1.5587298482126437 -3.7417512482381543 0.6375284352694423 0.3772430010073386 -0.7235881008251746 0.2436504682776743 0.5241587811371973
1403638154.995097160 -1.5340193993742535 -3.9403457883992794 0.6643400257413661 0.39551727730590264 -0.7172667108029561 0.24371343522712108 0.5193248601946528
1403638155.195096970 -1.4902429201547394 -4.146799841880487 0.7107224062332533 0.41191608268935576 -0.7053775122631327 0.2580293642934212 0.5159346404125493
1403638155.395097017 -1.4295094952476104 -4.353516505420516 0.7377755028486542 0.4226775065646185 -0.6912494019573253 0.27103310816669807 0.5196720542952251
1403638155.595097065 -1.34705699729538 -4.5520867739437 0.7366311522854427 0.43841797128345483 -0.678063655265415 0.28911323733473643 0.5142303937551664
1403638155.795097113 -1.2429615383297865 -4.7320719700739104 0.7162189993344525 0.4577192106938446 -0.6601274107447079 0.32163004137993845 0.5012774104497303
1403638155.995097160 -1.1261757226510098 -4.891078012354003 0.6836945077671712 -0.4936643641359574 0.6469389338335106 -0.34251983605533887 -0.469516425038842
1403638156.195096970 -1.00470472619014 -5.035494537647271 0.6784808213961602 -0.5309545235606791 0.6314323571398454 -0.36064815503049436 -0.43510157496888924
1403638156.395097017 -0.8919867445594759 -5.180514926292363 0.6929181164171399 -0.5578009353976676 0.6176177158875884 -0.3730406329368845 -0.4101794237518208
1403638156.595097065 -0.7925231700179919 -5.329916577485083 0.6888299836582538 -0.5690650242086693 0.6110595528885336 -0.3791723394739381 -0.3987474865424952
1403638156.795097113 -0.7047314506744016 -5.492851753292747 0.6619832146775197 -0.5717730157601795 0.6093996712580887 -0.37957294311785944 -0.3970290165364928
1403638156.995097160 -0.6215805398522412 -5.675607889818295 0.6270377536099652 -0.5703835272365556 0.6116873118588526 -0.3764802336867175 -0.3984518766567873
1403638157.195096970 -0.5421094240543435 -5.883833776407536 0.6164149478879111 -0.5699588563421736 0.6181662783235464 -0.36932128144571835 -0.39575136827568125
1403638157.395097017 -0.4681374748176209 -6.106143597438171 0.6326100102952387 -0.5714880600901331 0.6143669208806266 -0.3697221387639337 -0.3990742083998185
1403638157.595097065 -0.3993047271155014 -6.330895231230022 0.6447224033561295 -0.5778731883547822 0.5994667555233395 -0.37762394032926416 -0.4050954787371092
1403638157.795097113 -0.3209864556023252 -6.579378542065244 0.6441377194490333 0.5973440210160597 -0.5703031711275484 0.3928048576783359 0.4045228761671315
1403638157.995097160 -0.2330781074108383 -6.823618451482876 0.6733499259261125 0.6192525947863914 -0.54425611916463 0.4143030181926828 0.38557036934729655
1403638158.195096970 -0.1438142596764443 -7.066978604497191 0.6974538519320941 0.6306575839302532 -0.5347804818418943 0.4307415764351754 0.361583382364772
1403638158.395097017 -0.06519243586037345 -7.302648686814398 0.701613185077864 0.638019693941011 -0.5260230116962534 0.4332096936530277 0.3585526776283701
1403638158.595097065 0.005133991347721495 -7.523103962648596 0.6884976215059923 0.6420117539553971 -0.5183774017055309 0.4297038946915282 0.3666883418805006
1403638158.795097113 0.08094713988627754 -7.734147145710391 0.6697759407535605 0.6388870874870474 -0.5234037542413013 0.43144379525037174 0.36294359207511473
1403638158.995097160 0.15702141983646084 -7.936124868339871 0.6708033248849895 0.6382826455777082 -0.5346425959682346 0.427641839687941 0.3519588269655798
1403638159.195096970 0.2280483448445546 -8.140071669238145 0.6959575941681229 0.6471455201374532 -0.5473175993348021 0.41001667393383867 0.336945764657539
1403638159.395097017 0.29284054708597823 -8.360163971413611 0.7142423230381756 0.6352287640464227 -0.5424974498116966 0.4253382356866157 0.3482360112608458
1403638159.595097065 0.3443612065119865 -8.580624725763593 0.7346298760336093 0.6068803946743211 -0.533662628805942 0.4649256232654634 0.361586158483838
1403638159.795097113 0.36232553684829066 -8.778357754113754 0.7847696855658053 0.5944995998897381 -0.5333854178678233 0.4824369349163232 0.3596176101993075
1403638159.995097160 0.34437912246761415 -8.959056311612095 0.869079481845238 0.6073048162855712 -0.5206694312867074 0.46664585727267033 0.3772609803971071
1403638160.195096970 0.3090650417505752 -9.102709462217861 0.9834104812295763 0.6216447835237268 -0.5218852072713943 0.44937018386861916 0.3731756039707357
1403638160.395097017 0.2733737595543527 -9.242966964910087 1.129448496527161 0.6380388985487775 -0.5312288019776927 0.42777385637399323 0.35736795000522925
1403638160.595097065 0.2364635292185308 -9.386811517593005 1.2747398078542036 0.6406295003689525 -0.5337210234659256 0.4238310504208905 0.35369895824930914
1403638160.795097113 0.20324654561508987 -9.543370636296876 1.4029133092941972 0.6338279085271505 -0.5347686533436312 0.4322099969284948 0.35423041700031915
1403638160.995097160 0.15909511839902712 -9.699989610681653 1.5155638577638009 0.6053620801823347 -0.5422484025566816 0.4481609827155039 0.3723642777892776
1403638161.195096970 0.0941053108562268 -9.835439257682749 1.6070464315308763 0.5825176518733017 -0.5643580392742081 0.4326673486582639 0.3936650278696687
1403638161.395097017 0.013518688932522296 -9.951034937018992 1.6879604729924973 -0.5588357260662922 0.5979842629540404 -0.40172032018152914 -0.41077760027122134
1403638161.595097065 -0.07243572155823759 -10.058501277082478 1.7607395711601832 -0.5475200339772136 0.6221891228220274 -0.37540245325221583 -0.414940364302897
1403638161.795097113 -0.16432391551878905 -10.173429743193093 1.8166604588621487 -0.5339898515741 0.6338669072264937 -0.3728858605919729 -0.417161500272529
1403638161.995097160 -0.2677372700282055 -10.288443133714887 1.8578208130823266 -0.5184572657441892 0.6395550208557333 -0.36943150057545204 -0.4309197202239684
1403638162.195096970 -0.3800922167427655 -10.40256740781856 1.907050208041148 -0.5098537715293701 0.6488725002582022 -0.36472546209738244 -0.43126435902338106
1403638162.395097017 -0.5065632832545993 -10.51676152239804 1.96451412764174 -0.5039008095694814 0.655913034306316 -0.36545708467409255 -0.42696977036303874
1403638162.595097065 -0.6548986355909806 -10.628662510156518 2.0089627337710336 -0.5046325910311412 0.6527864107296623 -0.3636591903624981 -0.4323977836446735
1403638162.795097113 -0.8186486040283101 -10.734469037652964 2.072997366380302 -0.5097465581876531 0.6512658623216262 -0.3577113195230905 -0.43365174377075183
1403638162.995097160 -0.9934623617079957 -10.836419966621136 2.164324816123114 -0.4948255556710654 0.6553475076420516 -0.3646474736707027 -0.43897555014806816
1403638163.195096970 -1.1893460331036638 -10.933671069925571 2.2335873316477124 -0.4793634404528344 0.6583152745237428 -0.3639992591307131 -0.4520356519549033
1403638163.395097017 -1.4023758245875002 -11.014752174532983 2.2503389215390825 -0.46593378434146593 0.6698329753890866 -0.33971294348070297 -0.46778692769504693
1403638163.595097065 -1.6173169065160737 -11.083567209750504 2.2620862403252717 -0.4474786203870052 0.6830681586111819 -0.32333236475281646 -0.47815996998020655
1403638163.795097113 -1.826100441079864 -11.140175910878263 2.307751396673988 -0.43989482656627954 0.6871413187572987 -0.3155018286875877 -0.48454921908051823
1403638163.995097160 -2.0282705844503437 -11.18379232406934 2.384697385939298 -0.4339030861854884 0.6912752313688563 -0.31991866187680007 -0.48116391809616077
1403638164.195096970 -2.230362983870575 -11.21366313365558 2.4832437460589603 -0.4303993211354164 0.693080642611362 -0.3285180736483984 -0.47589024206216696
1403638164.395097017 -2.4418259120202603 -11.230113238891523 2.575256434559552 -0.42924377126080765 0.6897181640714898 -0.3353558110312462 -0.4770483403086919
1403638164.595097065 -2.66912948144296 -11.227636464123362 2.645319504554749 -0.4284018509460852 0.6899745915596908 -0.34034032707464223 -0.4738938476861479
1403638164.795097113 -2.9118734835400986 -11.203374500741791 2.6971428478193173 -0.4246647732204491 0.6902882514567877 -0.3291680282238829 -0.48457235732304027
1403638164.995097160 -3.159959950028121 -11.159746640355042 2.7362678981506985 0.4244383502247866 -0.682330431835246 0.3131124944296382 0.5061994018981057
1403638165.195096970 -3.3922705078068 -11.096750311152007 2.7495226529285044 0.4048611566691327 -0.6939771917552698 0.31747936607464183 0.5036764370712739
1403638165.395097017 -3.6206769361949824 -11.015265026339186 2.741707986228467 -0.39891096531892095 0.7133053923254622 -0.3077013831429996 -0.48722204161930216
1403638165.595097065 -3.8582792455072235 -10.920931958317354 2.7241725342879457 0.39094118554516066 -0.703867579354909 0.30773138623362356 0.5069879822089604
1403638165.795097113 -4.08945739299003 -10.80633426698161 2.6854076950916017 0.390555234718708 -0.6907651071705105 0.303590029678067 0.5273928983495869
1403638165.995097160 -4.298599954403003 -10.667339805667618 2.641973568863953 0.39985713195934797 -0.7018127375596879 0.29156059741102974 0.5124115274440287
1403638166.195096970 -4.487926585392513 -10.530244810049439 2.640758488438626 0.41078630428979407 -0.7080657138443481 0.2801618576617107 0.5014049168063098
1403638166.395097017 -4.664365283431167 -10.3964973556842 2.7090549681846907 0.4180415408005629 -0.7053818530061415 0.2768661602898702 0.5010217968322674
1403638166.595097065 -4.825746741952595 -10.269037419264647 2.8060001366528757 0.4208484693391802 -0.7039682219381854 0.27796488902359606 0.5000508262428288
1403638166.795097113 -4.979682099286473 -10.151676410981443 2.873918954366122 -0.41653388523004886 0.709688400063124 -0.2881342759752038 -0.48971474990989755
1403638166.995097160 -5.140358088047827 -10.042145472555458 2.9087913297459163 -0.41513288543624893 0.7291470775036425 -0.2906282468207282 -0.4599396144574219
1403638167.195096970 -5.328268385987496 -9.952886576981685 2.946982115056888 -0.42307401316593307 0.7296554718765008 -0.27958380568026014 -0.4587419398155769
1403638167.395097017 -5.541270907719207 -9.896012380538142 3.016453348078679 -0.42623125285273944 0.7247941183606657 -0.27472668534739625 -0.4663964552175203
1403638167.595097065 -5.768485869563899 -9.863295556546799 3.083413358043334 -0.41771020441013607 0.7203791480600928 -0.28481578306145167 -0.4748178997163194
1403638167.795097113 -6.010183629038113 -9.83846033954609 3.1232275569765333 -0.39416701368428864 0.7258861535441692 -0.2964355644499113 -0.479424252145621
1403638167.995097160 -6.272346121943768 -9.809310244017773 3.145699150697506 -0.36666642420499446 0.7379121038382157 -0.28865869537470246 -0.4875629374290238
1403638168.195096970 -6.552232759478112 -9.77080747326985 3.1760314167395736 -0.34451617727366224 0.7463160173333782 -0.2756519378124604 -0.49833424029328316
1403638168.395097017 -6.84308054642561 -9.717555437040854 3.2328129036486892 0.3243693425514471 -0.7547717879759779 0.25062002473894734 0.5121461518826097
1403638168.595097065 -7.144490790238541 -9.658217096158973 3.2952881485027445 0.3202835995575578 -0.7644574245811563 0.2151712430507671 0.5164538682411284
1403638168.795097113 -7.446282922719535 -9.610784375978211 3.330045225439017 0.32266965160867217 -0.7697994560104228 0.19337926733720465 0.5156525500964422
1403638168.995097160 -7.749760966047305 -9.590480210317455 3.3433486369225536 0.32466595130194004 -0.771051108836428 0.18914074626670802 0.5140991983353396
1403638169.195096970 -8.054028714176383 -9.59886817833608 3.339238379401742 0.31964506767985085 -0.7619840588869453 0.20710641932432516 0.523750184520081
1403638169.395097017 -8.357298667654595 -9.615665041254033 3.311846423145996 0.29038338523213825 -0.760545587038179 0.23707685374208654 0.5301343839421038
1403638169.595097065 -8.66385129521861 -9.607482488943319 3.283726890482494 0.2565340813645118 -0.7627883445975902 0.2360746666146022 0.5446218488340253
1403638169.795097113 -8.961949368668938 -9.556110010134779 3.279324212181001 0.2349363390794509 -0.7716763790415303 0.19456355580491747 0.5580909472137212
1403638169.995097160 -9.246784453817037 -9.483418517495833 3.3095950105926515 0.2111569591246895 -0.7732998485342858 0.1427480405831571 0.5805541144284544
1403638170.195096970 -9.503349274741025 -9.409124850064497 3.34574193638113 0.16477723554104326 -0.7765255587562212 0.1210208852700575 0.5959953561684207
1403638170.395097017 -9.730129335099562 -9.327203491094453 3.351801042370763 0.11437383506132741 -0.7893984020972432 0.10396239424493019 0.5941048806419943
1403638170.595097065 -9.93649437130414 -9.230458404053616 3.3475735093480963 0.065105392523503 -0.7964944031946289 0.09061756079892722 0.5942612314621806
1403638170.795097113 -10.119298694863224 -9.108181247742733 3.37058308639534 0.024228889828468866 -0.7943879620792909 0.06994080145181253 0.6028839116227731
1403638170.995097160 -10.266060398260956 -8.957886099108721 3.3974644223063617 -0.00951551699455182 -0.795591635590575 0.04126074877688835 0.6043516814944121
1403638171.195096970 -10.376674825282176 -8.790877751283158 3.4042125638412557 -0.03865002208032524 -0.792350100124224 0.023004709346919158 0.6084063428123526
1403638171.395097017 -10.457058683746151 -8.603438145310985 3.402063022082025 -0.053946864619733796 -0.7891410432671792 0.01550606839895338 0.611641816320477
1403638171.595097065 -10.504377148723801 -8.391945109551553 3.3912712991499023 -0.06852424954239042 -0.784712506050112 0.011065244376008513 0.6159612572558614
1403638171.795097113 -10.516409841683059 -8.15372593258957 3.3732614365386344 -0.08960879694613703 -0.7801442430770332 0.006648813679406143 0.6191130888459738
1403638171.995097160 -10.486382166077759 -7.8831862175527805 3.3688823422331655 -0.103828820085825 -0.7725603711158521 -0.0029438005462412114 0.6263875662394508
1403638172.195096970 -10.407778656316852 -7.586438417786133 3.37963881084383 -0.10724042341560054 -0.7721660638946226 -0.01447139850968361 0.6261386747202421
1403638172.395097017 -10.28687726584942 -7.268977480790929 3.3596090597389434 -0.10645582819408525 -0.7729017186351071 -0.01926275064893279 0.6252351848800322
1403638172.595097065 -10.133776016025386 -6.934294969253198 3.298431200621234 -0.10592403681157345 -0.7688044874180655 -0.015135002590693492 0.6304686274891768
1403638172.795097113 -9.939349773899217 -6.585273356688095 3.2083683683240296 -0.10417515175185456 -0.7686755309469288 -0.008225950779978446 0.6310450060136931
1403638172.995097160 -9.70141488803253 -6.21555826760972 3.1013504242168413 -0.10373345100204734 -0.771379439493604 0.0032608441488219614 0.6278554756990654
1403638173.195096970 -9.426097707119554 -5.821350875029178 2.9719166085481046 -0.101315326425575 -0.7815081982545019 0.010911651082461452 0.6155169181777757
1403638173.395097017 -9.125012070892813 -5.397644645315603 2.8212933155727793 -0.08646984173326716 -0.7880030762867892 -0.00716272227118809 0.6095267128215013
1403638173.595097065 -8.812382346816863 -4.9597178026435795 2.6396505083449284 -0.07131126314792455 -0.792755731670762 -0.03118667166925812 0.6045497871654109
1403638173.795097113 -8.494308840465274 -4.530638194065836 2.4431578583055567 -0.0721964811140439 -0.7938389815069117 -0.032477451695677936 0.602953194440766
1403638173.995097160 -8.168134323627342 -4.1190944552059685 2.2590076428319668 -0.073430409670597 -0.7944642008784502 -0.033331940503476085 0.6019332107473389
1403638174.195096970 -7.827124595416658 -3.7292486024047067 2.099032310626021 -0.0735725141606603 -0.7982259448486466 -0.03430800707690535 0.5968629547736526
1403638174.395097017 -7.485794838673242 -3.358378269061375 1.9317002037358824 -0.07281855210909713 -0.8075910687880347 -0.03379310486322616 0.5842534981892772
1403638174.595097065 -7.159219318429326 -2.990636402182391 1.7605910828144913 -0.06965777639181664 -0.8142502385168969 -0.035412340352348186 0.5752306575750926
1403638174.795097113 -6.846070866117195 -2.6252011202558743 1.609023338842222 -0.06676553931865334 -0.8226132197121135 -0.038963686204643876 0.5633220079775848
1403638174.995097160 -6.548958606976608 -2.2627431683619053 1.478800826839892 -0.06553350902472278 -0.8258315296065696 -0.04187977527765954 0.558528180421967
1403638175.195096970 -6.295260934078247 -1.9229661086466932 1.3813229559876627 -0.06560586342488364 -0.824404236925592 -0.04597790820348739 0.560303093674167
1403638175.395097017 -6.07907768186454 -1.605514836260303 1.3120741647992722 -0.06545600144394718 -0.831660834491951 -0.05134473768611894 0.5490168359524888
1403638175.595097065 -5.893693435600397 -1.297953196534653 1.2715761013011304 -0.062482543520903724 -0.8451580169956 -0.05735803410294665 0.5277441747545031
1403638175.795097113 -5.758391612842841 -1.0046617795019954 1.2539803577240651 -0.06263812906904549 -0.8566905666618726 -0.055425126378882125 0.5090047083725666
1403638175.995097160 -5.6939246883979315 -0.7374154151543861 1.2147624630616642 -0.05313991463278227 -0.8568439834007537 -0.06484653810867336 0.5087135383281477
1403638176.195096970 -5.699365457554821 -0.4965019275957814 1.1722057396465428 -0.04444369797359533 -0.8319694257226011 -0.07217656213251007 0.5483084681565696
1403638176.395097017 -5.727651339391469 -0.26184753926471893 1.139193869265933 -0.047679896951139764 -0.8134657890800783 -0.06768579593502384 0.5756897345375437
1403638176.595097065 -5.757305393751889 -0.06902092264203796 1.1272699038264937 -0.047401865758099807 -0.814277966393043 -0.07038652591184671 0.5742387948752137
1403638176.795097113 -5.794883267324717 0.09357462884935527 1.140367548432519 -0.04817226162324083 -0.8155141475993732 -0.07052073312124382 0.5724010259211902
1403638176.995097160 -5.838810708146598 0.22500788718828577 1.1708173636324066 -0.05130209884740338 -0.8164253319589106 -0.06656975156372011 0.5713022318935924
1403638177.195096970 -5.889687099987449 0.33516259503911744 1.180902747861235 -0.04781264583349023 -0.8177266066407837 -0.07268498257821601 0.5689938848511311
1403638177.395097017 -5.950349435274953 0.41879496231241997 1.1630045700041447 -0.046973710571870136 -0.81752788554045 -0.07481982894461942 0.5690725964899376
1403638177.595097065 -6.021893280858158 0.4747526269548855 1.126063975878174 -0.060635677713842935 -0.8172350488956941 -0.058110108865108194 0.5701520890889984
1403638177.795097113 -6.100169832469604 0.5201805013016898 1.074099953825274 -0.07821556807769109 -0.8127867831857182 -0.040971872647087314 0.5758309436292123
1403638177.995097160 -6.1766870738863116 0.5737208426849764 1.0234936611607766 -0.0873773899393572 -0.7996658572211679 -0.036869923702200894 0.5929083548479661
1403638178.195096970 -6.234969783563785 0.6443804880251842 0.9997848770324173 -0.09652632964142913 -0.793307600447749 -0.05391306219062682 0.5986978373797801
1403638178.395097017 -6.266132694861262 0.725119903045551 1.0067849699493978 -0.1285296045348654 -0.7853537485630815 -0.07466115594779382 0.6009370534163913
1403638178.595097065 -6.266958077767226 0.8097758919838004 1.0089242734015724 -0.17567436210102172 -0.7847652039811236 -0.09652446968870322 0.5864853961288379
1403638178.795097113 -6.246959531325905 0.9028301919220121 0.9956573384374103 -0.21991231815823808 -0.7785080228868309 -0.1195184418739241 0.57556856470395
1403638178.995097160 -6.216590879194566 1.0062958012078689 0.9668478898385663 -0.24919300010982348 -0.7793202815374836 -0.1392534662230461 0.5578272309825987
1403638179.195096970 -6.184122092970686 1.1237675802338716 0.9253386835362615 -0.2614264315742485 -0.7840692590268079 -0.15640405259934903 0.540767408646519
1403638179.395097017 -6.163333507303643 1.2614848774143306 0.8739615463843795 -0.27739008122840675 -0.7818197760815709 -0.17715297359750823 0.5295558558921794
1403638179.595097065 -6.155498086818713 1.4137962308412009 0.8178844029790904 -0.30951015188031117 -0.7563660432763946 -0.19896963316560093 0.5408557659299199
1403638179.795097113 -6.143899455830235 1.5721984863261773 0.7687517095925838 -0.3463263002434195 -0.7360084733897737 -0.22497973472283025 0.536408183962972
1403638179.995097160 -6.123740323095641 1.7313437436732988 0.7440685406210136 -0.3809879539574963 -0.7236759567429664 -0.24556695666373887 0.5204211355878966
1403638180.195096970 -6.106264991519606 1.8998604025571215 0.7340786867515227 -0.40179212960431376 -0.7180614558212627 -0.25301982039309945 0.508853417734794
1403638180.395097017 -6.09082296981367 2.0783241922706592 0.7170408276914882 -0.4083755587525776 -0.7166110310926017 -0.2564307173818206 0.5039259075630326
1403638180.595097065 -6.080245629864396 2.27095528690656 0.6810997348666852 -0.4039858759032383 -0.7192530996873849 -0.26268919698744325 0.5004645606305689
1403638180.795097113 -6.078675136089719 2.4724962786563274 0.654777926216574 0.401076842394251 0.727628775449127 0.259721652399139 -0.49217719868823484
1403638180.995097160 -6.091963543681618 2.688868107927762 0.6523595451989623 0.39867250101100254 0.7288854593012543 0.25318655962059305 -0.4956639891946932
1403638181.195096970 -6.113832704705694 2.9210806013876924 0.6354757995822448 -0.3967312369001914 -0.72549154144992 -0.2477563785953746 0.5048595109709733
1403638181.395097017 -6.133915216810516 3.1681212646519277 0.6015820078836286 -0.40658796607620806 -0.7072720861170145 -0.24991938032302619 0.5215292181468916
1403638181.595097065 -6.131497876799185 3.424488272413727 0.5546255372157662 -0.43467597377086 -0.6735188364202696 -0.2677732709239332 0.5345340496099013
1403638181.795097113 -6.091179558937378 3.6740285002934523 0.5196968771816075 -0.46179676360955324 -0.656348874367692 -0.3014641790217441 0.5148487671180513
1403638181.995097160 -6.024401150167097 3.914495371915647 0.5191671893671608 0.4893811481193815 0.6482779964411218 0.3263451963867315 -0.4834672108747721
1403638182.195096970 -5.950882662544673 4.15283506015791 0.5456067056998605 0.5111922323876381 0.6440518334969536 0.3295413901532359 -0.4639851393005084
1403638182.395097017 -5.875247739325243 4.400608481219589 0.5675506199225105 0.5266465872777601 0.6399597193709718 0.3195073790896768 -0.45935820924268567
1403638182.595097065 -5.7907406480427195 4.667616761097883 0.6043415178637935 0.5193564094052936 0.6508445729001869 0.32975278251473167 -0.4448970266925682
1403638182.795097113 -5.71331272791665 4.94332450095497 0.6680902372646887 0.5140916868719407 0.6553206931523496 0.3300609990180874 -0.4442119579015734
1403638182.995097160 -5.643063645923731 5.240285530953094 0.7236321686089742 0.5076965579901351 0.651076116470328 0.3325138343439984 -0.45582742955730426
1403638183.195096970 -5.576288513413065 5.544527367545442 0.7606279928628673 0.4973551030642222 0.648526451831 0.34225966544812503 -0.46358350287611594
1403638183.395097017 -5.520066840526776 5.8334050136208475 0.7732856053057521 0.49927662596867983 0.6581344532261567 0.33690327787085855 -0.4517500122833309
1403638183.595097065 -5.479375480063593 6.1193795611040604 0.7692240338087054 0.501240614397309 0.6657721672836254 0.3334478897822872 -0.4408148960151988
1403638183.795097113 -5.452711823573982 6.425513749060281 0.7767443459653582 0.4926287321887138 0.6572265559479138 0.3459603760307973 -0.45352133863324745
1403638183.995097160 -5.433553917071134 6.729736124466798 0.8159944758907368 0.48766021867383685 0.6512451457780434 0.35391842313808974 -0.46131228141796565
1403638184.195096970 -5.436224437782307 7.005194460527556 0.8707624495348208 0.49572859022883126 0.6575397745283388 0.3442358562946754 -0.45099477267935995
1403638184.395097017 -5.454139712495028 7.257861312696907 0.9115939356696796 0.4973097779532484 0.6571328207875724 0.34391464936739785 -0.45009127357285905
1403638184.595097065 -5.488886623893783 7.518180761648119 0.9358978611803314 0.49426693663615395 0.6529180874459087 0.34967105495301726 -0.4551135240381379
1403638184.795097113 -5.536602249908263 7.7701358100613245 0.9593224048793662 0.49470693853235315 0.6508147565787105 0.3496331268521612 -0.4576700494843434
1403638184.995097160 -5.595958791878189 8.017303541620686 0.9855476073612032 0.4941126914651938 0.6496908260627033 0.35206419161673064 -0.45804506726338917
1403638185.195096970 -5.664774725178514 8.26119878545702 1.0184196318648862 0.49354003414743225 0.6514136533915034 0.3527384966076794 -0.4556907283234098
1403638185.395097017 -5.744191963308677 8.494346879988452 1.0554464971949842 0.4865041191431366 0.6545917056723718 0.3599781518532003 -0.45303330022210053
1403638185.595097065 -5.843456214307651 8.708661765711796 1.0969768031436287 0.46467217805925626 0.6623712797835458 0.3608299706843056 -0.4638381042040589
1403638185.795097113 -5.966551897122503 8.908862961255869 1.1374796568338907 0.4523389433718308 0.668075697594511 0.3437218965247351 -0.4805409456460339
1403638185.995097160 -6.097865600689219 9.10192327005258 1.1661500472483208 0.46557676549410343 0.6679525243936862 0.3049989105261578 -0.49401757576638644
1403638186.195096970 -6.2168881186399005 9.299714279768528 1.1791749095226562 0.45825982234648965 0.6768302975313742 0.3100881389830212 -0.4855347872487502
1403638186.395097017 -6.328067440688521 9.495586858757283 1.2006144311997542 0.45454262417438934 0.6801947266172248 0.31526338589723035 -0.480973111726091
1403638186.595097065 -6.44231831514385 9.689271603580055 1.2413407664705411 0.45278484349635756 0.6804458086609726 0.32027228158303345 -0.47896247517459833
1403638186.795097113 -6.564715865241807 9.882698572529387 1.26675847276296 0.4439521712703673 0.6854917420545633 0.3300902143165486 -0.4733370803263406
1403638186.995097160 -6.707887651338792 10.069084777307165 1.2757618853038697 0.42289026888011155 0.6997427092986747 0.32357624168658583 -0.4762587291440702
1403638187.195096970 -6.87753635665123 10.242466501749714 1.3053186277817765 -0.3897180627724938 -0.7100675640374637 -0.2915577656238966 0.5088398130605871
1403638187.395097017 -7.053062656788166 10.398473268247189 1.364951938038724 -0.3463284260538017 -0.7192275059597355 -0.2649465948793158 0.5408989904226518
1403638187.595097065 -7.215661891378213 10.531277426349615 1.4381782750522916 -0.32197767104634023 -0.7308957724583185 -0.2476779626449561 0.5484317423075857
1403638187.795097113 -7.36521188934616 10.646328751783772 1.500182792495013 -0.31420410608043114 -0.7426717923844135 -0.24125662815849164 0.5399163156348358
1403638187.995097160 -7.511945032060225 10.746527694713865 1.5469043806425562 -0.30514621308763873 -0.7425698274052991 -0.2541234757060325 0.5393487732080375
1403638188.195096970 -7.662705805735419 10.820725098858416 1.5770323022998827 -0.2980029652983046 -0.7368119567447604 -0.270408926488342 0.5433059778312688
1403638188.395097017 -7.815348455738759 10.859216724187313 1.5888689550387531 -0.30206536049008903 -0.713327751025974 -0.2677354548567016 0.5729203817470947
1403638188.595097065 -7.943336938670694 10.853228370090674 1.5855006786435966 -0.30493002214998133 -0.6978780825410426 -0.26371898463741017 0.5919764865622433
1403638188.795097113 -8.029597646899042 10.787085502749527 1.5943820511710798 -0.29915880111269777 -0.7109987395213633 -0.25178351607760635 0.5844568975962
1403638188.995097160 -8.08387313555247 10.682424185707905 1.6408419193598174 -0.2934837717614085 -0.724755709531974 -0.24010029019472373 0.5752810511934692
1403638189.195096970 -8.118208431427627 10.547157854117874 1.7093022956782646 -0.2792052483835668 -0.7334802925909564 -0.2219454432883534 0.5786115362310418
1403638189.395097017 -8.131285714222694 10.393111255889632 1.7538012923912956 -0.25526560866567555 -0.7539957214640557 -0.19473804160980643 0.5730680729169894
1403638189.595097065 -8.130043745328763 10.233580046049347 1.796395928847031 -0.23983810859033058 -0.7768200281321149 -0.17356402773751323 0.5557911962568107
1403638189.795097113 -8.129432525744926 10.084111203945671 1.8509820655082843 -0.2378343196639111 -0.7885508414097003 -0.15768341219793075 0.5447553105937657
1403638189.995097160 -8.141744707975985 9.955182518226488 1.8797095132877806 -0.23734340410543928 -0.7955699843804943 -0.1554147014828528 0.5353342685125952
1403638190.195096970 -8.175550082812231 9.84768154214351 1.8904762185896296 -0.23275475768296794 -0.7822923457670206 -0.1651404630031412 0.5536899276759608
1403638190.395097017 -8.216106928167118 9.74384104956693 1.8781625470353698 -0.2063890801058558 -0.7711962838646772 -0.19008116412502685 0.5714271523227235
1403638190.595097065 -8.255614422949886 9.615676675033319 1.8420207596161708 -0.18794619971692864 -0.7749697079186056 -0.18934028040656342 0.5729296955443114
1403638190.795097113 -8.292982661231989 9.457051108334008 1.8002349088737915 -0.1859737407636845 -0.7769472513508504 -0.17404987549998363 0.5757372466703663
1403638190.995097160 -8.323761757448077 9.274006612202799 1.781012354564393 -0.19123013788059434 -0.7779820738998384 -0.15697068805874054 0.5775250039153708
1403638191.195096970 -8.335675034716227 9.076416726039914 1.790363907012982 -0.19169469918227794 -0.7786220658648806 -0.15333573593535874 0.5774850413121485
1403638191.395097017 -8.349384477199337 8.884583187477997 1.8213191362662347 -0.19520473653101658 -0.7909685734169728 -0.1502435342774572 0.5600809826362961
1403638191.595097065 -8.367395282325708 8.719832367402164 1.8465563086154158 -0.19655141192069323 -0.7924770539088877 -0.15195987222368973 0.5570061568188333
1403638191.795097113 -8.40635733209071 8.580608756083452 1.839108730627606 -0.19139648967649445 -0.79414511514646 -0.16188578638882772 0.5536189230818175
1403638191.995097160 -8.447336258414488 8.428924168424846 1.8103733726434066 -0.19099937321724428 -0.794429327093507 -0.16359850856128189 0.5528442924380941
1403638192.195096970 -8.535031304301084 8.269540033875327 1.7841578098238433 -0.1913281978011478 -0.7928052147564211 -0.16263248134840733 0.555341415880468
1403638192.395097017 -8.620755333730289 8.099701153201543 1.8004815250399173 -0.19237843364655507 -0.7837785159531179 -0.15915510859995163 0.5686399806600054
1403638192.595097065 -8.70390982151173 7.9328132518894146 1.8507049225070695 -0.19162892437602552 -0.7779144053613269 -0.15923434741109024 0.5768638971879069
1403638192.795097113 -8.780128511100775 7.775839916898258 1.9007471757664642 -0.19147310832875586 -0.7632189383251248 -0.15990262701360008 0.5960419874835546
1403638192.995097160 -8.81758565393961 7.6270289937010425 1.9358517878748522 -0.19775758253840392 -0.7427970436368617 -0.1471260935394725 0.6224936972476713
1403638193.195096970 -8.80948328839519 7.453100517494272 1.9705603566875154 -0.19014637604359738 -0.7496503185403752 -0.13342866870629022 0.6197302203035057
1403638193.395097017 -8.756361780260942 7.2812999195536126 2.0308749877224486 -0.17194092219389406 -0.7637244997899506 -0.13568124413219876 0.6072493784985163
1403638193.595097065 -8.679535279223401 7.105517656267069 2.1033807687145805 -0.16221837380538057 -0.7662738628145428 -0.13688347600045425 0.6064424790247217
1403638193.795097113 -8.574563504671168 6.929578834041232 2.153884615746999 -0.16446224394743333 -0.781722146716921 -0.12954823760096484 0.5874350260096718
1403638193.995097160 -8.465670544951465 6.748090087751284 2.1888057278887905 -0.16684466003931836 -0.7887041122324076 -0.127126039541099 0.5778820405888272
1403638194.195096970 -8.351254748038972 6.565407258464143 2.2061942896969176 -0.16557694052387192 -0.7810344532038516 -0.13151157973765684 0.5876003438313017
1403638194.395097017 -8.231008226709461 6.377781918483624 2.2026754093954137 -0.16774903385871479 -0.781426228906401 -0.13063026745156456 0.5866592227542058
1403638194.595097065 -8.092404599426017 6.188854095821629 2.2137630267689317 -0.17186098906130642 -0.7893241435368504 -0.1276617266222657 0.5754421607989644
1403638194.795097113 -7.955545426646211 6.006106903797499 2.2377059618394135 -0.17435958245585703 -0.7992405229387702 -0.12725498176318445 0.5609095222184586
1403638194.995097160 -7.8354523590276886 5.83609618882208 2.2436889507921935 -0.17534125742540732 -0.8040727251882671 -0.12818399190121568 0.5534359586018862
1403638195.195096970 -7.742594967704376 5.687657482624138 2.227622750232629 -0.17689237205628355 -0.8086186601384703 -0.12680282617219013 0.5465949089220109
1403638195.395097017 -7.6882424637048405 5.57154137091915 2.1921752224665343 -0.1806236178047158 -0.8196257617827235 -0.12162173973138499 0.5299027002559363
1403638195.595097065 -7.65448742936072 5.454933586681027 2.1486985374692726 -0.1766429794573371 -0.8008919591632451 -0.126858801563562 0.5579212955448822
1403638195.795097113 -7.643689979510794 5.357425804188877 2.1004748907954722 -0.17619040559808152 -0.7996768817169899 -0.1259505974202819 0.5600091720968298
1403638195.995097160 -7.6495982015428075 5.303556727625245 2.0868343274553642 -0.1773713412029118 -0.8093851706675066 -0.12336489447662143 0.5460917099121255
1403638196.195096970 -7.69236841744862 5.245601226469816 2.0965399872192476 -0.17530543546850866 -0.8049392418484742 -0.12529011417522026 0.5528500777951594
1403638196.395097017 -7.731825343961848 5.175067023927468 2.1213388053419484 -0.17370510238181688 -0.7978375616132775 -0.1272291427904634 0.5631114524770725
1403638196.595097065 -7.770539520063992 5.098733076223157 2.1202594591740613 -0.17693440391770798 -0.8014984358262728 -0.12430868596722758 0.5575319046224821
1403638196.795097113 -7.831346772256388 5.0476444078869855 2.0918723214586765 -0.18061899975484033 -0.8103634477901579 -0.12150583234888523 0.543989147059938
1403638196.995097160 -7.90770155747824 5.004299108696507 2.062189894016278 -0.1785287807785773 -0.8026662588941093 -0.12423939750564342 0.5553547725325174
1403638197.195096970 -7.987144620772008 4.960233545331026 2.0604185142778615 -0.17592780351674847 -0.7973303876216097 -0.1286706340254308 0.5628121612625177
1403638197.395097017 -8.066332593556911 4.919351896943331 2.086871453597066 -0.1646571353727145 -0.7916414606376504 -0.14452024422318444 0.5703557877154827
1403638197.595097065 -8.147565434400992 4.8687835742967245 2.1402441511178 -0.16245264057591924 -0.7880352051441919 -0.14695108323608466 0.5753390601719433
1403638197.795097113 -8.221185454581533 4.801519343407749 2.2078528227698797 -0.1619951492835579 -0.7879292524292821 -0.14661764397990887 0.5756981251047677
1403638197.995097160 -8.282631437768714 4.719473080695656 2.2583417928060543 -0.16478083974771413 -0.7753395172753963 -0.13986621892003392 0.5934082478435064
1403638198.195096970 -8.338704942316419 4.638453452407068 2.238782141108341 -0.16744648295667544 -0.7756641345338928 -0.13551407030355536 0.5932476401078095
1403638198.395097017 -8.38006419542845 4.544721763034601 2.1699733779790935 -0.16636388862649962 -0.7828346578326572 -0.13718836238575202 0.5836714043736708
1403638198.595097065 -8.422975072173948 4.445438154187929 2.0841557083790314 -0.15301636605514352 -0.7877740433891359 -0.15603275441853895 0.5758922015713752
1403638198.795097113 -8.470269720346142 4.319982735493417 1.9979806436355583 -0.13100024100341157 -0.7835201164671118 -0.18632902866953047 0.57811474382171
1403638198.995097160 -8.52988623017993 4.14498969977044 1.9385772795424343 -0.12993172680215417 -0.7840859768733155 -0.18676257241476962 0.5774484122295367
1403638199.195096970 -8.609725653431415 3.921979066657736 1.9155047573747048 -0.13492932106654046 -0.7840332482733792 -0.18093031811405474 0.5782301997527706
1403638199.395097017 -8.69210002164185 3.6443040754455094 1.9302772534338417 -0.13519703161505317 -0.7791128227974351 -0.18104813275936696 0.584744855146234
1403638199.595097065 -8.749286583816877 3.3165126797729525 1.971288109263982 -0.12962150314755128 -0.7852253221991232 -0.18642797672475805 0.5760764435332749
1403638199.795097113 -8.816445474903741 2.955442830415454 2.033277474122861 -0.1275933815343445 -0.7906892635270215 -0.158453619584788 0.5774278032557678
1403638199.995097160 -8.867709908189141 2.568692675496723 2.0837872059180276 -0.1286032666920872 -0.7950639513828575 -0.13334036349468054 0.5775420854546264
1403638200.195096970 -8.920151471545786 2.174171892718544 2.122178517894971 -0.1033050786290062 -0.79621231395328 -0.1269914996297611 0.5824492860850337
1403638200.395097017 -8.956693558723032 1.7598109975186198 2.177263987984882 -0.07012990806188478 -0.790068442088719 -0.11133375868636464 0.5987306965473078
1403638200.595097065 -8.974091584042839 1.322894011936715 2.25678088757399 -0.036876910774188504 -0.7943267619227156 -0.10821248530888601 0.5966365281885831
1403638200.795097113 -8.974399504472968 0.85548152357956 2.3537925429582813 -0.006073214911241189 -0.7993887418453386 -0.10311308529456459 0.5918686062912422
1403638200.995097160 -8.963396716425304 0.35848842287805216 2.4332950403238107 -0.006165800505422463 -0.8039127565769324 -0.07963672784635016 0.589359189540187
1403638201.195096970 -8.946253868632956 -0.15167902298567915 2.4818952241429595 -0.01525352052575409 -0.8037941881590871 -0.06157980388851972 0.5915151400825038
1403638201.395097017 -8.919979058167689 -0.6594889127382411 2.5026567579118657 -0.018526475454890213 -0.8038780114425669 -0.06196662148234877 0.5912673255380847
1403638201.595097065 -8.89104636858398 -1.1602323233113596 2.4922602900366995 -0.02078014854582961 -0.8011031903983556 -0.06619362360807748 0.5944916046120002
1403638201.795097113 -8.848394784975017 -1.5959354245314479 2.4507689134579342 -0.023611808512181174 -0.7995365419700354 -0.06749831113603844 0.5963453517448536
1403638201.995097160 -8.803157385624864 -2.0878179370079786 2.3827554455612683 -0.020760118433768997 -0.8004956901586167 -0.062143574071631964 0.5957464592611778
1403638202.195096970 -8.726693411935518 -2.6025676281397656 2.335743972759352 -0.017734716887236147 -0.8060238925721686 -0.04035247776922766 0.5902394784815408
1403638202.395097017 -8.648555492939021 -3.1126922194304316 2.3124181332598344 -0.0148086769774241 -0.812744732736139 -0.029305255635223727 0.5816939955754675
1403638202.595097065 -8.579405876769261 -3.590204492463357 2.2788532212447823 -0.015256927668308487 -0.8142452489249816 -0.022539484122795203 0.5798826367613187
1403638202.795097113 -8.512858953618318 -4.011199721614834 2.2199518562433624 -0.01541808541807599 -0.8150192606016354 -0.022928130005863148 0.578774730223605
1403638202.995097160 -8.452038329137832 -4.307969152139466 2.176760205564583 -0.01615598859649478 -0.8128301365369208 -0.023826068552258568 0.581789026733701
1403638203.195096970 -8.387202247823003 -4.719032940373554 2.1322052469053228 -0.014866286197847724 -0.8091394268160967 -0.02674736625211976 0.5868193588367128
1403638203.395097017 -8.331655808557459 -5.1035626518250545 2.107896262522093 -0.015095427417252342 -0.8047302200231368 -0.02564183641040492 0.5928945077150292
1403638203.595097065 -8.276060002091914 -5.473882705256416 2.067384652299185 -0.018307950868503682 -0.8051009475768528 -0.02102833728309796 0.5924821450284398
1403638203.795097113 -8.21704659140688 -5.825460249677581 2.0376659910890758 -0.017265179385117346 -0.8061322582897016 -0.022205165266103544 0.5910665160213353
1403638203.995097160 -8.150671149791982 -6.156326709827104 2.033726216092019 -0.01589918993427458 -0.8061113510955445 -0.02108565237419083 0.5911743403251317
1403638204.195096970 -8.076337952067995 -6.4758021645620385 2.0558538045489745 -0.01808797490139925 -0.811317896031705 -0.014199456626234012 0.584152781534713
1403638204.395097017 -8.004282934080074 -6.7810114068689815 2.100272588621036 -0.03237454558061748 -0.8203055575237984 0.005182457912585016 0.5709849588427042
1403638204.595097065 -7.944081659072931 -7.0532396759105485 2.1416188095540454 -0.03740303279454777 -0.820260309261108 0.011205075714221874 0.5706561876186779
1403638204.795097113 -7.897456817774186 -7.283903154893169 2.156513677119065 -0.013162269046991693 -0.8199882558377883 0.00898135583083351 0.5721585009502819
1403638204.995097160 -7.8586552044388425 -7.498870800658883 2.146482532922249 0.04315603769772501 -0.8154682724671152 0.011800991623398403 0.5770700040783612
1403638205.195096970 -7.825029128382643 -7.727108340467804 2.1194297694533 0.114621683993476 -0.8083390987206477 0.04978680277131348 0.5753008302690964
1403638205.395097017 -7.795802594464191 -7.94469016725128 2.111879667377954 0.19505196110641776 -0.7903743635993373 0.10448962227850073 0.5712661522180413
1403638205.595097065 -7.75969580697554 -8.151830469379341 2.1359140722513663 0.26446614558012216 -0.7648606902117338 0.130448926971391 0.5727380377303182
1403638205.795097113 -7.691317320790869 -8.377538333107719 2.1845680985746116 0.3035373507120907 -0.7427452788063267 0.1394578233196922 0.5802982362964815
1403638205.995097160 -7.5875190772603345 -8.591357978098078 2.245891459761054 0.33530210567721286 -0.733297625877352 0.1677448377886568 0.5671937580814541
1403638206.195096970 -7.480058745733325 -8.729505732901465 2.309748844811571 0.3688674034604357 -0.7187903369298076 0.20018896099560615 0.5542577650302967
1403638206.395097017 -7.339771297145028 -8.899300964076128 2.3675483600545366 0.3890917091926666 -0.7065854484433458 0.23667984104097117 0.5415969892185675
1403638206.595097065 -7.173379106648112 -9.080690860864097 2.4078174815841877 0.39348677252175984 -0.7003496491704516 0.25899919788512243 0.5362815904468781
1403638206.795097113 -6.9809022707241395 -9.26330162801519 2.427028375586238 0.40259246868040605 -0.6946482758324327 0.2723422249457064 0.5302950023869585
1403638206.995097160 -6.7806179203748504 -9.430415449656685 2.4252405854955836 0.40954290644048214 -0.6875739528954796 0.2829315486164319 0.528645822722146
1403638207.195096970 -6.575145396290265 -9.568125604813565 2.398745766516418 0.41104513802714115 -0.6825462722579738 0.29038983193220785 0.5299492676110301
1403638207.395097017 -6.354357466089129 -9.678774842910432 2.3489989311598922 0.4237446108984664 -0.6709110913693451 0.30378367777852644 0.5272895687641798
1403638207.595097065 -6.133530549247459 -9.753794011229946 2.3082008407223356 0.4523634491827136 -0.6552441885551951 0.3220732863469436 0.5121436921703165
1403638207.795097113 -5.891321916129137 -9.79954587894515 2.2875611994918463 -0.4727098488309564 0.6571771136200955 -0.3328531114204657 -0.4836036045875844
1403638207.995097160 -5.651737314435324 -9.82901909567484 2.2957317834828848 -0.482989425308399 0.6623147656051027 -0.3323697644969789 -0.46646618950375
1403638208.195096970 -5.423800394629374 -9.843189700880421 2.30513263980735 -0.47929784434785866 0.6585971599811044 -0.3383793475373112 -0.47119292697232584
1403638208.395097017 -5.20837791309088 -9.841386135573876 2.284818520949605 -0.4786645634361458 0.6604421556133058 -0.334393770999637 -0.47209871924861596
1403638208.595097065 -4.9953989895951345 -9.82537483622261 2.255658452819101 -0.48921658246255006 0.6589195412089669 -0.334848768411798 -0.46299943407085836
1403638208.795097113 -4.796282201491861 -9.803168711342398 2.254584698679831 -0.5027215566833582 0.648449286880103 -0.34802568059423894 -0.4535004789828373
1403638208.995097160 -4.610360894387509 -9.772690555602518 2.2575589090413835 -0.5122434653693564 0.6386243628743002 -0.3547717771990999 -0.45155569028966935
1403638209.195096970 -4.442664562327907 -9.73273447448343 2.2349198313038947 -0.5165001691416042 0.635672950317934 -0.3579797870367963 -0.4483279464678466
1403638209.395097017 -4.278212678282225 -9.680341042014657 2.1886790358374038 -0.5160738344424309 0.6363265404504588 -0.36117151704548006 -0.4453217562588843
1403638209.595097065 -4.125858326837028 -9.620833759723832 2.1140207025094666 -0.5133600202791684 0.634380795523821 -0.36490534289408977 -0.448181421499235
1403638209.795097113 -3.9826822119184317 -9.549939571728228 1.97310867518559 -0.5138520091668731 0.6350082647992513 -0.36157394669247733 -0.44942729933242087
1403638209.995097160 -3.8463691856263926 -9.464259670743957 1.7800552262360818 -0.5127823499830078 0.6291329033265162 -0.3618886063513467 -0.45856590375990436
1403638210.195096970 -3.7138167571738427 -9.361794376938624 1.5899063222176755 -0.5069118027440561 0.621712876320441 -0.369880268246855 -0.46872391748019093
1403638210.395097017 -3.5807664441990337 -9.224263263793045 1.4189448672866287 -0.5066272672474424 0.6227016107007913 -0.36984352263580483 -0.4677470308581053
1403638210.595097065 -3.4502731099934305 -9.059515590277766 1.2407041183228111 -0.505314443396594 0.6225594035405411 -0.3706839907932954 -0.46869017626551285
1403638210.795097113 -3.3235359750597784 -8.86784932878264 1.0529527633218347 -0.5025688283219568 0.6231034233134113 -0.3734252843653614 -0.4687432705128188
1403638210.995097160 -3.2014667689381104 -8.650113220479652 0.8937913754504407 -0.5053561696772331 0.6296295985608568 -0.3698334919367548 -0.4597878843850854
1403638211.195096970 -3.0904772735031147 -8.421694588479752 0.7733168646819542 -0.5078727095758017 0.6353197319800673 -0.36731912757606167 -0.45112172142544926
1403638211.395097017 -3.0079754297777006 -8.208592957425893 0.6827820126216124 -0.5048595399640591 0.6396188095433666 -0.36242927955910653 -0.45238218433539773
1403638211.595097065 -2.9317765790090515 -7.965245125912077 0.5772559005779949 -0.48453157024263166 0.6556520979406784 -0.35095431667114846 -0.46063060201671346
1403638211.795097113 -2.870625970855104 -7.70817135858322 0.4519633889124147 -0.4472712468436458 0.6807976204574665 -0.3339820782977114 -0.47425626311364555
1403638211.995097160 -2.8261827401782362 -7.436496243338294 0.3322833738580765 -0.40360533609900806 0.7085848355274571 -0.310951237629495 -0.48817987601888746
1403638212.195096970 -2.802048740436883 -7.153652394619198 0.2477078690668326 0.36662970021121727 -0.7274850126685868 0.27996998532301093 0.5079025758785579
1403638212.395097017 -2.7859219159559507 -6.852470707442875 0.19737782786638752 0.3296213979408271 -0.7439263943673146 0.24801940061054836 0.5257467362754245
1403638212.595097065 -2.7738534742502012 -6.531359351218606 0.17576129008675923 0.2891610815514168 -0.7598107843501858 0.22022579030530462 0.539049202008444
1403638212.795097113 -2.7634044951479124 -6.199677927923778 0.18035728725907735 0.24706767316871467 -0.7746712999400552 0.19003329769605576 0.550208403872004
1403638212.995097160 -2.757330221471409 -5.865172624554602 0.20555619845557738 0.19954514185774935 -0.789296537304121 0.15757620742803807 0.5588939536386099
1403638213.195096970 -2.7555785167740185 -5.538826078673434 0.2484947491366663 0.14517028115327557 -0.8039173653087213 0.12665201655180222 0.5626737295528477
1403638213.395097017 -2.7620710687504593 -5.2057419795913304 0.27302303986627635 0.08372311223306714 -0.8246294430314979 0.1043954733411641 0.5496165093136811
1403638213.595097065 -2.8004114717929527 -4.856262286905071 0.28202389511671816 0.03115057947450268 -0.8293815927226929 0.07880320257739272 0.5522190419711062
1403638213.795097113 -2.8635511178161175 -4.493491118394271 0.29421518505910094 0.022725544063799907 -0.8131326498330754 0.03719105844579652 0.5804443716626365
1403638213.995097160 -2.9319332414109396 -4.118490580123409 0.3264894775615774 0.022119492334599672 -0.8102997935193431 0.021919303932570675 0.5851875911168862
1403638214.195096970 -2.9979057504156246 -3.74187021902097 0.3736368007078149 0.027173804019413928 -0.8228457259706012 0.018648137653330666 0.5673083311479366
1403638214.395097017 -3.076542110159424 -3.378195042264351 0.4163047378045485 0.034432788570285776 -0.8315265474556707 0.0209455572197696 0.5540209992241188
1403638214.595097065 -3.178944806680415 -3.0176802008957626 0.439323788659557 0.04255404765730494 -0.8229532636745664 0.02392321879388944 0.5660077370837451
1403638214.795097113 -3.2872681811055346 -2.67228150670129 0.4405716584984819 0.04880985816052811 -0.8106513460496058 0.02817932648799454 0.5828103623424142
1403638214.995097160 -3.3878831111237355 -2.335969973966796 0.41963121501175643 0.05336561385788671 -0.8052951495360444 0.030624704109212437 0.5896727574597559
1403638215.195096970 -3.4801174403076827 -2.012796432141198 0.378100184351349 0.05624268856320344 -0.8061447831983444 0.030159333721292234 0.5882667448491778
1403638215.395097017 -3.5657916157183283 -1.6960493077321384 0.32695735674281307 0.06125148207692302 -0.8084018260175501 0.022088710004615597 0.5850186599809442
1403638215.595097065 -3.645254078315103 -1.4002381248475688 0.29781151342421985 0.06474056060075276 -0.8064601241218123 0.016904790751940655 0.587490388061673
1403638215.795097113 -3.7144751656950117 -1.1259226380420078 0.292829588894337 0.058990347193718366 -0.8056192029016734 0.022880905302453812 0.5890452470118633
1403638215.995097160 -3.771828253550653 -0.8625235857624638 0.2738784696420635 0.048395458533558026 -0.8060612021116802 0.020416007207115942 0.5894967384931147
1403638216.195096970 -3.8181296359249433 -0.6102949358093136 0.24468641397619212 0.044498253605091284 -0.8060113380383412 0.014446730065823782 0.5900482356306583
1403638216.395097017 -3.8526786189796125 -0.37216811531691074 0.23862135087226263 0.04297540303547348 -0.8034281073228693 0.010206481320093627 0.593761078917518
1403638216.595097065 -3.8748932861498364 -0.14835947826985216 0.24483847875913142 0.04293352098903896 -0.803563959965597 0.007396318409029094 0.5936219078627324
1403638216.795097113 -3.8886479375645893 0.06095179518276178 0.22481881401676057 0.04592145568755923 -0.804365942506162 0.0009690003450631382 0.5923560681572815
1403638216.995097160 -3.8934439078549095 0.25322072645560467 0.18753891615252272 0.030954428930522578 -0.8002435729817429 -0.0062229483886422346 0.5988433201974134
1403638217.195096970 -3.88045821224992 0.43079256867279436 0.1367189625915096 0.0013936902215929735 -0.8053616624164941 -0.016657439452019203 0.5925480402878484
1403638217.395097017 -3.859057834818012 0.5927835000276922 0.0945462413689247 -0.014501815666298141 -0.8085789640065678 -0.029387023763585467 0.5874743902022981
1403638217.595097065 -3.8297363276596945 0.7400513197806956 0.08680174191977309 -0.01736924164573247 -0.8099840855873066 -0.0414611141323269 0.5847264886728418
1403638217.795097113 -3.7979158998795324 0.8675819952280512 0.10910939138010031 -0.008842018182590491 -0.8111502116534663 -0.056515570429311296 0.582033627163309
1403638217.995097160 -3.7657216183942026 0.9618837992220419 0.1446903392793977 -0.0038197736825046997 -0.8090525065267647 -0.06003504682444557 0.5846496764434104
1403638218.195096970 -3.7367225691983403 1.027463142248492 0.15695396445786886 -0.0015400205589128422 -0.8057364511355157 -0.05757432734016942 0.589467214084343
1403638218.395097017 -3.7058428246646007 1.0643253709517662 0.15188086098137538 -0.002213605459083004 -0.7998715324327145 -0.048326480834773845 0.5982183404121894
1403638218.595097065 -3.6614933403745944 1.0760924115538084 0.16667350822280624 -0.004178250538005059 -0.8012971027139301 -0.04074870850784572 0.5968626627293975
1403638218.795097113 -3.6033353193481985 1.0738944246101074 0.19112485974665397 -0.011197599616986378 -0.8099599393639457 -0.04200579905628246 0.5848718006835745
1403638218.995097160 -3.5458829971814514 1.0605257506433492 0.19592948677212615 -0.03368818411152061 -0.8126887513346642 -0.036764727307508016 0.580560465870904
1403638219.195096970 -3.494259931238089 1.047836637046771 0.18371487033841222 -0.04861457356491285 -0.8083560230849787 -0.03201127352749928 0.5858092194113539
1403638219.395097017 -3.4411429995388785 1.04066143534336 0.16476498228637987 -0.043364440496012506 -0.7946002162305063 -0.04639566151290936 0.6038025043509455
1403638219.595097065 -3.3751536690490846 1.0277597920495205 0.15547859526777483 -0.04273996692501348 -0.7895848780469947 -0.048063675525952816 0.6102613363817762
1403638219.795097113 -3.2885246312782477 1.009035648386339 0.1527820059190265 -0.050514241440204284 -0.7962425362585167 -0.035565428665208426 0.601814950918462
1403638219.995097160 -3.185277207647031 1.0018074142820352 0.13182322383056935 -0.06085565615886977 -0.802548490910951 -0.020030782071399772 0.5931368110482392
1403638220.195096970 -3.0749891675289964 1.017935106344459 0.10182194361278346 -0.05710929540363429 -0.8069064145337512 -0.026039292082361692 0.5873351018213542
1403638220.395097017 -2.96003894222011 1.0534920062700217 0.10090676011897903 -0.04102504435525528 -0.808729664873791 -0.05070526180071356 0.5845530355026632
1403638220.595097065 -2.834427398191374 1.0847424259787677 0.12507447719796028 -0.039179101677598784 -0.808288336063449 -0.05519250806910271 0.5848835361244525
1403638220.795097113 -2.710032247123729 1.1040473159687851 0.13978553000005772 -0.04212684215609205 -0.8081421311539193 -0.05544668878189928 0.5848566403213439
1403638220.995097160 -2.591118449594401 1.1143383786570873 0.12644075354846798 -0.04531577749360724 -0.8090369796653084 -0.05478755848585183 0.5834414874520361
1403638221.195096970 -2.4753394877780375 1.1152535329650892 0.0987000530400497 -0.046766531992229056 -0.8108179439601125 -0.05535668484645417 0.5807949644077854
1403638221.395097017 -2.365520739491616 1.1074767100802014 0.09272242892831405 -0.050581360346487934 -0.8136456686747906 -0.05205859162055852 0.5768120620025824
1403638221.595097065 -2.2615654273138457 1.0977641553105353 0.08593237234627243 -0.05461949266484172 -0.8134968167152634 -0.04826038556324212 0.576984033922425
1403638221.795097113 -2.1658007408253153 1.0922547467843018 0.06713801266548444 -0.05659062264761304 -0.8097687083224792 -0.044930432072281895 0.5822829181118198
1403638221.995097160 -2.07737349641548 1.0900985363286166 0.06837101297517974 -0.051465604705814995 -0.8075739219545892 -0.05061487395921317 0.5853322019555646
1403638222.195096970 -1.99162499413771 1.0874842805456562 0.08599613158589603 -0.0487741561297324 -0.8128929301032916 -0.05498360288160779 0.577756842708954
1403638222.395097017 -1.9131257664751804 1.082544716230443 0.08619875989603817 -0.05054359772468858 -0.8194963903066889 -0.05387885515066388 0.5683028065846535
1403638222.595097065 -1.8523985932604137 1.078256260670468 0.06984330736615721 -0.05027380982618183 -0.8182173555412441 -0.05366584811834694 0.5701867061615654
1403638222.795097113 -1.8078170967776162 1.0745420120452656 0.04064166969332972 -0.05067759208199014 -0.8102874388837707 -0.05270724047208419 0.5814533470973446
1403638222.995097160 -1.7712340913785818 1.0690517565850721 0.004198618886316063 -0.04980007268548176 -0.7997992783872769 -0.0521674393236023 0.5959191432795309
1403638223.195096970 -1.7322211985052764 1.0610855643905583 -0.01866200470616858 -0.051114833132723976 -0.8116150153683206 -0.05121737112482234 0.5796939895828711
1403638223.395097017 -1.6961400467389627 1.0521173518199785 -0.027380844129365787 -0.057653605223306474 -0.8182498946094149 -0.043090059546578664 0.5703388629102017
1403638223.595097065 -1.6739632937493305 1.0547238611806216 -0.041884967275509485 -0.06595174016366087 -0.8112539690757076 -0.03059085027077183 0.5801565008762362
1403638223.795097113 -1.6451501263575148 1.0748784267586 -0.06289640904080737 -0.051669808209388296 -0.8107970865772766 -0.05237694041727092 0.5806849157941721
1403638223.995097160 -1.6156988984413219 1.0929633534311367 -0.0897485493435815 -0.0449810514554801 -0.8112116081071054 -0.061649102675482806 0.5797515157569764
1403638224.195096970 -1.5952391865811244 1.0993923997207715 -0.12647470637620145 -0.04642750946788591 -0.8217604502927954 -0.059740182775798935 0.5647878887353515
1403638224.395097017 -1.5870063663260152 1.0975243663296206 -0.15362786946026602 -0.049061538509835106 -0.8152841883890938 -0.05603599577205136 0.5742513602775433
1403638224.595097065 -1.5859359049206976 1.0929203158230165 -0.1821876892210164 -0.05125622564904766 -0.8041464113126119 -0.0514770972480004 0.5899758104915028
1403638224.795097113 -1.5781543675227319 1.084401651970263 -0.20588951291972268 -0.05103625505840554 -0.8206135989504925 -0.05321668183128629 0.5667068083789272
1403638224.995097160 -1.5810963163587683 1.073334464096818 -0.21003889418776103 -0.05821918817493687 -0.8094055337581093 -0.04015235165504385 0.5829759829594424
1403638225.195096970 -1.5861301902139182 1.070064344022362 -0.20352733556765396 -0.05327527111983284 -0.8082950775523277 -0.044586474328890985 0.5846647410265605
1403638225.395097017 -1.5895451187650782 1.0700711086542172 -0.19355130981504687 -0.04773197241526712 -0.8147329632125666 -0.05094139030472843 0.5756186517296258
1403638225.595097065 -1.601402231098772 1.0689210678824006 -0.19730951293036175 -0.04508515400336767 -0.795563785777521 -0.054253818873838046 0.6017492125348577
1403638225.795097113 -1.5973927461333288 1.0633603884287646 -0.2363199219596521 -0.04438754892616155 -0.797070544260093 -0.054712793030776384 0.5997622889553104
1403638225.995097160 -1.5815650695185777 1.0514892521779857 -0.30453949677783754 -0.046899920801068695 -0.8184665395949191 -0.052153931997093284 0.5702568617479661
1403638226.195096970 -1.589678207220648 1.0298370504929613 -0.2990907596952012 -0.05421189554161774 -0.8279945630457622 -0.03308425866145237 0.5571279079155417
1403638226.395097017 -1.5884654366513735 1.020268553003541 -0.29793758664445663 -0.0416381860578252 -0.8234933713537053 -0.0520289537886241 0.5633985416799021
1403638226.595097065 -1.5860228662790512 1.0252878629465392 -0.28405587123473647 -0.04375155922683237 -0.8230160819485342 -0.05190924454272961 0.5639465934389231
1403638226.795097113 -1.586054604781601 1.03210512327284 -0.2758528701752201 -0.04341521478623411 -0.823089662518268 -0.052078314827084256 0.5638496038009254
1403638226.995097160 -1.586768650655736 1.0320264568401771 -0.27441581219475325 -0.044284186636456356 -0.8234159953565511 -0.05088588770983711 0.5634142666262317
1403638227.195096970 -1.5863163988818954 1.0300713798974483 -0.2773903056971146 -0.044249367544519816 -0.8233595724188403 -0.05095548496360816 0.5634931645826459
1403638227.395097017 -1.5867052727090971 1.0301108060527855 -0.2803676174679895 -0.04383129770257485 -0.8234039121579773 -0.05138686222310485 0.5634218714041722
1403638227.595097065 -1.5865272576779346 1.029253341894832 -0.28417398765995955 -0.04405827689525917 -0.8234388486774766 -0.050967798374693916 0.5633911733916686
1403638227.795097113 -1.5873841153806434 1.027300571461848 -0.2889985775019203 -0.044230829574168594 -0.8235061651051302 -0.05074566811360541 0.5632993049150709
1403638227.995097160 -1.5873318160119354 1.0253648308113161 -0.2935755644503018 -0.04419737442913782 -0.82353915987668 -0.050779328344982416 0.5632506582837637
1403638228.195096970 -1.5869901516858422 1.0240397836276423 -0.29737122017060535 -0.044226719911541465 -0.823569754200587 -0.05073340847089061 0.5632077578281905
1403638228.395097017 -1.5881423064670754 1.022839439308275 -0.30096597467771413 -0.04439459001633526 -0.8236091285881139 -0.05048874001223412 0.563158956971005
1403638228.595097065 -1.5894748115898143 1.0221912306676715 -0.3038838577316658 -0.04434215105445988 -0.8236495283387735 -0.05035651947810912 0.5631158398183427
1403638228.795097113 -1.5904364523478371 1.0216335276154191 -0.30600612796169335 -0.04439018202356304 -0.8237060222046871 -0.05034284058404433 0.5630306378223712
