1403636884.951666594 0.1632 -0.11457 -0.02257 -0.15379 0.78136 0.15321 0.5851
1403636885.051666498 0.16323 -0.11463 -0.02255 -0.15364 0.78141 0.15325 0.58507
1403636885.151666403 0.16323 -0.11467 -0.02253 -0.15343 0.7815 0.15321 0.58502
1403636885.251666546 0.16323 -0.11467 -0.02251 -0.15347 0.78153 0.15313 0.58499
1403636885.351666451 0.16323 -0.11465 -0.02252 -0.15351 0.78158 0.15305 0.58493
1403636885.451666594 0.1632 -0.11467 -0.02253 -0.15347 0.78153 0.15295 0.58503
1403636885.551666498 0.16322 -0.11467 -0.02251 -0.15339 0.78161 0.15294 0.58495
1403636885.651666403 0.16318 -0.11471 -0.02249 -0.15323 0.78165 0.15301 0.58493
1403636885.751666546 0.16321 -0.11469 -0.0225 -0.15331 0.78163 0.15295 0.58494
1403636885.851666451 0.1632 -0.11468 -0.02249 -0.15325 0.78164 0.15294 0.58495
1403636885.951666594 0.16319 -0.11472 -0.02249 -0.15308 0.78173 0.15298 0.58486
1403636886.051666498 0.16323 -0.11467 -0.02249 -0.15325 0.78179 0.15285 0.58476
1403636886.151666403 0.16318 -0.11465 -0.0225 -0.15329 0.78181 0.15274 0.58476
1403636886.251666546 0.16319 -0.11464 -0.0225 -0.15334 0.78183 0.15269 0.58473
1403636886.351666451 0.16324 -0.11465 -0.02252 -0.15335 0.78189 0.15269 0.58466
1403636886.451666594 0.16324 -0.11467 -0.02252 -0.15317 0.78189 0.15278 0.58468
1403636886.551666498 0.16323 -0.11467 -0.02253 -0.15319 0.78187 0.15274 0.5847
1403636886.651666403 0.16323 -0.11467 -0.02254 -0.15321 0.78188 0.15274 0.58469
1403636886.751666546 0.16325 -0.11466 -0.02253 -0.15322 0.78192 0.15272 0.58464
1403636886.851666451 0.16325 -0.11468 -0.02253 -0.15315 0.78194 0.15275 0.58462
1403636886.951666594 0.16325 -0.11468 -0.02255 -0.15313 0.78192 0.15278 0.58465
1403636887.051666498 0.16325 -0.11466 -0.02255 -0.15316 0.78193 0.15275 0.58463
1403636887.151666403 0.16323 -0.11469 -0.02255 -0.15318 0.78197 0.15271 0.58458
1403636887.251666546 0.16323 -0.11469 -0.02255 -0.15316 0.78197 0.15273 0.58458
1403636887.351666451 0.16321 -0.11467 -0.02255 -0.15315 0.78196 0.15268 0.58461
1403636887.451666594 0.16322 -0.11466 -0.02256 -0.15315 0.78199 0.15269 0.58457
1403636887.551666498 0.16325 -0.11468 -0.02257 -0.15311 0.78204 0.15273 0.58451
1403636887.651666403 0.16324 -0.11468 -0.02257 -0.15304 0.78201 0.15272 0.58456
1403636887.751666546 0.16325 -0.11469 -0.02257 -0.15301 0.78205 0.15276 0.5845
1403636887.851666451 0.16325 -0.1147 -0.02258 -0.15298 0.78203 0.15277 0.58454
1403636887.951666594 0.16325 -0.11468 -0.02257 -0.153 0.78209 0.15273 0.58446
1403636888.051666498 0.16326 -0.11469 -0.02257 -0.153 0.78212 0.15271 0.58443
1403636888.151666403 0.16326 -0.1147 -0.02259 -0.15303 0.78212 0.15268 0.58442
1403636888.251666546 0.16328 -0.11471 -0.02261 -0.1531 0.78213 0.15266 0.5844
1403636888.351666451 0.16326 -0.1147 -0.02261 -0.15313 0.78213 0.15263 0.58441
1403636888.451666594 0.16326 -0.11469 -0.02261 -0.15313 0.78219 0.15259 0.58434
1403636888.551666498 0.16326 -0.1147 -0.0226 -0.15308 0.78219 0.15259 0.58434
1403636888.651666403 0.16321 -0.1147 -0.02254 -0.15304 0.78213 0.15247 0.58447
1403636888.751666546 0.16309 -0.11459 -0.0225 -0.15301 0.78195 0.15268 0.58466
1403636888.851666451 0.16311 -0.11456 -0.02259 -0.15294 0.78209 0.15275 0.58448
1403636888.951666594 0.16305 -0.11455 -0.02256 -0.15293 0.78208 0.15275 0.58449
1403636889.051666498 0.163 -0.11452 -0.02249 -0.15302 0.78204 0.15273 0.58453
1403636889.151666403 0.16306 -0.11455 -0.02252 -0.15306 0.7821 0.15254 0.58449
1403636889.251666546 0.16308 -0.11457 -0.02256 -0.15306 0.78224 0.15226 0.58437
1403636889.351666451 0.16315 -0.11459 -0.0226 -0.15307 0.78215 0.15233 0.58447
1403636889.451666594 0.16318 -0.11458 -0.02257 -0.1531 0.78215 0.15243 0.58444
1403636889.551666498 0.16319 -0.11459 -0.0226 -0.15294 0.78215 0.15243 0.58448
1403636889.651666403 0.16314 -0.11468 -0.02255 -0.15296 0.78209 0.15232 0.58458
1403636889.751666546 0.1631 -0.11466 -0.02253 -0.15278 0.78202 0.1524 0.58471
1403636889.851666451 0.16312 -0.1147 -0.02253 -0.15274 0.78205 0.15244 0.58466
1403636889.951666594 0.1631 -0.11466 -0.02252 -0.15276 0.78205 0.15267 0.5846
1403636890.051666498 0.16312 -0.1148 -0.02254 -0.15256 0.78228 0.15222 0.58446
1403636890.151666403 0.16312 -0.11479 -0.02241 -0.15264 0.78196 0.15201 0.58492
1403636890.251666546 0.16304 -0.11462 -0.02235 -0.15301 0.78189 0.15274 0.58473
1403636890.351666451 0.16298 -0.11464 -0.02246 -0.15281 0.78236 0.15255 0.5842
1403636890.451666594 0.163 -0.11473 -0.02243 -0.15246 0.78219 0.15183 0.5847
1403636890.551666498 0.16303 -0.11465 -0.02236 -0.15284 0.78177 0.15232 0.58505
1403636890.651666403 0.16299 -0.11456 -0.02243 -0.15301 0.78204 0.15292 0.58448
1403636890.751666546 0.16298 -0.11469 -0.02248 -0.15269 0.78236 0.15239 0.58427
1403636890.851666451 0.16306 -0.11477 -0.02237 -0.15252 0.7821 0.15197 0.58477
1403636890.951666594 0.16309 -0.11476 -0.02236 -0.15269 0.78211 0.15221 0.58466
1403636891.051666498 0.16307 -0.11473 -0.02239 -0.1527 0.78215 0.15226 0.58458
1403636891.151666403 0.16304 -0.1147 -0.0224 -0.15274 0.78209 0.15223 0.58467
1403636891.251666546 0.16302 -0.11468 -0.02239 -0.15278 0.78209 0.15231 0.58463
1403636891.351666451 0.16305 -0.11468 -0.02242 -0.15276 0.78208 0.15233 0.58465
1403636891.451666594 0.16304 -0.11469 -0.02242 -0.15273 0.78207 0.1523 0.58467
1403636891.551666498 0.16304 -0.1147 -0.02241 -0.15272 0.78211 0.15235 0.58461
1403636891.651666403 0.16305 -0.1147 -0.0224 -0.15271 0.78216 0.15227 0.58457
1403636891.751666546 0.16306 -0.11472 -0.02243 -0.15268 0.78212 0.15229 0.58462
1403636891.851666451 0.16304 -0.11472 -0.02242 -0.1526 0.78211 0.15239 0.58463
1403636891.951666594 0.16305 -0.11472 -0.02242 -0.15263 0.78213 0.15233 0.58462
1403636892.051666498 0.16304 -0.11471 -0.02243 -0.15266 0.78211 0.1523 0.58464
1403636892.151666403 0.16304 -0.11471 -0.02245 -0.15273 0.78211 0.15228 0.58463
1403636892.251666546 0.16306 -0.11472 -0.02243 -0.15264 0.78212 0.15233 0.58463
1403636892.351666451 0.16306 -0.11475 -0.02242 -0.15256 0.78211 0.15226 0.58468
1403636892.451666594 0.16309 -0.11477 -0.02242 -0.15241 0.78202 0.15225 0.58483
1403636892.551666498 0.16309 -0.11476 -0.02241 -0.15246 0.78213 0.15225 0.58468
1403636892.651666403 0.16308 -0.11475 -0.02243 -0.15251 0.78215 0.15222 0.58465
1403636892.751666546 0.16308 -0.11474 -0.02243 -0.15246 0.78213 0.15229 0.58467
1403636892.851666451 0.16308 -0.11474 -0.02243 -0.15248 0.78214 0.15234 0.58464
1403636892.951666594 0.16308 -0.11474 -0.02243 -0.15245 0.78213 0.15236 0.58465
1403636893.051666498 0.16309 -0.11474 -0.02244 -0.15248 0.78211 0.1523 0.58468
1403636893.151666403 0.16308 -0.11474 -0.02245 -0.15248 0.78208 0.15229 0.58473
1403636893.251666546 0.16307 -0.11473 -0.02246 -0.15247 0.78209 0.15234 0.5847
1403636893.351666451 0.16307 -0.11474 -0.02248 -0.15251 0.78208 0.1523 0.58472
1403636893.451666594 0.16306 -0.11475 -0.02246 -0.15248 0.78208 0.1523 0.58473
1403636893.551666498 0.16307 -0.11475 -0.02246 -0.1524 0.78211 0.15234 0.5847
1403636893.651666403 0.16309 -0.11475 -0.02248 -0.15238 0.78206 0.15241 0.58476
1403636893.751666546 0.16307 -0.11474 -0.02245 -0.15238 0.78208 0.1524 0.58472
1403636893.851666451 0.16308 -0.11475 -0.02246 -0.15236 0.78215 0.1524 0.58464
1403636893.951666594 0.16309 -0.11474 -0.02245 -0.15248 0.78219 0.15231 0.58458
1403636894.051666498 0.16308 -0.11475 -0.02247 -0.15247 0.78216 0.15226 0.58463
1403636894.151666403 0.16307 -0.11475 -0.02247 -0.15247 0.78219 0.15222 0.5846
1403636894.251666546 0.16307 -0.11475 -0.02249 -0.1525 0.78221 0.15216 0.58458
1403636894.351666451 0.16306 -0.11473 -0.02248 -0.15247 0.7822 0.1522 0.5846
1403636894.451666594 0.16268 -0.11436 -0.02247 -0.15305 0.78094 0.15356 0.58577
1403636894.551666498 0.16267 -0.11432 -0.02246 -0.15322 0.78082 0.15372 0.58585
1403636894.651666403 0.16266 -0.1143 -0.02247 -0.1533 0.78084 0.15376 0.58579
1403636894.751666546 0.16266 -0.11431 -0.02246 -0.15334 0.78081 0.15378 0.58582
1403636894.851666451 0.16269 -0.11431 -0.02247 -0.15328 0.78084 0.15376 0.58579
1403636894.951666594 0.1627 -0.11431 -0.02245 -0.15325 0.78084 0.15367 0.58583
1403636895.051666498 0.16273 -0.11432 -0.02245 -0.15329 0.78085 0.15376 0.58577
1403636895.151666403 0.16272 -0.11436 -0.02243 -0.15309 0.78074 0.15388 0.58595
1403636895.251666546 0.16272 -0.11435 -0.02244 -0.1531 0.7808 0.15376 0.58589
1403636895.351666451 0.1627 -0.11433 -0.02243 -0.15312 0.7808 0.15377 0.58588
1403636895.451666594 0.16269 -0.11433 -0.02244 -0.15316 0.78078 0.1538 0.58589
1403636895.551666498 0.16269 -0.11433 -0.02243 -0.15317 0.78078 0.15376 0.58589
1403636895.651666403 0.1627 -0.11434 -0.02241 -0.15314 0.78074 0.1539 0.58592
1403636895.751666546 0.16268 -0.11432 -0.02242 -0.15318 0.78073 0.15386 0.58593
1403636895.851666451 0.16269 -0.11431 -0.02237 -0.15319 0.7807 0.15385 0.58598
1403636895.951666594 0.16272 -0.11432 -0.02237 -0.15317 0.78069 0.15405 0.58594
1403636896.051666498 0.16279 -0.11436 -0.02239 -0.15312 0.78093 0.15404 0.58564
1403636896.151666403 0.16305 -0.11441 -0.02255 -0.15329 0.78151 0.15407 0.58481
1403636896.251666546 0.1632 -0.11449 -0.02263 -0.15335 0.78189 0.15406 0.58429
1403636896.351666451 0.16304 -0.11443 -0.02249 -0.15323 0.78153 0.15416 0.58479
1403636896.451666594 0.16297 -0.11444 -0.02248 -0.15314 0.78121 0.15431 0.58518
1403636896.551666498 0.16294 -0.11443 -0.02244 -0.1532 0.78121 0.15428 0.58518
1403636896.651666403 0.16296 -0.11438 -0.02239 -0.15333 0.78125 0.15427 0.5851
1403636896.751666546 0.1632 -0.1145 -0.02256 -0.15342 0.7818 0.15439 0.5843
1403636896.851666451 0.16303 -0.11442 -0.02241 -0.15347 0.78153 0.15437 0.58467
1403636896.951666594 0.16311 -0.11452 -0.02244 -0.15335 0.78162 0.15471 0.58448
1403636897.051666498 0.16268 -0.11453 -0.02212 -0.1536 0.78092 0.15547 0.58515
1403636897.151666403 0.16169 -0.11474 -0.02178 -0.15507 0.78009 0.15894 0.58493
1403636897.251666546 0.16024 -0.11607 -0.02234 -0.15586 0.78077 0.1598 0.58358
1403636897.351666451 0.15675 -0.12145 -0.02278 -0.15349 0.78248 0.15707 0.58267
1403636897.451666594 0.1501 -0.13165 -0.02346 -0.14653 0.78752 0.15492 0.57822
1403636897.551666498 0.1411 -0.14473 -0.024 -0.13787 0.79363 0.15328 0.57241
1403636897.651666403 0.12934 -0.15991 -0.02188 -0.12627 0.80313 0.15515 0.56122
1403636897.751666546 0.11664 -0.17677 -0.01373 -0.11507 0.81266 0.16021 0.54833
1403636897.851666451 0.10593 -0.19227 0.00141 -0.1088 0.81931 0.16421 0.53845
1403636897.951666594 0.0999 -0.20404 0.02336 -0.10756 0.81954 0.16656 0.53762
1403636898.051666498 0.10036 -0.21149 0.04298 -0.11091 0.81256 0.16716 0.54726
1403636898.151666403 0.10161 -0.21785 0.05529 -0.11577 0.80804 0.16782 0.55273
1403636898.251666546 0.10517 -0.22243 0.06834 -0.11832 0.80603 0.16989 0.55448
1403636898.351666451 0.11181 -0.22357 0.08409 -0.11965 0.80563 0.17213 0.55408
1403636898.451666594 0.11905 -0.2231 0.10317 -0.12246 0.80529 0.17478 0.55314
1403636898.551666498 0.12726 -0.22172 0.12421 -0.12573 0.80499 0.1769 0.55217
1403636898.651666403 0.13656 -0.21924 0.14459 -0.12612 0.80472 0.17995 0.55149
1403636898.751666546 0.1473 -0.21499 0.16297 -0.12744 0.80499 0.18167 0.55022
1403636898.851666451 0.15994 -0.20944 0.17972 -0.13045 0.80504 0.18168 0.54944
1403636898.951666594 0.17462 -0.20258 0.19426 -0.13537 0.80629 0.1798 0.54704
1403636899.051666498 0.19245 -0.19585 0.20605 -0.13962 0.8073 0.17338 0.54654
1403636899.151666403 0.21406 -0.1916 0.21691 -0.13576 0.80709 0.16357 0.55083
1403636899.251666546 0.23802 -0.19031 0.22809 -0.12668 0.80421 0.14979 0.56104
1403636899.351666451 0.26204 -0.19219 0.23783 -0.11365 0.8017 0.13106 0.572
1403636899.451666594 0.28506 -0.19696 0.24672 -0.09842 0.80206 0.11022 0.57867
1403636899.551666498 0.30396 -0.20372 0.25282 -0.09131 0.80892 0.09011 0.57375
1403636899.651666403 0.32233 -0.21296 0.25844 -0.0863 0.81453 0.07579 0.56863
1403636899.751666546 0.34275 -0.22474 0.26454 -0.08025 0.81823 0.06698 0.56531
1403636899.851666451 0.36469 -0.23964 0.26896 -0.07142 0.81986 0.0644 0.56444
1403636899.951666594 0.38889 -0.25662 0.27091 -0.06346 0.81815 0.06471 0.56782
1403636900.051666498 0.41431 -0.27395 0.27069 -0.05921 0.81376 0.06513 0.5745
1403636900.151666403 0.4388 -0.29131 0.27331 -0.05789 0.80852 0.06548 0.58194
1403636900.251666546 0.46072 -0.30934 0.28448 -0.05676 0.80715 0.06754 0.58372
1403636900.351666451 0.47901 -0.32785 0.30479 -0.05773 0.81011 0.06953 0.57927
1403636900.451666594 0.49705 -0.34598 0.33079 -0.05889 0.81485 0.07262 0.57208
1403636900.551666498 0.51435 -0.36446 0.35472 -0.06039 0.81716 0.07553 0.56824
1403636900.651666403 0.53271 -0.38287 0.37338 -0.06218 0.81993 0.0778 0.56373
1403636900.751666546 0.54964 -0.40174 0.38457 -0.0644 0.82505 0.07892 0.55581
1403636900.851666451 0.57315 -0.41956 0.3912 -0.06946 0.82575 0.0774 0.55436
1403636900.951666594 0.59521 -0.44013 0.39287 -0.07818 0.82336 0.07296 0.55735
1403636901.051666498 0.62576 -0.46288 0.39131 -0.08231 0.82138 0.07032 0.56001
1403636901.151666403 0.65678 -0.48971 0.38613 -0.08522 0.82022 0.06829 0.56153
1403636901.251666546 0.69104 -0.51998 0.38079 -0.0838 0.81934 0.06904 0.56293
1403636901.351666451 0.72505 -0.55523 0.38109 -0.07996 0.81853 0.07153 0.56436
1403636901.451666594 0.76295 -0.59351 0.38787 -0.07522 0.81795 0.07435 0.56548
1403636901.551666498 0.80377 -0.63208 0.3991 -0.06988 0.81735 0.07742 0.56663
1403636901.651666403 0.844 -0.67124 0.40527 -0.06785 0.81567 0.07853 0.56914
1403636901.751666546 0.88507 -0.71033 0.40367 -0.06946 0.81451 0.07734 0.57075
1403636901.851666451 0.92487 -0.75076 0.39704 -0.06854 0.81444 0.07782 0.57091
1403636901.951666594 0.96494 -0.79062 0.38437 -0.06779 0.8144 0.07872 0.57093
1403636902.051666498 1.00299 -0.83236 0.37253 -0.06705 0.81381 0.08044 0.57162
1403636902.151666403 1.04297 -0.87242 0.36495 -0.06672 0.81318 0.08161 0.57238
1403636902.251666546 1.0807 -0.91358 0.36452 -0.06777 0.81343 0.08094 0.572
1403636902.351666451 1.1181 -0.95301 0.36071 -0.06956 0.81397 0.07856 0.57135
1403636902.451666594 1.15461 -0.99354 0.34356 -0.06829 0.81489 0.07698 0.5704
1403636902.551666498 1.18659 -1.03627 0.3169 -0.06338 0.81473 0.07754 0.57113
1403636902.651666403 1.22303 -1.07388 0.28963 -0.05652 0.81467 0.07902 0.57173
1403636902.751666546 1.25439 -1.11162 0.27045 -0.05386 0.81366 0.07791 0.57358
1403636902.851666451 1.28486 -1.14715 0.2599 -0.05526 0.81269 0.07657 0.57499
1403636902.951666594 1.31775 -1.18247 0.25732 -0.05735 0.81081 0.07701 0.57738
1403636903.051666498 1.34522 -1.21806 0.25916 -0.05936 0.81137 0.07773 0.57629
1403636903.151666403 1.37659 -1.25278 0.27086 -0.06142 0.81223 0.07913 0.57467
1403636903.251666546 1.40629 -1.28804 0.29088 -0.0631 0.8134 0.08085 0.57259
1403636903.351666451 1.4318 -1.32266 0.31435 -0.06236 0.81449 0.08345 0.57075
1403636903.451666594 1.45812 -1.3552 0.33341 -0.06054 0.81502 0.08654 0.56972
1403636903.551666498 1.48367 -1.38582 0.3454 -0.06061 0.81476 0.08765 0.56992
1403636903.651666403 1.50999 -1.41736 0.34999 -0.06254 0.81701 0.08717 0.56655
1403636903.751666546 1.53572 -1.44459 0.34852 -0.06577 0.82004 0.08559 0.56204
1403636903.851666451 1.56391 -1.47161 0.34778 -0.07183 0.8219 0.08186 0.55913
1403636903.951666594 1.59563 -1.49988 0.35594 -0.07546 0.82074 0.07927 0.56072
1403636904.051666498 1.62969 -1.52925 0.36955 -0.07802 0.81844 0.07738 0.56398
1403636904.151666403 1.66678 -1.56024 0.38998 -0.08016 0.81811 0.07551 0.56441
1403636904.251666546 1.70349 -1.59458 0.41669 -0.08063 0.81704 0.07407 0.5661
1403636904.351666451 1.74024 -1.63141 0.44231 -0.08059 0.81615 0.07315 0.5675
1403636904.451666594 1.77664 -1.66908 0.46151 -0.07648 0.81533 0.07434 0.56909
1403636904.551666498 1.81438 -1.70993 0.47647 -0.07364 0.81531 0.07445 0.56948
1403636904.651666403 1.85328 -1.75205 0.48825 -0.06912 0.8154 0.07581 0.56973
1403636904.751666546 1.89119 -1.79609 0.49821 -0.06533 0.81525 0.07631 0.57033
1403636904.851666451 1.93038 -1.83845 0.50866 -0.06131 0.8154 0.07684 0.57049
1403636904.951666594 1.96857 -1.88172 0.51252 -0.05676 0.81584 0.07779 0.5702
1403636905.051666498 2.00772 -1.92172 0.5144 -0.0552 0.81573 0.07646 0.5707
1403636905.151666403 2.04553 -1.96231 0.5149 -0.05218 0.8149 0.07588 0.57224
1403636905.251666546 2.08693 -2.00126 0.52147 -0.04884 0.81541 0.07599 0.5718
1403636905.351666451 2.12376 -2.03627 0.53134 -0.04658 0.81728 0.07511 0.56942
1403636905.451666594 2.16295 -2.06879 0.54955 -0.04473 0.81891 0.0776 0.56688
1403636905.551666498 2.19903 -2.09617 0.56947 -0.04516 0.81886 0.08423 0.56598
1403636905.651666403 2.23332 -2.12064 0.58298 -0.04734 0.81856 0.08928 0.56546
1403636905.751666546 2.27074 -2.14265 0.58893 -0.05298 0.81854 0.09055 0.56479
1403636905.851666451 2.30943 -2.16142 0.58745 -0.05711 0.81908 0.09143 0.56346
1403636905.951666594 2.34759 -2.17834 0.58105 -0.06007 0.82059 0.09249 0.56078
1403636906.051666498 2.38791 -2.19278 0.56938 -0.05931 0.82294 0.09561 0.55688
1403636906.151666403 2.43128 -2.20523 0.55607 -0.05978 0.82369 0.09761 0.55537
1403636906.251666546 2.47963 -2.21444 0.55206 -0.06192 0.82016 0.09772 0.56032
1403636906.351666451 2.52613 -2.21942 0.55375 -0.06655 0.81504 0.09526 0.56763
1403636906.451666594 2.57157 -2.22381 0.56056 -0.0758 0.81304 0.08882 0.57037
1403636906.551666498 2.61817 -2.22888 0.56926 -0.0854 0.81444 0.08177 0.56807
1403636906.651666403 2.66358 -2.23803 0.57438 -0.08527 0.81705 0.08139 0.56439
1403636906.751666546 2.71007 -2.24939 0.57426 -0.07711 0.81591 0.08656 0.56644
1403636906.851666451 2.7561 -2.26326 0.5684 -0.0709 0.81582 0.09153 0.5666
1403636906.951666594 2.80331 -2.27442 0.56141 -0.06715 0.81578 0.09569 0.56643
1403636907.051666498 2.8507 -2.28603 0.56113 -0.06664 0.81562 0.09834 0.56626
1403636907.151666403 2.89982 -2.2947 0.56466 -0.06556 0.81731 0.10064 0.56354
1403636907.251666546 2.94721 -2.30335 0.56385 -0.06677 0.82084 0.10121 0.55813
1403636907.351666451 2.99715 -2.30956 0.55774 -0.07024 0.82285 0.10064 0.55484
1403636907.451666594 3.05361 -2.31285 0.55542 -0.0755 0.82425 0.0979 0.55256
1403636907.551666498 3.10807 -2.31815 0.56104 -0.08289 0.82481 0.09335 0.55146
1403636907.651666403 3.1694 -2.32359 0.57487 -0.0857 0.82435 0.09177 0.55197
1403636907.751666546 3.23193 -2.33307 0.59554 -0.08782 0.82411 0.09056 0.55221
1403636907.851666451 3.30407 -2.34524 0.61748 -0.08975 0.82373 0.08898 0.55272
1403636907.951666594 3.37575 -2.35915 0.627 -0.08721 0.82068 0.09144 0.55724
1403636908.051666498 3.45391 -2.37534 0.62477 -0.08002 0.81703 0.09796 0.56255
1403636908.151666403 3.53274 -2.39129 0.62262 -0.0782 0.8142 0.10165 0.56624
1403636908.251666546 3.60945 -2.40773 0.62546 -0.0779 0.81218 0.10496 0.56857
1403636908.351666451 3.68099 -2.424 0.62687 -0.07821 0.81212 0.10757 0.56813
1403636908.451666594 3.75183 -2.43902 0.624 -0.07997 0.81276 0.10918 0.56666
1403636908.551666498 3.82037 -2.45481 0.61593 -0.0815 0.81329 0.11091 0.56534
1403636908.651666403 3.88977 -2.46929 0.60792 -0.08217 0.81373 0.11357 0.56409
1403636908.751666546 3.95893 -2.48559 0.60818 -0.08414 0.81611 0.1143 0.5602
1403636908.851666451 4.02983 -2.49809 0.61639 -0.08725 0.81909 0.11341 0.55553
1403636908.951666594 4.10406 -2.51207 0.63503 -0.08817 0.8208 0.11403 0.55272
1403636909.051666498 4.17784 -2.5234 0.65551 -0.09043 0.82092 0.11277 0.55244
1403636909.151666403 4.2582 -2.53752 0.67564 -0.09269 0.82143 0.11108 0.55166
1403636909.251666546 4.33789 -2.55033 0.68837 -0.09206 0.82204 0.11081 0.55091
1403636909.351666451 4.42151 -2.56604 0.6988 -0.09165 0.82154 0.10991 0.5519
1403636909.451666594 4.50859 -2.57945 0.70192 -0.08905 0.81943 0.11029 0.55537
1403636909.551666498 4.59845 -2.59554 0.70167 -0.08775 0.81715 0.11004 0.55898
1403636909.651666403 4.68782 -2.61118 0.6935 -0.09109 0.81609 0.10595 0.56078
1403636909.751666546 4.77777 -2.62731 0.68 -0.09106 0.81222 0.1042 0.5667
1403636909.851666451 4.86624 -2.64503 0.66153 -0.08107 0.80733 0.10993 0.57407
1403636909.951666594 4.9518 -2.66285 0.63717 -0.06713 0.80312 0.11908 0.57993
1403636910.051666498 5.03172 -2.67706 0.60973 -0.06116 0.79878 0.12305 0.58572
1403636910.151666403 5.10593 -2.68633 0.5837 -0.06785 0.80137 0.11926 0.58223
1403636910.251666546 5.17952 -2.69147 0.5651 -0.0747 0.80677 0.11545 0.57464
1403636910.351666451 5.24758 -2.69484 0.55505 -0.07922 0.81082 0.11315 0.56876
1403636910.451666594 5.31655 -2.69785 0.55263 -0.07994 0.81219 0.11433 0.56646
1403636910.551666498 5.38423 -2.69973 0.55412 -0.08051 0.81252 0.11573 0.56563
1403636910.651666403 5.45452 -2.70156 0.55127 -0.08019 0.81265 0.11688 0.56525
1403636910.751666546 5.52202 -2.70241 0.54272 -0.08138 0.81267 0.11688 0.56505
1403636910.851666451 5.59187 -2.70281 0.52755 -0.08331 0.81314 0.11593 0.56429
1403636910.951666594 5.65768 -2.70164 0.51084 -0.0873 0.81207 0.11356 0.56571
1403636911.051666498 5.72675 -2.7011 0.49636 -0.09299 0.80315 0.11006 0.57809
1403636911.151666403 5.79042 -2.70202 0.48608 -0.09347 0.80139 0.11015 0.58044
1403636911.251666546 5.85083 -2.70639 0.48006 -0.09001 0.80703 0.11265 0.57264
1403636911.351666451 5.90821 -2.71003 0.48312 -0.08506 0.81062 0.11549 0.56773
1403636911.451666594 5.96091 -2.71547 0.49528 -0.08353 0.8107 0.11612 0.56772
1403636911.551666498 6.01226 -2.71884 0.50882 -0.08254 0.81139 0.11654 0.56679
1403636911.651666403 6.06121 -2.7219 0.52097 -0.08179 0.81151 0.11648 0.56674
1403636911.751666546 6.11138 -2.72497 0.52588 -0.08314 0.81172 0.11496 0.56656
1403636911.851666451 6.16429 -2.72715 0.52784 -0.08928 0.81265 0.11006 0.56526
1403636911.951666594 6.21489 -2.73144 0.52057 -0.0968 0.81609 0.10365 0.56025
1403636912.051666498 6.27949 -2.73564 0.51066 -0.0934 0.81652 0.10478 0.56
1403636912.151666403 6.33685 -2.74191 0.49828 -0.09229 0.81586 0.10496 0.5611
1403636912.251666546 6.40597 -2.74776 0.49486 -0.0887 0.8144 0.10657 0.56349
1403636912.351666451 6.46424 -2.75647 0.49666 -0.0856 0.81342 0.10801 0.56511
1403636912.451666594 6.52937 -2.7644 0.50117 -0.08743 0.81369 0.10592 0.56485
1403636912.551666498 6.58957 -2.77538 0.50167 -0.09035 0.814 0.10266 0.56454
1403636912.651666403 6.64975 -2.78788 0.49492 -0.09353 0.81415 0.09928 0.56441
1403636912.751666546 6.71277 -2.80141 0.48172 -0.09885 0.81472 0.09457 0.56349
1403636912.851666451 6.7732 -2.82009 0.46721 -0.0995 0.8143 0.09361 0.56414
1403636912.951666594 6.83435 -2.8423 0.4483 -0.09448 0.81187 0.09666 0.56798
1403636913.051666498 6.89641 -2.86602 0.42092 -0.0888 0.80828 0.10022 0.57337
1403636913.151666403 6.95354 -2.89249 0.39831 -0.08513 0.80557 0.10297 0.57724
1403636913.251666546 7.00257 -2.91714 0.37815 -0.08345 0.80435 0.10409 0.57898
1403636913.351666451 7.05789 -2.94487 0.36919 -0.08463 0.80672 0.10357 0.5756
1403636913.451666594 7.10439 -2.97109 0.36658 -0.09004 0.81013 0.10019 0.57057
1403636913.551666498 7.15656 -3.00154 0.36694 -0.08903 0.81121 0.09997 0.56922
1403636913.651666403 7.20865 -3.03232 0.36153 -0.08564 0.81179 0.10139 0.56867
1403636913.751666546 7.26066 -3.06404 0.35256 -0.08271 0.81137 0.10277 0.56946
1403636913.851666451 7.31046 -3.09676 0.3414 -0.08133 0.81108 0.10342 0.56994
1403636913.951666594 7.35985 -3.1295 0.33905 -0.08101 0.81017 0.10429 0.57113
1403636914.051666498 7.40807 -3.16401 0.34142 -0.08148 0.81043 0.10421 0.57071
1403636914.151666403 7.45769 -3.19744 0.3483 -0.08556 0.8103 0.10148 0.57079
1403636914.251666546 7.5072 -3.23448 0.34861 -0.08541 0.8104 0.10085 0.57077
1403636914.351666451 7.55373 -3.26919 0.34699 -0.08274 0.81053 0.10269 0.57066
1403636914.451666594 7.5985 -3.30463 0.34381 -0.07916 0.81014 0.10484 0.57132
1403636914.551666498 7.64752 -3.34224 0.34481 -0.07705 0.81015 0.10598 0.5714
1403636914.651666403 7.69274 -3.3761 0.3556 -0.07609 0.80901 0.10629 0.57307
1403636914.751666546 7.73625 -3.41186 0.37147 -0.07538 0.80847 0.10594 0.574
1403636914.851666451 7.77704 -3.44471 0.3855 -0.07478 0.80845 0.10563 0.57416
1403636914.951666594 7.81362 -3.47677 0.39271 -0.07356 0.81028 0.10516 0.57182
1403636915.051666498 7.849 -3.50566 0.39463 -0.07277 0.81239 0.1046 0.56902
1403636915.151666403 7.88122 -3.53449 0.38923 -0.07151 0.81402 0.1043 0.56691
1403636915.251666546 7.91767 -3.56147 0.38005 -0.07047 0.81782 0.10417 0.56156
1403636915.351666451 7.9567 -3.58865 0.36601 -0.06882 0.8227 0.10493 0.55445
1403636915.451666594 7.9991 -3.61288 0.35192 -0.06894 0.8239 0.105 0.55265
1403636915.551666498 8.04472 -3.63505 0.34399 -0.07683 0.81914 0.09973 0.5596
1403636915.651666403 8.09234 -3.65505 0.34248 -0.08631 0.81478 0.09371 0.5656
1403636915.751666546 8.14007 -3.67896 0.349 -0.09054 0.8118 0.09134 0.5696
1403636915.851666451 8.18476 -3.70553 0.36255 -0.09219 0.81088 0.09088 0.57072
1403636915.951666594 8.23 -3.73448 0.38306 -0.09028 0.81039 0.09287 0.5714
1403636916.051666498 8.27614 -3.7678 0.40151 -0.08222 0.8094 0.09896 0.57299
1403636916.151666403 8.31972 -3.801 0.41266 -0.07509 0.8089 0.10496 0.57361
1403636916.251666546 8.35994 -3.83397 0.42055 -0.07447 0.80903 0.10586 0.57334
1403636916.351666451 8.39847 -3.86544 0.43405 -0.07612 0.80932 0.10563 0.57275
1403636916.451666594 8.44113 -3.89674 0.44985 -0.07025 0.80944 0.10569 0.57333
1403636916.551666498 8.47851 -3.9272 0.46267 -0.06198 0.81043 0.09761 0.57431
1403636916.651666403 8.52086 -3.95552 0.46863 -0.05242 0.81186 0.08652 0.57502
1403636916.751666546 8.55679 -3.98006 0.46971 -0.04551 0.81236 0.07701 0.57626
1403636916.851666451 8.59217 -4.00254 0.46535 -0.04133 0.813 0.06902 0.57668
1403636916.951666594 8.62581 -4.02151 0.45709 -0.03613 0.81293 0.06484 0.57761
1403636917.051666498 8.65833 -4.03618 0.44295 -0.03512 0.81345 0.06037 0.57743
1403636917.151666403 8.68894 -4.04843 0.42342 -0.03694 0.81398 0.05574 0.57703
1403636917.251666546 8.71725 -4.06153 0.40046 -0.03508 0.8143 0.0484 0.57735
1403636917.351666451 8.74288 -4.07539 0.37221 -0.02594 0.81402 0.03687 0.57909
1403636917.451666594 8.77059 -4.08941 0.33928 -0.01299 0.81366 0.01987 0.58085
1403636917.551666498 8.79706 -4.10235 0.3056 -0.00208 0.81407 0.00511 0.58074
1403636917.651666403 8.82119 -4.11383 0.27889 0.00462 0.8133 -0.00728 0.58178
1403636917.751666546 8.84326 -4.12383 0.25935 0.01022 0.81268 -0.01667 0.58238
1403636917.851666451 8.86392 -4.13208 0.24893 0.01695 0.81211 -0.02325 0.58279
1403636917.951666594 8.8812 -4.13839 0.24693 0.0218 0.81163 -0.02781 0.58311
1403636918.051666498 8.89485 -4.14275 0.24387 0.0251 0.81277 -0.03107 0.58122
1403636918.151666403 8.90761 -4.1452 0.23469 0.02895 0.81389 -0.03109 0.57946
1403636918.251666546 8.9176 -4.14563 0.22577 0.03223 0.81519 -0.02967 0.57753
1403636918.351666451 8.92705 -4.1432 0.22252 0.03414 0.8176 -0.02811 0.57409
1403636918.451666594 8.93598 -4.13764 0.22427 0.03366 0.82491 -0.02766 0.56358
1403636918.551666498 8.94858 -4.12878 0.23405 0.03298 0.82863 -0.0267 0.55818
1403636918.651666403 8.96743 -4.11755 0.25316 0.03226 0.82881 -0.02454 0.55807
1403636918.751666546 8.9892 -4.10272 0.28185 0.0253 0.82648 -0.02669 0.56177
1403636918.851666451 9.01419 -4.08607 0.31731 0.00956 0.82173 -0.0359 0.56867
1403636918.951666594 9.03955 -4.07258 0.35525 0.00112 0.81569 -0.04599 0.57666
1403636919.051666498 9.06514 -4.06413 0.39527 -0.00169 0.81189 -0.05645 0.58107
1403636919.151666403 9.08992 -4.06205 0.43825 -0.00032 0.80989 -0.06304 0.58318
1403636919.251666546 9.11223 -4.06707 0.48333 0.00332 0.80908 -0.06682 0.58387
1403636919.351666451 9.13026 -4.07722 0.52563 0.00838 0.80785 -0.0703 0.58512
1403636919.451666594 9.14566 -4.09417 0.56244 0.01796 0.80777 -0.07036 0.585
1403636919.551666498 9.15829 -4.11288 0.59216 0.03134 0.80778 -0.06584 0.58496
1403636919.651666403 9.16673 -4.13357 0.61519 0.04047 0.80686 -0.06316 0.58596
1403636919.751666546 9.17065 -4.15375 0.63012 0.04338 0.8067 -0.06285 0.586
1403636919.851666451 9.17104 -4.17342 0.63751 0.04239 0.80561 -0.06446 0.5874
1403636919.951666594 9.17101 -4.19195 0.64029 0.03943 0.80459 -0.06677 0.58875
1403636920.051666498 9.16641 -4.211 0.63586 0.03396 0.80308 -0.0697 0.59081
1403636920.151666403 9.15754 -4.23146 0.62583 0.028 0.80204 -0.0728 0.59215
1403636920.251666546 9.14484 -4.25443 0.61158 0.0264 0.80182 -0.07261 0.59256
1403636920.351666451 9.1282 -4.28002 0.59204 0.03567 0.8022 -0.06511 0.59242
1403636920.451666594 9.10634 -4.30414 0.57372 0.04289 0.80397 -0.05927 0.59015
1403636920.551666498 9.08119 -4.32677 0.56294 0.04577 0.80714 -0.05687 0.58583
1403636920.651666403 9.05369 -4.34962 0.55869 0.04562 0.81138 -0.05677 0.57997
1403636920.751666546 9.02441 -4.36934 0.5635 0.04581 0.81549 -0.05707 0.57413
1403636920.851666451 8.99569 -4.38882 0.57567 0.04506 0.81887 -0.05832 0.56923
1403636920.951666594 8.96774 -4.40426 0.59525 0.0451 0.81995 -0.05918 0.56757
1403636921.051666498 8.94265 -4.41887 0.61424 0.04517 0.82015 -0.05976 0.56722
1403636921.151666403 8.91983 -4.43135 0.62719 0.04554 0.81946 -0.06041 0.56812
1403636921.251666546 8.89957 -4.44252 0.635 0.04608 0.81535 -0.06033 0.57398
1403636921.351666451 8.87929 -4.45224 0.63705 0.04501 0.80982 -0.06158 0.5817
1403636921.451666594 8.85735 -4.46061 0.63345 0.03979 0.80642 -0.06553 0.58636
1403636921.551666498 8.83156 -4.46955 0.62388 0.03285 0.80733 -0.0707 0.58493
1403636921.651666403 8.8042 -4.47966 0.60916 0.02808 0.81291 -0.07465 0.57691
1403636921.751666546 8.77588 -4.4921 0.58897 0.02825 0.82384 -0.07566 0.56104
1403636921.851666451 8.75388 -4.50691 0.56903 0.03333 0.82858 -0.07324 0.55406
1403636921.951666594 8.73739 -4.52412 0.54926 0.03806 0.82531 -0.07187 0.5588
1403636922.051666498 8.72469 -4.54044 0.52798 0.04596 0.81863 -0.07097 0.56806
1403636922.151666403 8.70955 -4.55682 0.50839 0.05176 0.81352 -0.07322 0.57458
1403636922.251666546 8.69361 -4.57217 0.49404 0.057 0.81477 -0.07647 0.57188
1403636922.351666451 8.67911 -4.58568 0.487 0.06076 0.81827 -0.07993 0.566
1403636922.451666594 8.66625 -4.59804 0.4801 0.064 0.82202 -0.08409 0.55957
1403636922.551666498 8.65487 -4.6106 0.46724 0.06944 0.82416 -0.09215 0.55448
1403636922.651666403 8.64843 -4.6221 0.45152 0.07553 0.82145 -0.10136 0.55609
1403636922.751666546 8.64429 -4.63244 0.43415 0.08298 0.81242 -0.10689 0.56715
1403636922.851666451 8.64067 -4.63933 0.41841 0.08057 0.80436 -0.11673 0.57697
1403636922.951666594 8.63541 -4.64441 0.40871 0.07617 0.79851 -0.12516 0.58388
1403636923.051666498 8.62753 -4.65056 0.40471 0.07283 0.79633 -0.13234 0.5857
1403636923.151666403 8.6165 -4.65884 0.39829 0.07723 0.79596 -0.13856 0.58419
1403636923.251666546 8.60034 -4.67031 0.38824 0.08654 0.79874 -0.14596 0.57725
1403636923.351666451 8.5811 -4.68295 0.36889 0.09815 0.80363 -0.15101 0.56722
1403636923.451666594 8.56042 -4.69508 0.34954 0.10467 0.80936 -0.15654 0.55631
1403636923.551666498 8.5421 -4.70654 0.3265 0.10732 0.81602 -0.16167 0.54447
1403636923.651666403 8.52928 -4.71919 0.31054 0.10865 0.82002 -0.16515 0.53711
1403636923.751666546 8.52421 -4.73416 0.30581 0.11084 0.82124 -0.16602 0.53452
1403636923.851666451 8.52786 -4.74919 0.31045 0.11411 0.82065 -0.16466 0.53516
1403636923.951666594 8.53952 -4.76328 0.31234 0.11432 0.82129 -0.16464 0.53414
1403636924.051666498 8.55773 -4.77854 0.31016 0.11485 0.82128 -0.16335 0.53444
1403636924.151666403 8.58183 -4.79516 0.30235 0.11553 0.8202 -0.16158 0.53648
1403636924.251666546 8.61113 -4.81207 0.29011 0.11639 0.81998 -0.15966 0.53721
1403636924.351666451 8.64577 -4.82992 0.28495 0.11271 0.81823 -0.16096 0.54027
1403636924.451666594 8.68683 -4.84722 0.28406 0.10452 0.81388 -0.16538 0.54711
1403636924.551666498 8.73171 -4.86651 0.29263 0.09795 0.80764 -0.16863 0.5565
1403636924.651666403 8.77668 -4.88998 0.30371 0.09002 0.80202 -0.17265 0.56467
1403636924.751666546 8.81992 -4.91668 0.30932 0.08461 0.7972 -0.17414 0.57183
1403636924.851666451 8.86188 -4.94769 0.3079 0.08032 0.79234 -0.17489 0.57893
1403636924.951666594 8.89949 -4.9835 0.29871 0.0822 0.78944 -0.17802 0.58167
1403636925.051666498 8.93019 -5.02488 0.28008 0.09111 0.79003 -0.18246 0.57815
1403636925.151666403 8.95432 -5.06805 0.2553 0.10562 0.79274 -0.18149 0.57225
1403636925.251666546 8.97509 -5.11171 0.22598 0.11964 0.79761 -0.179 0.56344
1403636925.351666451 8.99531 -5.1548 0.1925 0.12706 0.80522 -0.17956 0.55066
1403636925.451666594 9.01856 -5.19744 0.15711 0.12967 0.81237 -0.18212 0.53858
1403636925.551666498 9.04613 -5.24015 0.12688 0.13065 0.81756 -0.18469 0.52954
1403636925.651666403 9.08103 -5.28251 0.10493 0.12946 0.82181 -0.18779 0.52212
1403636925.751666546 9.1271 -5.32618 0.09295 0.13133 0.82385 -0.18797 0.51835
1403636925.851666451 9.18153 -5.36969 0.09129 0.13342 0.82175 -0.18699 0.52149
1403636925.951666594 9.24681 -5.41409 0.09789 0.13663 0.81275 -0.18465 0.53541
1403636926.051666498 9.31562 -5.45647 0.10487 0.13869 0.80053 -0.18274 0.55364
1403636926.151666403 9.38646 -5.49684 0.10432 0.13469 0.79054 -0.18457 0.56818
1403636926.251666546 9.45394 -5.53451 0.09556 0.12761 0.78443 -0.18802 0.57708
1403636926.351666451 9.51633 -5.57054 0.07997 0.1204 0.78096 -0.19122 0.58227
1403636926.451666594 9.57244 -5.6055 0.06008 0.11557 0.77985 -0.19238 0.58435
1403636926.551666498 9.62085 -5.64198 0.03738 0.11435 0.78204 -0.19119 0.58206
1403636926.651666403 9.66341 -5.67783 0.02265 0.11813 0.78537 -0.18689 0.57819
1403636926.751666546 9.69827 -5.7136 0.01377 0.11923 0.78947 -0.18654 0.57248
1403636926.851666451 9.72994 -5.7497 0.01309 0.11861 0.7918 -0.19495 0.56656
1403636926.951666594 9.7608 -5.78841 0.01592 0.12018 0.79077 -0.20872 0.56274
1403636927.051666498 9.79005 -5.83152 0.0159 0.12818 0.78674 -0.22397 0.56076
1403636927.151666403 9.81769 -5.87867 0.00941 0.13995 0.78192 -0.24068 0.55776
1403636927.251666546 9.84006 -5.92705 -0.00199 0.15478 0.77592 -0.2589 0.55404
1403636927.351666451 9.85778 -5.97588 -0.01944 0.17047 0.77219 -0.27402 0.54733
1403636927.451666594 9.8744 -6.02482 -0.04227 0.18246 0.77602 -0.28432 0.5326
1403636927.551666498 9.89171 -6.07364 -0.06766 0.18857 0.78158 -0.29318 0.51732
1403636927.651666403 9.91334 -6.1252 -0.0886 0.19333 0.78442 -0.29929 0.50767
1403636927.751666546 9.94326 -6.18172 -0.09962 0.19598 0.78521 -0.3034 0.50297
1403636927.851666451 9.97901 -6.2408 -0.10208 0.19655 0.78393 -0.30604 0.50314
1403636927.951666594 10.02186 -6.30406 -0.1046 0.19756 0.78217 -0.30659 0.50515
1403636928.051666498 10.06869 -6.37072 -0.10993 0.19843 0.78031 -0.30604 0.50801
1403636928.151666403 10.12115 -6.43939 -0.11859 0.20112 0.77545 -0.30323 0.51603
1403636928.251666546 10.17733 -6.51165 -0.13021 0.20119 0.76707 -0.30161 0.52929
1403636928.351666451 10.23373 -6.58318 -0.14695 0.20075 0.75992 -0.29995 0.54061
1403636928.451666594 10.288 -6.65324 -0.16821 0.20128 0.7565 -0.29773 0.5464
1403636928.551666498 10.33762 -6.72016 -0.187 0.2039 0.75643 -0.29481 0.54711
1403636928.651666403 10.38527 -6.78436 -0.19999 0.2043 0.76095 -0.29353 0.54135
1403636928.751666546 10.43228 -6.84861 -0.20724 0.20305 0.76751 -0.29356 0.53248
1403636928.851666451 10.47967 -6.90944 -0.20511 0.20289 0.77168 -0.29332 0.5266
1403636928.951666594 10.52957 -6.97176 -0.19439 0.20505 0.77076 -0.29157 0.52809
1403636929.051666498 10.58073 -7.03123 -0.17259 0.20244 0.76111 -0.29336 0.54191
1403636929.151666403 10.63008 -7.0891 -0.14512 0.19738 0.75395 -0.2965 0.55198
1403636929.251666546 10.67598 -7.14566 -0.11513 0.19159 0.75212 -0.3 0.55463
1403636929.351666451 10.71564 -7.19984 -0.08961 0.1863 0.75208 -0.30256 0.55509
1403636929.451666594 10.75083 -7.25714 -0.07023 0.1871 0.75339 -0.30081 0.55399
1403636929.551666498 10.77999 -7.31288 -0.05679 0.19328 0.75702 -0.29536 0.54984
1403636929.651666403 10.8088 -7.37094 -0.04956 0.2004 0.75998 -0.28935 0.54639
1403636929.751666546 10.83262 -7.42336 -0.04847 0.20484 0.76104 -0.28532 0.54539
1403636929.851666451 10.85623 -7.47428 -0.05174 0.20545 0.76142 -0.28455 0.54503
1403636929.951666594 10.87734 -7.51887 -0.05824 0.20271 0.76014 -0.28566 0.54725
1403636930.051666498 10.89893 -7.56398 -0.05593 0.19854 0.7585 -0.28848 0.54959
1403636930.151666403 10.91835 -7.60766 -0.04525 0.19508 0.75859 -0.29129 0.54922
1403636930.251666546 10.93389 -7.64834 -0.03145 0.19265 0.75937 -0.29266 0.54825
1403636930.351666451 10.94794 -7.6918 -0.00884 0.19152 0.7601 -0.29382 0.54703
1403636930.451666594 10.96028 -7.73605 0.01526 0.19756 0.76086 -0.29013 0.54579
1403636930.551666498 10.96992 -7.77848 0.03265 0.20176 0.76052 -0.28739 0.54618
1403636930.651666403 10.97714 -7.81796 0.04043 0.20083 0.75971 -0.28784 0.54741
1403636930.751666546 10.9825 -7.8553 0.04499 0.1943 0.75827 -0.29202 0.54955
1403636930.851666451 10.98536 -7.89257 0.04277 0.1879 0.75622 -0.29639 0.55224
1403636930.951666594 10.98429 -7.93152 0.03709 0.18313 0.75286 -0.30428 0.55415
1403636931.051666498 10.98012 -7.97495 0.02769 0.18336 0.74847 -0.31516 0.55394
1403636931.151666403 10.96958 -8.02239 0.02149 0.1968 0.74372 -0.31751 0.55438
1403636931.251666546 10.95204 -8.06973 0.02149 0.21269 0.73997 -0.3159 0.55445
1403636931.351666451 10.9301 -8.11485 0.02771 0.22377 0.73674 -0.31473 0.55505
1403636931.451666594 10.90144 -8.15199 0.03891 0.23364 0.73744 -0.31296 0.55104
1403636931.551666498 10.86987 -8.1835 0.05604 0.24519 0.74 -0.3086 0.54502
1403636931.651666403 10.83773 -8.20811 0.07344 0.25469 0.74207 -0.30416 0.54033
1403636931.751666546 10.8066 -8.22539 0.08421 0.25105 0.7425 -0.30792 0.53931
1403636931.851666451 10.77597 -8.23544 0.08829 0.24022 0.74404 -0.31637 0.53722
1403636931.951666594 10.74342 -8.2415 0.08687 0.23339 0.74605 -0.32184 0.53419
1403636932.051666498 10.713 -8.24786 0.08157 0.23166 0.74444 -0.32381 0.53599
1403636932.151666403 10.67911 -8.24944 0.06978 0.23104 0.74138 -0.32482 0.53989
1403636932.251666546 10.64663 -8.25033 0.05981 0.2384 0.73886 -0.32116 0.54232
1403636932.351666451 10.60996 -8.24398 0.05504 0.24949 0.73802 -0.31563 0.54172
1403636932.451666594 10.57599 -8.23349 0.05946 0.25707 0.73703 -0.31379 0.54059
1403636932.551666498 10.53955 -8.21415 0.06978 0.26023 0.73506 -0.32108 0.53748
1403636932.651666403 10.50045 -8.18708 0.08815 0.26213 0.73023 -0.33613 0.53391
1403636932.751666546 10.46497 -8.15553 0.1146 0.26551 0.72383 -0.3501 0.53198
1403636932.851666451 10.42752 -8.11853 0.146 0.26994 0.71901 -0.36102 0.52898
1403636932.951666594 10.39006 -8.07736 0.17438 0.27293 0.71739 -0.3699 0.52348
1403636933.051666498 10.3526 -8.03356 0.18889 0.27709 0.71525 -0.37883 0.51781
1403636933.151666403 10.31514 -7.98706 0.18922 0.28113 0.71259 -0.38764 0.51275
1403636933.251666546 10.27665 -7.93724 0.18028 0.2774 0.71813 -0.39842 0.4986
1403636933.351666451 10.24104 -7.88732 0.16681 0.27136 0.72532 -0.40766 0.48383
1403636933.451666594 10.2084 -7.84129 0.15397 0.26996 0.72535 -0.41095 0.48177
1403636933.551666498 10.17981 -7.80032 0.13969 0.27353 0.72153 -0.40905 0.48709
1403636933.651666403 10.15378 -7.76219 0.12823 0.27683 0.71725 -0.40579 0.49422
1403636933.751666546 10.12888 -7.72664 0.12342 0.28044 0.71381 -0.40161 0.50053
1403636933.851666451 10.10464 -7.69127 0.12622 0.28079 0.71014 -0.3994 0.50729
1403636933.951666594 10.08036 -7.65817 0.13376 0.28091 0.707 -0.40148 0.50997
1403636934.051666498 10.05512 -7.62141 0.14267 0.28363 0.70184 -0.41 0.50881
1403636934.151666403 10.02652 -7.5872 0.13957 0.2934 0.69459 -0.42239 0.50303
1403636934.251666546 9.99626 -7.55091 0.12339 0.30619 0.68468 -0.43795 0.49564
1403636934.351666451 9.96518 -7.5125 0.10161 0.31845 0.67136 -0.45675 0.48913
1403636934.451666594 9.93239 -7.47124 0.08084 0.32523 0.65603 -0.48056 0.4826
1403636934.551666498 9.89654 -7.4286 0.06807 0.33571 0.64047 -0.50186 0.47459
1403636934.651666403 9.85687 -7.38505 0.06535 0.34818 0.62622 -0.52007 0.46491
1403636934.751666546 9.81401 -7.34022 0.07211 0.35784 0.62002 -0.53346 0.45049
1403636934.851666451 9.77265 -7.29713 0.08787 0.36556 0.61916 -0.54115 0.43607
1403636934.951666594 9.72941 -7.25223 0.10929 0.36911 0.6186 -0.54646 0.42716
1403636935.051666498 9.68579 -7.20897 0.13827 0.3733 0.61794 -0.54676 0.42408
1403636935.151666403 9.64324 -7.16941 0.17366 0.37659 0.61383 -0.54389 0.43079
1403636935.251666546 9.6049 -7.13276 0.20948 0.37559 0.61045 -0.54233 0.43836
1403636935.351666451 9.5613 -7.09753 0.23758 0.37247 0.60933 -0.54113 0.44403
1403636935.451666594 9.52141 -7.06197 0.25953 0.36913 0.61038 -0.54023 0.44647
1403636935.551666498 9.47418 -7.02903 0.27365 0.36735 0.61191 -0.53817 0.44833
1403636935.651666403 9.42926 -6.9916 0.27982 0.36569 0.6128 -0.53688 0.45002
1403636935.751666546 9.38225 -6.95478 0.2788 0.36402 0.61587 -0.53619 0.448
1403636935.851666451 9.3335 -6.91901 0.26972 0.36058 0.62219 -0.5371 0.4409
1403636935.951666594 9.28343 -6.88574 0.25334 0.35281 0.6286 -0.54129 0.43288
1403636936.051666498 9.23096 -6.86431 0.23028 0.34535 0.63453 -0.54567 0.42468
1403636936.151666403 9.1806 -6.84772 0.20632 0.34445 0.63683 -0.54585 0.42172
1403636936.251666546 9.132 -6.83842 0.18465 0.34911 0.63605 -0.54313 0.42257
1403636936.351666451 9.08374 -6.8293 0.17002 0.35557 0.63095 -0.5398 0.42906
1403636936.451666594 9.03974 -6.82959 0.16267 0.36057 0.62556 -0.53743 0.4357
1403636936.551666498 8.99839 -6.83181 0.16434 0.36598 0.62168 -0.53516 0.43952
1403636936.651666403 8.95979 -6.83758 0.16676 0.36801 0.61919 -0.53606 0.44024
1403636936.751666546 8.91612 -6.83835 0.1614 0.36985 0.61829 -0.53647 0.43947
1403636936.851666451 8.88245 -6.84848 0.15422 0.37198 0.61893 -0.53663 0.43657
1403636936.951666594 8.84034 -6.85021 0.14812 0.37421 0.61917 -0.53635 0.43466
1403636937.051666498 8.81039 -6.86166 0.15221 0.37641 0.62007 -0.53568 0.43229
1403636937.151666403 8.77121 -6.86305 0.16072 0.37487 0.61872 -0.53766 0.43311
1403636937.251666546 8.73608 -6.871 0.17301 0.3723 0.61675 -0.54056 0.43452
1403636937.351666451 8.699 -6.8747 0.18013 0.37273 0.61569 -0.54098 0.43512
1403636937.451666594 8.66333 -6.87895 0.18075 0.37295 0.61521 -0.54179 0.43461
1403636937.551666498 8.62927 -6.88768 0.17499 0.37438 0.61461 -0.54168 0.43437
1403636937.651666403 8.59545 -6.89158 0.16373 0.37732 0.61554 -0.54074 0.43167
1403636937.751666546 8.56349 -6.8958 0.14708 0.38434 0.61842 -0.5367 0.42637
1403636937.851666451 8.53818 -6.90287 0.12546 0.38923 0.61745 -0.53437 0.42626
1403636937.951666594 8.51477 -6.9062 0.10029 0.39846 0.61399 -0.52915 0.42924
1403636938.051666498 8.49659 -6.90671 0.07127 0.40618 0.60973 -0.52519 0.43294
1403636938.151666403 8.48482 -6.90107 0.03755 0.41002 0.60183 -0.52726 0.43781
1403636938.251666546 8.4738 -6.88967 0.00605 0.40709 0.59335 -0.53449 0.44333
1403636938.351666451 8.4664 -6.86912 -0.02103 0.3961 0.58369 -0.54667 0.45117
1403636938.451666594 8.4518 -6.84322 -0.04025 0.37855 0.5759 -0.56239 0.4569
1403636938.551666498 8.43148 -6.81044 -0.05206 0.36805 0.57426 -0.57269 0.45474
1403636938.651666403 8.40168 -6.77749 -0.05619 -0.36362 -0.57421 0.57803 -0.4516
1403636938.751666546 8.36415 -6.74497 -0.05253 -0.36613 -0.57566 0.57815 -0.44756
1403636938.851666451 8.31913 -6.7143 -0.04627 0.37252 0.57994 -0.57511 0.44062
1403636938.951666594 8.27031 -6.67879 -0.03865 0.37831 0.58746 -0.57178 0.42993
1403636939.051666498 8.21815 -6.64216 -0.03456 0.38264 0.59254 -0.56896 0.42281
1403636939.151666403 8.16438 -6.60778 -0.03617 0.38525 0.59289 -0.56633 0.42348
1403636939.251666546 8.11122 -6.58057 -0.04352 0.38641 0.59242 -0.56439 0.42567
1403636939.351666451 8.05596 -6.54838 -0.05491 0.38717 0.5924 -0.56193 0.42826
1403636939.451666594 8.00229 -6.52127 -0.06514 0.38743 0.59354 -0.55914 0.43007
1403636939.551666498 7.94828 -6.49223 -0.06778 0.39083 0.5925 -0.55423 0.43477
1403636939.651666403 7.8941 -6.4607 -0.06262 0.39441 0.58973 -0.54956 0.44119
1403636939.751666546 7.83522 -6.42038 -0.05391 0.39512 0.58803 -0.5482 0.44449
1403636939.851666451 7.78073 -6.38221 -0.05003 0.39518 0.58877 -0.54814 0.44354
1403636939.951666594 7.72129 -6.33543 -0.05377 0.39156 0.58681 -0.55227 0.44422
1403636940.051666498 7.66404 -6.28944 -0.0629 0.39207 0.58307 -0.55889 0.44041
1403636940.151666403 7.60279 -6.23701 -0.07841 0.39169 0.57949 -0.56654 0.43567
1403636940.251666546 7.53644 -6.18191 -0.09709 0.3908 0.57645 -0.57255 0.43263
1403636940.351666451 7.46967 -6.12715 -0.11802 -0.39338 -0.57351 0.57541 -0.4304
1403636940.451666594 7.39953 -6.07059 -0.14145 -0.39466 -0.57016 0.57845 -0.4296
1403636940.551666498 7.33043 -6.0142 -0.16162 -0.39412 -0.56886 0.58222 -0.42671
1403636940.651666403 7.25754 -5.95612 -0.17503 -0.39188 -0.57233 0.58623 -0.41857
1403636940.751666546 7.18587 -5.90139 -0.18025 -0.39108 -0.57664 0.58835 -0.41034
1403636940.851666451 7.1134 -5.84795 -0.17798 -0.39096 -0.57945 0.58939 -0.40499
1403636940.951666594 7.04115 -5.79675 -0.16865 -0.39249 -0.58228 0.58848 -0.40075
1403636941.051666498 6.97037 -5.75075 -0.15151 -0.39492 -0.58107 0.58639 -0.40317
1403636941.151666403 6.89906 -5.70697 -0.13061 -0.39778 -0.57938 0.58407 -0.40613
1403636941.251666546 6.82964 -5.66528 -0.10867 -0.39943 -0.57811 0.58187 -0.40948
1403636941.351666451 6.75916 -5.62371 -0.09064 -0.4019 -0.57776 0.57803 -0.41297
1403636941.451666594 6.6917 -5.58283 -0.07705 0.40304 0.57855 -0.57465 0.41547
1403636941.551666498 6.62228 -5.54106 -0.07019 0.40277 0.58047 -0.57191 0.41683
1403636941.651666403 6.55783 -5.49937 -0.06696 0.40137 0.58247 -0.57057 0.41724
1403636941.751666546 6.49198 -5.45784 -0.06928 0.40023 0.58458 -0.56931 0.41709
1403636941.851666451 6.4294 -5.41613 -0.06618 0.3979 0.58585 -0.5691 0.41784
1403636941.951666594 6.3647 -5.37415 -0.05793 0.39505 0.58746 -0.56982 0.41729
1403636942.051666498 6.30291 -5.33229 -0.04283 0.39143 0.5861 -0.57157 0.4202
1403636942.151666403 6.24011 -5.29133 -0.02651 0.39046 0.58484 -0.57222 0.42198
1403636942.251666546 6.17863 -5.24951 -0.01289 0.38964 0.58299 -0.57335 0.42376
1403636942.351666451 6.11295 -5.2075 -0.00604 0.38868 0.58009 -0.57505 0.42631
1403636942.451666594 6.04886 -5.16637 -0.00542 -0.38618 -0.57735 0.5782 -0.42804
1403636942.551666498 5.98067 -5.12592 -0.01077 -0.38299 -0.57664 0.58201 -0.42671
1403636942.651666403 5.91258 -5.08531 -0.02087 -0.38163 -0.57781 0.58464 -0.42272
1403636942.751666546 5.84074 -5.045 -0.03406 -0.38292 -0.58067 0.58516 -0.41687
1403636942.851666451 5.76687 -5.00637 -0.04501 -0.38693 -0.58107 0.58376 -0.41456
1403636942.951666594 5.6929 -4.96984 -0.04745 -0.39354 -0.58014 0.58067 -0.41399
1403636943.051666498 5.61929 -4.93465 -0.04138 0.39809 0.57856 -0.57844 0.41497
1403636943.151666403 5.54685 -4.90053 -0.02911 -0.40071 -0.57569 0.57825 -0.4167
1403636943.251666546 5.47421 -4.8658 -0.01903 -0.40222 -0.57443 0.5784 -0.41678
1403636943.351666451 5.40365 -4.82994 -0.01546 -0.40534 -0.57352 0.57819 -0.4153
1403636943.451666594 5.33479 -4.79294 -0.01814 -0.40706 -0.57178 0.57888 -0.41505
1403636943.551666498 5.26806 -4.75486 -0.02674 -0.40912 -0.57102 0.57885 -0.41411
1403636943.651666403 5.19963 -4.71455 -0.04018 -0.41208 -0.571 0.57771 -0.41279
1403636943.751666546 5.1333 -4.67347 -0.059 -0.41315 -0.56986 0.57792 -0.41301
1403636943.851666451 5.06858 -4.63045 -0.08399 -0.41161 -0.57131 0.57785 -0.41265
1403636943.951666594 5.0075 -4.58396 -0.11513 0.40064 0.58035 -0.57841 0.41003
1403636944.051666498 4.94492 -4.54082 -0.14953 0.38647 0.59276 -0.57986 0.40379
1403636944.151666403 4.88492 -4.50169 -0.17892 0.37472 0.60371 -0.58081 0.39721
1403636944.251666546 4.82754 -4.46981 -0.19931 0.36914 0.6093 -0.5793 0.39611
1403636944.351666451 4.773 -4.44678 -0.20936 0.37027 0.60966 -0.57472 0.40114
1403636944.451666594 4.72074 -4.43201 -0.21224 0.37726 0.60763 -0.56722 0.40832
1403636944.551666498 4.6707 -4.4193 -0.20836 0.39007 0.60581 -0.55614 0.41417
1403636944.651666403 4.62499 -4.40782 -0.20039 0.40173 0.60752 -0.54561 0.41454
1403636944.751666546 4.58657 -4.39577 -0.18873 0.40227 0.60962 -0.53976 0.41858
1403636944.851666451 4.5543 -4.38184 -0.17172 0.39685 0.6092 -0.53869 0.42567
1403636944.951666594 4.52517 -4.36493 -0.15005 0.39127 0.60868 -0.53894 0.43123
1403636945.051666498 4.50228 -4.34902 -0.13472 0.3895 0.60931 -0.53767 0.43353
1403636945.151666403 4.4778 -4.32759 -0.13336 0.38838 0.61015 -0.53641 0.4349
1403636945.251666546 4.45634 -4.30334 -0.13887 0.38805 0.61087 -0.53521 0.43567
1403636945.351666451 4.44151 -4.27904 -0.14141 0.38786 0.61097 -0.53509 0.43584
1403636945.451666594 4.4247 -4.251 -0.13645 0.38829 0.61114 -0.53521 0.43506
1403636945.551666498 4.41164 -4.22043 -0.12987 0.38688 0.61079 -0.53745 0.43405
1403636945.651666403 4.40057 -4.18788 -0.12931 0.38178 0.61452 -0.54291 0.42645
1403636945.751666546 4.39135 -4.15646 -0.13627 0.37464 0.6209 -0.54967 0.41472
1403636945.851666451 4.38959 -4.12972 -0.14941 0.36971 0.62511 -0.55477 0.40593
1403636945.951666594 4.388 -4.10771 -0.16325 0.37216 0.62243 -0.55481 0.40775
1403636946.051666498 4.38937 -4.09057 -0.18058 0.38149 0.61561 -0.54976 0.41624
1403636946.151666403 4.39144 -4.07604 -0.20576 0.38515 0.61223 -0.5488 0.4191
1403636946.251666546 4.39659 -4.06232 -0.23677 0.38841 0.60941 -0.54835 0.42079
1403636946.351666451 4.40308 -4.04804 -0.27374 0.39319 0.60627 -0.54691 0.42277
1403636946.451666594 4.41206 -4.03247 -0.31716 0.39401 0.60327 -0.54818 0.42465
1403636946.551666498 4.42241 -4.01511 -0.36385 0.3957 0.60134 -0.54882 0.42499
1403636946.651666403 4.43479 -3.99449 -0.40788 0.39544 0.60073 -0.55077 0.42356
1403636946.751666546 4.44899 -3.97105 -0.44713 0.38295 0.59442 -0.56076 0.43077
1403636946.851666451 4.46066 -3.94936 -0.47817 0.36997 0.58697 -0.57056 0.43939
1403636946.951666594 4.46747 -3.92524 -0.50886 0.35913 0.582 -0.57837 0.44473
1403636947.051666498 4.46613 -3.90348 -0.543 -0.35136 -0.57775 0.58395 -0.44917
1403636947.151666403 4.45533 -3.88579 -0.57769 0.35631 0.58367 -0.58112 0.44121
1403636947.251666546 4.43586 -3.86844 -0.60844 0.36284 0.59875 -0.57746 0.41999
1403636947.351666451 4.41366 -3.85319 -0.63109 0.36422 0.61151 -0.57665 0.40109
1403636947.451666594 4.39278 -3.84721 -0.64541 0.36367 0.61751 -0.57717 0.39152
1403636947.551666498 4.37369 -3.85241 -0.64989 0.36353 0.61196 -0.57825 0.39873
1403636947.651666403 4.35457 -3.86732 -0.64563 0.37124 0.60689 -0.57352 0.40612
1403636947.751666546 4.33564 -3.88713 -0.64145 0.37744 0.60713 -0.56935 0.40592
1403636947.851666451 4.31871 -3.9124 -0.64179 0.38572 0.61129 -0.56286 0.40093
1403636947.951666594 4.30451 -3.94047 -0.64753 0.39356 0.61465 -0.5563 0.39729
1403636948.051666498 4.29614 -3.97114 -0.65878 0.38703 0.61501 -0.56026 0.3976
1403636948.151666403 4.29152 -4.00377 -0.67382 0.38308 0.61676 -0.56168 0.3967
1403636948.251666546 4.29099 -4.04009 -0.69198 0.38462 0.61811 -0.55887 0.39709
1403636948.351666451 4.29561 -4.07995 -0.71313 0.38717 0.61948 -0.55528 0.3975
1403636948.451666594 4.30528 -4.1229 -0.73711 0.38995 0.62227 -0.55103 0.39633
1403636948.551666498 4.32136 -4.16736 -0.76159 0.40155 0.62742 -0.54025 0.39144
1403636948.651666403 4.34581 -4.2115 -0.78726 0.41271 0.63114 -0.52973 0.38822
1403636948.751666546 4.38297 -4.25516 -0.80549 0.41149 0.62759 -0.52895 0.39625
1403636948.851666451 4.43137 -4.29814 -0.81665 0.40046 0.61885 -0.53571 0.41192
1403636948.951666594 4.48634 -4.33962 -0.81995 0.38966 0.60919 -0.5418 0.42839
1403636949.051666498 4.54144 -4.37977 -0.82314 0.38274 0.60233 -0.54483 0.44031
1403636949.151666403 4.59378 -4.41811 -0.83107 0.38383 0.60305 -0.54252 0.44122
1403636949.251666546 4.64426 -4.45348 -0.84519 0.38505 0.60567 -0.54051 0.43904
1403636949.351666451 4.69348 -4.48472 -0.86421 0.38275 0.60464 -0.54102 0.44182
1403636949.451666594 4.74075 -4.51146 -0.88725 0.38037 0.60327 -0.54197 0.44457
1403636949.551666498 4.78591 -4.53748 -0.9125 0.37637 0.60102 -0.54415 0.44835
1403636949.651666403 4.82699 -4.55854 -0.93186 0.37269 0.60092 -0.54635 0.44888
1403636949.751666546 4.86414 -4.5792 -0.94519 0.37039 0.60593 -0.54803 0.44194
1403636949.851666451 4.89874 -4.59581 -0.95025 0.36553 0.61082 -0.55121 0.43527
1403636949.951666594 4.9313 -4.61242 -0.95238 0.36185 0.61476 -0.55387 0.42938
1403636950.051666498 4.96285 -4.6335 -0.95039 0.35829 0.61643 -0.55696 0.42597
1403636950.151666403 4.99195 -4.6603 -0.94779 0.35677 0.61792 -0.55845 0.42312
1403636950.251666546 5.02005 -4.68699 -0.94899 0.36047 0.61967 -0.55652 0.41995
1403636950.351666451 5.04767 -4.72114 -0.95566 0.36648 0.6194 -0.55312 0.41964
1403636950.451666594 5.07564 -4.75783 -0.9656 0.37378 0.61777 -0.54833 0.42189
1403636950.551666498 5.10293 -4.78895 -0.97623 0.38473 0.61866 -0.54062 0.42067
1403636950.651666403 5.13547 -4.82659 -0.98913 0.39082 0.61924 -0.53608 0.42003
1403636950.751666546 5.16798 -4.85701 -0.99331 0.38955 0.61624 -0.53621 0.42541
1403636950.851666451 5.2056 -4.89173 -0.99364 0.3853 0.61256 -0.5381 0.43216
1403636950.951666594 5.2415 -4.92183 -0.9841 0.38381 0.61161 -0.53823 0.43466
1403636951.051666498 5.2806 -4.9533 -0.96856 0.38114 0.60924 -0.53942 0.43885
1403636951.151666403 5.31988 -4.97947 -0.95195 0.37164 0.60749 -0.54559 0.44178
1403636951.251666546 5.35692 -5.00832 -0.94274 0.36685 0.61131 -0.54927 0.43592
1403636951.351666451 5.39048 -5.03824 -0.94113 0.36278 0.61735 -0.55239 0.42677
1403636951.451666594 5.42318 -5.06682 -0.94108 0.36167 0.62208 -0.55338 0.4195
1403636951.551666498 5.45411 -5.10437 -0.94947 0.36189 0.62347 -0.55355 0.41702
1403636951.651666403 5.48636 -5.14167 -0.95597 0.36531 0.62434 -0.55147 0.41549
1403636951.751666546 5.52151 -5.19126 -0.96695 0.37035 0.62255 -0.54824 0.41799
1403636951.851666451 5.5563 -5.23867 -0.96401 0.37681 0.62109 -0.54372 0.42026
1403636951.951666594 5.59463 -5.29375 -0.9621 0.38337 0.62135 -0.53941 0.41951
1403636952.051666498 5.63661 -5.34896 -0.96119 0.38683 0.6214 -0.53716 0.41915
1403636952.151666403 5.68038 -5.39878 -0.96123 0.3867 0.61863 -0.5373 0.42317
1403636952.251666546 5.73043 -5.45332 -0.97185 0.38562 0.61379 -0.53805 0.43019
1403636952.351666451 5.78169 -5.5053 -0.98696 0.38148 0.6078 -0.54068 0.43899
1403636952.451666594 5.82577 -5.55038 -1.0065 0.38153 0.60547 -0.54007 0.44291
1403636952.551666498 5.87084 -5.59406 -1.02954 0.38425 0.60702 -0.5379 0.44106
1403636952.651666403 5.91454 -5.63174 -1.05118 0.38737 0.6079 -0.53536 0.44023
1403636952.751666546 5.95764 -5.66556 -1.06726 0.38667 0.60978 -0.53549 0.43806
1403636952.851666451 6.00133 -5.69503 -1.08121 0.38206 0.61373 -0.53882 0.43248
1403636952.951666594 6.04653 -5.72542 -1.09478 0.37427 0.61564 -0.54466 0.42924
1403636953.051666498 6.09354 -5.7587 -1.11378 0.36515 0.6141 -0.5518 0.43019
1403636953.151666403 6.14114 -5.795 -1.13851 0.3595 0.61228 -0.55604 0.43208
1403636953.251666546 6.1798 -5.82988 -1.16613 0.35887 0.61261 -0.55666 0.43135
1403636953.351666451 6.21535 -5.86663 -1.19205 0.35987 0.61372 -0.55544 0.43049
1403636953.451666594 6.24994 -5.90878 -1.20974 0.36656 0.61482 -0.55045 0.42969
1403636953.551666498 6.27985 -5.94695 -1.22118 0.37278 0.61631 -0.54511 0.42901
1403636953.651666403 6.31057 -5.98716 -1.22732 0.37571 0.62077 -0.54201 0.42393
1403636953.751666546 6.34546 -6.03181 -1.2257 0.37685 0.62626 -0.53989 0.4175
1403636953.851666451 6.38013 -6.07376 -1.21484 0.38101 0.63006 -0.53543 0.41372
1403636953.951666594 6.42513 -6.12373 -1.19932 0.37845 0.62904 -0.53621 0.41662
1403636954.051666498 6.47035 -6.16907 -1.18277 0.37549 0.62725 -0.53773 0.42002
1403636954.151666403 6.52189 -6.22149 -1.17191 0.37485 0.62605 -0.53815 0.42184
1403636954.251666546 6.57217 -6.26912 -1.16339 0.37349 0.62653 -0.5392 0.42098
1403636954.351666451 6.62791 -6.32583 -1.15616 0.37211 0.62635 -0.54087 0.42033
1403636954.451666594 6.68444 -6.37944 -1.14084 0.37028 0.62691 -0.54328 0.418
1403636954.551666498 6.74426 -6.436 -1.12186 0.37067 0.62649 -0.545 0.41603
1403636954.651666403 6.80751 -6.50142 -1.11037 0.37432 0.62537 -0.54498 0.41448
1403636954.751666546 6.87064 -6.56269 -1.11134 0.37887 0.62041 -0.54508 0.41765
1403636954.851666451 6.93974 -6.63192 -1.12825 0.38401 0.6148 -0.54507 0.42126
1403636954.951666594 7.00859 -6.69726 -1.1511 0.38679 0.60896 -0.54665 0.42513
1403636955.051666498 7.07815 -6.7593 -1.17803 0.39044 0.6066 -0.54782 0.42365
1403636955.151666403 7.14485 -6.81635 -1.2 0.394 0.60614 -0.54909 0.41936
1403636955.251666546 7.2083 -6.86859 -1.21632 0.39547 0.60334 -0.55212 0.41804
1403636955.351666451 7.27989 -6.92581 -1.22318 0.39899 0.60089 -0.55382 0.41596
1403636955.451666594 7.35368 -6.98097 -1.22621 0.4011 0.59872 -0.55587 0.41433
1403636955.551666498 7.43145 -7.03612 -1.23696 0.40226 0.59743 -0.55767 0.41263
1403636955.651666403 7.50911 -7.08813 -1.25112 0.40343 0.59613 -0.55917 0.41134
1403636955.751666546 7.58789 -7.13883 -1.26563 0.40356 0.59512 -0.56053 0.41082
1403636955.851666451 7.66739 -7.18554 -1.27298 0.40343 0.59424 -0.56181 0.41046
1403636955.951666594 7.75002 -7.23483 -1.27251 0.39792 0.59021 -0.56684 0.41474
1403636956.051666498 7.83154 -7.28114 -1.26245 0.39012 0.58268 -0.57369 0.42329
1403636956.151666403 7.90623 -7.32445 -1.24684 -0.38397 -0.57765 0.57901 -0.42853
1403636956.251666546 7.97232 -7.36424 -1.23297 -0.38191 -0.57461 0.58183 -0.43063
1403636956.351666451 8.03452 -7.40402 -1.22679 0.38981 0.57867 -0.57798 0.42322
1403636956.451666594 8.09668 -7.44407 -1.23017 0.39872 0.58406 -0.57234 0.41512
1403636956.551666498 8.15676 -7.48219 -1.23787 0.40352 0.58658 -0.56517 0.41675
1403636956.651666403 8.2143 -7.51595 -1.24942 0.39767 0.58726 -0.55864 0.43001
1403636956.751666546 8.27122 -7.54488 -1.26509 0.38116 0.59181 -0.553 0.44572
1403636956.851666451 8.3238 -7.56887 -1.27567 0.36213 0.60336 -0.54302 0.4582
1403636956.951666594 8.37103 -7.59033 -1.27868 0.3492 0.62132 -0.52468 0.46554
1403636957.051666498 8.41331 -7.61081 -1.27434 0.34074 0.64137 -0.50031 0.47141
1403636957.151666403 8.4569 -7.63142 -1.26375 0.33164 0.66115 -0.47539 0.47634
1403636957.251666546 8.49789 -7.64991 -1.24844 0.32154 0.6759 -0.45525 0.48221
1403636957.351666451 8.53658 -7.66684 -1.23512 0.31218 0.68618 -0.44161 0.48649
1403636957.451666594 8.57324 -7.6821 -1.22734 0.30412 0.69221 -0.43292 0.49086
1403636957.551666498 8.61124 -7.69757 -1.22723 0.29751 0.69531 -0.42816 0.49468
1403636957.651666403 8.6489 -7.7113 -1.23447 0.29038 0.69892 -0.4216 0.49945
1403636957.751666546 8.68604 -7.72363 -1.24952 0.27982 0.70468 -0.4123 0.50511
1403636957.851666451 8.72135 -7.73426 -1.26932 0.26326 0.71437 -0.39715 0.51248
1403636957.951666594 8.75438 -7.74348 -1.29063 0.24528 0.72666 -0.37507 0.52069
1403636958.051666498 8.78481 -7.75243 -1.30628 0.2252 0.73911 -0.35069 0.52917
1403636958.151666403 8.81191 -7.7645 -1.31429 0.2099 0.75092 -0.32609 0.53453
1403636958.251666546 8.83671 -7.77845 -1.31219 0.19557 0.75947 -0.30668 0.53936
1403636958.351666451 8.85767 -7.79214 -1.3012 0.18482 0.76716 -0.2874 0.54287
1403636958.451666594 8.8762 -7.80702 -1.28287 0.17871 0.77325 -0.27234 0.54403
1403636958.551666498 8.89386 -7.82283 -1.26655 0.17513 0.77767 -0.26291 0.54354
1403636958.651666403 8.91243 -7.83985 -1.25526 0.17316 0.77912 -0.25827 0.54432
1403636958.751666546 8.93237 -7.85807 -1.2476 0.17433 0.77945 -0.25604 0.54453
1403636958.851666451 8.95076 -7.87604 -1.24331 0.17423 0.77942 -0.25659 0.54434
1403636958.951666594 8.97149 -7.89415 -1.24416 0.17797 0.77981 -0.25716 0.54231
1403636959.051666498 8.99404 -7.91174 -1.25086 0.17985 0.77943 -0.25944 0.54114
1403636959.151666403 9.01826 -7.92916 -1.26279 0.17999 0.77926 -0.26292 0.53965
1403636959.251666546 9.04395 -7.94646 -1.28028 0.18313 0.7786 -0.26388 0.53909
1403636959.351666451 9.07631 -7.96423 -1.30577 0.19126 0.77909 -0.26152 0.53671
1403636959.451666594 9.10172 -7.97755 -1.33495 0.19576 0.7783 -0.26031 0.53681
1403636959.551666498 9.13014 -7.98823 -1.36737 0.196 0.77433 -0.26165 0.5418
1403636959.651666403 9.16408 -7.99865 -1.39787 0.19338 0.77055 -0.26498 0.54648
1403636959.751666546 9.195 -8.00724 -1.41847 0.19106 0.77108 -0.26882 0.54468
1403636959.851666451 9.22542 -8.01372 -1.43028 0.18991 0.77204 -0.27088 0.54269
1403636959.951666594 9.25414 -8.01844 -1.43546 0.18989 0.77311 -0.27231 0.54046
1403636960.051666498 9.28763 -8.02441 -1.43562 0.18987 0.77293 -0.27307 0.54034
1403636960.151666403 9.31789 -8.02973 -1.42831 0.19146 0.77295 -0.27235 0.54011
1403636960.251666546 9.34781 -8.0345 -1.42252 0.19787 0.77461 -0.26762 0.53778
1403636960.351666451 9.37959 -8.03729 -1.42275 0.20394 0.77602 -0.26322 0.53564
1403636960.451666594 9.41407 -8.03724 -1.42748 0.20674 0.77402 -0.25902 0.5395
1403636960.551666498 9.44479 -8.0311 -1.43292 0.20713 0.77335 -0.25124 0.54397
1403636960.651666403 9.48565 -8.02299 -1.44743 0.20538 0.77314 -0.24477 0.54787
1403636960.751666546 9.51969 -8.00714 -1.46266 0.19242 0.77344 -0.24701 0.55113
1403636960.851666451 9.55499 -7.9877 -1.48155 0.17785 0.77661 -0.24484 0.55253
1403636960.951666594 9.58958 -7.96613 -1.50011 0.16356 0.78215 -0.23266 0.5544
1403636961.051666498 9.62527 -7.9434 -1.51325 0.14953 0.7875 -0.21205 0.55904
1403636961.151666403 9.6575 -7.91845 -1.52055 0.13223 0.79247 -0.19081 0.564
1403636961.251666546 9.688 -7.89403 -1.5219 0.1145 0.79805 -0.16843 0.56714
1403636961.351666451 9.71796 -7.87099 -1.5151 0.10252 0.80201 -0.14642 0.56994
1403636961.451666594 9.74723 -7.84737 -1.50189 0.09209 0.8045 -0.13074 0.57203
1403636961.551666498 9.77494 -7.82296 -1.48145 0.0824 0.80649 -0.1188 0.5733
1403636961.651666403 9.80258 -7.79757 -1.45439 0.07093 0.80815 -0.10563 0.57507
1403636961.751666546 9.82952 -7.77224 -1.4203 0.06062 0.80931 -0.09021 0.57724
1403636961.851666451 9.85431 -7.74629 -1.38816 0.05069 0.81165 -0.07323 0.57731
1403636961.951666594 9.8776 -7.71905 -1.36198 0.03879 0.8121 -0.05527 0.57959
1403636962.051666498 9.8998 -7.69162 -1.34271 0.02573 0.81425 -0.03677 0.57878
1403636962.151666403 9.92096 -7.66404 -1.32594 0.01245 0.81537 -0.01713 0.57855
1403636962.251666546 9.9423 -7.63513 -1.30481 -0.00094 0.81439 0.00334 0.58031
1403636962.351666451 9.96185 -7.60546 -1.27837 -0.01509 0.81405 0.02435 0.58009
1403636962.451666594 9.97962 -7.57519 -1.24546 -0.02864 0.81282 0.04657 0.57995
1403636962.551666498 9.99553 -7.54336 -1.20683 -0.03806 0.81107 0.07205 0.57925
1403636962.651666403 10.00864 -7.50926 -1.16854 -0.04592 0.80876 0.09768 0.57815
1403636962.751666546 10.01914 -7.47323 -1.1357 -0.05038 0.80561 0.11933 0.57811
1403636962.851666451 10.02628 -7.43366 -1.11029 -0.05546 0.80356 0.13177 0.5778
1403636962.951666594 10.02921 -7.38953 -1.09171 -0.06538 0.8022 0.13385 0.57818
1403636963.051666498 10.0297 -7.34159 -1.07645 -0.07484 0.7964 0.13139 0.58557
1403636963.151666403 10.02573 -7.29153 -1.06602 -0.07956 0.79316 0.12833 0.59
1403636963.251666546 10.01681 -7.24052 -1.06036 -0.08127 0.79612 0.12411 0.58667
1403636963.351666451 10.00475 -7.1867 -1.05745 -0.08528 0.80035 0.11714 0.58176
1403636963.451666594 9.99139 -7.13641 -1.05938 -0.08432 0.80279 0.11316 0.57932
1403636963.551666498 9.9747 -7.08482 -1.05864 -0.07972 0.80341 0.11133 0.57946
1403636963.651666403 9.95421 -7.03675 -1.05527 -0.07493 0.80417 0.10954 0.57939
1403636963.751666546 9.93471 -6.98723 -1.04301 -0.07132 0.80465 0.10709 0.57964
1403636963.851666451 9.91145 -6.93841 -1.02454 -0.06892 0.80487 0.10497 0.58001
1403636963.951666594 9.88699 -6.88929 -0.99848 -0.06735 0.80448 0.10303 0.58108
1403636964.051666498 9.86022 -6.84015 -0.96714 -0.06629 0.80428 0.10222 0.58163
1403636964.151666403 9.83034 -6.79045 -0.93163 -0.06521 0.80354 0.10315 0.58261
1403636964.251666546 9.80151 -6.73522 -0.89948 -0.06519 0.80254 0.10367 0.5839
1403636964.351666451 9.76493 -6.68543 -0.87608 -0.0639 0.80225 0.1058 0.58405
1403636964.451666594 9.73199 -6.63159 -0.85748 -0.0631 0.80201 0.10805 0.58406
1403636964.551666498 9.69065 -6.57822 -0.84456 -0.06148 0.80163 0.11335 0.58375
1403636964.651666403 9.64928 -6.51924 -0.83541 -0.06098 0.79915 0.12479 0.58486
1403636964.751666546 9.60067 -6.45894 -0.83276 -0.06399 0.79702 0.14006 0.58399
1403636964.851666451 9.55051 -6.39347 -0.83469 -0.07424 0.79339 0.1561 0.58365
1403636964.951666594 9.49506 -6.32475 -0.83288 -0.09134 0.78721 0.17295 0.58485
1403636965.051666498 9.4347 -6.25141 -0.82391 -0.11068 0.78222 0.19044 0.58276
1403636965.151666403 9.37013 -6.17541 -0.8073 -0.12354 0.78086 0.20679 0.5764
1403636965.251666546 9.30228 -6.09884 -0.78467 -0.13096 0.7847 0.22029 0.56441
1403636965.351666451 9.23476 -6.02287 -0.75719 -0.13269 0.79512 0.23058 0.54499
1403636965.451666594 9.1679 -5.94091 -0.72377 -0.13331 0.80577 0.23613 0.52651
1403636965.551666498 9.10977 -5.85459 -0.68053 -0.14101 0.80856 0.2329 0.52164
1403636965.651666403 9.06305 -5.76392 -0.62329 -0.15543 0.79928 0.22277 0.53607
1403636965.751666546 9.02037 -5.67155 -0.5649 -0.16818 0.79107 0.212 0.54862
1403636965.851666451 8.97778 -5.58167 -0.51411 -0.16491 0.78495 0.21169 0.55844
1403636965.951666594 8.93309 -5.49514 -0.47184 -0.15559 0.78227 0.21544 0.56341
1403636966.051666498 8.88473 -5.40949 -0.43656 -0.14777 0.78014 0.21841 0.56731
1403636966.151666403 8.83678 -5.32581 -0.40896 -0.14401 0.77909 0.21849 0.56968
1403636966.251666546 8.78339 -5.24501 -0.38965 -0.1438 0.77849 0.21691 0.57116
1403636966.351666451 8.73147 -5.16502 -0.37686 -0.14535 0.77852 0.21385 0.57187
1403636966.451666594 8.67426 -5.09093 -0.37334 -0.16086 0.78076 0.20142 0.56918
1403636966.551666498 8.61913 -5.01721 -0.37284 -0.17227 0.78232 0.19129 0.56719
1403636966.651666403 8.56428 -4.96128 -0.38327 -0.16705 0.78191 0.19236 0.56896
1403636966.751666546 8.50964 -4.90985 -0.39594 -0.15525 0.78126 0.19792 0.57128
1403636966.851666451 8.4528 -4.85738 -0.40092 -0.15272 0.78095 0.19776 0.57244
1403636966.951666594 8.39359 -4.80848 -0.39773 -0.15602 0.78171 0.19399 0.57181
1403636967.051666498 8.33166 -4.76669 -0.39507 -0.15384 0.78147 0.19397 0.57273
1403636967.151666403 8.26875 -4.72451 -0.3952 -0.14784 0.78105 0.19703 0.57383
1403636967.251666546 8.20589 -4.68974 -0.40375 -0.14606 0.78093 0.19745 0.5743
1403636967.351666451 8.13961 -4.65174 -0.41361 -0.14278 0.78032 0.19876 0.57551
1403636967.451666594 8.07004 -4.61349 -0.41847 -0.1408 0.77999 0.19904 0.57635
1403636967.551666498 7.9961 -4.57853 -0.41697 -0.14037 0.7796 0.19829 0.57724
1403636967.651666403 7.91886 -4.54537 -0.40909 -0.13874 0.77947 0.19821 0.57783
1403636967.751666546 7.83888 -4.51183 -0.41128 -0.13736 0.77948 0.19806 0.5782
1403636967.851666451 7.75592 -4.47863 -0.43091 -0.13765 0.77934 0.19763 0.57847
1403636967.951666594 7.6718 -4.44717 -0.4603 -0.13721 0.77835 0.198 0.57978
1403636968.051666498 7.58208 -4.4171 -0.49748 -0.13788 0.77844 0.1979 0.57953
1403636968.151666403 7.48995 -4.38965 -0.53556 -0.14196 0.77834 0.19569 0.57943
1403636968.251666546 7.39443 -4.36382 -0.57059 -0.14173 0.77911 0.19589 0.57839
1403636968.351666451 7.29475 -4.3407 -0.59644 -0.14182 0.78018 0.19606 0.57686
1403636968.451666594 7.19409 -4.31887 -0.61521 -0.14237 0.78117 0.19547 0.57558
1403636968.551666498 7.0877 -4.29846 -0.62452 -0.14289 0.78145 0.1949 0.57527
1403636968.651666403 6.98548 -4.27639 -0.62846 -0.1367 0.78089 0.19862 0.57626
1403636968.751666546 6.87539 -4.25694 -0.62874 -0.13167 0.78027 0.20215 0.57704
1403636968.851666451 6.76871 -4.23197 -0.63347 -0.12987 0.78009 0.20277 0.57748
1403636968.951666594 6.6535 -4.21047 -0.63341 -0.13384 0.78109 0.19953 0.57635
1403636969.051666498 6.54113 -4.18279 -0.62669 -0.13686 0.78148 0.19719 0.57591
1403636969.151666403 6.42136 -4.16154 -0.614 -0.14004 0.78482 0.19505 0.57131
1403636969.251666546 6.30427 -4.13798 -0.59676 -0.13986 0.79121 0.19482 0.56255
1403636969.351666451 6.1863 -4.11625 -0.57345 -0.13736 0.7968 0.1959 0.55485
1403636969.451666594 6.07321 -4.09425 -0.54455 -0.13445 0.80001 0.19688 0.55058
1403636969.551666498 5.9635 -4.07068 -0.51949 -0.13217 0.80205 0.19726 0.54803
1403636969.651666403 5.85615 -4.04621 -0.49993 -0.13144 0.80284 0.19651 0.54732
1403636969.751666546 5.75475 -4.0185 -0.48591 -0.13143 0.80264 0.19548 0.54798
1403636969.851666451 5.65403 -3.98897 -0.47746 -0.13021 0.80358 0.19574 0.5468
1403636969.951666594 5.55685 -3.95885 -0.47273 -0.13083 0.80245 0.19534 0.54846
1403636970.051666498 5.46322 -3.92675 -0.47471 -0.13416 0.79739 0.19358 0.55561
1403636970.151666403 5.37196 -3.89557 -0.48082 -0.13498 0.79151 0.19386 0.56365
1403636970.251666546 5.28123 -3.86456 -0.48826 -0.13676 0.78745 0.19345 0.56903
1403636970.351666451 5.19229 -3.8332 -0.49744 -0.13712 0.78964 0.19374 0.5658
1403636970.451666594 5.10281 -3.80076 -0.50482 -0.13498 0.79567 0.19579 0.55709
1403636970.551666498 5.01527 -3.76788 -0.51152 -0.1342 0.80079 0.19673 0.54957
1403636970.651666403 4.9279 -3.73256 -0.51152 -0.13286 0.80452 0.19883 0.54365
1403636970.751666546 4.84519 -3.69532 -0.50326 -0.13235 0.80849 0.20039 0.53728
1403636970.851666451 4.76929 -3.6548 -0.49047 -0.13016 0.81267 0.20308 0.53045
1403636970.951666594 4.70193 -3.60965 -0.48168 -0.13089 0.8168 0.20316 0.52386
1403636971.051666498 4.6444 -3.56083 -0.47815 -0.13831 0.81667 0.19841 0.52398
1403636971.151666403 4.59586 -3.51094 -0.47985 -0.14951 0.81245 0.1909 0.53021
1403636971.251666546 4.55313 -3.46149 -0.48688 -0.16297 0.80799 0.18138 0.53638
1403636971.351666451 4.51606 -3.41729 -0.49927 -0.17448 0.80467 0.1735 0.54034
1403636971.451666594 4.48669 -3.38083 -0.51595 -0.17725 0.8027 0.17204 0.54282
1403636971.551666498 4.46422 -3.35149 -0.53772 -0.17219 0.80141 0.17671 0.54485
1403636971.651666403 4.44657 -3.32739 -0.56321 -0.16319 0.79588 0.18379 0.55332
1403636971.751666546 4.43287 -3.3089 -0.59339 -0.15622 0.79005 0.19016 0.56148
1403636971.851666451 4.4192 -3.29303 -0.6265 -0.15705 0.78628 0.19076 0.56631
1403636971.951666594 4.40207 -3.2796 -0.65611 -0.15751 0.78555 0.19135 0.567
1403636972.051666498 4.38415 -3.26915 -0.67745 -0.1571 0.78516 0.1925 0.56727
1403636972.151666403 4.36372 -3.26233 -0.69432 -0.15537 0.78637 0.19335 0.56578
1403636972.251666546 4.34094 -3.25916 -0.70373 -0.15858 0.79177 0.19122 0.55802
1403636972.351666451 4.3219 -3.25843 -0.70642 -0.15692 0.79596 0.19204 0.55221
1403636972.451666594 4.30974 -3.25949 -0.69576 -0.15376 0.79676 0.19369 0.55137
1403636972.551666498 4.29942 -3.26232 -0.68021 -0.15188 0.79476 0.19451 0.55449
1403636972.651666403 4.29291 -3.26793 -0.65365 -0.14785 0.79204 0.19651 0.55874
1403636972.751666546 4.28404 -3.27275 -0.63623 -0.1462 0.79156 0.19685 0.55974
1403636972.851666451 4.27503 -3.27874 -0.62201 -0.14632 0.79191 0.19629 0.55941
1403636972.951666594 4.2653 -3.28417 -0.61752 -0.14365 0.79353 0.19394 0.55863
1403636973.051666498 4.25536 -3.29099 -0.6193 -0.13657 0.7979 0.18587 0.55691
1403636973.151666403 4.2448 -3.29789 -0.62571 -0.12988 0.80133 0.17665 0.5566
1403636973.251666546 4.2347 -3.30598 -0.63528 -0.12457 0.80276 0.16954 0.55796
1403636973.351666451 4.22538 -3.31326 -0.65088 -0.12066 0.80353 0.16384 0.5594
1403636973.451666594 4.21758 -3.3187 -0.67107 -0.11758 0.80453 0.15989 0.55977
1403636973.551666498 4.21157 -3.32206 -0.69497 -0.1136 0.80394 0.15838 0.56186
1403636973.651666403 4.20552 -3.32521 -0.72138 -0.11282 0.80179 0.15613 0.56571
1403636973.751666546 4.19997 -3.32663 -0.74589 -0.11136 0.7994 0.1559 0.56944
1403636973.851666451 4.19431 -3.32767 -0.76351 -0.11039 0.79748 0.15683 0.57205
1403636973.951666594 4.1872 -3.32893 -0.77312 -0.11292 0.79708 0.15567 0.57243
1403636974.051666498 4.17814 -3.32946 -0.77819 -0.11355 0.80072 0.15105 0.56846
1403636974.151666403 4.17042 -3.33169 -0.78083 -0.10896 0.80619 0.14034 0.56435
1403636974.251666546 4.16358 -3.33623 -0.78691 -0.09512 0.80991 0.1248 0.56518
1403636974.351666451 4.16387 -3.34127 -0.79834 -0.07726 0.81262 0.10537 0.56795
1403636974.451666594 4.16157 -3.34624 -0.81602 -0.05927 0.81382 0.08192 0.57225
1403636974.551666498 4.15911 -3.34986 -0.83861 -0.04108 0.81417 0.05646 0.57641
1403636974.651666403 4.15619 -3.35245 -0.86379 -0.0221 0.81469 0.03028 0.57869
1403636974.751666546 4.14875 -3.35487 -0.88588 -0.00703 0.81753 0.00426 0.57583
1403636974.851666451 4.13946 -3.35625 -0.89977 0.00315 0.821 -0.02194 0.5705
1403636974.951666594 4.13071 -3.35863 -0.90515 0.01066 0.82423 -0.04777 0.56413
1403636975.051666498 4.12452 -3.36347 -0.90262 0.02027 0.82513 -0.069 0.56035
1403636975.151666403 4.12284 -3.37101 -0.89505 0.03458 0.82117 -0.08218 0.56367
1403636975.251666546 4.12529 -3.37962 -0.89078 0.04834 0.81532 -0.08846 0.57017
1403636975.351666451 4.12883 -3.3879 -0.89236 0.05628 0.81006 -0.09196 0.57635
1403636975.451666594 4.13262 -3.3951 -0.90177 0.06106 0.80957 -0.09309 0.57636
1403636975.551666498 4.1368 -3.40064 -0.91531 0.06251 0.81271 -0.09293 0.57181
1403636975.651666403 4.13941 -3.40587 -0.92243 0.06233 0.81637 -0.09133 0.56685
1403636975.751666546 4.14717 -3.40979 -0.92145 0.06108 0.81942 -0.0886 0.56301
1403636975.851666451 4.15529 -3.41362 -0.91206 0.06148 0.82093 -0.08873 0.56073
1403636975.951666594 4.17019 -3.41753 -0.90351 0.06574 0.82077 -0.09712 0.5591
1403636976.051666498 4.18347 -3.42174 -0.89855 0.07007 0.81561 -0.11371 0.56298
1403636976.151666403 4.19886 -3.42706 -0.89854 0.07143 0.80653 -0.13759 0.57051
1403636976.251666546 4.21221 -3.43564 -0.90446 0.0749 0.79806 -0.16432 0.57489
1403636976.351666451 4.22251 -3.44944 -0.915 0.08591 0.79114 -0.18955 0.57514
1403636976.451666594 4.22868 -3.46849 -0.93033 0.10201 0.78514 -0.21254 0.5727
1403636976.551666498 4.23204 -3.49242 -0.94954 0.12577 0.78277 -0.22639 0.56586
1403636976.651666403 4.23356 -3.51765 -0.97401 0.14592 0.78134 -0.23389 0.55992
1403636976.751666546 4.23324 -3.54254 -1.00436 0.15777 0.77967 -0.24067 0.55614
1403636976.851666451 4.23271 -3.5668 -1.04048 0.16026 0.78125 -0.24847 0.54975
1403636976.951666594 4.23312 -3.59103 -1.07384 0.15806 0.78313 -0.25505 0.54467
1403636977.051666498 4.23374 -3.61663 -1.09703 0.15612 0.78393 -0.25781 0.54279
1403636977.151666403 4.23522 -3.6457 -1.10952 0.15368 0.78468 -0.25903 0.54181
1403636977.251666546 4.23823 -3.67839 -1.11531 0.15073 0.78572 -0.25844 0.54142
1403636977.351666451 4.24162 -3.71445 -1.11955 0.15004 0.78484 -0.25498 0.54452
1403636977.451666594 4.24542 -3.7533 -1.12789 0.15259 0.78225 -0.24894 0.5503
1403636977.551666498 4.24964 -3.7935 -1.14114 0.15485 0.77922 -0.24372 0.55627
1403636977.651666403 4.25208 -3.83388 -1.16025 0.15532 0.77752 -0.24072 0.55982
1403636977.751666546 4.25047 -3.87432 -1.18528 0.1533 0.77738 -0.24504 0.55869
1403636977.851666451 4.25015 -3.91448 -1.21296 0.14868 0.7778 -0.25315 0.55574
1403636977.951666594 4.24854 -3.95649 -1.23987 0.15077 0.77616 -0.25602 0.55614
1403636978.051666498 4.24109 -4.00143 -1.25834 0.15723 0.77489 -0.25477 0.5567
1403636978.151666403 4.23526 -4.04684 -1.26946 0.16156 0.7756 -0.25419 0.55474
1403636978.251666546 4.22609 -4.09381 -1.27307 0.1649 0.77817 -0.25385 0.55029
1403636978.351666451 4.21725 -4.13905 -1.27021 0.16671 0.7804 -0.25415 0.54643
1403636978.451666594 4.20827 -4.18827 -1.26288 0.16786 0.78484 -0.25427 0.53963
1403636978.551666498 4.20246 -4.23493 -1.25294 0.16692 0.79033 -0.2562 0.53093
1403636978.651666403 4.20013 -4.287 -1.25003 0.16543 0.79473 -0.25867 0.52357
1403636978.751666546 4.20373 -4.33949 -1.25154 0.16502 0.79738 -0.2597 0.51914
1403636978.851666451 4.21359 -4.39035 -1.2552 0.16556 0.79723 -0.25963 0.51923
1403636978.951666594 4.23094 -4.44724 -1.26367 0.16834 0.79198 -0.25789 0.52718
1403636979.051666498 4.25171 -4.50198 -1.27546 0.17342 0.78278 -0.25455 0.54073
1403636979.151666403 4.27636 -4.55588 -1.29822 0.17624 0.77688 -0.25221 0.54935
1403636979.251666546 4.3021 -4.60681 -1.32722 0.17495 0.77878 -0.25276 0.54682
1403636979.351666451 4.32773 -4.65183 -1.35517 0.17297 0.78482 -0.25418 0.53807
1403636979.451666594 4.35519 -4.69868 -1.37366 0.17101 0.79018 -0.25548 0.5302
1403636979.551666498 4.38786 -4.74637 -1.38666 0.16917 0.79347 -0.25688 0.52516
1403636979.651666403 4.42577 -4.79453 -1.39081 0.16821 0.7942 -0.25855 0.52355
1403636979.751666546 4.46565 -4.84201 -1.38875 0.17089 0.79514 -0.25859 0.52122
1403636979.851666451 4.51179 -4.89015 -1.37955 0.17514 0.7908 -0.25799 0.5267
1403636979.951666594 4.56405 -4.93626 -1.36712 0.17865 0.78556 -0.25826 0.53318
1403636980.051666498 4.61679 -4.98198 -1.36192 0.18191 0.78315 -0.25844 0.53553
1403636980.151666403 4.66888 -5.02632 -1.36183 0.18308 0.7811 -0.25956 0.53758
1403636980.251666546 4.72511 -5.07234 -1.36933 0.18284 0.77992 -0.26132 0.53853
1403636980.351666451 4.78094 -5.1148 -1.37753 0.1834 0.77591 -0.26218 0.54368
1403636980.451666594 4.83897 -5.15731 -1.39489 0.18257 0.77152 -0.26297 0.54979
1403636980.551666498 4.89632 -5.1979 -1.41293 0.17911 0.7685 -0.26476 0.55428
1403636980.651666403 4.95108 -5.23765 -1.43455 0.17482 0.76625 -0.26659 0.55787
1403636980.751666546 5.00393 -5.27643 -1.44862 0.1755 0.76753 -0.26469 0.55681
1403636980.851666451 5.05237 -5.31173 -1.45795 0.17869 0.77295 -0.26063 0.55017
1403636980.951666594 5.10157 -5.34661 -1.45936 0.18113 0.77794 -0.25751 0.54377
1403636981.051666498 5.14993 -5.37892 -1.45882 0.18167 0.77947 -0.25628 0.54198
1403636981.151666403 5.20196 -5.41081 -1.46432 0.17844 0.77722 -0.25856 0.5452
1403636981.251666546 5.25311 -5.4406 -1.47356 0.1705 0.77286 -0.26557 0.55054
1403636981.351666451 5.3021 -5.4707 -1.4857 0.16135 0.76717 -0.27352 0.55732
1403636981.451666594 5.33722 -5.49438 -1.50117 0.16249 0.7667 -0.27488 0.55696
1403636981.551666498 5.37364 -5.52386 -1.51923 0.1732 0.77067 -0.2703 0.55046
1403636981.651666403 5.4154 -5.55803 -1.53351 0.18372 0.77618 -0.26572 0.54146
1403636981.751666546 5.4492 -5.58505 -1.53808 0.18965 0.77879 -0.26473 0.53613
1403636981.851666451 5.48578 -5.61076 -1.53462 0.19129 0.78264 -0.2666 0.52897
1403636981.951666594 5.53233 -5.64065 -1.52502 0.18984 0.78722 -0.27039 0.52071
1403636982.051666498 5.57444 -5.66496 -1.51525 0.1857 0.79165 -0.27538 0.51281
1403636982.151666403 5.62996 -5.69637 -1.51027 0.1811 0.79466 -0.2797 0.50744
1403636982.251666546 5.6843 -5.72679 -1.50806 0.17594 0.79356 -0.28391 0.50864
1403636982.351666451 5.75197 -5.76694 -1.51056 0.17187 0.78896 -0.28655 0.51565
1403636982.451666594 5.81859 -5.81052 -1.51331 0.17214 0.78055 -0.28573 0.52864
1403636982.551666498 5.88979 -5.86077 -1.51025 0.17428 0.77303 -0.2825 0.54059
1403636982.651666403 5.96172 -5.91496 -1.5041 0.17366 0.77225 -0.2809 0.54274
1403636982.751666546 6.03428 -5.97215 -1.49646 0.17248 0.77492 -0.27958 0.53999
1403636982.851666451 6.10269 -6.02934 -1.48818 0.17241 0.77851 -0.27778 0.53576
1403636982.951666594 6.17438 -6.09018 -1.48692 0.17511 0.78028 -0.27507 0.53369
1403636983.051666498 6.24528 -6.15157 -1.49053 0.17798 0.7781 -0.27252 0.53723
1403636983.151666403 6.31695 -6.21351 -1.49932 0.1814 0.77509 -0.27011 0.54163
1403636983.251666546 6.38966 -6.27633 -1.51284 0.18581 0.77391 -0.2671 0.54331
1403636983.351666451 6.46267 -6.33781 -1.53068 0.18862 0.77299 -0.26602 0.54419
1403636983.451666594 6.53249 -6.39739 -1.55272 0.19062 0.77213 -0.26557 0.54493
1403636983.551666498 6.60429 -6.45496 -1.56923 0.19086 0.77334 -0.26675 0.54255
1403636983.651666403 6.67381 -6.5086 -1.58124 0.19112 0.77669 -0.26834 0.53686
1403636983.751666546 6.74704 -6.56131 -1.58197 0.19142 0.77973 -0.27021 0.53138
1403636983.851666451 6.81761 -6.6102 -1.57745 0.19247 0.78227 -0.27141 0.52664
1403636983.951666594 6.89319 -6.65759 -1.5636 0.1922 0.78358 -0.27354 0.52367
1403636984.051666498 6.96868 -6.70378 -1.54634 0.19158 0.78477 -0.27585 0.52091
1403636984.151666403 7.04814 -6.75066 -1.52696 0.19302 0.78373 -0.27678 0.52144
1403636984.251666546 7.13107 -6.7985 -1.51729 0.19547 0.77958 -0.27708 0.52656
1403636984.351666451 7.21632 -6.84521 -1.51169 0.19806 0.77595 -0.27694 0.53102
1403636984.451666594 7.30665 -6.89305 -1.51597 0.20047 0.77377 -0.27655 0.53348
1403636984.551666498 7.39918 -6.93989 -1.52664 0.20185 0.77215 -0.27653 0.53532
1403636984.651666403 7.49314 -6.98491 -1.53695 0.20213 0.77166 -0.27624 0.53608
1403636984.751666546 7.58376 -7.02455 -1.54123 0.2012 0.77086 -0.27591 0.53774
1403636984.851666451 7.67716 -7.06553 -1.54081 0.19694 0.76988 -0.27818 0.53954
1403636984.951666594 7.76503 -7.10039 -1.53573 0.19337 0.76859 -0.28054 0.54146
1403636985.051666498 7.85701 -7.14002 -1.52705 0.1926 0.76882 -0.28099 0.54117
1403636985.151666403 7.94533 -7.17613 -1.52045 0.19511 0.77049 -0.27964 0.53858
1403636985.251666546 8.02787 -7.20599 -1.52728 0.19801 0.77043 -0.27827 0.53832
1403636985.351666451 8.11863 -7.23995 -1.54157 0.199 0.77087 -0.2768 0.53809
1403636985.451666594 8.20379 -7.26655 -1.55728 0.19756 0.77403 -0.26999 0.53754
1403636985.551666498 8.29891 -7.29589 -1.56078 0.19405 0.77716 -0.26025 0.5391
1403636985.651666403 8.39248 -7.3208 -1.55769 0.19324 0.77935 -0.25092 0.54066
1403636985.751666546 8.48513 -7.34135 -1.54832 0.19329 0.77943 -0.24346 0.54392
1403636985.851666451 8.57949 -7.35785 -1.5354 0.1934 0.775 -0.23721 0.5529
1403636985.951666594 8.6717 -7.36839 -1.52471 0.19567 0.7627 -0.23036 0.57179
1403636986.051666498 8.75675 -7.3705 -1.52373 0.19886 0.75729 -0.22532 0.57982
1403636986.151666403 8.83711 -7.36472 -1.53353 0.19531 0.76203 -0.22648 0.57435
1403636986.251666546 8.91182 -7.35116 -1.54936 0.19087 0.77214 -0.22976 0.56087
1403636986.351666451 8.98546 -7.33145 -1.56578 0.18798 0.77894 -0.23184 0.55152
1403636986.451666594 9.05866 -7.30673 -1.58363 0.18063 0.78109 -0.23682 0.54881
1403636986.551666498 9.13167 -7.27872 -1.59732 0.17305 0.78093 -0.24181 0.5493
1403636986.651666403 9.20245 -7.24842 -1.60226 0.16835 0.78061 -0.24464 0.54996
1403636986.751666546 9.27197 -7.21827 -1.59801 0.16293 0.7794 -0.24804 0.55178
1403636986.851666451 9.33806 -7.18992 -1.58508 0.15942 0.77792 -0.25053 0.55377
1403636986.951666594 9.3992 -7.16385 -1.56163 0.16 0.77721 -0.25064 0.55454
1403636987.051666498 9.45871 -7.13986 -1.53162 0.16496 0.77698 -0.2487 0.55429
1403636987.151666403 9.51324 -7.11503 -1.4996 0.16858 0.7763 -0.2478 0.55456
1403636987.251666546 9.56789 -7.09116 -1.47433 0.16967 0.77456 -0.24894 0.55615
1403636987.351666451 9.61989 -7.06481 -1.45572 0.17169 0.77348 -0.24882 0.55709
1403636987.451666594 9.66964 -7.03912 -1.44316 0.17182 0.77258 -0.24527 0.55986
1403636987.551666498 9.71726 -7.00941 -1.43411 0.17468 0.76983 -0.23919 0.56536
1403636987.651666403 9.76132 -6.97737 -1.42954 0.17532 0.76805 -0.23501 0.56932
1403636987.751666546 9.8017 -6.942 -1.42644 0.17452 0.76797 -0.23211 0.57086
1403636987.851666451 9.83695 -6.9034 -1.41715 0.17127 0.76851 -0.23118 0.57151
1403636987.951666594 9.86623 -6.86198 -1.40192 0.16353 0.76989 -0.23407 0.57074
1403636988.051666498 9.89308 -6.81914 -1.38407 0.15384 0.77261 -0.23987 0.56734
1403636988.151666403 9.91441 -6.77723 -1.37079 0.14646 0.77463 -0.24496 0.56435
1403636988.251666546 9.93062 -6.73892 -1.36183 0.14191 0.77354 -0.24868 0.56538
1403636988.351666451 9.94203 -6.70369 -1.3548 0.14135 0.76745 -0.25002 0.57317
1403636988.451666594 9.94705 -6.67291 -1.34096 0.14348 0.76197 -0.24871 0.58048
1403636988.551666498 9.94211 -6.64181 -1.32017 0.14541 0.75865 -0.2473 0.58493
1403636988.651666403 9.92815 -6.61014 -1.29562 0.14576 0.75718 -0.24696 0.58689
1403636988.751666546 9.90711 -6.57997 -1.27452 0.14708 0.7561 -0.24606 0.58833
1403636988.851666451 9.87775 -6.54899 -1.25886 0.1468 0.75371 -0.24612 0.59144
1403636988.951666594 9.83772 -6.52091 -1.2491 0.14581 0.75073 -0.24686 0.59515
1403636989.051666498 9.78792 -6.49293 -1.24372 0.14497 0.74809 -0.24801 0.5982
1403636989.151666403 9.72834 -6.46453 -1.24194 0.14517 0.74748 -0.24875 0.5986
1403636989.251666546 9.65563 -6.43863 -1.23966 0.14768 0.75 -0.24821 0.59505
1403636989.351666451 9.57475 -6.41425 -1.2327 0.15548 0.75883 -0.245 0.58308
1403636989.451666594 9.48877 -6.38867 -1.21875 0.15912 0.76883 -0.24441 0.56907
1403636989.551666498 9.39857 -6.36334 -1.19771 0.16099 0.7743 -0.24464 0.56097
1403636989.651666403 9.30713 -6.33926 -1.17458 0.16476 0.77751 -0.24246 0.55636
1403636989.751666546 9.21546 -6.31522 -1.15668 0.16899 0.77972 -0.23975 0.55317
1403636989.851666451 9.12603 -6.2918 -1.14371 0.16888 0.77995 -0.23972 0.5529
1403636989.951666594 9.03547 -6.26426 -1.13721 0.16873 0.77602 -0.23981 0.55841
1403636990.051666498 8.94698 -6.23874 -1.13062 0.16956 0.77159 -0.239 0.5646
1403636990.151666403 8.85242 -6.20823 -1.12159 0.1702 0.76917 -0.23791 0.56816
1403636990.251666546 8.75997 -6.17969 -1.10552 0.17101 0.7712 -0.23658 0.56572
1403636990.351666451 8.65884 -6.14407 -1.08449 0.17101 0.77422 -0.23532 0.56211
1403636990.451666594 8.56381 -6.10981 -1.06041 0.16959 0.77756 -0.23439 0.55831
1403636990.551666498 8.46122 -6.06905 -1.04228 0.16696 0.7798 -0.23421 0.55604
1403636990.651666403 8.36797 -6.032 -1.02904 0.16478 0.78224 -0.23393 0.55338
1403636990.751666546 8.26972 -5.99056 -1.02304 0.16494 0.78412 -0.23202 0.55147
1403636990.851666451 8.17849 -5.95253 -1.02361 0.16523 0.78485 -0.23025 0.55109
1403636990.951666594 8.08461 -5.90947 -1.0301 0.16482 0.78527 -0.23011 0.55067
1403636991.051666498 7.99737 -5.87059 -1.03982 0.16544 0.78419 -0.22931 0.55235
1403636991.151666403 7.90686 -5.82961 -1.05265 0.16562 0.78421 -0.22988 0.55204
1403636991.251666546 7.82248 -5.78907 -1.06283 0.16634 0.78486 -0.2302 0.55076
1403636991.351666451 7.73474 -5.74417 -1.06628 0.16604 0.78479 -0.23164 0.55034
1403636991.451666594 7.65256 -5.70054 -1.06059 0.16727 0.78547 -0.23194 0.54887
1403636991.551666498 7.57384 -5.65748 -1.04306 0.16664 0.78488 -0.23427 0.54892
1403636991.651666403 7.49537 -5.61297 -1.02006 0.16347 0.78381 -0.23905 0.54934
1403636991.751666546 7.42097 -5.56942 -0.99203 0.15738 0.78239 -0.24649 0.54986
1403636991.851666451 7.34103 -5.52711 -0.9595 0.15333 0.78074 -0.25253 0.5506
1403636991.951666594 7.25969 -5.48787 -0.93415 0.15336 0.7801 -0.25548 0.55014
1403636992.051666498 7.18042 -5.45335 -0.91266 0.16011 0.77953 -0.25369 0.54986
1403636992.151666403 7.09756 -5.41976 -0.90179 0.16808 0.77718 -0.25036 0.55232
1403636992.251666546 7.02056 -5.38907 -0.89233 0.17361 0.77489 -0.24841 0.55471
1403636992.351666451 6.94155 -5.35643 -0.89429 0.17615 0.77504 -0.24885 0.5535
1403636992.451666594 6.86816 -5.32579 -0.89279 0.17692 0.77831 -0.25064 0.54782
1403636992.551666498 6.79443 -5.29258 -0.8928 0.17889 0.7804 -0.25193 0.54361
1403636992.651666403 6.72324 -5.2603 -0.88205 0.17966 0.78105 -0.25383 0.54153
1403636992.751666546 6.65349 -5.22751 -0.8618 0.18093 0.7819 -0.25484 0.5394
1403636992.851666451 6.58522 -5.19285 -0.84911 0.18356 0.78179 -0.25524 0.53848
1403636992.951666594 6.52348 -5.15955 -0.84009 0.18691 0.78137 -0.25475 0.53817
1403636993.051666498 6.46585 -5.125 -0.83648 0.18706 0.77788 -0.25673 0.54222
1403636993.151666403 6.40928 -5.08566 -0.83791 0.18153 0.77437 -0.25709 0.5489
1403636993.251666546 6.35627 -5.04846 -0.83268 0.17377 0.77453 -0.25122 0.55389
1403636993.351666451 6.3014 -5.00807 -0.82186 0.16433 0.77674 -0.24036 0.55847
1403636993.451666594 6.24697 -4.96835 -0.80269 0.15314 0.78013 -0.22597 0.56292
1403636993.551666498 6.19362 -4.9286 -0.77814 0.14206 0.78452 -0.20882 0.56634
1403636993.651666403 6.13904 -4.88923 -0.74975 0.13028 0.79002 -0.19378 0.56688
1403636993.751666546 6.08377 -4.84994 -0.72302 0.12222 0.79426 -0.18215 0.5666
1403636993.851666451 6.02958 -4.81212 -0.70213 0.11816 0.7969 -0.1732 0.56657
1403636993.951666594 5.97511 -4.7738 -0.68701 0.11452 0.79734 -0.16718 0.56849
1403636994.051666498 5.92041 -4.73432 -0.67651 0.11557 0.79431 -0.16149 0.57414
1403636994.151666403 5.86334 -4.69299 -0.67158 0.11723 0.78911 -0.15767 0.58198
1403636994.251666546 5.80588 -4.64981 -0.67016 0.11843 0.78399 -0.15544 0.58921
1403636994.351666451 5.74345 -4.60399 -0.67529 0.11949 0.78072 -0.15432 0.59362
1403636994.451666594 5.67877 -4.55566 -0.68293 0.12058 0.77918 -0.1543 0.59542
1403636994.551666498 5.60596 -4.50311 -0.68796 0.11691 0.78101 -0.15736 0.59296
1403636994.651666403 5.52883 -4.4469 -0.68708 0.11374 0.78571 -0.16074 0.58642
1403636994.751666546 5.45257 -4.38998 -0.68098 0.1042 0.79127 -0.16852 0.57848
1403636994.851666451 5.37296 -4.33299 -0.66839 0.09501 0.7944 -0.17622 0.57345
1403636994.951666594 5.29125 -4.27932 -0.65695 0.09142 0.79492 -0.17985 0.5722
1403636995.051666498 5.20872 -4.22987 -0.65072 0.09584 0.79262 -0.17717 0.57548
1403636995.151666403 5.12259 -4.18158 -0.64819 0.10324 0.78904 -0.17139 0.58085
1403636995.251666546 5.03431 -4.1342 -0.64196 0.10762 0.78708 -0.16707 0.58396
1403636995.351666451 4.94327 -4.08624 -0.62702 0.11039 0.78741 -0.1637 0.58396
1403636995.451666594 4.84841 -4.03755 -0.60549 0.11084 0.79156 -0.16168 0.5788
1403636995.551666498 4.75059 -3.98826 -0.57836 0.10886 0.79449 -0.16188 0.57509
1403636995.651666403 4.65312 -3.93724 -0.54607 0.10707 0.79584 -0.16289 0.57327
1403636995.751666546 4.55767 -3.88862 -0.51841 0.10539 0.79573 -0.1641 0.57339
1403636995.851666451 4.46108 -3.83946 -0.49694 0.09796 0.79615 -0.17 0.5724
1403636995.951666594 4.36312 -3.79243 -0.48173 0.09215 0.79724 -0.17483 0.57039
1403636996.051666498 4.26741 -3.75014 -0.47118 0.09398 0.79879 -0.17412 0.56814
1403636996.151666403 4.16729 -3.70819 -0.46552 0.09931 0.80016 -0.17092 0.56628
1403636996.251666546 4.07282 -3.67119 -0.45547 0.1042 0.80126 -0.16795 0.56472
1403636996.351666451 3.97831 -3.63503 -0.43712 0.1048 0.8023 -0.16409 0.56428
1403636996.451666594 3.88742 -3.60014 -0.41058 0.10115 0.80388 -0.15772 0.56451
1403636996.551666498 3.79808 -3.56499 -0.37799 0.09654 0.80573 -0.14579 0.56589
1403636996.651666403 3.7112 -3.5306 -0.34329 0.08677 0.80872 -0.13197 0.56659
1403636996.751666546 3.62765 -3.49705 -0.32037 0.07537 0.8125 -0.11512 0.56649
1403636996.851666451 3.54026 -3.46101 -0.31185 0.06158 0.81572 -0.09675 0.56696
1403636996.951666594 3.45627 -3.42578 -0.31089 0.04531 0.81839 -0.07818 0.56751
1403636997.051666498 3.37548 -3.39208 -0.31503 0.03154 0.82028 -0.05842 0.56809
1403636997.151666403 3.29773 -3.35973 -0.3242 0.01967 0.82243 -0.04275 0.56691
1403636997.251666546 3.22181 -3.32893 -0.33692 0.01176 0.82349 -0.03141 0.56634
1403636997.351666451 3.14852 -3.30044 -0.34922 0.00714 0.82428 -0.02395 0.56564
1403636997.451666594 3.07992 -3.27321 -0.35383 0.00486 0.82426 -0.01974 0.56585
1403636997.551666498 3.01561 -3.24652 -0.35178 0.0052 0.82455 -0.01767 0.56549
1403636997.651666403 2.95543 -3.22084 -0.34068 0.00555 0.82522 -0.01818 0.5645
1403636997.751666546 2.90563 -3.19429 -0.32247 0.00867 0.82589 -0.01863 0.56345
1403636997.851666451 2.86045 -3.17077 -0.29595 0.01068 0.82657 -0.01987 0.56239
1403636997.951666594 2.82351 -3.14837 -0.26274 0.0121 0.82667 -0.02211 0.56212
1403636998.051666498 2.79362 -3.1274 -0.22277 0.01395 0.82695 -0.02418 0.56158
1403636998.151666403 2.77758 -3.10807 -0.18229 0.01449 0.82639 -0.02653 0.56228
1403636998.251666546 2.75923 -3.08984 -0.14528 0.01297 0.82593 -0.02949 0.56285
1403636998.351666451 2.74125 -3.07075 -0.11554 0.01439 0.826 -0.0308 0.56264
1403636998.451666594 2.73367 -3.05152 -0.09047 0.01402 0.82595 -0.03277 0.56261
1403636998.551666498 2.72013 -3.03341 -0.06378 0.01538 0.8243 -0.03326 0.56497
1403636998.651666403 2.70852 -3.01571 -0.03068 0.01848 0.81823 -0.03194 0.57371
1403636998.751666546 2.69704 -2.99928 0.00855 0.01978 0.81111 -0.03155 0.58371
1403636998.851666451 2.68653 -2.98177 0.05031 0.02566 0.80838 -0.02852 0.58741
1403636998.951666594 2.67221 -2.96323 0.08614 0.03012 0.80763 -0.02658 0.58832
1403636999.051666498 2.65364 -2.94301 0.11417 0.03379 0.80764 -0.02462 0.58819
1403636999.151666403 2.63521 -2.91949 0.13672 0.03573 0.80879 -0.02402 0.58651
1403636999.251666546 2.61205 -2.89289 0.15317 0.03623 0.8106 -0.02415 0.58398
1403636999.351666451 2.58685 -2.86266 0.16501 0.03264 0.81234 -0.02727 0.58163
1403636999.451666594 2.56141 -2.83003 0.17222 0.02811 0.81211 -0.03073 0.58202
1403636999.551666498 2.53539 -2.79644 0.17519 0.02675 0.81045 -0.03214 0.58432
1403636999.651666403 2.51344 -2.76287 0.1769 0.02536 0.80839 -0.03338 0.58716
1403636999.751666546 2.48403 -2.72874 0.17234 0.02497 0.80746 -0.03425 0.5884
1403636999.851666451 2.45175 -2.69421 0.16645 0.02577 0.80737 -0.03454 0.58846
1403636999.951666594 2.41804 -2.66155 0.15817 0.02834 0.8073 -0.03329 0.58852
1403637000.051666498 2.38039 -2.62404 0.15337 0.03272 0.80768 -0.03007 0.58795
1403637000.151666403 2.33802 -2.5841 0.15563 0.03279 0.80887 -0.03 0.58631
1403637000.251666546 2.29362 -2.54362 0.16749 0.03142 0.81088 -0.03059 0.58356
1403637000.351666451 2.24998 -2.50024 0.17687 0.03035 0.81146 -0.03126 0.58278
1403637000.451666594 2.20951 -2.46015 0.18385 0.03024 0.81106 -0.03137 0.58333
1403637000.551666498 2.16489 -2.41557 0.18433 0.03164 0.811 -0.03061 0.58338
1403637000.651666403 2.11838 -2.36881 0.18782 0.0302 0.8105 -0.03151 0.58411
1403637000.751666546 2.07418 -2.32111 0.20232 0.02964 0.81014 -0.03197 0.58461
1403637000.851666451 2.02715 -2.27357 0.21928 0.02852 0.80931 -0.03362 0.58573
1403637000.951666594 1.97868 -2.22529 0.23286 0.02908 0.80987 -0.03413 0.58489
1403637001.051666498 1.93034 -2.17589 0.2442 0.02891 0.80927 -0.03486 0.58569
1403637001.151666403 1.87777 -2.12639 0.24703 0.02867 0.80908 -0.03562 0.58591
1403637001.251666546 1.82291 -2.07654 0.25125 0.02712 0.80878 -0.03733 0.5863
1403637001.351666451 1.76408 -2.02603 0.26394 0.0257 0.80906 -0.03875 0.58589
1403637001.451666594 1.7059 -1.97678 0.28283 0.02455 0.81162 -0.03987 0.58231
1403637001.551666498 1.64123 -1.92418 0.30676 0.02467 0.81374 -0.04154 0.57922
1403637001.651666403 1.58078 -1.87557 0.32495 0.02372 0.81452 -0.04317 0.57803
1403637001.751666546 1.5176 -1.82671 0.33857 0.02574 0.81426 -0.04301 0.57834
1403637001.851666451 1.45713 -1.77987 0.34521 0.02562 0.81454 -0.04383 0.57788
1403637001.951666594 1.39712 -1.73463 0.34744 0.02625 0.81519 -0.0439 0.57694
1403637002.051666498 1.33574 -1.68859 0.34444 0.02724 0.81613 -0.04356 0.57558
1403637002.151666403 1.27776 -1.64559 0.33831 0.02663 0.81633 -0.04416 0.57528
1403637002.251666546 1.21968 -1.60387 0.32494 0.02671 0.81685 -0.04429 0.57453
1403637002.351666451 1.16342 -1.56339 0.31397 0.02848 0.81671 -0.04287 0.57474
1403637002.451666594 1.10803 -1.52414 0.30579 0.03054 0.81669 -0.04126 0.57479
1403637002.551666498 1.05444 -1.48193 0.30857 0.03403 0.81663 -0.03857 0.57486
1403637002.651666403 0.99783 -1.43898 0.31977 0.03442 0.81637 -0.03857 0.57521
1403637002.751666546 0.94259 -1.3933 0.33481 0.03521 0.81673 -0.0392 0.57461
1403637002.851666451 0.88773 -1.34681 0.34638 0.03419 0.81618 -0.04102 0.57533
1403637002.951666594 0.82933 -1.3015 0.34935 0.03229 0.81569 -0.04389 0.57592
1403637003.051666498 0.77783 -1.25468 0.34721 0.03179 0.81597 -0.04566 0.57542
1403637003.151666403 0.7271 -1.20838 0.34012 0.03272 0.81599 -0.04661 0.57526
1403637003.251666546 0.67829 -1.16463 0.32591 0.0336 0.81551 -0.04796 0.57577
1403637003.351666451 0.62931 -1.11834 0.31656 0.03205 0.81418 -0.0502 0.57756
1403637003.451666594 0.57999 -1.07287 0.31367 0.03258 0.81245 -0.05072 0.5799
1403637003.551666498 0.53186 -1.02934 0.31688 0.0318 0.8123 -0.0525 0.58001
1403637003.651666403 0.4806 -0.98364 0.32873 0.03142 0.81224 -0.05374 0.57999
1403637003.751666546 0.42966 -0.93815 0.34213 0.03151 0.81268 -0.05392 0.57935
1403637003.851666451 0.37707 -0.89315 0.34889 0.03039 0.81403 -0.0537 0.57753
1403637003.951666594 0.32702 -0.85035 0.3514 0.03146 0.81631 -0.05106 0.57449
1403637004.051666498 0.27637 -0.80862 0.34668 0.03313 0.81895 -0.04786 0.5709
1403637004.151666403 0.22471 -0.76578 0.33437 0.03349 0.81998 -0.04581 0.56958
1403637004.251666546 0.17981 -0.72588 0.32428 0.03283 0.821 -0.04438 0.56825
1403637004.351666451 0.13382 -0.685 0.31939 0.02977 0.82095 -0.04552 0.56841
1403637004.451666594 0.0948 -0.64402 0.32686 0.02784 0.81824 -0.04754 0.57223
1403637004.551666498 0.05284 -0.60209 0.34557 0.02926 0.81354 -0.04875 0.57873
1403637004.651666403 0.0127 -0.56251 0.37308 0.02439 0.81242 -0.05535 0.57993
1403637004.751666546 -0.03202 -0.52458 0.39865 0.01688 0.81178 -0.0641 0.58019
1403637004.851666451 -0.07187 -0.49071 0.41206 0.01235 0.81256 -0.07038 0.57848
1403637004.951666594 -0.11093 -0.459 0.40937 0.01285 0.8167 -0.07282 0.57231
1403637005.051666498 -0.14911 -0.43414 0.39452 0.01975 0.81936 -0.06988 0.56866
1403637005.151666403 -0.18819 -0.41092 0.37792 0.02939 0.81809 -0.06495 0.57065
1403637005.251666546 -0.22229 -0.39445 0.35752 0.03364 0.81821 -0.06259 0.57051
1403637005.351666451 -0.25768 -0.37575 0.33319 0.03534 0.82063 -0.06111 0.56708
1403637005.451666594 -0.28991 -0.35891 0.31008 0.03624 0.81907 -0.05812 0.56958
1403637005.551666498 -0.31895 -0.34212 0.28907 0.0372 0.81671 -0.05479 0.57323
1403637005.651666403 -0.34593 -0.32333 0.27479 0.03288 0.8188 -0.05518 0.57047
1403637005.751666546 -0.3729 -0.30485 0.27339 0.02606 0.82232 -0.05827 0.56543
1403637005.851666451 -0.40153 -0.29086 0.28292 0.02732 0.82176 -0.05596 0.56641
1403637005.951666594 -0.41725 -0.2804 0.29594 0.03035 0.81974 -0.05309 0.56946
1403637006.051666498 -0.43456 -0.26746 0.30365 0.03081 0.81737 -0.05285 0.57285
1403637006.151666403 -0.45056 -0.25539 0.30854 0.02935 0.81616 -0.05377 0.57457
1403637006.251666546 -0.46723 -0.24127 0.31127 0.02759 0.81818 -0.0548 0.57168
1403637006.351666451 -0.48471 -0.22717 0.31111 0.02464 0.82437 -0.05686 0.56265
1403637006.451666594 -0.49998 -0.21466 0.31026 0.0211 0.82913 -0.05919 0.55551
1403637006.551666498 -0.51018 -0.20463 0.30863 0.01438 0.82786 -0.06218 0.55729
1403637006.651666403 -0.51531 -0.19859 0.3073 0.01311 0.82283 -0.05507 0.56546
1403637006.751666546 -0.51797 -0.1946 0.3032 0.01016 0.81848 -0.04211 0.57291
1403637006.851666451 -0.51991 -0.19147 0.29534 0.0009 0.81682 -0.02768 0.57622
1403637006.951666594 -0.52028 -0.19027 0.2855 -0.0105 0.81812 -0.00814 0.5749
1403637007.051666498 -0.52164 -0.18992 0.27655 -0.0196 0.81793 0.013 0.57484
1403637007.151666403 -0.52309 -0.19065 0.26703 -0.02633 0.8164 0.0299 0.57612
1403637007.251666546 -0.52444 -0.19161 0.25808 -0.03057 0.81301 0.04251 0.57989
1403637007.351666451 -0.52821 -0.19228 0.24892 -0.03144 0.8076 0.05187 0.5866
1403637007.451666594 -0.53497 -0.19167 0.2379 -0.03289 0.80748 0.05625 0.58628
1403637007.551666498 -0.54482 -0.1897 0.22615 -0.03352 0.80948 0.05818 0.5833
1403637007.651666403 -0.55624 -0.1862 0.21211 -0.03437 0.8171 0.05784 0.57255
1403637007.751666546 -0.56818 -0.18097 0.19836 -0.03319 0.82417 0.05713 0.56248
1403637007.851666451 -0.57705 -0.17406 0.18765 -0.03213 0.82328 0.05586 0.56397
1403637007.951666594 -0.58405 -0.1653 0.17891 -0.03972 0.81605 0.04805 0.57461
1403637008.051666498 -0.59162 -0.15711 0.17085 -0.04042 0.8122 0.04468 0.58027
1403637008.151666403 -0.60124 -0.14983 0.16175 -0.03536 0.81963 0.04457 0.57007
1403637008.251666546 -0.60922 -0.14213 0.15537 -0.03126 0.82774 0.0443 0.55848
1403637008.351666451 -0.61446 -0.13352 0.15303 -0.02634 0.83137 0.04496 0.55327
1403637008.451666594 -0.61465 -0.12308 0.15562 -0.02711 0.82671 0.04211 0.56039
1403637008.551666498 -0.61081 -0.11163 0.16132 -0.0301 0.81951 0.03773 0.57103
1403637008.651666403 -0.60641 -0.1004 0.16531 -0.0324 0.8152 0.03373 0.57729
1403637008.751666546 -0.60231 -0.08999 0.16458 -0.04172 0.81606 0.02531 0.57591
1403637008.851666451 -0.59805 -0.08263 0.16065 -0.05366 0.82053 0.01587 0.56887
1403637008.951666594 -0.59087 -0.08437 0.15019 -0.05653 0.82322 0.01288 0.56475
1403637009.051666498 -0.58225 -0.09018 0.13698 -0.04704 0.82234 0.01787 0.56677
1403637009.151666403 -0.57222 -0.09919 0.1217 -0.0352 0.82127 0.02481 0.56891
1403637009.251666546 -0.56069 -0.11087 0.10495 -0.02112 0.82068 0.03367 0.57001
1403637009.351666451 -0.5454 -0.12133 0.0867 -0.00506 0.81985 0.04437 0.57084
1403637009.451666594 -0.53708 -0.12951 0.07864 -0.02708 0.81499 0.05038 0.57664
1403637009.551666498 -0.53245 -0.1335 0.07245 -0.06089 0.79961 0.05234 0.59512
1403637009.651666403 -0.53786 -0.13934 0.0713 -0.0757 0.78327 0.04107 0.61569
1403637009.751666546 -0.54269 -0.14257 0.06592 -0.0715 0.7916 0.02764 0.60622
1403637009.851666451 -0.54286 -0.14012 0.06652 -0.07292 0.79008 0.02762 0.60802
1403637009.951666594 -0.54382 -0.13897 0.0666 -0.07358 0.78981 0.02764 0.60829
1403637010.051666498 -0.54445 -0.13907 0.0663 -0.0736 0.78981 0.02811 0.60827
1403637010.151666403 -0.54521 -0.13996 0.06634 -0.0734 0.78982 0.02853 0.60827
1403637010.251666546 -0.54532 -0.14035 0.06642 -0.07335 0.78981 0.02862 0.60828
1403637010.351666451 -0.54533 -0.1405 0.06645 -0.0734 0.78989 0.02866 0.60816
1403637010.451666594 -0.54522 -0.14056 0.06639 -0.07357 0.79 0.02858 0.60801
1403637010.551666498 -0.54555 -0.14103 0.06643 -0.07351 0.79 0.02858 0.60801
