1403636883.701666594 -214.00252523050247 556.5001897378911 -104.33721572252963 0.3816770767568126 -0.4122816109299546 0.7042535217860235 0.4340201140724372
1403636883.901666641 -221.09375907893505 570.6050073499117 -108.32438648194719 0.388387400000149 -0.39887912087567445 0.712453338354251 0.42715443942273357
1403636884.101666451 -228.3477815063283 584.9264699773488 -112.407005988204 0.3891733658779876 -0.38248332475818964 0.7212931119975268 0.42659916099089346
1403636884.301666498 -235.7631542431568 599.4644252720135 -116.58580880017954 0.3871001503253745 -0.371867728717911 0.7244215691039576 0.43252890790478465
1403636884.501666546 -243.3386298520095 614.212476825516 -120.86122978261167 0.38993107010098016 -0.36589086124057135 0.7269597661509553 0.430821467232516
1403636884.701666594 -243.3849234403571 614.1297978801225 -121.0265549792076 0.39355403672717 -0.3607480913782176 0.7291021372871348 0.4282360425584789
1403636884.901666641 -243.1501488023954 614.0566972710573 -121.06669389379701 0.3964395401075939 -0.3561874702817636 0.7297241398850277 0.42833264727628223
1403636885.101666451 -243.13454161275024 614.1109227464808 -121.08836338218246 0.39856320567929737 -0.3525264547590111 0.7302562168528016 0.4284837540929813
1403636885.301666498 -245.5655941518938 613.9460884111668 -122.69428853315702 0.3919585674203376 -0.3644404485393921 0.7263797143913996 0.4311892292427642
1403636885.501666546 -228.94711261865453 617.8711742331711 -103.83500979695187 0.4059695515335643 -0.317240723759786 0.7511835874042097 0.4126381761672555
1403636885.701666594 -194.09155139061784 624.058672505878 -78.91018025568991 0.4523129189751674 -0.2549375399292811 0.7593745684569408 0.3921353578088832
1403636885.901666641 -198.72709068532893 799.9352352920889 -358.56137221920164 0.4451964216796174 -0.03785640102863856 0.7716607432580275 0.4526662527065254
1403636886.101666451 -1156.9278384882493 39.72213786212103 -375.7431612252253 0.23138092227763565 0.18305001024146508 0.8056895188765549 0.51363407376153
1403636886.301666498 -1530.5944993198514 -99.72825884083281 -219.30921867379016 0.12145525987157103 0.3871855421742208 0.7769042240761982 0.48141022256840726
1403636886.501666546 -39787.67383934442 -11896.600613124849 11256.907048356854 -0.14008408964453156 0.40213456574638706 0.6399683100345961 0.6396130087887996
1403636886.701666594 -1451.4919077483864 5985.662587248296 36435.795346052386 -0.5895266735318584 0.5964629270643153 0.323266062278619 0.4383940360124212
1403636886.901666641 -494651.60131453164 -795773.3814730016 384978.47163783107 0.7681296100637652 -0.58933044590409 0.1077161460592015 -0.22597291774002834
1403636887.101666451 2961425.7422097344 8237048.186549827 8612416.279120281 0.5428398733301996 0.28290888484940346 0.7532433420222017 0.24064891958083753
1403636887.301666498 1450939969.1529064 1549834501.578601 1183793298.468042 -0.35664011970027193 -0.13775549091989447 -0.46936405542165194 0.7959451194773105
