1403636858.701666594 0.0 0.0 0.0 -0.044338345677945375 -0.8096066756258596 0.0 0.5852957729939516
1403636858.901666641 -0.0022424662683598797 0.004597594035473617 0.008338737282058119 -0.04504104976516462 -0.8105558841334234 0.0021019858123117563 0.5839229779588927
1403636859.101666451 -0.012070339245773347 0.024338791916349207 0.027748997243004375 -0.04581567461007763 -0.8111297150485233 0.002563026527251807 0.5830634101196421
1403636859.301666498 -0.022799596657343064 0.05565822808506968 0.05052750528483729 -0.04653649926371125 -0.8138264709577611 0.003800604125029598 0.5792291298035699
1403636859.501666546 -0.03225980671181952 0.0985566700875577 0.1091253261537897 -0.045112951355463296 -0.8118184111528041 0.0005975093749628237 0.5821643512925577
1403636859.701666594 -0.050937703373914685 0.15797937337768955 0.19844954798193626 -0.04413352841769525 -0.8089159874742297 -0.008790779639527764 0.5861995215550139
1403636859.901666641 -0.053592280496768 0.23896291332318226 0.2940672100094116 -0.037979657079196 -0.7965249506463495 -0.019114993702284686 0.6031087511069136
1403636860.101666451 -0.060430051282620356 0.3224893539458748 0.31787285987641506 -0.03860968196575693 -0.7963635150401396 -0.01580718729111325 0.6033776406209985
1403636860.301666498 -0.05911431226031105 0.4235302330036998 0.21152871490010608 -0.039126036440261976 -0.8071786340391893 -0.000123230101821725 0.5890091602322068
1403636860.501666546 -0.0424489055853433 0.530495545854871 0.05754450071649281 -0.04295739049502562 -0.8311656276398587 0.014696606663155788 0.5541681800541156
1403636860.701666594 -0.016710914756553234 0.6572971646131824 -0.061691944436103915 -0.03773581373538974 -0.8439871081997787 0.031852515322927065 0.5340853740947334
1403636860.901666641 0.01088887943836606 0.8193926192178888 -0.09308462390820754 -0.0203497269262655 -0.8428843924269851 0.0328492535723792 0.5367054277317891
1403636861.101666451 0.03572256378978955 1.0192541097055081 -0.03387047167175432 -0.010783840406418015 -0.8322216974958038 0.03944207934039338 0.55293315814898
1403636861.301666498 0.043387440920878595 1.2427540495053953 0.05422494721007472 -0.00716769566645099 -0.8044292115691988 0.0448264361967473 0.5923114538238272
1403636861.501666546 0.04509330470072438 1.4960611533016943 0.09732819150457575 -0.008719586573961794 -0.7840582766284913 0.050780275808473684 0.618545027665053
1403636861.701666594 0.02235629848765803 1.7651811133072746 0.023954987383346907 -0.0034964664770233945 -0.7905051047469297 0.05741440791048857 0.6097483414126812
1403636861.901666641 -0.007819025353220349 2.040813230114719 -0.10427455225828759 0.006999157934749555 -0.8049773230748352 0.06719710399220895 0.5894464100650246
1403636862.101666451 -0.055877287658070596 2.309771874920845 -0.21375858062183153 0.011009979810356453 -0.8256686963626796 0.08198112627228973 0.5580583115826391
1403636862.301666498 -0.10837390086094624 2.5968511457234604 -0.25587288409709086 0.023091668184837474 -0.8338655923161213 0.08620128964952097 0.5447056879402828
1403636862.501666546 -0.1584643388485741 2.916474214815292 -0.17475777337367313 0.03227807537999071 -0.8344949667826563 0.08959737312417317 0.5427233061085892
1403636862.701666594 -0.207549539067324 3.2652565622243026 -0.03681368503328025 0.03138105430873612 -0.8204495584578352 0.07597106357062007 0.5657792404788076
1403636862.901666641 -0.2756512571695152 3.6264340439292875 0.11547565861288125 0.019940783575764506 -0.8114988322309361 0.08594490739322504 0.5776551595297955
1403636863.101666451 -0.3431881488874753 3.9955752350969043 0.19014574172927798 0.02405486050333492 -0.7987726891311653 0.08978717377764991 0.5944087972173406
1403636863.301666498 -0.4189863988454047 4.374855313644247 0.13239022946335055 0.0374536010246833 -0.7973665453184108 0.0802767658882522 0.5969585086384155
1403636863.501666546 -0.4992839136446994 4.778262342077526 0.018537267673396696 0.03837726383223792 -0.8045253938928595 0.07941032862530015 0.5873330195978469
1403636863.701666594 -0.5750574088380194 5.214416529950568 -0.08968807479622427 0.04076800178587101 -0.8199654411554532 0.10586688318059566 0.5610586853322671
1403636863.901666641 -0.6562829906369837 5.698726345087897 -0.11577746207136269 0.04579960159571305 -0.8331784612460538 0.11535013894631821 0.538897386943392
1403636864.101666451 -0.7424096287449097 6.237061924693614 -0.008483861068024914 0.05806661991218319 -0.8292208481598611 0.12130705009398086 0.5424994490564302
1403636864.301666498 -0.8389134275276187 6.8170978004847225 0.1512480519818517 0.06304733555308953 -0.8207519248514932 0.11698263562283878 0.5556135116202432
1403636864.501666546 -0.9416946162895495 7.4282529668719075 0.28159485412295104 0.055425146576286756 -0.8061642128913794 0.12649758418006699 0.5753483085721594
1403636864.701666594 -1.0532892047537583 8.069986829793947 0.32486513846578813 0.0540552683180105 -0.7875246968593654 0.13134906908756644 0.5996918390752696
1403636864.901666641 -1.172134028324807 8.739919280969291 0.2517445932218378 0.06618339717736756 -0.7947203461193251 0.12799627886533785 0.5896238478883706
1403636865.101666451 -1.2994517689030798 9.449126868300356 0.14355736127740004 0.07224627189160447 -0.8083763846867845 0.12423624432009489 0.5708532670273053
1403636865.301666498 -1.4295326987556796 10.20331514636147 0.058393681199198105 0.06537180758814136 -0.8149475441551203 0.15719977285006512 0.5539632284404001
1403636865.501666546 -1.5655010694670273 11.015290492421988 0.035180428243016065 0.07655745326901874 -0.8194870073034377 0.15362143264430964 0.5467910539156211
1403636865.701666594 -1.704392664598251 11.885678791917215 0.1105217485148053 0.09140363942681905 -0.8226828147095323 0.15846241790297197 0.5382638973528767
1403636865.901666641 -1.8522155634049347 12.81298177726575 0.24401877957866042 0.08897331321561198 -0.8043626037709447 0.1707437449915978 0.562077507766087
1403636866.101666451 -2.0073363398995254 13.795136127564312 0.37629831896424304 0.07947420131210196 -0.7730915714801069 0.18104161953389022 0.6026916337803213
1403636866.301666498 -2.169050827690137 14.819980776220058 0.4326776031653924 0.08370410037984495 -0.7606361642747572 0.1768209483516453 0.6189996780298304
1403636866.501666546 -2.349610756508382 15.876146626272096 0.3693753052645282 0.09425317208799813 -0.7731939185010476 0.16842533405322743 0.6040864265926116
1403636866.701666594 -2.543423554206235 16.983580001182027 0.2539270806123919 0.10292665851008827 -0.7867455827842849 0.16408916720720657 0.5860991692048697
1403636866.901666641 -2.731700061645795 18.15246231967045 0.16695827337009764 0.1177561798899769 -0.7960008797435348 0.18097223713537888 0.5654777899542013
1403636867.101666451 -2.924231814073925 19.377493003523085 0.11007951093871698 0.12682011666388784 -0.809331806260698 0.1927642088244777 0.5401302113198873
1403636867.301666498 -3.1201590392780103 20.66467644441884 0.0848653147302832 0.1420368862560051 -0.8107191039888201 0.2114353697345611 0.5271196655366932
1403636867.501666546 -3.331939108767095 22.012790871648388 0.07453811477790276 0.15264870911837605 -0.819511127106747 0.210258114624605 0.5107753022487251
1403636867.701666594 -3.5524543959443893 23.421380966185787 0.046979193726332025 -0.17430937841658622 0.8585319840997357 -0.19809896659898035 -0.43965426451498757
1403636867.901666641 -3.7900914315177063 24.89091068372135 0.00828153318880756 -0.1851466926542763 0.8987385423212131 -0.18336607719931947 -0.35265651344907883
1403636868.101666451 -4.054106302570509 26.416949749578148 -0.0170712227186235 -0.1806208061919278 0.893595621511971 -0.19229207504706 -0.3631621503671766
1403636868.301666498 -4.328213899377229 28.010529533769734 -0.054655071973006994 -0.1811326432331025 0.8874714296729207 -0.20391953679990238 -0.3714865402420509
1403636868.501666546 -4.611059555571554 29.670046604780435 -0.10135530964406142 -0.17826926488329659 0.8859724934577073 -0.21020413110586184 -0.37294374012756354
1403636868.701666594 -4.915360907342406 31.405929060102956 -0.14848809978396207 -0.17261360139220916 0.8826913565622455 -0.2123750775369952 -0.382043636389712
1403636868.901666641 -5.242152412484454 33.21875888468406 -0.2119889609200791 -0.1870631638110403 0.883423546360595 -0.2119000946864921 -0.37372257137151116
1403636869.101666451 -5.600639426569385 35.106581705526196 -0.28198048066402703 -0.1919361666725978 0.8756861041814032 -0.22661074743776155 -0.3807649196188243
1403636869.301666498 -5.986880881813474 37.078671696721585 -0.3675441038736714 -0.19964927255485296 0.8721543117185101 -0.23520349668766385 -0.37969242771621264
1403636869.501666546 -6.403489223178529 39.14050348108793 -0.464244331199665 -0.20391830643449926 0.8696297685605229 -0.24249287554047205 -0.37862725106148326
1403636869.701666594 -6.86259610060434 41.31075460917982 -0.5773515510994887 -0.2065275126242795 0.8701733050713722 -0.24529579583307926 -0.37413203313404514
1403636869.901666641 -7.379567125434236 43.59778101794204 -0.7076004496078598 -0.19937217204548005 0.8712205395502775 -0.2460789926632535 -0.37506084552967567
1403636870.101666451 -7.948847303549091 45.99539065515281 -0.8562969841005968 -0.18622811766844607 0.8731433529927626 -0.2463200139299884 -0.3771819508562944
1403636870.301666498 -8.558070167439396 48.49844695465698 -1.0195618612924426 -0.18213939488060044 0.8770458235137715 -0.24189320175007523 -0.37296587409129467
1403636870.501666546 -9.195061931621133 51.09678197650175 -1.1995099646565357 -0.17420643854842255 0.8752096940153761 -0.24200811410748985 -0.38090967561343214
1403636870.701666594 -9.843295802871543 53.78020578367564 -1.3955647947569292 -0.16917493022306682 0.8819119349698655 -0.23604349664103266 -0.3713416885231319
1403636870.901666641 -10.506606502870282 56.54373281997835 -1.599083407499366 -0.16261812184771243 0.8732858293497154 -0.25102775918678066 -0.38459364376101474
1403636871.101666451 -11.185383357129826 59.39959742763328 -1.8164730001680387 -0.16171339499689258 0.8724056818059753 -0.26278470776676055 -0.3790795452080962
1403636871.301666498 -11.890664585214274 62.356880720479104 -2.0360930888904716 -0.16405779895324246 0.8766387867495113 -0.2595933406716041 -0.3704062278741107
1403636871.501666546 -12.613165749449625 65.40467615988614 -2.2617396239364975 -0.17489871775155946 0.8713408458942937 -0.2665159566627734 -0.37302119731888267
1403636871.701666594 -13.352106223859371 68.54388865236453 -2.498320373353491 -0.18435537657608764 0.8677924510276211 -0.28028424289895004 -0.3665925534561963
1403636871.901666641 -14.124334148966403 71.78627737171914 -2.7520022103283344 -0.19887151085941276 0.860073357333021 -0.296292145878374 -0.36460239503491665
1403636872.101666451 -14.943570781919217 75.13857923193036 -3.0304221736052694 -0.21114218960240558 0.8459132498475027 -0.32080284342296406 -0.37004767956857726
1403636872.301666498 -15.820599651654156 78.62556406786406 -3.34340160643501 -0.22968199455621754 0.8391619586265672 -0.3329386609072075 -0.3636003804233783
1403636872.501666546 -16.774040494881504 82.26438026275568 -3.6914052916183717 -0.24759472702039897 0.8349666542771551 -0.34176637493587697 -0.3531618359337622
1403636872.701666594 -17.822838496946318 86.07252778474408 -4.071796447937528 -0.2557191859945809 0.8266764082118238 -0.3492198667507685 -0.3595264923296349
1403636872.901666641 -18.961866654053804 90.03775258371226 -4.493845744752396 -0.2545763854146901 0.828237430516024 -0.34839017250367593 -0.35754427751576895
1403636873.101666451 -20.19841099167267 94.1631456034971 -4.962715390037433 -0.2476649493204442 0.8321080062604762 -0.34461879933536543 -0.35706613104574597
1403636873.301666498 -21.51550795815902 98.43983328339385 -5.466438422439938 -0.23724200549065683 0.838054619421592 -0.3421195910288523 -0.3526115017000483
1403636873.501666546 -22.89360208978117 102.85790007902403 -6.003820662682416 -0.22909744220303047 0.8429120790657693 -0.3399681461205518 -0.3484756068427427
1403636873.701666594 -24.31361522948891 107.40649730842951 -6.572480252778223 -0.22268112128777953 0.8505918048191835 -0.33172493051927604 -0.34185562781451256
1403636873.901666641 -25.7622374429896 112.07263382083615 -7.157952448998671 -0.22359163820133737 0.8505933332062713 -0.33594993853160926 -0.3370985013792076
1403636874.101666451 -27.247896843361897 116.85634582752441 -7.757007338302821 -0.22250705491680653 0.8494768958270145 -0.3394070010703059 -0.3371683579353542
1403636874.301666498 -28.778950978273034 121.76964365669602 -8.373202977188399 -0.23242822189562481 0.8460810680680346 -0.34542177252085077 -0.3328779761291797
1403636874.501666546 -30.3455589134106 126.80324503448178 -9.007474131694867 -0.246077635687653 0.8372167813218349 -0.36032432045689766 -0.3296668657520336
1403636874.701666594 -31.95940629986972 131.97188081645695 -9.668605471600983 -0.25872774720104325 0.8250430241956307 -0.3753360305160229 -0.33389642892802696
1403636874.901666641 -33.64575844153601 137.28829129678059 -10.375953281099553 -0.27229622178380125 0.8150135647755636 -0.3927800652573467 -0.3276148305106806
1403636875.101666451 -35.442465927090225 142.77624914741608 -11.134450099092337 -0.269684698738073 0.8065638101096878 -0.4051278899322655 -0.3355538351545719
1403636875.301666498 -37.343438984002375 148.44267523469537 -11.948816064861191 -0.22517252699056747 0.8112304293827286 -0.4057254828469354 -0.35579397985468075
1403636875.501666546 -39.320058552966245 154.30128532371316 -12.822180381814016 -0.1874323066082806 0.8251088884515634 -0.4121498691743005 -0.3379303744521191
1403636875.701666594 -41.38640203718972 160.37402691592882 -13.762441958717123 -0.16863912966181752 0.833518079349341 -0.41521233850153644 -0.32312098245207493
1403636875.901666641 -43.56422926402094 166.6399198099592 -14.767710029759773 -0.1415628200125136 0.8468205089723294 -0.3995850238032126 -0.3212270261453028
1403636876.101666451 -45.86409732206994 173.08284038960932 -15.821911313900873 -0.10080613104592595 0.8631998627745652 -0.3735860790967675 -0.3242800677726707
1403636876.301666498 -48.298880434412574 179.672486901849 -16.921461075663842 -0.06620156082615009 0.8735031865409699 -0.3534059795393862 -0.3281977301456881
1403636876.501666546 -50.867414686889475 186.3966621224126 -18.068791525144547 -0.05494055523882632 0.8819707480771647 -0.3380224035682633 -0.3238054811336778
1403636876.701666594 -53.54557769665482 193.25601213208324 -19.24015760480764 -0.06744264435772128 0.870344186297616 -0.33947642487665874 -0.3502973651813048
1403636876.901666641 -56.2743714591172 200.24812730508899 -20.42909624416341 -0.10951042068462369 0.8479353523182553 -0.36145658508605155 -0.3719707557703253
1403636877.101666451 -59.02119801914263 207.3856396303747 -21.648258536335433 -0.1694742021127073 0.8105302854808283 -0.4032278451615234 -0.3895208030683941
1403636877.301666498 -61.787398029431515 214.7068114121387 -22.909957841337995 -0.24226696475484405 0.7652799804219031 -0.44940011160432475 -0.39203674450741105
1403636877.501666546 -64.59647522102367 222.25064880159445 -24.244318851353565 -0.3084526752549663 0.723266286641076 -0.4840183531835517 -0.38401700420422097
1403636877.701666594 -67.48943993173381 230.03630743201853 -25.678765868984357 -0.3483812888904413 0.703362209929417 -0.5059784336859777 -0.3576281642138138
1403636877.901666641 -70.50505574376811 238.06032168250064 -27.209318817675893 -0.3537915123805185 0.7093152837908934 -0.5094806973582588 -0.3348623791462829
1403636878.101666451 -73.6677656358011 246.29648804411443 -28.832932578600463 -0.334144116206503 0.734947843299326 -0.4928611115800593 -0.3244800485797729
1403636878.301666498 -76.99617890914428 254.72849442033905 -30.538383681021603 -0.2905465179314833 0.7617694036514272 -0.4787693229548346 -0.32568394491566655
1403636878.501666546 -80.48862934224432 263.3441730931261 -32.310218722667216 -0.24387121296026226 0.7867136832097115 -0.4649634644314795 -0.32468044117840195
1403636878.701666594 -84.13753468919678 272.12685926112533 -34.12353041990653 -0.20694239696659844 0.8074495949318024 -0.4414314109774817 -0.3321721020565154
1403636878.901666641 -87.91101771916658 281.06632162829095 -35.97964659836877 -0.18815187455350366 0.8132618927663768 -0.4305735425257975 -0.34323518227720606
1403636879.101666451 -91.7768027141303 290.167150520055 -37.885671125970276 -0.18846847464645144 0.8105280144287415 -0.43669679106346754 -0.34178923997917393
1403636879.301666498 -95.71900384384558 299.44086778237386 -39.8281562296878 -0.19227250955403458 0.7892260070107594 -0.45541937067172883 -0.36434432717505527
1403636879.501666546 -99.71401331792823 308.9077590235544 -41.824814976550826 -0.22892350028491332 0.7548926085189213 -0.48201408098432935 -0.38130513549343265
1403636879.701666594 -103.76117017718363 318.59383397056916 -43.89181762609732 -0.2755529236683777 0.7195518953879286 -0.5139470003693515 -0.37705985852756035
1403636879.901666641 -107.88890279013594 328.5151909107751 -46.053078563697376 -0.3137721903414485 0.6955424818305402 -0.5360884537631996 -0.3610773300543137
1403636880.101666451 -112.15216455017946 338.68846199345217 -48.33626882730732 -0.3361916340724035 0.6881423723607821 -0.541734450609566 -0.3463510438329585
1403636880.301666498 -116.60156834863538 349.1035747613303 -50.742294202398924 -0.3211656460134562 0.6989070127340803 -0.5345744627897008 -0.3501596194666289
1403636880.501666546 -121.2066905491542 359.7392979293214 -53.23883022110514 -0.2819232942424968 0.7245719773981483 -0.513956310860823 -0.3624411900697266
1403636880.701666594 -125.90681917474109 370.57357893006935 -55.79392885658383 -0.26402251874581867 0.7452018932947515 -0.4976303026971736 -0.3568337563384144
1403636880.901666641 -130.70136452154023 381.5716319825219 -58.399955746364746 -0.27221268474103716 0.7428272436137604 -0.5063183551686266 -0.3431467086110955
1403636881.101666451 -135.637557955442 392.72483043480605 -61.05880198511719 -0.2877095881983646 0.7127110865300215 -0.5305169368953967 -0.3575162648930557
1403636881.301666498 -140.7378667025414 404.0508847738341 -63.78708277194126 -0.31961748760861997 0.6698967287697788 -0.5626192116782154 -0.36406408371180765
1403636881.501666546 -146.03595811399646 415.56544897498776 -66.60653893907808 -0.3469707903923002 0.6406142496973841 -0.5738235299307479 -0.37410053487939066
1403636881.701666594 -151.53422123078997 427.2816660127506 -69.53754466651294 -0.3625640129975265 0.6213382910475502 -0.5738291152518455 -0.39141564997653405
1403636881.901666641 -157.20476288637192 439.21643853176255 -72.59064536712914 -0.365663053872588 0.6248887510672293 -0.5681276011386298 -0.39119765930627226
1403636882.101666451 -163.01095050992174 451.39630387627847 -75.76635460777467 -0.35101106323992226 0.6374771791383207 -0.5682301434448954 -0.38409449832255255
1403636882.301666498 -168.9173857261821 463.8238130134706 -79.05614480994223 -0.3356353063127759 0.6437789599658807 -0.5666458077685897 -0.38962818224544965
1403636882.501666546 -174.90408037410344 476.47672686488175 -82.42412475048894 -0.33699705091889554 0.6310698371311618 -0.5810690084012708 -0.3879982677935738
1403636882.701666594 -181.01820852941353 489.31163018004656 -85.84334281217599 0.3387308543062882 -0.5982051297447698 0.6093155434437013 0.39515389357312386
1403636882.901666641 -187.29160702148067 502.31843014624815 -89.33983748058091 0.33679044229096733 -0.5342802538312733 0.6521877761725049 0.4192468401296638
1403636883.101666451 -193.71961350919423 515.5260083051342 -92.94452468668132 0.36285768782143346 -0.48974664885249586 0.6745985519617821 0.41641243019126845
1403636883.301666498 -200.31157972611226 528.9541674206546 -96.64860535060237 0.3741664394996161 -0.45871509365006063 0.6830932015939155 0.4277424649787152
1403636883.501666546 -207.07344869975762 542.6136384485513 -100.44721786438048 0.37710790095707375 -0.4375999947337589 0.6945684936668823 0.4288012164746934
1403636883.701666594 -214.00252523050247 556.5001897378911 -104.33721572252963 0.3816770767568126 -0.4122816109299546 0.7042535217860235 0.4340201140724372
1403636883.901666641 -221.09375907893505 570.6050073499117 -108.32438648194719 0.388387400000149 -0.39887912087567445 0.712453338354251 0.42715443942273357
1403636884.101666451 -228.3477815063283 584.9264699773488 -112.407005988204 0.3891733658779876 -0.38248332475818964 0.7212931119975268 0.42659916099089346
1403636884.301666498 -235.7631542431568 599.4644252720135 -116.58580880017954 0.3871001503253745 -0.371867728717911 0.7244215691039576 0.43252890790478465
1403636884.501666546 -243.3386298520095 614.212476825516 -120.86122978261167 0.38993107010098016 -0.36589086124057135 0.7269597661509553 0.430821467232516
1403636884.701666594 -243.3849234403571 614.1297978801225 -121.0265549792076 0.39355403672717 -0.3607480913782176 0.7291021372871348 0.4282360425584789
1403636884.901666641 -243.1501488023954 614.0566972710573 -121.06669389379701 0.3964395401075939 -0.3561874702817636 0.7297241398850277 0.42833264727628223
1403636885.101666451 -243.13454161275024 614.1109227464808 -121.08836338218246 0.39856320567929737 -0.3525264547590111 0.7302562168528016 0.4284837540929813
1403636885.301666498 -245.5655941518938 613.9460884111668 -122.69428853315702 0.3919585674203376 -0.3644404485393921 0.7263797143913996 0.4311892292427642
1403636885.501666546 -228.94711261865453 617.8711742331711 -103.83500979695187 0.4059695515335643 -0.317240723759786 0.7511835874042097 0.4126381761672555
1403636885.701666594 -194.09155139061784 624.058672505878 -78.91018025568991 0.4523129189751674 -0.2549375399292811 0.7593745684569408 0.3921353578088832
1403636885.901666641 -198.72709068532893 799.9352352920889 -358.56137221920164 0.4451964216796174 -0.03785640102863856 0.7716607432580275 0.4526662527065254
1403636886.101666451 -1156.9278384882493 39.72213786212103 -375.7431612252253 0.23138092227763565 0.18305001024146508 0.8056895188765549 0.51363407376153
1403636886.301666498 -1530.5944993198514 -99.72825884083281 -219.30921867379016 0.12145525987157103 0.3871855421742208 0.7769042240761982 0.48141022256840726
1403636886.501666546 -39787.67383934442 -11896.600613124849 11256.907048356854 -0.14008408964453156 0.40213456574638706 0.6399683100345961 0.6396130087887996
1403636886.701666594 -1451.4919077483864 5985.662587248296 36435.795346052386 -0.5895266735318584 0.5964629270643153 0.323266062278619 0.4383940360124212
1403636886.901666641 -494651.60131453164 -795773.3814730016 384978.47163783107 0.7681296100637652 -0.58933044590409 0.1077161460592015 -0.22597291774002834
1403636887.101666451 2961425.7422097344 8237048.186549827 8612416.279120281 0.5428398733301996 0.28290888484940346 0.7532433420222017 0.24064891958083753
1403636887.301666498 1450939969.1529064 1549834501.578601 1183793298.468042 -0.35664011970027193 -0.13775549091989447 -0.46936405542165194 0.7959451194773105
