1403715907734057984.000000 3.700968981 29.060079575 1.538544893 -0.540960550 -0.603247106 -0.415323347 0.413474470
1403715907884058112.000000 3.652716637 29.107500076 1.567454576 -0.503604591 -0.626970470 -0.389506340 0.448971272
1403715909134057984.000000 3.366971970 28.936727524 1.685809731 -0.054798741 -0.808767617 -0.059431266 0.582546115
1403715909384058112.000000 3.382749319 28.816518784 1.673072219 0.027681690 -0.815993786 -0.002874710 0.577390373
1403715909634057984.000000 3.401747704 28.671998978 1.642827511 0.117644429 -0.807743371 0.037840657 0.576436102
1403715909884058112.000000 3.433971167 28.485687256 1.599041820 0.208607852 -0.785307288 0.120832048 0.570241034
1403715909934057984.000000 3.446247816 28.443199158 1.588526964 0.227078050 -0.776474833 0.144113332 0.569871843
1403715909984057856.000000 3.458230019 28.401184082 1.578635693 0.246724993 -0.766504407 0.166929454 0.568974853
1403715910034057984.000000 3.473250389 28.359027863 1.567614555 0.268085659 -0.755905271 0.188833684 0.566638470
1403715910084058112.000000 3.490490437 28.317411423 1.555757403 0.291098505 -0.745165586 0.209125519 0.562366843
1403715910134057984.000000 3.509208679 28.277320862 1.542910576 0.314701051 -0.735453486 0.227390155 0.555306435
1403715910184057856.000000 3.527972460 28.238916397 1.530222774 0.337624013 -0.726117611 0.244816378 0.546651840
1403715910284058112.000000 3.570356131 28.166042328 1.503878832 0.381317258 -0.706577420 0.273887664 0.529463053
1403715910384058112.000000 3.616653681 28.098552704 1.480845809 0.417151988 -0.684391797 0.301324308 0.516522825
1403715910434057984.000000 3.640994310 28.067375183 1.470062494 0.432115048 -0.671686888 0.315035701 0.512704432
1403715910584058112.000000 3.721050501 27.985158920 1.440086722 0.472196788 -0.634311140 0.351703376 0.500983477
1403715910684057856.000000 3.780935287 27.941080093 1.423125744 0.497025609 -0.614544928 0.371893197 0.486821890
1403715910884058112.000000 3.911468267 27.877168655 1.397472978 0.542037725 -0.577418268 0.408672929 0.453618616
1403715911034057984.000000 4.017573357 27.854959488 1.379938841 0.572823465 -0.548742473 0.435598284 0.425451756
1403715911084058112.000000 4.054137707 27.852108002 1.374984264 0.581175148 -0.537150741 0.446434051 0.417613685
1403715911134057984.000000 4.090049744 27.852027893 1.370787501 0.588711560 -0.525036454 0.457457423 0.410473078
1403715911234057984.000000 4.161899567 27.859428406 1.362073779 0.605411172 -0.500253916 0.477479130 0.394001454
1403715911284058112.000000 4.197048664 27.867454529 1.357795954 0.615408003 -0.488112122 0.485106438 0.384306222
1403715911384058112.000000 4.266415596 27.891347885 1.348769784 0.635239661 -0.465980440 0.498901993 0.361150563
1403715911434057984.000000 4.301160336 27.906545639 1.343152404 0.645357907 -0.455143094 0.504475772 0.349087685
1403715911484057856.000000 4.334077358 27.924150467 1.337164044 0.655581415 -0.445790619 0.508723617 0.335684419
1403715911584058112.000000 4.395072937 27.965875626 1.324305415 0.677156091 -0.428213447 0.512261629 0.309323370
1403715911634057984.000000 4.424540520 27.988721848 1.317728281 0.688349545 -0.417703569 0.512553632 0.298307657
1403715911684057856.000000 4.452499390 28.012645721 1.312110782 0.699635804 -0.406330854 0.511807382 0.288891256
1403715911784058112.000000 4.507162094 28.061408997 1.308255434 0.719316483 -0.379077405 0.512327135 0.276414633
1403715912234057984.000000 4.738730431 28.316169739 1.421929121 0.758311689 -0.296445161 0.542033195 0.208047301
1403715912284058112.000000 4.763086796 28.346530914 1.437325954 0.760600030 -0.289094508 0.545372307 0.201199070
1403715912484057856.000000 4.856603622 28.468709946 1.493135571 0.772104621 -0.256653666 0.554565191 0.174473166
1403715912634057984.000000 4.921820641 28.560697556 1.531768680 0.782219589 -0.226777717 0.560603917 0.149758667
1403715912734057984.000000 4.964461327 28.621992111 1.556817770 0.788933218 -0.200831100 0.565794170 0.130875051
1403715912884058112.000000 5.024927139 28.714344025 1.591634870 0.799272954 -0.151690722 0.573562026 0.095808417
1403715912984057856.000000 5.062208652 28.775915146 1.601558328 0.805631161 -0.114292182 0.577022374 0.070292033
1403715913034057984.000000 5.079783440 28.806383133 1.601070642 0.807774544 -0.096529484 0.578816891 0.056154285
1403715913084058112.000000 5.096817017 28.836641312 1.597518444 0.809594631 -0.077999681 0.580140352 0.043701235
1403715913584058112.000000 5.209191799 29.134223938 1.541077852 -0.786174178 -0.084268928 -0.612225115 0.003065497
1403715913734057984.000000 5.199694633 29.240211487 1.528518319 -0.779312789 -0.104887329 -0.617714584 -0.009948078
1403715913834057984.000000 5.178440094 29.325481415 1.520042777 -0.785458624 -0.103310376 -0.610198438 -0.006292543
1403715913934057984.000000 5.147234440 29.422636032 1.514943361 -0.794744015 -0.096559711 -0.599214733 0.000104863
1403715914584058112.000000 4.854525566 30.228025436 1.540540338 0.844411612 -0.002344799 0.535687208 0.001678132
1403715914734057984.000000 4.813080788 30.421092987 1.551998496 0.852386236 -0.048645906 0.520645022 -0.000261317
1403715914984057856.000000 4.808596611 30.697080612 1.565144897 0.856057942 -0.127136976 0.500289559 -0.026670776
1403715915234057984.000000 4.898344517 30.848678589 1.586186051 0.847437203 -0.144247934 0.510454059 -0.021895811
1403715915434057984.000000 5.022776127 30.880960464 1.603642344 0.832665920 -0.106075920 0.542859614 0.026812728
1403715915884058112.000000 5.363528728 30.890911102 1.488123178 0.833088219 -0.074692547 0.546073079 0.046790175
1403715916084058112.000000 5.539841175 30.893508911 1.431133151 0.830925763 -0.074938774 0.549792171 0.040929221
1403715916234057984.000000 5.679992676 30.889587402 1.389772415 0.823434711 -0.087559626 0.558226883 0.051685698
1403715916334057984.000000 5.774203300 30.883756638 1.362929463 0.818017602 -0.105568893 0.561566234 0.065922633
1403715916434057984.000000 5.868593693 30.876184464 1.336477041 0.811810672 -0.130001903 0.563672245 0.079602614
1403715916534057984.000000 5.962707043 30.866798401 1.309280515 0.807290435 -0.159970328 0.560465038 0.092577629
1403715916734057984.000000 6.146272659 30.840766907 1.256628513 0.793755293 -0.223624483 0.553596973 0.116081893
1403715916784058112.000000 6.191578865 30.831937790 1.244257569 0.789687634 -0.238420144 0.552804589 0.118137620
1403715916834057984.000000 6.236166000 30.821657181 1.232298613 0.786079526 -0.251504928 0.551713645 0.120151781
1403715916934057984.000000 6.322882652 30.795904160 1.211892247 0.775730312 -0.276091278 0.554795146 0.119241498
1403715917334057984.000000 6.588039398 30.600666046 1.197383285 0.731372595 -0.284793139 0.581091404 0.215220451
1403715917734057984.000000 6.712900162 30.454368591 1.157679677 0.727890372 -0.325329632 0.568127036 0.203882307
1403715917834057984.000000 6.727196217 30.423984528 1.140366554 0.719688654 -0.322568178 0.579222322 0.206154197
1403715918034057984.000000 6.719618797 30.375570297 1.120163679 0.715518117 -0.307010740 0.587213278 0.221266583
1403715918634057984.000000 6.462771416 30.389436722 0.990531981 0.706571400 -0.401783645 0.535609543 0.229017958
1403715918734057984.000000 6.394901276 30.396165848 0.949999154 0.708625615 -0.407485098 0.523574829 0.240156308
1403715918834057984.000000 6.322286606 30.399024963 0.924262881 0.716724694 -0.404544920 0.506959319 0.256205738
1403715918984057856.000000 6.214898586 30.398155212 0.910148680 0.735440612 -0.403919995 0.476638258 0.262281805
1403715919384058112.000000 6.035448551 30.332788467 0.968517900 0.750592649 -0.363167733 0.460094184 0.305013478
1403715919534057984.000000 6.020112038 30.304677963 0.964200437 0.738830745 -0.371689975 0.480239958 0.292139262
1403715919684057856.000000 6.021574020 30.279193878 0.929416776 0.731492221 -0.377876014 0.490907669 0.284848332
1403715919784058112.000000 6.029539108 30.262958527 0.892849922 0.731304169 -0.376085997 0.490296721 0.288725942
1403715920034057984.000000 6.075741768 30.233343124 0.794758320 0.738373578 -0.377875835 0.480956912 0.284068316
1403715920134057984.000000 6.106998920 30.224370956 0.773212373 0.741701901 -0.381464183 0.477305472 0.276663810
1403715920234057984.000000 6.145098209 30.215023041 0.765568197 0.742324173 -0.384711266 0.477922291 0.269336909
1403715920334057984.000000 6.191601276 30.202079773 0.774094045 0.737989008 -0.383966267 0.489061117 0.262224019
1403715920484057856.000000 6.268241405 30.179008484 0.802415431 0.729641974 -0.379849404 0.507993639 0.255498618
1403715920584058112.000000 6.319711208 30.161790848 0.822821319 0.722191155 -0.376358896 0.521784365 0.254037440
1403715920684057856.000000 6.367960453 30.144960403 0.842319071 0.715417564 -0.372860461 0.533946335 0.253089070
1403715920784058112.000000 6.411568165 30.130807877 0.870151579 0.711429358 -0.365641057 0.544580519 0.252204299
1403715920984057856.000000 6.480925083 30.116712570 0.954907238 0.724648774 -0.350785136 0.545963228 0.231857985
1403715921184057856.000000 6.524039268 30.110754013 1.067685485 0.747774065 -0.332120925 0.536510408 0.206606418
1403715921384058112.000000 6.552663803 30.094015121 1.178841472 0.762018681 -0.311184585 0.529085517 0.206301257
1403715921484057856.000000 6.565812111 30.082607269 1.233647704 0.767431259 -0.304290473 0.524193108 0.208993390
1403715921534057984.000000 6.573209763 30.076519012 1.261841416 0.768124521 -0.301665545 0.524252176 0.210100725
1403715921834057984.000000 6.631828308 30.036039352 1.475517154 0.765384972 -0.306283504 0.527792990 0.204477340
1403715921934057984.000000 6.654805183 30.020971298 1.541590929 0.762164533 -0.310159475 0.531253278 0.201683536
1403715922034057984.000000 6.678349972 30.003669739 1.598589182 0.760485411 -0.311951399 0.532160580 0.202863425
1403715922134057984.000000 6.701536179 29.984827042 1.657506824 0.756662607 -0.311984509 0.536250770 0.206307054
1403715922284058112.000000 6.733565331 29.955339432 1.765622973 0.748297215 -0.310910225 0.546628416 0.211148068
1403715922384058112.000000 6.751775742 29.937461853 1.848676682 0.746420681 -0.307487011 0.548965275 0.216668174
1403715922584058112.000000 6.772606373 29.911878586 2.007340908 0.745780110 -0.305146158 0.550995409 0.217029780
1403715922684057856.000000 6.780873299 29.903280258 2.080433369 0.743582249 -0.306148976 0.554425538 0.214407519
1403715922734057984.000000 6.783080101 29.899856567 2.111762524 0.744188488 -0.305781364 0.553746223 0.214584321
1403715922834057984.000000 6.785011292 29.894752502 2.163460255 0.746878743 -0.302207977 0.550517738 0.218569905
1403715923034057984.000000 6.774016380 29.897361755 2.216357946 0.749900520 -0.295298040 0.547590673 0.224928349
1403715923234057984.000000 6.764720917 29.913331985 2.272557974 0.756161690 -0.294919282 0.539286077 0.224527627
1403715923334057984.000000 6.765866756 29.924034119 2.326851606 0.759249687 -0.299416959 0.535347641 0.217468202
1403715923634057984.000000 6.760337830 29.965002060 2.444177389 0.753967881 -0.324863166 0.541598082 0.180742726
1403715923734057984.000000 6.753354073 29.972396851 2.442719460 0.750242591 -0.328038484 0.546563029 0.175486833
1403715923834057984.000000 6.741816044 29.975324631 2.419362068 0.746081829 -0.327397317 0.552499831 0.175831884
1403715924034057984.000000 6.700469971 29.968221664 2.338311434 0.735491633 -0.316165745 0.568243444 0.190238819
1403715924084058112.000000 6.685803890 29.965248108 2.310262203 0.734818578 -0.312682271 0.569238484 0.195548311
1403715924584058112.000000 6.456467628 29.959825516 2.023869276 0.759417355 -0.311616510 0.534065008 0.202373341
1403715924634057984.000000 6.429633617 29.960922241 1.996331930 0.759681880 -0.316323131 0.532450259 0.198292419
1403715924734057984.000000 6.374947548 29.959821701 1.941915274 0.754780412 -0.330455661 0.532486618 0.193813190
1403715924834057984.000000 6.318567276 29.952253342 1.888822317 0.745577514 -0.346951842 0.533488512 0.197809666
1403715924934057984.000000 6.257966042 29.938913345 1.836989045 0.733023345 -0.366258591 0.533444643 0.209686041
1403715925034057984.000000 6.191851616 29.920660019 1.788443923 0.716291904 -0.382945269 0.534660757 0.233274207
1403715925134057984.000000 6.120328426 29.901073456 1.750553131 0.697531521 -0.397058100 0.535261214 0.263230383
1403715925234057984.000000 6.042793274 29.884685516 1.725732207 0.681086361 -0.416887283 0.530198038 0.284985155
1403715925334057984.000000 5.959971428 29.873622894 1.713855147 0.667417586 -0.444031894 0.519190788 0.296362072
1403715925434057984.000000 5.872818947 29.866786957 1.710008502 0.655112863 -0.475799382 0.503819644 0.301011503
1403715925534057984.000000 5.781157970 29.862419128 1.707832694 0.643656731 -0.506840944 0.485664070 0.304874957
1403715925634057984.000000 5.683560371 29.857543945 1.708420992 0.630117178 -0.534774065 0.467925489 0.313073188
1403715925734057984.000000 5.573579311 29.865085602 1.701528311 0.608228266 -0.545736432 0.463977218 0.341987193
1403715925784058112.000000 5.514835835 29.871580124 1.697986841 0.599518657 -0.556691647 0.456779361 0.349320114
1403715925884058112.000000 5.392871857 29.883514404 1.692658424 0.579483628 -0.576156259 0.444565237 0.366884828
1403715925984057856.000000 5.265134335 29.894821167 1.687203646 0.559667289 -0.592794538 0.429758966 0.388167977
1403715926084058112.000000 5.132420063 29.905033112 1.679268360 0.533619165 -0.609728038 0.419914335 0.408845127
1403715926184057856.000000 4.996134758 29.917011261 1.659775615 0.502776802 -0.626352787 0.411705703 0.430576473
1403715926234057984.000000 4.926380634 29.925405502 1.644458771 0.487787336 -0.634788156 0.405993104 0.440768808
1403715926334057984.000000 4.783623695 29.947895050 1.604887724 0.458352536 -0.650669873 0.391089290 0.462159008
1403715926384058112.000000 4.711477280 29.962188721 1.582023144 0.444464326 -0.657830596 0.381631225 0.473358244
1403715926484057856.000000 4.566931248 29.998357773 1.535583258 0.417954236 -0.666190863 0.361134976 0.501084387
1403715926584058112.000000 4.423692703 30.045856476 1.486924052 0.394400388 -0.678473711 0.336825937 0.520259678
1403715926684057856.000000 4.285744190 30.103580475 1.436206341 0.373562634 -0.698239207 0.309413850 0.526475072
1403715926734057984.000000 4.218475819 30.134801865 1.411498070 0.364327669 -0.708316028 0.294502795 0.528035820
1403715926784058112.000000 4.152795315 30.167615891 1.387901306 0.356088042 -0.717376173 0.278753400 0.529971004
1403715927184057856.000000 3.690722466 30.432189941 1.311081648 0.294358164 -0.752470911 0.188549176 0.558202565
1403715927284058112.000000 3.592554092 30.491464615 1.301741242 0.283848822 -0.748733401 0.162989393 0.576422393
1403715927534057984.000000 3.407733440 30.612981796 1.286036134 0.232649073 -0.736308813 0.139117882 0.619975805
1403715928134057984.000000 3.423727989 30.911136627 1.211622596 0.037175179 -0.779422641 0.009420486 0.625323594
1403715928234057984.000000 3.479862452 30.958248138 1.173092484 -0.008969209 -0.786190331 -0.013988188 0.617761016
1403715928334057984.000000 3.544601679 31.002004623 1.126486301 -0.053930435 -0.780364335 -0.038965382 0.621775568
1403715928984057856.000000 4.172768116 31.218999863 0.908463001 -0.176354989 -0.836139798 -0.093157880 0.510970414
1403715929084058112.000000 4.250932217 31.254774094 0.953076482 -0.162350610 -0.851912439 -0.078309670 0.491685927
1403715929184057856.000000 4.310699463 31.298408508 1.006326914 -0.145588890 -0.863909662 -0.068859607 0.477202624
1403715929284058112.000000 4.348453045 31.349447250 1.055717230 -0.121835053 -0.869752169 -0.072328836 0.472711354
1403715929434057984.000000 4.365283012 31.431251526 1.119466305 -0.064657055 -0.853399873 -0.116638586 0.503908277
1403715929534057984.000000 4.353766441 31.473968506 1.154665709 -0.028250189 -0.834932625 -0.153014883 0.527897656
1403715929684057856.000000 4.319002628 31.492027283 1.208158612 -0.007204676 -0.817379475 -0.181303889 0.546779513
1403715930684057856.000000 4.054756165 31.171569824 1.263583422 -0.157845676 -0.820167899 -0.038921446 0.548538566
1403715931184057856.000000 3.939643860 31.348922729 1.327513814 -0.137585402 -0.847533226 -0.080202967 0.506285608
1403715931334057984.000000 3.849445581 31.422718048 1.361953497 -0.139797136 -0.847022235 -0.078917556 0.506736755
1403715931734057984.000000 3.465821743 31.648036957 1.484452963 -0.125415638 -0.834094226 -0.084551260 0.530479908
1403715931834057984.000000 3.349250555 31.704769135 1.489731669 -0.120167620 -0.830584943 -0.084762670 0.537125409
1403715931934057984.000000 3.226488113 31.759740829 1.497272015 -0.115261391 -0.821051657 -0.084995657 0.552598238
1403715932334057984.000000 2.759258747 31.940946579 1.565857172 -0.094886653 -0.744121909 -0.096635468 0.654171765
1403715932434057984.000000 2.677067995 31.963264465 1.590942979 -0.092079721 -0.724729538 -0.099422455 0.675576568
1403715932634057984.000000 2.599070787 31.972820282 1.644917727 -0.090445854 -0.692477643 -0.097891279 0.709021568
1403715932834057984.000000 2.665915489 31.929803848 1.705442786 -0.090455934 -0.677948475 -0.100082062 0.722625256
1403715933634057984.000000 3.613724232 31.506055832 1.902375340 -0.170330524 -0.902452946 -0.038767576 0.393780708
1403715933934057984.000000 3.543439150 31.530282974 2.047752142 -0.160783619 -0.899240553 -0.063210793 0.401894718
1403715934034057984.000000 3.427362680 31.572690964 2.121646643 -0.154416725 -0.865354002 -0.078734942 0.470232695
1403715934134057984.000000 3.292404890 31.620944977 2.197424889 -0.145894662 -0.819006503 -0.094590008 0.546805263
1403715934234057984.000000 3.157170534 31.667953491 2.255097628 -0.137625247 -0.769127965 -0.108344361 0.614624321
1403715934534057984.000000 2.862174511 31.761770248 2.323504448 -0.118037395 -0.672411561 -0.125998959 0.719759762
1403715934634057984.000000 2.828387022 31.765293121 2.327811956 -0.113185450 -0.651080549 -0.126026750 0.739865184
1403715934734057984.000000 2.843094587 31.750591278 2.333433867 -0.110991880 -0.640213430 -0.120448396 0.750532985
1403715934834057984.000000 2.909170628 31.717826843 2.343053579 -0.112549633 -0.645493686 -0.110913493 0.747240722
1403715934934057984.000000 3.023253679 31.670196533 2.354501247 -0.118206091 -0.686706543 -0.103561707 0.709743977
1403715935034057984.000000 3.173511028 31.611967087 2.364941120 -0.127859801 -0.735667169 -0.092746727 0.658668160
1403715935434057984.000000 3.864694595 31.365530014 2.293405771 -0.149548724 -0.859560192 -0.072786592 0.483211756
1403715935584058112.000000 4.066571236 31.293466568 2.230979681 -0.149934202 -0.875754356 -0.071862176 0.453221798
1403715935834057984.000000 4.253100395 31.220752716 2.126741171 -0.152288958 -0.895222485 -0.068537995 0.413143188
1403715936234057984.000000 4.085079193 31.248548508 2.068164587 -0.139931023 -0.820852697 -0.101682082 0.544317067
1403715936534057984.000000 3.850257158 31.281425476 2.041424751 -0.140566289 -0.744148433 -0.113012552 0.643204808
1403715937034057984.000000 3.820980310 31.210996628 1.972806573 -0.149304748 -0.766303420 -0.104478456 0.616093755
1403715937534057984.000000 4.046669483 31.049976349 1.835390806 -0.071548723 -0.817768693 -0.038193375 0.569803894
1403715937884058112.000000 4.171689987 30.947191238 1.643821836 -0.012867926 -0.857764602 0.005372913 0.513853431
1403715938384058112.000000 4.016048431 30.809581757 1.502844572 0.108000800 -0.841638029 0.056191970 0.526140451
1403715938634057984.000000 3.805815697 30.706811905 1.527762413 0.158570424 -0.809134543 0.097359665 0.557384849
1403715938984057856.000000 3.486398697 30.535625458 1.525713801 0.185862452 -0.838814080 0.110974766 0.499530524
1403715939634057984.000000 2.651544333 30.070810318 1.542751908 0.171700016 -0.725681126 0.147959545 0.649626076
1403715939784058112.000000 2.536203384 29.989118576 1.565309286 0.159543306 -0.688695431 0.154980183 0.690091133
1403715941284058112.000000 2.524284124 29.546291351 2.250336170 0.151226133 -0.753543973 0.131511196 0.626104593
1403715941434057984.000000 2.354856491 29.428895950 2.326114655 0.136283427 -0.707886755 0.149654761 0.676702738
1403715941534057984.000000 2.269749641 29.364059448 2.351844311 -0.129931062 0.692344487 -0.158560112 -0.691835165
1403715941634057984.000000 2.211076498 29.313810349 2.356519938 -0.123818740 0.677709758 -0.167583466 -0.705190957
1403715941734057984.000000 2.185802937 29.283224106 2.349109650 -0.115635417 0.658877075 -0.179485440 -0.721314371
1403715941834057984.000000 2.198610306 29.276340485 2.335720062 -0.110128067 0.640789747 -0.187469915 -0.736284852
1403715941934057984.000000 2.254391909 29.296157837 2.316241264 -0.111827895 0.638514578 -0.185316861 -0.738546729
1403715942184057856.000000 2.560791492 29.442996979 2.220830679 0.144143581 -0.740636706 0.146521017 0.639696419
1403715942284058112.000000 2.718315840 29.521308899 2.149609566 0.155242577 -0.787483275 0.132290527 0.581609011
1403715942984057856.000000 3.390438795 29.900356293 1.459774733 0.190748289 -0.882490754 0.095571950 0.419155478
1403715943734057984.000000 2.812646389 29.641092300 1.260983706 0.179598227 -0.709006488 0.172297567 0.659824133
1403715944034057984.000000 2.833376408 29.651508331 1.289258361 0.162155733 -0.699038565 0.174631432 0.674206614
1403715944734057984.000000 3.263402939 29.897182465 1.441648006 0.315481186 -0.846441865 0.183926672 0.387529075
1403715944884058112.000000 3.210532188 29.861589432 1.488024473 0.360347360 -0.818441808 0.201163054 0.399795353
1403715945384058112.000000 2.901650190 29.583177567 1.678491354 0.385402113 -0.627930701 0.296953678 0.607442915
1403715945484057856.000000 2.886099815 29.555713654 1.716794968 0.371949375 -0.607797384 0.310846001 0.628975987
1403715945584058112.000000 2.896622181 29.552919388 1.752078295 0.364013761 -0.610388160 0.318207622 0.627426684
1403715945684057856.000000 2.930306196 29.573837280 1.777766705 0.372377604 -0.650583982 0.307944804 0.585871577
1403715946134057984.000000 3.166820049 29.749048233 1.882308841 0.429258764 -0.774321198 0.227824971 0.405289203
1403715946284058112.000000 3.211935997 29.737180710 1.918669224 0.453114897 -0.779711783 0.222700253 0.370325655
1403715946534057984.000000 3.208121300 29.564937592 2.012421131 0.474286079 -0.717306852 0.271575928 0.432169050
1403715946984057856.000000 3.176754236 29.154590607 2.180427790 0.435059220 -0.613398254 0.370724976 0.545003772
1403715947184057856.000000 3.208198547 29.082504272 2.230633497 -0.404844850 0.577798605 -0.400838315 -0.584446907
1403715947384058112.000000 3.283088923 29.128822327 2.246163607 -0.394635141 0.584770381 -0.401690215 -0.583910823
1403715947534057984.000000 3.367880106 29.239538193 2.220323086 0.422549009 -0.639464319 0.366276503 0.527616680
1403715947634057984.000000 3.430537701 29.333074570 2.187030315 0.437883973 -0.675232410 0.346702397 0.481784493
1403715948034057984.000000 3.620313168 29.661342621 1.969755769 0.496995717 -0.741961837 0.261706650 0.366056651
1403715948184057856.000000 3.642947435 29.691900253 1.884794831 0.512380540 -0.749472260 0.242635250 0.341885537
1403715948384058112.000000 3.621729612 29.601202011 1.807363272 0.501052201 -0.728691578 0.272412241 0.379139781
1403715948484057856.000000 3.594639063 29.512969971 1.779555917 0.485314071 -0.704475582 0.300430655 0.421812564
1403715948984057856.000000 3.450225592 29.085607529 1.635609388 0.422393978 -0.614612401 0.373905808 0.551388681
1403715949084058112.000000 3.443652153 29.050142288 1.610855341 0.422667772 -0.602060616 0.387153536 0.555866182
1403715949234057984.000000 3.451783419 29.042934418 1.574487209 0.449138194 -0.608553410 0.388192266 0.526540101
1403715949334057984.000000 3.465489388 29.063653946 1.549772859 0.481790245 -0.626378536 0.374317378 0.485195369
1403715949634057984.000000 3.506877422 29.138559341 1.492029905 0.566615105 -0.659515619 0.323862612 0.372960567
1403715950034057984.000000 3.530129433 28.962064743 1.473388791 0.648749769 -0.600862086 0.319078326 0.340994954
1403715950134057984.000000 3.543451071 28.851497650 1.483384490 0.655356467 -0.566027343 0.342124045 0.364790469
1403715950484057856.000000 3.648085594 28.431043625 1.526041508 0.583017766 -0.484620064 0.482002318 0.439212352
1403715950584058112.000000 3.682699442 28.345491409 1.535480499 0.565917909 -0.471871942 0.500420630 0.454591155
1403715950684057856.000000 3.716742992 28.288616180 1.546614170 0.554439783 -0.464660615 0.512149692 0.463022321
1403715950784058112.000000 3.749703646 28.264671326 1.561253548 0.543613017 -0.456605732 0.522922099 0.471750617
1403715950884058112.000000 3.781670809 28.277301788 1.578993678 -0.537366688 0.450971007 -0.530349612 -0.476016343
1403715950984057856.000000 3.811798096 28.326606750 1.594303727 0.547640085 -0.462664455 0.523748577 0.460129648
1403715951084058112.000000 3.836863756 28.409259796 1.605994940 0.576004148 -0.490361124 0.496059626 0.426251262
1403715951634057984.000000 3.982142925 28.901159286 1.682764888 0.720545352 -0.539445221 0.354337007 0.253492653
1403715951784058112.000000 4.046352386 28.910661697 1.713263154 0.741423786 -0.525018096 0.348054975 0.231310651
1403715951934057984.000000 4.132575512 28.834287643 1.755170226 0.740972877 -0.496834457 0.385207117 0.236072600
1403715952034057984.000000 4.200246334 28.745878220 1.791341305 0.724516213 -0.464122087 0.439456165 0.257963747
1403715952234057984.000000 4.334147453 28.547992706 1.859845281 0.682665110 -0.396903783 0.541145742 0.289131641
1403715952534057984.000000 4.454667568 28.327245712 1.944632769 0.655812860 -0.339978456 0.605367422 0.296402574
1403715952634057984.000000 4.461049557 28.292942047 1.973462105 0.649574161 -0.323910087 0.621541142 0.294656366
1403715952734057984.000000 4.445225239 28.283237457 2.005277395 -0.635213614 0.307375520 -0.642505765 -0.298680991
1403715952834057984.000000 4.405520439 28.301090240 2.037202835 -0.621748805 0.294017226 -0.659331501 -0.303750366
1403715952934057984.000000 4.340044975 28.347856522 2.060590029 0.642655969 -0.300284922 0.641371548 0.292343944
1403715953034057984.000000 4.253561020 28.418684006 2.073269367 0.689520061 -0.317296565 0.594191134 0.266123980
1403715953134057984.000000 4.153651237 28.503971100 2.072279930 0.736823559 -0.334203392 0.538178623 0.236141741
1403715953234057984.000000 4.050133705 28.591455460 2.059630871 0.772472918 -0.348725349 0.487340063 0.210180238
1403715953334057984.000000 3.952627182 28.670824051 2.039284229 0.794153631 -0.356595814 0.452964067 0.192309663
1403715953434057984.000000 3.866346359 28.737627029 2.009859562 0.812398195 -0.358806938 0.425102830 0.174798250
1403715953634057984.000000 3.753117561 28.803020477 1.955626249 0.843542099 -0.340306163 0.390728116 0.141280070
1403715953734057984.000000 3.738141060 28.794130325 1.938676238 0.856358230 -0.323739469 0.381389886 0.128004372
1403715953834057984.000000 3.755134821 28.754348755 1.930659056 0.864181638 -0.303931206 0.380500346 0.126631469
1403715953934057984.000000 3.806399345 28.685993195 1.931540608 0.865137875 -0.270145595 0.395740479 0.148146555
1403715954034057984.000000 3.887302399 28.601312637 1.932367563 0.852920294 -0.224353582 0.431529582 0.189669892
1403715954184057856.000000 4.049136639 28.476982117 1.917392254 0.811748683 -0.184887245 0.504511714 0.228798479
1403715954284058112.000000 4.171887398 28.409845352 1.903609395 0.778452873 -0.177869141 0.553244770 0.237263426
1403715954384058112.000000 4.295028210 28.360929489 1.887570143 0.747405350 -0.186104104 0.596184194 0.226528332
1403715954484057856.000000 4.408147335 28.331912994 1.872322559 0.716197848 -0.194545954 0.635231495 0.213760376
1403715954684057856.000000 4.562259674 28.337402344 1.851772070 -0.667463422 0.190879315 -0.687736928 -0.212310150
1403715954784058112.000000 4.592287540 28.372779846 1.839671373 -0.668385565 0.191310421 -0.687311709 -0.210389301
1403715955084058112.000000 4.506384850 28.597335815 1.806294322 0.754424155 -0.220142543 0.589710891 0.186071634
1403715955184057856.000000 4.447522163 28.694381714 1.796992183 0.784245372 -0.238283589 0.547970355 0.167058751
1403715955434057984.000000 4.313762188 28.914470673 1.779415607 0.835593402 -0.269999623 0.459682494 0.132574186
1403715955584058112.000000 4.282248020 29.006071091 1.780617237 0.853515089 -0.283722341 0.424511403 0.103941023
1403715955734057984.000000 4.308046341 29.041860580 1.794794321 0.866117477 -0.270710111 0.410830140 0.088177584
1403715955884058112.000000 4.399950981 29.018747330 1.834960341 0.842862010 -0.224507347 0.478501648 0.101075657
1403715956034057984.000000 4.521454811 28.972223282 1.880128622 0.801991105 -0.166143015 0.563006580 0.110591188
1403715956134057984.000000 4.603027344 28.942321777 1.909926295 0.780015111 -0.122932658 0.602849603 0.114177369
1403715956534057984.000000 4.763213634 28.920759201 2.004436493 -0.717358589 -0.007122007 -0.695039392 -0.047604624
1403715956684057856.000000 4.716790676 28.956193924 2.044042110 -0.706240714 -0.032070160 -0.706989169 -0.019022545
1403715956934057984.000000 4.474412918 29.037534714 2.092390299 -0.768578529 -0.032942701 -0.638771534 0.013148436
1403715957134057984.000000 4.208035469 29.108299255 2.102009296 -0.830896497 -0.025759818 -0.555613220 0.015536632
1403715957284058112.000000 4.015572071 29.163358688 2.076847792 -0.867691219 -0.015825599 -0.496442854 0.020151043
1403715957434057984.000000 3.861709118 29.216875076 2.028059721 -0.898988426 -0.007589174 -0.437325031 0.022563001
1403715957584058112.000000 3.779084206 29.266014099 1.970167279 -0.918352365 -0.005324749 -0.395213306 0.020173702
1403715957684057856.000000 3.773992777 29.297025681 1.931113601 -0.923826516 -0.007823675 -0.382383317 0.016323235
1403715957784058112.000000 3.818106890 29.326890945 1.896698117 -0.915121317 -0.012373390 -0.402771235 0.013241312
1403715957884058112.000000 3.909211874 29.357818604 1.874650955 -0.887014270 -0.017605375 -0.461165130 0.014914679
1403715958034057984.000000 4.087153435 29.409679413 1.851520419 -0.831007957 -0.035824817 -0.554609001 0.023481635
1403715958334057984.000000 4.410949707 29.524824142 1.791455030 -0.732416570 -0.085353889 -0.672835708 0.059774358
1403715958484057856.000000 4.492283821 29.578571320 1.756620526 -0.694728196 -0.106949188 -0.706182122 0.084978916
1403715958684057856.000000 4.471645355 29.628011703 1.703921795 -0.689800262 -0.131034613 -0.700131774 0.129696548
1403715958784058112.000000 4.407462597 29.636785507 1.675009370 -0.710973203 -0.144353867 -0.670782566 0.154045150
1403715959434057984.000000 3.811184645 29.439977646 1.477107406 -0.835391879 -0.306231171 -0.423795611 0.169529542
1403715959534057984.000000 3.776326895 29.419792175 1.452164054 -0.844847322 -0.322954357 -0.394578874 0.161991075
1403715959634057984.000000 3.768707037 29.427888870 1.443334937 -0.844049871 -0.339705050 -0.383447468 0.158582285
1403715959734057984.000000 3.794446230 29.469236374 1.457673550 -0.828161597 -0.349495262 -0.403035432 0.171941563
1403715959834057984.000000 3.843450785 29.538814545 1.489817739 -0.796019256 -0.348630190 -0.451101065 0.203268811
1403715960434057984.000000 4.076418400 29.863304138 1.651336074 -0.620118082 -0.308410496 -0.651695430 0.309240311
1403715960584058112.000000 4.011060238 29.820621490 1.667414665 -0.637446702 -0.315943569 -0.636410296 0.298032582
1403715961134057984.000000 3.534421206 29.461584091 1.728700995 -0.816450477 -0.384257346 -0.398688227 0.163714856
1403715961234057984.000000 3.478607655 29.451396942 1.751473427 -0.832634091 -0.381700724 -0.369976193 0.155379340
1403715961334057984.000000 3.447757483 29.478464127 1.786154866 -0.836525083 -0.369439662 -0.367911249 0.168468282
1403715961484057856.000000 3.454437971 29.581096649 1.850586772 -0.811922669 -0.354574502 -0.411415488 0.213999718
1403715961734057984.000000 3.559286594 29.814191818 1.963567138 -0.720690191 -0.368572861 -0.510028243 0.290913910
1403715961884058112.000000 3.619924784 29.950204849 2.048547983 -0.660864055 -0.382149607 -0.559366226 0.323001444
1403715961984057856.000000 3.648036003 30.022377014 2.095544577 -0.626606107 -0.385111272 -0.584256411 0.343072355
1403715962084058112.000000 3.660069942 30.071529388 2.137679338 -0.587937176 -0.378962129 -0.608536124 0.374701649
1403715963084058112.000000 3.440024376 29.097730637 1.633490920 -0.655605853 -0.586414635 -0.325654864 0.346767575
1403715963184057856.000000 3.459269524 28.976425171 1.528144717 -0.651370704 -0.621007383 -0.298676372 0.317582160
1403715963284058112.000000 3.481112957 28.884569168 1.412724018 -0.644914806 -0.648339331 -0.272315741 0.299308002
1403715963384058112.000000 3.502509594 28.834106445 1.295560837 -0.628067136 -0.664817214 -0.264433533 0.305981606
1403715963534057984.000000 3.527684689 28.840662003 1.144436479 -0.565174043 -0.657963037 -0.316381633 0.384142756
1403715963784058112.000000 3.551473141 28.915245056 0.942175925 -0.478494793 -0.638951957 -0.363520890 0.480245501
1403715964234057984.000000 3.572964668 28.932329178 0.793149233 -0.470546126 -0.699042737 -0.319690257 0.433271080
1403715965534057984.000000 3.433463812 29.068078995 1.182746649 -0.492199540 -0.732288063 -0.262123883 0.390877187
1403715965934057984.000000 3.348440409 29.307003021 1.326924205 -0.436751097 -0.651962638 -0.347593963 0.513197541
1403715966134057984.000000 3.298007965 29.402082443 1.390252948 -0.400075972 -0.606329501 -0.382486105 0.570971191
1403715966334057984.000000 3.282667160 29.386911392 1.447718978 -0.409257531 -0.622938931 -0.370827794 0.554023564
1403715966484057856.000000 3.291935205 29.311780930 1.487238288 -0.448996276 -0.672371626 -0.332288057 0.485698819
1403715967134057984.000000 3.176118374 29.267843246 1.695937991 -0.468829483 -0.667069912 -0.345270544 0.464763463
1403715967434057984.000000 3.048431158 29.335371017 1.811763167 -0.411857426 -0.581872165 -0.414567202 0.565625668
1403715967584058112.000000 3.006796837 29.272022247 1.857031584 -0.426615804 -0.592849374 -0.388193190 0.561991751
1403715968184057856.000000 3.047022104 28.789257050 1.934888363 -0.451041430 -0.759062529 -0.208228707 0.420745343
1403715968634057984.000000 3.088957787 28.747287750 1.829260945 -0.383186430 -0.680757880 -0.294233352 0.550603092
1403715968784058112.000000 3.116560936 28.726818085 1.758628130 -0.363493800 -0.652254283 -0.317602813 0.584435701
1403715968934057984.000000 3.172888279 28.661808014 1.689471245 -0.353668958 -0.638385415 -0.327384382 0.600168169
1403715969234057984.000000 3.367791176 28.404254913 1.528369546 -0.410908371 -0.739435673 -0.254785001 0.468480408
1403715969434057984.000000 3.491090775 28.251733780 1.437408447 -0.440307468 -0.786609888 -0.212592021 0.377066106
1403715969584058112.000000 3.535872459 28.213352203 1.387571692 -0.428441852 -0.804928005 -0.224701941 0.343565792
1403715970084058112.000000 3.222902536 28.422597885 1.340812445 -0.359083325 -0.706370413 -0.310274333 0.525195062
1403715970334057984.000000 2.993443012 28.473405838 1.334950447 -0.335844129 -0.636285067 -0.321422458 0.615660429
1403715970534057984.000000 2.889187574 28.401199341 1.338293552 -0.343190879 -0.627537906 -0.300515950 0.630956709
1403715970684057856.000000 2.872807741 28.284320831 1.337849975 -0.381378412 -0.671686590 -0.249547705 0.584049284
1403715970834057984.000000 2.900578022 28.152139664 1.338241816 -0.427869201 -0.725942791 -0.192301512 0.502946615
1403715970984057856.000000 2.945735693 28.056428909 1.352370381 -0.460555673 -0.763123393 -0.148270085 0.428424120
1403715971134057984.000000 2.983297586 28.043531418 1.386864662 -0.448769033 -0.795446455 -0.148715898 0.379150271
1403715971334057984.000000 2.967956066 28.171127319 1.477207303 -0.367090285 -0.809541881 -0.211142063 0.406578124
1403715971484057856.000000 2.895328760 28.318410873 1.560086608 -0.288589090 -0.793592572 -0.254451513 0.471361339
1403715971534057984.000000 2.862581730 28.366142273 1.586515427 -0.264318705 -0.785781860 -0.262733281 0.493612856
1403715971684057856.000000 2.758670568 28.503486633 1.590381503 -0.204428211 -0.764701068 -0.266238451 0.550053298
1403715971884058112.000000 2.628873110 28.639638901 1.475387931 -0.170163780 -0.747148275 -0.208697453 0.607667029
1403715972034057984.000000 2.553874254 28.692945480 1.376525402 -0.152658731 -0.750138402 -0.164887339 0.621932387
1403715972134057984.000000 2.521057606 28.710628510 1.310916066 -0.140765980 -0.746229827 -0.147177950 0.633770168
1403715972234057984.000000 2.506026983 28.715526581 1.250028491 -0.127943113 -0.730475187 -0.139564291 0.656169474
1403715972334057984.000000 2.514084816 28.707723618 1.190534711 -0.117767394 -0.715479851 -0.137131885 0.674843907
1403715972434057984.000000 2.548849821 28.686285019 1.129659414 -0.115445994 -0.711312890 -0.132890582 0.680475116
1403715972534057984.000000 2.611571550 28.650806427 1.065473676 -0.118385322 -0.723594427 -0.129005820 0.667647779
1403715972634057984.000000 2.698305130 28.602949142 0.996964931 -0.130522490 -0.753796160 -0.117087938 0.633281708
1403715972734057984.000000 2.801028967 28.546665192 0.923500240 -0.146751344 -0.786266685 -0.101215512 0.591611385
1403715972834057984.000000 2.910014868 28.487016678 0.843937337 -0.161773920 -0.811773837 -0.088709049 0.554060757
1403715972934057984.000000 3.017405510 28.428064346 0.765085101 -0.172355428 -0.815847874 -0.084115885 0.545536816
1403715973034057984.000000 3.120914698 28.374143600 0.695206463 -0.181380183 -0.805343032 -0.079666004 0.558728278
1403715973184057856.000000 3.276441813 28.310771942 0.614407003 -0.188247055 -0.794918239 -0.082236290 0.570881128
1403715973334057984.000000 3.437648296 28.265798569 0.541041970 -0.192849174 -0.796184719 -0.083267748 0.567420185
1403715973434057984.000000 3.548301220 28.246942520 0.496053070 -0.194545105 -0.805910051 -0.083448648 0.552899301
1403715973584058112.000000 3.710115433 28.236375809 0.435138345 -0.198735908 -0.821286917 -0.079363562 0.528860450
1403715973734057984.000000 3.855992317 28.249868393 0.383748472 -0.208230168 -0.831664562 -0.064509235 0.510698438
1403715973834057984.000000 3.940398932 28.277137756 0.354238898 -0.211786568 -0.835446298 -0.057879549 0.503811479
1403715973934057984.000000 4.012946129 28.321130753 0.328414887 -0.210617691 -0.838896394 -0.056474160 0.498702168
1403715974034057984.000000 4.072270870 28.381311417 0.307823390 -0.200978562 -0.837240994 -0.067809910 0.504020929
1403715974134057984.000000 4.119483471 28.453683853 0.291745424 -0.189390227 -0.831090152 -0.080585957 0.516649365
1403715974234057984.000000 4.156679630 28.534700394 0.276688516 -0.181514516 -0.823868096 -0.087839305 0.529696345
1403715974584058112.000000 4.225032806 28.851253510 0.177840233 -0.168791041 -0.819626629 -0.094913423 0.539178312
1403715974634057984.000000 4.229529381 28.898981094 0.166478202 -0.167043239 -0.817245781 -0.096234970 0.543088257
1403715974834057984.000000 4.237681389 29.092498779 0.119075216 -0.164076731 -0.811955929 -0.096893877 0.551740885
1403715975034057984.000000 4.236624241 29.285942078 0.072689794 -0.158290386 -0.810362220 -0.097791262 0.555602431
1403715975384058112.000000 4.213465691 29.610473633 0.018777128 -0.139365405 -0.808813155 -0.104880296 0.561603725
1403715975634057984.000000 4.184713364 29.806163788 0.021918420 -0.131009892 -0.806643367 -0.106558606 0.566399336
1403715975934057984.000000 4.141869068 29.991636276 0.056388974 -0.133278757 -0.811700165 -0.102093279 0.559425294
1403715976434057984.000000 4.014711857 30.205369949 0.119857989 -0.130465761 -0.809823871 -0.117292374 0.559827328
1403715976934057984.000000 3.803873301 30.248252869 0.138866499 -0.083999261 -0.816672444 -0.080466442 0.565256953
1403715977384058112.000000 3.566889763 30.141736984 0.128055066 -0.007687067 -0.820642531 -0.030143764 0.570594609
1403715977534057984.000000 3.485539913 30.073825836 0.121199436 0.036913335 -0.820231140 0.001252217 0.570838571
1403715977734057984.000000 3.379738331 29.960653305 0.111628443 0.102442622 -0.813906431 0.051482245 0.569571316
1403715977984057856.000000 3.264762878 29.792695999 0.098433137 0.198856026 -0.790098548 0.104920842 0.570256293
1403715978134057984.000000 3.215292931 29.673513412 0.090535320 0.264009476 -0.765793324 0.132933676 0.571128845
1403715978234057984.000000 3.194182158 29.585546494 0.083139591 0.306389570 -0.748470962 0.149104863 0.568932772
1403715978334057984.000000 3.186173439 29.490911484 0.076054364 0.341855407 -0.731381178 0.171421677 0.564651310
1403715978484057856.000000 3.201413631 29.336658478 0.064287961 0.378770739 -0.712572396 0.220367357 0.547915637
1403715978584058112.000000 3.227137804 29.229145050 0.053896159 0.398813099 -0.700007856 0.260523051 0.532038510
1403715978734057984.000000 3.282852173 29.072933197 0.036332205 0.436902046 -0.675768912 0.308759362 0.507070780
1403715978834057984.000000 3.331860542 28.974290848 0.024258623 0.467002541 -0.658188820 0.330541015 0.489324838
1403715978934057984.000000 3.386154890 28.879901886 0.014988324 0.502361774 -0.636781812 0.347143352 0.470779181
1403715979334057984.000000 3.655194998 28.557937622 0.023664784 0.607230067 -0.502565920 0.455117553 0.414206594
1403715979534057984.000000 3.814104080 28.461400986 0.043866858 0.661514163 -0.428152293 0.479813606 0.385828286
1403715979634057984.000000 3.900568485 28.435588837 0.054962963 0.684049487 -0.398655087 0.490556359 0.364012301
1403715979734057984.000000 3.992423296 28.425443649 0.068375006 0.703626215 -0.367463380 0.503504694 0.341121525
1403715979834057984.000000 4.089239597 28.431249619 0.083196312 0.718467295 -0.333524883 0.520906806 0.318154067
1403715979934057984.000000 4.189296246 28.453226089 0.098707296 0.729855955 -0.298167467 0.540382445 0.293927252
1403715980034057984.000000 4.290798187 28.492235184 0.115171380 0.738461196 -0.260897309 0.560714543 0.268713564
1403715980134057984.000000 4.391149998 28.548881531 0.130138859 0.747459054 -0.223481923 0.576415181 0.243117943
1403715980234057984.000000 4.487115860 28.622505188 0.142479092 0.756869435 -0.189126119 0.588881969 0.211182743
1403715980334057984.000000 4.576318741 28.712064743 0.151921853 0.767677009 -0.156867310 0.596114457 0.175248921
1403715980434057984.000000 4.657348156 28.815208435 0.160615563 0.774478078 -0.123127252 0.604727030 0.139027804
1403715980534057984.000000 4.727708817 28.929691315 0.169103622 0.776045620 -0.088265039 0.616472960 0.099617764
1403715980634057984.000000 4.785698891 29.052715302 0.175290808 0.778393209 -0.052562322 0.622775197 0.059095811
1403715980734057984.000000 4.830129147 29.180442810 0.179402515 0.780444801 -0.014407562 0.624696851 0.021267047
1403715980834057984.000000 4.860101223 29.310207367 0.180617005 -0.783195972 -0.023722203 -0.621069014 0.017739018
1403715980934057984.000000 4.876458645 29.439702988 0.181668967 -0.782293618 -0.063292369 -0.617128491 0.056243047
1403715981034057984.000000 4.879345417 29.566030502 0.183365747 -0.775859833 -0.104015231 -0.614890873 0.095559694
1403715981134057984.000000 4.868785381 29.686233521 0.185031027 -0.765874505 -0.145972133 -0.611559510 0.134623095
1403715981234057984.000000 4.844971180 29.798112869 0.187199995 -0.753315866 -0.191279590 -0.605876029 0.169828460
1403715981334057984.000000 4.808051586 29.899990082 0.190961048 -0.738610089 -0.236177668 -0.596088707 0.208215117
1403715981434057984.000000 4.760460854 29.989824295 0.196463555 -0.720611036 -0.280407399 -0.583504617 0.248221278
1403715981534057984.000000 4.701811314 30.064880371 0.204661727 -0.696361482 -0.322045267 -0.571972549 0.290198058
1403715981634057984.000000 4.633262634 30.121919632 0.214713529 -0.667500496 -0.363770574 -0.560953498 0.327788502
1403715981934057984.000000 4.375272751 30.169643402 0.229447767 -0.605856776 -0.501770079 -0.478746653 0.389828295
1403715982084058112.000000 4.230013371 30.142307281 0.236544073 -0.569062173 -0.555079281 -0.441885114 0.415683508
1403715982334057984.000000 3.976798058 30.044342041 0.251933932 -0.500448108 -0.621639371 -0.388721228 0.460447729
1403715982484057856.000000 3.822742462 29.959886551 0.262357503 -0.456966430 -0.656012774 -0.354222178 0.485134542
1403715982634057984.000000 3.667766094 29.850915909 0.270089954 -0.405471057 -0.687936723 -0.320064068 0.509799302
1403715982734057984.000000 3.565635681 29.766469955 0.273667336 -0.370038211 -0.708091497 -0.292224675 0.525626302
1403715982834057984.000000 3.465742826 29.672521591 0.277048111 -0.332396150 -0.727169633 -0.262653530 0.540139258
1403715982934057984.000000 3.371282339 29.569972992 0.280773044 -0.292638123 -0.745376229 -0.234694079 0.551086128
1403715983034057984.000000 3.282018185 29.460054398 0.283484846 -0.254908472 -0.758888423 -0.204420462 0.563313723
1403715983134057984.000000 3.198705196 29.343994141 0.285063118 -0.216329679 -0.770833075 -0.173674092 0.573458970
1403715983284058112.000000 3.087347031 29.162185669 0.285340190 -0.155158177 -0.784245133 -0.123539470 0.587897539
1403715983384058112.000000 3.023176670 29.035123825 0.285706401 -0.109929241 -0.791119099 -0.091089398 0.594767988
1403715983534057984.000000 2.946255922 28.840625763 0.287932217 -0.043074396 -0.788528979 -0.033242386 0.612586021
1403715983684057856.000000 2.898618937 28.647232056 0.293519258 0.019195400 -0.774888277 0.028411184 0.631167650
1403715983834057984.000000 2.890935421 28.466110229 0.298525363 0.077165425 -0.762439668 0.084531687 0.636856139
1403715983984057856.000000 2.925402164 28.306785583 0.305073887 0.131659091 -0.752339125 0.134479478 0.631321728
1403715984084058112.000000 2.971204758 28.216264725 0.309688032 0.165819943 -0.749190748 0.164336756 0.619847119
1403715984184057856.000000 3.032536983 28.139696121 0.315076917 0.198370859 -0.747372270 0.191774592 0.604405761
1403715984284058112.000000 3.106077194 28.077608109 0.322096854 0.229860708 -0.742750704 0.216730624 0.590350270
1403715984384058112.000000 3.189501286 28.030542374 0.331825197 0.259606391 -0.733402133 0.241703048 0.579918563
1403715984484057856.000000 3.281259537 27.998876572 0.342631787 0.292417824 -0.721948564 0.260573179 0.570424199
1403715984584058112.000000 3.380050659 27.982086182 0.351906806 0.328807980 -0.715467513 0.274641395 0.551872909
1403715984684057856.000000 3.484652281 27.976158142 0.360199839 0.368671656 -0.708789587 0.285532802 0.529310465
1403715984734057984.000000 3.538949251 27.976726532 0.363554239 0.387105078 -0.703774869 0.294987530 0.517525911
1403715984834057984.000000 3.649338722 27.981828690 0.370047569 0.417145759 -0.689436376 0.324553251 0.495310128
1403715984884058112.000000 3.704287052 27.987154007 0.373485535 0.431257039 -0.680685103 0.339296341 0.485348493
1403715984984057856.000000 3.811853170 28.003126144 0.380538642 0.458896607 -0.660350263 0.363776326 0.470125854
1403715985034057984.000000 3.864280462 28.014207840 0.383993059 0.472989053 -0.649076343 0.371726900 0.465618402
1403715985134057984.000000 3.966129780 28.043239594 0.390375495 0.496208489 -0.631486475 0.381223738 0.457897812
1403715985184057856.000000 4.015687943 28.060884476 0.393913358 0.504377484 -0.624479771 0.384130031 0.456149817
1403715985284058112.000000 4.113071918 28.101741791 0.401732206 0.519807398 -0.611921668 0.379541278 0.459674388
1403715985384058112.000000 4.210622787 28.149114609 0.409972012 0.528423131 -0.604912519 0.371168852 0.465922356
1403715985434057984.000000 4.260474205 28.175336838 0.413407147 0.526253939 -0.607251048 0.371046752 0.465432376
1403715985834057984.000000 4.664184570 28.408498764 0.415649056 0.492053002 -0.694627583 0.327220529 0.410247535
1403715985934057984.000000 4.758885860 28.455310822 0.396552384 0.477687627 -0.705766976 0.328165621 0.407449156
1403715986284058112.000000 5.018000126 28.567132950 0.248900339 0.448362947 -0.704905987 0.342110366 0.430161357
1403715986384058112.000000 5.069388866 28.589635849 0.202254862 0.451239556 -0.693810463 0.338491261 0.447698087
1403715986584058112.000000 5.158241272 28.635511398 0.099065363 0.465536863 -0.691701889 0.322446018 0.448165864
1403715986784058112.000000 5.233400345 28.669378281 -0.014354400 0.482571661 -0.706140697 0.302186340 0.420919746
1403715986934057984.000000 5.274996281 28.663627625 -0.086341180 0.479171783 -0.700521827 0.308431089 0.429574013
1403715987184057856.000000 5.320664883 28.625862122 -0.194536597 0.428733736 -0.696131408 0.341575652 0.463588685
1403715987484057856.000000 5.334575653 28.618219376 -0.315305471 0.404369324 -0.702761769 0.322841138 0.488246858
1403715987684057856.000000 5.333166599 28.641046524 -0.385380149 0.414767802 -0.706631899 0.302656680 0.486865580
1403715988184057856.000000 5.325670719 28.681991577 -0.528818369 0.435940772 -0.708623111 0.291585505 0.472003013
1403715988534057984.000000 5.320321560 28.666744232 -0.585869789 0.423905522 -0.694932997 0.315595835 0.487618327
1403715988934057984.000000 5.311080933 28.691951752 -0.625586152 0.421958834 -0.712580323 0.312223494 0.465506852
1403715989134057984.000000 5.283989906 28.715826035 -0.630009115 0.427343190 -0.711408675 0.300984710 0.469769955
1403715989234057984.000000 5.267060757 28.725347519 -0.630206943 0.427719206 -0.711746752 0.298678964 0.470386773
1403715989634057984.000000 5.187726974 28.744670868 -0.630370259 0.425161332 -0.708685994 0.298036814 0.477677792
1403715989934057984.000000 5.126260281 28.745941162 -0.645091414 0.426495284 -0.695896506 0.299319059 0.494204283
1403715990134057984.000000 5.098216534 28.750965118 -0.666125238 0.430772662 -0.694986045 0.297285944 0.493001372
1403715990284058112.000000 5.085201263 28.755964279 -0.688681483 0.434074998 -0.695232630 0.295648962 0.490736455
1403715990384058112.000000 5.081038952 28.758813858 -0.705676675 0.436105251 -0.694697440 0.294215888 0.490555525
1403715990484057856.000000 5.080195427 28.760627747 -0.729342818 0.438658148 -0.694931805 0.291828126 0.489372283
1403715990584058112.000000 5.083144188 28.760705948 -0.759880364 0.440039039 -0.695914149 0.290585548 0.487472355
1403715990684057856.000000 5.089835167 28.758443832 -0.794427872 0.442557037 -0.698119938 0.287365943 0.483934611
1403715990784058112.000000 5.099605083 28.752870560 -0.829856396 0.444131106 -0.699975550 0.285475671 0.480921566
1403715990884058112.000000 5.112144947 28.743402481 -0.862603426 0.446340561 -0.701973677 0.282848448 0.477503777
1403715990984057856.000000 5.127439499 28.728242874 -0.890257359 0.447797626 -0.701928914 0.281554759 0.476969570
1403715991084058112.000000 5.145722389 28.707424164 -0.909620464 0.446613908 -0.698331237 0.284524471 0.481576025
1403715991334057984.000000 5.161348820 28.691886902 -0.910809159 0.443970442 -0.691707432 0.288814038 0.490935415
1403715991484057856.000000 5.159973145 28.694427490 -0.913465381 0.439120829 -0.695289195 0.295737773 0.486091614
1403715991934057984.000000 5.159084320 28.693500519 -0.914941251 0.438603044 -0.695629239 0.296622276 0.485533297
1403715992384058112.000000 5.159198284 28.693019867 -0.915262401 0.438691080 -0.695537448 0.296523422 0.485645592
1403715992784058112.000000 5.159156799 28.693504333 -0.914902568 0.438624978 -0.695625007 0.296578556 0.485546231
1403715993134057984.000000 5.159160137 28.693790436 -0.914923728 0.438676834 -0.695706964 0.296479434 0.485442579
1403715993584058112.000000 5.159025669 28.693439484 -0.915027797 0.438595831 -0.695693254 0.296614498 0.485452861
1403715993784058112.000000 5.159545422 28.693376541 -0.915235877 0.438626915 -0.695773721 0.296514392 0.485370666
1403715993834057984.000000 5.159045219 28.693695068 -0.914970696 0.438411236 -0.695413351 0.296790808 0.485912740
1403715993934057984.000000 5.158932209 28.693367004 -0.915196478 0.438594222 -0.696110606 0.296420127 0.484974533
