1403715915.634058 0.4116584 -6.6113992 -3.2070088 -0.8275824 -0.0614001 0.0270845 0.5573184
1403715915.734058 0.3899232 -6.5473132 -3.2370653 -0.8263836 -0.0693467 0.0220825 0.5583849
1403715915.984058 0.3246073 -6.3726006 -3.3101530 -0.8366723 -0.0710775 0.0333072 0.5420500
1403715916.234058 0.2563420 -6.1630578 -3.3781290 -0.8270618 -0.0564973 0.0266985 0.5586269
1403715916.484058 0.1976848 -5.9345269 -3.4464345 -0.8227565 0.0017376 -0.0060767 0.5683589
1403715916.734058 0.1526561 -5.7019453 -3.5143380 -0.8210678 0.0817217 -0.0373232 0.5637164
1403715916.984058 0.1392167 -5.4717789 -3.5693374 -0.8097469 0.1463389 -0.0403113 0.5668068
1403715917.484058 0.2841880 -5.1308060 -3.5779090 -0.7679437 0.1644918 -0.1407596 0.6028197
1403715917.734058 0.3344789 -5.0463762 -3.6051283 -0.7741017 0.1916679 -0.1176874 0.5917597
1403715917.784058 0.3457763 -5.0337725 -3.6133680 -0.7698783 0.1919300 -0.1169156 0.5973116
1403715917.984058 0.3939786 -5.0136032 -3.6375895 -0.7584421 0.1802407 -0.1251428 0.6136922
1403715918.134058 0.4284983 -5.0351663 -3.6484151 -0.7622615 0.1708961 -0.1471388 0.6067142
1403715918.734058 0.5072114 -5.3291788 -3.8058441 -0.7695886 0.2735344 -0.1592491 0.5545737
1403715918.784058 0.5191531 -5.3644795 -3.8224769 -0.7719586 0.2714790 -0.1693357 0.5492763
1403715918.834058 0.5316498 -5.4005327 -3.8360822 -0.7767207 0.2687987 -0.1778884 0.5411173
1403715919.134058 0.6157031 -5.5853176 -3.8408124 -0.8076866 0.2572113 -0.1961004 0.4929801
1403715919.384058 0.6973002 -5.6502376 -3.8013773 -0.8012319 0.2205039 -0.2334473 0.5048842
1403715919.634058 0.7451575 -5.6477170 -3.8204477 -0.7867488 0.2372801 -0.2090231 0.5301263
1403715919.734058 0.7592807 -5.6371355 -3.8520496 -0.7853193 0.2386041 -0.2082879 0.5319378
1403715919.884058 0.7754831 -5.6135855 -3.9135303 -0.7854304 0.2342634 -0.2149377 0.5310569
1403715920.134058 0.7759950 -5.5475464 -3.9909439 -0.7965342 0.2396345 -0.2018050 0.5170912
1403715920.284058 0.7688003 -5.4867625 -3.9944334 -0.7960596 0.2430785 -0.1899956 0.5206761
1403715920.384058 0.7643642 -5.4368653 -3.9790838 -0.7915894 0.2416442 -0.1816318 0.5310407
1403715920.434058 0.7624047 -5.4105043 -3.9687309 -0.7880771 0.2412674 -0.1777146 0.5377194
1403715920.484058 0.7607868 -5.3838139 -3.9580207 -0.7847993 0.2402616 -0.1749673 0.5438298
1403715920.634058 0.7582204 -5.3047552 -3.9271164 -0.7731118 0.2374612 -0.1691277 0.5632993
1403715920.734058 0.7570493 -5.2570872 -3.9044137 -0.7663856 0.2330902 -0.1671608 0.5747864
1403715920.834058 0.7537646 -5.2163796 -3.8717084 -0.7642567 0.2247635 -0.1630206 0.5820802
1403715920.984058 0.7427030 -5.1714087 -3.8054266 -0.7748707 0.2125508 -0.1439910 0.5776367
1403715921.034058 0.7384927 -5.1608329 -3.7789392 -0.7807251 0.2082233 -0.1357035 0.5733201
1403715921.084058 0.7349191 -5.1517515 -3.7515907 -0.7866208 0.2022897 -0.1290575 0.5689031
1403715921.534058 0.7480457 -5.0886493 -3.5092940 -0.8087217 0.1549214 -0.1256210 0.5533425
1403715921.584058 0.7514617 -5.0803394 -3.4798594 -0.8093223 0.1536191 -0.1260210 0.5527362
1403715921.634058 0.7548019 -5.0710130 -3.4461527 -0.8088579 0.1525613 -0.1271244 0.5534559
1403715922.234058 0.7997323 -4.9187078 -3.0459452 -0.7939487 0.1681207 -0.1199102 0.5718415
1403715922.384058 0.8157921 -4.8830376 -2.9247708 -0.7886886 0.1648157 -0.1258656 0.5787607
1403715922.434058 0.8207858 -4.8737578 -2.8839836 -0.7891639 0.1621165 -0.1292379 0.5781316
1403715922.484058 0.8251089 -4.8656192 -2.8433828 -0.7890671 0.1611971 -0.1296555 0.5784273
1403715922.684058 0.8378255 -4.8436027 -2.6911182 -0.7860942 0.1641462 -0.1226314 0.5831581
1403715922.734058 0.8407638 -4.8414803 -2.6604323 -0.7864358 0.1635210 -0.1229644 0.5828031
1403715922.834058 0.8461378 -4.8406119 -2.6112766 -0.7883090 0.1593221 -0.1273532 0.5804882
1403715923.484058 0.8091177 -4.8811016 -2.3641953 -0.8036395 0.1671785 -0.1076043 0.5609244
1403715923.634058 0.7927216 -4.8930626 -2.3239541 -0.7999361 0.1785005 -0.0905016 0.5657291
1403715923.734058 0.7883955 -4.9029636 -2.3252182 -0.7969670 0.1822316 -0.0842254 0.5696853
1403715923.934058 0.7988093 -4.9311485 -2.3853030 -0.7850676 0.1790410 -0.0874396 0.5864875
1403715923.984058 0.8054880 -4.9407787 -2.4075685 -0.7819738 0.1760806 -0.0910178 0.5909555
1403715924.084058 0.8221213 -4.9650903 -2.4618964 -0.7785992 0.1698898 -0.0996883 0.5958045
1403715924.134058 0.8312497 -4.9804473 -2.4920669 -0.7784129 0.1663606 -0.1041983 0.5962720
1403715924.184058 0.8407111 -4.9976845 -2.5222840 -0.7789394 0.1639740 -0.1074122 0.5956749
1403715924.234058 0.8504069 -5.0168567 -2.5527754 -0.7809136 0.1614705 -0.1109454 0.5931208
1403715924.384058 0.8784052 -5.0842447 -2.6405067 -0.7880033 0.1585283 -0.1156352 0.5835652
1403715924.434058 0.8870310 -5.1089640 -2.6686916 -0.7911204 0.1596504 -0.1146986 0.5792104
1403715924.484058 0.8955822 -5.1343961 -2.6969385 -0.7953721 0.1601202 -0.1143839 0.5732898
1403715924.534058 0.9042544 -5.1600122 -2.7245941 -0.7994256 0.1615342 -0.1135195 0.5673966
1403715924.634058 0.9225513 -5.2111015 -2.7779293 -0.8032085 0.1670903 -0.1093475 0.5612308
1403715924.684058 0.9328747 -5.2361817 -2.8039212 -0.8031502 0.1736618 -0.1061048 0.5599403
1403715924.784058 0.9584773 -5.2851129 -2.8553267 -0.7990682 0.1898597 -0.1056188 0.5606139
1403715924.834058 0.9741857 -5.3093729 -2.8805656 -0.7955654 0.1990200 -0.1086514 0.5618377
1403715924.984058 1.0325406 -5.3857598 -2.9548721 -0.7814022 0.2290871 -0.1307959 0.5655283
1403715925.034058 1.0556116 -5.4130273 -2.9777794 -0.7739070 0.2387812 -0.1430489 0.5688484
1403715925.084058 1.0798180 -5.4412680 -2.9979849 -0.7657092 0.2470031 -0.1578164 0.5725147
1403715925.134058 1.1039443 -5.4717202 -3.0150576 -0.7580255 0.2555240 -0.1723431 0.5748067
1403715925.434058 1.2380681 -5.6964259 -3.0483797 -0.7320606 0.3365853 -0.2162957 0.5513746
1403715925.484058 1.2588291 -5.7401781 -3.0484974 -0.7300228 0.3521963 -0.2199627 0.5428083
1403715925.534058 1.2798843 -5.7853994 -3.0485375 -0.7267774 0.3672905 -0.2245969 0.5352089
1403715925.584058 1.3016348 -5.8321276 -3.0486512 -0.7229166 0.3808824 -0.2311268 0.5281103
1403715925.684058 1.3486085 -5.9292641 -3.0519137 -0.7115335 0.4069425 -0.2466916 0.5169731
1403715925.884058 1.4547448 -6.1369371 -3.0639119 -0.6810499 0.4535862 -0.2844103 0.4995412
1403715925.934058 1.4827428 -6.1920338 -3.0676320 -0.6730207 0.4637377 -0.2960894 0.4942890
1403715925.984058 1.5113721 -6.2482157 -3.0711336 -0.6642277 0.4738003 -0.3080987 0.4892749
1403715926.034058 1.5402656 -6.3053126 -3.0749505 -0.6538945 0.4844299 -0.3191641 0.4856789
1403715926.184058 1.6257939 -6.4829917 -3.0999150 -0.6136039 0.5184013 -0.3524534 0.4801321
1403715926.234058 1.6517606 -6.5450454 -3.1152482 -0.6001236 0.5298882 -0.3632983 0.4765340
1403715926.284058 1.6760240 -6.6088953 -3.1338356 -0.5866868 0.5412395 -0.3742507 0.4720116
1403715926.334058 1.6989112 -6.6743650 -3.1551588 -0.5738208 0.5514013 -0.3866195 0.4660598
1403715926.434058 1.7380886 -6.8096619 -3.2015772 0.5490409 -0.5682628 0.4144246 -0.4515349
1403715926.484058 1.7536697 -6.8789349 -3.2252197 0.5366426 -0.5745975 0.4296847 -0.4440985
1403715926.584058 1.7752204 -7.0198479 -3.2745309 0.5158318 -0.5911635 0.4526868 -0.4236957
1403715926.634058 1.7809615 -7.0904770 -3.3001354 0.5077465 -0.6021425 0.4593978 -0.4105750
1403715926.784058 1.7834430 -7.3012819 -3.3747857 0.4869518 -0.6358241 0.4726745 -0.3676745
1403715926.984058 1.7624998 -7.5688806 -3.4352033 0.4652134 -0.6693061 0.4867340 -0.3141590
1403715927.034058 1.7564688 -7.6320333 -3.4412327 0.4577823 -0.6749535 0.4910615 -0.3061564
1403715927.084058 1.7508960 -7.6939368 -3.4456666 0.4491056 -0.6785614 0.4977757 -0.3001297
1403715929.034058 0.8253417 -7.6918888 -3.8249474 0.0042583 -0.8619899 0.5069075 0.0002886
1403715929.084058 0.7930052 -7.6637645 -3.8002930 0.0126984 -0.8676214 0.4970331 -0.0054692
1403715929.134058 0.7604139 -7.6407876 -3.7738733 0.0222461 -0.8722554 0.4884638 -0.0088778
1403715929.184058 0.7281763 -7.6229186 -3.7477055 0.0318145 -0.8760910 0.4809481 -0.0118875
1403715929.234058 0.6962243 -7.6110611 -3.7228060 0.0427553 -0.8781700 0.4762777 -0.0122130
1403715929.334058 0.6337888 -7.6066380 -3.6792526 0.0723264 -0.8706024 0.4866402 0.0013177
1403715929.384058 0.6048297 -7.6127863 -3.6604071 0.0904624 -0.8610697 0.5001704 0.0143260
1403715929.434058 0.5788121 -7.6230168 -3.6434116 0.1083457 -0.8490072 0.5163314 0.0291513
1403715931.284058 0.8129587 -8.0596895 -3.4040604 0.0347542 -0.8597440 0.5095187 -0.0047960
1403715931.384058 0.7930983 -8.1482229 -3.3700933 0.0315746 -0.8568978 0.5144423 -0.0088455
1403715931.584058 0.7603801 -8.3652773 -3.2937241 0.0346966 -0.8485718 0.5278377 -0.0104612
1403715931.884058 0.7367114 -8.7465916 -3.2622061 0.0498533 -0.8335953 0.5500436 -0.0092438
1403715932.434058 0.7702211 -9.4053259 -3.1657753 0.0524417 -0.7296190 0.6815154 -0.0210456
1403715932.584058 0.7872975 -9.4774780 -3.1251869 0.0491559 -0.7060361 0.7059764 -0.0263459
1403715932.684058 0.7968020 -9.4804554 -3.0943861 -0.0461599 0.6912255 -0.7205033 0.0308470
1403715932.784058 0.8034551 -9.4421244 -3.0633335 -0.0449247 0.6817579 -0.7295347 0.0310970
1403715932.834058 0.8052720 -9.4067888 -3.0484629 -0.0446188 0.6837387 -0.7277541 0.0297419
1403715933.334058 0.8090749 -8.6880493 -2.9280949 0.0397910 -0.8533992 0.5196880 -0.0071433
1403715933.384058 0.8114967 -8.6128426 -2.9157076 0.0359894 -0.8672158 0.4965219 -0.0103766
1403715933.634058 0.8230771 -8.3470478 -2.8469934 0.0163826 -0.9187141 0.3939431 -0.0224671
1403715933.734058 0.8239935 -8.3177299 -2.8108816 0.0200467 -0.9265396 0.3754081 -0.0138317
1403715933.784058 0.8242599 -8.3240070 -2.7893577 0.0219756 -0.9277898 0.3723355 -0.0094573
1403715934.334058 0.8666637 -8.9893389 -2.4673872 0.0174418 -0.7416485 0.6705613 0.0009490
1403715934.684058 0.9027718 -9.2032099 -2.4238949 -0.0172211 0.6537872 -0.7564067 0.0107052
1403715934.734058 0.9065084 -9.1866531 -2.4197693 -0.0168852 0.6497763 -0.7597869 0.0151521
1403715934.834058 0.9107355 -9.1101513 -2.4082870 -0.0165985 0.6554247 -0.7547045 0.0237517
1403715934.884058 0.9105694 -9.0518408 -2.4031172 -0.0184330 0.6731887 -0.7388672 0.0235022
1403715934.934058 0.9092574 -8.9813566 -2.3966751 -0.0200795 0.6967639 -0.7166501 0.0230121
1403715934.984058 0.9068383 -8.9009228 -2.3903532 0.0205905 -0.7216867 0.6915126 -0.0235536
1403715935.684058 0.8413180 -7.7435799 -2.5565643 0.0304104 -0.8968224 0.4413443 -0.0003072
1403715935.734058 0.8397158 -7.7019973 -2.5777659 0.0311935 -0.9009841 0.4327283 0.0009606
1403715935.834058 0.8400742 -7.6477332 -2.6163187 0.0315924 -0.9081650 0.4174071 0.0030755
1403715935.934058 0.8448843 -7.6353784 -2.6460299 0.0313829 -0.9106649 0.4119177 0.0053399
1403715936.084058 0.8604921 -7.6983175 -2.6696768 0.0285815 -0.8850189 0.4646344 0.0062804
1403715936.484058 0.9369389 -8.0286732 -2.6990023 0.0125994 -0.7641836 0.6448688 0.0029808
1403715936.684058 0.9775165 -8.1131783 -2.7260036 -0.0015575 -0.7451565 0.6668060 -0.0104434
1403715937.084058 1.0305183 -8.0310946 -2.7881317 0.0098023 -0.7871237 0.6167015 -0.0044161
1403715937.234058 1.0465541 -7.9494319 -2.8141699 0.0301973 -0.8039026 0.5937152 -0.0181917
1403715937.784058 1.1079679 -7.6342111 -3.0640078 0.1403602 -0.8417063 0.5152118 -0.0799138
1403715937.934058 1.1316965 -7.5922985 -3.1420317 0.1680322 -0.8432607 0.5017247 -0.0945987
1403715938.134058 1.1855400 -7.5880890 -3.2323737 0.2095191 -0.8397165 0.4874278 -0.1157242
1403715938.884058 1.6591191 -7.9725151 -3.2383351 0.3417599 -0.7767608 0.4918312 -0.1947945
1403715940.784058 2.4541783 -8.1852598 -2.8443952 0.3572636 -0.8564587 0.3425709 -0.1465827
1403715941.334058 3.0760922 -8.5884743 -2.5187130 0.2865062 -0.6947939 0.6116324 -0.2471466
1403715941.484058 3.2372575 -8.6894169 -2.4537587 0.2658026 -0.6622233 0.6460627 -0.2709472
1403715941.584058 3.3185587 -8.7350950 -2.4383278 -0.2575021 0.6502087 -0.6570677 0.2813954
1403715941.784058 3.3914704 -8.7582750 -2.4477963 -0.2351053 0.6173822 -0.6839048 0.3095787
1403715941.834058 3.3877568 -8.7484350 -2.4541183 -0.2312009 0.6099602 -0.6898251 0.3140637
1403715941.884058 3.3734126 -8.7310047 -2.4621687 -0.2295169 0.6058872 -0.6928442 0.3165273
1403715942.134058 3.1551614 -8.5351696 -2.5435576 0.2740140 -0.6772890 0.6281165 -0.2677044
1403715942.234058 3.0251768 -8.4226952 -2.6018467 0.2964153 -0.7204105 0.5783308 -0.2422400
1403715942.284058 2.9562459 -8.3634348 -2.6403613 0.3068623 -0.7424893 0.5496215 -0.2290444
1403715943.284058 2.4771056 -8.0426826 -3.4634347 0.3564033 -0.7771137 0.4814812 -0.1929944
1403715943.384058 2.5642023 -8.1195374 -3.4771657 0.3424029 -0.7397727 0.5336673 -0.2251571
1403715943.834058 2.8364553 -8.3383322 -3.5134344 0.3009907 -0.6488264 0.6351259 -0.2916230
1403715944.634058 2.3774023 -7.9876728 -3.3471155 0.4531981 -0.7772961 0.3685108 -0.2337137
1403715944.834058 2.3895221 -7.9997048 -3.2995265 0.5023142 -0.7494837 0.3478527 -0.2548589
1403715944.884058 2.4136934 -8.0155725 -3.2835083 0.5141321 -0.7322509 0.3603239 -0.2639005
1403715946.434058 2.5767498 -7.9333687 -2.8294530 0.6110686 -0.6439261 0.3458435 -0.3038858
1403715946.984058 3.0510893 -7.7892065 -2.6266973 -0.5429334 0.5192314 -0.4718667 0.4614801
1403715947.284058 3.0908918 -7.7080607 -2.5562217 -0.4890955 0.4841857 -0.5152162 0.5107858
1403715947.434058 3.0013094 -7.6729455 -2.5616350 0.5099981 -0.5149711 0.4907921 -0.4835593
1403715947.484058 2.9562078 -7.6616879 -2.5704579 0.5234392 -0.5313527 0.4738416 -0.4681344
1403715947.934058 2.4832792 -7.5874076 -2.7671978 0.6151261 -0.6251792 0.3362369 -0.3430970
1403715948.084058 2.3928757 -7.5772018 -2.8579855 -0.6382166 0.6332082 -0.3091964 0.3100398
1403715948.234058 2.3831344 -7.5677085 -2.9351611 -0.6489072 0.6335376 -0.2984649 0.2974362
1403715948.484058 2.5611634 -7.5471563 -3.0131629 -0.6116433 0.5970549 -0.3653253 0.3687214
1403715949.034058 3.0324621 -7.5099483 -3.1624007 -0.5273944 0.5167044 -0.4802876 0.4734928
1403715949.084058 3.0451980 -7.5068312 -3.1735544 -0.5276679 0.5110866 -0.4799780 0.4795605
1403715949.184058 3.0490565 -7.5009966 -3.1950696 -0.5397443 0.5080170 -0.4659310 0.4832216
1403715949.734058 2.8984656 -7.4860430 -3.2962251 -0.7037591 0.5300156 -0.2905836 0.3733199
1403715949.884058 2.9356546 -7.4637880 -3.3056202 -0.7317091 0.5051800 -0.2744833 0.3661336
1403715949.984058 2.9954739 -7.4362698 -3.3053737 -0.7457705 0.4780728 -0.2795789 0.3702816
1403715950.034058 3.0348034 -7.4174929 -3.3037407 -0.7515368 0.4631923 -0.2838700 0.3742500
1403715950.834058 3.5890188 -6.9472632 -3.2054222 -0.6124031 0.3434398 -0.3735444 0.6061981
1403715950.934058 3.5487957 -6.9328589 -3.1887777 -0.6125505 0.3433252 -0.3712760 0.6075063
1403715952.234058 3.0886712 -6.5795174 -2.9235325 -0.7433445 0.2593442 -0.1911611 0.5862055
1403715952.684058 3.2776849 -6.3757100 -2.7987690 -0.6879168 0.1892075 -0.1803678 0.6770810
1403715952.784058 3.2842166 -6.4021530 -2.7674441 -0.6688234 0.1768335 -0.1819496 0.6987844
1403715952.834058 3.2814286 -6.4277005 -2.7520232 -0.6622633 0.1725924 -0.1824995 0.7059129
1403715952.884058 3.2741313 -6.4624949 -2.7396379 -0.6668261 0.1717346 -0.1804141 0.7023539
1403715952.934058 3.2621939 -6.5065870 -2.7302713 -0.6842695 0.1741070 -0.1748120 0.6862235
1403715953.084058 3.2070107 -6.6776567 -2.7188411 -0.7597579 0.1837907 -0.1483997 0.6057775
1403715953.134058 3.1851218 -6.7424378 -2.7219920 -0.7843085 0.1865160 -0.1398952 0.5748925
1403715953.234058 3.1423869 -6.8727684 -2.7350831 -0.8226351 0.1925021 -0.1242030 0.5203730
1403715953.384058 3.0896289 -7.0488930 -2.7693119 -0.8557831 0.1941227 -0.1082369 0.4671579
1403715953.784058 3.0842426 -7.2341437 -2.8593683 -0.9041864 0.1389439 -0.0619930 0.3991222
1403715953.834058 3.1016269 -7.2152491 -2.8623176 -0.9049153 0.1276747 -0.0629990 0.4010718
1403715953.884058 3.1227293 -7.1858859 -2.8632331 -0.9033400 0.1130116 -0.0696094 0.4078722
1403715953.984058 3.1717124 -7.0985494 -2.8650198 -0.8894106 0.0738823 -0.0975482 0.4404256
1403715954.034058 3.1962895 -7.0437498 -2.8674498 -0.8769808 0.0530946 -0.1153831 0.4634356
1403715954.234058 3.2616506 -6.7786088 -2.8887482 -0.8102356 0.0225754 -0.1407206 0.5685124
1403715954.284058 3.2670622 -6.7090440 -2.8944111 -0.7938155 0.0246013 -0.1385091 0.5916647
1403715954.334058 3.2676644 -6.6414676 -2.8999281 -0.7788953 0.0304374 -0.1316300 0.6124290
1403715955.634058 2.6232827 -6.8694310 -2.9807901 -0.8965682 0.1117062 -0.0280557 0.4276683
1403715955.734058 2.5975320 -6.8558903 -2.9677105 -0.9011595 0.0970259 -0.0222842 0.4219016
1403715955.834058 2.5856583 -6.8021245 -2.9427419 -0.8836772 0.0716856 -0.0223618 0.4620344
1403715955.884058 2.5829215 -6.7648945 -2.9281616 -0.8689668 0.0573741 -0.0218313 0.4910482
1403715955.984058 2.5796494 -6.6816125 -2.8986659 -0.8355145 0.0282999 -0.0158623 0.5485098
1403715956.084058 2.5769768 -6.5948386 -2.8695064 -0.8004286 -0.0089624 -0.0134796 0.5992095
1403715956.634058 2.5143013 -6.4395814 -2.7299829 -0.6848406 -0.1567033 0.0960438 0.7051334
1403715956.734058 2.5116231 -6.5084696 -2.7066917 -0.6926821 -0.1672640 0.1103717 0.6928437
1403715957.284058 2.5904593 -7.2165637 -2.6834855 -0.8471415 -0.1826696 0.1002279 0.4888123
1403715957.484058 2.5993962 -7.4221964 -2.7502117 -0.8876308 -0.1816153 0.0876878 0.4140511
1403715957.584058 2.5877769 -7.4773269 -2.7900290 -0.8988811 -0.1834853 0.0806586 0.3896667
1403715957.634058 2.5760679 -7.4905853 -2.8106680 -0.9026602 -0.1845517 0.0780272 0.3808636
1403715957.734058 2.5412722 -7.4821830 -2.8503747 -0.9007195 -0.1898514 0.0733065 0.3837799
1403715957.834058 2.4864948 -7.4268894 -2.8808765 -0.8816079 -0.1898467 0.0804433 0.4245639
1403715958.134058 2.2513938 -7.1356182 -2.9310837 -0.7662380 -0.2025606 0.1349918 0.5946645
1403715958.184058 2.2113712 -7.0891867 -2.9409323 -0.7470608 -0.2060349 0.1464512 0.6148186
1403715958.434058 2.0461116 -6.9337087 -2.9995217 -0.6740869 -0.2317815 0.1945586 0.6738183
1403715958.584058 1.9941108 -6.9268970 -3.0349612 -0.6472803 -0.2459959 0.2274444 0.6846775
1403715958.634058 1.9882699 -6.9418879 -3.0478330 -0.6473973 -0.2521546 0.2375624 0.6788658
1403715959.434058 2.4420328 -7.5315008 -3.2735114 -0.7597304 -0.4626727 0.2346873 0.3920020
1403715959.484058 2.4640031 -7.5497212 -3.2854581 -0.7634504 -0.4726481 0.2269236 0.3771643
1403715959.584058 2.4836097 -7.5715981 -3.3024454 -0.7646837 -0.4902417 0.2164193 0.3578891
1403715959.634058 2.4778671 -7.5748301 -3.3044195 -0.7616596 -0.4972048 0.2161133 0.3549043
1403715959.734058 2.4315729 -7.5667658 -3.2914009 -0.7442489 -0.5034822 0.2331404 0.3718130
1403715959.784058 2.3933458 -7.5567794 -3.2772398 -0.7295825 -0.5007536 0.2523760 0.3914863
1403715960.484058 1.9617267 -7.4544001 -3.1056585 -0.5481485 -0.4192672 0.4183916 0.5905054
1403715960.584058 2.0144463 -7.4859877 -3.0966864 -0.5643773 -0.4313142 0.4038784 0.5764794
1403715961.134058 2.5377746 -7.7929745 -3.0371113 -0.7244325 -0.5362037 0.2249560 0.3702403
1403715961.184058 2.5586724 -7.8196378 -3.0261445 -0.7333997 -0.5380909 0.2153977 0.3552281
1403715961.284058 2.5677829 -7.8647127 -2.9969668 -0.7464867 -0.5322323 0.2134006 0.3375599
1403715961.384058 2.5302324 -7.8968754 -2.9544721 -0.7444594 -0.5180589 0.2388901 0.3468815
1403715961.534058 2.4099102 -7.9145870 -2.8858380 -0.7132107 -0.5022055 0.2973223 0.3882262
1403715962.034058 1.9369078 -7.9110813 -2.6857767 -0.5215761 -0.4894672 0.4567285 0.5289417
1403715962.084058 1.9165149 -7.9155893 -2.6628485 -0.5041168 -0.4825111 0.4749042 0.5362044
1403715962.134058 1.9060812 -7.9213347 -2.6424384 -0.4894437 -0.4783789 0.4895431 0.5403204
1403715963.134058 3.0026331 -7.7127438 -3.1787624 -0.5220757 -0.7215576 0.3754914 0.2565109
1403715963.184058 3.0540953 -7.6796484 -3.2330403 -0.5164936 -0.7369355 0.3603380 0.2455953
1403715963.234058 3.0982580 -7.6488686 -3.2894859 -0.5100401 -0.7505069 0.3482237 0.2352417
1403715963.284058 3.1349630 -7.6210403 -3.3483520 -0.5046123 -0.7623240 0.3380055 0.2235636
1403715963.334058 3.1612511 -7.5978384 -3.4082999 -0.4960758 -0.7719182 0.3338946 0.2157904
1403715963.384058 3.1759119 -7.5799046 -3.4656043 -0.4849592 -0.7751215 0.3434746 0.2145376
1403715963.434058 3.1787739 -7.5676656 -3.5197256 -0.4672711 -0.7726509 0.3666892 0.2240700
1403715963.484058 3.1731548 -7.5603333 -3.5714834 -0.4477659 -0.7657775 0.3966749 0.2360923
1403715963.534058 3.1615868 -7.5566607 -3.6207540 -0.4260210 -0.7553964 0.4304572 0.2501781
1403715966.184058 2.7295961 -7.9916406 -3.3542850 -0.2733734 -0.6627442 0.6383364 0.2802922
1403715967.484058 2.9086180 -8.2041826 -2.9255986 -0.2971882 -0.6496906 0.6289374 0.3066253
1403715967.584058 2.9666529 -8.2068129 -2.8953125 -0.3067967 -0.6634588 0.6201116 0.2848857
1403715968.484058 3.4360142 -7.9249873 -2.8652880 -0.2594849 -0.7810813 0.5399228 0.1762476
1403715968.584058 3.4325628 -7.9188461 -2.9017427 -0.2509293 -0.7546060 0.5761918 0.1886988
1403715968.984058 3.4965925 -7.7672067 -3.0849171 -0.2280569 -0.6989440 0.6427609 0.2152344
1403715969.034058 3.5220671 -7.7240505 -3.1108451 -0.2318137 -0.7118933 0.6288226 0.2098870
1403715969.434058 3.7429590 -7.3391800 -3.3134627 -0.2782885 -0.8575108 0.4064243 0.1484924
1403715969.484058 3.7551041 -7.3110633 -3.3328953 -0.2778738 -0.8647699 0.3908325 0.1490279
1403715969.584058 3.7610130 -7.2812214 -3.3678455 -0.2626310 -0.8729785 0.3756150 0.1668738
1403715969.634058 3.7556152 -7.2825556 -3.3817203 -0.2499709 -0.8726499 0.3781765 0.1816018
1403715970.434058 3.7671013 -7.9468179 -3.4093127 0.2098958 0.6739128 -0.6783350 -0.2040759
1403715970.484058 3.7970076 -7.9597917 -3.4074116 0.2125740 0.6745381 -0.6786951 -0.1979481
1403715970.534058 3.8326025 -7.9636478 -3.4056301 -0.2190279 -0.6821507 0.6723482 0.1861320
1403715970.584058 3.8720169 -7.9591546 -3.4034741 -0.2283347 -0.6962368 0.6588180 0.1705181
1403715970.884058 4.1093416 -7.8511758 -3.4098387 -0.2912515 -0.8148938 0.4919050 0.0956564
1403715970.984058 4.1470175 -7.8094544 -3.3874249 -0.3063961 -0.8427623 0.4356488 0.0779952
1403715971.084058 4.1663074 -7.7658858 -3.3342085 -0.3002942 -0.8637137 0.3970186 0.0787293
1403715971.134058 4.1655331 -7.7525325 -3.2964764 -0.2888600 -0.8717046 0.3862787 0.0864853
1403715971.184058 4.1560850 -7.7483020 -3.2548909 -0.2746475 -0.8764223 0.3835193 0.0967762
1403715971.284058 4.1137552 -7.7692714 -3.1652193 -0.2317230 -0.8752347 0.4053642 0.1262874
1403715971.334058 4.0859270 -7.7945967 -3.1141872 -0.2070274 -0.8692504 0.4260828 0.1414101
1403715971.384058 4.0562029 -7.8281107 -3.0613825 -0.1817379 -0.8605773 0.4500786 0.1542967
1403715971.434058 4.0264063 -7.8690996 -3.0069089 -0.1594480 -0.8487003 0.4771503 0.1631308
1403715971.534058 3.9725018 -7.9641552 -2.8987737 -0.1141299 -0.8244498 0.5263639 0.1737756
1403715971.684058 3.8980246 -8.1174288 -2.8177080 -0.0608932 -0.7922901 0.5838445 0.1664153
1403715971.784058 3.8658171 -8.2116108 -2.8058529 -0.0420966 -0.7766728 0.6130102 0.1386569
1403715971.984058 3.8195672 -8.3691483 -2.8350506 -0.0217116 -0.7671758 0.6378305 0.0643602
1403715972.234058 3.8367004 -8.4644842 -2.8113804 0.0071705 -0.7422948 0.6697281 0.0202815
1403715972.334058 3.8540864 -8.4609098 -2.7886858 0.0137053 -0.7255654 0.6878663 0.0143820
1403715972.534058 3.8911984 -8.3629513 -2.7501154 0.0162116 -0.7325094 0.6805161 0.0080677
1403715973.234058 3.9820850 -7.6201696 -2.7499475 -0.0313391 -0.8135267 0.5804979 -0.0146385
1403715973.634058 3.9048071 -7.2225299 -2.7825923 -0.0384819 -0.8458735 0.5318241 -0.0134300
1403715973.734058 3.8684018 -7.1444139 -2.7877822 -0.0438704 -0.8536739 0.5184953 -0.0218809
1403715973.834058 3.8228066 -7.0813622 -2.7923284 -0.0465325 -0.8581301 0.5105886 -0.0273286
1403715973.934058 3.7668295 -7.0342937 -2.7964058 -0.0449422 -0.8612005 0.5054994 -0.0280083
1403715974.334058 3.4727850 -6.9863992 -2.7951093 -0.0142134 -0.8379213 0.5456060 0.0002787
1403715974.784058 3.1116257 -7.0791435 -2.8595057 -0.0054318 -0.8267507 0.5625363 0.0026047
1403715975.084058 2.8765202 -7.1770816 -2.9146905 0.0024148 -0.8233801 0.5674816 0.0020189
1403715976.284058 2.2664163 -7.5973287 -2.8778296 0.0228183 -0.8201485 0.5715747 0.0117499
1403715978.034058 2.8348465 -8.1011829 -2.8745122 0.3663968 -0.7245183 0.5442559 -0.2112162
1403715978.134058 2.9047298 -8.0972729 -2.8797760 0.4061942 -0.6985875 0.5422723 -0.2300491
1403715978.234058 2.9769235 -8.0836315 -2.8868275 0.4443015 -0.6731980 0.5375203 -0.2459121
1403715978.334058 3.0508776 -8.0565224 -2.8925419 0.4756175 -0.6494761 0.5296158 -0.2673498
1403715978.734058 3.3388710 -7.8243237 -2.9210012 0.5581044 -0.5768399 0.4493747 -0.3922212
1403715979.934058 3.4619031 -6.8608346 -2.8714204 -0.7709489 0.1501456 -0.1981541 0.5863694
1403715980.034058 3.3902438 -6.7879519 -2.8580370 -0.7721066 0.1114238 -0.1694775 0.6022570
1403715980.134058 3.3052344 -6.7235613 -2.8462529 -0.7737616 0.0725366 -0.1411759 0.6132706
1403715980.234058 3.2074459 -6.6697636 -2.8362226 -0.7764171 0.0365485 -0.1072583 0.6199486
1403715980.334058 3.0987067 -6.6280661 -2.8284588 -0.7808326 0.0025000 -0.0706548 0.6207269
1403715980.434058 2.9815698 -6.5984869 -2.8211260 -0.7810268 -0.0321718 -0.0331352 0.6227875
1403715980.534058 2.8588316 -6.5826554 -2.8134403 -0.7759885 -0.0666860 0.0078536 0.6271629
1403715980.634058 2.7340384 -6.5814390 -2.8079057 -0.7716080 -0.1021344 0.0488284 0.6259437
1403715980.734058 2.6112268 -6.5940180 -2.8046465 -0.7663207 -0.1400539 0.0863800 0.6210282
1403715980.834058 2.4928436 -6.6201868 -2.8039279 -0.7617767 -0.1779909 0.1240011 0.6104418
1403715980.934058 2.3805599 -6.6581364 -2.8032694 -0.7534522 -0.2164943 0.1611885 0.5995485
1403715981.034058 2.2767673 -6.7065530 -2.8017850 -0.7395133 -0.2550931 0.1997339 0.5900456
1403715981.234058 2.1029453 -6.8284235 -2.7992296 -0.7008659 -0.3357518 0.2717820 0.5676200
1403715981.334058 2.0374651 -6.9017396 -2.7957296 -0.6779392 -0.3765885 0.3081287 0.5510321
1403715981.434058 1.9869366 -6.9792356 -2.7902336 -0.6519254 -0.4161387 0.3455759 0.5314125
1403715981.534058 1.9534125 -7.0600624 -2.7818184 -0.6202807 -0.4520168 0.3851267 0.5124550
1403715981.634058 1.9394979 -7.1416545 -2.7721729 -0.5840091 -0.4869535 0.4207853 0.4947216
1403715982.084058 2.1126413 -7.4872499 -2.7521513 -0.4492411 -0.6553311 0.4873664 0.3622120
1403715982.284058 2.2616510 -7.6285391 -2.7422237 -0.3850963 -0.6979294 0.5160483 0.3135118
1403715982.384058 2.3463459 -7.6961026 -2.7361336 -0.3533365 -0.7153210 0.5291916 0.2888349
1403715982.484058 2.4379492 -7.7600904 -2.7306364 -0.3192840 -0.7318820 0.5411932 0.2636598
1403715982.584058 2.5370054 -7.8195448 -2.7263322 -0.2820050 -0.7464492 0.5533034 0.2390442
1403715982.684058 2.6436863 -7.8743811 -2.7227483 -0.2435330 -0.7594861 0.5653344 0.2104031
1403715982.784058 2.7563972 -7.9246578 -2.7199361 -0.2032084 -0.7716407 0.5753053 0.1797245
1403715982.884058 2.8740711 -7.9677663 -2.7167206 -0.1621374 -0.7821026 0.5831171 0.1483288
1403715982.984058 2.9956317 -8.0033388 -2.7134008 -0.1214684 -0.7900771 0.5891194 0.1181611
1403715983.084058 3.1204200 -8.0319405 -2.7112660 -0.0817702 -0.7951869 0.5944868 0.0870456
1403715983.184058 3.2473888 -8.0530710 -2.7093887 -0.0418001 -0.7978276 0.5990037 0.0540232
1403715983.284058 3.3752508 -8.0663052 -2.7080507 -0.0006052 -0.7982456 0.6020271 0.0191583
1403715983.384058 3.5024006 -8.0710831 -2.7078648 0.0444299 -0.7961587 0.6033012 -0.0136008
1403715983.484058 3.6282024 -8.0666571 -2.7062178 0.0882436 -0.7878790 0.6072335 -0.0522248
1403715983.584058 3.7504535 -8.0531330 -2.7018986 0.1283675 -0.7725579 0.6145391 -0.0949616
1403715983.684058 3.8655138 -8.0281429 -2.6973314 0.1658634 -0.7558250 0.6182950 -0.1375837
1403715983.784058 3.9697416 -7.9897156 -2.6933193 0.2009281 -0.7400342 0.6170979 -0.1765437
1403715983.884058 4.0599465 -7.9381442 -2.6894913 0.2360395 -0.7256327 0.6108267 -0.2112663
1403715983.984058 4.1337070 -7.8746834 -2.6850119 0.2696066 -0.7126207 0.6006423 -0.2423077
1403715984.084058 4.1899900 -7.8001404 -2.6803207 0.3021266 -0.7030423 0.5845398 -0.2697488
1403715984.184058 4.2287097 -7.7174582 -2.6748567 0.3333978 -0.6950144 0.5650585 -0.2941255
1403715984.284058 4.2506242 -7.6297016 -2.6679053 0.3629560 -0.6845093 0.5472828 -0.3165306
1403715984.384058 4.2561760 -7.5390668 -2.6584606 0.3898871 -0.6696804 0.5331009 -0.3395877
1403715984.484058 4.2451591 -7.4472656 -2.6490397 0.4196112 -0.6521028 0.5209442 -0.3567991
1403715984.584058 4.2181592 -7.3547668 -2.6413538 0.4540312 -0.6385174 0.5009324 -0.3677200
1403715984.684058 4.1788802 -7.2617493 -2.6353831 0.4920762 -0.6236927 0.4776756 -0.3750928
1403715984.734058 4.1557226 -7.2146964 -2.6325526 0.5093096 -0.6152176 0.4646293 -0.3824010
1403715984.784058 4.1309762 -7.1673565 -2.6295805 0.5238662 -0.6057593 0.4508861 -0.3941088
1403715984.834058 4.1052890 -7.1205297 -2.6259913 0.5364199 -0.5952992 0.4378226 -0.4076566
1403715984.884058 4.0780492 -7.0749259 -2.6224189 0.5488386 -0.5837597 0.4255851 -0.4205688
1403715984.934058 4.0497408 -7.0309792 -2.6191025 0.5609095 -0.5713292 0.4149336 -0.4321965
1403715985.084058 3.9577112 -6.9105945 -2.6113253 -0.5949508 0.5312100 -0.3961875 0.4548461
1403715985.134058 3.9246612 -6.8742895 -2.6092811 -0.6041350 0.5216048 -0.3917151 0.4577213
1403715985.184058 3.8905873 -6.8394728 -2.6066253 -0.6109633 0.5130494 -0.3894289 0.4602709
1403715985.284058 3.8191495 -6.7736731 -2.6017003 -0.6236335 0.4973836 -0.3939060 0.4566495
1403715985.384058 3.7429943 -6.7097878 -2.5959446 -0.6306962 0.4884374 -0.4017371 0.4497317
1403715985.434058 3.7025585 -6.6771879 -2.5923276 -0.6290073 0.4912149 -0.4013433 0.4494233
1403715985.684058 3.4835596 -6.5112996 -2.5832756 -0.6204978 0.5459620 -0.3796593 0.4156524
1403715985.784058 3.3964834 -6.4431791 -2.5867083 -0.6174691 0.5722189 -0.3628914 0.3995089
1403715985.884058 3.3185282 -6.3762059 -2.5973473 -0.6080680 0.5918673 -0.3527857 0.3943207
1403715986.484058 3.0365806 -6.0959229 -2.8400238 0.5751615 -0.5828391 0.4001706 -0.4115230
1403715986.534058 3.0186720 -6.0821428 -2.8656654 0.5801315 -0.5831046 0.3983855 -0.4058638
1403715986.834058 2.9388833 -6.0057497 -3.0219064 -0.6068838 0.5954375 -0.3711786 0.3733266
1403715987.284058 2.9707828 -5.9159937 -3.1958203 0.5313123 -0.6051177 0.4117429 -0.4266236
1403715987.434058 2.9728274 -5.9130583 -3.2525527 0.5257356 -0.6090268 0.4264084 -0.4133573
1403715987.584058 2.9618106 -5.9202194 -3.3063810 0.5352063 -0.6101298 0.4329013 -0.3922911
1403715987.884058 2.9242134 -5.9373455 -3.3990710 0.5547183 -0.6140018 0.4231897 -0.3690528
1403715988.684058 2.9252801 -5.9473262 -3.5400321 0.5389154 -0.6056857 0.4195482 -0.4082822
1403715989.034058 2.9024868 -5.9813852 -3.5631115 0.5522751 -0.6123637 0.4144364 -0.3850265
1403715989.184058 2.8957539 -6.0075641 -3.5645344 0.5535471 -0.6118317 0.4174359 -0.3807819
1403715989.384058 2.8947768 -6.0450249 -3.5644379 0.5524806 -0.6113503 0.4206363 -0.3795804
1403715989.534058 2.8987665 -6.0735102 -3.5641205 0.5526922 -0.6124928 0.4199394 -0.3781995
1403715989.884058 2.9228601 -6.1405678 -3.5729189 0.5477945 -0.5984057 0.4386535 -0.3865425
1403715989.934058 2.9256921 -6.1488481 -3.5778215 0.5491261 -0.5962659 0.4410526 -0.3852275
1403715990.034058 2.9292502 -6.1633210 -3.5875318 0.5513759 -0.5947349 0.4413775 -0.3840064
1403715990.134058 2.9311523 -6.1751480 -3.5984597 0.5531315 -0.5943837 0.4403745 -0.3831762
1403715990.234058 2.9314590 -6.1846399 -3.6128025 0.5556815 -0.5942330 0.4388217 -0.3814981
1403715990.334058 2.9305573 -6.1908007 -3.6284299 0.5574260 -0.5934051 0.4386035 -0.3804913
1403715990.434058 2.9291034 -6.1938686 -3.6478720 0.5595329 -0.5928800 0.4380434 -0.3788590
1403715990.534058 2.9277477 -6.1932869 -3.6745920 0.5614178 -0.5928359 0.4372916 -0.3770037
1403715990.634058 2.9268990 -6.1884775 -3.7071550 0.5638412 -0.5939744 0.4351344 -0.3740796
1403715990.734058 2.9270711 -6.1794815 -3.7420471 0.5666727 -0.5958906 0.4317571 -0.3706512
1403715990.784058 2.9282079 -6.1736364 -3.7593513 0.5674612 -0.5962250 0.4311733 -0.3695852
1403715990.884058 2.9320693 -6.1587629 -3.7918177 0.5700861 -0.5976797 0.4284115 -0.3663938
1403715990.934058 2.9355078 -6.1495266 -3.8063254 0.5709000 -0.5981665 0.4274561 -0.3654467
1403715990.984058 2.9402003 -6.1391706 -3.8194623 0.5715047 -0.5972944 0.4281980 -0.3650593
1403715991.034058 2.9459968 -6.1274395 -3.8301187 0.5708706 -0.5959531 0.4297419 -0.3664268
1403715991.084058 2.9527025 -6.1145391 -3.8388615 0.5695201 -0.5939957 0.4321457 -0.3688715
1403715991.234058 2.9623508 -6.0937419 -3.8391871 0.5686792 -0.5886090 0.4385663 -0.3712183
1403715991.284058 2.9624586 -6.0925088 -3.8391571 0.5690949 -0.5865237 0.4416486 -0.3702263
1403715991.584058 2.9597340 -6.0964527 -3.8422251 0.5608758 -0.5922565 0.4345812 -0.3818243
1403715991.784058 2.9612136 -6.0963764 -3.8430548 0.5610129 -0.5923273 0.4345293 -0.3815720
1403715992.184058 2.9613833 -6.0963502 -3.8432944 0.5609952 -0.5928903 0.4336888 -0.3816801
1403715992.634058 2.9611611 -6.0963745 -3.8431928 0.5608938 -0.5928304 0.4338499 -0.3817389
1403715993.134058 2.9611249 -6.0964375 -3.8432641 0.5609003 -0.5929395 0.4336151 -0.3818266
1403715993.584058 2.9612341 -6.0965261 -3.8433061 0.5608479 -0.5929045 0.4335142 -0.3820725
1403715993.934058 2.9613209 -6.0966549 -3.8434131 0.5609813 -0.5932410 0.4330226 -0.3819117
1403715993.984058 2.9609561 -6.0964975 -3.8432589 0.5606375 -0.5925965 0.4338911 -0.3824309
