1403715899.134058 -1.4087473 -0.0252781 0.0608439 -0.8003903 0.1977762 -0.1437716 0.5473480
1403715899.234058 -1.2670443 -0.0587031 0.0102922 -0.8077131 0.1986777 -0.1486336 0.5348222
1403715899.484058 -0.9252548 -0.1188971 -0.0669068 -0.8239972 0.1906066 -0.1589269 0.5093525
1403715899.984058 -0.3077904 -0.0100728 -0.1213562 -0.8163114 0.1599280 -0.1802033 0.5249624
1403715900.484058 0.0752767 0.3428750 -0.1506450 -0.8141356 0.1508740 -0.1867115 0.5287336
1403715900.734058 0.1506771 0.5940062 -0.1400487 -0.7870733 0.1799793 -0.1485645 0.5710094
1403715901.284058 0.1740759 0.9814602 -0.0898576 -0.7362868 0.1727169 -0.1662675 0.6327763
1403715901.334058 0.1610628 0.9928605 -0.0820389 -0.7367929 0.1750501 -0.1646144 0.6319777
1403715901.384058 0.1454902 0.9996523 -0.0745214 -0.7399158 0.1779034 -0.1621529 0.6281572
1403715901.634058 0.0425437 0.9773951 -0.0381436 -0.7636079 0.1866855 -0.1570722 0.5978126
1403715901.684058 0.0182885 0.9652845 -0.0296248 -0.7647318 0.1874570 -0.1565117 0.5962795
1403715901.734058 -0.0074062 0.9507564 -0.0240643 -0.7680786 0.1880123 -0.1564484 0.5918027
1403715901.784058 -0.0325070 0.9372401 -0.0333327 -0.7692530 0.1886660 -0.1554533 0.5903298
1403715902.134058 -0.2431436 0.7762150 0.0154595 -0.7791992 0.1861799 -0.1556042 0.5779040
1403715902.184058 -0.2761701 0.7499239 0.0197364 -0.7794195 0.1833766 -0.1582238 0.5777919
1403715902.234058 -0.3098513 0.7230150 0.0229061 -0.7811952 0.1804247 -0.1619430 0.5752874
1403715902.334058 -0.3812062 0.6678501 0.0281273 -0.7869725 0.1766778 -0.1657840 0.5674283
1403715902.434058 -0.4577105 0.6117640 0.0343301 -0.7917176 0.1752142 -0.1663966 0.5610663
1403715902.734058 -0.7122813 0.4526567 0.0551834 -0.8070038 0.1828384 -0.1308731 0.5460652
1403715905.184058 -2.2105005 0.9236803 0.3287940 -0.6621057 -0.4187951 0.3095903 0.5388697
1403715905.234058 -2.2246149 0.9244744 0.3049228 -0.6507124 -0.4320660 0.3185797 0.5370282
1403715905.334058 -2.2441618 0.9199833 0.2548301 -0.6374699 -0.4626673 0.3261504 0.5226825
1403715905.384058 -2.2503400 0.9147069 0.2304633 -0.6323109 -0.4776144 0.3286396 0.5138710
1403715905.734058 -2.2661815 0.8162007 0.0800631 -0.5990211 -0.5537120 0.3821559 0.4342045
1403715905.784058 -2.2668729 0.7970790 0.0599084 -0.5914614 -0.5635388 0.3936997 0.4214236
1403715905.884058 -2.2662792 0.7582718 0.0186977 -0.5734931 -0.5901944 0.4108669 0.3923832
1403715906.134058 -2.2766366 0.6714151 -0.0809996 -0.4995897 -0.6717976 0.4341214 0.3326210
1403715906.384058 -2.3154888 0.5754952 -0.1645327 -0.3882415 -0.7313122 0.4713393 0.3037933
1403715906.434058 -2.3228471 0.5517414 -0.1806607 -0.3685418 -0.7406973 0.4787469 0.2938470
1403715906.584058 -2.3380229 0.4665507 -0.2097423 -0.3137338 -0.7607377 0.5053170 0.2598155
1403715906.684058 -2.3425303 0.4019729 -0.2148228 -0.2840206 -0.7690344 0.5257129 0.2270335
1403715906.734058 -2.3430607 0.3690199 -0.2129230 -0.2689838 -0.7735134 0.5340639 0.2100012
1403715907.184058 -2.3312445 0.1040810 -0.2325244 -0.0829635 -0.8077047 0.5768311 0.0894206
1403715909.884058 -2.0925870 0.6112644 -0.0315598 -0.7470701 0.3150895 -0.2673526 0.5206990
1403715910.784058 -2.6631656 1.0412922 -0.2276642 -0.7890663 -0.0450570 0.0065597 0.6126184
1403715910.884058 -2.7360482 1.0469644 -0.2404342 -0.7869189 -0.0739262 0.0310053 0.6118270
1403715910.984058 -2.8092611 1.0414449 -0.2527807 -0.7854459 -0.1021539 0.0566579 0.6078069
1403715911.184058 -2.9511180 1.0012591 -0.2717437 -0.7697058 -0.1566332 0.1095243 0.6091169
1403715911.234058 -2.9844046 0.9849046 -0.2760369 -0.7652017 -0.1710649 0.1224274 0.6084526
1403715911.284058 -3.0162871 0.9656287 -0.2805774 -0.7617784 -0.1864255 0.1345091 0.6056786
1403715911.384058 -3.0756860 0.9195607 -0.2892644 -0.7566040 -0.2156173 0.1597125 0.5962813
1403715911.484058 -3.1284554 0.8651997 -0.2994175 -0.7533634 -0.2438336 0.1829907 0.5826690
1403715911.534058 -3.1520300 0.8353119 -0.3052912 -0.7527154 -0.2571715 0.1935573 0.5742977
1403715911.634058 -3.1940825 0.7720820 -0.3176699 -0.7514669 -0.2869132 0.2089633 0.5561588
1403715911.784058 -3.2490911 0.6744943 -0.3274553 -0.7399452 -0.3348432 0.2223328 0.5393786
1403715911.834058 -3.2666001 0.6410969 -0.3242252 -0.7348253 -0.3484861 0.2285285 0.5351299
1403715912.034058 -3.3349276 0.5012840 -0.2784071 -0.7140450 -0.3906159 0.2570397 0.5210467
1403715912.634058 -3.5105376 0.0642383 -0.0957115 -0.6583273 -0.4782310 0.3402288 0.4713222
1403715912.934058 -3.5702081 -0.1486730 -0.0284228 -0.5968578 -0.5524852 0.3933912 0.4286773
1403715912.984058 -3.5779033 -0.1831459 -0.0248277 -0.5838289 -0.5660485 0.4030045 0.4199050
1403715913.034058 -3.5849867 -0.2171457 -0.0247664 -0.5711666 -0.5785365 0.4133600 0.4101192
1403715913.134058 -3.5981061 -0.2838237 -0.0339353 -0.5435511 -0.6037502 0.4310667 0.3927079
1403715913.334058 -3.6170506 -0.4105746 -0.0624170 -0.4806643 -0.6430297 0.4662818 0.3715587
1403715913.834058 -3.5386493 -0.7361813 -0.1162138 -0.3998479 -0.6818065 0.4716627 0.3908911
1403715913.884058 -3.5128722 -0.7784469 -0.1188869 -0.4052850 -0.6838794 0.4689257 0.3849178
1403715914.584058 -3.0095530 -1.5306101 -0.0882959 -0.5185923 -0.6657487 0.4144254 0.3407232
1403715914.684058 -2.9507103 -1.6491058 -0.0784822 -0.5450741 -0.6529204 0.4059378 0.3343706
1403715915.334058 -2.9646394 -2.1927195 -0.0193889 -0.6151624 -0.5860639 0.4064373 0.3360253
1403715915.434058 -3.0252826 -2.2162080 -0.0156260 -0.5947637 -0.5934976 0.4021773 0.3636899
1403715915.484058 -3.0579150 -2.2263026 -0.0189779 -0.5872846 -0.5959493 0.4012697 0.3727250
1403715915.784058 -3.2719018 -2.2828603 -0.1032984 -0.5655471 -0.6086018 0.3956307 0.3914545
1403715915.984058 -3.4295290 -2.3275905 -0.1604099 -0.5710149 -0.6151358 0.3932527 0.3753695
1403715916.134058 -3.5629427 -2.3611665 -0.2003188 -0.5691004 -0.6091771 0.3992041 0.3816596
1403715916.234058 -3.6570964 -2.3811538 -0.2284696 -0.5739150 -0.5975154 0.3995600 0.3923630
1403715916.334058 -3.7536435 -2.3987579 -0.2582037 -0.5846203 -0.5818833 0.3937735 0.4056765
1403715916.384058 -3.8026881 -2.4068882 -0.2737503 -0.5916249 -0.5721278 0.3907484 0.4122686
1403715916.484058 -3.9011455 -2.4220986 -0.3057930 -0.6096147 -0.5502031 0.3833004 0.4227614
1403715916.534058 -3.9514847 -2.4283404 -0.3243117 -0.6201431 -0.5388232 0.3777627 0.4270684
1403715916.734058 -4.1477013 -2.4497092 -0.3671198 -0.6642413 -0.4893598 0.3557248 0.4390562
1403715916.784058 -4.1962595 -2.4519639 -0.3901231 -0.6733112 -0.4766481 0.3540184 0.4406014
1403715916.834058 -4.2445941 -2.4525642 -0.4137268 -0.6814131 -0.4654845 0.3519370 0.4417474
1403715916.934058 -4.3405819 -2.4480963 -0.4576092 -0.6952168 -0.4417022 0.3541427 0.4428948
1403715917.034058 -4.4338107 -2.4326038 -0.5016516 -0.7030063 -0.4237450 0.3560373 0.4466092
1403715917.134058 -4.5208898 -2.4016762 -0.5139399 -0.6940535 -0.4105145 0.3549325 0.4730650
1403715917.184058 -4.5606003 -2.3807230 -0.5114471 -0.6859708 -0.4081466 0.3464904 0.4927523
1403715917.884058 -4.8391781 -2.1728518 -0.5094795 -0.6919011 -0.3674221 0.3225002 0.5312884
1403715917.934058 -4.8415346 -2.1605859 -0.5144931 -0.6880248 -0.3685925 0.3224959 0.5354979
1403715918.184058 -4.8022223 -2.1087799 -0.5345306 -0.6820320 -0.3802927 0.2915605 0.5524511
1403715918.284058 -4.7689199 -2.0969818 -0.5402892 -0.6884556 -0.3680757 0.2865116 0.5553920
1403715918.384058 -4.7268281 -2.0921729 -0.5545815 -0.7073219 -0.3496613 0.2861227 0.5436603
1403715918.584058 -4.6201162 -2.0866504 -0.6249585 -0.7457975 -0.3153239 0.2758901 0.5179205
1403715918.834058 -4.4509997 -2.0547457 -0.7203948 -0.7585799 -0.3162046 0.2318611 0.5203957
1403715918.934058 -4.3801718 -2.0375252 -0.7354604 -0.7650448 -0.3275442 0.2108987 0.5127797
1403715919.234058 -4.2184510 -1.9619437 -0.7132465 -0.7647656 -0.3579032 0.1717204 0.5074949
1403715919.534058 -4.1773624 -1.8869157 -0.6936304 -0.7449666 -0.3534929 0.1896213 0.5330210
1403715919.634058 -4.1819115 -1.8704453 -0.7115343 -0.7454404 -0.3457135 0.2005899 0.5334459
1403715919.934058 -4.2213335 -1.8368014 -0.8270513 -0.7434747 -0.3479728 0.1960361 0.5364048
1403715920.034058 -4.2470655 -1.8327515 -0.8620441 -0.7493021 -0.3496983 0.1954286 0.5273188
1403715920.134058 -4.2797213 -1.8314741 -0.8827531 -0.7541522 -0.3503993 0.1971688 0.5192296
1403715920.234058 -4.3191915 -1.8314960 -0.8892152 -0.7570789 -0.3491723 0.2022821 0.5138017
1403715920.334058 -4.3677001 -1.8301566 -0.8790522 -0.7539310 -0.3463013 0.2155405 0.5149813
1403715920.434058 -4.4205513 -1.8279005 -0.8595053 -0.7488546 -0.3437648 0.2286904 0.5184046
1403715920.534058 -4.4748898 -1.8241860 -0.8374267 -0.7421683 -0.3406252 0.2410561 0.5244547
1403715920.634058 -4.5275373 -1.8192966 -0.8162656 -0.7352941 -0.3367318 0.2519291 0.5314942
1403715920.684058 -4.5522490 -1.8168905 -0.8050673 -0.7317924 -0.3354948 0.2569361 0.5347027
1403715920.784058 -4.5969167 -1.8136065 -0.7755943 -0.7236134 -0.3368835 0.2659869 0.5405037
1403715921.484058 -4.7417521 -1.8083878 -0.4126706 -0.7082936 -0.4195271 0.2778513 0.4950918
1403715921.584058 -4.7587118 -1.7999144 -0.3548183 -0.7066983 -0.4230420 0.2761796 0.4953159
1403715921.684058 -4.7792664 -1.7916307 -0.2841437 -0.7065085 -0.4233053 0.2759629 0.4954824
1403715921.784058 -4.8031125 -1.7836412 -0.2074852 -0.7081649 -0.4190907 0.2807251 0.4940231
1403715921.884058 -4.8284893 -1.7754925 -0.1338739 -0.7103886 -0.4140864 0.2857736 0.4921524
1403715921.984058 -4.8556519 -1.7652975 -0.0714574 -0.7111829 -0.4100817 0.2882749 0.4928990
1403715922.184058 -4.9101582 -1.7398030 0.0518990 -0.7071487 -0.4040487 0.2902676 0.5024242
1403715922.284058 -4.9361634 -1.7256455 0.1282172 -0.7032220 -0.3998520 0.2937805 0.5092056
1403715922.384058 -4.9584403 -1.7122395 0.2120175 -0.6993776 -0.4001622 0.2923941 0.5150213
1403715922.484058 -4.9757814 -1.7009512 0.2946856 -0.6974811 -0.4028073 0.2893754 0.5172314
1403715922.584058 -4.9895697 -1.6926237 0.3754592 -0.6979129 -0.4006478 0.2933398 0.5160916
1403715922.784058 -5.0001392 -1.6791197 0.5054410 -0.6961537 -0.4008769 0.2959244 0.5168138
1403715922.884058 -5.0002193 -1.6757563 0.5486510 -0.6949359 -0.4055212 0.2905141 0.5178980
1403715923.184058 -4.9855709 -1.6838212 0.6347659 -0.6960828 -0.4140471 0.2809080 0.5149024
1403715923.484058 -4.9656725 -1.7245991 0.7716867 -0.7121931 -0.4063946 0.2939540 0.4911370
1403715923.684058 -4.9524460 -1.7448308 0.8170036 -0.7174892 -0.3926895 0.3136890 0.4822897
1403715923.884058 -4.9274120 -1.7442029 0.7733570 -0.7105674 -0.3866398 0.3233154 0.4909898
1403715923.984058 -4.9086914 -1.7352866 0.7314430 -0.7023061 -0.3851453 0.3257382 0.5023185
1403715924.084058 -4.8829079 -1.7224402 0.6765692 -0.6956477 -0.3874992 0.3224581 0.5118001
1403715924.184058 -4.8486652 -1.7085190 0.6152697 -0.6919881 -0.3920635 0.3165277 0.5169615
1403715924.284058 -4.8070526 -1.6947634 0.5537897 -0.6925333 -0.3968272 0.3100051 0.5165488
1403715924.384058 -4.7591829 -1.6822594 0.4940696 -0.6952416 -0.4020822 0.3020715 0.5135386
1403715924.484058 -4.7079949 -1.6715084 0.4357482 -0.7019368 -0.4056204 0.2960138 0.5051066
1403715924.584058 -4.6558132 -1.6604207 0.3789817 -0.7087233 -0.4078897 0.2903859 0.4970044
1403715924.684058 -4.6042356 -1.6474082 0.3244424 -0.7169276 -0.4004319 0.2929388 0.4897508
1403715924.784058 -4.5536489 -1.6283467 0.2708319 -0.7247264 -0.3855103 0.2934543 0.4899366
1403715924.884058 -4.5023832 -1.6016980 0.2183069 -0.7324047 -0.3666144 0.2880563 0.4961863
1403715924.984058 -4.4475064 -1.5681148 0.1673411 -0.7377002 -0.3442438 0.2773035 0.5102915
1403715925.084058 -4.3882108 -1.5287358 0.1228232 -0.7379345 -0.3203570 0.2614171 0.5333716
1403715925.184058 -4.3214483 -1.4896507 0.0910494 -0.7393147 -0.2972414 0.2420760 0.5535887
1403715925.284058 -4.2475719 -1.4538645 0.0738979 -0.7483184 -0.2717589 0.2253761 0.5615802
1403715925.384058 -4.1665688 -1.4223741 0.0678674 -0.7635124 -0.2441465 0.2103744 0.5596284
1403715925.534058 -4.0347013 -1.3782297 0.0604073 -0.7879821 -0.2032590 0.1861712 0.5505545
1403715925.684058 -3.8889203 -1.3316121 0.0561713 -0.8028610 -0.1630735 0.1575502 0.5513613
1403715925.784058 -3.7850423 -1.2967955 0.0500100 -0.8080918 -0.1356933 0.1379739 0.5563616
1403715925.934058 -3.6193516 -1.2408327 0.0395980 -0.8114011 -0.0947036 0.1054003 0.5670540
1403715926.084058 -3.4424837 -1.1829576 0.0266134 -0.8085748 -0.0494414 0.0731457 0.5817319
1403715926.234058 -3.2549920 -1.1307285 -0.0085192 -0.8002623 0.0033107 0.0428746 0.5981064
1403715926.384058 -3.0536473 -1.0949121 -0.0717555 -0.7917621 0.0523387 0.0040640 0.6085696
1403715926.484058 -2.9134445 -1.0818248 -0.1193495 -0.7819495 0.0788976 -0.0289652 0.6176497
1403715926.634058 -2.7008390 -1.0861297 -0.1949928 -0.7783401 0.1188070 -0.0735774 0.6120931
1403715926.734058 -2.5606189 -1.1025500 -0.2462373 -0.7826460 0.1465623 -0.0983891 0.5969124
1403715926.834058 -2.4229317 -1.1270299 -0.2930524 -0.7876759 0.1678908 -0.1264998 0.5791177
1403715926.934058 -2.2910361 -1.1568621 -0.3237355 -0.7901770 0.1879265 -0.1491942 0.5639548
1403715927.134058 -2.0437508 -1.2147804 -0.3505282 -0.7799761 0.2233517 -0.1855739 0.5543587
1403715927.234058 -1.9279135 -1.2432199 -0.3629444 -0.7702354 0.2300451 -0.2165604 0.5540020
1403715928.934058 -2.1594665 -2.0692196 -0.7677581 0.5464849 -0.6463478 0.4061222 -0.3444614
1403715929.034058 -2.2383916 -2.1239581 -0.7351420 0.5695110 -0.6470675 0.3806698 -0.3347408
1403715929.134058 -2.2976220 -2.1816688 -0.6837533 0.5896299 -0.6429411 0.3609627 -0.3296504
1403715929.234058 -2.3352294 -2.2413230 -0.6330626 0.6088293 -0.6337358 0.3498743 -0.3244900
1403715929.334058 -2.3472319 -2.3024838 -0.5908086 -0.6260300 0.6084171 -0.3668633 0.3214443
1403715929.434058 -2.3375177 -2.3591604 -0.5571172 -0.6387877 0.5682065 -0.4079257 0.3204502
1403715929.534058 -2.3135917 -2.4006987 -0.5285916 -0.6455029 0.5280350 -0.4513100 0.3175284
1403715929.634058 -2.2833321 -2.4168210 -0.5002775 -0.6468253 0.5000612 -0.4833536 0.3129299
1403715929.734058 -2.2540457 -2.3992901 -0.4744112 -0.6375759 0.5110075 -0.4774136 0.3231789
1403715931.084058 -1.9939086 -2.1261723 -0.3495007 0.5855288 -0.6203519 0.3850380 -0.3522291
1403715931.234058 -1.9084620 -2.1768253 -0.3300631 0.5912878 -0.6241738 0.3795156 -0.3416926
1403715931.734058 -1.3978057 -2.3241959 -0.1869044 0.5869493 -0.6057262 0.3988757 -0.3598395
1403715931.884058 -1.2025962 -2.3586140 -0.1784828 0.5851369 -0.5948296 0.4077843 -0.3708160
1403715932.084058 -0.9315350 -2.3928711 -0.1579661 0.5702921 -0.5736658 0.4305376 -0.4003896
1403715932.284058 -0.6822212 -2.4119606 -0.1170913 -0.5407959 0.5374596 -0.4742295 0.4402084
1403715932.484058 -0.5091310 -2.4123459 -0.0659211 -0.5125505 0.5104110 -0.5036229 0.4723733
1403715932.584058 -0.4682529 -2.4064755 -0.0373905 -0.5000953 0.4997700 -0.5139951 0.4857403
1403715932.684058 -0.4642818 -2.3971388 -0.0060042 -0.4878719 0.4908126 -0.5219380 0.4986630
1403715932.784058 -0.5016158 -2.3849585 0.0256056 -0.4806366 0.4846277 -0.5285566 0.5047300
1403715932.884058 -0.5817845 -2.3709199 0.0542730 -0.4885992 0.4938798 -0.5230612 0.4937211
1403715933.284058 -1.1667986 -2.2909503 0.1505444 0.5824732 -0.6055108 0.4028330 -0.3630525
1403715933.534058 -1.5061047 -2.2319281 0.2151794 0.6093468 -0.6672779 0.3061801 -0.2994838
1403715933.634058 -1.5840527 -2.2173722 0.2467031 0.6161078 -0.6818883 0.2800469 -0.2775128
1403715933.734058 -1.6141005 -2.2123408 0.2837822 0.6240805 -0.6853315 0.2717066 -0.2588819
1403715933.834058 -1.5885596 -2.2153029 0.3301916 0.6273693 -0.6829835 0.2767396 -0.2517071
1403715934.034058 -1.3778671 -2.2341020 0.4612188 0.5949401 -0.6473815 0.3580985 -0.3141798
1403715934.234058 -1.0806721 -2.2555466 0.5943906 0.5270132 -0.5774633 0.4689098 -0.4109949
1403715934.534058 -0.7618148 -2.2669857 0.6628630 -0.4604073 0.5045747 -0.5466300 0.4843812
1403715934.634058 -0.7274450 -2.2616024 0.6683896 -0.4462443 0.4881380 -0.5586971 0.5004448
1403715934.734058 -0.7448679 -2.2509079 0.6751690 -0.4389269 0.4800729 -0.5607121 0.5123232
1403715934.834058 -0.8186404 -2.2363827 0.6860620 -0.4423436 0.4844932 -0.5512249 0.5155091
1403715934.934058 -0.9444028 -2.2205279 0.6969675 -0.4723110 0.5133579 -0.5228453 0.4899172
1403715935.034058 -1.1086503 -2.2038269 0.7072515 0.5061843 -0.5499727 0.4834640 -0.4555985
1403715935.584058 -2.0749478 -2.1294584 0.5726271 0.6066499 -0.6495636 0.3426043 -0.3044100
1403715935.734058 -2.2236996 -2.1169252 0.5076785 0.6158935 -0.6579039 0.3254960 -0.2861642
1403715935.834058 -2.2768850 -2.1097569 0.4698808 0.6211703 -0.6628636 0.3153212 -0.2744666
1403715935.934058 -2.2881668 -2.1038086 0.4405537 0.6227548 -0.6647964 0.3127183 -0.2691275
1403715936.484058 -1.8874829 -2.0698032 0.3894393 0.5121193 -0.5672092 0.4860902 -0.4239384
1403715938.784058 -1.9117057 -1.4084406 -0.1341121 -0.7546951 0.3566636 -0.2544437 0.4883491
1403715939.284058 -1.4614438 -0.9775880 -0.1418406 -0.7633561 0.3437101 -0.2379414 0.4924783
1403715939.934058 -0.9733841 -0.4387787 -0.0708804 -0.6290619 0.2896667 -0.3180286 0.6474814
1403715941.534058 -0.8965026 0.1794687 0.6628828 -0.6297191 0.3195183 -0.3059587 0.6385540
1403715941.634058 -0.8512203 0.2443842 0.6689517 -0.6144739 0.3159529 -0.3067776 0.6545862
1403715941.734058 -0.8331947 0.2815138 0.6636834 -0.5946630 0.3114332 -0.3069411 0.6746647
1403715941.834058 -0.8456179 0.2856395 0.6522366 -0.5768234 0.3052256 -0.3095643 0.6915795
1403715941.984058 -0.9297956 0.2213024 0.6202353 -0.5875213 0.3057406 -0.3113512 0.6814705
1403715942.184058 -1.1477847 0.0277470 0.5351173 -0.6769577 0.3366167 -0.2840767 0.5896762
1403715944.584058 -1.7127153 -0.6000821 -0.2525599 -0.8466383 0.2949909 -0.1315198 0.4229496
1403715944.884058 -1.6917057 -0.5798891 -0.1790452 -0.8701921 0.2099737 -0.0954947 0.4353820
1403715945.484058 -1.4583933 -0.1952483 0.0279433 -0.7080610 0.0776806 -0.1465742 0.6863901
1403715945.634058 -1.4805645 -0.2063850 0.0773886 -0.7227712 0.0939648 -0.1320468 0.6718155
1403715946.384058 -1.7467360 -0.4309780 0.2602019 -0.8930348 0.0924063 -0.0568552 0.4367122
1403715946.534058 -1.7655060 -0.3096012 0.3183007 -0.8581107 0.0601879 -0.0591963 0.5064773
1403715946.834058 -1.8086102 -0.0123342 0.4383946 -0.7723048 0.0366396 -0.0487154 0.6323210
1403715946.984058 -1.8358421 0.0960287 0.4818198 -0.7513272 0.0316581 -0.0489545 0.6573498
1403715947.134058 -1.8693568 0.1565090 0.5208886 -0.7206743 0.0340704 -0.0478311 0.6907821
1403715947.284058 -1.9096440 0.1499020 0.5512345 -0.6880099 0.0410040 -0.0488819 0.7228913
1403715947.434058 -1.9569919 0.0640582 0.5467601 -0.7240798 0.0504616 -0.0484991 0.6861560
1403715947.584058 -2.0113363 -0.0826681 0.5136009 -0.7826468 0.0619813 -0.0355024 0.6183543
1403715947.884058 -2.1018395 -0.4013003 0.3731594 -0.8669228 0.0668947 -0.0235817 0.4933700
1403715948.034058 -2.1278760 -0.5108749 0.2811317 -0.8912246 0.0567940 -0.0271833 0.4491708
1403715948.184058 -2.1424956 -0.5495310 0.1971967 -0.9063733 0.0487914 -0.0275058 0.4187486
1403715948.384058 -2.1469500 -0.4564013 0.1216464 -0.8830238 0.0461816 -0.0265249 0.4662969
1403715948.984058 -2.1217868 0.0900950 -0.0460364 -0.7443252 0.0438684 -0.0513151 0.6643962
1403715949.234058 -2.1348231 0.1215155 -0.1039337 -0.7559054 0.0190734 -0.0248795 0.6539298
1403715949.634058 -2.1633918 -0.0114554 -0.1827247 -0.8678707 -0.0454866 0.0174037 0.4943972
1403715949.734058 -2.1717565 -0.0166168 -0.1930382 -0.8790675 -0.0648801 0.0279369 0.4714346
1403715949.884058 -2.1901319 0.0241883 -0.2028024 -0.8836984 -0.1019308 0.0352374 0.4554620
1403715950.034058 -2.2242510 0.1299779 -0.2011917 -0.8709099 -0.1465624 0.0335910 0.4678750
1403715950.884058 -2.6358972 0.7351140 -0.0986887 -0.6844264 -0.1440119 0.1191960 0.7047081
1403715950.984058 -2.6500273 0.6793909 -0.0844600 -0.7002643 -0.1452842 0.1234043 0.6879636
1403715951.934058 -2.7977266 0.0862178 0.0684536 -0.8448288 -0.2821009 0.1510442 0.4287997
1403715952.684058 -3.2372837 0.5228165 0.2998176 -0.6427917 -0.3090944 0.3104273 0.6284221
1403715952.834058 -3.1860051 0.5202466 0.3476572 -0.6125077 -0.3047277 0.3277670 0.6515707
1403715952.934058 -3.1103401 0.4906309 0.3703651 -0.6301393 -0.3181055 0.3207638 0.6315410
1403715953.134058 -2.8856897 0.3823065 0.3798380 -0.7135313 -0.3748815 0.2740526 0.5246258
1403715953.634058 -2.4114010 0.1885649 0.2632133 -0.7818215 -0.4606640 0.2168193 0.3599075
1403715953.784058 -2.4006624 0.2149309 0.2423792 -0.7719629 -0.4910499 0.2175617 0.3400150
1403715953.884058 -2.4427342 0.2602310 0.2393899 -0.7541434 -0.5101811 0.2176717 0.3515708
1403715953.984058 -2.5221686 0.3216973 0.2384772 -0.7178731 -0.5304283 0.2182594 0.3945466
1403715954.284058 -2.8935339 0.4751183 0.2127192 -0.6135366 -0.5044815 0.2875118 0.5351713
1403715954.684058 -3.2832451 0.4457012 0.1824672 -0.5585206 -0.4070932 0.4087583 0.5960256
1403715954.834058 -3.2952509 0.3774159 0.1654611 -0.5670592 -0.4132034 0.4043903 0.5866647
1403715955.434058 -2.8747365 -0.0565740 0.1208692 -0.7214764 -0.4983023 0.2758189 0.3938155
1403715955.584058 -2.8150468 -0.1395298 0.1277945 -0.7432010 -0.5050435 0.2652405 0.3496155
1403715955.734058 -2.8241730 -0.1829993 0.1452169 -0.7403980 -0.5231711 0.2642467 0.3290538
1403715955.884058 -2.9143438 -0.1851828 0.1846149 -0.6900208 -0.5315459 0.3103597 0.3807981
1403715956.034058 -3.0391662 -0.1725170 0.2289777 -0.6196442 -0.5328689 0.3720004 0.4401222
1403715956.334058 -3.2402580 -0.1642427 0.3003342 -0.5023534 -0.5666929 0.4473294 0.4758115
1403715956.634058 -3.2337983 -0.2067246 0.3824613 -0.4103112 -0.5696867 0.5404248 0.4637272
1403715956.784058 -3.1187992 -0.2222974 0.4173927 -0.4147781 -0.5925448 0.5385168 0.4322610
1403715957.084058 -2.7297935 -0.2262581 0.4581342 -0.4752820 -0.6630734 0.4598535 0.3506787
1403715957.234058 -2.5193143 -0.2276566 0.4443994 -0.5049286 -0.6891674 0.4150347 0.3127964
1403715957.384058 -2.3373611 -0.2375548 0.4036102 -0.5336043 -0.7109562 0.3691701 0.2711482
1403715957.534058 -2.2150421 -0.2594754 0.3486760 -0.5510543 -0.7267774 0.3304644 0.2427491
1403715957.684058 -2.1806805 -0.2997221 0.2887969 -0.5546846 -0.7375325 0.3073242 0.2322126
1403715957.834058 -2.2529120 -0.3673304 0.2403926 -0.5370815 -0.7244389 0.3424505 0.2635517
1403715958.034058 -2.4598606 -0.4949445 0.2057981 -0.4782515 -0.6785493 0.4481207 0.3317142
1403715958.334058 -2.7435560 -0.6931598 0.1453378 -0.3807085 -0.6288476 0.5647501 0.3750586
1403715958.484058 -2.8076775 -0.7672287 0.1109066 -0.3412240 -0.6117176 0.6070032 0.3753865
1403715958.634058 -2.7928455 -0.8062923 0.0734773 0.3206946 0.6152304 -0.6284899 -0.3516349
1403715959.484058 -2.1142609 -0.4220495 -0.1672935 -0.2641943 -0.8569766 0.4221350 0.1326449
1403715959.634058 -2.0899019 -0.4159918 -0.1891586 -0.2466412 -0.8743495 0.3993657 0.1232401
1403715959.734058 -2.1051118 -0.4628283 -0.1770254 -0.2293425 -0.8675759 0.4232033 0.1249522
1403715960.384058 -2.2882819 -0.9268645 -0.0086110 0.1393686 0.6833336 -0.6970790 -0.1664711
1403715960.634058 -2.2077818 -0.8313946 0.0182824 -0.1466993 -0.7150776 0.6633047 0.1648338
1403715961.084058 -1.8951045 -0.4202121 0.0660183 -0.1892561 -0.8705980 0.4339583 0.1338713
1403715961.184058 -1.8342776 -0.3785545 0.0857196 -0.1995079 -0.8868545 0.3976226 0.1248282
1403715961.334058 -1.7733744 -0.3944227 0.1331306 -0.2185867 -0.8867030 0.3930168 0.1073103
1403715961.434058 -1.7568429 -0.4572782 0.1811052 -0.2206606 -0.8692756 0.4309254 0.0998607
1403715961.684058 -1.7805783 -0.7056120 0.3212583 -0.1677432 -0.8095528 0.5543855 0.0956200
1403715961.934058 -1.8241862 -0.9520454 0.4282697 -0.0923382 -0.7442990 0.6535144 0.1020376
1403715962.084058 -1.8289155 -1.0449626 0.4803175 0.0636538 0.6954038 -0.7101005 -0.0901062
1403715963.134058 -1.8915765 0.0247844 -0.0610134 0.0793787 -0.8868247 0.4517818 -0.0559833
1403715963.284058 -1.9627508 0.1676730 -0.2295036 0.1199431 -0.9063198 0.4013043 -0.0561514
1403715963.384058 -1.9977285 0.2145867 -0.3459313 0.1433263 -0.9030285 0.3994744 -0.0664634
1403715963.584058 -2.0244489 0.1884508 -0.5462472 0.1824009 -0.8276256 0.5194182 -0.1094097
1403715964.184058 -2.0513506 0.1159058 -0.8528745 0.2603529 -0.7954144 0.5297254 -0.1375625
1403715964.284058 -2.0456924 0.1167071 -0.8343323 0.2609934 -0.7988060 0.5234070 -0.1408426
1403715964.384058 -2.0294800 0.1114249 -0.7979948 0.2538609 -0.7933515 0.5317026 -0.1531021
1403715964.734058 -1.9391409 0.0836757 -0.6829974 0.2395041 -0.7860284 0.5423263 -0.1751556
1403715966.084058 -1.6818429 -0.2587977 -0.2695472 0.2358095 -0.7029305 0.6411563 -0.1979934
1403715966.234058 -1.6525463 -0.2747599 -0.2225168 0.2296506 -0.6778274 0.6659399 -0.2105585
1403715966.384058 -1.6654608 -0.2292888 -0.1839033 0.2444502 -0.7244920 0.6155901 -0.1907989
1403715966.834058 -1.7228197 -0.0303882 -0.0659199 0.2631810 -0.8543844 0.4334274 -0.1135947
1403715967.434058 -1.4459428 -0.1490757 0.1674618 0.2045419 -0.6823772 0.6778210 -0.1818868
1403715967.584058 -1.4228626 -0.0759492 0.2144804 0.2045452 -0.7010446 0.6547202 -0.1950368
1403715968.484058 -1.6325397 0.4263593 0.2481503 0.3174869 -0.7587082 0.5229390 -0.2238274
1403715968.784058 -1.6720022 0.4341861 0.1218469 0.2901119 -0.6878260 0.6138650 -0.2567106
1403715968.934058 -1.7420349 0.4826884 0.0550150 0.2847135 -0.6717418 0.6311710 -0.2632953
1403715969.384058 -2.1308591 0.7866470 -0.1714058 0.3500430 -0.8197118 0.4214599 -0.1670751
1403715969.534058 -2.2078872 0.8324513 -0.2305465 0.3661196 -0.8347142 0.3885076 -0.1351686
1403715969.734058 -2.1875150 0.8027710 -0.2828048 0.3993872 -0.7985542 0.4385343 -0.1024136
1403715969.884058 -2.0715327 0.7495044 -0.2983266 0.3903233 -0.7606837 0.5025572 -0.1282362
1403715970.334058 -1.6151177 0.7101731 -0.2929809 0.2937446 -0.6566195 0.6362874 -0.2787534
1403715970.484058 -1.5420110 0.7725870 -0.2885818 0.2825013 -0.6476505 0.6414911 -0.2987157
1403715970.634058 -1.5375477 0.8828976 -0.2857194 0.2895377 -0.6938857 0.5853549 -0.3033979
1403715970.784058 -1.5885667 1.0094658 -0.2835066 0.3072537 -0.7619487 0.4974116 -0.2785878
1403715971.084058 -1.7064594 1.1377538 -0.2460796 0.3421624 -0.8446195 0.3550661 -0.2084969
1403715971.184058 -1.7203656 1.1134827 -0.2106328 0.3702655 -0.8368437 0.3576843 -0.1861672
1403715971.334058 -1.6775830 1.0113260 -0.1423159 0.4162954 -0.7869321 0.4186339 -0.1793929
1403715971.484058 -1.5755103 0.8878988 -0.0540771 0.4502684 -0.7157481 0.4929801 -0.2047771
1403715971.584058 -1.4882454 0.8189205 0.0084739 0.4662281 -0.6703576 0.5287248 -0.2317373
1403715971.684058 -1.3968563 0.7636759 0.0560091 0.4775989 -0.6334402 0.5487472 -0.2636844
1403715972.334058 -1.0771189 0.7491531 0.2731314 0.4898621 -0.5332953 0.5265695 -0.4453714
1403715972.684058 -1.3079379 0.8516160 0.3538828 0.5232178 -0.5790017 0.4687251 -0.4138805
1403715973.484058 -2.1274583 0.9866673 0.3188009 0.5232491 -0.6459860 0.4111637 -0.3739745
1403715973.734058 -2.3494945 0.9398966 0.3086970 0.5309526 -0.6694133 0.3755253 -0.3591043
1403715974.234058 -2.5453215 0.6560344 0.3079309 0.5399474 -0.6441177 0.4043419 -0.3606619
1403715974.734058 -2.5194035 0.2575004 0.2515879 0.5418608 -0.6261351 0.4225753 -0.3684724
1403715975.484058 -2.3401806 -0.3212874 0.1489000 0.5547791 -0.5952853 0.4435830 -0.3756190
1403715976.484058 -2.0569623 -0.7192669 0.2474644 0.5636400 -0.5932345 0.4454707 -0.3632338
1403715977.334058 -1.7433864 -0.5771433 0.2556977 -0.6356632 0.5166396 -0.3900688 0.4205499
1403715978.334058 -1.5823076 0.0538877 0.2133810 -0.7860201 0.1750317 -0.2217225 0.5498867
1403715978.484058 -1.6350999 0.1777053 0.2049087 -0.7937365 0.1339826 -0.1733934 0.5674202
1403715978.784058 -1.8071307 0.4124785 0.1769921 -0.8021516 0.0479481 -0.0654084 0.5915874
1403715979.684058 -2.4992611 0.7389128 0.2000058 -0.7257831 -0.3153879 0.1667870 0.5881765
1403715979.984058 -2.7499743 0.6219276 0.2403691 -0.6666484 -0.4106831 0.2545452 0.5675614
1403715980.134058 -2.8619113 0.5134708 0.2610373 -0.6297221 -0.4554861 0.2991194 0.5536337
1403715980.434058 -3.0199423 0.2064053 0.2901554 -0.5663161 -0.5387424 0.3864242 0.4896111
1403715980.584058 -3.0592918 0.0234912 0.3021612 -0.5266082 -0.5728068 0.4361130 0.4520859
1403715980.734058 -3.0675054 -0.1641843 0.3085630 -0.4841562 -0.6099195 0.4752525 0.4095438
1403715980.884058 -3.0455787 -0.3467793 0.3098752 -0.4404524 -0.6471077 0.5075011 0.3601333
1403715981.084058 -2.9763985 -0.5689607 0.3121715 -0.3684953 -0.6872932 0.5516995 0.2957483
1403715981.234058 -2.8983924 -0.7089072 0.3135233 -0.3053713 -0.7137710 0.5796024 0.2476701
1403715981.384058 -2.8007164 -0.8195362 0.3185585 -0.2386908 -0.7362335 0.6035553 0.1915933
1403715981.534058 -2.6902261 -0.8963599 0.3283532 -0.1679809 -0.7482682 0.6281818 0.1313958
1403715981.684058 -2.5716357 -0.9300289 0.3404897 -0.0921299 -0.7524155 0.6476419 0.0770899
1403715981.984058 -2.3269737 -0.8627027 0.3463475 0.0528326 -0.7882438 0.6127688 -0.0198726
1403715982.134058 -2.2067297 -0.7837917 0.3518244 0.1146440 -0.7869759 0.6029789 -0.0627854
1403715982.334058 -2.0510950 -0.6507466 0.3627533 0.1891732 -0.7744986 0.5920563 -0.1176210
1403715982.484058 -1.9389737 -0.5313319 0.3713008 0.2429337 -0.7606608 0.5807273 -0.1585376
1403715982.634058 -1.8349156 -0.3937122 0.3775429 0.2994817 -0.7390763 0.5694868 -0.1994036
1403715982.834058 -1.7101810 -0.1838487 0.3837324 0.3747956 -0.7049077 0.5436747 -0.2589425
1403715982.984058 -1.6339605 -0.0109869 0.3890017 0.4299277 -0.6739267 0.5210085 -0.2992245
1403715983.134058 -1.5725322 0.1711028 0.3923109 0.4791271 -0.6399881 0.4952332 -0.3399951
1403715983.284058 -1.5276614 0.3591522 0.3951375 0.5263762 -0.6002849 0.4654163 -0.3820652
1403715983.434058 -1.5018107 0.5485865 0.3961895 -0.5737967 0.5523829 -0.4332118 0.4218508
1403715983.584058 -1.4963655 0.7357665 0.4021533 -0.6060039 0.4965915 -0.3996951 0.4758152
1403715983.734058 -1.5181763 0.9108301 0.4092863 -0.6304304 0.4415548 -0.3616276 0.5261295
1403715983.884058 -1.5731115 1.0623953 0.4148614 -0.6556133 0.3913211 -0.3204705 0.5606582
1403715984.034058 -1.6597323 1.1816425 0.4212748 -0.6811749 0.3450221 -0.2780150 0.5828106
1403715984.184058 -1.7731272 1.2646496 0.4286947 -0.7082748 0.3052181 -0.2318058 0.5928364
1403715984.334058 -1.9028617 1.3113559 0.4398285 -0.7288108 0.2639235 -0.1903650 0.6024454
1403715984.484058 -2.0418508 1.3218247 0.4536263 -0.7448592 0.2164752 -0.1577563 0.6110943
1403715984.584058 -2.1383047 1.3088925 0.4609516 -0.7618653 0.1836876 -0.1356219 0.6061575
1403715984.734058 -2.2871959 1.2680293 0.4694297 -0.7882546 0.1296107 -0.0986612 0.5933985
1403715984.834058 -2.3881264 1.2323509 0.4757652 -0.7955039 0.0965251 -0.0618587 0.5950042
1403715984.934058 -2.4850402 1.1909651 0.4823426 -0.7981580 0.0622057 -0.0283147 0.5985585
1403715985.034058 -2.5750139 1.1442317 0.4874527 -0.7978173 0.0257672 -0.0061378 0.6023172
1403715985.134058 -2.6579704 1.0913923 0.4913590 -0.7979926 -0.0038186 0.0060517 0.6026248
1403715985.284058 -2.7724771 1.0022255 0.4983387 -0.7967736 -0.0349782 0.0036436 0.6032538
1403715985.384058 -2.8464453 0.9363734 0.5036016 -0.7962451 -0.0462955 -0.0068749 0.6031610
1403715985.484058 -2.9226575 0.8644620 0.5097497 -0.7992485 -0.0361745 -0.0066618 0.5998741
1403715985.634058 -3.0394018 0.7474374 0.5147152 -0.8182102 -0.0063659 -0.0105629 0.5747867
1403715985.784058 -3.1584210 0.6313350 0.5107941 -0.8414358 0.0253655 -0.0105222 0.5396588
1403715985.934058 -3.2723219 0.5341561 0.4897960 -0.8460172 0.0546643 -0.0053982 0.5303183
1403715986.184058 -3.4322419 0.4181575 0.3965155 -0.8308636 0.0773600 -0.0049116 0.5510509
1403715986.434058 -3.5374060 0.3383765 0.2794784 -0.8165454 0.0646658 -0.0276550 0.5729809
1403715986.534058 -3.5703936 0.3078820 0.2291756 -0.8204193 0.0581232 -0.0335277 0.5678114
1403715987.284058 -3.7439151 0.2881012 -0.1054924 -0.7982060 0.1069021 -0.0301700 0.5920548
1403715987.484058 -3.7454982 0.2888061 -0.1807457 -0.7982457 0.1118668 -0.0587843 0.5889263
1403715987.584058 -3.7416649 0.2806200 -0.2160647 -0.8042998 0.1087365 -0.0688403 0.5801200
1403715988.684058 -3.7248151 0.2487137 -0.4500711 -0.8042263 0.1033742 -0.0492549 0.5831876
1403715988.784058 -3.7228620 0.2419724 -0.4587771 -0.8085628 0.1078404 -0.0446061 0.5767210
1403715989.134058 -3.6807396 0.2125763 -0.4749221 -0.8189795 0.0986512 -0.0652115 0.5615051
1403715989.334058 -3.6454103 0.2045817 -0.4752396 -0.8187345 0.0990286 -0.0686507 0.5613859
1403715989.434058 -3.6265216 0.2035341 -0.4751509 -0.8186024 0.0990455 -0.0700428 0.5614036
1403715989.634058 -3.5874031 0.2077511 -0.4737737 -0.8154424 0.0987407 -0.0722428 0.5657605
1403715989.784058 -3.5578089 0.2153117 -0.4760244 -0.8081273 0.0954538 -0.0761922 0.5762061
1403715989.934058 -3.5309072 0.2212030 -0.4876456 -0.8058897 0.0901239 -0.0812631 0.5794961
1403715990.034058 -3.5164404 0.2224959 -0.4970368 -0.8066786 0.0875259 -0.0823038 0.5786493
1403715990.284058 -3.4915283 0.2204016 -0.5284317 -0.8100216 0.0836454 -0.0820004 0.5745819
1403715990.434058 -3.4860370 0.2176457 -0.5547815 -0.8116734 0.0809375 -0.0831901 0.5724639
1403715990.584058 -3.4886870 0.2163152 -0.5963809 -0.8141482 0.0792788 -0.0840326 0.5690484
1403715990.684058 -3.4955745 0.2169261 -0.6298411 -0.8174410 0.0785631 -0.0844317 0.5643485
1403715990.784058 -3.5062270 0.2200737 -0.6641517 -0.8198833 0.0784075 -0.0841015 0.5608661
1403715990.884058 -3.5205245 0.2261885 -0.6960231 -0.8228219 0.0778243 -0.0841058 0.5566272
1403715990.984058 -3.5389109 0.2371838 -0.7231059 -0.8236454 0.0766463 -0.0848247 0.5554624
1403715991.034058 -3.5497806 0.2446488 -0.7335150 -0.8222913 0.0760682 -0.0850975 0.5575024
1403715991.134058 -3.5727789 0.2612380 -0.7451478 -0.8148826 0.0798311 -0.0800792 0.5684898
1403715991.234058 -3.5811317 0.2655323 -0.7420022 -0.8158608 0.0720047 -0.0886153 0.5668632
1403715991.334058 -3.5810084 0.2649636 -0.7432661 -0.8129794 0.0737453 -0.0876475 0.5709152
1403715991.584058 -3.5785992 0.2614239 -0.7449819 -0.8124422 0.0799100 -0.0787297 0.5721482
1403715991.984058 -3.5786679 0.2643332 -0.7465753 -0.8127814 0.0800939 -0.0784384 0.5716807
1403715992.184058 -3.5787225 0.2645358 -0.7467413 -0.8129960 0.0802640 -0.0781317 0.5713937
1403715992.634058 -3.5786917 0.2643992 -0.7466218 -0.8129477 0.0802968 -0.0782499 0.5714415
1403715993.034058 -3.5786860 0.2642781 -0.7466243 -0.8130482 0.0803839 -0.0781238 0.5713035
1403715993.284058 -3.5786116 0.2643381 -0.7466549 -0.8130769 0.0803500 -0.0780579 0.5712766
1403715993.734058 -3.5787168 0.2642047 -0.7467203 -0.8127077 0.0803014 -0.0783379 0.5717701
1403715993.884058 -3.5786016 0.2643918 -0.7466253 -0.8131653 0.0804617 -0.0779978 0.5711430
1403715993.984058 -3.5786579 0.2641597 -0.7466188 -0.8128306 0.0804604 -0.0780224 0.5716162
