775.722092 0.2323785 -0.5672436 0.0591747 -0.9183665 -0.0713224 -0.0000504 0.3892506
776.489349 0.1942058 0.0288976 0.0088264 -0.9231582 -0.0305713 0.0018172 0.3831984
776.756234 0.1941790 0.1950726 -0.0095959 -0.9266726 -0.0270645 -0.0003444 0.3748937
777.023117 0.2209832 0.3379214 -0.0348088 -0.9295978 -0.0308004 -0.0033053 0.3672716
777.289996 0.2526674 0.4927856 -0.0547242 -0.9259641 -0.0412625 -0.0119685 0.3751598
777.556879 0.2826669 0.6373925 -0.0546817 -0.9188094 -0.0389549 -0.0050044 0.3927428
777.823776 0.2880586 0.7709135 -0.0721436 -0.9157590 -0.0422244 -0.0002376 0.3995027
778.791205 0.2219775 1.1302712 -0.0505759 -0.8798683 -0.1276975 0.0576017 0.4541005
779.258325 0.1608083 1.1473525 -0.0521054 -0.8716753 -0.2100343 0.0946523 0.4325606
779.625193 0.0974233 1.1188599 -0.0490143 -0.8504411 -0.2957374 0.1296247 0.4153153
779.925424 0.0314448 1.0679047 -0.0390842 -0.8219246 -0.3774849 0.1787905 0.3872712
780.259018 -0.0163875 1.0247101 -0.0282479 -0.7862228 -0.4411326 0.2304871 0.3662398
780.726048 -0.0351166 1.0039576 -0.0427670 -0.7666535 -0.4960879 0.2375567 0.3312191
781.026281 -0.0409399 0.9856961 -0.0407656 -0.7494577 -0.5262463 0.2282301 0.3305890
781.193139 -0.0490739 0.9707905 -0.0436595 -0.7324004 -0.5563815 0.2314352 0.3169653
781.426664 -0.0648845 0.9523826 -0.0477849 -0.7065121 -0.5879055 0.2422286 0.3106980
781.760217 -0.0869057 0.9348774 -0.0497665 -0.6736140 -0.6257227 0.2475093 0.3057033
781.960348 -0.1069818 0.9223152 -0.0588735 -0.6498207 -0.6573266 0.2493489 0.2889290
782.060424 -0.1221896 0.9127786 -0.0660853 -0.6315552 -0.6725442 0.2577127 0.2870656
782.127180 -0.1330247 0.9037720 -0.0724223 -0.6131672 -0.6917417 0.2584338 0.2805913
782.293945 -0.1616110 0.8758427 -0.0817440 -0.5620710 -0.7309905 0.2822211 0.2647268
782.394112 -0.1812632 0.8581255 -0.0871487 -0.5352895 -0.7541043 0.2893512 0.2471189
782.527456 -0.2080945 0.8364495 -0.0911331 -0.5002031 -0.7775308 0.2984506 0.2370021
782.727621 -0.2469704 0.7940782 -0.0972004 -0.4433424 -0.8086730 0.3210444 0.2154668
782.760977 -0.2529693 0.7859501 -0.0986076 -0.4348696 -0.8126726 0.3233553 0.2142264
783.194665 -0.3159859 0.6411964 -0.1186310 -0.3614937 -0.8463544 0.3474531 0.1796741
783.494900 -0.3367360 0.5146077 -0.1327884 -0.3256696 -0.8598635 0.3619471 0.1535201
783.895241 -0.3731819 0.3361505 -0.1444992 -0.2939498 -0.8720869 0.3640136 0.1433597
784.328897 -0.4508653 0.1275187 -0.1667217 -0.2728710 -0.8877267 0.3458017 0.1338062
784.529051 -0.4924422 0.0161258 -0.1783384 -0.2617782 -0.8935088 0.3444785 0.1202032
784.662606 -0.5210062 -0.0611799 -0.1774464 -0.2636549 -0.8874761 0.3593621 0.1171800
784.695866 -0.5275987 -0.0804909 -0.1781722 -0.2651324 -0.8890864 0.3547944 0.1155472
784.796068 -0.5474772 -0.1415441 -0.1723423 -0.2669439 -0.8909015 0.3479669 0.1181294
785.263007 -0.6376028 -0.4552136 -0.1743255 -0.2539300 -0.8938348 0.3442418 0.1344490
785.730036 -0.7640217 -0.7971822 -0.1770401 -0.2691795 -0.8747932 0.3774710 0.1406946
786.030227 -0.8547138 -0.9889921 -0.1848506 -0.2787763 -0.8737330 0.3709900 0.1457427
786.130302 -0.8956498 -1.0546372 -0.1919330 -0.2886720 -0.8655977 0.3822283 0.1459823
786.497278 -1.0716497 -1.2976017 -0.1974480 -0.2941097 -0.8611332 0.3888509 0.1440283
786.664061 -1.1564461 -1.4041266 -0.2066611 -0.3049002 -0.8628477 0.3750563 0.1478600
786.864217 -1.2630745 -1.5341976 -0.2383845 -0.3160405 -0.8612176 0.3673365 0.1532530
786.997730 -1.3385888 -1.6283836 -0.2594521 -0.3211393 -0.8586342 0.3664253 0.1592146
787.231164 -1.4722240 -1.7959790 -0.2696426 -0.3235982 -0.8560596 0.3701409 0.1595047
787.698334 -1.7590359 -2.1184068 -0.3103559 -0.3128310 -0.8581643 0.3710161 0.1674453
787.864998 -1.8649530 -2.2402377 -0.3006713 -0.2939999 -0.8582387 0.3841129 0.1716032
788.098512 -1.9894021 -2.4143026 -0.3052981 -0.2722150 -0.8718394 0.3764204 0.1552507
788.198591 -2.0354631 -2.4873233 -0.3150558 -0.2652783 -0.8719069 0.3825803 0.1517835
788.298661 -2.0773292 -2.5607395 -0.3285694 -0.2595009 -0.8704149 0.3936505 0.1416923
788.598897 -2.1994162 -2.7862284 -0.3466852 -0.2309737 -0.8768026 0.4092206 0.1020140
788.999220 -2.3537092 -3.0817409 -0.3679008 -0.1815727 -0.8956484 0.3941058 0.0976007
789.032547 -2.3660555 -3.1090870 -0.3718214 -0.1738009 -0.8967710 0.3956588 0.0951275
789.099265 -2.3890057 -3.1645384 -0.3789222 -0.1559341 -0.8960468 0.4037368 0.0989008
789.366194 -2.4577603 -3.3907826 -0.3855796 -0.0781419 -0.9093391 0.4032367 0.0663051
789.566280 -2.4704759 -3.5511570 -0.3853154 -0.0338371 -0.9106081 0.4085328 0.0524312
789.632991 -2.4674978 -3.6031852 -0.3901098 -0.0221779 -0.9132940 0.4032505 0.0528342
789.766426 -2.4533436 -3.7117684 -0.4022274 -0.0048139 -0.9124448 0.4069965 0.0421323
790.166740 -2.3794305 -4.0267358 -0.4039934 0.0583126 -0.9049074 0.4214613 -0.0106172
790.200084 -2.3720078 -4.0489435 -0.4043872 0.0614903 -0.9039654 0.4230086 -0.0113682
790.233437 -2.3637750 -4.0712509 -0.4056273 0.0679654 -0.9060833 0.4174560 -0.0111391
790.400231 -2.3129816 -4.1867723 -0.4165792 0.1096287 -0.9078160 0.4042458 -0.0209029
790.466958 -2.2894869 -4.2353134 -0.4225562 0.1258174 -0.9062935 0.4030558 -0.0186602
790.600403 -2.2321439 -4.3332520 -0.4339123 0.1643561 -0.8990661 0.4036236 -0.0418972
790.700451 -2.1828833 -4.4051967 -0.4402046 0.2077817 -0.8915307 0.3996068 -0.0481068
790.834024 -2.1084933 -4.4947996 -0.4250655 0.2688415 -0.8663035 0.4138961 -0.0770225
790.867262 -2.0907135 -4.5154743 -0.4212105 0.2821948 -0.8607859 0.4162267 -0.0785438
791.034039 -2.0029764 -4.6111646 -0.4097472 0.3248075 -0.8460003 0.4088201 -0.1079348
791.367621 -1.8397760 -4.7599130 -0.4313489 0.3696026 -0.8369918 0.3837532 -0.1247889
791.467689 -1.7892408 -4.7997246 -0.4442519 0.3730171 -0.8369051 0.3801256 -0.1263035
791.601133 -1.7156944 -4.8482952 -0.4578726 0.3790945 -0.8353334 0.3756831 -0.1317867
792.068157 -1.4314351 -4.9810367 -0.4567966 0.4175185 -0.8100067 0.3786171 -0.1619153
792.101521 -1.4097471 -4.9902930 -0.4590814 0.4229362 -0.8087332 0.3756638 -0.1610968
792.301756 -1.2677960 -5.0498896 -0.4647655 0.4459401 -0.7887242 0.3796034 -0.1869569
792.368386 -1.2174392 -5.0701218 -0.4665089 0.4604758 -0.7836978 0.3712202 -0.1896720
792.835404 -0.8644538 -5.1667500 -0.4518094 0.5464084 -0.7290276 0.3403274 -0.2326667
792.935492 -0.7922440 -5.1725464 -0.4545723 0.5612102 -0.7181705 0.3375286 -0.2352632
793.002201 -0.7446399 -5.1736598 -0.4599145 0.5719243 -0.7142494 0.3290224 -0.2334409
793.269073 -0.5489182 -5.1690636 -0.4781484 0.5925970 -0.6967859 0.3138463 -0.2545951
793.469228 -0.4072547 -5.1605916 -0.4795357 0.6089974 -0.6848549 0.3055788 -0.2582975
793.602670 -0.3175750 -5.1439419 -0.4825599 0.6239465 -0.6764619 0.2930297 -0.2592755
793.669394 -0.2715092 -5.1334591 -0.4851154 0.6352973 -0.6674941 0.2920879 -0.2559957
793.936246 -0.0816584 -5.0816870 -0.4999689 -0.6681868 0.6352497 -0.2799606 0.2675934
794.236479 0.1381516 -5.0179996 -0.4929907 -0.7048965 0.5848147 -0.2695840 0.2973841
794.303199 0.1869941 -5.0010352 -0.4924566 -0.7133372 0.5747554 -0.2630649 0.3026602
794.436708 0.2835760 -4.9627242 -0.4959937 -0.7353896 0.5540514 -0.2549828 0.2953183
794.603429 0.3978286 -4.9017539 -0.5075207 -0.7569097 0.5303733 -0.2393499 0.2974955
794.670138 0.4433899 -4.8723021 -0.5149016 -0.7630229 0.5199744 -0.2333426 0.3049163
794.770211 0.5113120 -4.8244257 -0.5283616 -0.7765841 0.5058756 -0.2210772 0.3035324
794.803567 0.5343885 -4.8075600 -0.5307119 -0.7772686 0.5013782 -0.2216722 0.3087632
794.970364 0.6480532 -4.7171249 -0.5382495 -0.7863498 0.4750443 -0.2174868 0.3296761
795.103798 0.7333641 -4.6449499 -0.5402508 -0.7942634 0.4561296 -0.2063742 0.3442401
795.203879 0.7939739 -4.5952969 -0.5459175 -0.8007804 0.4534395 -0.1933066 0.3402587
795.303950 0.8536842 -4.5443411 -0.5506191 -0.8081926 0.4415314 -0.1904621 0.3399985
795.337310 0.8738141 -4.5271049 -0.5531163 -0.8106373 0.4399564 -0.1879002 0.3376378
795.470754 0.9534926 -4.4536009 -0.5664866 -0.8227530 0.4181866 -0.1819915 0.3392296
795.670910 1.0805604 -4.3404231 -0.5841932 -0.8383263 0.3830824 -0.1673674 0.3499214
795.971139 1.2818539 -4.1555057 -0.5688474 -0.8532130 0.3266603 -0.1609225 0.3733963
796.105284 1.3524337 -4.0624981 -0.5673325 -0.8649698 0.2951263 -0.1477874 0.3780035
796.504886 1.5299643 -3.7721882 -0.6003723 -0.8858534 0.2301225 -0.1152929 0.3860246
796.538253 1.5444323 -3.7469003 -0.6014988 -0.8853151 0.2273415 -0.1102872 0.3903458
796.671690 1.6015338 -3.6491175 -0.6023686 -0.8862615 0.2136550 -0.0970908 0.3993313
796.738412 1.6267754 -3.6029277 -0.6023977 -0.8911331 0.2054317 -0.0883794 0.3948022
797.105465 1.7564173 -3.3578472 -0.6279323 -0.9037623 0.1683585 -0.0654728 0.3880495
797.472340 1.9142792 -3.1045883 -0.6401899 -0.9136843 0.1318232 -0.0705313 0.3779273
797.505708 1.9269567 -3.0803924 -0.6401935 -0.9150513 0.1251567 -0.0688233 0.3772005
797.939372 2.0795877 -2.7680326 -0.6550305 -0.9148598 0.0966474 -0.0571483 0.3878466
798.106213 2.1399212 -2.6319919 -0.6594089 -0.9130224 0.0952859 -0.0573742 0.3924525
798.172878 2.1613612 -2.5743256 -0.6556828 -0.9148630 0.0877615 -0.0481432 0.3911598
798.539847 2.2644877 -2.2800570 -0.6580669 -0.9192618 0.0713899 -0.0353927 0.3854977
798.606557 2.2797480 -2.2256997 -0.6663721 -0.9207712 0.0652058 -0.0308422 0.3833761
799.073671 2.3924813 -1.8310696 -0.6704443 -0.9152297 0.0474006 -0.0326922 0.3987971
799.106951 2.3973055 -1.8063022 -0.6696378 -0.9181229 0.0486265 -0.0311032 0.3920693
799.140305 2.4016302 -1.7811513 -0.6693314 -0.9207354 0.0470369 -0.0301290 0.3861683
799.207027 2.4100108 -1.7292039 -0.6682549 -0.9192281 0.0434266 -0.0280079 0.3903194
800.107722 2.5150750 -1.0096153 -0.7328607 -0.9243025 0.0575246 -0.0251639 0.3764607
800.241155 2.5399749 -0.8981110 -0.7487971 -0.9239131 0.0572984 -0.0288028 0.3771896
800.307878 2.5524740 -0.8405870 -0.7538989 -0.9252901 0.0542495 -0.0318131 0.3740097
800.474667 2.5824914 -0.6957805 -0.7492075 -0.9221455 0.0494372 -0.0305084 0.3824563
800.541388 2.5898242 -0.6406497 -0.7428944 -0.9194853 0.0480214 -0.0295479 0.3890602
800.841626 2.6032012 -0.4032674 -0.7466841 -0.9203795 0.0430528 -0.0220329 0.3880240
800.975062 2.6052661 -0.2969619 -0.7568536 -0.9187429 0.0395418 -0.0287838 0.3918156
801.141986 2.6062543 -0.1616629 -0.7648043 -0.9182628 0.0451285 -0.0218625 0.3927837
801.208589 2.6063654 -0.1107613 -0.7649776 -0.9141166 0.0418780 -0.0233546 0.4026062
801.475466 2.5991025 0.0849344 -0.7805934 -0.9259312 0.0343348 -0.0226678 0.3754447
801.542189 2.5936716 0.1347866 -0.7872524 -0.9264244 0.0292365 -0.0210852 0.3747513
801.608914 2.5873747 0.1857907 -0.7956645 -0.9279473 0.0167538 -0.0238144 0.3715724
801.675634 2.5787096 0.2379754 -0.8034502 -0.9278584 0.0059188 -0.0188972 0.3724068
801.775738 2.5644519 0.3175977 -0.8120205 -0.9299737 -0.0121221 -0.0201510 0.3668733
802.342849 2.4351873 0.7431451 -0.8091606 -0.9211352 -0.1075159 0.0240023 0.3733283
802.376217 2.4254036 0.7657313 -0.8121666 -0.9201982 -0.1121960 0.0258149 0.3741402
802.443096 2.4063420 0.8118118 -0.8168583 -0.9207979 -0.1151495 0.0277975 0.3716168
802.509781 2.3867764 0.8585368 -0.8191587 -0.9173397 -0.1237731 0.0261134 0.3774735
802.843267 2.2985635 1.0810114 -0.8256854 -0.9137812 -0.1199321 0.0475072 0.3851796
803.110154 2.2197597 1.2336557 -0.8487871 -0.9169491 -0.1508291 0.0472094 0.3663690
803.410401 2.1329663 1.4371990 -0.8746525 -0.9112852 -0.1921133 0.0596141 0.3593020
804.077656 1.9044684 1.8818759 -0.8854119 -0.8766073 -0.3109773 0.0879517 0.3565353
804.144326 1.8777630 1.9192891 -0.8922979 -0.8737819 -0.3197755 0.0874752 0.3558045
804.211065 1.8508589 1.9565880 -0.8971082 -0.8731763 -0.3274666 0.0866579 0.3504557
804.644751 1.7162730 2.1474342 -0.8921508 -0.8552712 -0.3530991 0.1158332 0.3611301
804.844896 1.6829916 2.1961424 -0.8968822 -0.8497723 -0.3735946 0.1112745 0.3548691
805.311933 1.6254560 2.2348230 -0.8935506 -0.8186164 -0.4344403 0.1314174 0.3519351
805.745608 1.5932384 2.2553487 -0.8933186 -0.7803933 -0.5074315 0.1563734 0.3302223
806.145918 1.5807796 2.2682152 -0.8859355 -0.7213357 -0.5849028 0.2088143 0.3065292
806.479514 1.5647691 2.2545931 -0.8859742 -0.6852928 -0.6219554 0.2368149 0.2957431
806.879826 1.5439776 2.1967895 -0.8798361 -0.6259490 -0.6817117 0.2679879 0.2676559
807.346854 1.5183911 2.1408269 -0.8897116 -0.5401489 -0.7597292 0.2793115 0.2302950
807.613740 1.5147567 2.1166680 -0.8857889 -0.4852747 -0.7941002 0.3002659 0.2091741
808.081272 1.5399721 2.0510178 -0.8782101 -0.4096765 -0.8308929 0.3239937 0.1918600
808.447851 1.5564181 2.0116405 -0.8763211 -0.3714923 -0.8509186 0.3299622 0.1704578
808.714528 1.5563884 1.9864489 -0.8728691 -0.3316950 -0.8649255 0.3466196 0.1474357
808.981380 1.5519109 1.9682001 -0.8743482 -0.2968070 -0.8764057 0.3551103 0.1330991
809.248244 1.5381315 1.9462447 -0.8852311 -0.2792964 -0.8845507 0.3518331 0.1256064
809.381682 1.5266491 1.9249941 -0.8915350 -0.2740609 -0.8881907 0.3477699 0.1227356
809.515110 1.5098670 1.8918502 -0.8974007 -0.2701351 -0.8905215 0.3461040 0.1192082
809.915427 1.4320117 1.7328086 -0.9152380 -0.2561656 -0.8897384 0.3594419 0.1163886
810.048856 1.4018214 1.6703932 -0.9151186 -0.2606542 -0.8887167 0.3603144 0.1114252
810.182292 1.3732855 1.6120088 -0.9112472 -0.2595840 -0.8908793 0.3548710 0.1140907
810.249160 1.3603954 1.5809619 -0.9081038 -0.2533847 -0.8916144 0.3571931 0.1150351
810.415807 1.3184352 1.5053351 -0.9112839 -0.2501235 -0.8928450 0.3569393 0.1134040
810.549331 1.2791903 1.4427478 -0.9197183 -0.2494475 -0.8933734 0.3539464 0.1199252
810.582621 1.2691174 1.4269347 -0.9217755 -0.2504333 -0.8930488 0.3539863 0.1201698
810.782780 1.2065353 1.3197393 -0.9331522 -0.2294840 -0.8966596 0.3615306 0.1124025
810.816118 1.1961079 1.3014147 -0.9348172 -0.2277830 -0.9000260 0.3553099 0.1087336
810.849474 1.1857646 1.2827585 -0.9353515 -0.2262535 -0.9011468 0.3537940 0.1075801
810.916198 1.1672270 1.2451246 -0.9349375 -0.2169386 -0.9015438 0.3605581 0.1007684
811.016276 1.1416051 1.1897507 -0.9340156 -0.2059657 -0.9053830 0.3573621 0.1007579
811.316516 1.0883452 1.0326153 -0.9598585 -0.1946678 -0.9085615 0.3562986 0.0983457
811.483333 1.0664068 0.9493895 -0.9743497 -0.1934033 -0.9074211 0.3600629 0.0976562
811.550037 1.0590655 0.9185062 -0.9782893 -0.1934111 -0.9065494 0.3634590 0.0930485
811.916996 1.0249958 0.7789747 -1.0128440 -0.1714295 -0.9138973 0.3587864 0.0817060
812.017109 1.0133889 0.7479695 -1.0287950 -0.1687291 -0.9164636 0.3553899 0.0729590
812.050433 1.0097215 0.7376264 -1.0342797 -0.1665567 -0.9195811 0.3487900 0.0705348
812.083793 1.0060067 0.7269883 -1.0383956 -0.1625236 -0.9190481 0.3519963 0.0709588
812.283947 0.9869888 0.6711646 -1.0688319 -0.1497502 -0.9158559 0.3676068 0.0603998
812.484110 0.9658812 0.6266729 -1.1176677 -0.1517601 -0.9179958 0.3622595 0.0549599
812.517460 0.9622657 0.6198876 -1.1278104 -0.1552555 -0.9160429 0.3657835 0.0544382
812.684274 0.9497153 0.5881749 -1.1909947 -0.1541820 -0.9224783 0.3493826 0.0565104
812.717834 0.9480420 0.5820146 -1.2055712 -0.1548452 -0.9237882 0.3461818 0.0528812
812.784351 0.9432698 0.5716232 -1.2357361 -0.1656021 -0.9224133 0.3456888 0.0472117
812.817709 0.9405000 0.5666627 -1.2519749 -0.1735963 -0.9226116 0.3416317 0.0440444
812.851069 0.9375271 0.5618074 -1.2683098 -0.1786434 -0.9216505 0.3421266 0.0399563
812.917882 0.9304562 0.5543846 -1.2996593 -0.1818343 -0.9210205 0.3414166 0.0457419
812.951222 0.9276512 0.5512190 -1.3144016 -0.1847091 -0.9197526 0.3431515 0.0467409
812.984557 0.9251721 0.5481083 -1.3286293 -0.1877529 -0.9202213 0.3406698 0.0434246
813.051418 0.9212032 0.5441124 -1.3542173 -0.1911874 -0.9168154 0.3476263 0.0453076
813.085116 0.9200857 0.5435890 -1.3665593 -0.1929070 -0.9163904 0.3476273 0.0465944
813.184790 0.9201140 0.5448298 -1.4017668 -0.1968527 -0.9164124 0.3455453 0.0451223
813.218054 0.9273900 0.5500814 -1.4129347 -0.1944508 -0.9173322 0.3444605 0.0451384
813.451616 1.0567219 0.6334350 -1.4552082 -0.1962994 -0.9227160 0.3301624 0.0324759
813.685116 1.1943443 0.7332921 -1.4474204 -0.2043292 -0.9214032 0.3284613 0.0371352
813.785190 1.2817392 0.7976985 -1.4251516 -0.2585545 -0.9053317 0.3323663 0.0552890
813.918623 1.4522943 0.9129183 -1.3716315 -0.2666505 -0.9057921 0.3255441 0.0495900
814.052054 1.6269937 1.0472832 -1.3118726 -0.2623599 -0.8952569 0.3548137 0.0615599
814.486639 2.1591930 1.5539503 -1.0910137 -0.2624602 -0.8921638 0.3622659 0.0626255
814.919483 2.6024528 2.1325545 -0.8777683 -0.2604200 -0.8933991 0.3603351 0.0646378
815.353043 2.9356766 2.7652602 -0.6708955 -0.2602281 -0.8936110 0.3600159 0.0642592
815.820073 3.1760600 3.4978404 -0.4641454 -0.2599466 -0.8936088 0.3603371 0.0636266
816.287223 3.3033223 4.3056531 -0.2623179 -0.2594622 -0.8936839 0.3606110 0.0629939
816.754131 3.3031218 5.1672740 -0.0669866 -0.2585183 -0.8942823 0.3597424 0.0633462
817.221173 3.1673508 6.0752373 0.1013932 -0.2582265 -0.8942152 0.3602233 0.0627497
817.621479 2.9557955 6.9077797 0.2221737 -0.2576404 -0.8943306 0.3604185 0.0623923
818.088523 2.6046662 7.9495659 0.3566461 -0.2570339 -0.8944016 0.3608021 0.0616533
818.355384 2.3530097 8.5795336 0.4304013 -0.2564751 -0.8946730 0.3605674 0.0614175
818.822419 1.8223252 9.7440176 0.5549078 -0.2557266 -0.8947813 0.3609512 0.0607001
819.289451 1.1756177 10.9885664 0.6731615 -0.2548791 -0.8949391 0.3612905 0.0599144
819.756478 0.4113612 12.3148336 0.7849493 -0.2538090 -0.8950835 0.3618492 0.0589201
820.223506 -0.4725280 13.7246265 0.8898182 -0.2528168 -0.8952524 0.3622738 0.0580049
820.256890 -0.5403309 13.8286505 0.8970623 -0.2527292 -0.8952637 0.3623236 0.0579007
820.290247 -0.6087089 13.9330196 0.9042645 -0.2526437 -0.8952851 0.3623498 0.0577798