777.923850 0.4225751 -0.6039866 0.3203986 -0.9128840 -0.0095606 -0.0054521 0.4080708
778.657767 0.3993222 -0.3239976 0.3477076 -0.8830886 -0.0736597 0.0352840 0.4620432
778.924638 0.3700875 -0.2866220 0.3420729 -0.8853443 -0.1210112 0.0454213 0.4466079
779.191519 0.3367404 -0.2774061 0.3439665 -0.8817366 -0.1627706 0.0765541 0.4361029
779.725270 0.2465520 -0.3123645 0.3429813 -0.8526257 -0.2931212 0.1326889 0.4117073
779.992146 0.1877604 -0.3524794 0.3484902 -0.8224806 -0.3690898 0.1747723 0.3959207
780.259018 0.1535065 -0.3807581 0.3541802 -0.7985083 -0.4137802 0.2207404 0.3774177
780.826130 0.1308146 -0.4060225 0.3532781 -0.7750111 -0.4794714 0.2243609 0.3451481
780.926856 0.1291089 -0.4116130 0.3555634 -0.7708017 -0.4888002 0.2186316 0.3451658
781.092999 0.1234055 -0.4244385 0.3575554 -0.7592481 -0.5135309 0.2180494 0.3350862
781.159718 0.1200223 -0.4304431 0.3587478 -0.7516999 -0.5268807 0.2210931 0.3293356
781.593393 0.0920027 -0.4589384 0.3783470 -0.7096882 -0.5800873 0.2423486 0.3179755
782.127180 0.0313750 -0.4954982 0.3809238 -0.6372141 -0.6707404 0.2495457 0.2859939
782.160500 0.0256322 -0.5003957 0.3813357 -0.6285297 -0.6788619 0.2506907 0.2850460
782.193864 0.0195844 -0.5062970 0.3821472 -0.6163319 -0.6902416 0.2529313 0.2823601
782.293945 -0.0000697 -0.5241795 0.3839147 -0.5879820 -0.7117363 0.2735383 0.2699732
782.527456 -0.0484441 -0.5641488 0.3765513 -0.5275570 -0.7603702 0.2905936 0.2430557
782.727621 -0.0912530 -0.6091108 0.3672640 -0.4718468 -0.7931227 0.3139487 0.2230544
782.760977 -0.0981464 -0.6178932 0.3652529 -0.4634914 -0.7973912 0.3163564 0.2219499
783.194665 -0.1747905 -0.7719206 0.3395190 -0.3907818 -0.8335803 0.3414885 0.1892593
783.228019 -0.1801996 -0.7857001 0.3374744 -0.3848332 -0.8360062 0.3413758 0.1909442
783.261381 -0.1850089 -0.7998971 0.3354121 -0.3785937 -0.8390241 0.3408200 0.1911734
783.494900 -0.2055359 -0.9031578 0.3244656 -0.3553300 -0.8481930 0.3569337 0.1640351
783.861854 -0.2511506 -1.0694815 0.3153899 -0.3287542 -0.8567620 0.3657102 0.1553567
784.295537 -0.3420372 -1.2773499 0.2933627 -0.3047874 -0.8771691 0.3407570 0.1468457
784.662606 -0.4383329 -1.4872540 0.2798188 -0.2943105 -0.8778069 0.3558586 0.1272832
784.695866 -0.4467777 -1.5068269 0.2789682 -0.2957405 -0.8794185 0.3512305 0.1256892
784.762575 -0.4640947 -1.5472527 0.2812248 -0.3010904 -0.8810349 0.3427966 0.1249501
785.096158 -0.5428957 -1.7651094 0.2884206 -0.2853160 -0.8856889 0.3375553 0.1421495
785.529839 -0.6875651 -2.0967882 0.2751527 -0.2999312 -0.8711249 0.3557957 0.1568186
785.896795 -0.8030508 -2.3445930 0.2764070 -0.2993085 -0.8682497 0.3667431 0.1485138
786.130302 -0.9036635 -2.4946110 0.2615252 -0.3184395 -0.8550685 0.3780181 0.1567057
786.430539 -1.0687629 -2.6907682 0.2572950 -0.3215644 -0.8436804 0.3960479 0.1671695
786.697422 -1.2183746 -2.8627043 0.2393587 -0.3365041 -0.8521394 0.3678195 0.1591609
786.730780 -1.2377930 -2.8834975 0.2342398 -0.3382419 -0.8520780 0.3649865 0.1622974
786.897575 -1.3397080 -2.9926021 0.2041703 -0.3454902 -0.8489091 0.3637385 0.1663855
787.197811 -1.5334892 -3.2037921 0.1769850 -0.3464403 -0.8467181 0.3640128 0.1747635
787.264528 -1.5777175 -3.2477014 0.1764858 -0.3588625 -0.8411777 0.3659807 0.1723253
787.598129 -1.8019471 -3.4727049 0.1406267 -0.3570103 -0.8463437 0.3587080 0.1660560
787.864998 -1.9926702 -3.6633410 0.1472569 -0.3229649 -0.8477522 0.3787679 0.1831527
787.998436 -2.0778196 -3.7620194 0.1483724 -0.3086919 -0.8560258 0.3759904 0.1748154
788.098512 -2.1347547 -3.8358572 0.1431859 -0.3014354 -0.8621621 0.3716241 0.1664594
788.231949 -2.2047555 -3.9335303 0.1294672 -0.2930857 -0.8613399 0.3823560 0.1612394
788.632254 -2.3948445 -4.2334394 0.1012943 -0.2585029 -0.8727316 0.3991561 0.1104101
788.765714 -2.4538908 -4.3285151 0.1030591 -0.2435279 -0.8767318 0.3975561 0.1182572
788.932480 -2.5297811 -4.4537845 0.0874252 -0.2262816 -0.8868728 0.3877069 0.1092552
788.965829 -2.5456429 -4.4802723 0.0830469 -0.2189674 -0.8872346 0.3904640 0.1113817
789.065924 -2.5898387 -4.5627613 0.0707574 -0.1959020 -0.8883741 0.4004903 0.1096410
789.099265 -2.6031880 -4.5910540 0.0668302 -0.1859158 -0.8900171 0.4011168 0.1114016
789.499560 -2.7103710 -4.9332504 0.0633359 -0.0745898 -0.9099708 0.4012385 0.0734651
789.599635 -2.7139287 -5.0151415 0.0597486 -0.0587461 -0.9115486 0.4017578 0.0649517
789.632991 -2.7138472 -5.0425420 0.0576406 -0.0527041 -0.9118139 0.4018750 0.0656838
789.799781 -2.7035995 -5.1865959 0.0427523 -0.0291430 -0.9122759 0.4051112 0.0528042
789.833155 -2.6997373 -5.2161684 0.0398464 -0.0235299 -0.9116315 0.4073935 0.0490400
790.233437 -2.6399901 -5.5378394 0.0442672 0.0379236 -0.9075252 0.4182786 0.0016994
790.266796 -2.6324143 -5.5617862 0.0427918 0.0464735 -0.9087061 0.4148414 0.0005004
790.300156 -2.6243532 -5.5861511 0.0409989 0.0540393 -0.9093494 0.4125073 -0.0010620
790.400231 -2.5958567 -5.6614094 0.0332108 0.0792600 -0.9106821 0.4053421 -0.0085892
790.600403 -2.5225220 -5.8190174 0.0159934 0.1344089 -0.9036345 0.4055887 -0.0296095
790.667096 -2.4926667 -5.8717537 0.0111299 0.1615039 -0.8990114 0.4057197 -0.0329652
790.767193 -2.4408398 -5.9470973 0.0152550 0.2114255 -0.8891767 0.4027328 -0.0497024
790.800525 -2.4224119 -5.9716239 0.0204413 0.2280663 -0.8824916 0.4072362 -0.0579062
791.000679 -2.3194795 -6.1038508 0.0401070 0.2883163 -0.8591154 0.4125823 -0.0925760
791.334364 -2.1588502 -6.2763295 0.0243353 0.3392834 -0.8470514 0.3926654 -0.1149113
791.701239 -1.9589133 -6.4302626 -0.0081966 0.3609963 -0.8391730 0.3868458 -0.1257800
791.934802 -1.8180141 -6.5064392 -0.0010184 0.3739232 -0.8270180 0.3936513 -0.1458131
792.068157 -1.7336345 -6.5482407 -0.0036359 0.3906493 -0.8226380 0.3848435 -0.1501844
792.435104 -1.4652624 -6.6790481 -0.0080428 0.4425186 -0.7903997 0.3776203 -0.1919595
792.535197 -1.3873949 -6.7141075 -0.0010868 0.4591172 -0.7815992 0.3725500 -0.1987976
792.635300 -1.3085208 -6.7421865 0.0041514 0.4830089 -0.7661852 0.3689391 -0.2086783
793.002201 -1.0278759 -6.7943640 0.0010494 0.5482760 -0.7319808 0.3375964 -0.2227697
793.135637 -0.9256997 -6.7997499 -0.0087622 0.5626662 -0.7219560 0.3315730 -0.2285732
793.302435 -0.7961102 -6.8043284 -0.0166237 0.5714306 -0.7133697 0.3224663 -0.2461428
793.769448 -0.4517856 -6.7710109 -0.0254545 0.6282297 -0.6774294 0.2948571 -0.2438774
793.902987 -0.3496499 -6.7498770 -0.0317726 0.6427386 -0.6621232 0.2893665 -0.2544543
794.036327 -0.2447972 -6.7266932 -0.0373316 -0.6632470 0.6410692 -0.2846408 0.2609855
794.136397 -0.1654510 -6.7090378 -0.0308874 -0.6748348 0.6225554 -0.2829598 0.2774107
794.436708 0.0703683 -6.6435442 -0.0276630 -0.7167631 0.5778741 -0.2649556 0.2865500
794.670138 0.2457170 -6.5591316 -0.0472174 -0.7453887 0.5449588 -0.2436193 0.2967581
794.770211 0.3210311 -6.5135455 -0.0609572 -0.7593735 0.5313616 -0.2313954 0.2957413
794.803567 0.3466730 -6.4974995 -0.0634143 -0.7602997 0.5268505 -0.2320867 0.3008469
795.237234 0.6607280 -6.2763443 -0.0820136 -0.7886458 0.4747819 -0.2040087 0.3331672
795.303950 0.7056785 -6.2430429 -0.0855503 -0.7929051 0.4684156 -0.2010164 0.3338874
795.437442 0.7958388 -6.1725421 -0.0981965 -0.8053483 0.4506587 -0.1958974 0.3315796
795.470754 0.8182483 -6.1540174 -0.1019883 -0.8082413 0.4456301 -0.1924168 0.3333699
795.771028 1.0372789 -5.9849749 -0.1169138 -0.8318105 0.3961619 -0.1674262 0.3508783
795.971139 1.1867208 -5.8609204 -0.1036754 -0.8417021 0.3552967 -0.1727950 0.3680268
796.105284 1.2688906 -5.7675052 -0.1027036 -0.8544371 0.3242047 -0.1598418 0.3732012
796.404815 1.4281738 -5.5508866 -0.1289477 -0.8750393 0.2764016 -0.1364677 0.3732092
796.571605 1.5142105 -5.4217143 -0.1402230 -0.8771219 0.2552228 -0.1208527 0.3884754
796.671690 1.5646372 -5.3467622 -0.1406565 -0.8784418 0.2435190 -0.1094657 0.3963026
796.938586 1.6817170 -5.1619821 -0.1488605 -0.8905934 0.2193733 -0.0898758 0.3881251
797.372290 1.8837626 -4.8609066 -0.1809916 -0.9062603 0.1739221 -0.0759152 0.3777305
797.472340 1.9361123 -4.7872972 -0.1807609 -0.9085597 0.1628179 -0.0823160 0.3758109
797.572419 1.9791939 -4.7130527 -0.1796083 -0.9122513 0.1469180 -0.0738995 0.3751688
797.639135 2.0066593 -4.6647668 -0.1778288 -0.9126105 0.1389996 -0.0712803 0.3778101
798.106213 2.2096648 -4.2999611 -0.2015162 -0.9090062 0.1258893 -0.0697543 0.3911445
798.473123 2.3476679 -3.9912591 -0.1925697 -0.9156111 0.1083790 -0.0465577 0.3843729
798.573219 2.3796902 -3.9066067 -0.2028322 -0.9169909 0.0985290 -0.0461763 0.3837806
798.639918 2.4013550 -3.8488827 -0.2104206 -0.9168201 0.0950666 -0.0408721 0.3856588
798.773355 2.4496448 -3.7287321 -0.2263336 -0.9188704 0.0922081 -0.0415371 0.3813786
798.806786 2.4616876 -3.6978831 -0.2283969 -0.9185497 0.0925414 -0.0442966 0.3817596
799.106951 2.5461345 -3.4391260 -0.2106533 -0.9156917 0.0793460 -0.0434211 0.3915706
799.507250 2.6156433 -3.1054049 -0.2443945 -0.9218767 0.0734844 -0.0443433 0.3778587
799.573974 2.6252742 -3.0476365 -0.2499480 -0.9222713 0.0707973 -0.0463768 0.3771638
799.674051 2.6431532 -2.9591146 -0.2508245 -0.9256851 0.0812355 -0.0348980 0.3678180
799.974288 2.7015822 -2.7066348 -0.2572742 -0.9179093 0.0914913 -0.0315749 0.3848052
800.241155 2.7630599 -2.4808710 -0.2905035 -0.9213524 0.0878883 -0.0403812 0.3765034
800.307878 2.7793519 -2.4212677 -0.2955778 -0.9229085 0.0846992 -0.0432734 0.3730862
800.407951 2.8061652 -2.3293223 -0.2948878 -0.9183033 0.0840635 -0.0407260 0.3846997
800.574748 2.8367519 -2.1851504 -0.2827400 -0.9175625 0.0746162 -0.0437980 0.3880632
800.641470 2.8450999 -2.1296141 -0.2799165 -0.9185752 0.0764541 -0.0403146 0.3856804
800.841626 2.8635201 -1.9625401 -0.2883646 -0.9182068 0.0739078 -0.0338441 0.3876705
800.941711 2.8705430 -1.8787615 -0.2971339 -0.9187155 0.0702702 -0.0390920 0.3866467
801.308670 2.8923705 -1.5737982 -0.3089684 -0.9186990 0.0771256 -0.0313309 0.3860857
801.375405 2.8922868 -1.5218244 -0.3107783 -0.9192076 0.0703517 -0.0350042 0.3858533
801.508840 2.8907940 -1.4180481 -0.3239151 -0.9254910 0.0623360 -0.0334327 0.3721060
801.575594 2.8887196 -1.3643751 -0.3322340 -0.9255059 0.0552711 -0.0348660 0.3730527
802.242818 2.7926409 -0.8105158 -0.3450898 -0.9249545 -0.0666570 0.0052360 0.3741506
802.309492 2.7770176 -0.7605726 -0.3494015 -0.9251178 -0.0720702 0.0100948 0.3726406
802.409573 2.7512743 -0.6861233 -0.3568623 -0.9239473 -0.0835680 0.0170219 0.3728915
802.476403 2.7349176 -0.6353675 -0.3604234 -0.9225730 -0.0887642 0.0147174 0.3751845
802.509781 2.7259691 -0.6097502 -0.3612434 -0.9207027 -0.0930728 0.0150723 0.3787040
802.843267 2.6486804 -0.3681217 -0.3672819 -0.9170135 -0.0895315 0.0362071 0.3869876
802.909996 2.6311553 -0.3267196 -0.3721150 -0.9172143 -0.0997024 0.0349482 0.3841302
802.943443 2.6220837 -0.3060469 -0.3753032 -0.9189260 -0.1015505 0.0366800 0.3793640
803.310324 2.5229859 -0.0592468 -0.4109634 -0.9177750 -0.1544833 0.0456736 0.3629572
803.443761 2.4911087 0.0491748 -0.4166307 -0.9165504 -0.1691822 0.0498487 0.3589259
803.510804 2.4756994 0.1066009 -0.4156891 -0.9146869 -0.1773845 0.0487713 0.3598668
803.777369 2.3947904 0.3109238 -0.4120505 -0.9044935 -0.2264505 0.0604553 0.3563102
803.944163 2.3343170 0.4212812 -0.4156095 -0.8921698 -0.2633468 0.0704394 0.3601664
804.311133 2.1931069 0.6471704 -0.4399419 -0.8755941 -0.3197027 0.0758198 0.3540857
804.778170 2.0798321 0.8418112 -0.4350508 -0.8653319 -0.3385096 0.1010945 0.3555162
804.911618 2.0623000 0.8681680 -0.4388372 -0.8621441 -0.3517331 0.0999547 0.3507141
805.345293 2.0079477 0.9040070 -0.4369574 -0.8319763 -0.4099284 0.1234186 0.3529052
805.712249 1.9802976 0.9244649 -0.4360440 -0.8004663 -0.4744116 0.1419876 0.3376787
806.579603 1.9441955 0.9131295 -0.4212023 -0.6916348 -0.6117416 0.2361056 0.3027667
807.046620 1.9128850 0.8488392 -0.4240280 -0.6236097 -0.6891608 0.2571032 0.2647006
807.480289 1.8877418 0.8000352 -0.4293450 -0.5373956 -0.7581463 0.2891066 0.2298644
807.713800 1.8913697 0.7732280 -0.4244703 -0.4918227 -0.7887496 0.3000996 0.2143008
807.813875 1.8968847 0.7580280 -0.4232798 -0.4744436 -0.7971256 0.3084354 0.2106221
808.214166 1.9165382 0.6976860 -0.4188429 -0.4285675 -0.8223593 0.3210931 0.1922354
808.414312 1.9231374 0.6761056 -0.4171975 -0.4035938 -0.8365535 0.3221703 0.1830207
809.114822 1.9100142 0.6201668 -0.4196709 -0.3160989 -0.8710976 0.3479486 0.1421346
809.214978 1.9027342 0.6099068 -0.4245031 -0.3077417 -0.8741062 0.3507498 0.1349373
809.348322 1.8899952 0.5905079 -0.4308670 -0.3033674 -0.8773196 0.3469359 0.1338432
809.515110 1.8665886 0.5493947 -0.4383548 -0.2981958 -0.8814204 0.3424089 0.1301289
809.782070 1.8104392 0.4458990 -0.4511309 -0.2838043 -0.8829661 0.3497532 0.1322832
809.948779 1.7658616 0.3690071 -0.4572683 -0.2858509 -0.8802860 0.3567942 0.1268215
810.249160 1.6877711 0.2291323 -0.4513414 -0.2811376 -0.8831063 0.3535452 0.1268496
810.415807 1.6383183 0.1522517 -0.4540647 -0.2779179 -0.8844440 0.3533278 0.1252195
810.449164 1.6273886 0.1370249 -0.4563001 -0.2791276 -0.8854250 0.3496355 0.1259574
810.482538 1.6163890 0.1214684 -0.4585930 -0.2774244 -0.8867574 0.3472258 0.1270093
810.682687 1.5454943 0.0200753 -0.4728895 -0.2648518 -0.8899315 0.3476296 0.1304956
810.849474 1.4832351 -0.0741971 -0.4783707 -0.2543174 -0.8933085 0.3507996 0.1194247
810.916198 1.4619334 -0.1118957 -0.4784703 -0.2450757 -0.8941318 0.3573886 0.1128696
810.949750 1.4508783 -0.1303520 -0.4785661 -0.2436287 -0.8956549 0.3548249 0.1120121
810.982925 1.4404738 -0.1489770 -0.4785158 -0.2406541 -0.8976091 0.3514034 0.1135739
811.049633 1.4221777 -0.1875957 -0.4779072 -0.2308980 -0.8964247 0.3613187 0.1120613
811.082993 1.4136944 -0.2064344 -0.4790796 -0.2288341 -0.8961713 0.3638550 0.1100979
811.683524 1.3073722 -0.5073973 -0.5327070 -0.2169361 -0.8998480 0.3646899 0.1010623
811.750199 1.2990425 -0.5339837 -0.5379974 -0.2155060 -0.8995355 0.3664277 0.1006173
811.783562 1.2953931 -0.5468440 -0.5421013 -0.2087910 -0.9036313 0.3603661 0.0999656
811.983893 1.2686419 -0.6164335 -0.5713319 -0.1971967 -0.9090235 0.3570156 0.0856135
812.050433 1.2594738 -0.6374094 -0.5831574 -0.1957247 -0.9136176 0.3470492 0.0809429
812.217229 1.2399095 -0.6875370 -0.6081654 -0.1872398 -0.9110214 0.3611409 0.0675179
812.283947 1.2312317 -0.7056962 -0.6201626 -0.1787988 -0.9104154 0.3661276 0.0715921
812.450747 1.2098690 -0.7438870 -0.6614779 -0.1788909 -0.9141861 0.3573965 0.0673038
812.484110 1.2056350 -0.7511361 -0.6712143 -0.1809316 -0.9124080 0.3611200 0.0660893
812.617543 1.1909134 -0.7778196 -0.7201623 -0.1836249 -0.9161820 0.3496281 0.0682105
812.684274 1.1858355 -0.7906780 -0.7491882 -0.1831736 -0.9168009 0.3484592 0.0670812
812.817709 1.1753623 -0.8158984 -0.8146065 -0.2026092 -0.9164882 0.3405729 0.0548540
812.851069 1.1718578 -0.8207252 -0.8318936 -0.2075566 -0.9154226 0.3410926 0.0507706
812.951222 1.1609571 -0.8314933 -0.8799194 -0.2135302 -0.9133499 0.3418410 0.0578063
812.984557 1.1578183 -0.8343846 -0.8942615 -0.2165852 -0.9137464 0.3394040 0.0544374
813.017969 1.1549202 -0.8365648 -0.9074340 -0.2192256 -0.9110738 0.3446111 0.0559275
813.051418 1.1534561 -0.8378230 -0.9207390 -0.2198593 -0.9103637 0.3459671 0.0566283
813.085116 1.1580181 -0.8354594 -0.9329953 -0.2221285 -0.9097074 0.3459662 0.0583002
813.551800 1.4424987 -0.7086756 -1.0211563 -0.2253784 -0.9138175 0.3331257 0.0562984
813.585039 1.4631088 -0.6931525 -1.0221751 -0.2229020 -0.9155407 0.3295689 0.0590276
813.618394 1.4869497 -0.6741380 -1.0222948 -0.2213707 -0.9169150 0.3266429 0.0597197
813.918623 1.7706573 -0.4425023 -0.9968904 -0.2328917 -0.9145678 0.3239685 0.0661190
813.951988 1.8080984 -0.4122548 -0.9934162 -0.2305214 -0.9130487 0.3292904 0.0690643
813.985344 1.8480909 -0.3760945 -0.9871005 -0.2261888 -0.9128250 0.3317366 0.0744300
814.018840 1.8916675 -0.3340232 -0.9781392 -0.2228363 -0.9100845 0.3412637 0.0750295
814.052054 1.9390229 -0.2820190 -0.9664201 -0.2192209 -0.9071817 0.3512678 0.0746625
814.185475 2.2772999 0.1987547 -0.8285038 -0.1844494 -0.9026629 0.3885597 0.0141245
814.252496 2.4458745 0.4621392 -0.7532450 -0.1872332 -0.9004946 0.3923980 0.0087836
814.285551 2.5276756 0.5923275 -0.7168362 -0.1878204 -0.9010292 0.3908977 0.0083083
814.352271 2.6903586 0.8562796 -0.6430894 -0.1868023 -0.9004631 0.3925556 0.0130844
815.052826 4.2013831 3.7171865 0.0955505 -0.1918780 -0.8997440 0.3916160 0.0167532
815.486477 4.9682627 5.6251006 0.5169201 -0.1894474 -0.9012865 0.3891418 0.0190022
815.953517 5.7331467 7.7187080 0.9144435 -0.1896505 -0.9004837 0.3909658 0.0175352
816.253973 6.2611141 8.9908390 1.1420088 -0.1898171 -0.9001767 0.3916287 0.0166858
816.287223 6.3192081 9.1296606 1.1664639 -0.1896098 -0.9001613 0.3917774 0.0163744
816.320467 6.3764992 9.2692795 1.1910200 -0.1891934 -0.9003587 0.3915188 0.0165285
816.553981 6.7546425 10.2740421 1.3696899 -0.1880563 -0.9016510 0.3890009 0.0184000
817.021009 7.3821478 12.4086304 1.7594137 -0.1872083 -0.9016548 0.3894272 0.0178361
817.488041 7.8267641 14.7096844 2.1359787 -0.1865653 -0.9017110 0.3896296 0.0173063
817.955075 8.0826740 17.1772041 2.4756699 -0.1855086 -0.9018919 0.3897422 0.0166922
818.422107 8.1639109 19.8188934 2.7963181 -0.1846910 -0.9018496 0.3902745 0.0155716
818.889138 8.0767689 22.6447868 3.1014462 -0.1836018 -0.9018565 0.3908119 0.0145353
819.289451 7.8662453 25.2151947 3.3503323 -0.1825284 -0.9019552 0.3911153 0.0137508
819.756478 7.4605513 28.3884678 3.6255703 -0.1811266 -0.9020852 0.3915020 0.0127120
820.190153 6.9276361 31.5040359 3.8660355 -0.1796969 -0.9022651 0.3917796 0.0116413
820.256890 6.8321838 31.9979973 3.9017563 -0.1792602 -0.9023038 0.3919004 0.0113020
820.290247 6.7831116 32.2463264 3.9194851 -0.1789563 -0.9023334 0.3919771 0.0110885