1413394886.655761 -0.5284758 -1.8019307 0.1819775 -0.7985033 0.0509972 -0.0374580 0.5986557
1413394887.405761 -0.5225643 -1.8130107 0.2345624 -0.8103996 0.0507380 -0.0523248 0.5813263
1413394887.655761 -0.5298250 -1.8241967 0.3408091 -0.8164644 0.0506249 -0.0591456 0.5721231
1413394887.905761 -0.5510903 -1.8190808 0.4359014 -0.8310091 0.0533139 -0.0584637 0.5506027
1413394889.755760 -0.8447763 -1.3139031 0.7658585 -0.8093737 0.0525359 -0.0499639 0.5828018
1413394891.055760 -0.7879624 -1.1805241 0.7073991 -0.8393406 0.0560944 -0.0425751 0.5390252
1413394891.505760 -0.6887944 -1.0972620 0.6866072 -0.8551713 0.0474016 -0.0531570 0.5134293
1413394891.555760 -0.6766221 -1.0609200 0.6874334 -0.8443094 0.0468073 -0.0544516 0.5310233
1413394893.755760 -1.3703496 -0.7105992 1.1220520 -0.7212766 -0.3548760 0.1553944 0.5741740
1413394893.855761 -1.3873391 -0.7019597 1.0192053 -0.7072103 -0.3555223 0.1607959 0.5895780
1413394893.905761 -1.4829692 -0.8033162 1.1191878 -0.7181092 -0.3485501 0.1514956 0.5829933
1413394894.055760 -1.6267049 -0.9171854 1.0703497 -0.7117552 -0.3421243 0.1737643 0.5883548
1413394895.805760 -2.6108522 -2.9462514 0.6661627 -0.6837682 -0.4502466 0.2992853 0.4900688
1413394896.655761 -2.9662962 -3.6668088 0.6935657 -0.7190065 -0.3933577 0.3872244 0.4223229
1413394896.805760 -3.0058711 -3.6959326 0.6489704 -0.7287893 -0.3702039 0.4130844 0.4014680
1413394896.955760 -3.0208008 -3.6563485 0.5979411 -0.7287824 -0.3548394 0.4268653 0.4009381
1413394897.105761 -2.9999602 -3.5384831 0.5592856 -0.7317535 -0.3504757 0.4302874 0.3956720
1413394898.155761 -2.4177670 -1.7886926 0.6046535 -0.6616288 -0.4511151 0.3104804 0.5121956
1413394898.555760 -2.1453221 -1.2930809 0.6851397 -0.6173465 -0.5135751 0.2850261 0.5233393
1413394898.955760 -1.9326811 -1.1030284 0.8069491 -0.5940216 -0.5731772 0.2767890 0.4919290
1413394899.255760 -1.8828511 -1.1632905 0.8825307 -0.6047489 -0.5848733 0.2631738 0.4721668
1413394899.555760 -1.9502988 -1.3739744 0.8700103 -0.6187363 -0.5630633 0.3216462 0.4434737
1413394899.655761 -1.9914324 -1.4639509 0.8437606 -0.6098186 -0.5720192 0.3389055 0.4313450
1413394899.755760 -2.0409212 -1.5596820 0.8208032 -0.5941409 -0.5889710 0.3532015 0.4187583
1413394899.855761 -2.0984771 -1.6608403 0.8033679 -0.5706465 -0.6064727 0.3726770 0.4094696
1413394899.955760 -2.1620765 -1.7673349 0.7918968 -0.5472579 -0.6193241 0.3989540 0.3972180
1413394900.305760 -2.3950682 -2.1437426 0.8332983 -0.4664863 -0.6500549 0.4831617 0.3554912
1413394900.355761 -2.4273100 -2.1949604 0.8353744 -0.4543336 -0.6547022 0.4905334 0.3525947
1413394900.505760 -2.5146821 -2.3427281 0.8278143 -0.4115793 -0.6794258 0.4945034 0.3527740
1413394900.755760 -2.6181221 -2.5980947 0.7960119 -0.3396055 -0.7181180 0.4909571 0.3576812
1413394900.905761 -2.6338367 -2.7814095 0.8047898 -0.3053159 -0.7376949 0.4989842 0.3370509
1413394901.005760 -2.6232262 -2.9208350 0.8338504 -0.2790205 -0.7475103 0.5104967 0.3205761
1413394901.055760 -2.6116812 -2.9951239 0.8522274 -0.2658544 -0.7517117 0.5170351 0.3113289
1413394901.255760 -2.5248575 -3.3004699 0.9186556 -0.2246816 -0.7548972 0.5617892 0.2530638
1413394901.355761 -2.4641783 -3.4483409 0.9416840 -0.2145337 -0.7518624 0.5866002 0.2111358
1413394901.455760 -2.3962426 -3.5892181 0.9591167 -0.2042475 -0.7439163 0.6123980 0.1727432
1413394901.555760 -2.3248675 -3.7165189 0.9650364 -0.1905311 -0.7408422 0.6276509 0.1445862
1413394901.805760 -2.1380398 -3.9666967 0.9322245 -0.1185328 -0.7765678 0.6086128 0.1117269
1413394902.255760 -1.7220668 -4.2420368 0.9144738 0.0368720 -0.7817964 0.6216334 0.0317314
1413394902.455760 -1.4995892 -4.3014135 0.8992643 0.0800272 -0.7629052 0.6414826 -0.0084587
1413394902.555760 -1.3823659 -4.3072438 0.8925292 0.0792685 -0.7620515 0.6408686 -0.0477655
1413394902.605761 -1.3248327 -4.3040957 0.8904719 0.0745668 -0.7637863 0.6374609 -0.0686576
1413394902.805760 -1.1250560 -4.2657595 0.8860593 0.0519155 -0.7793185 0.6111659 -0.1282332
1413394902.905761 -1.0529213 -4.2378011 0.8835688 0.0518586 -0.7892136 0.5983519 -0.1281702
1413394903.055760 -0.9776261 -4.1927414 0.8666530 0.0524828 -0.8003495 0.5869121 -0.1105462
1413394903.255760 -0.9242321 -4.1303520 0.8025489 0.0232197 -0.8304037 0.5488518 -0.0930175
1413394903.755760 -0.9703563 -4.0978966 0.6947589 -0.0076307 -0.8104935 0.5856860 0.0037342
1413394904.555760 -1.1307329 -4.1333179 0.6793327 -0.1799970 -0.8230597 0.5250856 0.1202453
1413394904.705760 -1.1877503 -4.1839099 0.6603591 -0.2316381 -0.7925196 0.5391933 0.1659127
1413394904.805760 -1.2291793 -4.2238221 0.6370740 -0.2627200 -0.7731114 0.5428037 0.1965734
1413394905.605761 -1.3384140 -4.3310294 0.6103761 -0.4985463 -0.7344162 0.3887000 0.2469753
1413394905.705760 -1.4495749 -4.3639030 0.6194986 -0.4786137 -0.7246984 0.4076881 0.2820136
1413394906.505760 -1.8331246 -4.4230404 0.7212530 -0.4904383 -0.6631381 0.4688818 0.3160191
1413394906.605761 -1.8287368 -4.3735943 0.6883239 -0.5173194 -0.6797078 0.4119935 0.3172370
1413394906.705760 -1.8408339 -4.3290176 0.6521341 -0.5325591 -0.6727189 0.3867285 0.3380402
1413394906.805760 -1.8497033 -4.2878790 0.6606521 -0.5330300 -0.6369264 0.4010061 0.3865204
1413394906.955760 -1.8474393 -4.2268333 0.7115968 -0.5022295 -0.5685636 0.4572769 0.4641108
1413394907.055760 -1.8105690 -4.1832733 0.7567414 -0.4780860 -0.5281129 0.4884404 0.5039411
1413394907.155761 -1.7405050 -4.1479440 0.8011694 -0.4769169 -0.4997707 0.5126945 0.5098273
1413394907.655761 -1.1529498 -3.8988285 0.9882528 -0.6832040 -0.5486786 0.3877929 0.2860083
1413394907.705760 -1.1099668 -3.8563685 0.9921021 -0.6832638 -0.5477382 0.3771862 0.3014364
1413394907.805760 -1.0445611 -3.7562482 1.0002627 -0.6537526 -0.5428195 0.3717172 0.3738731
1413394907.855761 -1.0174968 -3.7034383 1.0019695 -0.6313291 -0.5359662 0.3766415 0.4150963
1413394907.955760 -0.9577231 -3.6010799 1.0196131 -0.5843942 -0.5124738 0.3989244 0.4865320
1413394908.005760 -0.9223928 -3.5530503 1.0295361 -0.5677229 -0.5034660 0.4073602 0.5082031
1413394908.055760 -0.8830976 -3.5086803 1.0348456 -0.5563707 -0.4952382 0.4151029 0.5223794
1413394908.105761 -0.8389020 -3.4684091 1.0320129 -0.5563726 -0.4971623 0.4126949 0.5224577
1413394908.155761 -0.7903485 -3.4311206 1.0254582 -0.5658253 -0.5060006 0.4028558 0.5113828
1413394908.205760 -0.7416654 -3.3966689 1.0111116 -0.5794013 -0.5171343 0.3926277 0.4926559
1413394908.255760 -0.6910908 -3.3638344 0.9987206 -0.5937881 -0.5349579 0.3700571 0.4735963
1413394908.305760 -0.6278355 -3.3324921 1.0065556 -0.6052660 -0.5508860 0.3520761 0.4541146
1413394908.355761 -0.5583060 -3.3023212 1.0153035 -0.6180509 -0.5635541 0.3363911 0.4327366
1413394908.405761 -0.4916222 -3.2732723 1.0285017 -0.6296444 -0.5724162 0.3249574 0.4126626
1413394908.455760 -0.4296021 -3.2444949 1.0476602 -0.6405827 -0.5775338 0.3187002 0.3931139
1413394908.505760 -0.3737061 -3.2150283 1.0732468 -0.6489177 -0.5800734 0.3166771 0.3770097
1413394908.555760 -0.3245869 -3.1847267 1.1056542 -0.6494173 -0.5799485 0.3208685 0.3727738
1413394908.605761 -0.2840819 -3.1526003 1.1452879 -0.6376903 -0.5775256 0.3307304 0.3878566
1413394908.655761 -0.2480769 -3.1205273 1.1902945 -0.6197774 -0.5712507 0.3467105 0.4115099
1413394908.705760 -0.2123859 -3.0870838 1.2441347 -0.6011491 -0.5581193 0.3703711 0.4358301
1413394908.755760 -0.1747363 -3.0511472 1.3057189 -0.5791548 -0.5441141 0.3928869 0.4627736
1413394908.805760 -0.1339695 -3.0131288 1.3673069 -0.5613843 -0.5314643 0.4143084 0.4803560
1413394908.855761 -0.0906113 -2.9715571 1.4260838 -0.5430357 -0.5180796 0.4328818 0.4993186
1413394908.905761 -0.0407858 -2.9319408 1.4867220 -0.5295129 -0.5055045 0.4506079 0.5109146
1413394908.955760 0.0156727 -2.8977222 1.5524870 -0.5139650 -0.4914130 0.4726025 0.5205768
1413394909.005760 0.0794561 -2.8706651 1.6222931 -0.5107978 -0.4824092 0.4868564 0.5189778
1413394909.055760 0.1507061 -2.8431845 1.6892844 -0.5177952 -0.4819227 0.4933481 0.5062077
1413394909.205760 0.4007767 -2.7525904 1.8776826 -0.5703665 -0.5154456 0.4598089 0.4444926
1413394909.305760 0.5838314 -2.6837163 1.9795964 -0.6053006 -0.5329527 0.4183794 0.4177695
1413394909.355761 0.6704607 -2.6463802 2.0143518 -0.6242424 -0.5345109 0.4047821 0.4009627
1413394909.405761 0.7547590 -2.6038406 2.0470490 -0.6396233 -0.5303057 0.3947947 0.3921671
1413394909.455760 0.8360212 -2.5558724 2.0691736 -0.6517283 -0.5213729 0.3884945 0.3905030
1413394909.805760 1.3585695 -2.0847988 2.1091084 -0.6317577 -0.4048478 0.4246789 0.5065849
1413394909.855761 1.4341085 -1.9975079 2.1080117 -0.6169778 -0.3934393 0.4280931 0.5303586
1413394909.905761 1.5155786 -1.9099448 2.1036258 -0.6065437 -0.3853127 0.4297173 0.5467925
1413394909.955760 1.6027497 -1.8225596 2.0930719 -0.6026543 -0.3857652 0.4238802 0.5552645
1413394910.055760 1.7912970 -1.6711314 2.0782981 -0.6257772 -0.4131106 0.3857510 0.5375302
1413394910.105761 1.8910805 -1.6017334 2.0717261 -0.6398135 -0.4279452 0.3684888 0.5212653
1413394910.155761 1.9932187 -1.5331447 2.0622063 -0.6546357 -0.4412475 0.3533645 0.5018828
1413394910.205760 2.0989082 -1.4656876 2.0548103 -0.6678687 -0.4516012 0.3424316 0.4824400
1413394910.255760 2.2079420 -1.3989167 2.0518742 -0.6813442 -0.4618883 0.3310374 0.4613498
1413394910.305760 2.3161044 -1.3313922 2.0470791 -0.6923392 -0.4704043 0.3213769 0.4428353
1413394910.405761 2.4984121 -1.1942033 2.0118201 -0.7057804 -0.4787782 0.3139041 0.4172647
1413394910.455760 2.5774815 -1.1231036 1.9853003 -0.7094674 -0.4823317 0.3102672 0.4095686
1413394910.505760 2.6457956 -1.0485598 1.9617896 -0.7017465 -0.4817262 0.3154621 0.4194942
1413394910.555760 2.7028306 -0.9701821 1.9433300 -0.6901227 -0.4768553 0.3252964 0.4364882
1413394910.655761 2.8229637 -0.8053463 1.9447610 -0.6508898 -0.4555633 0.3590881 0.4897555
1413394910.805760 3.0172091 -0.5638747 1.9667915 -0.5956437 -0.4102809 0.4200567 0.5481154
1413394910.905761 3.1577430 -0.4191067 1.9493109 -0.5796491 -0.3909295 0.4446643 0.5598702
1413394911.055760 3.4354429 -0.2016504 1.8957527 -0.5884852 -0.3905061 0.4589249 0.5390530
1413394911.105761 3.5460494 -0.1284850 1.8692524 -0.6006787 -0.4070892 0.4419484 0.5273947
1413394911.155761 3.6641579 -0.0548289 1.8397348 -0.6176095 -0.4276619 0.4190697 0.5099454
1413394911.205760 3.7876525 0.0194187 1.8091629 -0.6338076 -0.4482392 0.3942885 0.4918396
1413394911.305760 4.0420828 0.1658058 1.7629557 -0.6633313 -0.4771814 0.3551345 0.4540582
1413394911.355761 4.1691980 0.2401083 1.7409911 -0.6739544 -0.4869603 0.3383149 0.4406793
1413394911.455760 4.4109387 0.3907229 1.7073891 -0.6880620 -0.4916615 0.3259366 0.4226169
1413394911.505760 4.4982967 0.4538268 1.6687586 -0.6925164 -0.4939327 0.3170078 0.4194730
1413394911.555760 4.5602536 0.5061460 1.6300929 -0.6917923 -0.4902688 0.3177006 0.4244128
1413394911.605761 4.6187458 0.5600966 1.5916369 -0.6864744 -0.4815961 0.3248589 0.4373611
1413394911.655761 4.6770430 0.6132944 1.5604358 -0.6776087 -0.4679301 0.3339552 0.4586522
1413394911.755760 4.8019900 0.7116702 1.5228479 -0.6460521 -0.4338068 0.3664059 0.5100736
1413394911.805760 4.8663001 0.7596264 1.5114439 -0.6288478 -0.4088363 0.3799286 0.5413480
1413394911.955760 5.1040168 0.8717036 1.5411365 -0.6111625 -0.3961881 0.3922374 0.5618410
1413394912.005760 5.1944451 0.9082968 1.5481892 -0.6208484 -0.4015053 0.3839954 0.5530717
1413394912.055760 5.2901349 0.9433739 1.5565650 -0.6369335 -0.4118627 0.3708258 0.5358853
1413394912.105761 5.3909340 0.9770067 1.5661922 -0.6561874 -0.4238974 0.3546953 0.5137318
1413394912.205760 5.5973759 1.0533586 1.5864439 -0.6878584 -0.4433299 0.3190199 0.4780542
1413394912.255760 5.7059236 1.1011832 1.5940645 -0.7001307 -0.4459500 0.3049940 0.4668236
1413394912.355761 5.9139304 1.2129933 1.5947037 -0.7125008 -0.4396160 0.2884480 0.4646269
1413394912.405761 6.0162401 1.2831644 1.5865514 -0.7215437 -0.4307894 0.2826817 0.4624784
1413394912.505760 6.2122641 1.4300923 1.5758789 -0.7344538 -0.4049446 0.2787337 0.4678730
1413394912.555760 6.3074770 1.5067952 1.5732057 -0.7373127 -0.3873807 0.2824779 0.4759332
1413394912.605761 6.4014235 1.5841386 1.5718217 -0.7368034 -0.3701794 0.2886255 0.4866038
1413394912.655761 6.4941211 1.6621389 1.5722651 -0.7358679 -0.3505442 0.2947659 0.4987288
1413394912.705760 6.5873289 1.7368245 1.5753345 -0.7378123 -0.3341111 0.2959338 0.5063851
1413394912.755760 6.6745024 1.8067832 1.5757885 -0.7365279 -0.3151693 0.2989722 0.5184695
1413394912.805760 6.7491479 1.8691812 1.5711603 -0.7378041 -0.3046347 0.3029642 0.5206300
1413394912.855761 6.8180604 1.9213107 1.5756481 -0.7391524 -0.2955602 0.3034892 0.5236337
1413394912.905761 6.8893538 1.9734843 1.5793573 -0.7399932 -0.2902274 0.3008215 0.5269579
1413394912.955760 6.9634800 2.0260787 1.5815746 -0.7406114 -0.2904305 0.2922003 0.5308143
1413394913.055760 7.1182990 2.1370673 1.5684373 -0.7335256 -0.2924281 0.2734483 0.5492285
1413394913.105761 7.1995215 2.1930418 1.5580264 -0.7323411 -0.2942942 0.2667860 0.5530757
1413394913.155761 7.2828078 2.2482533 1.5474106 -0.7307682 -0.2970302 0.2631211 0.5554442
1413394913.205760 7.3646340 2.3015959 1.5411410 -0.7251229 -0.2994561 0.2665061 0.5599083
1413394913.305760 7.5228233 2.4034359 1.5387757 -0.7141443 -0.3084423 0.2717315 0.5665891
1413394913.355761 7.6034822 2.4547434 1.5328887 -0.7053153 -0.3165951 0.2798922 0.5691733
1413394913.405761 7.6868258 2.5038459 1.5256817 -0.6966420 -0.3279851 0.2878172 0.5694533
1413394913.455760 7.7751303 2.5540380 1.5119723 -0.6856849 -0.3402802 0.2920729 0.5733576
1413394913.505760 7.8710413 2.6059136 1.4897025 -0.6745033 -0.3567070 0.2990888 0.5730194
1413394913.555760 7.9700222 2.6554081 1.4636765 -0.6619974 -0.3758728 0.3037236 0.5729145
1413394913.605761 8.0704298 2.7029855 1.4298444 -0.6515662 -0.4033831 0.2976568 0.5693365
1413394913.655761 8.1698561 2.7484956 1.3883605 -0.6380692 -0.4247397 0.3014905 0.5670692
1413394913.705760 8.2715845 2.7902484 1.3430896 -0.6273391 -0.4456736 0.3064708 0.5602645
1413394913.755760 8.3737850 2.8318205 1.2837224 -0.6176302 -0.4689966 0.3088190 0.5506414
1413394913.805760 8.4748611 2.8743849 1.2073627 -0.6100011 -0.4869627 0.3188830 0.5376612
1413394913.855761 8.5774298 2.9133244 1.1279416 -0.6039236 -0.5022235 0.3317654 0.5224745
1413394913.955760 8.7862186 2.9824078 0.9624009 -0.5904844 -0.5269395 0.3616807 0.4927982
1413394914.005760 8.8929510 3.0136447 0.8764658 -0.5820181 -0.5374429 0.3765938 0.4801949
1413394914.055760 9.0012875 3.0433311 0.7883940 -0.5717357 -0.5483893 0.3892410 0.4699777
1413394914.105761 9.1116047 3.0714207 0.6999125 -0.5590317 -0.5599954 0.4003930 0.4621408
1413394914.155761 9.2241631 3.0982480 0.6129074 -0.5444531 -0.5729262 0.4083054 0.4567419
1413394914.205760 9.3389702 3.1233926 0.5290813 -0.5277376 -0.5860568 0.4152968 0.4533863
1413394914.255760 9.4563560 3.1464021 0.4485350 -0.5113866 -0.5999196 0.4201830 0.4494735
1413394914.305760 9.5766087 3.1668103 0.3722277 -0.4946590 -0.6122136 0.4268986 0.4452691
1413394914.355761 9.6995020 3.1845884 0.2989111 -0.4782558 -0.6246274 0.4317490 0.4412537
1413394914.405761 9.8276367 3.1959860 0.2354078 -0.4605454 -0.6373404 0.4362933 0.4374281
1413394914.455760 9.9613676 3.2008872 0.1803675 -0.4460472 -0.6479267 0.4416528 0.4314808
1413394914.505760 10.0973549 3.2024293 0.1287851 -0.4312966 -0.6569937 0.4468455 0.4274010
1413394914.555760 10.2369146 3.2004542 0.0786676 -0.4221025 -0.6648896 0.4524044 0.4184277
1413394914.605761 10.3797274 3.1954403 0.0282431 -0.4161503 -0.6687435 0.4617225 0.4079382
1413394914.655761 10.5243158 3.1886115 -0.0289164 -0.4119645 -0.6721970 0.4703103 0.3965410
1413394914.705760 10.6681738 3.1810384 -0.0998774 -0.4067500 -0.6755108 0.4778861 0.3871233
1413394914.755760 10.8145237 3.1714973 -0.1738472 -0.4026822 -0.6784704 0.4855878 0.3764696
1413394914.805760 10.9637470 3.1607795 -0.2510223 -0.3967221 -0.6819370 0.4918629 0.3682993
1413394914.855761 11.1150646 3.1488705 -0.3315010 -0.3902049 -0.6863927 0.4957772 0.3616768
1413394914.905761 11.2688169 3.1361856 -0.4154158 -0.3805902 -0.6908905 0.4986405 0.3594149
1413394914.955760 11.4256248 3.1226184 -0.5035200 -0.3700687 -0.6953067 0.5015395 0.3578490
1413394915.005760 11.5855436 3.1079133 -0.5957270 -0.3577393 -0.7001159 0.5035488 0.3581885
1413394915.055760 11.7499819 3.0916128 -0.6905327 -0.3422627 -0.7051156 0.5058687 0.3602294
1413394915.105761 11.9189863 3.0732203 -0.7863464 -0.3259542 -0.7106522 0.5082697 0.3610945
1413394915.155761 12.0926552 3.0368037 -0.8550072 -0.3081294 -0.7218372 0.5020354 0.3632738
1413394915.205760 12.2714691 2.9802566 -0.8933010 -0.2901945 -0.7296764 0.5019399 0.3625134
1413394915.255760 12.4556913 2.9171727 -0.9280710 -0.2716768 -0.7393892 0.4997062 0.3602626
1413394915.305760 12.6383219 2.8407986 -0.9659634 -0.2519622 -0.7442316 0.5004612 0.3635562
1413394915.355761 12.8181944 2.7509859 -1.0133648 -0.2345257 -0.7511714 0.5013700 0.3596765
1413394915.405761 13.0033579 2.6539707 -1.0543528 -0.2173969 -0.7581581 0.5006516 0.3567671
1413394915.455760 13.1880379 2.5440302 -1.0905104 -0.2008602 -0.7610770 0.5060305 0.3526331
1413394915.505760 13.3727226 2.4211435 -1.1348286 -0.1849151 -0.7651941 0.5112132 0.3448848
1413394915.555760 13.5657711 2.2937081 -1.1787949 -0.1709720 -0.7676860 0.5211962 0.3313326
1413394915.605761 13.7672997 2.1625204 -1.2228479 -0.1604370 -0.7688139 0.5353487 0.3107845
1413394915.655761 13.9766235 2.0290916 -1.2677135 -0.1521039 -0.7698491 0.5500956 0.2856425
1413394915.705760 14.1930437 1.8947160 -1.3134289 -0.1422089 -0.7708423 0.5641193 0.2595154
1413394915.755760 14.4154520 1.7604029 -1.3603306 -0.1302587 -0.7724516 0.5755153 0.2348047
1413394915.805760 14.6431561 1.6267366 -1.4069214 -0.1139166 -0.7715885 0.5874894 0.2157091
1413394915.855761 14.8763037 1.4944420 -1.4534588 -0.0962629 -0.7697174 0.5992742 0.1978361
1413394915.905761 15.1141195 1.3638287 -1.5001984 -0.0779423 -0.7684796 0.6083953 0.1822615
1413394915.955760 15.3562231 1.2353251 -1.5474463 -0.0600723 -0.7683986 0.6145028 0.1683488
1413394916.005760 15.6028347 1.1090951 -1.5949659 -0.0446849 -0.7695177 0.6184001 0.1530593
1413394916.055760 15.8535929 0.9855576 -1.6426039 -0.0298526 -0.7709916 0.6206124 0.1397181
1413394916.105761 16.1087036 0.8645668 -1.6894913 -0.0178529 -0.7713357 0.6236706 0.1255286
1413394916.155761 16.3675842 0.7469923 -1.7370296 -0.0062308 -0.7757857 0.6205623 0.1141056
1413394916.205760 16.6302376 0.6322050 -1.7859750 0.0036317 -0.7851639 0.6107209 0.1025890
1413394916.255760 16.8965073 0.5192685 -1.8347492 0.0135248 -0.7943927 0.6001608 0.0925443
1413394916.305760 17.1662178 0.4078383 -1.8839860 0.0239316 -0.8046423 0.5878144 0.0803268
1413394916.355761 17.4391003 0.2969210 -1.9336076 0.0309565 -0.8124838 0.5786235 0.0640827
1413394916.405761 17.7145786 0.1863526 -1.9849322 0.0357219 -0.8193821 0.5704328 0.0440834
1413394916.455760 17.9856377 0.0791916 -2.0408580 0.0379110 -0.8250484 0.5635526 0.0163226
1413394916.505760 18.2502766 -0.0255368 -2.1021271 0.0402176 -0.8292586 0.5573465 -0.0088071
1413394916.555760 18.5139065 -0.1314876 -2.1657891 0.0410151 -0.8295612 0.5557258 -0.0362584
1413394916.605761 18.7764149 -0.2389772 -2.2319112 0.0406970 -0.8273829 0.5562264 -0.0662830
1413394916.655761 19.0367889 -0.3479490 -2.3012242 0.0436240 -0.8241373 0.5568336 -0.0939742
1413394916.705760 19.2941742 -0.4575062 -2.3753757 0.0537976 -0.8240058 0.5522523 -0.1146197
1413394916.755760 19.5479546 -0.5685368 -2.4529543 0.0718853 -0.8239803 0.5473983 -0.1274524
1413394916.855761 20.0452881 -0.7962017 -2.6171436 0.1173944 -0.8269681 0.5311509 -0.1422006
1413394916.955760 20.5323906 -1.0329671 -2.7944956 0.1676790 -0.8297770 0.5111993 -0.1484227
1413394917.055760 21.0154629 -1.2823776 -2.9787979 0.2292312 -0.8223299 0.5010959 -0.1418785
1413394917.155761 21.5050850 -1.5420574 -3.1633034 0.2847205 -0.8138532 0.4855694 -0.1442202
1413394917.255760 22.0080624 -1.8121464 -3.3477325 0.3356035 -0.8029079 0.4702850 -0.1467693
1413394917.355761 22.5315208 -2.0917988 -3.5303478 0.3720664 -0.7923350 0.4579720 -0.1550269
1413394917.455760 23.0782394 -2.3804951 -3.7134171 0.3937268 -0.7847908 0.4490283 -0.1656989
1413394917.755760 24.8847313 -3.2979760 -4.2635288 0.4290242 -0.7490754 0.4781874 -0.1617445
1413394917.855761 25.5522194 -3.6059680 -4.4319248 0.4400568 -0.7366065 0.4917871 -0.1480076
1413394918.055760 26.9766312 -4.1890707 -4.7617874 0.4632958 -0.7225140 0.4916128 -0.1471306
1413394918.155761 27.7306385 -4.4599204 -4.9358559 0.4593744 -0.7295226 0.4740688 -0.1789711
1413394918.255760 28.5089893 -4.7221293 -5.1099834 0.4557486 -0.7347425 0.4541785 -0.2148688
1413394918.355761 29.3080177 -4.9819298 -5.2839775 0.4490569 -0.7453806 0.4236782 -0.2515005
1413394918.455760 30.1241379 -5.2497740 -5.4584427 0.4462968 -0.7484663 0.4003659 -0.2834158
1413394918.555760 30.9547424 -5.5329494 -5.6347580 0.4568944 -0.7392489 0.3905813 -0.3036525
1413394918.655761 31.7986469 -5.8318739 -5.8134918 0.4806484 -0.7219966 0.3882149 -0.3114278
1413394918.755760 32.6557274 -6.1438932 -5.9936333 0.5096709 -0.6988305 0.3933367 -0.3117014
1413394918.855761 33.5274887 -6.4650126 -6.1719093 0.5341794 -0.6718096 0.4067363 -0.3128735
1413394918.955760 34.4150696 -6.7892962 -6.3411331 0.5481429 -0.6441319 0.4247676 -0.3228094
1413394919.055760 35.3140945 -7.1096683 -6.4949913 0.5522014 -0.6262619 0.4278153 -0.3461843
1413394919.155761 36.2175903 -7.4266319 -6.6338730 0.5557927 -0.6111081 0.4226348 -0.3728555
1413394919.255760 37.1215515 -7.7423449 -6.7576942 0.5633957 -0.5926214 0.4153482 -0.3985864
1413394919.355761 38.0235634 -8.0587807 -6.8756065 -0.5781476 0.5655402 -0.4141472 0.4176024
1413394919.455760 38.9216843 -8.3754435 -6.9924812 -0.6003591 0.5332525 -0.4174178 0.4254095
1413394919.555760 39.8134384 -8.6875744 -7.1119385 -0.6316791 0.5113317 -0.4045763 0.4193321
1413394919.655761 40.7002754 -8.9916344 -7.2379875 -0.6589540 0.5060673 -0.3688295 0.4167017
1413394919.755760 41.5904579 -9.2882891 -7.3724327 -0.6775669 0.5078346 -0.3229027 0.4227776
1413394919.855761 42.4914703 -9.5812111 -7.5169296 -0.6923972 0.5089982 -0.2762369 0.4303490
1413394919.955760 43.4086227 -9.8737803 -7.6739750 -0.7093806 0.4965225 -0.2413462 0.4381742
1413394920.055760 44.3440323 -10.1675806 -7.8442154 -0.7283208 0.4730422 -0.2124603 0.4479292
1413394920.155761 45.2988129 -10.4622383 -8.0296993 -0.7469722 0.4450760 -0.1858352 0.4576083
1413394920.255760 46.2742157 -10.7573099 -8.2315121 -0.7656765 0.4120930 -0.1656936 0.4652574
1413394920.355761 47.2713966 -11.0512371 -8.4461689 -0.7789761 0.3724256 -0.1601514 0.4783794
1413394920.455760 48.2877617 -11.3419781 -8.6659021 -0.7859186 0.3363290 -0.1617711 0.4929959
1413394920.555760 49.3192406 -11.6291065 -8.8863287 -0.7911547 0.3005000 -0.1675628 0.5056646
1413394920.655761 50.3618736 -11.9116259 -9.1058474 -0.7957047 0.2714796 -0.1782971 0.5112368
1413394920.755760 51.4095650 -12.1876583 -9.3227329 -0.7998219 0.2542344 -0.1844628 0.5114913
1413394920.855761 52.4580154 -12.4567480 -9.5386791 -0.8021759 0.2546390 -0.1755093 0.5107536
1413394920.955760 53.5095329 -12.7189102 -9.7605972 -0.8019413 0.2600757 -0.1674092 0.5111017
1413394921.055760 54.5664673 -12.9732304 -9.9902382 -0.7994772 0.2753989 -0.1533884 0.5113351
1413394921.155761 55.6312485 -13.2235079 -10.2262640 -0.7877461 0.2947811 -0.1390984 0.5226967
1413394921.255760 56.7073975 -13.4733429 -10.4728851 -0.7749914 0.3168157 -0.1227004 0.5328797
1413394921.355761 57.7976112 -13.7270184 -10.7320004 -0.7622781 0.3517053 -0.0881676 0.5361547
1413394921.555760 60.0547638 -14.2636395 -11.2943497 -0.7539681 0.3894939 -0.0603211 0.5255359
1413394921.655761 61.2321281 -14.5512304 -11.5940933 -0.7614858 0.3699505 -0.1025203 0.5222696
1413394921.755760 62.4344177 -14.8472567 -11.8960915 -0.7651752 0.3445276 -0.1481540 0.5233144
1413394921.855761 63.6509285 -15.1464844 -12.1930580 -0.7608244 0.3236895 -0.1735260 0.5350328
1413394921.955760 64.8745041 -15.4474993 -12.4799137 -0.7451619 0.3113478 -0.1679466 0.5653232
1413394922.055760 66.1037827 -15.7594461 -12.7547426 -0.7338021 0.3012025 -0.1439124 0.5916931
1413394922.155761 67.3413696 -16.0901070 -13.0162983 -0.7368553 0.2782959 -0.1224836 0.6038158
1413394922.255760 68.5875702 -16.4424229 -13.2691078 -0.7567411 0.2491408 -0.1050532 0.5951769
1413394922.355761 69.8472061 -16.8100815 -13.5080843 -0.7804494 0.2143096 -0.1015583 0.5784947
1413394922.455760 71.1193085 -17.1841183 -13.7273302 -0.7931128 0.1869297 -0.1018738 0.5706586
1413394922.555760 72.3994598 -17.5604095 -13.9248562 -0.7965683 0.1771658 -0.0877093 0.5713127
1413394922.655761 73.6877365 -17.9396420 -14.1141148 -0.7952074 0.1812309 -0.0633696 0.5751391
1413394922.755760 74.9877701 -18.3228130 -14.3069630 -0.7974169 0.1854921 -0.0458121 0.5723811
1413394922.855761 76.3031082 -18.7102356 -14.5026731 -0.8018953 0.1878564 -0.0359974 0.5660195
1413394922.955760 77.6352386 -19.1006527 -14.7014236 -0.8057904 0.1880397 -0.0339599 0.5605262
1413394923.055760 78.9832153 -19.4916992 -14.9089890 -0.8099250 0.1887955 -0.0323848 0.5543727
1413394923.155761 80.3467407 -19.8824501 -15.1300888 -0.8112687 0.1868153 -0.0375840 0.5527483
1413394923.255760 81.7277069 -20.2718277 -15.3544054 -0.8043008 0.1762895 -0.0588826 0.5644070
1413394923.355761 83.1189728 -20.6632729 -15.5782528 -0.7982822 0.1727351 -0.0677162 0.5729944
1413394923.455760 84.5158005 -21.0595703 -15.8039465 -0.8017879 0.1743625 -0.0540406 0.5690462
1413394923.555760 85.9218674 -21.4591637 -16.0310802 -0.8092855 0.1673677 -0.0365206 0.5618820
1413394923.655761 87.3407059 -21.8591633 -16.2624321 -0.8112816 0.1468064 -0.0265844 0.5652994
1413394923.755760 88.7710724 -22.2594395 -16.5047188 -0.8075652 0.1168444 -0.0236604 0.5776038
1413394923.855761 90.2087860 -22.6626549 -16.7588615 -0.8024427 0.0867678 -0.0151666 0.5901923
1413394923.955760 91.6529007 -23.0712395 -17.0246944 -0.7972139 0.0578571 -0.0020420 0.6009146
1413394924.155761 94.5573425 -23.9138508 -17.5823498 -0.7876692 0.0065346 0.0414587 0.6146671
1413394924.255760 96.0202484 -24.3511925 -17.8606644 -0.7845546 -0.0136899 0.0766008 0.6151578
1413394924.355761 97.4950562 -24.7997246 -18.1386414 -0.7818843 -0.0346913 0.1128890 0.6121353
1413394924.455760 98.9863586 -25.2572594 -18.4185257 -0.7753349 -0.0632795 0.1349004 0.6137210
1413394924.555760 100.4939117 -25.7244263 -18.6997948 -0.7674459 -0.0931110 0.1529593 0.6155977
1413394924.655761 102.0170746 -26.2020187 -18.9831200 -0.7598590 -0.1302111 0.1633864 0.6156007
1413394924.755760 103.5543747 -26.6902332 -19.2664528 -0.7480047 -0.1676894 0.1727280 0.6184935
1413394924.855761 105.1040649 -27.1898689 -19.5488129 -0.7285995 -0.2040265 0.1772758 0.6293563
1413394924.955760 106.6647034 -27.7059288 -19.8316422 -0.7079718 -0.2361761 0.1774674 0.6414843
1413394925.005760 107.4487381 -27.9710102 -19.9730148 -0.6983948 -0.2482103 0.1770626 0.6475224
1413394925.055760 108.2351608 -28.2418575 -20.1152725 -0.6901206 -0.2599677 0.1721930 0.6530697
1413394925.105761 109.0233841 -28.5200062 -20.2592697 -0.6891958 -0.2696071 0.1713571 0.6503522
1413394925.205760 110.6034164 -29.0971813 -20.5469360 -0.6887683 -0.2912304 0.1703517 0.6416879
1413394925.255760 111.3949127 -29.3958549 -20.6912689 -0.6889922 -0.3018238 0.1698806 0.6366574
1413394925.305760 112.1867371 -29.7002735 -20.8366547 -0.6878911 -0.3113617 0.1689070 0.6335063
1413394925.355761 112.9787064 -30.0101204 -20.9839859 -0.6858320 -0.3192969 0.1679219 0.6320492
1413394925.405761 113.7705002 -30.3255386 -21.1338882 -0.6853276 -0.3230663 0.1712109 0.6297944
1413394925.505760 115.3535004 -30.9721756 -21.4422531 -0.6869177 -0.3227859 0.1848225 0.6243348
1413394925.555760 116.1451416 -31.3025665 -21.6006165 -0.6873850 -0.3215971 0.1917763 0.6223335
1413394925.605761 116.9376907 -31.6379623 -21.7624054 -0.6875486 -0.3216880 0.1979977 0.6201538
1413394925.655761 117.7313995 -31.9782906 -21.9270248 -0.6884990 -0.3203188 0.2053656 0.6174058
1413394925.855761 120.9235001 -33.3829269 -22.5934448 -0.7001788 -0.2980176 0.2517883 0.5979447
1413394925.905761 121.7286758 -33.7422943 -22.7615051 -0.7019264 -0.2957727 0.2583349 0.5942062
1413394926.155761 125.8073578 -35.5739326 -23.6135178 -0.6961596 -0.3167766 0.2531464 0.5923945
1413394926.205760 126.6328735 -35.9478531 -23.7862778 -0.6943029 -0.3235318 0.2474775 0.5933174
1413394926.255760 127.4606323 -36.3251648 -23.9589233 -0.6932886 -0.3277725 0.2454615 0.5930133
1413394926.305760 128.2908325 -36.7059593 -24.1315460 -0.6947268 -0.3289994 0.2477346 0.5896962
1413394926.455760 130.7950439 -37.8648376 -24.6521988 -0.7025186 -0.3303219 0.2566729 0.5757380
1413394926.555760 132.4750061 -38.6492691 -24.9996796 -0.7001714 -0.3353616 0.2691667 0.5699490
1413394926.605761 133.3184509 -39.0451889 -25.1735306 -0.6971074 -0.3401577 0.2798061 0.5657230
1413394926.655761 134.1586609 -39.4450264 -25.3507080 -0.6897992 -0.3451237 0.2943067 0.5643140
1413394926.755760 135.8318481 -40.2572174 -25.7172394 -0.6792898 -0.3566203 0.3319299 0.5488260
1413394926.855761 137.5228882 -41.0768242 -26.0527496 -0.6643688 -0.3674415 0.3750023 0.5319530
1413394926.905761 138.3766632 -41.4870758 -26.2160492 -0.6574581 -0.3760695 0.3914219 0.5225987
1413394926.955760 139.2357178 -41.8958321 -26.3818207 -0.6515025 -0.3849564 0.4053864 0.5128499
1413394927.155761 142.7485657 -43.4988518 -27.0406952 -0.6181667 -0.4367269 0.3972030 0.5190080
1413394927.605761 151.0382385 -47.1434708 -28.3186798 -0.5964351 -0.4818979 0.3623037 0.5298826
1413394927.655761 151.9808350 -47.5658073 -28.4494476 -0.5963139 -0.4814135 0.3641835 0.5291703
1413394927.705760 152.9271851 -47.9912453 -28.5810547 -0.5964810 -0.4830963 0.3643065 0.5273607
1413394927.755760 153.8766479 -48.4195862 -28.7126465 -0.5947664 -0.4831724 0.3667480 0.5275351
1413394927.805760 154.8291931 -48.8502235 -28.8471222 -0.5914302 -0.4851168 0.3659354 0.5300597
1413394927.905761 156.7411804 -49.7092285 -29.1470184 -0.5870261 -0.4844574 0.3708339 0.5321500
1413394928.005760 158.6646729 -50.5739021 -29.4703217 -0.5861094 -0.4852618 0.3724391 0.5313058
1413394928.055760 159.6317139 -51.0098114 -29.6372223 -0.5825096 -0.4859524 0.3715080 0.5352706
1413394928.155761 161.5708771 -51.8896866 -29.9882050 -0.5660636 -0.4856799 0.3665657 0.5561624
1413394928.205760 162.5375061 -52.3355865 -30.1841278 -0.5584549 -0.4838851 0.3669987 0.5650622
1413394928.255760 163.5086212 -52.7861023 -30.3818359 -0.5508954 -0.4827708 0.3667382 0.5735413
1413394928.505760 168.4948730 -55.1567307 -31.3300323 -0.5538507 -0.4674655 0.3902165 0.5678526
1413394928.555760 169.5220490 -55.6516037 -31.5063629 -0.5587022 -0.4652803 0.3939687 0.5622764
1413394928.605761 170.5554199 -56.1500473 -31.6840820 -0.5641111 -0.4638292 0.3962767 0.5564224
1413394928.655761 171.5945892 -56.6515427 -31.8625488 -0.5679196 -0.4623909 0.3980339 0.5524772
1413394928.755760 173.6897736 -57.6623154 -32.2234039 -0.5725070 -0.4613621 0.3972419 0.5491627
1413394928.855761 175.8062134 -58.6823730 -32.5934448 -0.5730482 -0.4624964 0.3917539 0.5515811
1413394928.955760 177.9405212 -59.7116470 -32.9770966 -0.5710207 -0.4649389 0.3837492 0.5572286
1413394929.005760 179.0150909 -60.2308617 -33.1741333 -0.5713242 -0.4649056 0.3822673 0.5579635
1413394929.105761 181.1797180 -61.2797775 -33.5753021 -0.5688156 -0.4611948 0.3860899 0.5609658
1413394929.255760 184.4587708 -62.8742905 -34.2085419 -0.5603496 -0.4490965 0.4014402 0.5684772
1413394929.305760 185.5615234 -63.4107666 -34.4299011 -0.5603995 -0.4447447 0.4086100 0.5667384
1413394929.705760 194.6600800 -67.7745209 -36.2761230 -0.5980287 -0.4600218 0.3909858 0.5271354
1413394929.755760 195.8151245 -68.3176727 -36.5308533 -0.5986469 -0.4628284 0.3860383 0.5276231
1413394929.805760 196.9735870 -68.8622437 -36.7873230 -0.5981328 -0.4643270 0.3826776 0.5293348
1413394929.855761 198.1290436 -69.4060593 -37.0527191 -0.5924481 -0.4616992 0.3836256 0.5372807
1413394929.905761 199.2792816 -69.9485092 -37.3289032 -0.5899830 -0.4600867 0.3847097 0.5405911
1413394929.955760 200.4338531 -70.4933472 -37.6079559 -0.5859349 -0.4571206 0.3875061 0.5454907
1413394930.005760 201.5929260 -71.0403671 -37.8904419 -0.5812570 -0.4541129 0.3901281 0.5511099
1413394930.055760 202.7575073 -71.5896912 -38.1768341 -0.5766648 -0.4515912 0.3922569 0.5564688
1413394930.105761 203.9253845 -72.1431503 -38.4654846 -0.5711364 -0.4498829 0.3910563 0.5643435
1413394930.155761 205.0961151 -72.7027359 -38.7527618 -0.5662919 -0.4467739 0.3932318 0.5701537
1413394930.205760 206.2732544 -73.2659454 -39.0408630 -0.5612063 -0.4443151 0.3952132 0.5757065
1413394930.255760 207.4612122 -73.8318100 -39.3288116 -0.5600720 -0.4381133 0.3979737 0.5796491
1413394930.305760 208.6635437 -74.4000092 -39.6176910 -0.5572580 -0.4322235 0.4064690 0.5808867
1413394930.355761 209.8734741 -74.9714050 -39.9082642 -0.5598156 -0.4288300 0.4124886 0.5766841
1413394930.405761 211.0942993 -75.5470581 -40.1905518 -0.5698354 -0.4305987 0.4145051 0.5639662
1413394930.455760 212.3226471 -76.1219025 -40.4757080 -0.5796177 -0.4366624 0.4100367 0.5524846
1413394930.505760 213.5506592 -76.6914291 -40.7873993 -0.5978456 -0.4456676 0.4010810 0.5320668
1413394932.905761 -1.7256436 -0.2004301 0.8848161 -0.3315298 -0.7252333 0.5396997 0.2699054
1413394933.055760 -1.6106652 -0.2712605 0.9118708 -0.3142299 -0.7555805 0.5251386 0.2336389
1413394933.305760 -1.4582895 -0.3470021 0.8877282 -0.2644905 -0.7755661 0.5395799 0.1933794
1413394933.555760 -1.3274894 -0.4128054 0.7860879 -0.2110073 -0.7838592 0.5606410 0.1634702
1413394933.805760 -1.1932065 -0.4573556 0.6904608 -0.1627704 -0.7775244 0.5924107 0.1342057
1413394934.055760 -1.0500264 -0.4706185 0.6071663 -0.1243445 -0.8003990 0.5773588 0.1027455
1413394934.305760 -0.9008022 -0.4790747 0.5408340 -0.0657618 -0.7960848 0.5984456 0.0615408
1413394934.555760 -0.7515298 -0.4692988 0.4116503 -0.0149366 -0.8117292 0.5837955 0.0074480
1413394934.805760 -0.6246234 -0.4563947 0.2808917 0.0156456 -0.8127729 0.5823203 -0.0076447
1413394935.055760 -0.5131434 -0.4420350 0.2441735 0.0178197 -0.8061134 0.5913399 -0.0134466
1413394935.505760 -0.3630420 -0.3807100 0.2116610 -0.0152194 -0.7902640 0.6123840 0.0153999
1413394935.705760 -0.3059961 -0.3155689 0.1508453 -0.0221011 -0.8023475 0.5957973 0.0278490
1413394935.955760 -0.2313386 -0.2200326 0.1366753 -0.0294871 -0.8034804 0.5935739 0.0349246
1413394936.005760 -0.2155277 -0.1988905 0.1326407 -0.0292046 -0.8071631 0.5885426 0.0353877
1413394936.055760 -0.1990438 -0.1764698 0.1246339 -0.0272493 -0.8139818 0.5792619 0.0338642
1413394936.105761 -0.1817841 -0.1535450 0.1133519 -0.0226518 -0.8218505 0.5684266 0.0306582
1413394936.205760 -0.1449242 -0.1098705 0.0856701 -0.0051779 -0.8312699 0.5555730 0.0173848
1413394936.255760 -0.1255634 -0.0902234 0.0706582 0.0088410 -0.8300617 0.5575294 0.0089697
1413394936.305760 -0.1054390 -0.0711850 0.0547843 0.0262188 -0.8264990 0.5623260 -0.0012032
1413394936.405761 -0.0628561 -0.0349678 0.0256591 0.0672531 -0.8140237 0.5762737 -0.0274046
1413394936.505760 -0.0182235 0.0010817 -0.0004419 0.1179372 -0.8016014 0.5836691 -0.0534464
1413394936.605761 0.0288277 0.0391054 -0.0224887 0.1698167 -0.7914706 0.5819927 -0.0775948
1413394936.705760 0.0792843 0.0795031 -0.0398226 0.2094282 -0.7861118 0.5715232 -0.1073741
1413394936.805760 0.1329153 0.1203462 -0.0527551 0.2425404 -0.7795842 0.5620347 -0.1324375
1413394936.905761 0.1900699 0.1621528 -0.0629187 0.2731379 -0.7727839 0.5523085 -0.1521711
1413394937.005760 0.2515488 0.2051288 -0.0725733 0.3046161 -0.7659552 0.5400254 -0.1699833
1413394937.105761 0.3185155 0.2484874 -0.0808443 0.3376384 -0.7574813 0.5262312 -0.1878916
1413394937.205760 0.3919386 0.2906607 -0.0881930 0.3675077 -0.7462583 0.5153149 -0.2061243
1413394937.255760 0.4309473 0.3112240 -0.0916744 0.3776928 -0.7434931 0.5074253 -0.2169924
1413394937.305760 0.4717647 0.3309307 -0.0950176 0.3851804 -0.7421451 0.4988500 -0.2280471
1413394937.355761 0.5145787 0.3490837 -0.0974804 0.3907169 -0.7401568 0.4927911 -0.2380446
1413394937.455760 0.6034472 0.3803450 -0.1026603 0.3977391 -0.7353962 0.4872487 -0.2521602
1413394937.555760 0.6971169 0.4045503 -0.1076490 0.4016876 -0.7307670 0.4867806 -0.2601371
1413394937.655761 0.7948081 0.4230346 -0.1126757 0.4015646 -0.7273346 0.4894755 -0.2648472
1413394937.755760 0.8958718 0.4365914 -0.1152664 0.3966577 -0.7259115 0.4928168 -0.2699014
1413394937.855761 0.9978432 0.4454074 -0.1164312 0.3879742 -0.7284616 0.4950734 -0.2715181
1413394937.955760 1.0999911 0.4476478 -0.1153860 0.3724827 -0.7375555 0.4939823 -0.2706473
1413394938.055760 1.2019353 0.4424333 -0.1081409 0.3533922 -0.7508267 0.4884292 -0.2698336
1413394938.155761 1.3027313 0.4269588 -0.0898267 0.3362773 -0.7632841 0.4822100 -0.2679336
1413394938.255760 1.4024978 0.3958939 -0.0571939 0.3209133 -0.7721424 0.4819898 -0.2617187
1413394938.355761 1.4988972 0.3479489 -0.0068413 0.3121357 -0.7724851 0.4964240 -0.2437239
1413394938.455760 1.5933298 0.2883089 0.0567545 0.2983038 -0.7703379 0.5143908 -0.2302094
1413394938.555760 1.6849006 0.2214289 0.1195472 0.2870956 -0.7702419 0.5298854 -0.2086265
1413394938.655761 1.7745291 0.1514352 0.1704997 0.2720074 -0.7780728 0.5358447 -0.1829895
1413394938.755760 1.8642507 0.0791824 0.2103590 0.2494807 -0.7901855 0.5363488 -0.1603004
1413394938.855761 1.9551752 0.0044828 0.2413300 0.2164281 -0.8037332 0.5349007 -0.1450974
1413394938.955760 2.0464745 -0.0747562 0.2642722 0.1670871 -0.8147422 0.5365091 -0.1429510
1413394939.055760 2.1318722 -0.1606399 0.2784754 0.1110010 -0.8194667 0.5440471 -0.1420068
1413394939.155761 2.2055302 -0.2528315 0.2819893 0.0613845 -0.8203453 0.5533242 -0.1307591
1413394939.255760 2.2647388 -0.3489216 0.2744456 0.0266810 -0.8210081 0.5604491 -0.1055022
1413394939.355761 2.3102038 -0.4471802 0.2589148 0.0043365 -0.8209149 0.5659730 -0.0758585
1413394939.455760 2.3430035 -0.5459177 0.2462042 0.0026227 -0.8209543 0.5697889 -0.0369848
1413394939.555760 2.3694818 -0.6451834 0.2493794 0.0078140 -0.8180296 0.5751072 -0.0042761
1413394939.655761 2.3970773 -0.7442769 0.2712446 -0.0052153 -0.8150743 0.5793273 -0.0025722
1413394939.855761 2.4403300 -0.9407506 0.3459210 -0.0619360 -0.8140032 0.5769854 -0.0255079
1413394939.955760 2.4449422 -1.0383970 0.3761326 -0.0716861 -0.8198141 0.5680649 -0.0082512
1413394940.055760 2.4390121 -1.1360186 0.3912274 -0.0677591 -0.8297991 0.5533091 0.0262925
1413394940.155761 2.4289584 -1.2371916 0.3978797 -0.0824701 -0.8319151 0.5469922 0.0437675
1413394940.255760 2.4152637 -1.3437659 0.3939328 -0.1070988 -0.8253137 0.5514134 0.0577101
1413394940.355761 2.3958931 -1.4558823 0.3795600 -0.1356207 -0.8142302 0.5594452 0.0752157
1413394940.455760 2.3717339 -1.5678179 0.3571915 -0.1670878 -0.8033237 0.5637318 0.0946526
1413394940.555760 2.3419297 -1.6775624 0.3334273 -0.1920972 -0.7940474 0.5634087 0.1231178
1413394940.655761 2.3083611 -1.7852819 0.3116995 -0.2064353 -0.7892198 0.5550698 0.1625242
1413394940.755760 2.2777212 -1.8929634 0.2981776 -0.2169567 -0.7860930 0.5450757 0.1946278
1413394940.855761 2.2557275 -2.0040646 0.3008743 -0.2307260 -0.7817664 0.5418985 0.2048245
1413394940.955760 2.2413366 -2.1188459 0.3205329 -0.2508918 -0.7773455 0.5432387 0.1941108
1413394941.055760 2.2277668 -2.2343764 0.3470193 -0.2776609 -0.7755057 0.5394497 0.1746123
1413394941.205760 2.1948354 -2.4038787 0.3889590 -0.3174045 -0.7735246 0.5276288 0.1500731
1413394941.305760 2.1565051 -2.5131691 0.4203745 -0.3307236 -0.7737687 0.5200549 0.1464471
1413394941.405761 2.1024265 -2.6193919 0.4531225 -0.3327934 -0.7785174 0.5099331 0.1520774
1413394941.505760 2.0317655 -2.7258101 0.4879157 -0.3140359 -0.7839968 0.5037370 0.1816030
1413394941.605761 1.9509068 -2.8361855 0.5248485 -0.2941967 -0.7871554 0.4988791 0.2120243
1413394941.705760 1.8662922 -2.9545176 0.5638699 -0.2879569 -0.7830327 0.4998423 0.2325904
1413394941.905761 1.7031207 -3.2162132 0.6456870 -0.3207746 -0.7580612 0.5236110 0.2197236
1413394942.005760 1.6224792 -3.3498640 0.6888517 -0.3546429 -0.7422411 0.5372419 0.1862198
1413394942.055760 1.5788796 -3.4140038 0.7111610 -0.3694782 -0.7350395 0.5423036 0.1706154
1413394942.155761 1.4808147 -3.5324278 0.7580743 -0.3987811 -0.7201553 0.5499420 0.1411169
1413394942.255760 1.3614123 -3.6312921 0.8089670 -0.4245772 -0.7065670 0.5520135 0.1256119
1413394942.355761 1.2171130 -3.7055154 0.8630258 -0.4473448 -0.6952676 0.5482145 0.1262794
1413394942.455760 1.0475855 -3.7540040 0.9183961 -0.4646682 -0.6853344 0.5414188 0.1458284
1413394942.505760 0.9542789 -3.7697437 0.9433615 -0.4729424 -0.6792706 0.5376898 0.1606443
1413394942.605761 0.7558975 -3.7861116 0.9811603 -0.4914250 -0.6639854 0.5299488 0.1917788
1413394942.705760 0.5451488 -3.7832575 1.0008935 -0.5084334 -0.6448503 0.5222636 0.2300094
1413394942.805760 0.3271492 -3.7617722 1.0020299 -0.5080051 -0.6283612 0.5098589 0.2951896
1413394942.905761 0.1106200 -3.7268162 0.9844416 -0.4943873 -0.6102147 0.4934352 0.3738194
1413394943.005760 -0.0938134 -3.6877885 0.9483683 -0.4843682 -0.5872086 0.4760350 0.4404136
1413394943.105761 -0.2792130 -3.6524668 0.8996394 -0.4885013 -0.5622812 0.4584717 0.4847784
1413394943.205760 -0.4413664 -3.6256535 0.8447382 -0.5017412 -0.5361516 0.4401325 0.5167984
1413394943.255760 -0.5138123 -3.6150837 0.8144979 -0.5099429 -0.5232725 0.4304522 0.5299576
1413394943.605761 -0.8014359 -3.6526794 0.6455199 -0.5922680 -0.4597347 0.3452588 0.5644988
1413394944.205760 -0.8341162 -4.0627956 0.4553909 -0.6871431 -0.4205872 0.3167379 0.5006174
1413394944.305760 -0.8203518 -4.1294284 0.4336040 -0.6950600 -0.4213085 0.3087483 0.4940296
1413394944.405761 -0.8075106 -4.1905999 0.4291792 -0.7058191 -0.4248093 0.2948229 0.4841858
1413394944.705760 -0.8014517 -4.3321142 0.4252841 -0.7649701 -0.3866588 0.2415737 0.4549262
1413394944.805760 -0.8167648 -4.3583269 0.4048123 -0.7895388 -0.3580661 0.2190118 0.4477175
1413394944.855761 -0.8287189 -4.3654971 0.3921509 -0.7999859 -0.3417192 0.2080000 0.4471986
1413394944.955760 -0.8612950 -4.3657951 0.3630109 -0.8163670 -0.3053095 0.1859761 0.4535901
1413394945.055760 -0.9045461 -4.3460174 0.3301153 -0.8228855 -0.2691657 0.1613644 0.4736779
1413394945.155761 -0.9565574 -4.3090172 0.2942681 -0.8235984 -0.2349662 0.1325387 0.4989089
1413394945.255760 -1.0167983 -4.2595677 0.2604527 -0.8219809 -0.1999620 0.1050842 0.5228002
1413394945.355761 -1.0841053 -4.2006021 0.2315869 -0.8169518 -0.1655010 0.0774815 0.5469879
1413394945.405761 -1.1202178 -4.1692572 0.2194848 -0.8102822 -0.1464260 0.0663329 0.5635620
1413394945.505760 -1.1961955 -4.1079259 0.1978683 -0.8017545 -0.0961572 0.0603349 0.5867736
1413394945.755760 -1.3536597 -3.9774196 0.1558723 -0.7997417 0.0386994 0.0487663 0.5971076
1413394945.905761 -1.4083787 -3.9110756 0.1287026 -0.7964066 0.1139351 0.0202185 0.5935878
1413394945.955760 -1.4176644 -3.8929453 0.1196823 -0.7941519 0.1379638 0.0066507 0.5918146
1413394946.155761 -1.4076235 -3.8383980 0.0915160 -0.7825304 0.2119389 -0.0840626 0.5793632
1413394946.255760 -1.3843713 -3.8246675 0.0826817 -0.7693852 0.2518142 -0.1248209 0.5736338
1413394946.355761 -1.3536028 -3.8182297 0.0752273 -0.7531776 0.2985800 -0.1544191 0.5654453
1413394946.455760 -1.3152945 -3.8204060 0.0685806 -0.7356459 0.3461895 -0.1802440 0.5536154
1413394946.555760 -1.2694389 -3.8325295 0.0638065 -0.7143915 0.3919572 -0.2069674 0.5414599
1413394946.655761 -1.2169361 -3.8569288 0.0587049 -0.6919081 0.4248126 -0.2493547 0.5278444
1413394946.755760 -1.1594212 -3.8907297 0.0543470 -0.6671440 0.4507568 -0.3002720 0.5114430
1413394946.855761 -1.1040347 -3.9316301 0.0508556 -0.6407814 0.4807755 -0.3426291 0.4907742
1413394946.955760 -1.0525539 -3.9770422 0.0496361 -0.6110110 0.5125361 -0.3797431 0.4687936
1413394947.055760 -1.0070987 -4.0252199 0.0525353 -0.5797430 0.5429403 -0.4145842 0.4441101
1413394947.155761 -0.9696879 -4.0735006 0.0638270 0.5507881 -0.5754097 0.4409074 -0.4136868
1413394947.255760 -0.9397879 -4.1200790 0.0903187 0.5239323 -0.6082304 0.4592233 -0.3803481
1413394947.455760 -0.8974714 -4.1997972 0.1944022 0.4665520 -0.6431671 0.5017923 -0.3418621
1413394947.555760 -0.8846788 -4.2281299 0.2585382 0.4535919 -0.6574270 0.5041304 -0.3284763
1413394947.755760 -0.8702617 -4.2675128 0.3564844 0.4687149 -0.6928563 0.4651719 -0.2896062
1413394947.855761 -0.8561401 -4.2826624 0.3921959 0.4866789 -0.6980059 0.4424844 -0.2830883
1413394947.955760 -0.8270493 -4.2985568 0.4354934 0.5065902 -0.6904324 0.4281650 -0.2886941
1413394948.055760 -0.7821155 -4.3153868 0.4895552 0.5287291 -0.6784842 0.4134277 -0.2986341
1413394948.155761 -0.7212448 -4.3348665 0.5424339 0.5508315 -0.6684990 0.3968269 -0.3036810
1413394948.255760 -0.6426015 -4.3574209 0.5874803 0.5640782 -0.6487032 0.4020086 -0.3152604
1413394948.355761 -0.5455542 -4.3803840 0.6285918 0.5608212 -0.6174579 0.4307800 -0.3444618
1413394948.455760 -0.4434152 -4.4003496 0.6644865 0.5444312 -0.5828425 0.4669068 -0.3819519
1413394948.655761 -0.2719588 -4.4239712 0.7278801 0.5054054 -0.5327901 0.5183876 -0.4381488
1413394948.755760 -0.2240801 -4.4244423 0.7610079 -0.4951334 0.5227581 -0.5302191 0.4476992
1413394949.055760 -0.2281475 -4.3814106 0.8530470 0.5524360 -0.5985808 0.4528821 -0.3625097
1413394949.155761 -0.2519045 -4.3546314 0.8639057 0.5740838 -0.6265230 0.4154189 -0.3245365
1413394949.255760 -0.2645993 -4.3244429 0.8669542 0.5862332 -0.6437876 0.3905848 -0.2988507
1413394949.355761 -0.2552776 -4.2917366 0.8626345 0.5916995 -0.6542566 0.3762565 -0.2833216
1413394949.455760 -0.2189002 -4.2567759 0.8544267 0.5895620 -0.6559874 0.3770821 -0.2826769
1413394949.555760 -0.1521955 -4.2196236 0.8554361 0.5727615 -0.6366829 0.4122415 -0.3108636
1413394949.655761 -0.0676517 -4.1789179 0.8657223 0.5448372 -0.6059048 0.4596098 -0.3532571
1413394949.755760 0.0148811 -4.1322436 0.8784953 0.5185297 -0.5799006 0.4940213 -0.3883107
1413394949.855761 0.0837445 -4.0779715 0.8893216 0.5022102 -0.5700148 0.5044737 -0.4103343
1413394949.955760 0.1333134 -4.0173688 0.8976285 0.4987979 -0.5742831 0.4901970 -0.4255662
1413394950.055760 0.1639287 -3.9545903 0.9074261 0.5003378 -0.5748895 0.4715455 -0.4436316
1413394950.155761 0.1759908 -3.8941565 0.9169184 0.5088223 -0.5788724 0.4411450 -0.4597800
1413394950.255760 0.1729131 -3.8429193 0.9212400 0.5336390 -0.5944106 0.3961541 -0.4527332
1413394950.355761 0.1650970 -3.8076692 0.9225008 0.5729637 -0.6019655 0.3707912 -0.4145649
1413394950.455760 0.1636374 -3.7840133 0.9271239 -0.6070676 0.6007110 -0.3616738 0.3739081
1413394950.555760 0.1781681 -3.7631354 0.9374882 -0.6265822 0.5991011 -0.3572330 0.3476452
1413394950.655761 0.2146773 -3.7394233 0.9545991 -0.6318004 0.5935308 -0.3634244 0.3412804
1413394950.755760 0.2740335 -3.7091727 0.9809160 -0.6211345 0.5703941 -0.3935224 0.3660365
1413394950.855761 0.3437929 -3.6704836 1.0133367 -0.5989566 0.5346771 -0.4298630 0.4130244
1413394950.955760 0.4070301 -3.6247866 1.0460865 -0.5759073 0.4929840 -0.4601220 0.4621530
1413394951.055760 0.4487660 -3.5732417 1.0782435 -0.5612357 0.4552595 -0.4754516 0.5016961
1413394951.155761 0.4579058 -3.5181744 1.1101885 -0.5599369 0.4346607 -0.4650274 0.5303681
1413394951.255760 0.4317212 -3.4652321 1.1397197 -0.5814579 0.4361520 -0.4271664 0.5377797
1413394951.355761 0.3773007 -3.4201026 1.1656615 -0.6237480 0.4569913 -0.3728000 0.5129499
1413394951.455760 0.3093967 -3.3832307 1.1905529 -0.6725506 0.4831136 -0.3168552 0.4624713
1413394951.555760 0.2476928 -3.3497190 1.2207372 -0.7080493 0.5040770 -0.2730483 0.4123314
1413394951.655761 0.2076380 -3.3143137 1.2575538 -0.7253278 0.5194759 -0.2453272 0.3792872
1413394951.755760 0.2030735 -3.2731080 1.2999744 -0.7326246 0.5280541 -0.2347347 0.3596106
1413394951.855761 0.2451994 -3.2231166 1.3548350 -0.7214700 0.5130450 -0.2672924 0.3805531
1413394951.955760 0.3171549 -3.1644042 1.4163203 -0.6961262 0.4898151 -0.3113270 0.4225695
1413394952.055760 0.4000369 -3.1006379 1.4793372 -0.6613286 0.4647923 -0.3523801 0.4716366
1413394952.155761 0.4784217 -3.0366411 1.5304741 -0.6329960 0.4447306 -0.3810335 0.5063046
1413394952.255760 0.5421618 -2.9755147 1.5632569 -0.6251237 0.4439935 -0.3819368 0.5159597
1413394952.455760 0.6305662 -2.8622460 1.5802621 -0.6587474 0.4737208 -0.3162934 0.4915273
1413394952.555760 0.6709940 -2.8136060 1.5882519 -0.6777322 0.4744570 -0.2924435 0.4796315
1413394952.655761 0.7181290 -2.7722232 1.6069174 -0.6948251 0.4595218 -0.2948937 0.4680763
1413394952.855761 0.8371903 -2.6869054 1.6740962 -0.6844828 0.4188719 -0.3275345 0.4987493
1413394952.955760 0.8954718 -2.6418076 1.7023342 -0.6605972 0.3965335 -0.3479637 0.5341291
1413394953.155761 0.9642569 -2.5667846 1.7256193 -0.6257697 0.3709584 -0.3716428 0.5767875
1413394953.255760 0.9608478 -2.5437000 1.7429957 -0.6166717 0.3662321 -0.3774108 0.5857911
1413394953.355761 0.9232054 -2.5341301 1.7836444 -0.6046307 0.3607802 -0.3849947 0.5966895
1413394953.455760 0.8524684 -2.5383587 1.8294644 -0.6127815 0.3696551 -0.3790196 0.5866839
1413394953.555760 0.7577312 -2.5529487 1.8487359 -0.6572632 0.3991388 -0.3514166 0.5340409
1413394953.655761 0.6508445 -2.5715585 1.8317858 -0.7003049 0.4271539 -0.3203074 0.4738309
1413394953.855761 0.4486547 -2.5955887 1.6930878 -0.7459518 0.4594481 -0.2774079 0.3943453
1413394953.955760 0.3725486 -2.5903292 1.5980464 -0.7438367 0.4579124 -0.2809886 0.3975784
1413394954.055760 0.3166722 -2.5710127 1.5064048 -0.7240356 0.4420112 -0.3039402 0.4336115
1413394954.155761 0.2716471 -2.5420151 1.4186455 -0.6984329 0.4201982 -0.3308697 0.4755525
1413394954.255760 0.2251136 -2.5087600 1.3343714 -0.6698188 0.3977082 -0.3547887 0.5170068
1413394954.355761 0.1664644 -2.4766443 1.2544281 -0.6487775 0.3817189 -0.3698890 0.5445737
1413394954.455760 0.0878844 -2.4486732 1.1873049 -0.6437779 0.3822680 -0.3670249 0.5520090
1413394954.555760 -0.0113876 -2.4265654 1.1323411 -0.6640854 0.4041781 -0.3418034 0.5280161
1413394954.655761 -0.1233034 -2.4109151 1.0768512 -0.6997382 0.4364039 -0.3015889 0.4784999
1413394954.755760 -0.2288940 -2.3989520 1.0234847 -0.7244146 0.4697985 -0.2617775 0.4312602
1413394954.855761 -0.3141381 -2.3842483 0.9664242 -0.7337329 0.4871982 -0.2470527 0.4040283
1413394954.955760 -0.3703763 -2.3635628 0.9075260 -0.7258749 0.4753789 -0.2741613 0.4146759
1413394955.055760 -0.4085544 -2.3350947 0.8457339 -0.7076380 0.4481364 -0.3090063 0.4504858
1413394955.155761 -0.4420810 -2.3001757 0.7847927 -0.6904078 0.4149596 -0.3331115 0.4900841
1413394955.255760 -0.4828309 -2.2629161 0.7273777 -0.6789169 0.3801274 -0.3436168 0.5258350
1413394955.355761 -0.5394454 -2.2265000 0.6787331 -0.6841388 0.3653646 -0.3182891 0.5451192
1413394955.455760 -0.6097525 -2.1958232 0.6423788 -0.7092404 0.3802737 -0.2499013 0.5384417
1413394955.555760 -0.6763971 -2.1762557 0.6177087 -0.7411674 0.3975995 -0.1872157 0.5074798
1413394955.655761 -0.7200366 -2.1661484 0.6081107 -0.7709512 0.3990371 -0.1611472 0.4695054
1413394955.755760 -0.7298708 -2.1535497 0.6084275 -0.7908387 0.3785551 -0.1791210 0.4463026
1413394955.855761 -0.7118457 -2.1294808 0.6174064 -0.7910995 0.3538066 -0.2130349 0.4512190
1413394955.905761 -0.6962698 -2.1118929 0.6244314 -0.7851338 0.3446177 -0.2273474 0.4616455
1413394955.955760 -0.6777494 -2.0908618 0.6330876 -0.7761292 0.3378043 -0.2391273 0.4757414
1413394956.005760 -0.6574046 -2.0668683 0.6434925 -0.7641327 0.3316777 -0.2503284 0.4933830
1413394956.105761 -0.6166306 -2.0136030 0.6673210 -0.7345148 0.3169356 -0.2718929 0.5348963
1413394956.205760 -0.5853895 -1.9602742 0.6920786 -0.7106942 0.3040317 -0.2778168 0.5703475
1413394956.305760 -0.5708250 -1.9144024 0.7157288 -0.6991485 0.2911844 -0.2673053 0.5957775
1413394956.405761 -0.5732232 -1.8805813 0.7331417 -0.7041434 0.2796282 -0.2395359 0.6071349
1413394956.505760 -0.5880244 -1.8610346 0.7372018 -0.7312683 0.2673979 -0.2059728 0.5927227
1413394957.105761 -0.5972257 -1.6900166 0.7286311 -0.8012246 0.2024619 -0.1579889 0.5404515
1413394958.805760 -0.4777523 -1.7518028 0.8783555 -0.8799737 -0.0144185 0.0086943 0.4747240
1413394958.905761 -0.4567861 -1.7559175 0.8842797 -0.8775973 -0.0395858 0.0078718 0.4776966
1413394959.305760 -0.4384255 -1.6209276 0.9260593 -0.7487243 -0.1074082 0.0568332 0.6516482
1413394959.405761 -0.4443419 -1.6096487 0.9278361 -0.7503578 -0.1205016 0.0717628 0.6459819
1413394959.805760 -0.4621363 -1.6261430 1.0899841 -0.8559343 -0.2090955 0.0747329 0.4669803
1413394959.905761 -0.4924330 -1.5970745 1.1168265 -0.8248723 -0.2407791 0.0756064 0.5058606
1413394960.305760 -0.6337816 -1.4600075 1.1517742 -0.7066053 -0.2965379 0.2107159 0.6069374
1413394960.355761 -0.6396195 -1.4697866 1.1599303 -0.7105135 -0.3122784 0.2188852 0.5913900
1413394960.455760 -0.6453993 -1.4984281 1.1709735 -0.7281092 -0.3494271 0.2243745 0.5453566
1413394960.505760 -0.6515199 -1.5143964 1.1733463 -0.7391521 -0.3728094 0.2234614 0.5145214
1413394960.605761 -0.6826860 -1.5192238 1.1252351 -0.7492799 -0.4073509 0.2223946 0.4724252
1413394960.705760 -0.7243755 -1.5068574 1.0675945 -0.7508661 -0.4407236 0.2230839 0.4384021
1413394960.855761 -0.8253909 -1.4671414 0.9930460 -0.7090108 -0.4660606 0.2512726 0.4657823
1413394961.005760 -0.9582220 -1.4138794 0.9405932 -0.6574836 -0.4507990 0.3066142 0.5200800
1413394961.055760 -1.0012088 -1.3955462 0.9259812 -0.6469112 -0.4456486 0.3185055 0.5305257
1413394961.155761 -1.0746808 -1.3713496 0.8953637 -0.6429263 -0.4422332 0.3242470 0.5347332
1413394961.255760 -1.1345603 -1.3581542 0.8583894 -0.6619072 -0.4551621 0.3070620 0.5103129
1413394961.305760 -1.1621192 -1.3537159 0.8387029 -0.6761550 -0.4656129 0.2928437 0.4901648
1413394961.405761 -1.2269540 -1.3342670 0.8002193 -0.7015524 -0.4886228 0.2592470 0.4492918
1413394961.455760 -1.2650268 -1.3226084 0.7865123 -0.7028307 -0.4974698 0.2465760 0.4446943
1413394961.505760 -1.3122125 -1.3101828 0.7703605 -0.6949218 -0.5023559 0.2412089 0.4544673
1413394961.555760 -1.3709495 -1.2971611 0.7465569 -0.6846177 -0.5054779 0.2387124 0.4677682
1413394961.605761 -1.4346654 -1.2857114 0.7264301 -0.6724347 -0.5027348 0.2445885 0.4850420
1413394961.655761 -1.5021018 -1.2780288 0.7084517 -0.6624476 -0.4937109 0.2590676 0.5002967
1413394961.705760 -1.5691162 -1.2744485 0.6911231 -0.6496550 -0.4810174 0.2779103 0.5189764
1413394961.755760 -1.6335975 -1.2678857 0.6817019 -0.6396778 -0.4690999 0.2957341 0.5322583
1413394961.805760 -1.7004110 -1.2612629 0.6669581 -0.6295209 -0.4518691 0.3177291 0.5464119
1413394961.855761 -1.7666099 -1.2487627 0.6373101 -0.6256376 -0.4407141 0.3310011 0.5520751
1413394961.905761 -1.8298533 -1.2401315 0.6078992 -0.6241546 -0.4314542 0.3411530 0.5548810
1413394961.955760 -1.8893752 -1.2134578 0.5884368 -0.6264836 -0.4255511 0.3470587 0.5531498
1413394962.005760 -1.9466710 -1.0699992 0.6227412 -0.6371582 -0.4211853 0.3466949 0.5444585
1413394962.055760 -1.9996513 -0.9312450 0.6530594 -0.6496591 -0.4240813 0.3428895 0.5296459
1413394962.105761 -2.0438144 -0.7990047 0.6959106 -0.6609506 -0.4319243 0.3296904 0.5175809
1413394962.205760 -2.1124620 -0.6950472 0.7591268 -0.6806163 -0.4477201 0.3040580 0.4938188
1413394962.255760 -2.1450071 -0.7036802 0.7661186 -0.6890942 -0.4518367 0.2976463 0.4820784
1413394962.305760 -2.1770890 -0.7141991 0.7726364 -0.6924071 -0.4541073 0.2922288 0.4784990
1413394962.355761 -2.2121656 -0.7254952 0.7809575 -0.6906761 -0.4538210 0.2904944 0.4823132
1413394962.405761 -2.2509725 -0.6982323 0.8116443 -0.6791593 -0.4468550 0.2991478 0.4995736
1413394962.455760 -2.2893345 -0.5828693 0.8878795 -0.6725054 -0.4365868 0.3078730 0.5121940
1413394962.505760 -2.3260977 -0.5956312 0.8955952 -0.6496640 -0.4245814 0.3219769 0.5422161
1413394962.555760 -2.3643594 -0.6092151 0.8872010 -0.6352372 -0.4134456 0.3354093 0.5594971
1413394962.605761 -2.3948789 -0.6264075 0.8799863 -0.6301241 -0.4036708 0.3466732 0.5655187
1413394962.655761 -2.4117060 -0.6524519 0.8754107 -0.6276275 -0.4004849 0.3532815 0.5664696
1413394962.705760 -2.4176669 -0.6875508 0.8698857 -0.6328363 -0.4040138 0.3482128 0.5612832
1413394962.755760 -2.4160192 -0.7424901 0.8524161 -0.6477311 -0.4113953 0.3425122 0.5421104
1413394962.905761 -2.3974502 -0.8944291 0.7984987 -0.6837930 -0.4441328 0.3122622 0.4875095
1413394962.955760 -2.3909645 -0.9405747 0.7809246 -0.6848383 -0.4538452 0.3062842 0.4808442
1413394963.005760 -2.3844519 -0.9921312 0.7673748 -0.6778369 -0.4601156 0.3042464 0.4860710
1413394963.055760 -2.3781688 -1.0480729 0.7639349 -0.6651619 -0.4592592 0.3114234 0.4996560
1413394963.155761 -2.3652074 -1.1587685 0.7570162 -0.6337177 -0.4476997 0.3363982 0.5336695
1413394963.305760 -2.3327456 -1.3306410 0.7025482 -0.6185900 -0.4458587 0.3495150 0.5444223
1413394963.355761 -2.3229883 -1.3919224 0.6770830 -0.6292335 -0.4563896 0.3375800 0.5308610
1413394963.405761 -2.3079545 -1.4561906 0.6509196 -0.6437426 -0.4685898 0.3218653 0.5122712
1413394963.505760 -2.2744780 -1.5884120 0.5780104 -0.6711327 -0.4954526 0.2831205 0.4732341
1413394963.555760 -2.2599578 -1.6562555 0.5375721 -0.6814402 -0.5029032 0.2697652 0.4582078
1413394963.655761 -2.2560618 -1.7905562 0.4335482 -0.6817902 -0.5022975 0.2675913 0.4596241
1413394963.705760 -2.2639587 -1.8602853 0.3781869 -0.6733983 -0.4955726 0.2764231 0.4738491
1413394963.755760 -2.2755823 -1.9280481 0.3264187 -0.6592419 -0.4864156 0.2890766 0.4952118
1413394963.855761 -2.2995622 -2.0866094 0.2469295 -0.6367771 -0.4650399 0.3171411 0.5269481
1413394963.905761 -2.3096437 -2.1703520 0.2120178 -0.6332706 -0.4551196 0.3292252 0.5323958
1413394963.955760 -2.3016188 -2.2532444 0.1854747 -0.6493369 -0.4530143 0.3299998 0.5140425
1413394964.005760 -2.2710657 -2.3437924 0.1655684 -0.6605615 -0.4572018 0.3220457 0.5009107
1413394964.105761 -2.2070279 -2.5246439 0.1131417 -0.6939451 -0.4805170 0.2866610 0.4531768
1413394964.155761 -2.1815348 -2.6260557 0.0852826 -0.7041427 -0.4860541 0.2743381 0.4389454
1413394964.205760 -2.1590674 -2.7261095 0.0621523 -0.7135634 -0.4946929 0.2588413 0.4232109
1413394964.255760 -2.1353986 -2.8272481 0.0332431 -0.7113391 -0.4969299 0.2545086 0.4269457
1413394964.305760 -2.1188722 -2.9296961 0.0070459 -0.7047510 -0.4942452 0.2583382 0.4385306
1413394964.505760 -2.2187028 -3.1148663 -0.1339298 -0.6670745 -0.4451304 0.3435703 0.4887024
1413394964.555760 -2.1796994 -3.1872661 -0.0993254 -0.6690608 -0.4381245 0.3546771 0.4843644
1413394964.605761 -2.1364911 -3.2581570 -0.0636637 -0.6780379 -0.4381555 0.3561517 0.4705745
1413394964.655761 -2.0950263 -3.3280578 -0.0393904 -0.6880085 -0.4426692 0.3546458 0.4526750
1413394964.705760 -2.0583968 -3.3954699 -0.0305389 -0.7039139 -0.4509425 0.3442085 0.4274068
1413394964.755760 -2.0214024 -3.4601932 -0.0215066 -0.7172824 -0.4601952 0.3356099 0.4013632
1413394964.905761 -1.9448979 -3.6314585 -0.0156236 -0.7457837 -0.4709089 0.3138232 0.3515203
1413394964.955760 -1.9303865 -3.6769292 -0.0129031 -0.7515319 -0.4684220 0.3152060 0.3412125
1413394965.005760 -1.9221988 -3.7143965 -0.0087171 -0.7510062 -0.4645127 0.3182665 0.3448536
1413394965.055760 -1.9201360 -3.7428274 -0.0032203 -0.7401636 -0.4605359 0.3258287 0.3659237
1413394965.105761 -1.9221117 -3.7646132 0.0035042 -0.7238696 -0.4563925 0.3347533 0.3945364
1413394965.155761 -1.9274051 -3.7815235 0.0118546 -0.6997293 -0.4505854 0.3490722 0.4306975
1413394965.205760 -1.9340475 -3.7922449 0.0235445 -0.6773683 -0.4441814 0.3658214 0.4583118
1413394965.455760 -1.9392467 -3.8485279 0.0106440 -0.6307113 -0.4942050 0.3826997 0.4598975
1413394965.505760 -1.9344611 -3.8517084 0.0065627 -0.6248191 -0.5086166 0.3843053 0.4507989
1413394965.555760 -1.9288611 -3.8639779 0.0046143 -0.6144578 -0.5180383 0.3939636 0.4459491
1413394965.855761 -1.8031499 -3.9805548 0.0740004 -0.5407812 -0.5687420 0.4723846 0.4011747
1413394965.905761 -1.7604394 -3.9930072 0.0935826 -0.5300044 -0.5870997 0.4702024 0.3915598
1413394965.955760 -1.7163153 -4.0042419 0.1133952 -0.5154735 -0.5987089 0.4753309 0.3871631
1413394966.055760 -1.6323168 -4.0189352 0.1571946 -0.4744867 -0.5985067 0.5091853 0.3967145
1413394966.105761 -1.5866864 -4.0293517 0.1744555 -0.4582165 -0.5994967 0.5239413 0.3951290
1413394966.155761 -1.5381396 -4.0362525 0.1859189 -0.4478802 -0.6129304 0.5231830 0.3872972
1413394966.205760 -1.4875956 -4.0400591 0.1932485 -0.4441852 -0.6323405 0.5139594 0.3724121
1413394966.255760 -1.4395554 -4.0095749 0.2121009 -0.4458838 -0.6574759 0.4952784 0.3515857
1413394966.305760 -1.3947754 -3.8689795 0.2810397 -0.4474186 -0.6785110 0.4799096 0.3303426
1413394966.355761 -1.3487437 -3.7989221 0.3197216 -0.4533543 -0.7020951 0.4575179 0.3036605
1413394966.405761 -1.3043613 -3.8009582 0.3259596 -0.4567174 -0.7223884 0.4375850 0.2794341
1413394966.455760 -1.2645981 -3.8008060 0.3400133 -0.4633453 -0.7327680 0.4227876 0.2638427
1413394966.555760 -1.2009225 -3.8023396 0.3857859 -0.4464628 -0.7406721 0.4337605 0.2528394
1413394966.605761 -1.1784685 -3.8071728 0.4124030 -0.4326512 -0.7349616 0.4538655 0.2581678
1413394966.655761 -1.1612549 -3.8150635 0.4366000 -0.4147843 -0.7261134 0.4779875 0.2687774
1413394966.705760 -1.1468880 -3.8258729 0.4541136 -0.3968025 -0.7137070 0.5054659 0.2787012
1413394966.755760 -1.1323273 -3.8366957 0.4717913 -0.3793725 -0.7009922 0.5314903 0.2867135
1413394966.805760 -1.1153851 -3.8441525 0.4847068 -0.3688005 -0.6956525 0.5466014 0.2850976
1413394966.855761 -1.0960147 -3.8461218 0.4904859 -0.3574804 -0.6926693 0.5588267 0.2830718
1413394966.905761 -1.0740733 -3.8459589 0.4941170 -0.3494756 -0.6986478 0.5599179 0.2761342
1413394967.105761 -0.9531189 -3.7674181 0.5104584 -0.3282939 -0.7674338 0.5022819 0.2257907
1413394967.505760 -0.8160717 -3.8233619 0.5995760 -0.2281175 -0.7284839 0.6154081 0.1963330
1413394967.805760 -0.6889908 -3.8281202 0.6444952 -0.1822962 -0.8078560 0.5465315 0.1242590
1413394968.005760 -0.6134628 -3.8425729 0.7112410 -0.1226303 -0.7812686 0.6034824 0.1019327
1413394968.055760 -0.5935458 -3.8430564 0.7257969 -0.1088204 -0.7827961 0.6055810 0.0930595
1413394968.105761 -0.5730434 -3.8409610 0.7363324 -0.0971229 -0.7915272 0.5977203 0.0823550
1413394968.455760 -0.4659757 -3.8520284 0.7805014 -0.0424781 -0.8312752 0.5533016 0.0321634
1413394968.505760 -0.4238310 -3.8509636 0.7401133 -0.0364969 -0.8260118 0.5616577 0.0302191
1413394968.705760 -0.3588962 -3.8842311 0.7234361 -0.0117956 -0.8368385 0.5469359 0.0205759
1413394968.905761 -0.2945539 -3.9526148 0.7188175 0.0064805 -0.8272609 0.5609627 0.0303042
1413394969.005760 -0.2545194 -3.9949608 0.7228062 0.0060639 -0.8173785 0.5758784 0.0148246
1413394969.155761 -0.1911070 -4.0598946 0.7240703 0.0150411 -0.8050438 0.5929601 -0.0087545
1413394969.255760 -0.1508319 -4.1010876 0.7060854 0.0229350 -0.7983349 0.6015020 -0.0181874
1413394969.955760 0.1357158 -4.2132297 0.4480102 0.0622478 -0.8232811 0.5635910 0.0264312
1413394970.255760 0.3763204 -4.2681913 0.4642370 0.0325530 -0.8267231 0.5616363 -0.0058231
1413394970.555760 0.6137161 -4.3576593 0.4871800 -0.0064334 -0.7777091 0.6255524 -0.0617379
1413394970.655761 0.6736690 -4.3701820 0.4746628 -0.0209348 -0.7757447 0.6251411 -0.0835494
1413394970.755760 0.7146537 -4.3745179 0.4568350 -0.0216492 -0.7707040 0.6315950 -0.0814529
1413394970.855761 0.7364309 -4.3678427 0.4334986 0.0000119 -0.7817693 0.6217901 -0.0470527
1413394971.055760 0.7548367 -4.3311801 0.4195285 0.0330812 -0.8144416 0.5792261 0.0093732
1413394971.155761 0.7674465 -4.3110943 0.4363286 0.0322406 -0.8259239 0.5626744 0.0144161
1413394971.255760 0.7855920 -4.2954788 0.4547265 0.0276901 -0.8418247 0.5388863 0.0128916
1413394971.355761 0.8076127 -4.2895694 0.4645770 0.0240945 -0.8574139 0.5139334 0.0115536
1413394971.455760 0.8327044 -4.3007350 0.4677677 0.0209249 -0.8681983 0.4956863 0.0094344
1413394971.655761 0.8896506 -4.3960347 0.4892836 -0.0043919 -0.8604614 0.5091633 -0.0184306
1413394971.755760 0.9111958 -4.4735661 0.5081198 -0.0190432 -0.8384303 0.5439418 -0.0282718
1413394971.855761 0.9222296 -4.5598125 0.5270143 -0.0340844 -0.8159737 0.5763834 -0.0284131
1413394971.955760 0.9209907 -4.6470046 0.5453975 -0.0535868 -0.7936193 0.6055738 -0.0240270
1413394972.055760 0.9073669 -4.7247090 0.5586238 -0.0723257 -0.7785334 0.6233713 -0.0079403
1413394972.155761 0.8857658 -4.7890224 0.5605853 -0.0998361 -0.7669996 0.6336687 0.0144404
1413394972.255760 0.8537252 -4.8383107 0.5527291 -0.1334800 -0.7582732 0.6368083 0.0409897
1413394972.355761 0.8139226 -4.8703718 0.5405629 -0.1730343 -0.7509965 0.6335006 0.0688512
1413394972.455760 0.7686284 -4.8830376 0.5202839 -0.2168759 -0.7455112 0.6225684 0.0979110
1413394972.555760 0.7167234 -4.8778815 0.4955394 -0.2622376 -0.7509298 0.5927318 0.1265109
1413394972.655761 0.6604304 -4.8561678 0.4729055 -0.3028512 -0.7543594 0.5591240 0.1631055
1413394972.755760 0.5956974 -4.8278646 0.4562169 -0.3332636 -0.7495959 0.5307459 0.2129562
1413394972.855761 0.5273476 -4.7968369 0.4479881 -0.3596051 -0.7375574 0.5067795 0.2643255
1413394972.955760 0.4600592 -4.7682934 0.4457551 -0.3899308 -0.7185137 0.4881259 0.3056554
1413394973.055760 0.3957520 -4.7445097 0.4468746 -0.4273443 -0.6958349 0.4703653 0.3345850
1413394973.155761 0.3344150 -4.7267227 0.4487665 -0.4677742 -0.6707318 0.4534697 0.3545015
1413394973.255760 0.2740116 -4.7138329 0.4515707 -0.5104086 -0.6433832 0.4364368 0.3675106
1413394973.355761 0.2104988 -4.7028418 0.4570652 -0.5489866 -0.6136642 0.4185526 0.3832021
1413394973.455760 0.1415467 -4.6866069 0.4205866 -0.5787969 -0.5801079 0.4057817 0.4047349
1413394973.555760 0.0688729 -4.6671076 0.3680182 -0.6105129 -0.5466256 0.3857677 0.4238605
1413394973.655761 -0.0077620 -4.6454644 0.3185816 -0.6401089 -0.5138333 0.3601550 0.4433106
1413394973.755760 -0.0883994 -4.6211123 0.2742791 -0.6629032 -0.4788519 0.3354014 0.4677244
1413394973.855761 -0.1696568 -4.5942383 0.2326746 -0.6840119 -0.4401186 0.3114220 0.4913651
1413394973.955760 -0.2320888 -4.5687580 0.2200470 -0.7088988 -0.4025167 0.2873990 0.5028367
1413394974.055760 -0.2838082 -4.5513449 0.2191558 -0.7283891 -0.3629722 0.2642827 0.5175473
1413394974.155761 -0.3331699 -4.5322657 0.2204781 -0.7460002 -0.3216451 0.2429039 0.5301188
1413394974.255760 -0.3800530 -4.5101824 0.2244706 -0.7619110 -0.2782549 0.2232648 0.5405726
1413394974.355761 -0.4229884 -4.4842796 0.2311172 -0.7779539 -0.2355513 0.2022292 0.5462661
1413394974.455760 -0.4598575 -4.4536262 0.2404971 -0.7922958 -0.1934718 0.1804081 0.5498081
1413394974.555760 -0.4887682 -4.4178352 0.2518997 -0.8021790 -0.1528916 0.1571668 0.5553662
1413394974.605761 -0.5000688 -4.3975010 0.2588067 -0.8030691 -0.1347767 0.1441121 0.5622694
1413394974.705760 -0.5164577 -4.3536983 0.2729259 -0.8015100 -0.1019040 0.1161440 0.5776745
1413394974.805760 -0.5241464 -4.3099279 0.2849026 -0.8045280 -0.0738739 0.0863800 0.5829374
1413394975.205760 -0.5193891 -4.1476102 0.2453151 -0.7964082 0.0054260 -0.0157592 0.6045297
1413394975.405761 -0.5193171 -4.0898495 0.1745996 -0.7904958 0.0382119 -0.0444560 0.6096556
1413394975.605761 -0.5265092 -4.0570564 0.1072516 -0.8039489 0.0589682 -0.0710849 0.5874828
1413394975.855761 -0.5580684 -4.0206895 0.0537820 -0.8140230 0.0690938 -0.0790322 0.5712677
1413394975.955760 -0.5755963 -4.0000491 0.0444317 -0.8062857 0.0670172 -0.0819295 0.5819790
1413394976.155761 -0.6218988 -3.9605594 0.0330524 -0.7899861 0.0627989 -0.0820096 0.6043614
1413394976.355761 -0.6838282 -3.9376287 0.0185065 -0.7886169 0.0573771 -0.0837554 0.6064456
1413394976.455760 -0.7214143 -3.9330485 0.0133314 -0.7790856 0.0554447 -0.0843573 0.6187369
1413394976.605761 -0.7873846 -3.9430170 0.0093451 -0.7624867 0.0563544 -0.0808069 0.6394595
1413394976.705760 -0.8386334 -3.9659405 0.0080543 -0.7591726 0.0642554 -0.0681288 0.6441170
1413394976.805760 -0.8923768 -4.0047388 0.0053821 -0.7728658 0.0762455 -0.0507714 0.6279231
1413394976.905761 -0.9439311 -4.0552087 0.0032544 -0.8010397 0.0910695 -0.0312442 0.5908176
1413394977.005760 -0.9868696 -4.1080742 0.0027990 -0.8320252 0.1053626 -0.0186871 0.5443193
1413394977.105761 -1.0162828 -4.1511488 0.0091667 -0.8540870 0.1218209 -0.0090892 0.5055814
1413394977.205760 -1.0279148 -4.1760316 0.0218458 -0.8701514 0.1361392 -0.0038924 0.4735901
1413394977.305760 -1.0163939 -4.1737475 0.0414705 -0.8792348 0.1320897 -0.0202208 0.4572633
1413394977.405761 -0.9867585 -4.1453533 0.0711613 -0.8805692 0.1114929 -0.0533033 0.4575217
1413394977.505760 -0.9477252 -4.0855861 0.1102400 -0.8795923 0.0961994 -0.0764852 0.4595794
1413394977.605761 -0.9063514 -3.9953930 0.1571636 -0.8778816 0.0921772 -0.0846308 0.4622390
1413394977.705760 -0.8634377 -3.8765950 0.2080297 -0.8758269 0.0910716 -0.0882052 0.4656749
1413394977.805760 -0.8190191 -3.7276647 0.2648373 -0.8666979 0.0868875 -0.0930460 0.4823151
1413394977.905761 -0.7746341 -3.5499465 0.3278794 -0.8474038 0.0819582 -0.0995470 0.5150536
1413394978.005760 -0.7331079 -3.3511176 0.3972521 -0.8246447 0.0772001 -0.1046632 0.5504969
1413394978.105761 -0.6994489 -3.1428602 0.4667292 -0.8076192 0.0728038 -0.1107986 0.5746081
1413394978.205760 -0.6736396 -2.9338665 0.5293112 -0.7993392 0.0694511 -0.1156962 0.5855321
1413394978.305760 -0.6566933 -2.7263436 0.5792494 -0.7962823 0.0672085 -0.1184085 0.5894039
1413394978.405761 -0.6495422 -2.5213974 0.6186635 -0.7956014 0.0660160 -0.1189243 0.5903536
1413394978.505760 -0.6524044 -2.3212073 0.6426847 -0.7960548 0.0664282 -0.1142714 0.5906150
1413394978.605761 -0.6650056 -2.1236255 0.6630645 -0.7964296 0.0703316 -0.1047677 0.5914196
1413394979.405761 -0.8489791 -0.7651932 0.7852643 -0.7223381 0.1213504 -0.0439500 0.6793895
1413394979.505760 -0.8567734 -0.6666101 0.7800989 -0.7002330 0.1226010 -0.0362946 0.7023713
1413394979.655761 -0.8561877 -0.5878025 0.7908334 -0.6785965 0.1111924 -0.0416679 0.7248496
1413394979.755760 -0.8502214 -0.5847507 0.8066182 -0.6891599 0.0986087 -0.0545629 0.7157918
1413394979.805760 -0.8464886 -0.5996710 0.8148180 -0.7072036 0.0904979 -0.0677445 0.6979139
1413394980.055760 -0.8441380 -0.7593620 0.8891898 -0.7842887 0.0696208 -0.1221266 0.6042593
1413394980.155761 -0.8612384 -0.8319455 0.9145074 -0.7831218 0.0709228 -0.1279241 0.6044217
1413394980.355761 -0.9274582 -0.9845161 0.9409236 -0.7671250 0.0816196 -0.1204742 0.6247749
1413394980.555760 -1.0300922 -1.1602523 0.9367438 -0.7811120 0.0975618 -0.1038552 0.6079143
1413394980.955760 -1.2638291 -1.5337129 0.9642544 -0.7981137 0.1143370 -0.0792926 0.5862204
1413394981.055760 -1.3155885 -1.6243548 0.9637988 -0.7994749 0.1172025 -0.0739463 0.5844960
1413394981.155761 -1.3627694 -1.7115920 0.9544983 -0.8005004 0.1214650 -0.0669258 0.5830664
1413394981.355761 -1.4370518 -1.8790895 0.9085667 -0.8034003 0.1244538 -0.0645712 0.5786967
1413394981.455760 -1.4622024 -1.9591658 0.8830793 -0.8048695 0.1181447 -0.0785632 0.5762418
1413394981.655761 -1.5048467 -2.1062875 0.8459039 -0.8094507 0.1185886 -0.0911387 0.5678204
1413394981.755760 -1.5221323 -2.1734843 0.8285201 -0.8137576 0.1260702 -0.0941727 0.5594966
1413394981.955760 -1.5473195 -2.2852037 0.7998600 -0.8127856 0.1605600 -0.0950575 0.5518734
1413394982.055760 -1.5489300 -2.3316782 0.7895496 -0.8076718 0.1836025 -0.0971261 0.5518360
1413394982.155761 -1.5406621 -2.3718140 0.7834303 -0.7974417 0.2101756 -0.1002295 0.5566571
1413394982.255760 -1.5208669 -2.4083674 0.7806962 -0.7853225 0.2399923 -0.1040445 0.5611123
1413394982.355761 -1.4871228 -2.4453421 0.7802985 -0.7747557 0.2685316 -0.1140829 0.5609186
1413394982.455760 -1.4377737 -2.4849269 0.7847738 -0.7629666 0.2967634 -0.1292064 0.5595706
1413394982.555760 -1.3733721 -2.5297720 0.7946117 -0.7510558 0.3250149 -0.1459014 0.5558716
1413394982.655761 -1.2953010 -2.5813260 0.8095295 -0.7375060 0.3522681 -0.1637950 0.5524158
1413394982.755760 -1.2040197 -2.6402376 0.8269420 -0.7254539 0.3754551 -0.1846330 0.5464987
1413394982.855761 -1.1003925 -2.7064681 0.8457272 -0.7132176 0.3958970 -0.2091474 0.5392993
1413394983.005760 -0.9280503 -2.8181596 0.8760524 -0.6979100 0.4195615 -0.2458809 0.5257684
1413394983.105761 -0.8061448 -2.8987420 0.8969741 -0.6919809 0.4265773 -0.2677948 0.5171850
1413394983.205760 -0.6814033 -2.9813046 0.9194224 -0.6880233 0.4286652 -0.2844283 0.5118308
1413394983.305760 -0.5556272 -3.0643787 0.9422524 -0.6852825 0.4288342 -0.2940021 0.5099530
1413394983.405761 -0.4296778 -3.1480978 0.9649057 -0.6868246 0.4233298 -0.3039971 0.5066060
1413394983.505760 -0.3070821 -3.2311018 0.9933236 -0.6946941 0.4108288 -0.3184321 0.4972131
1413394983.605761 -0.1883457 -3.3099546 1.0153747 -0.7006381 0.4002165 -0.3276445 0.4915102
1413394983.705760 -0.0732529 -3.3820853 1.0259635 -0.7043695 0.3905817 -0.3350234 0.4889466
1413394983.805760 0.0362363 -3.4471292 1.0246291 -0.7067698 0.3830079 -0.3409292 0.4873898
1413394983.905761 0.1398430 -3.5031939 1.0118849 -0.7074330 0.3810912 -0.3410903 0.4878172
1413394984.005760 0.2365146 -3.5506392 0.9882686 -0.7078860 0.3804664 -0.3391516 0.4889979
1413394984.205760 0.4063337 -3.6180367 0.9304557 -0.7153689 0.3685180 -0.3290611 0.4941261
1413394984.405761 0.5486026 -3.6524036 0.8760607 -0.7287214 0.3610358 -0.3150925 0.4892188
1413394984.605761 0.6701138 -3.6491899 0.8315065 -0.7439001 0.3463562 -0.2990867 0.4870290
1413394984.705760 0.7229426 -3.6324992 0.8138618 -0.7519916 0.3326576 -0.2885049 0.4905227
1413394984.805760 0.7724192 -3.6048827 0.7991714 -0.7609962 0.3166043 -0.2765689 0.4941217
1413394984.905761 0.8195068 -3.5656042 0.7879508 -0.7671537 0.3011586 -0.2595039 0.5034247
1413394985.005760 0.8641851 -3.5171375 0.7806637 -0.7719049 0.2799917 -0.2460258 0.5150133
1413394985.105761 0.9068130 -3.4607706 0.7772536 -0.7771500 0.2593803 -0.2364815 0.5223374
1413394985.205760 0.9459530 -3.3976040 0.7778680 -0.7817546 0.2457554 -0.2287322 0.5254956
1413394985.305760 0.9805794 -3.3263021 0.7878709 -0.7847492 0.2411564 -0.2174420 0.5279501
1413394985.405761 1.0100551 -3.2479968 0.8134425 -0.7840576 0.2532983 -0.1887748 0.5342826
1413394985.505760 1.0430694 -3.1647089 0.8533509 -0.7833688 0.2669203 -0.1614977 0.5375924
1413394985.605761 1.0873396 -3.0797470 0.9077647 -0.7827049 0.2625116 -0.1628477 0.5403160
1413394985.805760 1.1937757 -2.9081364 1.0078468 -0.7889366 0.2313322 -0.2010388 0.5325860
1413394985.905761 1.2460606 -2.8169188 1.0381653 -0.7900036 0.2233283 -0.2118207 0.5302367
1413394986.005760 1.2944934 -2.7205539 1.0570304 -0.7897263 0.2215337 -0.2159845 0.5297225
1413394986.105761 1.3380690 -2.6186535 1.0722277 -0.7883949 0.2222800 -0.2179259 0.5305972
1413394986.305760 1.4093752 -2.3910861 1.1079258 -0.7790818 0.2514668 -0.1842290 0.5439262
1413394986.405761 1.4461684 -2.2733715 1.1314886 -0.7768034 0.2617466 -0.1724323 0.5461981
1413394986.505760 1.4881115 -2.1576331 1.1605904 -0.7763840 0.2621576 -0.1739710 0.5461093
1413394986.605761 1.5347558 -2.0430055 1.1939565 -0.7798777 0.2523827 -0.1890825 0.5406862
1413394986.705760 1.5827727 -1.9271456 1.2287502 -0.7844840 0.2391819 -0.2073650 0.5332698
1413394986.805760 1.6280055 -1.8065492 1.2647964 -0.7854863 0.2304240 -0.2200792 0.5305482
1413394986.905761 1.6671678 -1.6789672 1.3033917 -0.7813137 0.2329765 -0.2182778 0.5363076
1413394987.005760 1.7007576 -1.5481631 1.3389630 -0.7742622 0.2431874 -0.2065888 0.5465336
1413394987.105761 1.7300334 -1.4188719 1.3614184 -0.7685022 0.2565247 -0.1901612 0.5544711
1413394987.205760 1.7602710 -1.2924731 1.3702981 -0.7642312 0.2643119 -0.1805712 0.5598965
1413394987.405761 1.8279023 -1.0544491 1.3637654 -0.7603569 0.2412219 -0.2157082 0.5631511
1413394987.505760 1.8561038 -0.9408278 1.3600574 -0.7585921 0.2269186 -0.2358932 0.5633830
1413394987.605761 1.8735142 -0.8273444 1.3613458 -0.7551097 0.2190703 -0.2463742 0.5666722
1413394987.805760 1.8651563 -0.6039116 1.3787235 -0.7418939 0.2124109 -0.2548107 0.5827062
1413394987.905761 1.8367133 -0.4982611 1.3933166 -0.7376496 0.2112571 -0.2579283 0.5871258
1413394988.005760 1.7909977 -0.3976977 1.4134660 -0.7319300 0.2116759 -0.2592148 0.5935314
1413394988.205760 1.6478821 -0.2188808 1.4636720 -0.7232537 0.2285511 -0.2388732 0.6063070
1413394988.305760 1.5569147 -0.1439921 1.4912701 -0.7190720 0.2505903 -0.2179898 0.6104265
1413394988.405761 1.4619436 -0.0821002 1.5135138 -0.7135627 0.2816969 -0.2000722 0.6094639
1413394988.505760 1.3690277 -0.0356351 1.5266330 -0.7059893 0.3175839 -0.1934904 0.6027281
1413394988.705760 1.2010885 0.0055404 1.5278921 -0.6887361 0.3794109 -0.2327696 0.5722835
1413394988.805760 1.1222538 0.0047158 1.5183707 -0.6801865 0.3962412 -0.2646898 0.5570267
1413394988.905761 1.0430645 -0.0051907 1.5021874 -0.6713302 0.4052065 -0.2924516 0.5473533
1413394989.005760 0.9582398 -0.0228063 1.4819908 -0.6673937 0.4084386 -0.3139691 0.5377612
1413394989.105761 0.8677845 -0.0461016 1.4620441 -0.6700312 0.4102549 -0.3267724 0.5253275
1413394989.305760 0.6713502 -0.1016759 1.4327261 -0.6767980 0.4161065 -0.3266108 0.5119817
1413394989.405761 0.5654835 -0.1277558 1.4215859 -0.6778371 0.4202279 -0.3182143 0.5125280
1413394989.505760 0.4581929 -0.1551127 1.4095964 -0.6785364 0.4229217 -0.3099764 0.5144321
1413394989.605761 0.3505713 -0.1849378 1.3906014 -0.6799415 0.4253592 -0.3009651 0.5159160
1413394989.705760 0.2437471 -0.2172766 1.3618739 -0.6842289 0.4241065 -0.2880285 0.5186561
1413394989.805760 0.1385458 -0.2525846 1.3241239 -0.6932719 0.4164481 -0.2669699 0.5240919
1413394990.105761 -0.1411894 -0.3812664 1.1669476 -0.7537150 0.3243890 -0.2055357 0.5333297
1413394990.205760 -0.2200860 -0.4278102 1.1010193 -0.7738546 0.2758225 -0.1905966 0.5373490
1413394990.355761 -0.3256259 -0.4904072 0.9962294 -0.7977119 0.2022455 -0.1658038 0.5433797
1413394990.455760 -0.3952951 -0.5263461 0.9331588 -0.8091772 0.1646482 -0.1469682 0.5445398
1413394990.655761 -0.5244154 -0.5703948 0.8184717 -0.8197368 0.1303711 -0.1116495 0.5464150
1413394990.755760 -0.5869609 -0.5805295 0.7689157 -0.8209009 0.1242909 -0.1042068 0.5475531
1413394990.955760 -0.7024496 -0.5695699 0.6823934 -0.8208525 0.1240643 -0.1026240 0.5479759
1413394991.055760 -0.7558671 -0.5508751 0.6457539 -0.8199080 0.1264799 -0.1067123 0.5480568
1413394991.155761 -0.8079367 -0.5240595 0.6145733 -0.8167152 0.1349389 -0.1044636 0.5512305
1413394991.255760 -0.8565745 -0.4899953 0.5866045 -0.8139465 0.1452827 -0.1043601 0.5527142
1413394991.355761 -0.8999211 -0.4500862 0.5608596 -0.8107355 0.1614067 -0.1088672 0.5520902
1413394991.505760 -0.9532612 -0.3805892 0.5281280 -0.8026881 0.1939610 -0.1253637 0.5498682
1413394992.005760 -1.0500723 -0.1170539 0.4575440 -0.7448257 0.2756628 -0.1975459 0.5746481
1413394992.255760 -1.0821158 -0.0218906 0.4316383 -0.7369704 0.3250225 -0.1938996 0.5600339
1413394992.405761 -1.0812063 0.0119050 0.4225744 -0.7318611 0.3449219 -0.2179413 0.5458114
1413394992.855761 -1.0463583 0.0843831 0.4166523 -0.7081658 0.3758169 -0.2739914 0.5312172
1413394993.155761 -1.0292168 0.1123036 0.3867153 -0.7035965 0.3953396 -0.2795154 0.5201247
1413394994.055760 -1.0244321 0.1973840 0.1194528 -0.6673524 0.4573628 -0.3092168 0.4998451
1413394994.205760 -1.0159528 0.1999284 0.0666035 -0.6419529 0.4912571 -0.3330406 0.4854347
1413394994.405761 -1.0025679 0.1813648 0.0304192 -0.6149003 0.5242237 -0.3820032 0.4485095
1413394994.505760 -0.9970424 0.1701562 0.0251758 -0.6064591 0.5325372 -0.4052001 0.4294467
1413394994.905761 -0.9914587 0.1869209 0.0793849 -0.5819403 0.5446783 -0.4380949 0.4156248
1413394995.005760 -0.9982133 0.2082727 0.0899573 -0.5785258 0.5462182 -0.4352639 0.4213060
1413394995.205760 -1.0222199 0.2584555 0.0518656 -0.5701320 0.5618929 -0.4071281 0.4398552
1413394995.405761 -1.0492752 0.2958049 -0.0358284 -0.5882387 0.5738453 -0.3848659 0.4201846
1413394995.505760 -1.0552993 0.3073606 -0.0800464 -0.5942810 0.5737545 -0.3840316 0.4124994
1413394995.605761 -1.0536237 0.3167858 -0.1226810 -0.5960773 0.5719724 -0.3868149 0.4097729
1413394995.705760 -1.0433211 0.3256492 -0.1603866 -0.5913739 0.5659894 -0.3954111 0.4166330
1413394995.805760 -1.0296841 0.3340940 -0.1903619 -0.5835390 0.5605601 -0.4034206 0.4272078
1413394995.905761 -1.0167564 0.3413199 -0.2166711 -0.5775561 0.5581707 -0.4077595 0.4342887
1413394996.005760 -1.0053865 0.3461815 -0.2589904 -0.5776653 0.5563478 -0.4147809 0.4298101
1413394996.105761 -1.0103812 0.3489487 -0.2416596 -0.5712823 0.5513826 -0.4221932 0.4374548
1413394996.305760 -1.0204341 0.3534940 -0.2528920 -0.5763080 0.5443342 -0.4242250 0.4377244
1413394996.405761 -1.0195408 0.3510302 -0.2566461 -0.5775566 0.5462156 -0.4216295 0.4362402
1413394996.805760 -1.0189813 0.3514497 -0.2561944 -0.5787719 0.5450717 -0.4232208 0.4345159
1413394997.205760 -1.0186967 0.3515017 -0.2562040 -0.5787057 0.5455019 -0.4227674 0.4345057
1413394997.605761 -1.0184855 0.3514540 -0.2560877 -0.5785586 0.5454147 -0.4229876 0.4345967
1413394998.005760 -1.0193589 0.3518276 -0.2562881 -0.5783521 0.5455050 -0.4231563 0.4345939
1413394998.205760 -1.0194296 0.3522601 -0.2562813 -0.5782152 0.5454141 -0.4232853 0.4347644
1413394998.305760 -1.0196722 0.3524627 -0.2563657 -0.5781325 0.5454191 -0.4233369 0.4348181
