1413394886.605761 7.9370170 -2.3676257 5.8843675 -0.7995647 -0.0380679 0.0294458 0.5986486
1413394887.455760 7.9405298 -2.3844366 5.9466429 -0.8098654 -0.0400199 0.0093427 0.5851746
1413394887.705760 7.9310699 -2.3922410 6.0526366 -0.8195733 -0.0401871 0.0037401 0.5715510
1413394887.955760 7.9053082 -2.3876019 6.1411338 -0.8316579 -0.0394857 0.0024416 0.5538774
1413394890.105761 7.4731622 -2.0523195 6.5134506 -0.8867977 -0.0319894 0.0139282 0.4608389
1413394891.055760 7.5379338 -1.8124409 6.4058080 -0.8399997 -0.0376586 0.0171475 0.5410069
1413394891.405761 7.6103148 -1.7811003 6.3835020 -0.8729841 -0.0473711 0.0045582 0.4854216
1413394891.505760 7.6206284 -1.7147408 6.3881283 -0.8546432 -0.0481899 0.0041782 0.5169579
1413394891.555760 7.6238270 -1.6753135 6.3913455 -0.8441816 -0.0475777 0.0049145 0.5339192
1413394891.605761 7.6260061 -1.6333632 6.3941970 -0.8347486 -0.0495891 0.0031658 0.5483846
1413394893.405761 7.0090065 -1.3043985 6.8005266 -0.7236032 -0.4011480 0.2316727 0.5116702
1413394893.505760 6.9707894 -1.3503962 6.8148661 -0.7069815 -0.4149794 0.2335322 0.5229073
1413394893.605761 6.9331913 -1.4001613 6.8177786 -0.6948194 -0.4248239 0.2305849 0.5325235
1413394893.655761 6.9114580 -1.4266448 6.8169770 -0.6875443 -0.4294880 0.2256363 0.5402881
1413394896.355761 5.9816170 -4.3435812 6.4751120 -0.6419148 -0.5052060 0.3860293 0.4285948
1413394896.955760 5.8576603 -4.5596094 6.3424463 -0.6843472 -0.4325700 0.4687905 0.3532528
1413394897.055760 5.8532791 -4.4898825 6.3164196 -0.6871682 -0.4272610 0.4736924 0.3476542
1413394898.255760 6.0822835 -2.4434190 6.3728614 -0.6000616 -0.5275551 0.3577165 0.4833742
1413394898.355761 6.1177468 -2.2976551 6.3946476 -0.5871034 -0.5406677 0.3467902 0.4926710
1413394898.805760 6.3068223 -1.8736577 6.5142746 -0.5385500 -0.6178212 0.3403509 0.4608928
1413394899.255760 6.4217916 -1.8726163 6.6391287 -0.5365283 -0.6482264 0.3120738 0.4410781
1413394899.305760 6.4238482 -1.8992944 6.6440945 -0.5367904 -0.6474901 0.3138761 0.4405615
1413394899.505760 6.4100227 -2.0477271 6.6380873 -0.5532539 -0.6287007 0.3563563 0.4143137
1413394899.805760 6.3416662 -2.3467312 6.5690851 -0.5141425 -0.6590022 0.4048178 0.3708049
1413394899.905761 6.3057065 -2.4603825 6.5544634 -0.4874789 -0.6723253 0.4252396 0.3598811
1413394900.055760 6.2435145 -2.6418734 6.5530415 -0.4532914 -0.6840838 0.4643783 0.3330302
1413394900.105761 6.2218871 -2.7030501 6.5604305 -0.4403249 -0.6876063 0.4762497 0.3263400
1413394900.505760 6.0620041 -3.1658616 6.5774708 -0.3337159 -0.7200900 0.5305123 0.2977598
1413394900.555760 6.0480857 -3.2184839 6.5713573 -0.3186899 -0.7279116 0.5285711 0.2986539
1413394900.605761 6.0361075 -3.2711115 6.5638738 -0.3034782 -0.7356123 0.5256359 0.3008031
1413394901.005760 6.0856133 -3.7499042 6.5809436 -0.1946431 -0.7733552 0.5424809 0.2641028
1413394901.055760 6.1135569 -3.8192363 6.5993338 -0.1810965 -0.7761176 0.5479329 0.2541951
1413394901.155761 6.1831932 -3.9602427 6.6351709 -0.1546482 -0.7779289 0.5642974 0.2290831
1413394901.255760 6.2636547 -4.0983963 6.6658678 -0.1395863 -0.7748575 0.5863009 0.1906899
1413394901.305760 6.3080912 -4.1650319 6.6783628 -0.1335002 -0.7727991 0.5968503 0.1694961
1413394901.355761 6.3549294 -4.2299347 6.6891313 -0.1298217 -0.7708067 0.6063066 0.1462728
1413394901.605761 6.5970292 -4.5109911 6.7109127 -0.0977601 -0.7609884 0.6381387 0.0641777
1413394901.705760 6.6915936 -4.5958681 6.6974263 -0.0703990 -0.7752604 0.6256679 0.0505486
1413394902.205760 7.1899667 -4.8342562 6.6603427 0.1117939 -0.7763107 0.6198251 -0.0257058
1413394902.255760 7.2455454 -4.8433399 6.6589479 0.1244401 -0.7726067 0.6214650 -0.0370771
1413394902.405761 7.4164753 -4.8548803 6.6484303 0.1587604 -0.7530689 0.6351255 -0.0655593
1413394902.555760 7.5896311 -4.8304195 6.6365590 0.1643883 -0.7483900 0.6316015 -0.1181885
1413394902.605761 7.6448431 -4.8145165 6.6343970 0.1599111 -0.7506651 0.6258833 -0.1385652
1413394902.655761 7.6972380 -4.7960963 6.6326323 0.1549111 -0.7542148 0.6186103 -0.1564738
1413394902.705760 7.7461352 -4.7756128 6.6313801 0.1487839 -0.7591916 0.6095389 -0.1730720
1413394902.755760 7.7908869 -4.7542524 6.6311622 0.1424880 -0.7641338 0.6006771 -0.1870398
1413394902.805760 7.8305655 -4.7320156 6.6301107 0.1392396 -0.7686315 0.5931614 -0.1948783
1413394902.855761 7.8651104 -4.7101526 6.6295362 0.1381943 -0.7735285 0.5861570 -0.1974232
1413394902.955760 7.9195194 -4.6672626 6.6245208 0.1424201 -0.7825701 0.5760840 -0.1882231
1413394903.055760 7.9578042 -4.6273966 6.6109333 0.1421558 -0.7895429 0.5709187 -0.1745438
1413394903.155761 7.9825001 -4.5886889 6.5852852 0.1322001 -0.8031424 0.5574279 -0.1635832
1413394903.455760 7.9918618 -4.5228643 6.4664092 0.0938901 -0.8246781 0.5476049 -0.1059224
1413394903.605761 7.9724693 -4.5248890 6.4359627 0.0839346 -0.8119851 0.5719159 -0.0809151
1413394903.805760 7.9342413 -4.5347657 6.4485283 0.0849737 -0.8053751 0.5840439 -0.0551658
1413394904.155761 7.8775067 -4.5387621 6.4910383 0.0480592 -0.8217086 0.5673620 -0.0242036
1413394904.205760 7.8707705 -4.5395918 6.4945364 0.0265979 -0.8308546 0.5552910 -0.0250041
1413394904.455760 7.8106833 -4.5724707 6.5127459 -0.0637839 -0.8514460 0.5201084 0.0214122
1413394904.555760 7.8007469 -4.5951219 6.5099573 -0.1017208 -0.8440845 0.5236396 0.0545513
1413394904.855761 7.7603798 -4.7216372 6.5090532 -0.2087319 -0.7957548 0.5494196 0.1460939
1413394905.255760 7.7557139 -4.7722702 6.5761447 -0.3418236 -0.7173263 0.5632797 0.2265294
1413394905.705760 7.5784717 -4.7940469 6.6022224 -0.3987167 -0.7817684 0.4249272 0.2220363
1413394906.155761 7.1856217 -5.0706882 6.5716181 -0.3219877 -0.6373909 0.6342160 0.2963561
1413394906.255760 7.1569977 -5.0901980 6.5500727 -0.3455145 -0.6484488 0.6225535 0.2693717
1413394907.405761 7.2284455 -4.5945063 6.6104040 -0.5031921 -0.6461197 0.4680844 0.3320003
1413394907.455760 7.2660952 -4.5696630 6.6001644 -0.5329171 -0.6536649 0.4495353 0.2943462
1413394907.505760 7.2980499 -4.5432158 6.5894814 -0.5612276 -0.6527854 0.4365319 0.2614092
1413394907.555760 7.3246136 -4.5140796 6.5783510 -0.5860342 -0.6475575 0.4265359 0.2351603
1413394907.605761 7.3459768 -4.4828601 6.5670938 -0.6050968 -0.6454837 0.4114077 0.2189804
1413394907.705760 7.3600826 -4.4096918 6.5404110 -0.6152962 -0.6449985 0.3890637 0.2324154
1413394907.755760 7.3527355 -4.3689728 6.5239649 -0.6042771 -0.6442829 0.3872057 0.2642355
1413394907.805760 7.3375950 -4.3270760 6.5067997 -0.5859795 -0.6390150 0.3943390 0.3046059
1413394907.855761 7.3181705 -4.2851458 6.4866562 -0.5645531 -0.6306697 0.4055232 0.3450890
1413394907.955760 7.2804098 -4.2013988 6.4601421 -0.5206380 -0.6038764 0.4386998 0.4145019
1413394908.005760 7.2651911 -4.1612496 6.4478102 -0.5049681 -0.5934863 0.4508612 0.4353222
1413394908.105761 7.2518153 -4.0865264 6.4081860 -0.4964925 -0.5907522 0.4557557 0.4436146
1413394908.455760 7.2427578 -3.8331349 6.2441158 -0.5669489 -0.6794392 0.3396701 0.3186779
1413394908.505760 7.2534814 -3.8158345 6.2637959 -0.5753210 -0.6818871 0.3347525 0.3032763
1413394908.555760 7.2556462 -3.8009987 6.2885237 -0.5761723 -0.6813115 0.3381203 0.2991903
1413394908.605761 7.2384844 -3.7900882 6.3191385 -0.5641086 -0.6679562 0.3620211 0.3233524
1413394908.655761 7.2089543 -3.7824893 6.3549290 -0.5470706 -0.6595050 0.3823151 0.3458355
1413394908.705760 7.1762338 -3.7767429 6.3949146 -0.5284106 -0.6451626 0.4092575 0.3702104
1413394908.755760 7.1435204 -3.7720909 6.4369974 -0.5070224 -0.6302858 0.4346305 0.3959349
1413394909.255760 7.0713787 -3.7143030 6.8583364 -0.5199078 -0.6189550 0.4676757 0.3575893
1413394909.305760 7.0807538 -3.7051573 6.8817301 -0.5316833 -0.6246835 0.4482491 0.3551847
1413394909.405761 7.0872483 -3.6885109 6.9032221 -0.5661871 -0.6259279 0.4171883 0.3370465
1413394909.655761 7.0332804 -3.6028495 6.8368464 -0.5980781 -0.5491720 0.4405964 0.3828674
1413394910.555760 7.2154999 -3.0566616 6.6661596 -0.6194763 -0.5932564 0.3422042 0.3836564
1413394910.905761 7.1552019 -2.8644075 6.7150393 -0.5239490 -0.5032462 0.4838877 0.4879277
1413394910.955760 7.1582313 -2.8411961 6.7071066 -0.5213999 -0.4968449 0.4941353 0.4869474
1413394911.005760 7.1683846 -2.8173046 6.6971903 -0.5234603 -0.4952335 0.5001514 0.4801893
1413394911.305760 7.3224688 -2.6793232 6.6184559 -0.5947263 -0.5941908 0.3709755 0.3944809
1413394911.355761 7.3528924 -2.6480794 6.6042242 -0.6031709 -0.6046826 0.3516059 0.3832978
1413394911.405761 7.3775444 -2.6183844 6.5965147 -0.6133465 -0.6083826 0.3404765 0.3711504
1413394911.455760 7.3934631 -2.5911279 6.5834894 -0.6156881 -0.6106346 0.3362338 0.3674242
1413394911.505760 7.4003839 -2.5653090 6.5485754 -0.6184449 -0.6125293 0.3301591 0.3651419
1413394911.555760 7.4008846 -2.5400267 6.5121861 -0.6174091 -0.6087623 0.3324772 0.3710438
1413394911.655761 7.3867450 -2.4929996 6.4433222 -0.6060339 -0.5865065 0.3551950 0.4031991
1413394911.705760 7.3796568 -2.4755292 6.4233084 -0.5937827 -0.5692675 0.3754878 0.4270428
1413394911.755760 7.3720646 -2.4593143 6.4044509 -0.5797406 -0.5512296 0.3968243 0.4500860
1413394911.805760 7.3630867 -2.4456291 6.3916388 -0.5661461 -0.5256787 0.4158027 0.4798423
1413394912.105761 7.4074330 -2.4302716 6.4353056 -0.5909172 -0.5426170 0.3847187 0.4564812
1413394912.155761 7.4214520 -2.4300966 6.4437618 -0.6039436 -0.5549737 0.3615022 0.4433651
1413394912.305760 7.4531574 -2.4052157 6.4610262 -0.6363607 -0.5669791 0.3165370 0.4163943
1413394912.355761 7.4525375 -2.3876758 6.4558067 -0.6440586 -0.5625891 0.3066462 0.4179117
1413394912.405761 7.4472351 -2.3629217 6.4467506 -0.6540667 -0.5548993 0.3003810 0.4171988
1413394912.505760 7.4194474 -2.3145981 6.4328175 -0.6701754 -0.5313273 0.2971748 0.4245507
1413394912.555760 7.3984098 -2.2906413 6.4279604 -0.6754211 -0.5148386 0.3022723 0.4328731
1413394912.605761 7.3742552 -2.2662768 6.4231749 -0.6783627 -0.4971423 0.3084370 0.4444548
1413394912.755760 7.3424416 -2.2632775 6.4827080 -0.6929662 -0.4365722 0.3257399 0.4723305
1413394912.805760 7.3291616 -2.2669950 6.4972649 -0.6961605 -0.4264887 0.3300257 0.4738681
1413394912.855761 7.3135548 -2.2742982 6.5195532 -0.6992105 -0.4171041 0.3300172 0.4777212
1413394912.905761 7.2983284 -2.2801952 6.5407243 -0.7011316 -0.4115620 0.3266332 0.4820188
1413394912.955760 7.2837496 -2.2846608 6.5602264 -0.7016645 -0.4113272 0.3176706 0.4874036
1413394913.155761 7.1863050 -2.2511120 6.5135655 -0.6893589 -0.4176936 0.2850873 0.5186923
1413394913.205760 7.1773338 -2.2603483 6.5450358 -0.6837253 -0.4194352 0.2892748 0.5224116
1413394913.255760 7.1635590 -2.2741270 6.5820270 -0.6796924 -0.4247352 0.2909647 0.5224537
1413394913.305760 7.1483464 -2.2881050 6.6165962 -0.6720839 -0.4275929 0.2952074 0.5275605
1413394913.355761 7.1325822 -2.3017874 6.6472840 -0.6628517 -0.4348597 0.3036231 0.5285241
1413394913.405761 7.1176009 -2.3179488 6.6764503 -0.6533098 -0.4453364 0.3116021 0.5270350
1413394913.455760 7.1053262 -2.3321056 6.6990047 -0.6409975 -0.4564645 0.3166691 0.5296066
1413394913.505760 7.0983858 -2.3426809 6.7131047 -0.6283430 -0.4714948 0.3235895 0.5274159
1413394913.555760 7.0929136 -2.3557596 6.7234998 -0.6140614 -0.4889672 0.3282981 0.5254141
1413394913.605761 7.0878944 -2.3704915 6.7256341 -0.6005499 -0.5143430 0.3216599 0.5208897
1413394913.655761 7.0811920 -2.3872967 6.7192116 -0.5848809 -0.5336391 0.3253647 0.5169927
1413394913.705760 7.0754528 -2.4080620 6.7090464 -0.5722552 -0.5526575 0.3294080 0.5085117
1413394913.955760 7.0343289 -2.5010872 6.4652839 -0.5235860 -0.6279947 0.3741014 0.4376397
1413394914.005760 7.0279799 -2.5328007 6.4271402 -0.5150948 -0.6372018 0.3874032 0.4225754
1413394914.105761 7.0154886 -2.6024041 6.3476973 -0.4893753 -0.6585302 0.4065679 0.4019359
1413394914.155761 7.0096035 -2.6403604 6.3119001 -0.4730587 -0.6704785 0.4127352 0.3953780
1413394914.205760 7.0035019 -2.6813827 6.2812729 -0.4549500 -0.6820706 0.4184335 0.3907860
1413394914.255760 6.9974489 -2.7264709 6.2557592 -0.4369554 -0.6944430 0.4221669 0.3854790
1413394914.305760 6.9917521 -2.7763109 6.2359257 -0.4188740 -0.7051594 0.4276786 0.3799814
1413394914.355761 6.9871244 -2.8304906 6.2206326 -0.4000212 -0.7161882 0.4308976 0.3760119
1413394914.455760 6.9820814 -2.9538994 6.2041245 -0.3677186 -0.7346465 0.4405504 0.3619295
1413394914.505760 6.9815221 -3.0226359 6.2009187 -0.3491132 -0.7428542 0.4425290 0.3611866
1413394914.555760 6.9855227 -3.0931339 6.2021236 -0.3354900 -0.7510260 0.4435121 0.3559541
1413394914.605761 6.9930329 -3.1662469 6.2054968 -0.3301136 -0.7542189 0.4515135 0.3439686
1413394914.655761 7.0014515 -3.2352672 6.2016830 -0.3157275 -0.7615085 0.4511496 0.3418845
1413394914.705760 7.0102906 -3.2942839 6.1893930 -0.3101386 -0.7646406 0.4565906 0.3326616
1413394914.755760 7.0211701 -3.3574572 6.1740966 -0.3068020 -0.7672938 0.4628363 0.3208043
1413394914.805760 7.0359817 -3.4192367 6.1564212 -0.2983037 -0.7716434 0.4635776 0.3172969
1413394914.855761 7.0548763 -3.4807057 6.1381774 -0.2919939 -0.7754124 0.4664833 0.3096265
1413394914.955760 7.0978584 -3.6148973 6.0899229 -0.2715469 -0.7822484 0.4715542 0.3032924
1413394915.005760 7.1227255 -3.6877127 6.0592680 -0.2588485 -0.7857539 0.4735205 0.3022690
1413394915.055760 7.1574931 -3.7550001 6.0311160 -0.2443223 -0.7897456 0.4719137 0.3064407
1413394915.105761 7.2034860 -3.8170695 6.0089393 -0.2275923 -0.7936254 0.4743741 0.3054992
1413394915.155761 7.2537665 -3.8844442 5.9858093 -0.2103945 -0.7996777 0.4737827 0.3029518
1413394915.205760 7.3082266 -3.9577136 5.9627442 -0.1918586 -0.8053637 0.4735063 0.3006183
1413394915.255760 7.3677902 -4.0370727 5.9391947 -0.1737507 -0.8114126 0.4730854 0.2959909
1413394915.355761 7.5357828 -4.2158723 5.8689747 -0.1444222 -0.8169830 0.4779776 0.2884760
1413394915.405761 7.6391811 -4.3097105 5.8376646 -0.1280854 -0.8209959 0.4789389 0.2831562
1413394915.455760 7.7433777 -4.4081426 5.8089070 -0.1104167 -0.8207332 0.4859707 0.2793523
1413394915.505760 7.8499179 -4.5147929 5.7700539 -0.0945560 -0.8229646 0.4907267 0.2701402
1413394915.555760 7.9642162 -4.6274023 5.7316184 -0.0816806 -0.8240263 0.4994499 0.2546740
1413394915.605761 8.0862198 -4.7452178 5.6931477 -0.0729132 -0.8241180 0.5115204 0.2320773
1413394915.655761 8.2149858 -4.8668289 5.6540484 -0.0666405 -0.8242355 0.5236129 0.2049986
1413394915.705760 8.3495522 -4.9911156 5.6143637 -0.0588508 -0.8240589 0.5349424 0.1769181
1413394915.755760 8.4886551 -5.1172962 5.5737901 -0.0487723 -0.8241500 0.5438596 0.1503823
1413394915.805760 8.6314087 -5.2451382 5.5338173 -0.0342778 -0.8215356 0.5542783 0.1291502
1413394915.855761 8.7778168 -5.3738656 5.4942818 -0.0185011 -0.8178062 0.5647574 0.1090855
1413394915.905761 8.9270945 -5.5033064 5.4549050 -0.0017502 -0.8145460 0.5728313 0.0915213
1413394915.955760 9.0787802 -5.6330757 5.4153929 0.0149005 -0.8123527 0.5780122 0.0759148
1413394916.005760 9.2330589 -5.7629957 5.3760171 0.0292201 -0.8114457 0.5806772 0.0592963
1413394916.055760 9.3894615 -5.8927536 5.3369379 0.0432068 -0.8109215 0.5818333 0.0448262
1413394916.105761 9.5472727 -5.9994845 5.3009844 0.0539238 -0.8079081 0.5861511 0.0283462
1413394916.155761 9.7054796 -6.0827980 5.2666912 0.0653872 -0.8104345 0.5819345 0.0165197
1413394916.205760 9.8654470 -6.1656418 5.2314157 0.0758908 -0.8176393 0.5706826 0.0052926
1413394916.255760 10.0271482 -6.2491593 5.1965904 0.0865089 -0.8247078 0.5588864 -0.0043787
1413394916.305760 10.1908045 -6.3338413 5.1619453 0.0972576 -0.8330967 0.5443205 -0.0143521
1413394916.355761 10.3566809 -6.4207315 5.1279893 0.1041439 -0.8393838 0.5326697 -0.0291885
1413394916.405761 10.5242672 -6.5102224 5.0930929 0.1081743 -0.8448115 0.5218499 -0.0475881
1413394916.455760 10.6930771 -6.6024504 5.0559683 0.1084565 -0.8495287 0.5113885 -0.0708529
1413394916.505760 10.8620338 -6.6983461 5.0161576 0.1092754 -0.8526059 0.5022949 -0.0939253
1413394916.555760 11.0307713 -6.7988982 4.9740791 0.1080844 -0.8521277 0.4978355 -0.1198161
1413394916.605761 11.1986256 -6.9041233 4.9293370 0.1055043 -0.8492355 0.4954399 -0.1490210
1413394916.655761 11.3641949 -7.0140023 4.8809857 0.1062357 -0.8449199 0.4935547 -0.1767151
1413394916.705760 11.5263596 -7.1276026 4.8273358 0.1152769 -0.8427144 0.4873621 -0.1975396
1413394916.755760 11.6845722 -7.2461667 4.7696776 0.1326077 -0.8400133 0.4819525 -0.2109853
1413394916.855761 11.9899082 -7.4987607 4.6433611 0.1777666 -0.8368884 0.4652975 -0.2269696
1413394916.955760 12.2842541 -7.7725997 4.5014725 0.2285536 -0.8326916 0.4463754 -0.2348129
1413394917.155761 12.8683920 -8.3921127 4.1946745 0.3446817 -0.8032645 0.4246813 -0.2358102
1413394917.355761 13.4980078 -9.0949936 3.8793907 0.4296649 -0.7703858 0.3991238 -0.2501881
1413394917.455760 13.8426523 -9.4740429 3.7191267 0.4499027 -0.7597121 0.3901569 -0.2611566
1413394917.555760 14.2104225 -9.8715239 3.5562477 0.4656523 -0.7449471 0.3969541 -0.2657991
1413394917.655761 14.6057606 -10.2860384 3.3923616 0.4762861 -0.7314631 0.4091524 -0.2659091
1413394917.755760 15.0278702 -10.7122068 3.2347507 0.4794748 -0.7229325 0.4214060 -0.2643665
1413394917.855761 15.4790783 -11.1466465 3.0895920 0.4892844 -0.7099425 0.4373062 -0.2556283
1413394917.955760 15.9532223 -11.5817862 2.9512587 0.5028962 -0.6985512 0.4430333 -0.2506854
1413394918.055760 16.4462147 -12.0136194 2.8086710 0.5106900 -0.6930723 0.4377429 -0.2592834
1413394918.155761 16.9585495 -12.4419193 2.6608248 0.5051870 -0.6979061 0.4168740 -0.2897056
1413394918.255760 17.4866219 -12.8748465 2.5117207 0.4996314 -0.7006009 0.3933724 -0.3237051
1413394918.355761 18.0282173 -13.3193188 2.3616066 0.4920108 -0.7084887 0.3585288 -0.3569682
1413394918.455760 18.5823536 -13.7848845 2.2099600 0.4876811 -0.7092459 0.3316946 -0.3861557
1413394918.555760 19.1480789 -14.2790127 2.0553188 0.4949128 -0.6980766 0.3208108 -0.4059936
1413394918.655761 19.7236862 -14.8024521 1.8957024 0.5155693 -0.6780219 0.3201666 -0.4146902
1413394918.755760 20.3078251 -15.3525324 1.7309217 0.5416524 -0.6520320 0.3277406 -0.4171966
1413394918.855761 20.9011040 -15.9247627 1.5654106 0.5629568 -0.6233803 0.3430750 -0.4204475
1413394918.955760 21.5034714 -16.5135460 1.4077187 0.5733883 -0.5948671 0.3614980 -0.4320629
1413394919.055760 22.1091042 -17.1134720 1.2655525 0.5739365 -0.5762671 0.3628288 -0.4548279
1413394919.155761 22.7111530 -17.7258301 1.1385746 -0.5744815 0.5593949 -0.3555404 0.4802492
1413394919.255760 23.3063641 -18.3539753 1.0256348 -0.5787225 0.5386516 -0.3466041 0.5047775
1413394919.355761 23.8936672 -18.9988937 0.9171696 -0.5890371 0.5093628 -0.3455153 0.5236450
1413394919.455760 24.4716206 -19.6596775 0.8083630 -0.6066005 0.4749485 -0.3510883 0.5321624
1413394919.555760 25.0369301 -20.3319168 0.6956582 -0.6361434 0.4492814 -0.3421820 0.5257180
1413394919.655761 25.5900955 -21.0114155 0.5754869 -0.6640289 0.4384292 -0.3086311 0.5211452
1413394919.755760 26.1396255 -21.6967087 0.4467392 -0.6840239 0.4345362 -0.2632079 0.5234609
1413394919.855761 26.6939678 -22.3891888 0.3079606 -0.7002525 0.4304150 -0.2166482 0.5267380
1413394919.955760 27.2591228 -23.0904408 0.1567829 -0.7166115 0.4132380 -0.1823482 0.5314617
1413394920.055760 27.8375664 -23.8013268 -0.0075407 -0.7332087 0.3852685 -0.1548380 0.5385151
1413394920.155761 28.4302902 -24.5209160 -0.1869078 -0.7487779 0.3529104 -0.1303597 0.5457036
1413394920.255760 29.0383072 -25.2483616 -0.3819866 -0.7639858 0.3160937 -0.1125878 0.5511212
1413394920.355761 29.6624126 -25.9822617 -0.5887623 -0.7722560 0.2743253 -0.1091138 0.5625482
1413394920.555760 30.9439049 -27.4679241 -1.0086784 -0.7754501 0.1983711 -0.1181219 0.5876847
1413394920.655761 31.5925331 -28.2210197 -1.2167263 -0.7761988 0.1690817 -0.1303008 0.5932525
1413394920.755760 32.2383995 -28.9808846 -1.4218674 -0.7783180 0.1514768 -0.1377877 0.5935406
1413394920.855761 32.8772202 -29.7477837 -1.6262321 -0.7813112 0.1507064 -0.1292605 0.5917196
1413394920.955760 33.5117760 -30.5199585 -1.8363228 -0.7819126 0.1556798 -0.1210557 0.5913730
1413394921.155761 34.7776299 -32.0786438 -2.2769661 -0.7718515 0.1893316 -0.0894678 0.6003284
1413394921.355761 36.0639992 -33.6754761 -2.7585430 -0.7540148 0.2446317 -0.0337084 0.6086712
1413394921.455760 36.7307129 -34.4946632 -3.0188599 -0.7477473 0.2744782 -0.0014281 0.6045938
1413394921.555760 37.4241600 -35.3310013 -3.2975903 -0.7519572 0.2814528 -0.0047095 0.5960894
1413394921.655761 38.1477966 -36.1844902 -3.5853081 -0.7558129 0.2641412 -0.0486237 0.5971699
1413394921.755760 38.8913651 -37.0540047 -3.8752918 -0.7546048 0.2415890 -0.0957744 0.6025227
1413394921.855761 39.6427383 -37.9379272 -4.1606903 -0.7462375 0.2225746 -0.1208863 0.6156109
1413394921.955760 40.3945618 -38.8369102 -4.4360828 -0.7268187 0.2115003 -0.1123493 0.6437235
1413394922.055760 41.1470795 -39.7606621 -4.7013226 -0.7140269 0.1988996 -0.0857177 0.6657755
1413394922.155761 41.9043159 -40.7158432 -4.9561787 -0.7143001 0.1740640 -0.0649072 0.6747327
1413394922.555760 44.9953842 -44.8118324 -5.8621597 -0.7671995 0.0649556 -0.0437130 0.6366121
1413394922.655761 45.7738914 -45.8803368 -6.0533714 -0.7673283 0.0673065 -0.0188937 0.6374325
1413394922.855761 47.3515854 -48.0583649 -6.4470253 -0.7779580 0.0711591 0.0062432 0.6242426
1413394923.055760 48.9682884 -50.2808685 -6.8568230 -0.7871739 0.0711166 0.0082665 0.6125613
1413394923.155761 49.7902222 -51.4032326 -7.0787239 -0.7879906 0.0697142 0.0027147 0.6117216
1413394923.255760 50.6218147 -52.5325775 -7.3032875 -0.7785193 0.0604740 -0.0175433 0.6244540
1413394923.355761 51.4566765 -53.6742172 -7.5278320 -0.7712587 0.0576003 -0.0252881 0.6334057
1413394923.455760 52.2909927 -54.8317223 -7.7555084 -0.7759449 0.0576301 -0.0121929 0.6280444
1413394923.555760 53.1277695 -56.0028763 -7.9856644 -0.7836955 0.0484010 0.0033655 0.6192476
1413394923.655761 53.9698372 -57.1836510 -8.2201996 -0.7833613 0.0269994 0.0120156 0.6208638
1413394923.755760 54.8164558 -58.3734665 -8.4657822 -0.7758650 -0.0037678 0.0145004 0.6307211
1413394923.855761 55.6640968 -59.5754166 -8.7240677 -0.7672504 -0.0344017 0.0225551 0.6400270
1413394923.955760 56.5123711 -60.7920532 -8.9953766 -0.7587102 -0.0639711 0.0350786 0.6473299
1413394924.055760 57.3606415 -62.0262146 -9.2799377 -0.7507892 -0.0927193 0.0514108 0.6519784
1413394924.155761 58.2088547 -63.2805748 -9.5690231 -0.7440804 -0.1176995 0.0767757 0.6531439
1413394924.255760 59.0590057 -64.5571136 -9.8582687 -0.7402837 -0.1401279 0.1101607 0.6482352
1413394924.355761 59.9150887 -65.8547134 -10.1491241 -0.7371058 -0.1630764 0.1441711 0.6397623
1413394924.455760 60.7810440 -67.1699142 -10.4429474 -0.7282006 -0.1923819 0.1644998 0.6369088
1413394924.555760 61.6566734 -68.5034103 -10.7392807 -0.7177492 -0.2225410 0.1807118 0.6345509
1413394924.655761 62.5414238 -69.8559875 -11.0388336 -0.7064871 -0.2592799 0.1888392 0.6308643
1413394924.755760 63.4336967 -71.2285233 -11.3396759 -0.6907651 -0.2959792 0.1963402 0.6298336
1413394924.855761 64.3317108 -72.6223221 -11.6412125 -0.6671529 -0.3308583 0.2002927 0.6366495
1413394925.005760 65.6889725 -74.7628708 -12.0984192 -0.6310902 -0.3724813 0.2006242 0.6501791
1413394925.205760 67.5151215 -77.7350922 -12.7278214 -0.6169695 -0.4145760 0.1906251 0.6412001
1413394925.605761 71.1522827 -84.0905609 -14.0965805 -0.6176018 -0.4426106 0.2100734 0.6152505
1413394925.655761 71.6041870 -84.9189529 -14.2834244 -0.6194267 -0.4408868 0.2167213 0.6123408
1413394925.705760 72.0556946 -85.7549896 -14.4720459 -0.6240225 -0.4350822 0.2288664 0.6073875
1413394925.755760 72.5076904 -86.5980072 -14.6613235 -0.6294337 -0.4286518 0.2411577 0.6015928
1413394925.955760 74.3261032 -90.0264511 -15.4251404 -0.6422871 -0.4141573 0.2685085 0.5863824
1413394926.355761 78.0263062 -97.1238251 -16.9889526 -0.6358045 -0.4426033 0.2514323 0.5802041
1413394926.405761 78.4920425 -98.0358582 -17.1871948 -0.6386945 -0.4428331 0.2535717 0.5759076
1413394926.455760 78.9580460 -98.9531708 -17.3858948 -0.6411011 -0.4440590 0.2566699 0.5708954
1413394926.505760 79.4240341 -99.8756104 -17.5848541 -0.6411211 -0.4465801 0.2616144 0.5666461
1413394926.655761 80.8190231 -102.6759567 -18.1876831 -0.6280977 -0.4612782 0.2940438 0.5534021
1413394926.705760 81.2749176 -103.6252670 -18.3985138 -0.6234418 -0.4673790 0.3125756 0.5432989
1413394926.755760 81.7328491 -104.5783844 -18.6098938 -0.6184506 -0.4748056 0.3306804 0.5317227
1413394926.805760 82.1922760 -105.5369415 -18.8120575 -0.6096699 -0.4806188 0.3530826 0.5221504
1413394926.855761 82.6533203 -106.5013580 -19.0005035 -0.6049855 -0.4871690 0.3729664 0.5074989
1413394926.905761 83.1176300 -107.4668427 -19.1908264 -0.5983808 -0.4958478 0.3883066 0.4952711
1413394926.955760 83.5845184 -108.4326172 -19.3830566 -0.5927857 -0.5042750 0.4009915 0.4832367
1413394927.055760 84.5254059 -110.3620605 -19.7759094 -0.5767269 -0.5230941 0.4110610 0.4741178
1413394927.105761 85.0045242 -111.3226776 -19.9650726 -0.5666677 -0.5375043 0.3994476 0.4800194
1413394927.155761 85.4954376 -112.2800446 -20.1383972 -0.5547736 -0.5501165 0.3906920 0.4867833
1413394927.205760 85.9885941 -113.2394485 -20.3113251 -0.5422443 -0.5604737 0.3821217 0.4958057
1413394927.255760 86.4839859 -114.2020950 -20.4831085 -0.5313429 -0.5698200 0.3722822 0.5043668
1413394927.305760 86.9821320 -115.1699066 -20.6510620 -0.5242957 -0.5761752 0.3655393 0.5094283
1413394927.355761 87.4840240 -116.1431961 -20.8176575 -0.5204158 -0.5820928 0.3581982 0.5118882
1413394927.455760 88.4920654 -118.1094971 -21.1409454 -0.5212759 -0.5865021 0.3538896 0.5089684
1413394927.555760 89.5097656 -120.1013947 -21.4563141 -0.5269655 -0.5874926 0.3531348 0.5024498
1413394927.605761 90.0223083 -121.1064758 -21.6106873 -0.5290453 -0.5868367 0.3537488 0.5005952
1413394927.655761 90.5371399 -122.1173401 -21.7641449 -0.5292805 -0.5861757 0.3556049 0.4998053
1413394927.705760 91.0539932 -123.1336060 -21.9186401 -0.5294197 -0.5875047 0.3555213 0.4981543
1413394927.755760 91.5722427 -124.1553421 -22.0732422 -0.5277923 -0.5875230 0.3582172 0.4979282
1413394927.805760 92.0919113 -125.1815643 -22.2308655 -0.5239804 -0.5889991 0.3578580 0.5004622
1413394927.855761 92.6120834 -126.2093048 -22.3970642 -0.5203785 -0.5869933 0.3637227 0.5023453
1413394927.905761 93.1330795 -127.2360687 -22.5764160 -0.5194120 -0.5878409 0.3636350 0.5024180
1413394927.955760 93.6555176 -128.2676392 -22.7593079 -0.5190639 -0.5885168 0.3638065 0.5018621
1413394928.005760 94.1795731 -129.3038483 -22.9454956 -0.5182644 -0.5884253 0.3651997 0.5017837
1413394928.055760 94.7055969 -130.3446045 -23.1351013 -0.5127126 -0.5898202 0.3646932 0.5061985
1413394928.105761 95.2329025 -131.3906860 -23.3268890 -0.5064710 -0.5906930 0.3632878 0.5124363
1413394928.155761 95.7580032 -132.4416351 -23.5308838 -0.4946425 -0.5887238 0.3625129 0.5266097
1413394928.205760 96.2808151 -133.4987946 -23.7503967 -0.4867722 -0.5866451 0.3643247 0.5349467
1413394928.255760 96.8068771 -134.5626831 -23.9719696 -0.4789550 -0.5851942 0.3652512 0.5429010
1413394928.305760 97.3390732 -135.6360474 -24.1918335 -0.4707790 -0.5791923 0.3742926 0.5502803
1413394928.355761 97.8794937 -136.7197876 -24.4108429 -0.4668380 -0.5769887 0.3761160 0.5546918
1413394928.405761 98.4254990 -137.8112030 -24.6307526 -0.4663763 -0.5746518 0.3792695 0.5553586
1413394928.455760 98.9828644 -138.9133301 -24.8429565 -0.4777988 -0.5736194 0.3838172 0.5434643
1413394928.505760 99.5529556 -140.0264587 -25.0434265 -0.4857058 -0.5712282 0.3886781 0.5354603
1413394928.555760 100.1278076 -141.1452332 -25.2445984 -0.4913251 -0.5695145 0.3917396 0.5298990
1413394928.605761 100.7066879 -142.2700195 -25.4465027 -0.4955857 -0.5701105 0.3921252 0.5249825
1413394928.655761 101.2886047 -143.4009705 -25.6477814 -0.4994925 -0.5691541 0.3931921 0.5215082
1413394928.705760 101.8741989 -144.5368500 -25.8500671 -0.5023891 -0.5690035 0.3927085 0.5192498
1413394928.755760 102.4634399 -145.6775513 -26.0534515 -0.5041747 -0.5686131 0.3918208 0.5186169
1413394928.805760 103.0564423 -146.8227234 -26.2590332 -0.5055797 -0.5686772 0.3902597 0.5183559
1413394928.855761 103.6526413 -147.9716949 -26.4678955 -0.5041929 -0.5694506 0.3865572 0.5216216
1413394928.905761 104.2516098 -149.1250916 -26.6802826 -0.5014430 -0.5709743 0.3819529 0.5259805
1413394928.955760 104.8530884 -150.2833862 -26.8963470 -0.5009043 -0.5715790 0.3791782 0.5278412
1413394929.055760 106.0677032 -152.6154480 -27.3384094 -0.5006476 -0.5703679 0.3788588 0.5296210
1413394929.105761 106.6805038 -153.7897949 -27.5625458 -0.4991217 -0.5678189 0.3821711 0.5314175
1413394929.155761 107.2969818 -154.9695740 -27.7877808 -0.4962086 -0.5645804 0.3863831 0.5345411
1413394929.205760 107.9153748 -156.1533966 -28.0206604 -0.4916895 -0.5585358 0.3949113 0.5388176
1413394929.255760 108.5351639 -157.3398743 -28.2645111 -0.4916589 -0.5552102 0.4001376 0.5384266
1413394929.305760 109.1603622 -158.5314941 -28.5087585 -0.4924939 -0.5511573 0.4074032 0.5363749
1413394929.355761 109.7933960 -159.7271423 -28.7552948 -0.5001851 -0.5482476 0.4084777 0.5313995
1413394929.405761 110.4353943 -160.9259949 -29.0048370 -0.5025606 -0.5467230 0.4111639 0.5286502
1413394929.455760 111.0826492 -162.1290436 -29.2550049 -0.5060520 -0.5471525 0.4113552 0.5247118
1413394929.505760 111.7347717 -163.3357544 -29.5062256 -0.5118117 -0.5498182 0.4082889 0.5186993
1413394929.755760 115.0399551 -169.4080353 -30.8001556 -0.5293329 -0.5687127 0.3773400 0.5039713
1413394929.805760 115.7032623 -170.6262207 -31.0767975 -0.5283544 -0.5698727 0.3740483 0.5061370
1413394929.855761 116.3619690 -171.8464050 -31.3627625 -0.5222207 -0.5665612 0.3763291 0.5144611
1413394929.905761 117.0142059 -173.0682983 -31.6602936 -0.5201130 -0.5645671 0.3781377 0.5174537
1413394929.955760 117.6693268 -174.2948303 -31.9609680 -0.5163582 -0.5613490 0.3822769 0.5216568
1413394930.005760 118.3275146 -175.5256500 -32.2653961 -0.5118777 -0.5578901 0.3863498 0.5267579
1413394930.155761 120.3221893 -179.2519684 -33.1963501 -0.4977749 -0.5503964 0.3933715 0.5427180
1413394930.205760 120.9945221 -180.5075073 -33.5084686 -0.4934248 -0.5482794 0.3962509 0.5467239
1413394930.255760 121.6762314 -181.7665405 -33.8205872 -0.4928560 -0.5426874 0.4000703 0.5500248
1413394930.305760 122.3707275 -183.0277100 -34.1333923 -0.4911480 -0.5373097 0.4088258 0.5503938
1413394930.355761 123.0713959 -184.2935333 -34.4476776 -0.4949851 -0.5343454 0.4140231 0.5459391
1413394930.405761 123.7810135 -185.5656281 -34.7532806 -0.5060785 -0.5364977 0.4137402 0.5337356
1413394930.455760 124.4963531 -186.8381805 -35.0607147 -0.5157604 -0.5427043 0.4071760 0.5231358
1413394930.505760 125.2106705 -188.1051636 -35.3936310 -0.5338959 -0.5520137 0.3947172 0.5044149
1413394930.555760 125.9283981 -189.3752136 -35.7296448 -0.5523816 -0.5614720 0.3805117 0.4845975
1413394930.605761 126.6509705 -190.6485291 -36.0643616 -0.5718325 -0.5667686 0.3683267 0.4648831
1413394930.655761 127.3818512 -191.9219971 -36.4007263 -0.5851968 -0.5751830 0.3550655 0.4479262
1413394930.705760 128.1141357 -193.1931915 -36.7455902 -0.5900646 -0.5826966 0.3404152 0.4431770
1413394930.755760 128.8428650 -194.4667664 -37.0899658 -0.5879940 -0.5868549 0.3312390 0.4473759
1413394930.805760 129.5679321 -195.7433472 -37.4333038 -0.5771885 -0.5866029 0.3301802 0.4623111
1413394930.855761 130.2914124 -197.0238647 -37.7759552 -0.5636859 -0.5831902 0.3339618 0.4802260
1413394930.905761 131.0137329 -198.3092957 -38.1173248 -0.5485862 -0.5757641 0.3439457 0.4992498
1413394930.955760 131.7366486 -199.6003113 -38.4569702 -0.5313852 -0.5665510 0.3571799 0.5187218
1413394931.055760 133.1845551 -202.1873627 -39.1498871 -0.5015779 -0.5458756 0.3823422 0.5515921
1413394931.105761 133.9153748 -203.4878998 -39.4978638 -0.4941818 -0.5400189 0.3894875 0.5589843
1413394931.205760 135.3961182 -206.1079407 -40.1899872 -0.4862304 -0.5334706 0.3949780 0.5683146
1413394931.255760 136.1471405 -207.4284058 -40.5328979 -0.4843644 -0.5304432 0.3986131 0.5702006
1413394931.355761 137.6573792 -210.0911713 -41.2160034 -0.4740964 -0.5198436 0.4077670 0.5819979
1413394931.405761 138.4216156 -211.4329224 -41.5570984 -0.4747885 -0.5174727 0.4111456 0.5811687
1413394931.505760 139.9675598 -214.1405792 -42.2564392 -0.4870859 -0.5217485 0.3967300 0.5771752
1413394931.555760 140.7494812 -215.5043488 -42.6136475 -0.4974433 -0.5281843 0.3850255 0.5703744
1413394931.605761 141.5363159 -216.8735504 -42.9739685 -0.5054527 -0.5342880 0.3752258 0.5641450
1413394931.655761 142.3320618 -218.2488403 -43.3305054 -0.5108265 -0.5420244 0.3667319 0.5574706
1413394931.705760 143.1379089 -219.6304779 -43.6802368 -0.5105465 -0.5500375 0.3585310 0.5552087
1413394931.755760 143.9471130 -221.0181122 -44.0326538 -0.5055958 -0.5600627 0.3503469 0.5549412
1413394931.805760 144.7595520 -222.4125977 -44.3880005 -0.4976059 -0.5712377 0.3443177 0.5545459
1413394931.855761 145.5751343 -223.8146820 -44.7460022 -0.4886107 -0.5829402 0.3425035 0.5514815
1413394931.905761 146.3935242 -225.2247009 -45.1069336 -0.4809994 -0.5938445 0.3467080 0.5438582
1413394931.955760 147.2143707 -226.6427612 -45.4692993 -0.4732324 -0.6039191 0.3557040 0.5336737
1413394932.005760 148.0384216 -228.0687866 -45.8314972 -0.4633738 -0.6127668 0.3689653 0.5231313
1413394932.055760 148.8675995 -229.4970398 -46.1975555 -0.4562188 -0.6270919 0.3737416 0.5088589
1413394932.105761 149.7009125 -230.9257507 -46.5683746 -0.4419641 -0.6336681 0.3933327 0.4984193
1413394932.155761 150.5384064 -232.3615417 -46.9370575 -0.4286331 -0.6410165 0.4116017 0.4857526
1413394932.205760 151.3845062 -233.8034363 -47.2991638 -0.4151791 -0.6463676 0.4336545 0.4709341
1413394932.255760 152.2353973 -235.2519531 -47.6624908 -0.3968946 -0.6479396 0.4604223 0.4589776
1413394932.305760 153.0795441 -236.7024231 -48.0492554 -0.3849394 -0.6554590 0.4765427 0.4417038
1413394932.355761 153.9227448 -238.1475830 -48.4542999 -0.3696901 -0.6632866 0.4895936 0.4285770
1413394932.405761 154.7703247 -239.5951538 -48.8604126 -0.3513989 -0.6705725 0.5004064 0.4200532
1413394932.455760 155.6229553 -241.0450134 -49.2695007 -0.3326169 -0.6773269 0.5105168 0.4122705
1413394932.505760 156.4808960 -242.4964905 -49.6823273 -0.3137708 -0.6845769 0.5181435 0.4054993
1413394932.555760 157.3466492 -243.9483643 -50.0960464 -0.2971226 -0.6958973 0.5183938 0.3983879
1413394932.605761 158.2211914 -245.4012299 -50.5083084 -0.2800561 -0.7036032 0.5227693 0.3914376
1413394932.755760 160.8797607 -249.7738190 -51.7658920 -0.2414021 -0.7335448 0.5219882 0.3621677
1413394932.855761 162.6818848 -252.7011414 -52.6150169 -0.2280135 -0.7617973 0.5055370 0.3348241
1413394932.905761 163.5902710 -254.1654663 -53.0488205 -0.2228054 -0.7743146 0.4973681 0.3215892
1413394932.955760 164.5026855 -255.6341553 -53.4842491 -0.2177162 -0.7857015 0.4893432 0.3095418
1413394933.005760 165.4172668 -257.1054077 -53.9235001 -0.2145327 -0.7978802 0.4794886 0.2957256
1413394933.055760 166.3325806 -258.5785522 -54.3682556 -0.2080428 -0.8056888 0.4760043 0.2846115
1413394933.105761 167.2503662 -260.0570068 -54.8162918 -0.1996719 -0.8123933 0.4737019 0.2752361
1413394933.155761 168.1661987 -261.5349731 -55.2669449 -0.1940856 -0.8199044 0.4696008 0.2637474
1413394933.255760 169.9893188 -264.4887695 -56.1783028 -0.1736545 -0.8269624 0.4750322 0.2456050
1413394933.305760 170.9042969 -265.9730225 -56.6401138 -0.1621846 -0.8296391 0.4780807 0.2383984
1413394933.355761 171.8214417 -267.4622192 -57.1061478 -0.1510747 -0.8320931 0.4807775 0.2316253
1413394933.405761 172.7409973 -268.9564819 -57.5761795 -0.1406456 -0.8342247 0.4835683 0.2246103
1413394933.455760 173.6630859 -270.4551697 -58.0506744 -0.1303537 -0.8364787 0.4856383 0.2178689
1413394933.505760 174.5878601 -271.9588013 -58.5289650 -0.1208684 -0.8387859 0.4872561 0.2107376
1413394933.605761 176.4461975 -274.9804077 -59.4897842 -0.1023112 -0.8412147 0.4926087 0.1980582
1413394933.655761 177.3811951 -276.4953918 -59.9620361 -0.0926175 -0.8411596 0.4977250 0.1901115
1413394933.705760 178.3192749 -278.0161133 -60.4344101 -0.0827794 -0.8402831 0.5034025 0.1834608
1413394933.805760 180.2057190 -281.0728760 -61.3792114 -0.0671081 -0.8380033 0.5138001 0.1710456
1413394933.905761 182.1063843 -284.1462097 -62.3266144 -0.0549105 -0.8418552 0.5123976 0.1603542
1413394933.955760 183.0623169 -285.6887207 -62.8022156 -0.0485020 -0.8480868 0.5044022 0.1548382
1413394934.055760 184.9859314 -288.7892761 -63.7537689 -0.0338419 -0.8595985 0.4905263 0.1390289
1413394934.155761 186.9241943 -291.9172363 -64.7034607 -0.0157731 -0.8602312 0.4949925 0.1213917
1413394934.205760 187.8983765 -293.4903259 -65.1802521 -0.0059630 -0.8584074 0.5005786 0.1119031
1413394934.255760 188.8757324 -295.0675049 -65.6607208 0.0050612 -0.8579174 0.5035162 0.1020958
1413394934.305760 189.8561096 -296.6488647 -66.1456909 0.0168233 -0.8588337 0.5036108 0.0921832
1413394934.355761 190.8397522 -298.2343750 -66.6345978 0.0275579 -0.8617544 0.5002997 0.0795003
1413394934.405761 191.8263855 -299.8244629 -67.1274261 0.0340921 -0.8658471 0.4946295 0.0669948
1413394934.505760 193.8062286 -303.0183716 -68.1247253 0.0490649 -0.8725809 0.4841100 0.0428111
1413394934.605761 195.7937469 -306.2362366 -69.1358948 0.0658964 -0.8755022 0.4776618 0.0315088
1413394934.705760 197.7916107 -309.4800415 -70.1462708 0.0805374 -0.8757803 0.4752199 0.0262430
1413394934.855761 200.8124237 -314.3922424 -71.6452026 0.0875180 -0.8746615 0.4765534 0.0143096
1413394934.955760 202.8426361 -317.7030029 -72.6338806 0.0898712 -0.8740960 0.4772523 0.0104682
1413394935.005760 203.8628235 -319.3698730 -73.1240845 0.0901565 -0.8726475 0.4798634 0.0094562
1413394935.105761 205.9126740 -322.7243042 -74.0999756 0.0861848 -0.8693308 0.4866087 0.0069436
1413394935.155761 206.9411774 -324.4106445 -74.5888977 0.0812483 -0.8676914 0.4903695 0.0069400
1413394935.205760 207.9716492 -326.1021729 -75.0803223 0.0765874 -0.8662681 0.4935756 0.0098563
1413394935.255760 209.0041199 -327.7984314 -75.5747681 0.0716498 -0.8648276 0.4967618 0.0129323
1413394935.405761 212.1130524 -332.9135742 -77.0787964 0.0632563 -0.8584002 0.5084097 0.0258363
1413394935.455760 213.1536713 -334.6271667 -77.5876770 0.0619190 -0.8582158 0.5086101 0.0307790
1413394935.505760 214.1966705 -336.3447876 -78.1005554 0.0603987 -0.8601600 0.5051876 0.0355266
1413394935.655761 217.3436890 -341.5252075 -79.6537476 0.0555544 -0.8687496 0.4898269 0.0475128
1413394935.705760 218.3996582 -343.2639771 -80.1701965 0.0538933 -0.8701112 0.4873129 0.0502824
1413394936.005760 224.8113098 -353.8356323 -83.2469177 0.0462443 -0.8740539 0.4799513 0.0594801
1413394936.055760 225.8914032 -355.6159058 -83.7692566 0.0475314 -0.8796034 0.4696865 0.0585931
1413394936.105761 226.9749603 -357.4013062 -84.2964478 0.0510312 -0.8859852 0.4574979 0.0558739
1413394936.205760 229.1531830 -360.9917603 -85.3610840 0.0657186 -0.8936592 0.4419497 0.0416523
1413394936.255760 230.2478790 -362.7982178 -85.8975830 0.0784597 -0.8925959 0.4428717 0.0313256
1413394936.305760 231.3463898 -364.6113892 -86.4367371 0.0944117 -0.8895762 0.4465398 0.0185189
1413394936.405761 233.5553894 -368.2590942 -87.5178833 0.1318264 -0.8789310 0.4581501 -0.0141620
1413394936.505760 235.7793121 -371.9332275 -88.6026306 0.1785036 -0.8670405 0.4627162 -0.0476552
1413394936.605761 238.0186157 -375.6319885 -89.6896057 0.2261855 -0.8559811 0.4581569 -0.0789230
1413394936.705760 240.2744446 -379.3549194 -90.7779541 0.2607088 -0.8492756 0.4448475 -0.1134568
1413394936.805760 242.5468140 -383.1038208 -91.8688354 0.2894787 -0.8415263 0.4332791 -0.1424953
1413394936.905761 244.8358765 -386.8775635 -92.9635620 0.3164101 -0.8332417 0.4218495 -0.1662407
1413394937.005760 247.1421814 -390.6752930 -94.0643005 0.3439611 -0.8245287 0.4079873 -0.1881215
1413394937.105761 249.4669952 -394.4975586 -95.1704407 0.3730459 -0.8138810 0.3926944 -0.2102983
1413394937.205760 251.8113251 -398.3456421 -96.2831421 0.3991117 -0.8010643 0.3806237 -0.2326620
1413394937.255760 252.9912262 -400.2793274 -96.8429565 0.4063112 -0.7969208 0.3755409 -0.2424822
1413394937.305760 254.1762085 -402.2193604 -97.4047546 0.4116365 -0.7946891 0.3668221 -0.2539015
1413394937.355761 255.3666687 -404.1667786 -97.9679871 0.4154280 -0.7922828 0.3603059 -0.2643620
1413394937.455760 257.7604980 -408.0839233 -99.1011963 0.4201345 -0.7873169 0.3543680 -0.2793609
1413394937.555760 260.1719971 -412.0310364 -100.2432556 0.4229133 -0.7829549 0.3537702 -0.2880498
1413394937.655761 262.6005859 -416.0070190 -101.3937988 0.4223610 -0.7801977 0.3564269 -0.2930233
1413394937.755760 265.0459595 -420.0120850 -102.5500793 0.4171043 -0.7797391 0.3597809 -0.2976385
1413394937.855761 267.5057983 -424.0462646 -103.7125854 0.4087189 -0.7830461 0.3618323 -0.2981028
1413394937.955760 269.9794922 -428.1115723 -104.8805542 0.3939549 -0.7925506 0.3603112 -0.2946842
1413394938.055760 272.4674072 -432.2101440 -106.0508423 0.3755359 -0.8057743 0.3540613 -0.2904157
1413394938.155761 274.9693909 -436.3460999 -107.2190247 0.3591309 -0.8179593 0.3472034 -0.2853374
1413394938.255760 277.4864197 -440.5252075 -108.3831482 0.3452027 -0.8270268 0.3468423 -0.2766987
1413394938.355761 280.0167542 -444.7500610 -109.5403442 0.3397823 -0.8285937 0.3622317 -0.2583965
1413394938.455760 282.5606689 -449.0145264 -110.6935425 0.3288792 -0.8286335 0.3815496 -0.2441819
1413394938.555760 285.1153870 -453.3107910 -111.8548889 0.3215691 -0.8297951 0.3983667 -0.2221205
1413394938.655761 287.6799316 -457.6323547 -113.0340271 0.3107410 -0.8374977 0.4051400 -0.1946773
1413394938.755760 290.2562561 -461.9783936 -114.2304382 0.2920507 -0.8492234 0.4062836 -0.1687005
1413394938.855761 292.8455200 -466.3493652 -115.4418945 0.2627679 -0.8625402 0.4055866 -0.1499229
1413394938.955760 295.4469299 -470.7476807 -116.6677246 0.2170332 -0.8750326 0.4083045 -0.1431852
1413394939.055760 298.0542603 -475.1762085 -117.9080811 0.1646660 -0.8827090 0.4180971 -0.1374954
1413394939.155761 300.6613464 -479.6348877 -119.1641846 0.1191102 -0.8865224 0.4300827 -0.1221466
1413394939.255760 303.2650757 -484.1217651 -120.4357300 0.0899262 -0.8886113 0.4397573 -0.0943232
1413394939.355761 305.8663635 -488.6359863 -121.7196655 0.0727224 -0.8890179 0.4476952 -0.0626718
1413394939.455760 308.4675903 -493.1782532 -123.0056763 0.0769374 -0.8874637 0.4537775 -0.0239757
1413394939.555760 311.0765991 -497.7510376 -124.2819519 0.0868101 -0.8828596 0.4614842 0.0074346
1413394939.655761 313.7010193 -502.3532410 -125.5463257 0.0746145 -0.8806951 0.4676513 0.0105342
1413394939.755760 316.3369141 -506.9829102 -126.8043213 0.0488730 -0.8814524 0.4697217 0.0038125
1413394939.855761 318.9783936 -511.6392517 -128.0625916 0.0161137 -0.8833140 0.4684806 -0.0047711
1413394939.955760 321.6177673 -516.3189697 -129.3352966 0.0089096 -0.8874149 0.4606569 0.0145143
1413394940.055760 324.2570496 -521.0208740 -130.6276855 0.0173803 -0.8931156 0.4466961 0.0500508
1413394940.155761 326.9039307 -525.7490845 -131.9348755 0.0051737 -0.8942643 0.4419991 0.0700104
1413394940.255760 329.5587463 -530.5046387 -133.2593994 -0.0173759 -0.8889614 0.4493725 0.0866609
1413394940.355761 332.2195435 -535.2880859 -134.6007996 -0.0436099 -0.8796971 0.4612392 0.1071897
1413394940.455760 334.8867798 -540.0946045 -135.9554749 -0.0728958 -0.8700980 0.4697316 0.1302605
1413394940.555760 337.5607910 -544.9238892 -137.3164673 -0.0943979 -0.8606065 0.4734384 0.1621780
1413394940.655761 340.2436523 -549.7768555 -138.6804199 -0.1042669 -0.8532385 0.4685195 0.2039658
1413394940.755760 342.9431152 -554.6561279 -140.0426483 -0.1111911 -0.8474949 0.4614080 0.2376795
1413394940.855761 345.6660767 -559.5662231 -141.3970642 -0.1235851 -0.8428177 0.4605360 0.2495829
1413394940.955760 348.4118042 -564.5078125 -142.7428589 -0.1448171 -0.8403584 0.4633462 0.2411143
1413394941.005760 349.7907104 -566.9890137 -143.4151611 -0.1588685 -0.8403309 0.4628203 0.2332430
1413394941.055760 351.1721191 -569.4763184 -144.0884094 -0.1737659 -0.8405834 0.4609109 0.2253580
1413394941.105761 352.5553589 -571.9694824 -144.7628632 -0.1902412 -0.8410432 0.4577810 0.2165438
1413394941.205760 355.3240356 -576.9735718 -146.1132812 -0.2168390 -0.8405479 0.4513647 0.2067126
1413394941.405761 360.8585815 -587.0537720 -148.8183136 -0.2324576 -0.8438097 0.4346401 0.2122184
1413394941.505760 363.6217651 -592.1328125 -150.1740875 -0.2102346 -0.8454596 0.4283086 0.2398984
1413394941.605761 366.3887329 -597.2419434 -151.5336456 -0.1868279 -0.8448628 0.4236806 0.2679496
1413394941.705760 369.1661987 -602.3840332 -152.8988037 -0.1782588 -0.8392237 0.4257860 0.2874608
1413394941.755760 370.5601807 -604.9677734 -153.5838013 -0.1794891 -0.8342698 0.4311509 0.2930638
1413394941.805760 371.9585571 -607.5595093 -154.2712555 -0.1830018 -0.8298079 0.4364683 0.2956765
1413394941.855761 373.3619385 -610.1591797 -154.9601135 -0.1956939 -0.8247009 0.4455155 0.2882504
1413394941.905761 374.7691040 -612.7653809 -155.6505127 -0.2111513 -0.8200387 0.4542963 0.2767063
1413394941.955760 376.1796265 -615.3779907 -156.3418884 -0.2298866 -0.8149822 0.4632457 0.2614566
1413394942.005760 377.5921631 -617.9958496 -157.0339661 -0.2481278 -0.8101337 0.4706129 0.2462511
1413394942.055760 379.0054932 -620.6182251 -157.7263947 -0.2643795 -0.8053717 0.4768534 0.2325744
1413394942.105761 380.4188232 -623.2446899 -158.4182281 -0.2811850 -0.7999994 0.4831093 0.2180401
1413394942.155761 381.8310547 -625.8740234 -159.1097107 -0.2965193 -0.7950284 0.4870313 0.2068978
1413394942.205760 383.2412720 -628.5058594 -159.7995911 -0.3105217 -0.7897753 0.4902579 0.1986920
1413394942.255760 384.6487427 -631.1395874 -160.4875488 -0.3248654 -0.7847090 0.4914827 0.1927150
1413394942.305760 386.0531006 -633.7744141 -161.1746368 -0.3379552 -0.7801986 0.4907111 0.1904703
1413394942.405761 388.8520508 -639.0463867 -162.5438538 -0.3571363 -0.7702184 0.4879780 0.2027187
1413394942.455760 390.2459106 -641.6844482 -163.2270050 -0.3642841 -0.7638062 0.4873687 0.2153347
1413394942.505760 391.6374512 -644.3232422 -163.9125977 -0.3712746 -0.7569876 0.4858800 0.2303165
1413394942.555760 393.0272827 -646.9627686 -164.6017303 -0.3791849 -0.7485493 0.4853921 0.2455349
1413394942.605761 394.4155884 -649.6032715 -165.2951660 -0.3877109 -0.7397059 0.4837636 0.2617028
1413394942.655761 395.8029785 -652.2445068 -165.9928741 -0.3961953 -0.7287155 0.4839641 0.2788937
1413394942.705760 397.1901245 -654.8862305 -166.6956024 -0.4029352 -0.7172061 0.4835994 0.2989822
1413394942.755760 398.5773926 -657.5282593 -167.4035034 -0.4035685 -0.7059224 0.4817530 0.3266805
1413394942.805760 399.9655762 -660.1710205 -168.1159668 -0.3984999 -0.6935217 0.4794024 0.3611077
1413394942.855761 401.3565063 -662.8150635 -168.8341675 -0.3904563 -0.6799259 0.4765086 0.3977239
1413394942.905761 402.7509155 -665.4608154 -169.5591736 -0.3814965 -0.6646460 0.4731369 0.4345661
1413394942.955760 404.1507568 -668.1092529 -170.2909851 -0.3724506 -0.6495511 0.4681857 0.4692186
1413394943.005760 405.5570679 -670.7614136 -171.0288696 -0.3675923 -0.6344866 0.4627663 0.4981467
1413394943.055760 406.9707642 -673.4182739 -171.7720947 -0.3669202 -0.6198748 0.4569990 0.5218014
1413394943.105761 408.3923340 -676.0809937 -172.5193481 -0.3699259 -0.6052992 0.4510828 0.5415645
1413394943.155761 409.8226929 -678.7493896 -173.2708740 -0.3750084 -0.5908165 0.4447633 0.5590082
1413394943.205760 411.2613220 -681.4232788 -174.0273438 -0.3876376 -0.5776093 0.4376235 0.5697283
1413394943.305760 414.1636963 -686.7846680 -175.5567627 -0.4052547 -0.5495611 0.4242025 0.5948139
1413394943.355761 415.6307678 -689.4768066 -176.3246460 -0.4160452 -0.5366302 0.4170367 0.6041646
1413394943.455760 418.6008911 -694.8858032 -177.8613892 -0.4390098 -0.5151921 0.3973608 0.6196385
1413394943.505760 420.1027222 -697.6034546 -178.6293335 -0.4507783 -0.5060353 0.3855136 0.6261842
1413394943.555760 421.6140747 -700.3300781 -179.3973999 -0.4656849 -0.4994479 0.3723214 0.6285430
1413394943.705760 426.2012939 -708.5657349 -181.7049561 -0.5200270 -0.4885212 0.3401956 0.6125242
1413394943.755760 427.7432861 -711.3269043 -182.4773560 -0.5355610 -0.4845771 0.3337424 0.6057851
1413394943.805760 429.2898560 -714.0953369 -183.2522583 -0.5483289 -0.4790131 0.3331943 0.5990521
1413394943.855761 430.8399048 -716.8702393 -184.0293579 -0.5589767 -0.4719764 0.3382527 0.5919194
1413394943.905761 432.3940430 -719.6506348 -184.8090210 -0.5681700 -0.4652249 0.3443167 0.5849742
1413394943.955760 433.9523315 -722.4353638 -185.5927124 -0.5771945 -0.4602712 0.3496857 0.5768162
1413394944.255760 443.3877563 -739.2276611 -190.3010254 -0.5917714 -0.4633079 0.3325142 0.5697252
1413394944.305760 444.9729919 -742.0411377 -191.0825195 -0.5966502 -0.4640680 0.3279035 0.5666822
1413394944.355761 446.5606689 -744.8590698 -191.8592529 -0.6024967 -0.4664661 0.3220300 0.5618753
1413394944.405761 448.1512451 -747.6813965 -192.6321411 -0.6086532 -0.4686502 0.3137982 0.5580671
1413394944.455760 449.7432251 -750.5072021 -193.4023438 -0.6149833 -0.4702470 0.3037860 0.5553174
1413394944.505760 451.3364258 -753.3364868 -194.1729736 -0.6226860 -0.4686266 0.2943040 0.5532057
1413394944.605761 454.5236511 -759.0034790 -195.7211914 -0.6459016 -0.4526680 0.2824521 0.5460071
1413394944.655761 456.1174927 -761.8406982 -196.5001221 -0.6604731 -0.4419916 0.2751293 0.5410385
1413394944.705760 457.7109985 -764.6795654 -197.2818604 -0.6754864 -0.4301678 0.2662620 0.5364498
1413394944.755760 459.3037720 -767.5195312 -198.0662231 -0.6901374 -0.4165643 0.2566429 0.5332157
1413394944.955760 465.6668091 -778.8869629 -201.2187500 -0.7354252 -0.3461409 0.2215665 0.5387436
1413394945.005760 467.2555847 -781.7290649 -202.0089111 -0.7412592 -0.3258544 0.2124685 0.5470019
1413394945.055760 468.8438721 -784.5712280 -202.7996826 -0.7433785 -0.3066745 0.2019672 0.5590605
1413394945.105761 470.4320984 -787.4139404 -203.5913086 -0.7445473 -0.2874079 0.1903665 0.5716701
1413394945.155761 472.0204773 -790.2578125 -204.3830566 -0.7446917 -0.2687532 0.1785588 0.5842284
1413394945.205760 473.6090698 -793.1038818 -205.1744385 -0.7441959 -0.2520011 0.1676871 0.5954401
1413394945.255760 475.1980591 -795.9524536 -205.9652100 -0.7432676 -0.2324819 0.1574155 0.6072280
1413394945.305760 476.7877197 -798.8034058 -206.7550659 -0.7422643 -0.2143074 0.1453273 0.6180583
1413394945.355761 478.3784180 -801.6582031 -207.5437622 -0.7389044 -0.1951214 0.1351548 0.6306198
1413394945.455760 481.5630188 -807.3803711 -209.1197510 -0.7270405 -0.1504278 0.1237030 0.6583929
1413394945.505760 483.1579285 -810.2498779 -209.9081421 -0.7248639 -0.1230819 0.1276689 0.6656755
1413394945.555760 484.7559814 -813.1248779 -210.6973877 -0.7242472 -0.0951613 0.1318158 0.6701007
1413394945.605761 486.3657227 -816.0081177 -211.4859009 -0.7314848 -0.0702736 0.1299556 0.6656600
1413394945.705760 489.6217041 -821.7961426 -213.0552979 -0.7348864 -0.0167029 0.1293498 0.6655312
1413394945.755760 491.2581177 -824.6978149 -213.8413696 -0.7371158 0.0095004 0.1264797 0.6637567
1413394945.805760 492.9010925 -827.6033936 -214.6287231 -0.7392238 0.0346005 0.1201423 0.6617528
1413394945.855761 494.5505371 -830.5124512 -215.4172363 -0.7401803 0.0603444 0.1126260 0.6601568
1413394945.905761 496.2066956 -833.4270020 -216.2071533 -0.7402361 0.0870085 0.1049519 0.6583807
1413394945.955760 497.8702698 -836.3474121 -216.9989014 -0.7403252 0.1122256 0.0936054 0.6561724
1413394946.005760 499.5416565 -839.2724609 -217.7911987 -0.7401685 0.1347459 0.0766805 0.6543044
1413394946.055760 501.2205200 -842.2037354 -218.5847778 -0.7405300 0.1546644 0.0544306 0.6517144
1413394946.155761 504.5989685 -848.0826416 -220.1724243 -0.7386410 0.1945406 0.0097652 0.6453434
1413394946.205760 506.2963257 -851.0318604 -220.9674072 -0.7348817 0.2155066 -0.0103560 0.6429608
1413394946.255760 507.9988403 -853.9868164 -221.7628784 -0.7302701 0.2385368 -0.0274073 0.6395738
1413394946.355761 511.4175415 -859.9138184 -223.3571777 -0.7190949 0.2881786 -0.0529916 0.6301171
1413394946.555760 518.3128662 -871.8427734 -226.5588989 -0.6908385 0.3870443 -0.0981378 0.6027504
1413394946.655761 521.7894287 -877.8489990 -228.1686401 -0.6737409 0.4246589 -0.1389009 0.5885956
1413394946.755760 525.2836914 -883.8812256 -229.7837219 -0.6541244 0.4567228 -0.1896944 0.5723127
1413394946.855761 528.7884521 -889.9387817 -231.4026794 -0.6327063 0.4923846 -0.2324758 0.5506316
1413394946.955760 532.3016357 -896.0196533 -233.0237732 -0.6082048 0.5288374 -0.2696761 0.5269655
1413394947.055760 535.8206177 -902.1232910 -234.6446686 -0.5821084 0.5636139 -0.3053536 0.5002483
1413394947.155761 539.3436279 -908.2479248 -236.2606506 0.5590345 -0.5987866 0.3319449 -0.4677047
1413394947.255760 542.8718262 -914.3933105 -237.8636627 0.5346021 -0.6334167 0.3516091 -0.4351493
1413394947.355761 546.4046021 -920.5592041 -239.4516296 0.5066713 -0.6576796 0.3766328 -0.4109616
1413394947.455760 549.9426270 -926.7413330 -241.0269165 0.4843905 -0.6734291 0.3950421 -0.3947162
1413394947.655761 557.0261230 -939.1448975 -244.1842346 0.4789826 -0.7043593 0.3816367 -0.3588969
1413394947.755760 560.5767212 -945.3657227 -245.7845154 0.4929733 -0.7167855 0.3567585 -0.3404692
1413394947.855761 564.1419678 -951.6018066 -247.3959656 0.5110431 -0.7181301 0.3333198 -0.3346972
1413394947.955760 567.7313232 -957.8577271 -249.0053711 0.5296107 -0.7078931 0.3187650 -0.3417438
1413394948.055760 571.3461914 -964.1345215 -250.6098022 0.5495025 -0.6932576 0.3038931 -0.3536807
1413394948.155761 574.9857178 -970.4312134 -252.2212219 0.5694551 -0.6804103 0.2873571 -0.3608168
1413394948.255760 578.6510010 -976.7466431 -253.8462982 0.5802186 -0.6606085 0.2934503 -0.3752730
1413394948.355761 582.3427124 -983.0787964 -255.4806519 0.5727607 -0.6333876 0.3238265 -0.4073104
1413394948.455760 586.0471191 -989.4257202 -257.1240234 0.5517604 -0.6048585 0.3615242 -0.4461019
1413394948.555760 589.7520752 -995.7879028 -258.7741089 0.5256767 -0.5791689 0.3963710 -0.4807467
1413394948.655761 593.4470825 -1002.1657104 -260.4265442 -0.5058753 0.5646765 -0.4153531 0.5027052
1413394948.755760 597.1215820 -1008.5597534 -262.0780640 -0.4944213 0.5567669 -0.4279498 0.5122668
1413394948.855761 600.7753296 -1014.9693604 -263.7304382 0.5070260 -0.5692738 0.4142005 -0.4972825
1413394948.955760 604.4146118 -1021.3941040 -265.3835144 0.5316892 -0.5914721 0.3849642 -0.4682628
1413394949.055760 608.0471191 -1027.8325195 -267.0486450 0.5626125 -0.6167789 0.3468502 -0.4274881
1413394949.155761 611.6808472 -1034.2821045 -268.7298584 0.5885803 -0.6379741 0.3088349 -0.3888231
1413394949.455760 622.7260132 -1053.7081299 -273.8452759 0.6088502 -0.6608849 0.2699798 -0.3458953
1413394949.555760 626.4781494 -1060.2109375 -275.5571899 0.5889631 -0.6472915 0.3055989 -0.3751607
1413394949.655761 630.2560425 -1066.7294922 -277.2649536 0.5561890 -0.6248726 0.3538499 -0.4183041
1413394949.755760 634.0396729 -1073.2626953 -278.9734497 0.5257673 -0.6054187 0.3892325 -0.4533597
1413394949.955760 641.5828247 -1086.3723145 -282.4039917 0.5024221 -0.6013083 0.3842984 -0.4881754
1413394950.055760 645.3381958 -1092.9545898 -284.1225281 -0.5017352 0.6002422 -0.3645685 0.5050355
1413394950.155761 649.0838623 -1099.5612793 -285.8455505 -0.5082861 0.6009270 -0.3328644 0.5193586
1413394950.255760 652.8237915 -1106.1967773 -287.5791626 -0.5336145 0.6101279 -0.2857945 0.5111958
1413394950.355761 656.5695801 -1112.8666992 -289.3233643 0.5763151 -0.6113893 0.2605678 -0.4755718
1413394950.455760 660.3314819 -1119.5666504 -291.0713501 -0.6143454 0.6054427 -0.2533917 0.4379630
1413394950.555760 664.1182861 -1126.2872314 -292.8197021 -0.6363516 0.6009957 -0.2505238 0.4136407
1413394950.655761 667.9349365 -1133.0219727 -294.5657959 -0.6420023 0.5955529 -0.2575472 0.4084352
1413394950.755760 671.7822266 -1139.7679443 -296.3070679 -0.6283453 0.5770624 -0.2886611 0.4345756
1413394950.855761 675.6475830 -1146.5251465 -298.0455933 -0.6001840 0.5484284 -0.3256754 0.4826397
1413394950.955760 679.5137329 -1153.2954102 -299.7858887 -0.5704851 0.5135499 -0.3573735 0.5320691
1413394951.055760 683.3668213 -1160.0819092 -301.5282593 -0.5499777 0.4799180 -0.3743592 0.5718903
1413394951.155761 687.1965332 -1166.8889160 -303.2719116 -0.5438800 0.4596449 -0.3642078 0.6002281
1413394951.255760 691.0001221 -1173.7202148 -305.0205078 -0.5636427 0.4562185 -0.3250300 0.6070644
1413394951.355761 694.7855835 -1180.5809326 -306.7762756 -0.6078930 0.4682404 -0.2691298 0.5820535
1413394951.455760 698.5675659 -1187.4698486 -308.5375977 -0.6613893 0.4836809 -0.2124211 0.5324417
1413394951.555760 702.3649902 -1194.3807373 -310.2990112 -0.7015895 0.4961453 -0.1686121 0.4828893
1413394951.655761 706.1923218 -1201.3068848 -312.0586548 -0.7223465 0.5067787 -0.1405918 0.4490266
1413394951.755760 710.0627441 -1208.2424316 -313.8171997 -0.7316713 0.5131676 -0.1300964 0.4294078
1413394951.855761 713.9874268 -1215.1840820 -315.5681152 -0.7184687 0.5030903 -0.1630329 0.4518000
1413394951.955760 717.9496460 -1222.1340332 -317.3168335 -0.6890190 0.4875365 -0.2073427 0.4945403
1413394952.055760 721.9307861 -1229.0960693 -319.0670166 -0.6492869 0.4708544 -0.2485784 0.5430760
1413394952.155761 725.9152832 -1236.0747070 -320.8327637 -0.6173519 0.4569011 -0.2777237 0.5770507
1413394952.255760 729.8928833 -1243.0731201 -322.6201782 -0.6085852 0.4570683 -0.2782803 0.5858949
1413394952.355761 733.8629150 -1250.0915527 -324.4306030 -0.6264389 0.4679990 -0.2497847 0.5711033
1413394952.455760 737.8330078 -1257.1306152 -326.2535706 -0.6442773 0.4766632 -0.2103797 0.5598567
1413394952.555760 741.8132324 -1264.1947021 -328.0784912 -0.6636469 0.4732189 -0.1866681 0.5484449
1413394952.655761 745.8104248 -1271.2852783 -329.8987427 -0.6809924 0.4570755 -0.1906895 0.5394154
1413394960.905761 7.6048474 -1.6288238 6.6833696 -0.6409552 -0.5180757 0.3328667 0.4582290
1413394961.005760 7.5071774 -1.6203289 6.6866970 -0.6089228 -0.5023225 0.3705035 0.4895023
1413394961.255760 7.3352776 -1.6181278 6.6931887 -0.6126416 -0.5077114 0.3702962 0.4793540
1413394961.755760 6.9166870 -1.7042274 6.6923003 -0.5938349 -0.5149917 0.3593093 0.5030314
1413394962.005760 6.7139049 -1.7756395 6.6365881 -0.5889111 -0.4685327 0.4130085 0.5129180
1413394962.755760 6.5565538 -2.1477900 6.7103410 -0.6004817 -0.4700790 0.4003871 0.5080724
1413394963.105761 6.7256126 -2.3829069 6.7298608 -0.5983921 -0.5120520 0.3798801 0.4852019
1413394963.855761 7.0856247 -2.9309983 6.4563484 -0.5888609 -0.5159891 0.3856911 0.4880990
1413394964.255760 7.2510281 -3.2652678 6.2852592 -0.6483476 -0.5527702 0.3207069 0.4138086
1413394964.305760 7.2687221 -3.3030000 6.2732515 -0.6419531 -0.5490346 0.3255283 0.4248396
1413394964.555760 7.3140349 -3.5085073 6.2702041 -0.5991368 -0.4910278 0.4081591 0.4830456
1413394964.905761 7.4196854 -3.7736678 6.2397833 -0.6850235 -0.5356228 0.3462203 0.3521114
1413394964.955760 7.4232721 -3.7994149 6.2433548 -0.6929214 -0.5332500 0.3450799 0.3412100
1413394965.355761 7.3146524 -3.8657684 6.3453164 -0.5795114 -0.5171263 0.4245642 0.4652873
1413394965.505760 7.2948270 -3.8769274 6.3559790 -0.5639229 -0.5644548 0.4167902 0.4355086
1413394965.605761 7.2943301 -3.9004045 6.3835821 -0.5430894 -0.5786118 0.4393792 0.4209611
1413394966.455760 7.7540936 -3.9461887 6.4043579 -0.3897786 -0.7764547 0.4426400 0.2219474
1413394966.505760 7.7820835 -3.9504383 6.4025660 -0.3834431 -0.7842570 0.4397988 0.2109253
1413394966.705760 7.8382998 -4.0041413 6.4102750 -0.3247680 -0.7514428 0.5268940 0.2285655
1413394967.005760 7.9253197 -4.0660305 6.3777242 -0.2629592 -0.7585838 0.5600259 0.2043872
1413394967.155761 7.9860020 -4.0780864 6.3679242 -0.2399186 -0.8075927 0.5105738 0.1718938
1413394967.205760 8.0039148 -4.0868378 6.3717003 -0.2292221 -0.8102166 0.5136352 0.1648797
1413394967.455760 8.0816288 -4.1591082 6.4265590 -0.1617952 -0.7527338 0.6205953 0.1485793
1413394968.005760 8.3046179 -4.1625462 6.5443583 -0.0430305 -0.7898785 0.6101593 0.0441127
1413394968.055760 8.3247309 -4.1600652 6.5588365 -0.0291625 -0.7900667 0.6113247 0.0350168
1413394968.405761 8.4586039 -4.1279550 6.5775499 0.0325290 -0.8297520 0.5570669 -0.0114028
1413394968.455760 8.4772511 -4.1288786 6.5735960 0.0396585 -0.8274499 0.5598677 -0.0173810
1413394968.705760 8.5678024 -4.1536570 6.5528498 0.0725531 -0.8340681 0.5459108 -0.0323715
1413394968.855761 8.6237650 -4.1937442 6.5477524 0.0898033 -0.8258506 0.5563116 -0.0205826
1413394969.055760 8.7198143 -4.2632771 6.5551519 0.0898067 -0.8075085 0.5807756 -0.0506416
1413394969.255760 8.8185444 -4.3321924 6.5355062 0.1035678 -0.7924602 0.5961280 -0.0768893
1413394969.455760 8.9017448 -4.3859568 6.4601455 0.1144642 -0.7742123 0.6167119 -0.0846161
1413394969.555760 8.9363995 -4.4003944 6.4138060 0.1269367 -0.7772734 0.6123043 -0.0694034
1413394969.655761 8.9699726 -4.4049311 6.3681450 0.1409177 -0.7902219 0.5944827 -0.0477696
1413394969.855761 9.0595446 -4.3977885 6.2958069 0.1569979 -0.8029259 0.5747463 -0.0181202
1413394970.155761 9.2853527 -4.3865724 6.2700615 0.1236268 -0.8266500 0.5463672 -0.0533781
1413394970.255760 9.3732719 -4.3962498 6.2879915 0.1174090 -0.8198472 0.5570034 -0.0617493
1413394970.455760 9.5485973 -4.4283175 6.3142242 0.0878572 -0.7814048 0.6091357 -0.1031569
1413394970.555760 9.6243429 -4.4362688 6.3105369 0.0740533 -0.7752731 0.6148087 -0.1244102
1413394970.755760 9.7261457 -4.4325628 6.2799702 0.0586711 -0.7699487 0.6186426 -0.1449760
1413394970.855761 9.7453527 -4.4217510 6.2567186 0.0816082 -0.7786229 0.6123665 -0.1099722
1413394971.255760 9.7763033 -4.3418016 6.2791576 0.1153878 -0.8353150 0.5358309 -0.0426594
1413394971.355761 9.7962055 -4.3317852 6.2895870 0.1134557 -0.8511798 0.5107766 -0.0415688
1413394971.455760 9.8226185 -4.3378949 6.2933702 0.1114608 -0.8622202 0.4923326 -0.0419690
1413394971.555760 9.8574724 -4.3666573 6.3000693 0.1005305 -0.8674166 0.4844071 -0.0532148
1413394971.655761 9.8970842 -4.4204178 6.3160648 0.0855111 -0.8572217 0.5027431 -0.0714710
1413394971.755760 9.9336729 -4.4924898 6.3354931 0.0686662 -0.8369080 0.5363128 -0.0850809
1413394971.855761 9.9617033 -4.5753155 6.3549533 0.0513996 -0.8161997 0.5685869 -0.0887991
1413394971.955760 9.9778385 -4.6616230 6.3738518 0.0297127 -0.7960610 0.5980936 -0.0876819
1413394972.055760 9.9799023 -4.7439260 6.3851070 0.0082804 -0.7816099 0.6194856 -0.0724911
1413394972.155761 9.9683619 -4.8171272 6.3861027 -0.0202178 -0.7729880 0.6320075 -0.0514533
1413394972.255760 9.9434109 -4.8772435 6.3771105 -0.0545288 -0.7678010 0.6378530 -0.0255282
1413394972.355761 9.9058514 -4.9227204 6.3613291 -0.0934271 -0.7635720 0.6389131 0.0043713
1413394972.455760 9.8570108 -4.9518237 6.3389764 -0.1375969 -0.7626063 0.6311362 0.0341469
1413394972.555760 9.7978678 -4.9647980 6.3095508 -0.1822022 -0.7714686 0.6059131 0.0671407
1413394972.655761 9.7294378 -4.9633121 6.2822456 -0.2228444 -0.7780762 0.5773487 0.1077328
1413394972.755760 9.6513529 -4.9570885 6.2605433 -0.2540723 -0.7756937 0.5549623 0.1605100
1413394972.855761 9.5697231 -4.9484177 6.2466993 -0.2820259 -0.7656271 0.5371294 0.2139360
1413394972.955760 9.4905796 -4.9409781 6.2381210 -0.3146946 -0.7492066 0.5231968 0.2567526
1413394973.005760 9.4530277 -4.9381790 6.2349253 -0.3336565 -0.7401531 0.5160311 0.2730545
1413394973.055760 9.4167500 -4.9361668 6.2322121 -0.3540485 -0.7303503 0.5090438 0.2865532
1413394973.105761 9.3817348 -4.9350042 6.2294855 -0.3746342 -0.7198516 0.5021926 0.2987737
1413394973.155761 9.3482800 -4.9347219 6.2263498 -0.3968290 -0.7094511 0.4945582 0.3076006
1413394973.205760 9.3158913 -4.9350986 6.2233152 -0.4202691 -0.6982336 0.4871843 0.3138395
1413394973.255760 9.2837982 -4.9358225 6.2203207 -0.4417162 -0.6868907 0.4791999 0.3216142
1413394973.305760 9.2517233 -4.9366689 6.2177944 -0.4623523 -0.6746934 0.4713047 0.3299865
1413394973.405761 9.1864233 -4.9369831 6.2162886 -0.5009751 -0.6472635 0.4570341 0.3481289
1413394973.655761 9.0081892 -4.9188972 6.1856661 -0.5852425 -0.5767930 0.4059699 0.3999870
1413394973.755760 8.9343119 -4.9069166 6.1784267 -0.6114174 -0.5449582 0.3837339 0.4265414
1413394974.005760 8.7592554 -4.8702803 6.1803026 -0.6760382 -0.4538708 0.3334498 0.4751684
1413394974.055760 8.7277813 -4.8646655 6.1826248 -0.6875868 -0.4354269 0.3225375 0.4833191
1413394974.155761 8.6678791 -4.8522205 6.1883078 -0.7097443 -0.3967210 0.3026133 0.4972934
1413394974.305760 8.5856457 -4.8270297 6.2006807 -0.7410895 -0.3362359 0.2728827 0.5130954
1413394974.405761 8.5371618 -4.8042302 6.2119780 -0.7617143 -0.2950303 0.2529162 0.5184417
1413394974.705760 8.4346342 -4.6956673 6.2536659 -0.7895331 -0.1861816 0.1803018 0.5562961
1413394974.755760 8.4006786 -4.7756867 6.3137684 -0.7934009 -0.1752580 0.1606179 0.5603584
1413394974.805760 8.5040798 -4.6683607 6.2907119 -0.7939996 -0.1682913 0.1544064 0.5633838
1413394975.005760 8.3974380 -4.5611329 6.2655945 -0.8065974 -0.1167821 0.0912850 0.5722147
1413394975.955760 8.2971821 -4.3418722 6.0097642 -0.8141069 -0.0192029 -0.0157549 0.5801836
1413394976.455760 8.1348610 -4.3065400 5.9789839 -0.7866496 -0.0273661 -0.0134581 0.6166461
1413394976.505760 8.1142836 -4.3116174 5.9776936 -0.7808686 -0.0270022 -0.0118762 0.6239985
1413394976.605761 8.0870647 -4.3630257 5.9324570 -0.7670665 -0.0283543 -0.0075852 0.6408958
1413394976.705760 8.0254688 -4.3632879 5.9763446 -0.7682714 -0.0164741 0.0055745 0.6398880
1413394976.755760 8.0030155 -4.3863111 5.9756384 -0.7743002 -0.0110731 0.0142923 0.6325602
1413394976.905761 7.9423008 -4.4722800 5.9745445 -0.8120505 0.0055065 0.0362760 0.5824326
1413394976.955760 7.9260454 -4.5032401 5.9741139 -0.8288752 0.0106597 0.0404887 0.5578648
1413394977.005760 7.9122944 -4.5327225 5.9752765 -0.8437938 0.0160812 0.0438962 0.5346275
1413394977.105761 7.8936396 -4.5807500 5.9824171 -0.8671276 0.0297793 0.0493543 0.4947394
1413394977.155761 7.8894005 -4.5976052 5.9881005 -0.8769012 0.0360394 0.0506338 0.4766359
1413394977.205760 7.8888369 -4.6072264 5.9954519 -0.8843521 0.0420866 0.0511631 0.4620957
1413394977.305760 7.9000468 -4.6031599 6.0136757 -0.8923939 0.0355785 0.0323775 0.4486858
1413394977.505760 7.9480958 -4.5046864 6.0768652 -0.8885832 -0.0008156 -0.0231086 0.4581323
1413394977.605761 7.9707112 -4.4076605 6.1229401 -0.8864148 -0.0049726 -0.0307309 0.4618439
1413394977.705760 7.9887934 -4.2828178 6.1727052 -0.8842229 -0.0061134 -0.0337739 0.4658024
1413394977.805760 8.0015078 -4.1293454 6.2282200 -0.8753188 -0.0085845 -0.0367947 0.4820679
1413394977.905761 8.0080309 -3.9531121 6.2876234 -0.8572868 -0.0110548 -0.0396402 0.5131918
1413394978.005760 8.0076246 -3.7641301 6.3470793 -0.8376099 -0.0133232 -0.0430976 0.5444031
1413394978.105761 8.0000381 -3.5708027 6.4042859 -0.8213672 -0.0159642 -0.0471912 0.5682202
1413394978.155761 7.9935617 -3.4739661 6.4307957 -0.8164116 -0.0177063 -0.0497175 0.5750537
1413394978.205760 7.9848437 -3.3777971 6.4540763 -0.8134481 -0.0187508 -0.0507512 0.5791156
1413394978.255760 7.9740577 -3.2821531 6.4741917 -0.8112357 -0.0198536 -0.0520606 0.5820587
1413394978.305760 7.9612093 -3.1876307 6.4912477 -0.8105896 -0.0207794 -0.0527797 0.5828612
1413394978.355761 7.9460979 -3.0936704 6.5056448 -0.8102296 -0.0213943 -0.0532644 0.5832950
1413394979.405761 7.3830957 -1.4001870 6.5893207 -0.7410501 0.0429758 0.0312268 0.6693451
1413394979.555760 7.3471317 -1.2710738 6.5798125 -0.7093250 0.0448280 0.0420166 0.7021988
1413394979.655761 7.3407459 -1.2271929 6.5857353 -0.6968194 0.0376335 0.0388660 0.7152034
1413394979.705760 7.3424149 -1.2187614 6.5920992 -0.6972735 0.0314601 0.0340665 0.7153037
1413394979.805760 7.3550782 -1.2347980 6.6069059 -0.7227595 0.0134493 0.0105051 0.6908889
1413394980.105761 7.3948045 -1.4214997 6.6871424 -0.7972839 -0.0167287 -0.0569420 0.6006797
1413394980.205760 7.3912358 -1.4953899 6.7098641 -0.7908764 -0.0138346 -0.0588259 0.6089849
1413394980.405761 7.3548455 -1.6613564 6.7264557 -0.7808588 -0.0006720 -0.0475545 0.6228945
1413394980.555760 7.3087044 -1.8071904 6.7238741 -0.7952514 0.0117065 -0.0346120 0.6051778
1413394980.705760 7.2546668 -1.9628015 6.7285366 -0.8070457 0.0232704 -0.0203091 0.5896806
1413394980.805760 7.2194257 -2.0659518 6.7369685 -0.8108669 0.0258141 -0.0156446 0.5844518
1413394980.855761 7.2025127 -2.1170640 6.7421551 -0.8119094 0.0265226 -0.0142130 0.5830075
1413394981.405761 7.0718017 -2.6208258 6.6893539 -0.8189673 0.0344251 -0.0059719 0.5727756
1413394981.555760 7.0634589 -2.7359419 6.6581078 -0.8194837 0.0296360 -0.0225011 0.5718932
1413394981.655761 7.0590353 -2.8072686 6.6410508 -0.8236509 0.0322870 -0.0256509 0.5655959
1413394981.755760 7.0559926 -2.8729925 6.6238823 -0.8284903 0.0396142 -0.0294521 0.5578234
1413394982.055760 7.0630851 -3.0248494 6.5830474 -0.8282266 0.0980208 -0.0330774 0.5507619
1413394982.105761 7.0702395 -3.0429029 6.5791373 -0.8249384 0.1110784 -0.0349320 0.5530986
1413394982.155761 7.0796089 -3.0591917 6.5760398 -0.8208535 0.1258226 -0.0357199 0.5559608
1413394982.205760 7.0916090 -3.0740304 6.5737066 -0.8164366 0.1404587 -0.0376848 0.5588224
1413394982.305760 7.1250534 -3.1012983 6.5708904 -0.8080866 0.1717376 -0.0438187 0.5617669
1413394982.355761 7.1472254 -3.1143303 6.5702658 -0.8045560 0.1866660 -0.0489758 0.5616466
1413394982.405761 7.1736059 -3.1272149 6.5708570 -0.8005201 0.2010055 -0.0567069 0.5617372
1413394982.455760 7.2037263 -3.1403565 6.5729318 -0.7959211 0.2159847 -0.0640381 0.5619248
1413394982.555760 7.2759767 -3.1687589 6.5805473 -0.7872529 0.2451998 -0.0809572 0.5599605
1413394982.605761 7.3176780 -3.1842670 6.5864534 -0.7814680 0.2610885 -0.0879501 0.5598261
1413394982.655761 7.3632097 -3.2013121 6.5926771 -0.7769018 0.2734037 -0.0990877 0.5584404
1413394982.705760 7.4124346 -3.2193632 6.5994320 -0.7722082 0.2855842 -0.1093182 0.5569431
1413394982.755760 7.4652286 -3.2385807 6.6066360 -0.7675009 0.2973553 -0.1204385 0.5549926
1413394982.805760 7.5215740 -3.2588592 6.6139498 -0.7624307 0.3081474 -0.1332592 0.5531605
1413394982.905761 7.6426940 -3.3029704 6.6289220 -0.7528797 0.3288935 -0.1578567 0.5477979
1413394983.005760 7.7731352 -3.3518152 6.6441507 -0.7450842 0.3435607 -0.1834883 0.5414311
1413394983.105761 7.9094038 -3.4043970 6.6596146 -0.7401224 0.3509322 -0.2059730 0.5353884
1413394983.205760 8.0487709 -3.4586520 6.6762543 -0.7365324 0.3532741 -0.2229526 0.5319866
1413394983.305760 8.1891680 -3.5135016 6.6931734 -0.7340730 0.3536352 -0.2324186 0.5310938
1413394983.405761 8.3297281 -3.5691695 6.7098637 -0.7351725 0.3479999 -0.2423425 0.5288550
1413394983.505760 8.4667664 -3.6250072 6.7325678 -0.7418834 0.3345630 -0.2572502 0.5210556
1413394983.605761 8.5987797 -3.6777344 6.7492609 -0.7467595 0.3233176 -0.2666055 0.5164663
1413394983.705760 8.7255316 -3.7249503 6.7549238 -0.7495974 0.3131155 -0.2738351 0.5148562
1413394983.805760 8.8452234 -3.7666802 6.7491121 -0.7512605 0.3051829 -0.2796730 0.5140566
1413394983.905761 8.9571867 -3.8009114 6.7324333 -0.7517183 0.3030637 -0.2796670 0.5146438
1413394984.005760 9.0605412 -3.8281002 6.7053862 -0.7520094 0.3022780 -0.2775449 0.5158283
1413394984.105761 9.1543827 -3.8476272 6.6728859 -0.7539999 0.2974719 -0.2729268 0.5181754
1413394984.205760 9.2382889 -3.8605459 6.6408930 -0.7579105 0.2892918 -0.2668355 0.5202699
1413394984.305760 9.3144598 -3.8666627 6.6098933 -0.7634825 0.2831959 -0.2600807 0.5188955
1413394984.605761 9.4990330 -3.8379822 6.5308924 -0.7832516 0.2633238 -0.2375192 0.5106487
1413394984.705760 9.5468779 -3.8114142 6.5121708 -0.7896516 0.2488421 -0.2264603 0.5130729
1413394984.805760 9.5891180 -3.7747998 6.4966555 -0.7966360 0.2320208 -0.2140414 0.5154839
1413394984.905761 9.6261835 -3.7275138 6.4845095 -0.8009598 0.2161045 -0.1957331 0.5229253
1413394985.005760 9.6588678 -3.6718984 6.4763498 -0.8032728 0.1946625 -0.1807272 0.5331013
1413394985.105761 9.6878777 -3.6091723 6.4720640 -0.8061550 0.1736596 -0.1701216 0.5394582
1413394985.205760 9.7121134 -3.5407639 6.4718003 -0.8091813 0.1596196 -0.1618166 0.5418141
1413394985.305760 9.7303877 -3.4655347 6.4809036 -0.8115886 0.1547376 -0.1501246 0.5429943
1413394985.405761 9.7424450 -3.3846569 6.5055795 -0.8120778 0.1670363 -0.1208584 0.5459136
1413394985.505760 9.7571774 -3.2981143 6.5444937 -0.8127335 0.1807692 -0.0933208 0.5459651
1413394985.605761 9.7828360 -3.2073636 6.5977516 -0.8116394 0.1764340 -0.0941948 0.5488532
1413394985.705760 9.8163137 -3.1148238 6.6516809 -0.8135605 0.1597434 -0.1135676 0.5474522
1413394985.805760 9.8512125 -3.0205688 6.6953888 -0.8147212 0.1443789 -0.1324706 0.5457433
1413394985.905761 9.8829794 -2.9224534 6.7245178 -0.8150185 0.1361711 -0.1432124 0.5446949
1413394986.005760 9.9096613 -2.8203745 6.7422171 -0.8146340 0.1343442 -0.1472222 0.5446547
1413394986.105761 9.9303360 -2.7140684 6.7562952 -0.8134757 0.1351818 -0.1488825 0.5457263
1413394986.205760 9.9432774 -2.6015043 6.7731371 -0.8099708 0.1482988 -0.1342048 0.5513111
1413394986.305760 9.9508715 -2.4815183 6.7900209 -0.8073792 0.1654302 -0.1137886 0.5548189
1413394986.405761 9.9611607 -2.3604784 6.8125706 -0.8061727 0.1760404 -0.1019056 0.5556175
1413394986.505760 9.9768686 -2.2396569 6.8402357 -0.8058122 0.1764082 -0.1034148 0.5557448
1413394986.605761 9.9973440 -2.1191273 6.8715925 -0.8083969 0.1653608 -0.1192843 0.5521970
1413394986.705760 10.0188303 -1.9972177 6.9042578 -0.8115765 0.1515345 -0.1381350 0.5470828
1413394986.805760 10.0365820 -1.8710804 6.9380283 -0.8116085 0.1425873 -0.1509405 0.5460563
1413394986.905761 10.0469255 -1.7393131 6.9743552 -0.8078067 0.1457787 -0.1486165 0.5514619
1413394987.005760 10.0509930 -1.6057796 7.0078406 -0.8019940 0.1568959 -0.1358597 0.5601175
1413394987.105761 10.0509243 -1.4747596 7.0285358 -0.7976433 0.1710749 -0.1187065 0.5660454
1413394987.205760 10.0520573 -1.3462605 7.0359650 -0.7941394 0.1796930 -0.1085217 0.5703297
1413394987.405761 10.0635624 -1.1018391 7.0272603 -0.7879589 0.1577021 -0.1430364 0.5777468
1413394987.505760 10.0655212 -0.9857559 7.0226574 -0.7847102 0.1438472 -0.1631380 0.5804514
1413394987.605761 10.0573435 -0.8720322 7.0231838 -0.7804365 0.1366380 -0.1734039 0.5849617
1413394987.905761 9.9462318 -0.5612535 7.0540943 -0.7620139 0.1318051 -0.1835054 0.6068674
1413394988.005760 9.8810816 -0.4736910 7.0743093 -0.7563032 0.1330104 -0.1842229 0.6134945
1413394988.105761 9.8008404 -0.3965750 7.0984364 -0.7504597 0.1387402 -0.1788119 0.6209572
1413394988.205760 9.7067423 -0.3315682 7.1246595 -0.7492886 0.1513009 -0.1632169 0.6237267
1413394988.305760 9.6042423 -0.2791529 7.1526785 -0.7472281 0.1740765 -0.1425804 0.6253147
1413394988.405761 9.5008192 -0.2404780 7.1754160 -0.7449321 0.2056721 -0.1252082 0.6221721
1413394988.605761 9.3131142 -0.2088637 7.1928740 -0.7357911 0.2775851 -0.1326880 0.6032843
1413394988.805760 9.1583252 -0.2362752 7.1807203 -0.7245265 0.3222327 -0.1961617 0.5768431
1413394988.905761 9.0859375 -0.2648234 7.1663604 -0.7170233 0.3318090 -0.2248939 0.5702659
1413394989.005760 9.0095577 -0.3023329 7.1484900 -0.7139230 0.3349412 -0.2471905 0.5630500
1413394989.105761 8.9289093 -0.3465624 7.1313028 -0.7169536 0.3361473 -0.2612039 0.5520464
1413394989.305760 8.7518253 -0.4410782 7.1075954 -0.7245287 0.3409121 -0.2627007 0.5383544
1413394989.405761 8.6566439 -0.4913020 7.1007915 -0.7261295 0.3447886 -0.2540929 0.5378602
1413394989.505760 8.5601673 -0.5427837 7.0934701 -0.7271292 0.3473467 -0.2455596 0.5388265
1413394989.605761 8.4636326 -0.5965004 7.0793405 -0.7287428 0.3495198 -0.2363378 0.5393646
1413394989.705760 8.3681660 -0.6521387 7.0558228 -0.7325894 0.3479967 -0.2232954 0.5406943
1413394989.805760 8.2744198 -0.7097626 7.0233335 -0.7405450 0.3394031 -0.2016978 0.5437985
1413394990.155761 7.9967136 -0.9256268 6.8516941 -0.7972290 0.2159711 -0.1320487 0.5480381
1413394990.205760 7.9637794 -0.9559574 6.8203826 -0.8039813 0.1911719 -0.1235837 0.5493582
1413394990.255760 7.9320064 -0.9849782 6.7885256 -0.8101835 0.1649758 -0.1158032 0.5504320
1413394990.355761 7.8701444 -1.0392237 6.7266159 -0.8193882 0.1158056 -0.0983452 0.5527388
1413394990.705760 7.6582661 -1.1738453 6.5367079 -0.8336783 0.0378277 -0.0406858 0.5494491
1413394990.855761 7.5707626 -1.1961293 6.4701405 -0.8339341 0.0343804 -0.0344094 0.5497163
1413394990.905761 7.5421185 -1.1987653 6.4502163 -0.8338484 0.0344975 -0.0347628 0.5498167
1413394991.105761 7.4291744 -1.1881523 6.3814740 -0.8324752 0.0426467 -0.0375971 0.5511376
1413394991.305760 7.3205428 -1.1470318 6.3295183 -0.8289524 0.0653847 -0.0374316 0.5542216
1413394991.505760 7.2293110 -1.0808449 6.2891378 -0.8242344 0.1071329 -0.0573054 0.5530609
1413394991.655761 7.1763768 -1.0180049 6.2640686 -0.8158732 0.1413278 -0.0842641 0.5543256
1413394991.755760 7.1476059 -0.9709864 6.2512379 -0.8040546 0.1585387 -0.1068015 0.5629877
1413394992.055760 7.0672417 -0.8343487 6.2205510 -0.7753143 0.2035097 -0.1253607 0.5845992
1413394992.455760 7.0267563 -0.7268066 6.1877747 -0.7709438 0.2675837 -0.1635378 0.5543466
1413394992.855761 7.0465088 -0.6486979 6.1720753 -0.7521736 0.2973053 -0.2068341 0.5505127
1413394993.055760 7.0546579 -0.6158805 6.1456060 -0.7466298 0.3180194 -0.2051296 0.5471101
1413394993.755760 6.9975319 -0.6021981 6.0840921 -0.7557257 0.3086073 -0.2368685 0.5268145
1413394993.855761 6.9855175 -0.5898900 6.0605235 -0.7480923 0.3287179 -0.2360345 0.5259184
1413394994.005760 6.9734039 -0.5722485 6.0086675 -0.7299411 0.3701538 -0.2400650 0.5220546
1413394994.055760 6.9716272 -0.5679145 5.9906144 -0.7227409 0.3844075 -0.2442673 0.5198174
1413394994.105761 6.9705744 -0.5652533 5.9729471 -0.7160164 0.3973155 -0.2510190 0.5161883
1413394994.155761 6.9705896 -0.5642142 5.9582419 -0.7082345 0.4099065 -0.2589917 0.5131315
1413394994.305760 6.9780169 -0.5699692 5.9271221 -0.6874251 0.4419115 -0.2938297 0.4958074
1413394994.405761 6.9840736 -0.5818896 5.9144311 -0.6785775 0.4569955 -0.3216906 0.4766578
1413394994.705760 7.0003357 -0.5951643 5.9157443 -0.6607250 0.4755046 -0.3751712 0.4433785
1413394995.005760 6.9896536 -0.5571055 5.9567289 -0.6469837 0.4809977 -0.3787474 0.4545368
1413394995.105761 6.9776750 -0.5360608 5.9430552 -0.6414266 0.4878184 -0.3668108 0.4648172
1413394995.205760 6.9618459 -0.5150828 5.9082732 -0.6400347 0.4979771 -0.3488723 0.4697472
1413394995.305760 6.9462414 -0.4973159 5.8591909 -0.6489487 0.5048439 -0.3354081 0.4598910
1413394995.405761 6.9352193 -0.4832697 5.8074541 -0.6586048 0.5078957 -0.3284441 0.4476675
1413394995.505760 6.9322615 -0.4711971 5.7547970 -0.6643821 0.5073839 -0.3280470 0.4399355
1413394995.605761 6.9382133 -0.4585881 5.7022743 -0.6659279 0.5055449 -0.3308990 0.4375730
1413394995.705760 6.9537840 -0.4436808 5.6534624 -0.6609504 0.5005684 -0.3380481 0.4453082
1413394995.805760 6.9740014 -0.4280224 5.6117039 -0.6530365 0.4962483 -0.3445514 0.4566896
1413394995.905761 6.9948602 -0.4136910 5.5727501 -0.6473750 0.4943041 -0.3480383 0.4641535
1413394996.005760 7.0154037 -0.4023056 5.5172577 -0.6477340 0.4922671 -0.3553955 0.4602258
1413394996.105761 7.0235486 -0.3960700 5.5221062 -0.6413563 0.4876943 -0.3624854 0.4684238
1413394996.205760 7.0295892 -0.3944697 5.5004196 -0.6468557 0.4984595 -0.3427426 0.4643741
1413394996.305760 7.0405693 -0.3853979 5.4866276 -0.6458755 0.4804876 -0.3637281 0.4686985
1413394996.405761 7.0570898 -0.3823752 5.4701462 -0.6475950 0.4822578 -0.3611169 0.4665219
1413394996.505760 7.0741034 -0.3755922 5.4571934 -0.6511568 0.4812094 -0.3623151 0.4616927
1413394996.605761 7.0915661 -0.3691907 5.4427996 -0.6486370 0.4804463 -0.3631512 0.4653631
1413394996.705760 7.1114864 -0.3610358 5.4258394 -0.6498723 0.4814007 -0.3617168 0.4637676
1413394997.105761 7.2073288 -0.3173976 5.3490982 -0.6492257 0.4811829 -0.3615555 0.4650233
1413394997.505760 7.3329501 -0.2558231 5.2529912 -0.6494553 0.4812698 -0.3608666 0.4651479
1413394997.705760 7.4064589 -0.2183104 5.1977181 -0.6495384 0.4812278 -0.3606099 0.4652745
1413394998.005760 7.5303593 -0.1538348 5.1054039 -0.6495183 0.4813187 -0.3602943 0.4654530
1413394998.105761 7.5757208 -0.1300850 5.0722175 -0.6495294 0.4813019 -0.3601701 0.4655509
1413394998.205760 7.6231356 -0.1051865 5.0377216 -0.6494822 0.4812176 -0.3600844 0.4657701
1413394998.305760 7.6723170 -0.0793977 5.0018988 -0.6494584 0.4812158 -0.3599687 0.4658946
